Date,Model,Year,Region,Color,Fuel_Type,Transmission,Engine_Size_L,Mileage_KM,Price_USD,Sales_Volume,Sales_Classification
12/31/2016,5 Series,2016,Asia,Red,Petrol,Manual,3.5,151748,66441,7677,High
12/31/2013,i8,2013,North America,Red,Hybrid,Automatic,1.6,121671,113505,50,Low
12/31/2022,5 Series,2022,North America,Blue,Petrol,Automatic,4.5,10991,129518,5870,High
12/31/2024,X3,2024,Middle East,Blue,Petrol,Automatic,1.7,27255,110551,5799,High
12/31/2020,7 Series,2020,South America,Black,Diesel,Manual,2.1,122131,99940,1029,Low
12/31/2017,5 Series,2017,Middle East,Silver,Diesel,Manual,1.9,171362,57086,4682,Low
12/31/2022,i8,2022,Europe,White,Diesel,Manual,1.8,196741,125010,705,Low
12/31/2014,M5,2014,Asia,Black,Diesel,Automatic,1.6,121156,88704,1599,Low
12/31/2016,X3,2016,South America,White,Diesel,Automatic,1.7,48073,60094,6027,High
12/31/2019,i8,2019,Europe,White,Electric,Manual,3,35700,163883,255,Low
12/31/2012,3 Series,2012,Middle East,White,Electric,Manual,2.4,101595,53318,5248,High
12/31/2016,i8,2016,North America,Blue,Hybrid,Manual,1.9,116863,127171,50,Low
12/31/2020,7 Series,2020,North America,Silver,Diesel,Automatic,3.8,27403,139616,1375,Low
12/31/2020,5 Series,2020,Africa,White,Electric,Manual,2.3,163444,87775,4512,Low
12/31/2017,X1,2017,Asia,Black,Electric,Automatic,1.6,107918,61898,6970,High
12/31/2014,M3,2014,North America,Silver,Hybrid,Manual,3,154050,72751,2865,Low
12/31/2013,X5,2013,Asia,Blue,Electric,Manual,2.6,110142,73821,5061,High
12/31/2017,M5,2017,North America,Red,Diesel,Automatic,2.6,86900,109732,1724,Low
12/31/2017,5 Series,2017,North America,Silver,Electric,Manual,3.1,57843,95614,7026,High
12/31/2012,X5,2012,Africa,Blue,Electric,Manual,3.8,142243,71561,2333,Low
12/31/2015,X3,2015,North America,Red,Diesel,Automatic,3.7,123910,64350,8044,High
12/31/2014,X1,2014,Africa,White,Petrol,Manual,4.8,13568,70058,3847,Low
12/31/2011,M5,2011,Europe,Grey,Electric,Automatic,3.3,78042,114599,470,Low
12/31/2017,7 Series,2017,North America,Black,Petrol,Automatic,3.2,58288,122111,1101,Low
12/31/2021,X5,2021,South America,Red,Diesel,Manual,2.2,184981,72918,3641,Low
12/31/2023,X3,2023,Middle East,White,Electric,Automatic,4.1,194398,99039,6548,High
12/31/2015,M3,2015,Asia,Red,Hybrid,Manual,2,41514,94029,2495,Low
12/31/2011,X1,2011,North America,Black,Hybrid,Automatic,3.2,104742,45478,6668,High
12/31/2021,M5,2021,Asia,Red,Hybrid,Automatic,3,105162,148071,2297,Low
12/31/2014,M3,2014,Asia,White,Electric,Automatic,3.8,90282,100532,2589,Low
12/31/2010,i8,2010,South America,Black,Hybrid,Automatic,4.7,16020,143032,50,Low
12/31/2021,i8,2021,South America,Silver,Diesel,Manual,4.8,3188,168464,50,Low
12/31/2019,M5,2019,Asia,Red,Diesel,Manual,2.1,97294,108271,1956,Low
12/31/2015,i8,2015,Asia,White,Hybrid,Automatic,2.4,194395,112849,50,Low
12/31/2022,X1,2022,Middle East,Grey,Hybrid,Manual,4.3,143013,92180,5914,High
12/31/2021,M5,2021,South America,Grey,Petrol,Automatic,3.3,88342,138887,855,Low
12/31/2018,X3,2018,Middle East,White,Petrol,Manual,3.1,33370,85806,6076,High
12/31/2010,i8,2010,Middle East,Grey,Petrol,Automatic,4,98514,113846,50,Low
12/31/2020,M3,2020,Africa,Black,Petrol,Manual,3.6,82668,97528,1875,Low
12/31/2020,X5,2020,Middle East,White,Hybrid,Automatic,4.9,132299,119279,4035,Low
12/31/2024,i3,2024,Middle East,Red,Petrol,Automatic,3.5,135958,94461,4298,Low
12/31/2019,M5,2019,South America,White,Diesel,Manual,3.1,192690,94911,1150,Low
12/31/2021,X5,2021,Africa,Red,Diesel,Manual,3.4,99697,91142,492,Low
12/31/2021,X5,2021,Middle East,Black,Petrol,Automatic,4.3,44279,125297,4166,Low
12/31/2024,X5,2024,South America,Black,Hybrid,Manual,3.6,111661,125607,4195,Low
12/31/2023,i8,2023,Europe,Blue,Diesel,Automatic,3.8,78573,174959,162,Low
12/31/2023,i3,2023,North America,Silver,Petrol,Automatic,4.9,94453,111011,5382,High
12/31/2024,5 Series,2024,Asia,Blue,Electric,Manual,3.7,157789,110894,9198,High
12/31/2023,X6,2023,Africa,White,Hybrid,Automatic,2.8,84367,122116,3116,Low
12/31/2012,i3,2012,Asia,White,Hybrid,Manual,3.9,193905,44474,5090,High
12/31/2021,X3,2021,Asia,Silver,Hybrid,Automatic,3.8,57759,107614,15000,High
12/31/2016,M3,2016,Africa,Black,Hybrid,Manual,1.5,113832,69966,1471,Low
12/31/2013,i8,2013,Middle East,White,Petrol,Manual,3.1,42427,134806,50,Low
12/31/2018,i3,2018,South America,Red,Petrol,Manual,4.1,1428,90455,3023,Low
12/31/2012,i8,2012,Middle East,Red,Diesel,Automatic,3.2,110845,119222,50,Low
12/31/2014,M5,2014,South America,Red,Electric,Automatic,4.2,125379,114625,194,Low
12/31/2012,X5,2012,Middle East,Black,Petrol,Manual,3.1,107014,65690,3792,Low
12/31/2016,X6,2016,South America,Silver,Hybrid,Automatic,4.9,180186,93963,1944,Low
12/31/2014,M3,2014,Europe,Red,Electric,Manual,2.5,74474,85576,2391,Low
12/31/2018,3 Series,2018,Africa,Black,Electric,Manual,1.8,117061,71860,6434,High
12/31/2016,M3,2016,South America,Grey,Electric,Automatic,3,102675,90148,1367,Low
12/31/2011,X6,2011,Middle East,Blue,Diesel,Automatic,3.4,27706,87175,1728,Low
12/31/2013,i8,2013,South America,Black,Diesel,Manual,2.7,150761,101765,50,Low
12/31/2018,X6,2018,Asia,Red,Electric,Manual,2.3,10027,124894,4494,Low
12/31/2021,3 Series,2021,North America,Black,Hybrid,Automatic,3.9,87632,104211,9086,High
12/31/2023,3 Series,2023,Europe,Black,Electric,Manual,2.8,128295,100875,10762,High
12/31/2011,M3,2011,Asia,Red,Diesel,Automatic,3.7,40915,75282,2454,Low
12/31/2019,X3,2019,Asia,Silver,Electric,Automatic,4.2,88705,108867,9278,High
12/31/2018,7 Series,2018,Middle East,Blue,Petrol,Manual,4.2,94859,126695,529,Low
12/31/2019,3 Series,2019,South America,Silver,Hybrid,Manual,2.8,193021,64705,6478,High
12/31/2014,X6,2014,Europe,Grey,Diesel,Manual,3.5,178427,63576,3831,Low
12/31/2011,5 Series,2011,Middle East,Red,Hybrid,Automatic,3.1,139212,58955,3493,Low
12/31/2013,7 Series,2013,Asia,Red,Hybrid,Manual,4.5,144832,104929,667,Low
12/31/2021,i3,2021,South America,Red,Electric,Manual,4.6,107985,106173,3740,Low
12/31/2024,X1,2024,Europe,Red,Petrol,Automatic,2.7,24141,97145,8090,High
12/31/2021,i3,2021,North America,Silver,Electric,Automatic,1.8,112862,90587,5869,High
12/31/2016,X1,2016,Europe,Black,Petrol,Manual,2.1,37975,60344,7210,High
12/31/2021,X3,2021,North America,Grey,Electric,Manual,2.8,75480,98790,10301,High
12/31/2022,X3,2022,Middle East,Grey,Petrol,Manual,3.5,52217,102954,5584,High
12/31/2017,M3,2017,North America,Grey,Hybrid,Automatic,3.8,24291,118508,2486,Low
12/31/2024,M5,2024,North America,Black,Diesel,Manual,2.7,143885,137639,2261,Low
12/31/2012,7 Series,2012,South America,Silver,Petrol,Manual,3.8,93073,87160,50,Low
12/31/2023,7 Series,2023,North America,Grey,Diesel,Automatic,4.8,64153,144573,1366,Low
12/31/2010,X6,2010,Europe,Red,Hybrid,Manual,3.8,128477,71840,3123,Low
12/31/2013,i8,2013,Middle East,Grey,Petrol,Manual,2.1,119491,111822,50,Low
12/31/2011,M5,2011,North America,Grey,Hybrid,Automatic,3.5,94375,105282,791,Low
12/31/2017,M5,2017,South America,White,Petrol,Manual,3.4,190609,94243,927,Low
12/31/2013,X6,2013,South America,White,Hybrid,Manual,4.5,94915,91829,1500,Low
12/31/2011,i8,2011,Middle East,Grey,Diesel,Automatic,2.7,144698,98674,50,Low
12/31/2023,X3,2023,Europe,Red,Hybrid,Manual,3,12922,117346,8926,High
12/31/2015,i8,2015,Middle East,Black,Electric,Manual,3.6,46176,165406,50,Low
12/31/2015,X5,2015,Middle East,Black,Hybrid,Automatic,3.3,121271,84398,8865,High
12/31/2019,X3,2019,North America,Silver,Hybrid,Automatic,4,189804,77656,10345,High
12/31/2013,i3,2013,Africa,Black,Diesel,Manual,1.6,192509,25000,2412,Low
12/31/2015,i3,2015,Asia,Silver,Electric,Manual,3.5,68161,81083,5121,High
12/31/2022,X6,2022,Asia,White,Electric,Manual,1.9,182027,100476,5771,High
12/31/2024,X5,2024,Asia,Blue,Hybrid,Automatic,2.6,120597,123570,6804,High
12/31/2011,i8,2011,Europe,Red,Hybrid,Automatic,3.8,184765,108561,50,Low
12/31/2019,X5,2019,Africa,Blue,Electric,Manual,2.1,161177,85864,3322,Low
12/31/2021,X1,2021,Asia,Silver,Diesel,Manual,2.6,84621,72986,8046,High
12/31/2011,3 Series,2011,Middle East,Red,Hybrid,Automatic,4,22280,30893,5945,High
12/31/2019,M5,2019,Europe,Black,Diesel,Manual,3.8,127689,124248,1649,Low
12/31/2023,i3,2023,Africa,Grey,Hybrid,Manual,1.8,73990,90863,3930,Low
12/31/2013,M5,2013,Asia,Red,Diesel,Automatic,3.5,17838,118959,829,Low
12/31/2023,X1,2023,Middle East,Silver,Diesel,Manual,2,172729,59982,6189,High
12/31/2024,7 Series,2024,North America,Grey,Electric,Manual,2.4,80659,148139,1944,Low
12/31/2024,7 Series,2024,Africa,Blue,Diesel,Automatic,3.1,132686,126797,961,Low
12/31/2017,i8,2017,Asia,Grey,Petrol,Automatic,1.9,146940,115974,255,Low
12/31/2023,7 Series,2023,Europe,Red,Electric,Manual,5,50602,160633,1698,Low
12/31/2016,7 Series,2016,Africa,Grey,Petrol,Automatic,2.1,49521,105279,253,Low
12/31/2021,X3,2021,Africa,Blue,Electric,Automatic,4.2,169825,94250,5790,High
12/31/2018,i8,2018,Europe,Black,Petrol,Automatic,4.4,193467,131744,65,Low
12/31/2023,i3,2023,North America,Silver,Electric,Manual,5,190643,97571,5232,High
12/31/2017,7 Series,2017,Middle East,Grey,Petrol,Automatic,3,112754,105796,711,Low
12/31/2014,M3,2014,Middle East,Blue,Diesel,Manual,4.6,42711,98880,1138,Low
12/31/2022,i8,2022,South America,Grey,Diesel,Automatic,4.9,103105,158388,50,Low
12/31/2011,5 Series,2011,Europe,White,Petrol,Automatic,2.1,146963,37453,6365,High
12/31/2024,3 Series,2024,South America,Grey,Hybrid,Automatic,3.2,144152,93509,8039,High
12/31/2014,X6,2014,Europe,Blue,Diesel,Automatic,1.7,105592,67252,3764,Low
12/31/2017,X5,2017,South America,Grey,Petrol,Manual,3.7,31779,97242,2833,Low
12/31/2019,M5,2019,Asia,Blue,Petrol,Manual,3.5,154626,120981,1791,Low
12/31/2018,X6,2018,North America,Red,Diesel,Automatic,2.2,162862,76444,4404,Low
12/31/2021,3 Series,2021,Africa,Grey,Diesel,Manual,4.3,170208,73169,6456,High
12/31/2021,5 Series,2021,Asia,Blue,Electric,Manual,1.6,140059,93302,7566,High
12/31/2021,X3,2021,Middle East,Grey,Electric,Automatic,4.3,63050,122777,7052,High
12/31/2022,7 Series,2022,North America,Silver,Petrol,Automatic,1.6,123623,122312,1825,Low
12/31/2018,X5,2018,Middle East,Black,Petrol,Manual,3.8,159629,87469,3504,Low
12/31/2022,M3,2022,Asia,Blue,Diesel,Manual,1.8,189688,78691,4406,Low
12/31/2024,X6,2024,North America,White,Petrol,Manual,2.4,120004,113154,5479,High
12/31/2022,X3,2022,Asia,Black,Diesel,Manual,4,160878,86451,9289,High
12/31/2010,i8,2010,North America,White,Electric,Automatic,2.5,75457,118850,50,Low
12/31/2018,5 Series,2018,Middle East,Grey,Petrol,Automatic,3.3,45371,103216,4810,Low
12/31/2016,X5,2016,Europe,Silver,Petrol,Automatic,4.7,182118,79944,5468,High
12/31/2018,X6,2018,Europe,Silver,Hybrid,Manual,1.7,10316,114516,3864,Low
12/31/2017,X5,2017,South America,Red,Petrol,Automatic,4.3,169491,79570,3135,Low
12/31/2010,X6,2010,Africa,Silver,Petrol,Manual,1.7,176650,32869,1817,Low
12/31/2021,7 Series,2021,South America,Blue,Petrol,Automatic,1.9,68969,120125,999,Low
12/31/2017,X6,2017,South America,Red,Hybrid,Manual,1.9,111235,82908,2644,Low
12/31/2017,M5,2017,Asia,Blue,Diesel,Manual,5,51891,136693,2993,Low
12/31/2024,i3,2024,South America,White,Hybrid,Automatic,2.1,197241,79550,4997,Low
12/31/2020,i3,2020,South America,Grey,Hybrid,Automatic,4.6,47754,108175,3320,Low
12/31/2012,M5,2012,Europe,Black,Electric,Manual,5,86899,126455,449,Low
12/31/2010,M5,2010,South America,White,Diesel,Manual,2.8,121393,71842,209,Low
12/31/2017,i3,2017,North America,Silver,Hybrid,Manual,3.7,70038,85130,5016,High
12/31/2012,X5,2012,North America,White,Petrol,Automatic,4.2,172752,57699,4908,Low
12/31/2012,i3,2012,Africa,Blue,Petrol,Automatic,2.9,93629,42359,2093,Low
12/31/2010,3 Series,2010,Asia,Black,Petrol,Manual,2.1,107572,28858,10021,High
12/31/2020,3 Series,2020,North America,Silver,Hybrid,Automatic,3,158046,77394,9402,High
12/31/2014,X6,2014,Middle East,Black,Electric,Automatic,4.2,3374,118729,1612,Low
12/31/2019,5 Series,2019,South America,Red,Hybrid,Manual,4.2,132625,92042,4724,Low
12/31/2016,i3,2016,North America,Black,Petrol,Manual,2.3,91458,55077,5320,High
12/31/2019,M5,2019,Europe,Red,Hybrid,Automatic,2.1,252,150136,1474,Low
12/31/2018,7 Series,2018,Middle East,Black,Electric,Automatic,4.7,38502,158581,471,Low
12/31/2021,M3,2021,North America,Grey,Diesel,Manual,1.7,54226,98546,3387,Low
12/31/2016,X1,2016,Africa,Grey,Petrol,Manual,4.1,172950,46045,3667,Low
12/31/2018,3 Series,2018,Asia,White,Hybrid,Automatic,1.7,19899,88588,10382,High
12/31/2017,7 Series,2017,Europe,White,Petrol,Manual,4.4,185687,95568,1354,Low
12/31/2021,X1,2021,Africa,Red,Hybrid,Automatic,4.7,190652,78771,4295,Low
12/31/2011,5 Series,2011,Europe,Black,Diesel,Automatic,2.5,116859,43765,5509,High
12/31/2010,5 Series,2010,Europe,Red,Petrol,Manual,1.8,194101,25000,6900,High
12/31/2016,5 Series,2016,Europe,Silver,Petrol,Manual,3.2,167770,58865,6917,High
12/31/2016,X3,2016,South America,Blue,Diesel,Manual,2.5,143519,48115,5113,High
12/31/2023,M5,2023,Asia,Red,Electric,Manual,3,130509,149965,2373,Low
12/31/2017,3 Series,2017,Europe,Grey,Petrol,Manual,3.8,89365,72371,8091,High
12/31/2014,X3,2014,Middle East,Black,Petrol,Manual,2.2,80167,54742,5208,High
12/31/2012,5 Series,2012,Asia,Red,Diesel,Automatic,2.7,124260,48592,5983,High
12/31/2021,7 Series,2021,Europe,Black,Diesel,Automatic,4.2,83191,132527,1225,Low
12/31/2017,i8,2017,Middle East,Grey,Petrol,Manual,3.8,110899,148837,50,Low
12/31/2015,i3,2015,Middle East,Red,Diesel,Manual,2.6,67021,56899,3777,Low
12/31/2020,3 Series,2020,South America,Black,Electric,Automatic,3.8,55451,106596,6756,High
12/31/2012,7 Series,2012,North America,Silver,Hybrid,Automatic,4.2,178603,91312,731,Low
12/31/2010,i3,2010,Africa,Blue,Petrol,Manual,3.6,91061,36641,1967,Low
12/31/2012,X3,2012,North America,White,Diesel,Automatic,2.3,121703,38707,8491,High
12/31/2014,M5,2014,Africa,Red,Petrol,Manual,1.5,88800,85028,377,Low
12/31/2024,3 Series,2024,Africa,Grey,Electric,Manual,4.3,69653,117929,5494,High
12/31/2023,X5,2023,South America,Black,Diesel,Manual,4.4,183143,99405,4113,Low
12/31/2012,X1,2012,Europe,Silver,Electric,Manual,3.9,63716,63211,7366,High
12/31/2010,i3,2010,Africa,Blue,Diesel,Manual,1.8,120482,25000,2574,Low
12/31/2014,X1,2014,South America,Blue,Hybrid,Automatic,3.5,148268,48876,4617,Low
12/31/2019,3 Series,2019,Africa,Silver,Electric,Manual,4.4,33051,102519,4927,Low
12/31/2016,M5,2016,Asia,Silver,Diesel,Automatic,2.9,163812,94433,1850,Low
12/31/2024,3 Series,2024,South America,Blue,Hybrid,Automatic,2.2,69698,102605,6687,High
12/31/2023,X3,2023,South America,White,Petrol,Automatic,3.6,156141,87936,5854,High
12/31/2016,X5,2016,North America,Silver,Hybrid,Automatic,4.4,118309,100277,5045,High
12/31/2020,X6,2020,Europe,Silver,Diesel,Automatic,1.7,64180,97897,4775,Low
12/31/2018,i3,2018,Asia,Blue,Hybrid,Manual,3.6,198246,62640,6240,High
12/31/2024,X1,2024,Asia,Grey,Hybrid,Automatic,3.8,198285,85103,9607,High
12/31/2024,5 Series,2024,Middle East,Grey,Petrol,Manual,3.6,120789,113561,4653,Low
12/31/2019,5 Series,2019,Middle East,Black,Petrol,Automatic,3.8,178723,79966,4257,Low
12/31/2019,i8,2019,Middle East,Silver,Diesel,Manual,3.7,124371,148844,50,Low
12/31/2021,X3,2021,Europe,Blue,Hybrid,Manual,2,126258,79646,8265,High
12/31/2022,7 Series,2022,Middle East,Blue,Diesel,Automatic,2.3,126953,124750,1037,Low
12/31/2012,3 Series,2012,South America,Blue,Petrol,Manual,3.7,78678,51261,5694,High
12/31/2024,X1,2024,Middle East,Grey,Electric,Manual,1.6,190540,75822,6071,High
12/31/2016,X1,2016,Africa,Red,Petrol,Automatic,3.7,70187,65256,3925,Low
12/31/2010,X5,2010,Asia,White,Petrol,Automatic,3.8,35565,70564,5280,High
12/31/2013,3 Series,2013,South America,Black,Electric,Automatic,2.3,173100,42604,6394,High
12/31/2022,3 Series,2022,South America,Red,Electric,Automatic,3.6,68978,112575,6863,High
12/31/2013,i3,2013,Asia,Black,Petrol,Automatic,3.4,115144,51282,4818,Low
12/31/2023,3 Series,2023,Asia,Grey,Diesel,Manual,2.4,58991,94745,10348,High
12/31/2014,X1,2014,Europe,Blue,Hybrid,Manual,3.1,48040,68154,6147,High
12/31/2016,3 Series,2016,Europe,White,Electric,Automatic,4.7,149253,83098,9121,High
12/31/2016,X5,2016,Africa,White,Electric,Manual,3,146541,76531,7617,High
12/31/2022,X5,2022,Africa,White,Electric,Automatic,3.7,123227,117632,3572,Low
12/31/2024,i3,2024,Middle East,Blue,Diesel,Manual,1.6,17798,100835,3703,Low
12/31/2020,5 Series,2020,South America,Blue,Electric,Manual,1.8,18642,103682,4692,Low
12/31/2022,X3,2022,Africa,Black,Petrol,Manual,1.8,10590,98205,5056,High
12/31/2013,M5,2013,North America,Grey,Petrol,Manual,4.2,31068,112880,855,Low
12/31/2022,X3,2022,Europe,Black,Petrol,Manual,2.7,197678,67075,8006,High
12/31/2016,3 Series,2016,Africa,Black,Petrol,Automatic,2.3,189931,39221,4708,Low
12/31/2020,X5,2020,Europe,Blue,Diesel,Manual,4.1,127392,91753,5445,High
12/31/2012,X1,2012,Middle East,White,Electric,Automatic,2.1,180074,33889,5139,High
12/31/2015,3 Series,2015,Europe,Red,Hybrid,Manual,2.4,191042,45944,9353,High
12/31/2021,X1,2021,South America,Grey,Diesel,Automatic,3,37616,84066,4517,Low
12/31/2011,M3,2011,South America,White,Petrol,Automatic,2.7,75468,64383,994,Low
12/31/2019,M5,2019,Europe,Red,Petrol,Automatic,3.5,46076,138649,1175,Low
12/31/2022,X3,2022,North America,Grey,Electric,Manual,2.7,21607,119435,7893,High
12/31/2023,X3,2023,Asia,Blue,Petrol,Automatic,2.9,87564,95869,8167,High
12/31/2018,M3,2018,Asia,Silver,Electric,Manual,4.5,66023,124459,3198,Low
12/31/2014,X3,2014,South America,White,Hybrid,Manual,4.6,195047,55169,5400,High
12/31/2015,M3,2015,Africa,Blue,Diesel,Manual,4.4,152887,73014,1318,Low
12/31/2021,X3,2021,Asia,Grey,Hybrid,Manual,4.5,122956,99643,8270,High
12/31/2021,X6,2021,South America,Blue,Petrol,Automatic,3.5,27659,118728,2278,Low
12/31/2021,3 Series,2021,Asia,White,Hybrid,Manual,3.8,157700,85754,11870,High
12/31/2021,5 Series,2021,Asia,Black,Diesel,Automatic,3.5,133836,89698,7784,High
12/31/2013,3 Series,2013,Asia,Silver,Hybrid,Automatic,4.2,10678,85951,9278,High
12/31/2023,X1,2023,Asia,White,Hybrid,Automatic,3.4,84606,99659,9609,High
12/31/2023,X5,2023,Asia,Silver,Electric,Automatic,1.9,34635,133717,7576,High
12/31/2020,i8,2020,North America,Blue,Electric,Manual,4.3,191305,154153,537,Low
12/31/2019,X3,2019,Middle East,Grey,Electric,Manual,4.2,17934,118330,5391,High
12/31/2016,X1,2016,Middle East,Blue,Diesel,Automatic,4.4,157249,58445,4753,Low
12/31/2021,X1,2021,North America,Grey,Petrol,Automatic,2.2,184417,55021,7502,High
12/31/2018,7 Series,2018,Asia,Red,Hybrid,Manual,2.5,31798,126081,1760,Low
12/31/2016,i8,2016,North America,Blue,Hybrid,Manual,2.5,145112,197239,50,Low
12/31/2023,X1,2023,Asia,Silver,Petrol,Manual,3.3,66862,92768,7679,High
12/31/2010,i8,2010,South America,Red,Hybrid,Automatic,2,49903,112843,50,Low
12/31/2010,7 Series,2010,Asia,White,Petrol,Automatic,2.8,28668,88214,482,Low
12/31/2018,i8,2018,Asia,Red,Petrol,Manual,2.1,61031,135864,86,Low
12/31/2020,X6,2020,South America,Blue,Diesel,Automatic,2.4,135437,90542,2847,Low
12/31/2023,X5,2023,North America,Blue,Hybrid,Manual,4,83959,129929,7050,High
12/31/2018,7 Series,2018,Africa,Silver,Electric,Manual,4.5,198286,106852,1025,Low
12/31/2013,X6,2013,Asia,Red,Petrol,Automatic,1.6,74914,70469,3770,Low
12/31/2022,M5,2022,North America,Black,Petrol,Automatic,3.5,56293,143923,1956,Low
12/31/2018,X3,2018,Africa,Silver,Hybrid,Automatic,1.6,60574,80994,4707,Low
12/31/2012,X1,2012,North America,Black,Electric,Manual,1.8,80289,48971,6722,High
12/31/2016,M5,2016,North America,Silver,Electric,Automatic,4,67272,138587,1137,Low
12/31/2015,M5,2015,North America,White,Petrol,Manual,4.1,54534,127632,928,Low
12/31/2017,3 Series,2017,North America,Blue,Petrol,Manual,4.3,86002,79788,10322,High
12/31/2020,5 Series,2020,Europe,Blue,Diesel,Manual,3.2,165669,77644,6530,High
12/31/2018,X1,2018,Africa,White,Petrol,Automatic,4.5,104441,70527,4750,Low
12/31/2023,3 Series,2023,South America,White,Petrol,Automatic,2.1,190846,69160,6114,High
12/31/2014,M3,2014,Africa,Black,Hybrid,Manual,2.4,180096,62058,1344,Low
12/31/2010,X3,2010,North America,Black,Electric,Manual,2,191879,32275,9299,High
12/31/2012,X1,2012,Africa,White,Electric,Automatic,4.3,185093,47492,3440,Low
12/31/2019,i8,2019,Africa,Silver,Hybrid,Manual,2.3,187214,118665,441,Low
12/31/2021,3 Series,2021,South America,Black,Electric,Automatic,2,162323,74893,6546,High
12/31/2017,5 Series,2017,Europe,Silver,Electric,Manual,3.7,69712,96755,6398,High
12/31/2024,M3,2024,Africa,White,Hybrid,Manual,1.8,2655,126978,2561,Low
12/31/2020,X3,2020,Asia,Silver,Hybrid,Manual,1.7,66746,85714,10826,High
12/31/2015,i3,2015,Asia,Red,Diesel,Manual,1.9,90245,49877,5943,High
12/31/2017,7 Series,2017,North America,White,Hybrid,Manual,1.5,7334,129208,984,Low
12/31/2018,X1,2018,Asia,Black,Hybrid,Manual,3.9,13275,94100,9162,High
12/31/2013,X1,2013,South America,Blue,Hybrid,Manual,3.5,128136,48995,4262,Low
12/31/2010,X5,2010,Africa,Black,Diesel,Automatic,2.2,187108,27264,2678,Low
12/31/2023,X5,2023,South America,White,Diesel,Manual,2.3,162977,84066,620,Low
12/31/2010,7 Series,2010,South America,Black,Petrol,Manual,4.3,52940,89147,50,Low
12/31/2019,X1,2019,Europe,White,Hybrid,Automatic,3.3,106294,81999,7772,High
12/31/2013,i8,2013,Europe,Red,Diesel,Manual,3.9,106314,124019,50,Low
12/31/2021,M3,2021,Asia,Blue,Diesel,Automatic,3.1,139850,101079,3804,Low
12/31/2023,7 Series,2023,Asia,Blue,Diesel,Automatic,2.3,52061,137211,1624,Low
12/31/2016,X5,2016,North America,White,Petrol,Manual,4.9,88027,91766,6084,High
12/31/2011,3 Series,2011,Asia,Blue,Diesel,Automatic,3.5,196822,25000,10872,High
12/31/2012,M5,2012,Asia,Black,Electric,Automatic,2,65212,114564,834,Low
12/31/2010,X3,2010,Middle East,Red,Diesel,Automatic,2.9,35130,53811,5652,High
12/31/2014,M3,2014,Europe,Blue,Hybrid,Automatic,2.7,129742,74821,2521,Low
12/31/2010,X3,2010,South America,Blue,Electric,Automatic,2.2,73482,51173,4204,Low
12/31/2017,X5,2017,Africa,Silver,Petrol,Automatic,4.8,32268,109982,2893,Low
12/31/2010,X5,2010,North America,Grey,Diesel,Manual,4.6,53211,72073,4388,Low
12/31/2020,M3,2020,South America,Grey,Petrol,Manual,2.2,154481,78402,2319,Low
12/31/2010,7 Series,2010,South America,Silver,Hybrid,Manual,2.7,147526,68567,50,Low
12/31/2011,X1,2011,South America,Blue,Diesel,Manual,4.2,183658,25000,4399,Low
12/31/2011,i3,2011,North America,Grey,Electric,Automatic,2.2,131725,47482,4727,Low
12/31/2021,M5,2021,South America,Black,Electric,Manual,3.6,50949,149610,1302,Low
12/31/2015,i3,2015,Europe,Grey,Electric,Manual,3.9,20717,93849,4454,Low
12/31/2016,5 Series,2016,Middle East,Silver,Petrol,Manual,3.8,135036,75964,4722,Low
12/31/2014,M3,2014,Europe,White,Petrol,Manual,4,29746,88516,2497,Low
12/31/2010,M3,2010,Europe,Black,Hybrid,Manual,4,87426,76476,1737,Low
12/31/2010,M5,2010,Europe,Red,Diesel,Manual,4.9,28560,103016,610,Low
12/31/2012,X5,2012,North America,White,Diesel,Manual,2.7,68627,60172,5679,High
12/31/2023,3 Series,2023,Africa,Black,Petrol,Manual,4.6,95366,100238,5769,High
12/31/2011,i3,2011,Africa,White,Diesel,Manual,1.6,97680,25409,2608,Low
12/31/2014,X3,2014,Africa,Red,Diesel,Manual,2.5,198457,30737,4937,Low
12/31/2021,i3,2021,Europe,White,Hybrid,Automatic,1.7,129001,75840,6192,High
12/31/2019,X3,2019,South America,Red,Electric,Manual,3.8,171481,80283,5165,High
12/31/2015,i8,2015,Africa,Red,Diesel,Manual,1.9,60913,113779,50,Low
12/31/2016,i8,2016,Europe,Blue,Petrol,Manual,4.5,191604,128390,50,Low
12/31/2013,5 Series,2013,Asia,Blue,Hybrid,Automatic,3.8,45722,90549,5453,High
12/31/2016,M3,2016,Middle East,Blue,Electric,Manual,1.6,38412,99372,1592,Low
12/31/2020,3 Series,2020,South America,Grey,Diesel,Manual,4,175591,64519,6240,High
12/31/2017,M3,2017,North America,Silver,Petrol,Manual,4.5,164356,82349,3084,Low
12/31/2020,X6,2020,Asia,Black,Hybrid,Automatic,3.8,45712,124716,4922,Low
12/31/2010,X1,2010,Africa,Grey,Diesel,Automatic,1.6,100516,25000,3600,Low
12/31/2024,i3,2024,South America,White,Hybrid,Automatic,4.5,57231,121435,3710,Low
12/31/2015,M5,2015,Asia,White,Petrol,Automatic,4.1,95889,122180,1338,Low
12/31/2017,M5,2017,Middle East,Grey,Diesel,Automatic,2.8,55643,120451,745,Low
12/31/2014,i3,2014,South America,Grey,Diesel,Automatic,2.7,22417,64347,3061,Low
12/31/2013,M5,2013,Asia,Silver,Diesel,Automatic,3.2,193534,84881,1575,Low
12/31/2011,M3,2011,South America,Grey,Petrol,Manual,4.5,137855,62290,947,Low
12/31/2015,i8,2015,Asia,Black,Hybrid,Automatic,2.4,6365,157515,50,Low
12/31/2015,M3,2015,North America,Grey,Electric,Automatic,1.9,167647,72344,2918,Low
12/31/2020,3 Series,2020,Middle East,Red,Petrol,Manual,4.5,105037,86037,5919,High
12/31/2024,i3,2024,South America,Blue,Hybrid,Manual,1.6,128016,84577,4132,Low
12/31/2010,X6,2010,Europe,White,Hybrid,Manual,4.7,7762,92645,2743,Low
12/31/2018,X6,2018,South America,Grey,Diesel,Manual,2.6,40764,96801,2538,Low
12/31/2021,i3,2021,Europe,Silver,Hybrid,Automatic,3.3,24238,112088,5287,High
12/31/2020,M5,2020,Africa,Grey,Petrol,Automatic,2,195911,96116,1042,Low
12/31/2015,X3,2015,Middle East,Grey,Diesel,Automatic,4.7,134039,69383,14595,High
12/31/2022,3 Series,2022,Middle East,Silver,Petrol,Automatic,4.1,116572,91101,6048,High
12/31/2012,M3,2012,Europe,White,Diesel,Manual,4.7,194359,55536,2491,Low
12/31/2013,7 Series,2013,Africa,Red,Diesel,Manual,3.9,143864,82306,103,Low
12/31/2021,3 Series,2021,South America,Grey,Hybrid,Automatic,2.1,37246,97933,5613,High
12/31/2020,7 Series,2020,Asia,White,Petrol,Automatic,2.6,188234,98517,2016,Low
12/31/2013,i8,2013,Europe,White,Hybrid,Automatic,3.2,110079,130700,50,Low
12/31/2012,i3,2012,Middle East,Silver,Petrol,Automatic,3.6,53579,58300,2916,Low
12/31/2019,M5,2019,Asia,Blue,Hybrid,Automatic,4.7,164678,134115,2135,Low
12/31/2012,3 Series,2012,South America,Silver,Petrol,Manual,2.8,137794,31827,5242,High
12/31/2024,X1,2024,Europe,Grey,Diesel,Manual,4,87263,97746,9123,High
12/31/2012,i3,2012,Africa,Red,Diesel,Manual,4.9,86785,52262,2269,Low
12/31/2013,X3,2013,South America,Grey,Petrol,Manual,2,156944,32509,4824,Low
12/31/2016,M5,2016,Africa,White,Diesel,Automatic,4.5,39593,131037,50,Low
12/31/2013,X5,2013,Europe,White,Diesel,Automatic,3,162617,51550,5124,High
12/31/2018,i3,2018,Africa,Blue,Diesel,Manual,4.1,180348,58826,3183,Low
12/31/2010,X1,2010,Europe,Silver,Electric,Manual,2.5,97558,39275,7749,High
12/31/2017,3 Series,2017,Africa,Silver,Diesel,Manual,2.7,124960,54641,5232,High
12/31/2016,X6,2016,Europe,Black,Electric,Manual,1.6,28972,101749,4031,Low
12/31/2011,X5,2011,Europe,Blue,Petrol,Automatic,4.9,141616,63484,5672,High
12/31/2017,i3,2017,Asia,Black,Diesel,Manual,4.3,42089,82951,5409,High
12/31/2010,X5,2010,North America,Silver,Diesel,Manual,1.8,102510,43415,4916,Low
12/31/2020,X1,2020,Europe,Grey,Petrol,Automatic,5,64144,98225,8160,High
12/31/2021,5 Series,2021,North America,Blue,Hybrid,Automatic,3.6,166252,96862,7570,High
12/31/2018,X5,2018,Asia,Black,Petrol,Manual,4.5,106246,94723,5492,High
12/31/2018,X1,2018,Europe,Black,Petrol,Manual,1.7,25059,69662,7857,High
12/31/2011,M3,2011,Africa,White,Hybrid,Manual,2.9,49603,75994,696,Low
12/31/2016,i3,2016,Middle East,Black,Hybrid,Manual,3.8,134173,69465,2980,Low
12/31/2024,i3,2024,Asia,Red,Petrol,Manual,1.9,42153,95352,5796,High
12/31/2023,i3,2023,Europe,Grey,Hybrid,Automatic,3.2,136858,97595,5253,High
12/31/2019,X6,2019,Africa,Grey,Hybrid,Manual,3,199006,81327,3074,Low
12/31/2012,3 Series,2012,Africa,Red,Electric,Automatic,2.3,190156,38037,4953,Low
12/31/2016,X6,2016,Africa,Grey,Petrol,Automatic,2.6,160714,67913,2030,Low
12/31/2021,5 Series,2021,North America,White,Petrol,Manual,4.9,128242,103237,6120,High
12/31/2019,7 Series,2019,North America,Silver,Hybrid,Automatic,2.5,40052,134743,1539,Low
12/31/2018,i8,2018,Asia,Grey,Petrol,Manual,2.2,126505,122446,336,Low
12/31/2013,i8,2013,Middle East,Silver,Hybrid,Automatic,3.4,149450,121686,50,Low
12/31/2021,i8,2021,Africa,Black,Diesel,Manual,3.8,164473,134806,50,Low
12/31/2010,5 Series,2010,South America,Red,Electric,Automatic,4,9951,82234,2842,Low
12/31/2011,3 Series,2011,North America,Grey,Hybrid,Automatic,4.1,146359,50309,10263,High
12/31/2010,i8,2010,South America,Red,Diesel,Manual,1.6,76908,92882,50,Low
12/31/2023,X6,2023,South America,Grey,Petrol,Automatic,2.9,167411,103298,3457,Low
12/31/2021,X5,2021,Asia,Silver,Diesel,Manual,4.2,48241,114584,6954,High
12/31/2014,X3,2014,Middle East,White,Petrol,Automatic,4.7,95070,70322,5828,High
12/31/2014,7 Series,2014,North America,Silver,Electric,Automatic,3.6,182618,98350,895,Low
12/31/2020,X3,2020,South America,Silver,Hybrid,Automatic,1.7,158566,68915,7193,High
12/31/2016,i8,2016,South America,Red,Hybrid,Manual,2.9,32573,152533,50,Low
12/31/2018,X1,2018,Asia,Blue,Diesel,Automatic,1.8,138433,48182,9384,High
12/31/2018,7 Series,2018,North America,White,Diesel,Manual,4.1,30215,127123,1194,Low
12/31/2012,i8,2012,Europe,Blue,Electric,Manual,1.7,67114,126657,50,Low
12/31/2012,3 Series,2012,Europe,Blue,Diesel,Manual,2.2,154736,35755,8708,High
12/31/2012,5 Series,2012,Middle East,Blue,Electric,Automatic,3,121611,70910,3718,Low
12/31/2013,M3,2013,Middle East,White,Petrol,Manual,3.1,74067,74479,1477,Low
12/31/2017,X5,2017,Africa,Blue,Hybrid,Manual,2.9,110631,86280,2858,Low
12/31/2015,3 Series,2015,North America,Blue,Petrol,Automatic,3.1,187396,44753,8301,High
12/31/2017,i3,2017,South America,Grey,Petrol,Automatic,4,174519,58102,3306,Low
12/31/2010,X6,2010,North America,Blue,Petrol,Automatic,2.8,36327,74759,3586,Low
12/31/2017,3 Series,2017,South America,Silver,Electric,Manual,3.4,144332,97544,5677,High
12/31/2013,5 Series,2013,Middle East,Grey,Electric,Manual,2.6,163437,61170,3760,Low
12/31/2020,i8,2020,Asia,White,Hybrid,Manual,2.7,111872,150200,674,Low
12/31/2010,X1,2010,North America,Red,Hybrid,Manual,3.6,4768,59239,7376,High
12/31/2017,X3,2017,Europe,Red,Electric,Manual,3.2,84155,85213,8648,High
12/31/2013,X6,2013,South America,Red,Petrol,Manual,4,142408,68152,1878,Low
12/31/2015,X1,2015,Middle East,Silver,Hybrid,Automatic,3.5,117990,62263,5383,High
12/31/2017,M5,2017,South America,Silver,Diesel,Manual,4.3,57377,124152,544,Low
12/31/2013,i8,2013,Africa,Silver,Petrol,Manual,3.1,136263,107592,50,Low
12/31/2023,X1,2023,Europe,Silver,Diesel,Manual,3.2,112416,83522,8817,High
12/31/2012,3 Series,2012,North America,White,Hybrid,Manual,3.8,110051,56122,9359,High
12/31/2023,7 Series,2023,South America,Black,Electric,Manual,2.3,179767,126520,1531,Low
12/31/2018,X5,2018,Europe,Silver,Diesel,Manual,2.9,124134,80476,6408,High
12/31/2012,M5,2012,Europe,Black,Petrol,Automatic,3.7,124564,96137,993,Low
12/31/2018,X5,2018,Africa,Black,Electric,Manual,1.6,6634,104780,3575,Low
12/31/2022,i3,2022,North America,Black,Hybrid,Automatic,3,81603,99121,5025,High
12/31/2011,X6,2011,Africa,Red,Hybrid,Automatic,3.6,97667,77743,1180,Low
12/31/2023,7 Series,2023,Europe,Black,Diesel,Manual,4.9,109291,140845,1790,Low
12/31/2011,M3,2011,Middle East,Black,Diesel,Automatic,4.6,106672,74627,1106,Low
12/31/2011,M5,2011,Africa,Red,Petrol,Automatic,2.5,41594,93911,50,Low
12/31/2015,i3,2015,Asia,White,Hybrid,Manual,3.3,95364,70501,4607,Low
12/31/2012,M5,2012,Middle East,Red,Diesel,Manual,1.7,71227,85987,435,Low
12/31/2022,X1,2022,South America,Black,Petrol,Automatic,2.3,26767,86141,4491,Low
12/31/2018,i3,2018,Africa,White,Hybrid,Automatic,4.2,27979,95354,2686,Low
12/31/2013,M5,2013,Asia,White,Petrol,Automatic,1.9,170073,82404,1508,Low
12/31/2010,X5,2010,Africa,White,Hybrid,Automatic,2.4,23577,69648,2486,Low
12/31/2013,3 Series,2013,South America,Blue,Electric,Automatic,4.8,121155,72025,5165,High
12/31/2010,X1,2010,North America,Black,Diesel,Manual,4.4,148730,28404,6520,High
12/31/2023,M3,2023,South America,Grey,Hybrid,Manual,4.2,80410,125089,2130,Low
12/31/2014,X3,2014,South America,Silver,Petrol,Manual,4.5,35380,77856,4955,Low
12/31/2013,X6,2013,South America,White,Electric,Manual,4.1,183126,79785,1845,Low
12/31/2017,X5,2017,Europe,Silver,Electric,Automatic,1.9,5204,113411,5261,High
12/31/2017,X5,2017,South America,Black,Hybrid,Manual,3.3,42159,101573,2819,Low
12/31/2016,X3,2016,Asia,Grey,Petrol,Automatic,3.1,143652,58173,9823,High
12/31/2012,X6,2012,South America,Grey,Diesel,Manual,2.6,186337,42378,2149,Low
12/31/2010,i3,2010,Asia,White,Petrol,Manual,4.4,25644,56187,4478,Low
12/31/2010,5 Series,2010,Africa,Grey,Electric,Manual,3.1,127690,53558,2984,Low
12/31/2021,5 Series,2021,Asia,White,Electric,Manual,1.7,21122,118362,8779,High
12/31/2020,i8,2020,South America,White,Hybrid,Automatic,2.5,59781,152898,173,Low
12/31/2012,i3,2012,Europe,Black,Hybrid,Automatic,2.3,183685,35112,5133,High
12/31/2015,7 Series,2015,Europe,Grey,Diesel,Manual,4.6,126540,103644,804,Low
12/31/2016,7 Series,2016,Africa,Red,Diesel,Manual,3.8,92316,97783,317,Low
12/31/2015,X3,2015,Asia,Grey,Diesel,Manual,3.5,6304,79652,7638,High
12/31/2023,X6,2023,Europe,White,Hybrid,Automatic,3.3,54800,142308,4685,Low
12/31/2023,X5,2023,South America,Grey,Petrol,Manual,3.8,51128,114982,3796,Low
12/31/2015,i8,2015,Middle East,Silver,Electric,Automatic,4.1,86794,155317,50,Low
12/31/2015,X1,2015,Africa,Silver,Hybrid,Automatic,3.4,15994,81372,4079,Low
12/31/2022,i8,2022,Africa,Black,Diesel,Manual,4.8,89921,157027,50,Low
12/31/2012,X3,2012,Middle East,Silver,Hybrid,Automatic,4.9,110369,74670,5334,High
12/31/2015,3 Series,2015,Africa,Red,Electric,Automatic,5,69854,86797,4931,Low
12/31/2017,X3,2017,North America,Silver,Petrol,Manual,3.8,113551,69450,7544,High
12/31/2020,3 Series,2020,Middle East,Red,Petrol,Automatic,4.8,159467,87848,6054,High
12/31/2020,M3,2020,North America,Red,Hybrid,Automatic,2.9,180136,94283,3898,Low
12/31/2011,X6,2011,North America,Black,Diesel,Automatic,4.5,109348,74587,3754,Low
12/31/2014,i8,2014,Middle East,White,Diesel,Manual,4.7,144533,124940,50,Low
12/31/2023,X6,2023,Asia,Red,Diesel,Manual,4.7,32173,131641,4481,Low
12/31/2010,5 Series,2010,Africa,Black,Diesel,Automatic,4.4,102278,53078,3189,Low
12/31/2021,M3,2021,Middle East,White,Hybrid,Manual,2.9,162609,151935,1686,Low
12/31/2024,M5,2024,Middle East,White,Hybrid,Automatic,2.1,43892,166857,1583,Low
12/31/2010,7 Series,2010,Africa,Blue,Diesel,Automatic,2.7,185870,51501,145,Low
12/31/2014,5 Series,2014,South America,Black,Diesel,Automatic,4.2,134531,67238,3391,Low
12/31/2021,5 Series,2021,North America,Blue,Hybrid,Manual,2.3,194391,82033,6964,High
12/31/2022,3 Series,2022,Middle East,Silver,Hybrid,Automatic,3.2,118028,94623,8013,High
12/31/2012,i3,2012,Middle East,Red,Diesel,Manual,3.5,155164,36215,3167,Low
12/31/2013,i3,2013,North America,Red,Electric,Automatic,3.6,167951,59929,4997,Low
12/31/2012,3 Series,2012,South America,Red,Hybrid,Manual,4.8,135680,58273,4887,Low
12/31/2010,M3,2010,Middle East,Grey,Petrol,Manual,3.8,20833,74829,966,Low
12/31/2010,X5,2010,Africa,Black,Diesel,Automatic,4.3,169423,46609,2613,Low
12/31/2021,M5,2021,North America,Silver,Diesel,Manual,3.5,52191,135038,1623,Low
12/31/2021,5 Series,2021,Europe,Black,Electric,Automatic,4.4,82062,123579,6055,High
12/31/2023,5 Series,2023,South America,Red,Petrol,Manual,2.4,181200,82429,910,Low
12/31/2022,X1,2022,Africa,Blue,Hybrid,Automatic,2.2,16720,97192,4671,Low
12/31/2023,M3,2023,North America,Silver,Hybrid,Manual,4.7,26402,148607,2996,Low
12/31/2014,i3,2014,South America,Red,Diesel,Manual,3.9,185012,39033,2848,Low
12/31/2015,i8,2015,Europe,Grey,Electric,Automatic,3.9,137116,135294,50,Low
12/31/2012,M3,2012,Europe,Red,Electric,Automatic,3.1,125303,77904,1920,Low
12/31/2021,M3,2021,South America,Grey,Diesel,Automatic,2.8,72907,104080,2022,Low
12/31/2018,5 Series,2018,South America,Blue,Diesel,Manual,3.4,96313,75919,4697,Low
12/31/2014,X6,2014,Asia,Black,Electric,Manual,1.9,114324,85203,3993,Low
12/31/2017,X3,2017,Europe,Red,Electric,Automatic,3.1,37926,100306,7014,High
12/31/2022,X3,2022,South America,Blue,Diesel,Automatic,3.1,1536,110749,5220,High
12/31/2010,i8,2010,North America,Blue,Hybrid,Automatic,3.4,58700,128103,50,Low
12/31/2023,7 Series,2023,South America,Grey,Diesel,Manual,3.7,33111,136394,1064,Low
12/31/2014,3 Series,2014,Middle East,Grey,Diesel,Manual,4.9,154711,53775,7086,High
12/31/2024,i8,2024,Africa,White,Petrol,Manual,3.8,145740,160234,114,Low
12/31/2012,X6,2012,Africa,Black,Hybrid,Manual,4.6,17763,103112,1140,Low
12/31/2021,i8,2021,South America,Grey,Diesel,Automatic,3.4,158596,133744,153,Low
12/31/2010,X1,2010,Africa,Red,Electric,Automatic,3.7,70582,51385,2916,Low
12/31/2013,5 Series,2013,Africa,Grey,Petrol,Manual,1.7,164685,36996,3601,Low
12/31/2024,M5,2024,South America,Blue,Petrol,Manual,2,32207,146894,1218,Low
12/31/2022,i8,2022,Middle East,Black,Hybrid,Manual,3.5,36421,180342,174,Low
12/31/2014,M5,2014,Africa,Blue,Petrol,Automatic,2.9,109953,96531,235,Low
12/31/2016,3 Series,2016,Africa,Silver,Hybrid,Manual,4.3,45420,81803,5097,High
12/31/2010,7 Series,2010,South America,Blue,Hybrid,Automatic,3.4,169022,72374,50,Low
12/31/2012,X3,2012,South America,Red,Diesel,Automatic,4.6,71247,62497,4814,Low
12/31/2011,X1,2011,Asia,Grey,Electric,Automatic,4.9,133987,56927,775,Low
12/31/2018,X5,2018,Africa,Silver,Diesel,Manual,2,54511,83259,3595,Low
12/31/2019,X1,2019,Asia,Black,Electric,Manual,2.9,190036,63357,8333,High
12/31/2024,X6,2024,Middle East,White,Electric,Manual,3.8,11344,165483,3069,Low
12/31/2015,M5,2015,Middle East,Grey,Petrol,Automatic,2.6,166487,100390,690,Low
12/31/2019,5 Series,2019,Middle East,Silver,Petrol,Automatic,2.4,121797,39614,6046,High
12/31/2012,M5,2012,Asia,Grey,Hybrid,Automatic,4.3,124001,110848,956,Low
12/31/2017,i3,2017,Europe,Grey,Diesel,Automatic,4.9,40442,89228,4644,Low
12/31/2023,i3,2023,Middle East,Black,Electric,Manual,4.2,2005,134470,3614,Low
12/31/2017,7 Series,2017,North America,Black,Hybrid,Manual,3.3,194029,102056,1144,Low
12/31/2011,X6,2011,South America,Blue,Petrol,Manual,3,169730,49808,2230,Low
12/31/2024,X5,2024,Europe,Blue,Petrol,Manual,3.4,82598,116158,5887,High
12/31/2015,i8,2015,South America,Red,Petrol,Automatic,3.1,182742,104473,50,Low
12/31/2016,X3,2016,South America,Red,Hybrid,Automatic,3.3,26890,94316,4979,Low
12/31/2011,X3,2011,Middle East,Grey,Hybrid,Automatic,2.2,59103,60575,4614,Low
12/31/2024,X3,2024,Europe,Red,Electric,Manual,4.7,1390,146463,8941,High
12/31/2020,i8,2020,North America,Red,Diesel,Automatic,4.1,5405,167906,50,Low
12/31/2019,3 Series,2019,South America,Black,Hybrid,Manual,3.9,42467,92456,5883,High
12/31/2011,X6,2011,Africa,White,Diesel,Manual,4.8,35394,80084,1158,Low
12/31/2019,X5,2019,Europe,Blue,Hybrid,Manual,2.5,36527,111455,5460,High
12/31/2010,i3,2010,Europe,Red,Petrol,Automatic,1.8,126567,25000,3982,Low
12/31/2017,3 Series,2017,North America,Red,Electric,Automatic,4.4,3879,112100,8798,High
12/31/2010,X1,2010,Africa,Black,Diesel,Automatic,5,37731,53440,3355,Low
12/31/2018,X5,2018,Europe,Blue,Petrol,Manual,3.5,31445,104117,6240,High
12/31/2020,3 Series,2020,South America,Silver,Diesel,Automatic,1.7,176625,50200,6125,High
12/31/2015,3 Series,2015,North America,White,Hybrid,Automatic,4.2,154571,70634,8654,High
12/31/2016,5 Series,2016,North America,White,Electric,Manual,1.8,28199,92158,5667,High
12/31/2022,7 Series,2022,Asia,Black,Electric,Manual,3.4,157901,127939,2530,Low
12/31/2019,X3,2019,Africa,Black,Hybrid,Automatic,2.5,114886,80480,5012,High
12/31/2016,X6,2016,Europe,Black,Petrol,Manual,4.7,10561,107119,4007,Low
12/31/2019,M3,2019,Africa,White,Hybrid,Automatic,3.1,108903,105513,1821,Low
12/31/2012,i8,2012,Middle East,Red,Electric,Automatic,4.6,144778,141047,50,Low
12/31/2011,i8,2011,North America,Silver,Diesel,Automatic,2.5,129520,98955,50,Low
12/31/2018,7 Series,2018,Europe,Silver,Hybrid,Manual,2.9,16841,134613,1243,Low
12/31/2017,M3,2017,Africa,Silver,Hybrid,Manual,4.8,183782,85893,1504,Low
12/31/2022,7 Series,2022,North America,Grey,Electric,Automatic,2.2,91013,141848,2185,Low
12/31/2021,7 Series,2021,Africa,Silver,Diesel,Manual,3.5,175240,100514,1055,Low
12/31/2019,i8,2019,North America,White,Petrol,Automatic,2.9,122500,141507,105,Low
12/31/2016,7 Series,2016,Middle East,Silver,Hybrid,Automatic,4.2,179716,115662,360,Low
12/31/2018,7 Series,2018,Africa,Red,Electric,Automatic,2,176437,102871,918,Low
12/31/2013,X3,2013,Africa,Black,Electric,Automatic,3,159170,57045,3639,Low
12/31/2022,7 Series,2022,North America,Grey,Electric,Automatic,3.9,166155,135714,1856,Low
12/31/2013,M5,2013,Africa,Grey,Hybrid,Manual,2.9,33669,114429,50,Low
12/31/2010,7 Series,2010,North America,White,Petrol,Manual,1.7,56052,79622,558,Low
12/31/2017,X6,2017,Africa,White,Electric,Automatic,4,53449,123386,1286,Low
12/31/2023,i8,2023,Africa,Black,Hybrid,Automatic,3.3,123239,161955,435,Low
12/31/2023,X5,2023,North America,Grey,Diesel,Automatic,1.5,56918,101822,7141,High
12/31/2021,3 Series,2021,South America,Silver,Electric,Manual,3.6,99440,100619,5913,High
12/31/2012,i3,2012,Asia,Black,Petrol,Automatic,4.7,192413,40994,5049,High
12/31/2016,X3,2016,South America,Red,Electric,Automatic,1.9,136356,67076,5829,High
12/31/2024,X6,2024,Europe,Silver,Hybrid,Manual,3.6,131579,121898,5436,High
12/31/2021,X6,2021,Africa,Grey,Petrol,Automatic,4.1,192233,99219,2296,Low
12/31/2011,M3,2011,North America,Red,Electric,Automatic,1.7,119960,63250,2083,Low
12/31/2011,X6,2011,North America,White,Electric,Automatic,1.6,129451,68438,3460,Low
12/31/2016,X5,2016,Africa,Grey,Diesel,Automatic,3.1,13371,86987,3060,Low
12/31/2024,X5,2024,Middle East,White,Hybrid,Automatic,4.3,78733,146019,5244,High
12/31/2015,X1,2015,Asia,Grey,Diesel,Automatic,2.1,199235,26773,9249,High
12/31/2012,i3,2012,Asia,Grey,Electric,Manual,4.4,25251,39792,5279,High
12/31/2018,X5,2018,Middle East,Red,Electric,Manual,3.8,50183,112981,3783,Low
12/31/2019,X5,2019,Middle East,Red,Hybrid,Manual,2.7,148760,94830,4887,Low
12/31/2024,X5,2024,Africa,White,Petrol,Manual,3.3,93603,110606,3606,Low
12/31/2023,M5,2023,South America,Silver,Diesel,Manual,4.9,140914,137605,1117,Low
12/31/2022,3 Series,2022,Asia,Blue,Electric,Automatic,2.3,34532,112234,9322,High
12/31/2015,i8,2015,Middle East,Grey,Electric,Automatic,3.2,82478,146441,50,Low
12/31/2019,i3,2019,Middle East,Grey,Diesel,Manual,3.7,183985,63224,3681,Low
12/31/2019,X5,2019,Asia,Red,Electric,Automatic,2,15812,115920,6700,High
12/31/2015,3 Series,2015,North America,Blue,Electric,Automatic,1.7,25425,79805,9664,High
12/31/2010,X3,2010,North America,Red,Electric,Automatic,1.5,40927,55565,7213,High
12/31/2013,M5,2013,Africa,Blue,Petrol,Automatic,2.6,133161,82885,335,Low
12/31/2019,5 Series,2019,Africa,Grey,Diesel,Manual,1.8,194310,52972,3659,Low
12/31/2015,X1,2015,North America,Silver,Diesel,Manual,4.3,90089,59988,8335,High
12/31/2024,5 Series,2024,Europe,Red,Electric,Automatic,5,40963,151884,6539,High
12/31/2015,3 Series,2015,Europe,Silver,Electric,Automatic,1.7,110901,62893,7977,High
12/31/2020,i8,2020,Europe,Red,Diesel,Manual,3,93800,143519,199,Low
12/31/2021,X6,2021,Asia,Red,Hybrid,Manual,1.6,13086,127842,4695,Low
12/31/2014,X3,2014,Europe,Red,Electric,Automatic,2,37967,78812,7255,High
12/31/2010,X5,2010,North America,Black,Petrol,Automatic,2.6,14396,67721,5460,High
12/31/2017,X6,2017,North America,Silver,Hybrid,Manual,2.9,117113,91677,4351,Low
12/31/2014,5 Series,2014,Africa,White,Electric,Automatic,4.8,58754,101253,3092,Low
12/31/2021,X6,2021,Asia,White,Hybrid,Automatic,2.9,9134,137378,4099,Low
12/31/2021,M5,2021,North America,Black,Electric,Automatic,3.2,130480,137514,2141,Low
12/31/2021,X3,2021,Europe,Silver,Electric,Automatic,2.4,64002,102361,9618,High
12/31/2014,X5,2014,Middle East,Silver,Hybrid,Automatic,1.5,149506,67789,3942,Low
12/31/2016,i3,2016,Europe,Silver,Hybrid,Manual,4.6,33244,96353,3760,Low
12/31/2013,X1,2013,Africa,Grey,Diesel,Automatic,1.8,105554,30935,4136,Low
12/31/2015,M3,2015,Africa,Black,Hybrid,Automatic,4.9,179971,87096,906,Low
12/31/2022,3 Series,2022,Africa,White,Electric,Manual,2,28730,103947,5129,High
12/31/2013,i8,2013,Middle East,Grey,Diesel,Automatic,3.6,39970,139450,50,Low
12/31/2023,M5,2023,Europe,Grey,Hybrid,Automatic,5,16692,179182,1759,Low
12/31/2024,X5,2024,Europe,Black,Electric,Automatic,2,9615,141157,7078,High
12/31/2012,3 Series,2012,South America,Red,Hybrid,Automatic,3,122231,50351,5543,High
12/31/2016,M3,2016,South America,White,Diesel,Automatic,4.2,158898,74217,1442,Low
12/31/2017,X3,2017,Asia,Silver,Diesel,Automatic,1.6,149657,50579,10581,High
12/31/2013,7 Series,2013,Middle East,Red,Petrol,Manual,3.9,119461,97823,189,Low
12/31/2022,7 Series,2022,Africa,Black,Electric,Manual,1.8,106864,123358,1338,Low
12/31/2011,X1,2011,South America,Blue,Hybrid,Manual,2.3,191856,25000,5050,High
12/31/2021,7 Series,2021,Europe,Blue,Diesel,Manual,2.1,138657,106050,1843,Low
12/31/2019,3 Series,2019,South America,Red,Diesel,Manual,4.7,188658,62475,9875,High
12/31/2023,7 Series,2023,Africa,Red,Diesel,Automatic,2.1,117012,112354,1270,Low
12/31/2012,X3,2012,Middle East,White,Hybrid,Manual,1.6,123560,45416,6312,High
12/31/2010,X6,2010,Middle East,Black,Petrol,Automatic,3.6,3514,83664,1542,Low
12/31/2017,i8,2017,North America,Silver,Petrol,Automatic,2.7,177410,122506,102,Low
12/31/2024,i3,2024,North America,Black,Diesel,Manual,2.9,108780,94455,5345,High
12/31/2012,5 Series,2012,Africa,Blue,Electric,Automatic,1.9,117047,58371,3506,Low
12/31/2021,X6,2021,Europe,White,Hybrid,Manual,4.1,57533,131851,4824,Low
12/31/2019,X6,2019,Middle East,Blue,Electric,Automatic,3.6,179601,45630,3862,Low
12/31/2016,i3,2016,North America,Grey,Petrol,Manual,2.8,107224,59005,4479,Low
12/31/2019,X6,2019,South America,Red,Electric,Manual,2.1,111839,100108,2657,Low
12/31/2014,X1,2014,Middle East,Black,Petrol,Manual,3.6,136787,46159,4508,Low
12/31/2019,5 Series,2019,Middle East,Blue,Hybrid,Automatic,4.2,98318,113713,5209,High
12/31/2014,i3,2014,South America,Blue,Petrol,Manual,2.6,85185,29221,3320,Low
12/31/2023,M5,2023,South America,Black,Hybrid,Manual,1.6,172797,123553,2114,Low
12/31/2016,i8,2016,Middle East,White,Electric,Automatic,2.3,110324,145258,50,Low
12/31/2024,3 Series,2024,Africa,Red,Diesel,Automatic,3.9,29725,108185,5706,High
12/31/2018,X3,2018,South America,Red,Petrol,Automatic,5,61899,90685,4888,Low
12/31/2021,M3,2021,Africa,Blue,Petrol,Automatic,1.5,11430,107860,1726,Low
12/31/2014,3 Series,2014,Africa,Blue,Electric,Automatic,2.6,197439,46755,4708,Low
12/31/2010,5 Series,2010,Africa,Grey,Diesel,Manual,1.7,195818,25000,3646,Low
12/31/2019,X3,2019,Asia,Grey,Diesel,Manual,2.6,85688,77870,8711,High
12/31/2019,X5,2019,North America,Silver,Electric,Automatic,2.9,20462,120790,6506,High
12/31/2010,X3,2010,Middle East,Red,Diesel,Automatic,4.7,10558,68923,4833,Low
12/31/2024,X3,2024,Europe,Black,Diesel,Manual,1.8,185671,74163,8369,High
12/31/2011,i3,2011,Middle East,Silver,Electric,Automatic,4.2,172246,54681,2646,Low
12/31/2023,7 Series,2023,North America,Black,Electric,Automatic,2.9,183830,132700,2379,Low
12/31/2015,7 Series,2015,Africa,White,Electric,Manual,4.3,122871,110170,50,Low
12/31/2018,X3,2018,Africa,Black,Petrol,Manual,3.3,158539,62518,4851,Low
12/31/2017,3 Series,2017,Europe,Black,Diesel,Automatic,1.6,153861,45029,9266,High
12/31/2022,X1,2022,North America,Silver,Diesel,Manual,4.8,142009,78762,7425,High
12/31/2014,X3,2014,Africa,Red,Diesel,Automatic,1.8,116237,43155,4274,Low
12/31/2010,X1,2010,Europe,Blue,Petrol,Automatic,3.6,126235,29644,6519,High
12/31/2022,M5,2022,Middle East,Blue,Petrol,Automatic,4.6,53187,162103,960,Low
12/31/2016,M3,2016,North America,Blue,Hybrid,Automatic,1.8,195192,72145,2817,Low
12/31/2024,7 Series,2024,Asia,Red,Hybrid,Automatic,3.4,83608,154608,2190,Low
12/31/2014,7 Series,2014,South America,Red,Hybrid,Automatic,4.4,69018,120266,50,Low
12/31/2015,i8,2015,Middle East,White,Hybrid,Automatic,5,123323,148660,50,Low
12/31/2022,i3,2022,South America,White,Diesel,Manual,4,136323,79609,3719,Low
12/31/2016,M5,2016,North America,White,Petrol,Manual,2.5,145948,99473,1571,Low
12/31/2012,X3,2012,Middle East,Silver,Diesel,Manual,3.9,186088,38161,6541,High
12/31/2021,X6,2021,Africa,White,Diesel,Automatic,4,60014,117935,2259,Low
12/31/2019,i8,2019,Europe,Red,Electric,Manual,3.9,128625,155079,371,Low
12/31/2012,5 Series,2012,Europe,Black,Electric,Manual,4.5,36826,89175,6385,High
12/31/2014,i3,2014,Asia,Black,Diesel,Manual,1.8,190726,25173,4866,Low
12/31/2015,M5,2015,South America,Silver,Petrol,Automatic,1.9,32159,103814,450,Low
12/31/2018,3 Series,2018,Africa,Red,Electric,Manual,3.7,27967,102524,5203,High
12/31/2022,X3,2022,Europe,Silver,Hybrid,Automatic,4.8,165231,102288,9358,High
12/31/2023,3 Series,2023,Asia,Red,Diesel,Manual,3.1,39466,97090,11290,High
12/31/2021,M5,2021,Asia,White,Electric,Manual,4.9,78179,162310,2041,Low
12/31/2014,X5,2014,Europe,Grey,Hybrid,Manual,4.8,187195,79056,5781,High
12/31/2024,X1,2024,South America,Silver,Petrol,Manual,4.7,160411,87545,4948,Low
12/31/2010,i8,2010,Europe,White,Petrol,Automatic,4.7,165927,109967,50,Low
12/31/2023,X1,2023,Africa,White,Hybrid,Automatic,4.6,136514,93786,5014,High
12/31/2023,M3,2023,Africa,White,Electric,Manual,4.4,35796,143956,1617,Low
12/31/2023,X3,2023,North America,Blue,Hybrid,Automatic,3.9,162596,104049,10132,High
12/31/2013,X1,2013,Middle East,Silver,Electric,Automatic,1.6,78178,53483,5345,High
12/31/2014,5 Series,2014,North America,Grey,Hybrid,Automatic,2,102714,68180,5608,High
12/31/2021,M3,2021,Africa,White,Hybrid,Manual,2,1811,120365,410,Low
12/31/2019,i3,2019,South America,White,Electric,Manual,1.6,151998,67648,4180,Low
12/31/2019,5 Series,2019,Africa,White,Electric,Automatic,1.9,142024,85063,4717,Low
12/31/2014,X5,2014,Asia,White,Diesel,Automatic,4.7,106658,77669,5034,High
12/31/2016,X6,2016,Middle East,Red,Petrol,Automatic,3.8,151865,86354,2486,Low
12/31/2013,i8,2013,Asia,Black,Diesel,Manual,2.6,121993,111886,50,Low
12/31/2010,M3,2010,South America,Blue,Petrol,Automatic,4.3,191728,48317,982,Low
12/31/2023,M5,2023,Middle East,Grey,Electric,Automatic,3.2,177722,151159,1429,Low
12/31/2023,X5,2023,Africa,Red,Diesel,Automatic,2,74612,100459,3359,Low
12/31/2014,M3,2014,Asia,Grey,Electric,Automatic,4.6,133780,98232,2284,Low
12/31/2016,X6,2016,South America,Blue,Diesel,Manual,2.7,165162,64577,2369,Low
12/31/2019,X1,2019,Africa,Grey,Electric,Automatic,3.9,81128,95512,4276,Low
12/31/2019,3 Series,2019,Middle East,Silver,Electric,Manual,2.5,161578,71898,7378,High
12/31/2015,i3,2015,South America,Silver,Electric,Manual,3.3,26839,84407,2208,Low
12/31/2014,M3,2014,Middle East,Black,Petrol,Automatic,4.4,71014,90811,1467,Low
12/31/2013,i8,2013,Asia,White,Electric,Manual,2,100480,125669,50,Low
12/31/2011,M3,2011,Africa,White,Electric,Automatic,4.9,119981,81008,500,Low
12/31/2013,i3,2013,Asia,Red,Electric,Automatic,1.7,160894,45744,5387,High
12/31/2024,5 Series,2024,Europe,Grey,Hybrid,Automatic,3.4,81770,118069,6527,High
12/31/2019,X1,2019,Africa,Red,Petrol,Automatic,4.7,91038,82230,13025,High
12/31/2019,5 Series,2019,Asia,Red,Hybrid,Manual,4.8,2622,123123,6972,High
12/31/2012,M5,2012,North America,Grey,Electric,Automatic,2.3,157101,98950,1092,Low
12/31/2019,M5,2019,Europe,Black,Diesel,Manual,2,128785,105391,1800,Low
12/31/2010,M3,2010,Africa,Red,Electric,Manual,4,15805,84726,328,Low
12/31/2017,X3,2017,North America,Black,Hybrid,Automatic,1.6,192794,56132,7574,High
12/31/2014,X5,2014,North America,Red,Petrol,Manual,3.2,112616,71163,6408,High
12/31/2022,i3,2022,Africa,Red,Hybrid,Manual,4.3,158763,94916,3312,Low
12/31/2013,X5,2013,South America,Grey,Petrol,Manual,3.5,149677,58614,2818,Low
12/31/2017,7 Series,2017,North America,Red,Electric,Automatic,2.2,154172,114134,1115,Low
12/31/2016,X6,2016,Middle East,Silver,Petrol,Automatic,3.2,160994,78953,2609,Low
12/31/2011,M3,2011,South America,Black,Electric,Manual,4.7,101736,85228,791,Low
12/31/2010,i3,2010,Europe,Blue,Hybrid,Automatic,3.7,101647,50214,4062,Low
12/31/2021,X5,2021,South America,Grey,Petrol,Automatic,4,184282,88101,4148,Low
12/31/2020,X6,2020,Middle East,Grey,Petrol,Automatic,2.7,162403,90938,3360,Low
12/31/2013,X1,2013,Middle East,White,Electric,Manual,2.2,54388,61132,5088,High
12/31/2017,X1,2017,North America,Red,Diesel,Automatic,2.4,184511,41548,7756,High
12/31/2021,i8,2021,Europe,Grey,Electric,Automatic,3.4,157823,152983,656,Low
12/31/2011,i8,2011,Asia,White,Hybrid,Automatic,2.5,62983,118803,50,Low
12/31/2012,i3,2012,Middle East,White,Petrol,Manual,3.4,124343,43886,3120,Low
12/31/2021,5 Series,2021,Middle East,Red,Diesel,Automatic,4,106679,97379,5683,High
12/31/2010,3 Series,2010,Africa,Red,Diesel,Automatic,4.1,123015,36901,4920,Low
12/31/2010,i8,2010,Asia,White,Electric,Automatic,2.1,71119,121456,50,Low
12/31/2022,7 Series,2022,Africa,Black,Diesel,Automatic,4.1,56534,132397,610,Low
12/31/2012,X6,2012,Europe,Black,Diesel,Automatic,3.9,131425,70621,3307,Low
12/31/2020,i8,2020,Africa,White,Electric,Manual,1.5,78999,139959,324,Low
12/31/2014,M5,2014,Europe,Silver,Diesel,Automatic,1.7,134005,87799,1548,Low
12/31/2021,3 Series,2021,South America,White,Hybrid,Manual,3.8,192532,79944,6592,High
12/31/2012,X5,2012,Middle East,White,Diesel,Automatic,2.8,130556,54787,3370,Low
12/31/2010,X6,2010,South America,Silver,Petrol,Manual,2,45708,61026,1504,Low
12/31/2010,X5,2010,Asia,Black,Diesel,Manual,1.7,140291,35868,6645,High
12/31/2017,i3,2017,Asia,Black,Electric,Manual,2.1,161500,64712,5114,High
12/31/2019,X3,2019,Europe,Red,Petrol,Manual,4.9,14205,102138,8467,High
12/31/2020,M5,2020,Europe,Grey,Hybrid,Automatic,4,182203,130492,2342,Low
12/31/2021,X6,2021,Europe,Blue,Hybrid,Automatic,3.3,184003,103706,4472,Low
12/31/2022,M5,2022,South America,White,Petrol,Manual,4.8,151188,138902,997,Low
12/31/2022,X6,2022,North America,White,Hybrid,Automatic,3.7,172961,118069,736,Low
12/31/2021,X6,2021,South America,Silver,Electric,Automatic,4,21576,136128,2782,Low
12/31/2024,7 Series,2024,North America,Blue,Diesel,Manual,2.5,88984,132790,1665,Low
12/31/2023,i3,2023,North America,Blue,Electric,Manual,3.6,11604,128848,5645,High
12/31/2011,i3,2011,Middle East,Blue,Petrol,Automatic,2,139395,28640,3118,Low
12/31/2022,i8,2022,Asia,White,Diesel,Manual,2.9,174399,132752,845,Low
12/31/2012,5 Series,2012,Asia,Blue,Petrol,Automatic,1.6,33615,63416,7539,High
12/31/2011,i3,2011,North America,Red,Diesel,Manual,2.3,145432,25733,5119,High
12/31/2012,X5,2012,North America,Red,Hybrid,Automatic,1.8,19879,81132,5075,High
12/31/2016,X3,2016,Asia,Grey,Diesel,Automatic,2.9,37382,72517,10118,High
12/31/2010,X1,2010,Middle East,Grey,Diesel,Manual,4.5,26493,53502,5039,High
12/31/2019,X3,2019,South America,White,Hybrid,Manual,2.8,13828,98702,6096,High
12/31/2017,3 Series,2017,South America,Black,Electric,Manual,4.4,36647,97797,5021,High
12/31/2022,5 Series,2022,North America,Grey,Hybrid,Manual,3.8,121263,112109,7767,High
12/31/2019,X3,2019,Africa,Black,Petrol,Automatic,3.3,67674,119195,4705,Low
12/31/2019,X1,2019,North America,Blue,Petrol,Automatic,2.3,131057,60512,7659,High
12/31/2019,i8,2019,South America,White,Petrol,Automatic,4.7,69371,160964,50,Low
12/31/2023,M3,2023,Europe,Red,Petrol,Automatic,1.7,159433,92624,3130,Low
12/31/2011,X6,2011,Asia,Red,Hybrid,Automatic,3.9,53224,90762,3861,Low
12/31/2012,5 Series,2012,North America,Red,Electric,Automatic,3.7,121730,77048,5946,High
12/31/2018,X5,2018,South America,Red,Electric,Manual,3,29294,115203,3746,Low
12/31/2016,5 Series,2016,Asia,Blue,Petrol,Automatic,2.3,113868,70473,7254,High
12/31/2013,7 Series,2013,Europe,Grey,Diesel,Manual,3,64985,93646,699,Low
12/31/2019,M5,2019,Europe,Blue,Petrol,Automatic,4.6,124983,124994,1443,Low
12/31/2014,7 Series,2014,North America,Red,Hybrid,Automatic,4.4,165056,100309,993,Low
12/31/2011,M5,2011,Middle East,White,Electric,Manual,4.8,158280,113214,50,Low
12/31/2022,M5,2022,Africa,Grey,Petrol,Manual,2.6,185369,110542,1170,Low
12/31/2020,i3,2020,Asia,Black,Electric,Automatic,2.9,150855,88106,6626,High
12/31/2022,i3,2022,North America,White,Petrol,Automatic,1.6,157485,70885,5782,High
12/31/2017,5 Series,2017,South America,White,Petrol,Automatic,4.8,71957,95611,3670,Low
12/31/2013,i8,2013,Asia,Black,Diesel,Manual,2.7,172965,97135,50,Low
12/31/2018,X6,2018,Europe,White,Electric,Manual,2.9,47917,116055,4574,Low
12/31/2014,M3,2014,South America,Red,Petrol,Manual,4.7,108564,78636,1373,Low
12/31/2022,7 Series,2022,North America,Black,Diesel,Automatic,3.3,3023,143090,1470,Low
12/31/2018,X5,2018,North America,Silver,Electric,Manual,3.5,118550,101148,5572,High
12/31/2013,7 Series,2013,North America,Silver,Petrol,Automatic,2.1,184827,68144,1236,Low
12/31/2019,X3,2019,Africa,White,Petrol,Automatic,3.2,88336,84098,4422,Low
12/31/2014,M3,2014,Europe,Red,Petrol,Automatic,4.7,177247,42030,2700,Low
12/31/2018,5 Series,2018,South America,White,Petrol,Manual,3.5,117487,80759,4140,Low
12/31/2017,7 Series,2017,Europe,Silver,Electric,Manual,2.4,93249,114479,1158,Low
12/31/2012,X3,2012,South America,Silver,Hybrid,Manual,1.6,97006,45128,5365,High
12/31/2010,X1,2010,Asia,Red,Diesel,Manual,2.7,198600,25000,7780,High
12/31/2012,5 Series,2012,South America,Black,Petrol,Manual,3.5,13804,69266,3731,Low
12/31/2013,X6,2013,South America,Blue,Electric,Automatic,1.6,172249,65564,2403,Low
12/31/2011,i3,2011,Middle East,Red,Electric,Manual,3.6,134576,52416,2642,Low
12/31/2010,X1,2010,Africa,White,Hybrid,Manual,3.3,46370,49041,3328,Low
12/31/2016,7 Series,2016,South America,Black,Petrol,Manual,4.2,166971,92934,610,Low
12/31/2017,i8,2017,Europe,White,Petrol,Automatic,1.6,187653,112354,241,Low
12/31/2016,5 Series,2016,Africa,Silver,Hybrid,Manual,4.2,22952,103382,2842,Low
12/31/2023,7 Series,2023,Middle East,Grey,Petrol,Manual,3.3,138440,125922,1198,Low
12/31/2014,M5,2014,Middle East,White,Diesel,Automatic,2.8,46000,117179,333,Low
12/31/2021,7 Series,2021,Middle East,Grey,Electric,Automatic,4.9,121064,159849,918,Low
12/31/2010,M3,2010,North America,Grey,Diesel,Automatic,2.1,192673,35301,2481,Low
12/31/2016,X5,2016,Africa,Black,Electric,Automatic,3.4,117486,55846,3211,Low
12/31/2022,X6,2022,Africa,Silver,Diesel,Automatic,2.6,151529,96359,2691,Low
12/31/2016,X5,2016,Europe,Grey,Petrol,Manual,3.3,121053,72244,6037,High
12/31/2018,M3,2018,Middle East,Blue,Diesel,Manual,3.4,66819,95410,1898,Low
12/31/2012,i3,2012,South America,Grey,Petrol,Manual,1.8,180582,25000,2669,Low
12/31/2018,X3,2018,North America,Black,Diesel,Automatic,3.8,51425,86586,9036,High
12/31/2023,3 Series,2023,Middle East,Silver,Hybrid,Manual,3.7,80136,107036,7604,High
12/31/2010,M3,2010,South America,Grey,Electric,Automatic,4.2,18409,39759,1271,Low
12/31/2010,3 Series,2010,North America,Black,Diesel,Automatic,1.8,172040,25000,9560,High
12/31/2023,M3,2023,North America,Black,Hybrid,Manual,2.5,123160,116070,3315,Low
12/31/2013,X1,2013,Africa,Red,Diesel,Automatic,3.8,149031,35448,4189,Low
12/31/2018,7 Series,2018,Middle East,White,Diesel,Automatic,2,140056,95460,1097,Low
12/31/2015,3 Series,2015,Europe,Grey,Hybrid,Automatic,3.9,74034,80429,7976,High
12/31/2022,7 Series,2022,Africa,Silver,Electric,Automatic,1.7,85880,135662,1087,Low
12/31/2020,3 Series,2020,North America,White,Hybrid,Automatic,2.7,69101,93124,8879,High
12/31/2012,X3,2012,Middle East,White,Diesel,Manual,4.5,147898,47698,4910,Low
12/31/2010,5 Series,2010,Europe,Silver,Petrol,Manual,4.2,114337,54075,5776,High
12/31/2013,X3,2013,North America,Red,Electric,Automatic,3.8,24884,88109,7127,High
12/31/2021,X3,2021,Europe,White,Hybrid,Automatic,4.5,65326,111499,9242,High
12/31/2022,i3,2022,Africa,Grey,Petrol,Automatic,4,103831,92761,2669,Low
12/31/2018,3 Series,2018,North America,White,Hybrid,Automatic,3.3,38460,93149,10196,High
12/31/2012,X6,2012,Europe,Grey,Diesel,Automatic,4.9,194801,65291,3029,Low
12/31/2021,7 Series,2021,Asia,Grey,Petrol,Automatic,3.9,22072,142701,1470,Low
12/31/2018,X1,2018,Africa,Grey,Hybrid,Automatic,3.6,110273,73401,4785,Low
12/31/2016,M5,2016,Africa,Red,Electric,Automatic,2.9,177484,110607,314,Low
12/31/2021,i3,2021,North America,Silver,Hybrid,Automatic,4.7,89491,110853,5043,High
12/31/2023,X6,2023,North America,White,Electric,Automatic,2.5,100722,131870,653,Low
12/31/2024,X3,2024,Africa,Blue,Hybrid,Manual,1.5,84641,96382,5589,High
12/31/2013,X6,2013,Asia,Silver,Petrol,Automatic,2.2,12341,83281,4316,Low
12/31/2012,M3,2012,South America,Silver,Hybrid,Automatic,1.9,197184,46045,1280,Low
12/31/2019,3 Series,2019,Africa,Blue,Diesel,Manual,2.6,156916,56920,5191,High
12/31/2024,X5,2024,South America,Blue,Electric,Automatic,4.4,199,82081,5267,High
12/31/2014,7 Series,2014,Africa,Grey,Diesel,Automatic,3.8,186802,80155,270,Low
12/31/2014,i3,2014,Africa,Black,Diesel,Manual,2.1,62836,65778,2107,Low
12/31/2012,X1,2012,Europe,Grey,Petrol,Automatic,4.3,32552,58322,7248,High
12/31/2021,7 Series,2021,South America,Blue,Electric,Manual,3.3,25984,151212,1058,Low
12/31/2018,M5,2018,Asia,White,Petrol,Automatic,3.3,174744,112682,2022,Low
12/31/2013,X6,2013,Asia,Black,Electric,Automatic,2.8,167664,74304,4195,Low
12/31/2020,3 Series,2020,South America,Silver,Diesel,Manual,4.5,21043,97541,5659,High
12/31/2014,X5,2014,Europe,Silver,Petrol,Automatic,2.6,85840,72077,4996,Low
12/31/2013,i3,2013,North America,Grey,Petrol,Automatic,1.8,101623,44292,5252,High
12/31/2014,7 Series,2014,Middle East,Black,Petrol,Manual,2.6,103494,94688,403,Low
12/31/2016,M3,2016,Africa,Red,Electric,Automatic,4,53730,108899,979,Low
12/31/2018,5 Series,2018,Asia,Silver,Electric,Automatic,3.8,103055,107119,7244,High
12/31/2016,X1,2016,Middle East,Grey,Electric,Automatic,2.2,188180,50551,4673,Low
12/31/2022,5 Series,2022,North America,Red,Petrol,Manual,1.9,125825,90248,8037,High
12/31/2014,3 Series,2014,South America,Blue,Hybrid,Manual,3.8,31044,78633,4732,Low
12/31/2019,X5,2019,Europe,Silver,Petrol,Manual,3.9,73732,96617,6034,High
12/31/2019,X5,2019,Middle East,Grey,Hybrid,Automatic,2.8,132020,101502,3971,Low
12/31/2016,M3,2016,South America,Black,Petrol,Manual,4.4,169199,73930,1648,Low
12/31/2023,3 Series,2023,South America,Blue,Petrol,Manual,4.9,97169,99977,6921,High
12/31/2024,7 Series,2024,North America,Red,Diesel,Manual,2.2,54277,134298,2141,Low
12/31/2019,M5,2019,Middle East,White,Petrol,Automatic,3.5,50494,138588,839,Low
12/31/2014,i3,2014,South America,Black,Hybrid,Manual,1.5,10138,62508,2755,Low
12/31/2012,X3,2012,Africa,White,Electric,Manual,4,191413,48028,4411,Low
12/31/2016,M3,2016,North America,Black,Hybrid,Automatic,2.9,66974,103323,2405,Low
12/31/2022,5 Series,2022,Africa,Blue,Electric,Automatic,2.2,102335,101993,4039,Low
12/31/2020,X6,2020,Europe,Blue,Diesel,Manual,4.1,137108,97218,805,Low
12/31/2020,M5,2020,South America,Red,Petrol,Manual,4.3,169167,118376,2704,Low
12/31/2011,5 Series,2011,South America,Blue,Electric,Manual,1.9,49153,63273,3042,Low
12/31/2024,5 Series,2024,South America,Silver,Petrol,Automatic,1.6,110993,94903,4550,Low
12/31/2021,7 Series,2021,South America,Silver,Hybrid,Automatic,2.7,139793,120628,1273,Low
12/31/2018,5 Series,2018,South America,White,Electric,Manual,3.7,187426,83017,4585,Low
12/31/2019,7 Series,2019,Asia,Red,Petrol,Manual,4.3,179149,110121,1668,Low
12/31/2019,M3,2019,North America,Blue,Petrol,Manual,3.4,4857,114627,3034,Low
12/31/2021,M3,2021,Europe,Grey,Diesel,Automatic,3.5,84049,108522,3092,Low
12/31/2010,7 Series,2010,Asia,Black,Electric,Manual,4.3,64338,105198,314,Low
12/31/2022,7 Series,2022,Middle East,Red,Electric,Manual,3.4,86808,148451,1160,Low
12/31/2015,7 Series,2015,Middle East,Red,Diesel,Manual,3.6,3554,49363,1200,Low
12/31/2016,X3,2016,North America,Silver,Petrol,Automatic,3.3,97670,71526,1422,Low
12/31/2023,7 Series,2023,North America,Silver,Diesel,Automatic,4.6,9701,165743,1394,Low
12/31/2022,5 Series,2022,Europe,Silver,Diesel,Manual,2.3,111160,86625,7120,High
12/31/2017,X3,2017,North America,Silver,Hybrid,Automatic,2.4,79307,84315,8389,High
12/31/2019,3 Series,2019,Africa,White,Hybrid,Automatic,1.9,149301,65186,6692,High
12/31/2018,7 Series,2018,Europe,Blue,Electric,Manual,4.4,93711,128802,1443,Low
12/31/2011,i8,2011,North America,Red,Diesel,Automatic,2.9,3475,133493,50,Low
12/31/2020,X3,2020,Middle East,Silver,Petrol,Automatic,2.7,166020,71317,6272,High
12/31/2019,M3,2019,Asia,Red,Petrol,Automatic,4.9,187708,94889,2887,Low
12/31/2011,5 Series,2011,North America,Red,Diesel,Automatic,4.7,71582,69221,5872,High
12/31/2014,X5,2014,Middle East,Black,Electric,Manual,4.9,199447,83800,10177,High
12/31/2022,X5,2022,Asia,Silver,Diesel,Manual,2,66794,55410,7404,High
12/31/2014,5 Series,2014,Middle East,Blue,Diesel,Manual,4.6,47231,87366,4435,Low
12/31/2015,7 Series,2015,North America,Silver,Petrol,Manual,2.7,48190,109341,811,Low
12/31/2012,3 Series,2012,South America,Blue,Petrol,Automatic,1.5,16727,49295,4874,Low
12/31/2017,i3,2017,Europe,Red,Electric,Automatic,2.9,91260,85381,5184,High
12/31/2022,i3,2022,South America,White,Electric,Automatic,3.3,134766,97399,4343,Low
12/31/2010,X1,2010,Middle East,White,Diesel,Manual,1.9,101542,25000,4836,Low
12/31/2015,X1,2015,Europe,Silver,Petrol,Automatic,3.4,176923,40357,7076,High
12/31/2013,X1,2013,North America,Black,Electric,Automatic,4.4,11643,82678,7699,High
12/31/2010,7 Series,2010,Middle East,Red,Petrol,Automatic,2.8,199290,61642,291,Low
12/31/2024,5 Series,2024,Africa,Grey,Electric,Manual,2.7,145156,110414,5056,High
12/31/2016,3 Series,2016,Middle East,Red,Petrol,Manual,2.7,168974,48703,7661,High
12/31/2018,X5,2018,Middle East,Grey,Petrol,Manual,4.7,163376,87897,3675,Low
12/31/2022,X5,2022,Africa,Red,Diesel,Automatic,1.7,139011,81202,3524,Low
12/31/2013,X6,2013,South America,Red,Electric,Automatic,3.1,78042,94105,1820,Low
12/31/2013,5 Series,2013,Europe,Grey,Petrol,Manual,2.4,38281,63771,5972,High
12/31/2015,X5,2015,North America,Red,Electric,Manual,4.6,129916,90512,4715,Low
12/31/2021,X5,2021,North America,Black,Hybrid,Manual,1.8,72036,103458,5763,High
12/31/2024,i3,2024,South America,Red,Hybrid,Manual,2.9,107227,97659,4672,Low
12/31/2012,X3,2012,Middle East,White,Diesel,Automatic,2.9,35115,63632,5834,High
12/31/2022,7 Series,2022,Asia,Red,Diesel,Automatic,4.6,157516,125437,1560,Low
12/31/2021,X1,2021,Africa,Black,Hybrid,Manual,2.3,196771,62921,5647,High
12/31/2015,X1,2015,Middle East,Blue,Petrol,Manual,3.8,62335,66322,4617,Low
12/31/2016,X3,2016,North America,Silver,Petrol,Automatic,2,198074,43060,7662,High
12/31/2020,X1,2020,South America,Silver,Petrol,Automatic,4.8,168607,74177,4754,Low
12/31/2019,i8,2019,Europe,Black,Hybrid,Manual,3.6,136556,75783,1686,Low
12/31/2019,X5,2019,Africa,White,Electric,Manual,3.7,143332,101484,3605,Low
12/31/2012,3 Series,2012,North America,Silver,Petrol,Manual,3,40000,57108,9262,High
12/31/2016,X3,2016,Middle East,Red,Hybrid,Manual,2.7,81599,79399,6032,High
12/31/2023,i8,2023,Europe,Black,Electric,Automatic,2.2,91651,166439,906,Low
12/31/2012,X1,2012,South America,Blue,Electric,Automatic,3.6,128637,50907,3824,Low
12/31/2022,M5,2022,North America,White,Electric,Automatic,4.8,125696,168562,2140,Low
12/31/2022,i3,2022,North America,Red,Electric,Automatic,2.8,156881,92717,5878,High
12/31/2011,i8,2011,Asia,Silver,Electric,Automatic,4.6,195288,122688,50,Low
12/31/2021,i3,2021,South America,Blue,Petrol,Automatic,2,154446,65222,3941,Low
12/31/2023,3 Series,2023,Asia,White,Petrol,Manual,4.8,35496,111663,10668,High
12/31/2019,M5,2019,Middle East,Silver,Diesel,Manual,2.7,147752,108727,1173,Low
12/31/2013,i8,2013,Middle East,Red,Electric,Automatic,2.8,68617,148004,50,Low
12/31/2021,X1,2021,South America,Silver,Hybrid,Automatic,3.1,51316,96186,5900,High
12/31/2017,X1,2017,South America,Black,Diesel,Manual,4,108002,62388,4747,Low
12/31/2022,X3,2022,Africa,Silver,Hybrid,Manual,4,67459,105280,4974,Low
12/31/2024,X6,2024,Africa,Blue,Petrol,Automatic,3.2,177835,105560,2694,Low
12/31/2018,3 Series,2018,South America,Blue,Electric,Manual,3.3,190650,63674,5772,High
12/31/2016,7 Series,2016,South America,Grey,Petrol,Automatic,1.6,66213,100593,462,Low
12/31/2010,i8,2010,Europe,White,Diesel,Automatic,2.6,191717,87532,50,Low
12/31/2012,7 Series,2012,South America,Blue,Diesel,Automatic,2.7,78103,81483,146,Low
12/31/2022,X6,2022,Asia,Grey,Petrol,Automatic,3.5,193767,104183,5495,High
12/31/2021,X6,2021,South America,Black,Hybrid,Manual,3.5,195411,102341,3103,Low
12/31/2023,M3,2023,South America,Silver,Hybrid,Manual,4,52339,138901,2450,Low
12/31/2018,X6,2018,North America,Grey,Diesel,Automatic,4,110555,96042,3624,Low
12/31/2024,3 Series,2024,Middle East,Silver,Electric,Manual,2.3,171594,90009,7304,High
12/31/2021,i3,2021,Europe,Red,Petrol,Automatic,4.2,22394,102542,5666,High
12/31/2010,M3,2010,South America,Blue,Petrol,Manual,1.6,21078,59902,888,Low
12/31/2018,X5,2018,Africa,Blue,Hybrid,Manual,4,116302,94470,3212,Low
12/31/2017,M3,2017,Asia,Red,Electric,Manual,1.9,66132,96019,2982,Low
12/31/2010,M5,2010,Africa,White,Hybrid,Automatic,4.1,140387,88322,50,Low
12/31/2015,i3,2015,South America,Red,Diesel,Automatic,3.3,154238,48462,2688,Low
12/31/2014,i8,2014,Africa,Blue,Diesel,Manual,3,85535,112363,50,Low
12/31/2015,7 Series,2015,South America,Grey,Petrol,Manual,3.9,109370,99026,281,Low
12/31/2019,i8,2019,North America,Red,Petrol,Automatic,1.6,47716,143145,81,Low
12/31/2021,7 Series,2021,Europe,Red,Electric,Automatic,2.3,157562,121442,1780,Low
12/31/2022,X1,2022,South America,Silver,Diesel,Manual,3.7,116511,76687,5417,High
12/31/2022,5 Series,2022,Europe,Red,Petrol,Manual,4.5,187824,94643,6708,High
12/31/2022,5 Series,2022,North America,Blue,Electric,Automatic,2.8,97363,119091,8391,High
12/31/2024,i8,2024,Middle East,Black,Petrol,Automatic,2.4,92454,162765,245,Low
12/31/2014,5 Series,2014,Middle East,Silver,Petrol,Manual,3.3,193006,52071,4426,Low
12/31/2015,X1,2015,South America,Blue,Diesel,Automatic,3.7,169138,40553,4725,Low
12/31/2014,i8,2014,South America,Black,Diesel,Manual,3,79503,113047,50,Low
12/31/2020,X6,2020,Middle East,Black,Petrol,Automatic,4.6,102694,119217,2703,Low
12/31/2021,3 Series,2021,Europe,Red,Hybrid,Manual,3.3,48443,99127,9508,High
12/31/2014,7 Series,2014,Middle East,White,Hybrid,Manual,1.6,191167,77409,578,Low
12/31/2013,M3,2013,Middle East,Blue,Hybrid,Manual,2.3,124441,69489,1654,Low
12/31/2012,M3,2012,Asia,Blue,Electric,Manual,3.1,59715,90686,2210,Low
12/31/2012,7 Series,2012,Middle East,Blue,Electric,Manual,3.9,81509,111116,50,Low
12/31/2013,X1,2013,Middle East,Blue,Petrol,Automatic,2.3,197229,25000,5797,High
12/31/2018,7 Series,2018,Africa,Blue,Petrol,Automatic,4.9,179353,108560,431,Low
12/31/2011,3 Series,2011,Europe,White,Electric,Automatic,2.6,14540,66963,7116,High
12/31/2024,i8,2024,North America,Silver,Hybrid,Automatic,3.4,31725,198173,556,Low
12/31/2018,X1,2018,North America,Black,Diesel,Automatic,1.6,55366,61576,6960,High
12/31/2010,X1,2010,Europe,Black,Electric,Manual,4.6,147607,47498,6222,High
12/31/2023,X1,2023,North America,Black,Electric,Automatic,4.3,94402,108587,8390,High
12/31/2024,i8,2024,Middle East,Grey,Petrol,Manual,2.2,176945,152343,383,Low
12/31/2024,X3,2024,Asia,Silver,Petrol,Manual,4.8,29173,124927,10004,High
12/31/2010,X1,2010,South America,Red,Diesel,Automatic,2.6,18447,40648,3471,Low
12/31/2014,3 Series,2014,Europe,White,Hybrid,Automatic,3.9,4318,86027,8829,High
12/31/2015,X1,2015,Europe,Black,Electric,Manual,4.4,117408,70686,6089,High
12/31/2015,M5,2015,Europe,White,Petrol,Manual,4.1,154289,102323,1448,Low
12/31/2012,i8,2012,Middle East,White,Petrol,Automatic,4.7,18803,139865,50,Low
12/31/2016,M5,2016,South America,White,Electric,Manual,4.5,184303,117046,448,Low
12/31/2018,3 Series,2018,Europe,Red,Diesel,Manual,5,93784,78373,10085,High
12/31/2020,7 Series,2020,South America,Black,Diesel,Automatic,2.1,185458,95678,1206,Low
12/31/2021,i8,2021,South America,Blue,Petrol,Automatic,2.6,60409,155384,50,Low
12/31/2019,i8,2019,Asia,Silver,Petrol,Automatic,3.7,137601,69476,1340,Low
12/31/2017,i8,2017,North America,Blue,Hybrid,Automatic,4.1,33338,165150,50,Low
12/31/2015,5 Series,2015,Europe,Black,Diesel,Automatic,3.4,146380,65574,6708,High
12/31/2021,M5,2021,Middle East,Silver,Petrol,Manual,1.8,158910,112726,1620,Low
12/31/2017,X6,2017,Europe,Red,Petrol,Automatic,4.4,68925,109448,3395,Low
12/31/2021,M3,2021,North America,Grey,Hybrid,Automatic,4.9,106579,121366,3641,Low
12/31/2014,i8,2014,South America,Blue,Electric,Manual,2.9,186497,119881,50,Low
12/31/2017,X5,2017,Asia,Silver,Petrol,Automatic,2.3,81670,83220,5843,High
12/31/2019,3 Series,2019,South America,Red,Hybrid,Automatic,1.6,129661,71045,6380,High
12/31/2021,X1,2021,North America,Silver,Hybrid,Automatic,2.3,131445,74237,7807,High
12/31/2013,X6,2013,Africa,Black,Diesel,Automatic,3.9,153804,63032,1775,Low
12/31/2019,X6,2019,Africa,Black,Hybrid,Manual,4.7,57991,119456,2472,Low
12/31/2017,X1,2017,Asia,Silver,Hybrid,Manual,1.8,9101,78074,8778,High
12/31/2019,i3,2019,Europe,Black,Petrol,Manual,3.4,26966,90719,4123,Low
12/31/2021,7 Series,2021,Europe,Blue,Hybrid,Automatic,3.9,148512,134024,1810,Low
12/31/2011,X3,2011,North America,Black,Hybrid,Automatic,2.5,139511,47911,7667,High
12/31/2021,i3,2021,Middle East,Red,Diesel,Automatic,3.5,18186,99598,3264,Low
12/31/2021,X1,2021,Asia,Red,Hybrid,Manual,4,38752,102283,7588,High
12/31/2014,i8,2014,Asia,White,Diesel,Manual,4.4,130314,124233,50,Low
12/31/2018,M3,2018,Europe,Black,Hybrid,Manual,3.1,97253,100551,2847,Low
12/31/2013,X1,2013,Europe,Blue,Electric,Automatic,4.1,130922,60766,6566,High
12/31/2020,M5,2020,Middle East,White,Hybrid,Manual,2.6,93969,139692,1506,Low
12/31/2015,i3,2015,North America,Silver,Hybrid,Manual,2.2,49755,71042,4591,Low
12/31/2024,7 Series,2024,Africa,Silver,Diesel,Manual,2.2,177640,102835,1589,Low
12/31/2010,M5,2010,Africa,Black,Petrol,Manual,2.8,185177,61864,161,Low
12/31/2018,M3,2018,North America,Grey,Diesel,Automatic,1.6,120157,75261,3261,Low
12/31/2010,3 Series,2010,North America,Silver,Hybrid,Manual,2.5,136265,33813,9180,High
12/31/2014,M3,2014,Asia,Grey,Diesel,Manual,3.8,44713,83349,2417,Low
12/31/2013,7 Series,2013,Middle East,Red,Diesel,Automatic,3.8,107778,100401,133,Low
12/31/2022,X1,2022,Asia,Grey,Petrol,Automatic,1.8,158495,63014,7617,High
12/31/2021,X5,2021,Europe,Blue,Electric,Automatic,2.5,159267,103303,5921,High
12/31/2022,i3,2022,South America,Grey,Hybrid,Automatic,3.5,174985,83701,3921,Low
12/31/2022,5 Series,2022,Europe,Red,Petrol,Automatic,2.6,52436,109359,6576,High
12/31/2023,X6,2023,Europe,Black,Hybrid,Manual,3,118642,123817,4397,Low
12/31/2012,i3,2012,Middle East,White,Petrol,Manual,4,171574,39484,3480,Low
12/31/2022,5 Series,2022,Europe,Blue,Petrol,Manual,1.5,199153,68230,8229,High
12/31/2015,X1,2015,South America,White,Hybrid,Automatic,2.5,40390,67433,4957,Low
12/31/2011,X3,2011,Europe,Blue,Hybrid,Manual,2,17853,63005,7626,High
12/31/2012,i8,2012,Middle East,White,Petrol,Automatic,1.9,97697,112763,50,Low
12/31/2014,X1,2014,Africa,Silver,Diesel,Automatic,4.9,25752,73627,3774,Low
12/31/2024,X3,2024,Europe,Black,Electric,Automatic,2.8,175560,98977,9785,High
12/31/2018,M5,2018,Europe,Grey,Electric,Automatic,3.3,122375,133878,1713,Low
12/31/2011,7 Series,2011,Asia,Grey,Petrol,Automatic,4.1,108596,89299,750,Low
12/31/2019,5 Series,2019,North America,Red,Diesel,Automatic,1.7,143842,68826,6452,High
12/31/2017,5 Series,2017,Europe,Red,Petrol,Manual,2.3,33003,82833,6842,High
12/31/2023,3 Series,2023,North America,Grey,Diesel,Automatic,4.4,77275,103692,8965,High
12/31/2011,7 Series,2011,Asia,Blue,Diesel,Automatic,4.5,95753,88629,626,Low
12/31/2020,M3,2020,Africa,Black,Petrol,Automatic,2.8,140877,88343,1776,Low
12/31/2022,M3,2022,Europe,Grey,Petrol,Manual,2.8,160092,97661,3693,Low
12/31/2014,X3,2014,South America,White,Hybrid,Manual,4.1,29824,87197,4760,Low
12/31/2016,3 Series,2016,Europe,Black,Electric,Manual,2.5,60877,79806,9403,High
12/31/2017,3 Series,2017,Asia,Black,Diesel,Automatic,1.9,187381,42758,9282,High
12/31/2010,5 Series,2010,Asia,Blue,Hybrid,Manual,2.4,41747,64042,6184,High
12/31/2015,5 Series,2015,Europe,Black,Hybrid,Automatic,2.9,117221,79779,6926,High
12/31/2010,3 Series,2010,Middle East,Blue,Diesel,Automatic,1.7,149295,25000,6361,High
12/31/2011,X3,2011,South America,Black,Petrol,Automatic,3.2,3555,59849,3869,Low
12/31/2024,X6,2024,Africa,Silver,Hybrid,Automatic,4.1,20712,155805,2738,Low
12/31/2010,M3,2010,Asia,Blue,Hybrid,Automatic,3.3,141383,64353,2562,Low
12/31/2020,i8,2020,South America,Grey,Hybrid,Automatic,1.8,52517,158256,133,Low
12/31/2014,X3,2014,Middle East,Grey,Petrol,Automatic,3,43177,71965,5800,High
12/31/2019,X5,2019,North America,Black,Petrol,Manual,4,128251,97563,6196,High
12/31/2024,3 Series,2024,Africa,Black,Hybrid,Manual,1.7,175447,76515,6389,High
12/31/2018,X5,2018,Asia,Grey,Petrol,Automatic,1.7,163846,66640,7034,High
12/31/2015,X6,2015,Africa,Black,Diesel,Manual,2.8,75754,74051,324,Low
12/31/2020,X5,2020,South America,Grey,Hybrid,Automatic,2.2,44749,104935,3527,Low
12/31/2020,X1,2020,Africa,Grey,Diesel,Manual,4.8,45000,92753,3823,Low
12/31/2010,i3,2010,Middle East,Silver,Hybrid,Manual,3.5,163763,40374,2460,Low
12/31/2022,X6,2022,Middle East,White,Diesel,Manual,2.5,93721,109332,2713,Low
12/31/2010,5 Series,2010,South America,Blue,Diesel,Automatic,4,177240,36520,3487,Low
12/31/2011,i8,2011,Africa,Red,Hybrid,Automatic,2.8,125267,109233,50,Low
12/31/2018,i3,2018,Asia,Silver,Electric,Automatic,2,42039,87637,5249,High
12/31/2012,3 Series,2012,Africa,Grey,Electric,Manual,2.3,102142,49190,4033,Low
12/31/2024,X5,2024,Asia,Silver,Hybrid,Automatic,3.7,58429,141225,6248,High
12/31/2010,5 Series,2010,North America,Black,Electric,Manual,1.7,191728,38472,5643,High
12/31/2014,X3,2014,Asia,Blue,Hybrid,Manual,2.5,148863,52812,7733,High
12/31/2016,3 Series,2016,Europe,Silver,Electric,Manual,2.2,3517,88239,8781,High
12/31/2015,3 Series,2015,Middle East,Black,Electric,Automatic,2.2,103203,67978,6387,High
12/31/2021,3 Series,2021,Europe,Blue,Petrol,Manual,3.9,14099,103401,10051,High
12/31/2010,X5,2010,South America,Blue,Diesel,Manual,4.4,18925,69323,2539,Low
12/31/2014,3 Series,2014,North America,Red,Diesel,Automatic,4,49607,70413,7867,High
12/31/2024,X3,2024,Europe,Silver,Diesel,Manual,3.8,48004,112331,9137,High
12/31/2014,X6,2014,Asia,Black,Petrol,Manual,4.7,165214,80327,3728,Low
12/31/2015,X5,2015,Africa,Silver,Petrol,Manual,1.7,40365,70875,3046,Low
12/31/2012,X5,2012,Africa,Silver,Hybrid,Manual,2.1,121128,57754,2561,Low
12/31/2014,X3,2014,North America,Red,Diesel,Manual,3,140851,48268,9006,High
12/31/2016,i8,2016,Africa,Silver,Petrol,Automatic,2.8,73090,123663,50,Low
12/31/2014,X1,2014,Europe,Blue,Electric,Automatic,3,197977,47057,7590,High
12/31/2014,i8,2014,North America,Black,Diesel,Automatic,2.2,147408,113318,50,Low
12/31/2014,7 Series,2014,Asia,Black,Hybrid,Manual,2,43518,105640,845,Low
12/31/2019,3 Series,2019,Europe,Blue,Hybrid,Automatic,3.3,21242,104723,10742,High
12/31/2019,X5,2019,Middle East,Silver,Petrol,Automatic,4.7,137693,104358,454,Low
12/31/2012,5 Series,2012,Africa,Grey,Electric,Manual,2.9,31446,81498,2605,Low
12/31/2010,M5,2010,Middle East,Blue,Hybrid,Automatic,1.7,112536,91021,116,Low
12/31/2014,M5,2014,North America,Black,Electric,Manual,4,179185,105112,1276,Low
12/31/2023,3 Series,2023,Middle East,Grey,Petrol,Automatic,2.5,97987,89757,7407,High
12/31/2018,X5,2018,Europe,White,Diesel,Automatic,2.4,33911,95533,5497,High
12/31/2023,X1,2023,Middle East,Grey,Petrol,Automatic,2.6,174282,73809,6444,High
12/31/2010,M5,2010,Asia,Blue,Electric,Manual,4,164797,95215,779,Low
12/31/2012,X5,2012,Asia,Silver,Hybrid,Automatic,4.4,148264,72244,6127,High
12/31/2022,X3,2022,Middle East,Black,Diesel,Manual,3.6,104677,94930,6305,High
12/31/2022,M3,2022,Africa,Grey,Diesel,Automatic,2.6,75040,102540,1590,Low
12/31/2013,X6,2013,Asia,Silver,Electric,Manual,2.6,144099,74791,4056,Low
12/31/2023,5 Series,2023,North America,Blue,Petrol,Automatic,1.9,139301,91564,7112,High
12/31/2010,5 Series,2010,North America,Red,Hybrid,Manual,4.8,191633,56728,6869,High
12/31/2010,M3,2010,Middle East,Red,Electric,Automatic,3.7,68021,87008,692,Low
12/31/2017,5 Series,2017,North America,Blue,Hybrid,Manual,1.6,25648,92002,7504,High
12/31/2011,X3,2011,Europe,Silver,Hybrid,Automatic,3.8,199996,41466,7389,High
12/31/2021,i3,2021,Asia,White,Diesel,Manual,3.1,197135,63670,6466,High
12/31/2024,X6,2024,South America,Silver,Hybrid,Manual,4.9,194773,123601,6710,High
12/31/2017,X3,2017,Middle East,Grey,Petrol,Manual,4.4,111188,79857,889,Low
12/31/2016,5 Series,2016,North America,Blue,Diesel,Manual,2.1,130801,60437,6663,High
12/31/2019,3 Series,2019,Europe,Red,Electric,Automatic,4,95019,93638,10884,High
12/31/2019,i3,2019,Middle East,Blue,Hybrid,Automatic,3.2,189982,69628,4547,Low
12/31/2011,M5,2011,Asia,Black,Diesel,Manual,2.2,129690,34070,404,Low
12/31/2015,M5,2015,Asia,White,Electric,Automatic,3.9,140787,127016,1129,Low
12/31/2015,X3,2015,Africa,Black,Hybrid,Automatic,3.4,194161,55722,4669,Low
12/31/2012,X1,2012,Africa,Silver,Petrol,Automatic,1.6,27620,39816,3544,Low
12/31/2020,X6,2020,South America,White,Diesel,Manual,3.8,112386,96527,2656,Low
12/31/2011,X5,2011,Africa,Grey,Petrol,Manual,3.7,122462,55946,2583,Low
12/31/2021,i3,2021,North America,Red,Petrol,Automatic,2,183969,61699,5605,High
12/31/2010,M5,2010,Asia,Black,Electric,Automatic,2.7,107993,99746,697,Low
12/31/2015,i8,2015,South America,Grey,Electric,Automatic,3.6,4233,153078,50,Low
12/31/2021,X6,2021,Europe,Blue,Petrol,Manual,2,10405,117532,4111,Low
12/31/2014,5 Series,2014,Europe,White,Electric,Manual,4.5,155236,79696,5257,High
12/31/2023,M5,2023,Asia,Grey,Diesel,Manual,1.6,199654,108142,2881,Low
12/31/2023,5 Series,2023,Middle East,Red,Diesel,Manual,1.9,47837,99999,4632,Low
12/31/2020,M3,2020,Asia,Black,Petrol,Automatic,1.9,29414,106932,2733,Low
12/31/2018,5 Series,2018,North America,Grey,Hybrid,Manual,3.3,151280,81233,7581,High
12/31/2010,X1,2010,Asia,Black,Petrol,Manual,3.7,186331,25000,6533,High
12/31/2024,5 Series,2024,Asia,Black,Electric,Automatic,2.9,106278,124380,7547,High
12/31/2024,X5,2024,Asia,Red,Hybrid,Automatic,2.5,163839,113658,7405,High
12/31/2016,X3,2016,North America,Blue,Petrol,Manual,4.3,192201,57022,8646,High
12/31/2024,7 Series,2024,Africa,Silver,Petrol,Manual,1.7,198709,105314,1360,Low
12/31/2014,7 Series,2014,South America,Grey,Electric,Automatic,2.5,100505,98093,154,Low
12/31/2014,X3,2014,North America,White,Petrol,Manual,1.6,133345,41928,9117,High
12/31/2023,X5,2023,Europe,Red,Hybrid,Manual,1.5,30781,121315,6309,High
12/31/2011,i8,2011,Middle East,Blue,Hybrid,Manual,2.7,161159,107080,50,Low
12/31/2020,3 Series,2020,Middle East,Black,Hybrid,Automatic,2.2,177553,71061,7170,High
12/31/2012,X1,2012,North America,White,Diesel,Manual,2.4,32456,42085,8411,High
12/31/2016,M3,2016,Europe,Blue,Hybrid,Automatic,4.4,64277,107446,2001,Low
12/31/2015,5 Series,2015,Africa,Grey,Hybrid,Automatic,2.1,195217,53501,3822,Low
12/31/2021,X6,2021,Middle East,Silver,Electric,Manual,4.2,15012,149379,3183,Low
12/31/2011,5 Series,2011,Asia,Silver,Electric,Manual,3.9,48494,83292,5529,High
12/31/2015,i3,2015,Middle East,White,Diesel,Automatic,2.6,27808,69393,3065,Low
12/31/2011,5 Series,2011,Asia,Blue,Electric,Manual,3.4,136111,60456,5858,High
12/31/2011,X1,2011,Middle East,Blue,Petrol,Automatic,3.1,92207,38595,4896,Low
12/31/2011,5 Series,2011,Asia,Black,Petrol,Manual,1.9,192897,28707,6670,High
12/31/2023,M5,2023,Europe,Red,Hybrid,Automatic,4.7,16632,177493,1924,Low
12/31/2024,X3,2024,Middle East,Black,Petrol,Automatic,3.5,8217,121745,5575,High
12/31/2020,X3,2020,Africa,Silver,Petrol,Manual,4.6,158864,78274,4314,Low
12/31/2012,3 Series,2012,Africa,White,Petrol,Manual,4.4,38147,63206,4890,Low
12/31/2024,7 Series,2024,North America,White,Hybrid,Automatic,1.8,43016,150607,2351,Low
12/31/2011,X5,2011,Asia,Blue,Petrol,Automatic,2.2,84467,56018,5004,High
12/31/2013,3 Series,2013,Asia,Black,Petrol,Automatic,2,62729,52908,10273,High
12/31/2018,X1,2018,Europe,Silver,Diesel,Automatic,4.4,63728,78132,7556,High
12/31/2015,i8,2015,Asia,Black,Hybrid,Automatic,4.5,107844,150130,50,Low
12/31/2010,M5,2010,North America,Black,Diesel,Manual,3.3,124837,76632,911,Low
12/31/2017,3 Series,2017,Europe,White,Petrol,Manual,1.9,46896,64509,9139,High
12/31/2024,M5,2024,South America,Blue,Electric,Manual,2,155175,134201,1932,Low
12/31/2021,X5,2021,South America,Red,Hybrid,Manual,4.3,26800,126432,3875,Low
12/31/2023,3 Series,2023,Asia,Silver,Hybrid,Automatic,4.8,44501,129016,10766,High
12/31/2016,M3,2016,Europe,Grey,Electric,Manual,2.2,105264,90898,2757,Low
12/31/2019,M5,2019,Africa,Black,Electric,Automatic,1.5,70021,131662,959,Low
12/31/2012,5 Series,2012,North America,Black,Electric,Automatic,2.7,99647,72359,5693,High
12/31/2010,X5,2010,Africa,Black,Hybrid,Automatic,1.6,55245,59957,2005,Low
12/31/2014,M5,2014,Europe,White,Electric,Manual,4.4,73268,132080,659,Low
12/31/2022,X3,2022,Africa,White,Diesel,Automatic,3.2,576,101832,4389,Low
12/31/2013,X3,2013,South America,Red,Diesel,Manual,3.7,105214,49618,4323,Low
12/31/2019,X1,2019,North America,Silver,Hybrid,Automatic,2.9,161739,68066,8180,High
12/31/2017,7 Series,2017,North America,White,Diesel,Manual,2.7,72258,103970,1120,Low
12/31/2010,X6,2010,Asia,Red,Electric,Manual,2.3,180396,55818,4161,Low
12/31/2019,X5,2019,Africa,Blue,Diesel,Automatic,4.2,36951,111735,2536,Low
12/31/2010,i8,2010,South America,Black,Petrol,Automatic,3.9,88815,106986,50,Low
12/31/2021,7 Series,2021,Europe,White,Electric,Manual,2.8,87757,143218,1621,Low
12/31/2013,i8,2013,Asia,Silver,Electric,Automatic,2.6,26660,140504,50,Low
12/31/2017,X5,2017,Middle East,Silver,Diesel,Automatic,1.5,157978,62606,4909,Low
12/31/2014,X1,2014,Africa,Blue,Electric,Manual,1.7,159182,39598,3912,Low
12/31/2011,7 Series,2011,Europe,Grey,Diesel,Manual,3.7,123800,39526,1247,Low
12/31/2015,5 Series,2015,North America,White,Diesel,Automatic,3.3,199787,53581,6603,High
12/31/2014,X1,2014,Africa,Grey,Hybrid,Manual,3,87109,52954,3970,Low
12/31/2011,i3,2011,North America,Blue,Electric,Automatic,4.4,67250,71647,3799,Low
12/31/2022,X5,2022,Middle East,Blue,Hybrid,Manual,3.3,25709,126647,4813,Low
12/31/2023,i8,2023,Europe,Silver,Electric,Automatic,2.8,157862,162952,746,Low
12/31/2020,i3,2020,South America,Blue,Petrol,Automatic,2.1,180600,56156,4255,Low
12/31/2020,5 Series,2020,Europe,Silver,Electric,Manual,4.4,199709,98817,6644,High
12/31/2020,5 Series,2020,Middle East,Blue,Petrol,Manual,3.5,37550,105776,4262,Low
12/31/2012,M3,2012,North America,Red,Electric,Automatic,1.8,46129,82407,2111,Low
12/31/2024,i3,2024,Europe,Black,Hybrid,Automatic,3.8,75550,119756,6275,High
12/31/2018,X6,2018,Middle East,Blue,Petrol,Automatic,3,94408,102232,2599,Low
12/31/2016,X5,2016,North America,Silver,Petrol,Manual,4.3,25851,100410,6300,High
12/31/2016,M3,2016,Middle East,Black,Petrol,Automatic,4.7,183087,85010,1534,Low
12/31/2024,M3,2024,Europe,Red,Hybrid,Manual,3.6,27329,147210,3777,Low
12/31/2020,X3,2020,Asia,Black,Electric,Manual,4.1,120756,97028,10060,High
12/31/2015,5 Series,2015,Africa,White,Petrol,Manual,1.7,114491,52856,3760,Low
12/31/2017,X1,2017,Europe,Silver,Diesel,Automatic,3.5,133166,53988,7711,High
12/31/2013,3 Series,2013,Asia,Black,Petrol,Automatic,4.1,147628,48499,8316,High
12/31/2017,3 Series,2017,Africa,White,Diesel,Automatic,3.2,15488,80917,4582,Low
12/31/2013,X3,2013,North America,Blue,Petrol,Automatic,3.6,141505,52581,8940,High
12/31/2017,M5,2017,Asia,Blue,Diesel,Manual,4.6,27254,135433,1205,Low
12/31/2018,i3,2018,Europe,Black,Petrol,Manual,2.2,140763,55912,10735,High
12/31/2012,X5,2012,Middle East,White,Diesel,Automatic,1.8,143894,48997,3830,Low
12/31/2012,7 Series,2012,Europe,Black,Hybrid,Automatic,3.9,131987,93882,541,Low
12/31/2020,3 Series,2020,South America,Black,Diesel,Automatic,4.4,76192,89957,6039,High
12/31/2022,7 Series,2022,North America,Red,Hybrid,Manual,4.5,16221,158515,1909,Low
12/31/2011,i3,2011,Europe,Silver,Electric,Manual,3.7,5349,78176,4183,Low
12/31/2022,3 Series,2022,Middle East,Blue,Diesel,Manual,4.4,45656,107297,6937,High
12/31/2019,i3,2019,South America,Black,Petrol,Manual,4,59439,83152,2913,Low
12/31/2012,M5,2012,Middle East,Blue,Electric,Manual,1.8,61839,109494,124,Low
12/31/2012,5 Series,2012,Middle East,Blue,Electric,Manual,4.2,159333,67569,3684,Low
12/31/2014,X3,2014,Africa,Blue,Electric,Manual,2.1,194557,42819,4431,Low
12/31/2014,X6,2014,Middle East,Black,Electric,Automatic,2.3,49146,96236,2265,Low
12/31/2011,X6,2011,Middle East,Black,Petrol,Manual,2.9,119206,65666,1940,Low
12/31/2021,3 Series,2021,Europe,Red,Hybrid,Automatic,2.6,69766,95544,10428,High
12/31/2019,X3,2019,North America,Blue,Petrol,Automatic,2.6,101035,81068,9406,High
12/31/2022,X3,2022,South America,Black,Diesel,Manual,2.1,95568,82495,5380,High
12/31/2015,7 Series,2015,Africa,Blue,Diesel,Manual,2.5,191408,68241,558,Low
12/31/2014,5 Series,2014,Asia,White,Petrol,Automatic,1.6,98407,57987,6456,High
12/31/2015,X1,2015,Middle East,Black,Electric,Manual,3.2,167427,56751,5010,High
12/31/2010,7 Series,2010,South America,Red,Electric,Automatic,4.2,118156,99476,50,Low
12/31/2014,M3,2014,Africa,Grey,Electric,Automatic,4.5,36266,110810,568,Low
12/31/2018,5 Series,2018,Europe,Red,Petrol,Manual,4.4,169867,76995,7118,High
12/31/2021,3 Series,2021,South America,White,Diesel,Automatic,3,51063,89092,6171,High
12/31/2019,X1,2019,Europe,White,Hybrid,Automatic,4.1,88013,87964,8460,High
12/31/2023,X1,2023,South America,Red,Electric,Automatic,2.5,91220,96042,5147,High
12/31/2011,M5,2011,Asia,White,Electric,Automatic,1.7,50464,109834,841,Low
12/31/2010,M5,2010,South America,Blue,Electric,Automatic,3.9,139586,99244,50,Low
12/31/2023,7 Series,2023,Africa,Silver,Electric,Manual,3.8,117510,140453,1238,Low
12/31/2019,M5,2019,Europe,Red,Petrol,Automatic,4.3,88782,131209,1619,Low
12/31/2022,7 Series,2022,Africa,Silver,Diesel,Automatic,3.7,46598,133913,765,Low
12/31/2020,i8,2020,Middle East,Silver,Hybrid,Automatic,2,40623,161305,170,Low
12/31/2018,3 Series,2018,Middle East,White,Diesel,Automatic,4.5,154329,70611,7035,High
12/31/2019,M3,2019,Europe,Silver,Petrol,Manual,3.7,135833,87974,3278,Low
12/31/2018,M3,2018,North America,Grey,Diesel,Automatic,4.3,122955,92390,2764,Low
12/31/2024,i3,2024,North America,Blue,Electric,Manual,4.2,152179,110830,6788,High
12/31/2018,M5,2018,Africa,White,Diesel,Manual,2.5,21175,124316,472,Low
12/31/2015,M5,2015,Asia,Red,Hybrid,Automatic,1.8,54636,119553,1375,Low
12/31/2024,X6,2024,Europe,Grey,Diesel,Manual,2.1,75841,108671,4660,Low
12/31/2017,i8,2017,Middle East,White,Petrol,Automatic,1.8,52327,139856,50,Low
12/31/2023,M3,2023,Asia,Black,Electric,Automatic,2.4,196238,103187,4140,Low
12/31/2020,X1,2020,Middle East,Blue,Diesel,Manual,3.1,59102,78005,6131,High
12/31/2024,5 Series,2024,Asia,Grey,Electric,Automatic,4.7,124858,126143,8392,High
12/31/2022,M3,2022,Asia,Red,Hybrid,Manual,4.6,156811,115588,4047,Low
12/31/2010,M5,2010,Europe,Blue,Electric,Automatic,4,52357,114584,329,Low
12/31/2019,5 Series,2019,North America,Blue,Electric,Automatic,1.6,59002,102890,6803,High
12/31/2013,i3,2013,Asia,Blue,Diesel,Manual,2.7,52711,54332,5288,High
12/31/2010,X3,2010,South America,Black,Hybrid,Automatic,3.9,188639,25000,4722,Low
12/31/2017,X3,2017,Africa,Grey,Petrol,Automatic,2,81545,63712,4620,Low
12/31/2010,5 Series,2010,Europe,White,Hybrid,Automatic,4.3,185212,53191,5284,High
12/31/2012,X6,2012,Africa,Black,Hybrid,Manual,4.7,91544,84943,1390,Low
12/31/2022,M3,2022,North America,Silver,Electric,Manual,2.7,103901,117888,3942,Low
12/31/2013,i8,2013,Africa,Silver,Hybrid,Automatic,4,60124,141183,50,Low
12/31/2024,7 Series,2024,Africa,Blue,Petrol,Automatic,2,133039,117033,1249,Low
12/31/2024,M5,2024,Europe,Black,Diesel,Automatic,3.9,70998,155070,1837,Low
12/31/2024,X6,2024,North America,Blue,Hybrid,Manual,1.6,19430,132122,4572,Low
12/31/2017,M5,2017,Asia,Grey,Electric,Automatic,2,83383,70149,2443,Low
12/31/2015,3 Series,2015,North America,White,Diesel,Manual,4,17211,73501,9868,High
12/31/2023,X5,2023,Middle East,Red,Diesel,Automatic,4,146310,108281,4512,Low
12/31/2019,M3,2019,Africa,Silver,Electric,Automatic,3.7,159856,99662,2083,Low
12/31/2021,M5,2021,North America,Black,Petrol,Automatic,3.2,198523,112439,1980,Low
12/31/2016,i3,2016,Europe,Black,Petrol,Manual,3.9,167437,52384,4803,Low
12/31/2023,X6,2023,Europe,Black,Electric,Automatic,4.2,132964,131446,4951,Low
12/31/2017,i3,2017,Asia,Silver,Diesel,Automatic,4.9,18561,96546,4138,Low
12/31/2011,5 Series,2011,North America,White,Diesel,Automatic,4.6,188094,48252,6393,High
12/31/2022,7 Series,2022,South America,Silver,Petrol,Automatic,4.3,166692,126044,970,Low
12/31/2019,X5,2019,Europe,Silver,Petrol,Manual,3.9,116837,96526,6108,High
12/31/2023,X5,2023,Asia,Red,Electric,Manual,3.5,115949,116678,6470,High
12/31/2020,5 Series,2020,Africa,Red,Hybrid,Manual,1.9,18709,100864,3559,Low
12/31/2017,3 Series,2017,South America,Blue,Petrol,Manual,2.1,146245,46558,5398,High
12/31/2012,X1,2012,Asia,Red,Hybrid,Automatic,4.4,78636,63978,7109,High
12/31/2016,3 Series,2016,South America,White,Electric,Manual,4.3,77809,88936,5404,High
12/31/2012,X3,2012,North America,Silver,Hybrid,Automatic,3.7,111587,61209,7006,High
12/31/2024,M5,2024,Asia,Silver,Electric,Automatic,3,149252,148376,2387,Low
12/31/2016,X6,2016,South America,White,Diesel,Automatic,1.6,130713,64520,2290,Low
12/31/2023,3 Series,2023,South America,Red,Hybrid,Manual,2.6,26158,112121,7256,High
12/31/2020,i3,2020,Asia,Red,Petrol,Manual,3,75606,78357,5151,High
12/31/2024,M5,2024,Asia,Silver,Petrol,Manual,3.2,105447,138766,1962,Low
12/31/2021,X3,2021,South America,Blue,Electric,Automatic,4.8,179860,101262,6647,High
12/31/2022,M5,2022,Africa,Silver,Diesel,Automatic,1.9,11640,142453,723,Low
12/31/2011,3 Series,2011,Middle East,Blue,Diesel,Automatic,3.3,188668,27497,6422,High
12/31/2019,X1,2019,North America,Blue,Electric,Manual,2.8,116545,78902,7843,High
12/31/2015,M3,2015,Europe,Grey,Electric,Automatic,5,173825,96901,2370,Low
12/31/2012,X1,2012,Europe,Silver,Diesel,Automatic,4.5,110298,46212,6700,High
12/31/2012,5 Series,2012,Asia,Grey,Hybrid,Manual,3,181037,48951,7775,High
12/31/2024,X1,2024,South America,Black,Hybrid,Automatic,5,142020,103170,5153,High
12/31/2018,7 Series,2018,Europe,Black,Petrol,Automatic,3.3,191240,102155,1502,Low
12/31/2016,M3,2016,Europe,Blue,Hybrid,Manual,2.1,94861,88697,2754,Low
12/31/2014,X3,2014,South America,Blue,Electric,Manual,3.4,138819,64809,4395,Low
12/31/2021,X5,2021,South America,Blue,Diesel,Manual,2.3,51904,101475,3961,Low
12/31/2019,X5,2019,South America,Grey,Electric,Manual,3.7,25895,115104,3600,Low
12/31/2016,X5,2016,Asia,Silver,Petrol,Automatic,4.8,146069,84177,6140,High
12/31/2018,7 Series,2018,Africa,Blue,Petrol,Automatic,4.3,63502,121915,246,Low
12/31/2010,M3,2010,Asia,Blue,Hybrid,Automatic,2.5,142232,56367,2451,Low
12/31/2016,i8,2016,Asia,Silver,Diesel,Manual,2.5,173887,109572,169,Low
12/31/2015,M3,2015,South America,Silver,Petrol,Automatic,1.7,99999,69552,1374,Low
12/31/2019,7 Series,2019,North America,Red,Hybrid,Automatic,2.5,38110,133608,1411,Low
12/31/2023,i3,2023,Europe,White,Hybrid,Automatic,1.8,191913,75344,6373,High
12/31/2021,M5,2021,South America,Red,Hybrid,Manual,3.2,8848,151423,1044,Low
12/31/2018,5 Series,2018,North America,Black,Hybrid,Manual,4,72061,99473,6139,High
12/31/2010,7 Series,2010,Asia,Red,Diesel,Automatic,4.1,135841,75704,833,Low
12/31/2022,i3,2022,Asia,Grey,Hybrid,Automatic,1.7,61486,100526,6479,High
12/31/2013,i3,2013,Africa,White,Hybrid,Manual,2.7,4777,72213,2037,Low
12/31/2018,X1,2018,Middle East,Black,Hybrid,Automatic,2.5,106033,69658,5600,High
12/31/2013,M5,2013,Asia,White,Petrol,Automatic,1.9,176631,80238,1733,Low
12/31/2019,X5,2019,South America,Black,Hybrid,Manual,2.8,114796,94094,3570,Low
12/31/2012,3 Series,2012,Middle East,Red,Hybrid,Manual,2.5,3037,68811,6297,High
12/31/2018,i8,2018,Asia,Red,Hybrid,Automatic,3.7,112653,152550,389,Low
12/31/2022,3 Series,2022,Europe,Grey,Diesel,Automatic,4.6,120792,92855,10815,High
12/31/2011,X3,2011,Africa,Silver,Hybrid,Automatic,3.1,131650,49056,3833,Low
12/31/2024,7 Series,2024,South America,Grey,Petrol,Manual,4.1,6373,161408,793,Low
12/31/2013,3 Series,2013,Asia,Blue,Diesel,Manual,2,54716,47347,10603,High
12/31/2024,i8,2024,North America,White,Diesel,Automatic,4.6,143510,167046,470,Low
12/31/2015,X3,2015,Middle East,Blue,Hybrid,Automatic,2,23062,81243,5265,High
12/31/2011,X1,2011,North America,Grey,Electric,Automatic,2.2,69524,49290,7157,High
12/31/2024,X6,2024,Middle East,Grey,Hybrid,Manual,1.9,97195,121522,3757,Low
12/31/2017,3 Series,2017,Asia,Blue,Diesel,Automatic,2.6,141305,57554,11555,High
12/31/2017,i8,2017,Africa,Black,Hybrid,Automatic,3.4,107908,140450,50,Low
12/31/2010,X3,2010,Middle East,Red,Hybrid,Manual,5,134707,57296,4533,Low
12/31/2021,i3,2021,North America,Blue,Electric,Automatic,4.3,9416,118481,6199,High
12/31/2012,i8,2012,Middle East,Silver,Electric,Manual,2.8,90022,134481,50,Low
12/31/2019,M5,2019,Europe,White,Electric,Automatic,3.5,24085,158576,1680,Low
12/31/2018,X5,2018,North America,Grey,Hybrid,Manual,3.7,210,125508,5626,High
12/31/2014,i8,2014,North America,Black,Hybrid,Automatic,4.4,8772,154693,50,Low
12/31/2015,3 Series,2015,Asia,White,Petrol,Automatic,4.1,108227,67505,9402,High
12/31/2013,M5,2013,Middle East,Red,Hybrid,Automatic,3.5,130708,114518,224,Low
12/31/2019,X6,2019,Africa,Grey,Petrol,Manual,3.8,29316,114918,1742,Low
12/31/2011,X5,2011,Asia,Blue,Hybrid,Manual,4.1,171452,59673,5644,High
12/31/2020,X5,2020,Middle East,White,Electric,Automatic,2,28902,116719,3811,Low
12/31/2017,3 Series,2017,Europe,White,Electric,Automatic,2.2,54777,84341,9461,High
12/31/2020,M5,2020,Middle East,Grey,Electric,Manual,3.9,174809,143060,1494,Low
12/31/2022,X5,2022,South America,White,Electric,Automatic,4.5,5755,141420,4131,Low
12/31/2015,i8,2015,South America,Blue,Diesel,Automatic,2.9,6666,134151,50,Low
12/31/2014,i3,2014,Middle East,Red,Hybrid,Manual,4.9,67395,79909,2951,Low
12/31/2018,M3,2018,South America,Blue,Electric,Manual,2.3,191344,81287,2514,Low
12/31/2010,i3,2010,Middle East,Blue,Petrol,Automatic,3,24456,51850,2771,Low
12/31/2014,M5,2014,South America,Red,Hybrid,Manual,2.8,95581,105237,295,Low
12/31/2015,X5,2015,Africa,Grey,Diesel,Manual,4.8,10290,93312,2318,Low
12/31/2014,X5,2014,Africa,Grey,Hybrid,Automatic,2.5,22073,88036,2442,Low
12/31/2015,5 Series,2015,North America,Grey,Hybrid,Manual,3.1,88139,82411,7359,High
12/31/2015,7 Series,2015,Middle East,White,Electric,Automatic,2.2,105141,111801,292,Low
12/31/2016,i8,2016,Africa,Black,Hybrid,Automatic,3.3,87806,139167,50,Low
12/31/2013,3 Series,2013,North America,Red,Electric,Automatic,4.5,178224,62026,10412,High
12/31/2023,X3,2023,North America,Black,Hybrid,Automatic,2.6,44940,115514,9360,High
12/31/2020,M5,2020,North America,Blue,Diesel,Manual,4.3,144106,120654,2070,Low
12/31/2023,X1,2023,Africa,Blue,Electric,Manual,4.7,187625,88784,5584,High
12/31/2023,7 Series,2023,Europe,Grey,Diesel,Manual,1.8,126740,115567,1671,Low
12/31/2023,X1,2023,North America,Blue,Diesel,Automatic,4.1,142234,87528,7156,High
12/31/2024,M5,2024,Asia,Blue,Petrol,Automatic,2.4,139076,139298,2236,Low
12/31/2017,7 Series,2017,Europe,Silver,Hybrid,Manual,2.1,88374,109930,1150,Low
12/31/2016,X5,2016,South America,Silver,Petrol,Manual,3.6,106068,76716,3301,Low
12/31/2018,7 Series,2018,North America,Blue,Electric,Automatic,4,112064,137088,1647,Low
12/31/2016,M3,2016,Europe,Blue,Diesel,Automatic,2.9,76815,85122,2430,Low
12/31/2012,5 Series,2012,South America,Black,Hybrid,Manual,1.6,55271,60880,3918,Low
12/31/2012,3 Series,2012,North America,Silver,Petrol,Manual,4.7,130453,49795,7934,High
12/31/2024,X3,2024,Africa,Red,Diesel,Manual,4.1,15702,120240,4974,Low
12/31/2017,X1,2017,Europe,Blue,Electric,Automatic,2.5,28819,83138,7279,High
12/31/2014,7 Series,2014,Africa,White,Electric,Automatic,3.2,172415,42745,885,Low
12/31/2013,5 Series,2013,Europe,Grey,Electric,Automatic,1.6,101808,67895,6296,High
12/31/2017,7 Series,2017,South America,White,Electric,Automatic,2.7,101703,117768,324,Low
12/31/2024,7 Series,2024,Middle East,Silver,Diesel,Manual,3.3,126765,135771,1310,Low
12/31/2015,3 Series,2015,South America,Blue,Electric,Automatic,3.3,195376,55083,6481,High
12/31/2011,M3,2011,Africa,Black,Diesel,Automatic,2.2,21864,66008,687,Low
12/31/2013,M3,2013,Europe,Silver,Diesel,Manual,4.2,100965,73436,2404,Low
12/31/2021,5 Series,2021,North America,Blue,Petrol,Automatic,2.5,151028,83340,6618,High
12/31/2020,X6,2020,Middle East,Blue,Petrol,Automatic,3.5,145629,99990,2733,Low
12/31/2013,3 Series,2013,Africa,Blue,Hybrid,Automatic,2.5,176701,39695,4242,Low
12/31/2024,X1,2024,North America,Grey,Petrol,Manual,3,182647,73125,9653,High
12/31/2015,X1,2015,North America,Red,Electric,Manual,2.2,137336,52881,7351,High
12/31/2015,i8,2015,Middle East,Blue,Diesel,Automatic,3.7,153278,121225,50,Low
12/31/2010,3 Series,2010,Middle East,White,Electric,Automatic,3,12447,71296,6257,High
12/31/2023,X1,2023,Middle East,Silver,Electric,Manual,1.6,155090,78592,7040,High
12/31/2017,5 Series,2017,Europe,Blue,Electric,Manual,1.6,125196,74207,7138,High
12/31/2015,X6,2015,Europe,Red,Hybrid,Manual,3.1,121001,85840,3471,Low
12/31/2012,M5,2012,Europe,Blue,Diesel,Manual,2.1,179159,69301,1554,Low
12/31/2023,X5,2023,South America,White,Petrol,Automatic,3.5,109321,112364,4392,Low
12/31/2018,M3,2018,Middle East,Silver,Diesel,Automatic,2.9,104622,95145,1775,Low
12/31/2011,7 Series,2011,Middle East,Silver,Hybrid,Manual,3.8,15556,113481,50,Low
12/31/2024,X5,2024,Africa,Black,Hybrid,Manual,4.8,99771,126386,3679,Low
12/31/2020,X6,2020,Middle East,Silver,Petrol,Automatic,3.4,1468,123978,2561,Low
12/31/2017,X3,2017,North America,Black,Electric,Automatic,4.3,51769,105351,7307,High
12/31/2019,X5,2019,Middle East,Red,Electric,Automatic,4.1,141561,112415,4595,Low
12/31/2012,i3,2012,Asia,Red,Petrol,Automatic,4.7,73240,33727,4345,Low
12/31/2022,M5,2022,Asia,Blue,Petrol,Manual,2.2,106054,134142,2069,Low
12/31/2021,7 Series,2021,Asia,Grey,Diesel,Automatic,4.4,76155,140704,1540,Low
12/31/2014,7 Series,2014,Middle East,Grey,Petrol,Automatic,4.7,2877,128525,50,Low
12/31/2015,3 Series,2015,South America,Grey,Hybrid,Automatic,2.9,114236,64402,6247,High
12/31/2019,7 Series,2019,Europe,Black,Hybrid,Manual,2.6,166938,103582,1971,Low
12/31/2015,7 Series,2015,North America,Black,Hybrid,Automatic,4.8,59178,127362,650,Low
12/31/2013,i3,2013,Asia,Blue,Hybrid,Automatic,3.7,51739,77498,4252,Low
12/31/2012,i3,2012,Asia,Silver,Electric,Automatic,2.8,194324,44167,4436,Low
12/31/2013,X1,2013,North America,Blue,Diesel,Automatic,4.3,49313,59594,7144,High
12/31/2010,X1,2010,North America,Black,Petrol,Automatic,2.6,31828,40473,7972,High
12/31/2013,X1,2013,Europe,White,Petrol,Manual,2.1,37658,48320,6394,High
12/31/2010,X1,2010,South America,Blue,Petrol,Manual,3.4,134926,25000,4895,Low
12/31/2021,X6,2021,Europe,Red,Petrol,Manual,3.5,115204,101977,4060,Low
12/31/2024,i3,2024,Asia,Red,Electric,Manual,4.4,104720,112154,6675,High
12/31/2010,5 Series,2010,Africa,White,Diesel,Manual,3.1,55352,50174,2884,Low
12/31/2019,5 Series,2019,Africa,White,Diesel,Automatic,4.4,84280,56429,4118,Low
12/31/2023,X6,2023,Asia,Black,Electric,Automatic,2.6,80215,132635,5620,High
12/31/2015,X3,2015,Asia,Black,Hybrid,Manual,3.5,160639,61734,9987,High
12/31/2014,X1,2014,North America,Silver,Diesel,Automatic,2.2,63889,47742,7033,High
12/31/2023,M5,2023,South America,Silver,Hybrid,Manual,2.8,6126,153559,1342,Low
12/31/2020,5 Series,2020,North America,White,Diesel,Automatic,4.5,76073,104702,6004,High
12/31/2024,i8,2024,North America,Grey,Hybrid,Automatic,2.3,105412,164413,1005,Low
12/31/2013,i3,2013,Asia,Red,Diesel,Manual,4.3,122677,49416,4344,Low
12/31/2022,X5,2022,Middle East,Grey,Electric,Automatic,2.5,110223,123123,4394,Low
12/31/2020,5 Series,2020,Europe,Black,Petrol,Manual,1.6,196299,37975,6716,High
12/31/2012,X5,2012,Middle East,Red,Hybrid,Manual,1.9,146320,59979,3049,Low
12/31/2010,M3,2010,Asia,Red,Petrol,Manual,4.1,35755,75106,2245,Low
12/31/2015,X3,2015,North America,White,Electric,Automatic,2.4,159008,62129,8593,High
12/31/2011,M5,2011,Middle East,White,Hybrid,Automatic,3.8,168842,94209,228,Low
12/31/2017,M3,2017,Asia,Blue,Electric,Manual,3.9,94375,108440,2683,Low
12/31/2019,3 Series,2019,North America,White,Diesel,Manual,2.7,67579,75149,10150,High
12/31/2014,X5,2014,North America,Blue,Hybrid,Automatic,3.2,14500,102454,4974,Low
12/31/2016,M5,2016,North America,Red,Hybrid,Automatic,2.9,192999,104691,1512,Low
12/31/2019,X1,2019,Europe,Grey,Hybrid,Manual,4.8,22090,103358,8360,High
12/31/2021,X6,2021,Europe,Blue,Petrol,Manual,2.6,164379,88600,745,Low
12/31/2011,M3,2011,North America,Grey,Electric,Automatic,2.1,113770,69142,2260,Low
12/31/2022,5 Series,2022,Middle East,Silver,Electric,Automatic,2.8,1693,129067,5734,High
12/31/2017,X3,2017,South America,Grey,Electric,Automatic,3.8,155250,80962,4498,Low
12/31/2011,X6,2011,North America,Blue,Diesel,Automatic,3.9,7082,87789,2984,Low
12/31/2013,X6,2013,Europe,Red,Diesel,Manual,4.7,15071,101116,3014,Low
12/31/2010,5 Series,2010,South America,Grey,Petrol,Automatic,4.6,142426,53655,3260,Low
12/31/2024,5 Series,2024,Asia,Black,Petrol,Automatic,2.5,138492,100931,8418,High
12/31/2014,M5,2014,Europe,Black,Diesel,Automatic,3.1,29447,108360,1027,Low
12/31/2018,M3,2018,North America,Silver,Hybrid,Manual,4.1,123434,103488,2947,Low
12/31/2010,M5,2010,Europe,Red,Electric,Automatic,4.7,183072,101629,566,Low
12/31/2018,i3,2018,South America,Blue,Hybrid,Manual,2.7,171574,64196,3993,Low
12/31/2020,5 Series,2020,Asia,Grey,Petrol,Automatic,3.1,158108,83830,7916,High
12/31/2024,X5,2024,Middle East,Silver,Hybrid,Manual,4.6,116751,133228,4357,Low
12/31/2017,i3,2017,Middle East,Red,Diesel,Automatic,2.8,91459,63888,3499,Low
12/31/2015,5 Series,2015,Europe,Red,Diesel,Automatic,3.2,107499,65943,5654,High
12/31/2016,5 Series,2016,Asia,Grey,Diesel,Automatic,4.7,13892,99363,6774,High
12/31/2012,i8,2012,South America,Red,Petrol,Automatic,4.3,176274,103693,50,Low
12/31/2023,7 Series,2023,Africa,Blue,Hybrid,Automatic,2.4,57157,144705,1132,Low
12/31/2024,X3,2024,Europe,White,Petrol,Manual,2.6,49693,108803,9611,High
12/31/2010,M5,2010,North America,Grey,Diesel,Automatic,2.7,1051,96982,683,Low
12/31/2014,X1,2014,Africa,Grey,Petrol,Manual,4.7,23308,70869,3958,Low
12/31/2023,X3,2023,Middle East,Silver,Petrol,Manual,5,59118,119556,5319,High
12/31/2021,3 Series,2021,Africa,Silver,Electric,Manual,4.2,180290,82590,5703,High
12/31/2021,M5,2021,South America,White,Hybrid,Automatic,3.2,142911,135335,1541,Low
12/31/2011,3 Series,2011,South America,Black,Diesel,Automatic,1.5,176697,25000,5950,High
12/31/2023,7 Series,2023,North America,Silver,Petrol,Manual,3.9,37372,145948,1612,Low
12/31/2014,7 Series,2014,Asia,White,Electric,Automatic,2.9,101187,106322,898,Low
12/31/2017,M5,2017,South America,Black,Hybrid,Automatic,3.7,122633,121863,524,Low
12/31/2020,X3,2020,Asia,Silver,Petrol,Manual,3.6,169394,73797,9476,High
12/31/2018,X6,2018,Middle East,Red,Diesel,Automatic,3.2,171776,83099,2785,Low
12/31/2011,M3,2011,Europe,Black,Petrol,Automatic,4.8,42199,85239,1712,Low
12/31/2021,3 Series,2021,North America,Red,Petrol,Automatic,1.6,88579,74326,11253,High
12/31/2012,i3,2012,Asia,White,Petrol,Automatic,4,44303,61139,5060,High
12/31/2012,i8,2012,North America,Blue,Diesel,Automatic,2.9,171718,97524,50,Low
12/31/2010,i3,2010,North America,Silver,Hybrid,Automatic,4,168305,43634,4433,Low
12/31/2017,5 Series,2017,Africa,White,Diesel,Manual,3.9,42520,88864,3350,Low
12/31/2015,X3,2015,North America,Grey,Hybrid,Automatic,1.5,81806,66575,8926,High
12/31/2021,X1,2021,South America,Grey,Petrol,Automatic,2.5,57736,77488,4591,Low
12/31/2022,3 Series,2022,Asia,Silver,Diesel,Automatic,2.2,5898,97833,9091,High
12/31/2017,7 Series,2017,Europe,Grey,Diesel,Automatic,2.1,54324,111374,1146,Low
12/31/2020,X1,2020,South America,Grey,Diesel,Automatic,4,135718,67335,4766,Low
12/31/2018,i8,2018,Asia,Silver,Electric,Manual,2.3,20438,158621,283,Low
12/31/2014,X3,2014,Asia,Red,Petrol,Manual,3.2,164482,47719,7877,High
12/31/2023,X3,2023,Asia,Grey,Petrol,Automatic,2.4,128514,85676,9232,High
12/31/2021,3 Series,2021,Middle East,Silver,Diesel,Manual,3.5,15243,97299,7667,High
12/31/2023,M3,2023,Middle East,Silver,Hybrid,Automatic,4,31766,147731,2569,Low
12/31/2012,i3,2012,Europe,Blue,Petrol,Manual,2.7,129957,37301,5033,High
12/31/2014,M3,2014,Asia,White,Electric,Automatic,3.6,189902,79390,2752,Low
12/31/2014,M3,2014,North America,Black,Hybrid,Automatic,4.4,167126,87269,2060,Low
12/31/2014,M3,2014,Africa,Blue,Diesel,Manual,1.8,85881,62310,1249,Low
12/31/2012,M3,2012,Europe,Blue,Diesel,Manual,4,136232,61227,2659,Low
12/31/2020,M5,2020,North America,Silver,Electric,Manual,2.6,30064,148586,1705,Low
12/31/2023,X6,2023,Europe,Blue,Petrol,Manual,1.9,14909,119815,4187,Low
12/31/2019,M3,2019,Africa,White,Petrol,Manual,3.4,5596,111167,1193,Low
12/31/2023,M5,2023,South America,White,Petrol,Manual,2.3,25938,137237,1018,Low
12/31/2013,i3,2013,Asia,Grey,Hybrid,Automatic,4.4,22909,87205,4324,Low
12/31/2018,i3,2018,Asia,Black,Electric,Manual,1.7,133078,65473,6543,High
12/31/2022,X1,2022,Asia,Grey,Hybrid,Automatic,1.8,96592,83530,10014,High
12/31/2019,M3,2019,Middle East,Red,Electric,Automatic,3.3,28680,129187,1771,Low
12/31/2018,i3,2018,North America,Black,Electric,Manual,3.6,133118,84771,4736,Low
12/31/2011,X5,2011,Asia,Blue,Electric,Automatic,4.1,114108,79167,5366,High
12/31/2017,3 Series,2017,South America,Black,Hybrid,Manual,2.4,117172,66390,5349,High
12/31/2017,3 Series,2017,Asia,Blue,Hybrid,Manual,4.4,89959,83311,10032,High
12/31/2016,3 Series,2016,South America,Red,Petrol,Manual,4.8,18151,81424,5649,High
12/31/2017,X3,2017,Africa,White,Petrol,Automatic,3.2,54725,76598,4641,Low
12/31/2023,M3,2023,South America,White,Hybrid,Automatic,4.2,149774,113614,2693,Low
12/31/2012,X1,2012,South America,Red,Diesel,Manual,3.3,127598,30942,4090,Low
12/31/2022,M5,2022,North America,Grey,Petrol,Automatic,1.7,71941,129375,2157,Low
12/31/2015,7 Series,2015,Middle East,Grey,Diesel,Manual,2.6,78196,104443,347,Low
12/31/2010,X1,2010,Africa,Grey,Diesel,Automatic,1.8,90606,25000,3805,Low
12/31/2016,X3,2016,South America,Black,Hybrid,Manual,5,95121,88419,4216,Low
12/31/2024,5 Series,2024,North America,Silver,Electric,Manual,2.3,15733,136598,7869,High
12/31/2024,X3,2024,South America,White,Petrol,Manual,3.7,100977,105106,5952,High
12/31/2010,5 Series,2010,South America,Grey,Diesel,Manual,2.5,83165,42922,3319,Low
12/31/2018,M3,2018,Europe,Blue,Electric,Manual,3.8,139986,105817,2758,Low
12/31/2010,X5,2010,North America,White,Petrol,Automatic,2.2,191033,34566,4980,Low
12/31/2010,X3,2010,Africa,Grey,Hybrid,Manual,4.2,158043,42583,4189,Low
12/31/2024,5 Series,2024,North America,Blue,Petrol,Manual,1.9,192534,85057,7702,High
12/31/2016,i8,2016,Europe,Silver,Hybrid,Automatic,4.6,153626,149421,50,Low
12/31/2011,i8,2011,South America,Grey,Hybrid,Manual,4.4,75257,128226,50,Low
12/31/2023,5 Series,2023,South America,Black,Hybrid,Manual,3.9,586,138570,4838,Low
12/31/2014,7 Series,2014,Middle East,Black,Electric,Manual,1.7,139133,92004,414,Low
12/31/2017,i3,2017,Middle East,White,Diesel,Manual,2.2,52238,68283,3150,Low
12/31/2017,3 Series,2017,Asia,Silver,Electric,Manual,4.5,82309,89123,8539,High
12/31/2012,X5,2012,South America,Blue,Diesel,Manual,1.9,187160,33420,3101,Low
12/31/2016,i8,2016,North America,Grey,Diesel,Automatic,2,174070,108140,151,Low
12/31/2012,5 Series,2012,North America,Black,Petrol,Manual,3.4,20510,76387,6441,High
12/31/2015,X5,2015,Europe,Black,Hybrid,Automatic,2.5,74607,88129,5481,High
12/31/2015,M3,2015,South America,Blue,Electric,Automatic,2.3,111383,80195,1560,Low
12/31/2012,3 Series,2012,North America,Blue,Diesel,Manual,3.5,143117,38890,8376,High
12/31/2016,i8,2016,South America,White,Petrol,Automatic,2.8,175127,114386,50,Low
12/31/2012,i8,2012,North America,Grey,Hybrid,Manual,2,74820,118660,50,Low
12/31/2017,5 Series,2017,Middle East,Black,Hybrid,Automatic,3.4,100974,98297,4547,Low
12/31/2019,M5,2019,Middle East,Blue,Petrol,Manual,2.9,93849,125049,1018,Low
12/31/2013,X1,2013,Africa,Blue,Hybrid,Automatic,4.1,21499,76510,3729,Low
12/31/2024,i8,2024,Europe,Grey,Hybrid,Manual,1.9,153385,150647,1107,Low
12/31/2024,X3,2024,Europe,Black,Electric,Automatic,3.7,101989,120931,8470,High
12/31/2022,M5,2022,South America,Grey,Petrol,Automatic,3,130671,121225,1319,Low
12/31/2010,M3,2010,Middle East,Black,Petrol,Automatic,2.9,11823,79045,956,Low
12/31/2013,5 Series,2013,North America,Blue,Diesel,Manual,2.3,123129,50113,5727,High
12/31/2023,M3,2023,Asia,Black,Electric,Manual,1.6,53042,121018,4437,Low
12/31/2016,3 Series,2016,Asia,White,Electric,Manual,4.5,69058,88950,10872,High
12/31/2020,3 Series,2020,Africa,Silver,Petrol,Manual,2.6,153203,61941,5051,High
12/31/2013,i3,2013,Africa,Blue,Hybrid,Manual,3.9,3473,81804,1760,Low
12/31/2022,5 Series,2022,South America,White,Hybrid,Automatic,4.8,72789,122339,4542,Low
12/31/2015,i3,2015,South America,Grey,Hybrid,Manual,3.5,3570,83144,2652,Low
12/31/2018,X3,2018,Europe,Black,Electric,Automatic,2.9,155675,76248,9763,High
12/31/2010,i8,2010,North America,Grey,Hybrid,Manual,2.4,109597,105196,50,Low
12/31/2022,M5,2022,Asia,Black,Electric,Manual,4.8,154625,158379,2431,Low
12/31/2014,X3,2014,Asia,Grey,Petrol,Automatic,3.9,119240,63310,7831,High
12/31/2020,M3,2020,Middle East,White,Petrol,Manual,3.8,140736,100224,2009,Low
12/31/2016,M5,2016,Middle East,Silver,Petrol,Automatic,3,150307,111857,757,Low
12/31/2010,i3,2010,Africa,Silver,Electric,Automatic,4.5,11768,78130,1649,Low
12/31/2023,5 Series,2023,South America,White,Diesel,Manual,4,73789,109952,4437,Low
12/31/2013,M3,2013,Middle East,White,Hybrid,Automatic,2.5,111541,33480,1870,Low
12/31/2015,X6,2015,Middle East,Grey,Hybrid,Automatic,3.6,137243,92108,2128,Low
12/31/2011,X3,2011,Middle East,Blue,Hybrid,Manual,3,39199,68469,4950,Low
12/31/2019,3 Series,2019,North America,Silver,Hybrid,Automatic,1.5,91321,109834,9671,High
12/31/2014,3 Series,2014,Asia,Silver,Hybrid,Automatic,4.3,25157,82897,9942,High
12/31/2020,X6,2020,Asia,Black,Petrol,Automatic,1.9,126076,94940,5087,High
12/31/2019,X3,2019,Middle East,Grey,Diesel,Automatic,3.3,105622,78354,6380,High
12/31/2010,M5,2010,South America,Silver,Electric,Manual,2.7,10053,107128,50,Low
12/31/2015,7 Series,2015,North America,Blue,Diesel,Manual,2.7,67451,99738,960,Low
12/31/2015,5 Series,2015,Europe,Black,Diesel,Manual,3.2,125375,61550,6512,High
12/31/2022,X1,2022,South America,Red,Electric,Automatic,5,57813,117039,5663,High
12/31/2024,5 Series,2024,Asia,Silver,Electric,Manual,2.9,73374,127930,7937,High
12/31/2024,M3,2024,North America,Silver,Petrol,Manual,2.1,50194,117938,3857,Low
12/31/2013,i8,2013,Middle East,White,Diesel,Automatic,3.6,77511,136269,50,Low
12/31/2022,M3,2022,North America,Grey,Electric,Manual,2.3,38919,123058,3126,Low
12/31/2017,3 Series,2017,Europe,Red,Petrol,Manual,1.9,14590,71392,8432,High
12/31/2013,M3,2013,Middle East,Silver,Diesel,Manual,1.7,35135,70707,1583,Low
12/31/2017,X3,2017,Middle East,Silver,Hybrid,Automatic,1.6,194764,56439,7070,High
12/31/2024,i3,2024,South America,Grey,Petrol,Manual,3,145021,81919,3461,Low
12/31/2022,X6,2022,Asia,Grey,Electric,Automatic,3,32635,135549,4472,Low
12/31/2017,7 Series,2017,Europe,Grey,Electric,Manual,2.1,153460,106444,1218,Low
12/31/2014,5 Series,2014,North America,Red,Petrol,Automatic,4.2,140466,66299,6106,High
12/31/2022,M3,2022,Middle East,Silver,Electric,Automatic,2,35324,129394,2595,Low
12/31/2024,M3,2024,Asia,Silver,Diesel,Automatic,4.7,45786,133500,3233,Low
12/31/2013,i8,2013,Middle East,White,Petrol,Automatic,3.6,17666,136649,50,Low
12/31/2021,7 Series,2021,Africa,Blue,Diesel,Manual,1.6,5892,67960,1368,Low
12/31/2022,M3,2022,North America,Grey,Petrol,Automatic,4.9,122853,122746,2641,Low
12/31/2011,5 Series,2011,North America,Silver,Electric,Automatic,2.6,32699,77700,6468,High
12/31/2020,M3,2020,Europe,Blue,Petrol,Manual,3.1,50670,105715,2808,Low
12/31/2024,M3,2024,Asia,Blue,Diesel,Automatic,2.5,7240,128409,3814,Low
12/31/2012,7 Series,2012,North America,Red,Diesel,Automatic,4,3141,115985,391,Low
12/31/2012,i3,2012,North America,Blue,Electric,Manual,3.2,185479,46078,4364,Low
12/31/2013,M3,2013,Africa,Silver,Petrol,Manual,2,104363,54066,1252,Low
12/31/2013,i3,2013,Africa,Blue,Electric,Automatic,1.9,9113,29354,569,Low
12/31/2019,i8,2019,North America,Grey,Hybrid,Manual,4,52399,172026,136,Low
12/31/2020,X1,2020,Africa,Silver,Diesel,Automatic,2.3,28755,76463,3837,Low
12/31/2020,3 Series,2020,Europe,Black,Diesel,Manual,2,281,85276,9404,High
12/31/2014,X1,2014,North America,Grey,Hybrid,Manual,3.2,158069,47643,8377,High
12/31/2013,X3,2013,North America,Black,Diesel,Manual,4.3,51183,65849,8197,High
12/31/2020,i3,2020,Asia,Black,Hybrid,Manual,2.5,109336,82877,6554,High
12/31/2023,i8,2023,Africa,White,Petrol,Automatic,2.5,53006,167646,50,Low
12/31/2019,3 Series,2019,South America,Blue,Diesel,Manual,4.4,155402,65739,6300,High
12/31/2017,7 Series,2017,Middle East,Silver,Hybrid,Manual,2,185857,95853,898,Low
12/31/2015,X1,2015,Asia,Silver,Hybrid,Manual,3.7,58902,69127,8524,High
12/31/2015,7 Series,2015,Europe,Blue,Hybrid,Manual,4.8,57948,129251,556,Low
12/31/2017,i3,2017,Europe,White,Electric,Manual,4.4,195078,73242,5001,High
12/31/2016,X3,2016,Middle East,White,Diesel,Automatic,1.7,94653,60120,5300,High
12/31/2024,5 Series,2024,Middle East,Red,Diesel,Automatic,2.6,182301,92442,5393,High
12/31/2019,X6,2019,Europe,White,Hybrid,Manual,2,84559,104532,3974,Low
12/31/2023,i3,2023,South America,Red,Petrol,Automatic,4.8,143267,98228,3540,Low
12/31/2020,X5,2020,North America,Black,Hybrid,Manual,5,107776,118371,6974,High
12/31/2021,M5,2021,Asia,Blue,Petrol,Manual,2.3,160149,114450,2443,Low
12/31/2019,i3,2019,Asia,Grey,Hybrid,Manual,3.8,20324,101770,5559,High
12/31/2022,3 Series,2022,South America,Blue,Hybrid,Manual,4.4,44605,109839,6476,High
12/31/2017,M3,2017,Asia,Grey,Diesel,Manual,2.3,192079,59318,3841,Low
12/31/2023,X6,2023,Europe,White,Electric,Automatic,2.2,47346,130508,4444,Low
12/31/2011,X1,2011,South America,Black,Electric,Automatic,1.5,92715,38596,4286,Low
12/31/2018,M3,2018,Asia,Silver,Diesel,Manual,2.9,174088,72997,3207,Low
12/31/2010,5 Series,2010,Middle East,Red,Petrol,Automatic,4.6,40536,72787,3996,Low
12/31/2024,i3,2024,North America,Red,Hybrid,Automatic,4.7,128549,116244,5762,High
12/31/2017,X6,2017,Europe,Red,Electric,Manual,1.9,10261,109754,3307,Low
12/31/2021,7 Series,2021,Africa,Silver,Diesel,Manual,2.2,189096,89278,1101,Low
12/31/2020,X3,2020,Middle East,Grey,Hybrid,Manual,2.9,98561,91194,6244,High
12/31/2021,X5,2021,Asia,Grey,Hybrid,Manual,4.2,127104,108223,6842,High
12/31/2021,5 Series,2021,Africa,Silver,Electric,Automatic,3.6,41993,118330,4657,Low
12/31/2013,3 Series,2013,North America,Blue,Hybrid,Automatic,3.3,85591,68370,8401,High
12/31/2013,M5,2013,South America,Blue,Diesel,Manual,3.6,90289,97218,261,Low
12/31/2014,X1,2014,South America,Red,Electric,Manual,1.8,32663,59223,3712,Low
12/31/2017,5 Series,2017,South America,White,Petrol,Automatic,3.2,49899,90163,3959,Low
12/31/2014,7 Series,2014,Africa,White,Electric,Manual,5,101037,112257,50,Low
12/31/2017,3 Series,2017,Europe,Black,Diesel,Manual,1.8,171109,40661,8267,High
12/31/2024,7 Series,2024,South America,Blue,Electric,Manual,3.3,183187,131756,1742,Low
12/31/2019,X1,2019,Asia,Silver,Hybrid,Manual,2.5,172659,59799,7857,High
12/31/2010,X1,2010,Asia,Grey,Hybrid,Automatic,3.4,86731,48092,7255,High
12/31/2021,X1,2021,Asia,Red,Hybrid,Manual,3.5,82107,92847,8915,High
12/31/2024,i3,2024,Asia,Red,Hybrid,Manual,3.5,40470,112727,5581,High
12/31/2019,5 Series,2019,Asia,Grey,Hybrid,Manual,4.5,56086,116471,6572,High
12/31/2018,M3,2018,South America,Grey,Hybrid,Manual,2.9,138824,85282,2099,Low
12/31/2015,X5,2015,Europe,Grey,Electric,Automatic,3.3,33597,101816,4931,Low
12/31/2012,M3,2012,Africa,Red,Petrol,Manual,1.5,70787,52517,963,Low
12/31/2022,X5,2022,South America,White,Hybrid,Automatic,4.3,149212,107862,4387,Low
12/31/2023,X3,2023,Middle East,Grey,Petrol,Manual,2.4,115866,89491,5981,High
12/31/2017,X1,2017,Europe,Black,Diesel,Manual,4.4,51164,74833,6439,High
12/31/2018,5 Series,2018,North America,Blue,Petrol,Automatic,2.4,153921,67600,7806,High
12/31/2015,X1,2015,Europe,Black,Hybrid,Automatic,1.5,146941,41433,7921,High
12/31/2020,5 Series,2020,South America,Grey,Electric,Automatic,2,192198,82780,5296,High
12/31/2016,M5,2016,Africa,White,Petrol,Automatic,4.9,52536,124685,127,Low
12/31/2010,X6,2010,South America,Red,Diesel,Automatic,2.6,114730,52780,2092,Low
12/31/2023,3 Series,2023,Europe,Silver,Electric,Manual,1.9,171951,79647,9721,High
12/31/2014,X1,2014,Africa,Blue,Petrol,Manual,1.9,15785,50213,3892,Low
12/31/2014,5 Series,2014,Middle East,White,Electric,Automatic,2.6,47086,89826,4384,Low
12/31/2019,X1,2019,Europe,Red,Petrol,Manual,1.6,64225,60806,7492,High
12/31/2023,i8,2023,Africa,White,Petrol,Automatic,3.3,163278,150084,98,Low
12/31/2013,5 Series,2013,Africa,White,Petrol,Automatic,2.2,138090,45093,3079,Low
12/31/2015,X6,2015,Europe,Silver,Diesel,Manual,3.3,190025,65586,4085,Low
12/31/2016,i3,2016,South America,Grey,Hybrid,Automatic,2,14626,79414,2658,Low
12/31/2018,i8,2018,Asia,Black,Diesel,Manual,3,163239,126718,254,Low
12/31/2010,5 Series,2010,Africa,White,Diesel,Manual,3.6,175955,33476,3240,Low
12/31/2024,X1,2024,Africa,Red,Petrol,Manual,1.7,57631,85928,4375,Low
12/31/2015,M3,2015,North America,Grey,Petrol,Manual,2.9,118995,75404,2689,Low
12/31/2016,i3,2016,Asia,Grey,Petrol,Manual,2.6,159108,67994,5314,High
12/31/2012,7 Series,2012,North America,Grey,Petrol,Manual,2.3,171676,70801,919,Low
12/31/2017,7 Series,2017,Asia,Red,Diesel,Manual,3.6,184538,89809,1739,Low
12/31/2024,X1,2024,North America,Grey,Electric,Automatic,3.6,115033,112249,8060,High
12/31/2014,3 Series,2014,Asia,Red,Diesel,Automatic,3.7,173066,43702,8626,High
12/31/2024,7 Series,2024,Africa,Blue,Petrol,Automatic,2.1,30331,140404,828,Low
12/31/2018,3 Series,2018,Europe,White,Petrol,Automatic,2.5,70251,75462,10204,High
12/31/2014,M3,2014,South America,Black,Petrol,Automatic,2.2,62099,75572,1200,Low
12/31/2018,i8,2018,Middle East,Black,Petrol,Automatic,3.4,59434,161349,50,Low
12/31/2019,i3,2019,North America,Grey,Diesel,Manual,3.1,156844,59561,6252,High
12/31/2013,M5,2013,South America,Grey,Diesel,Manual,2.7,76142,95328,296,Low
12/31/2018,3 Series,2018,North America,Red,Diesel,Manual,4.3,157505,67327,10621,High
12/31/2014,3 Series,2014,Europe,White,Diesel,Automatic,1.8,3261,60823,8598,High
12/31/2019,X3,2019,North America,Silver,Petrol,Automatic,4.9,2742,110125,8453,High
12/31/2018,i8,2018,Middle East,Silver,Diesel,Manual,1.9,79450,134439,50,Low
12/31/2012,7 Series,2012,North America,Silver,Diesel,Manual,4.2,69029,95697,709,Low
12/31/2024,5 Series,2024,North America,Blue,Hybrid,Automatic,2.8,96211,120739,8064,High
12/31/2013,i8,2013,South America,White,Petrol,Manual,4.5,38877,134062,50,Low
12/31/2018,i3,2018,Europe,White,Hybrid,Manual,1.8,194753,54808,5670,High
12/31/2019,7 Series,2019,North America,Silver,Hybrid,Manual,2.8,109344,116566,1923,Low
12/31/2020,i8,2020,South America,Blue,Electric,Manual,2.7,137994,143039,310,Low
12/31/2015,X3,2015,Middle East,Silver,Diesel,Automatic,5,85927,79021,5115,High
12/31/2011,X5,2011,North America,Black,Petrol,Automatic,4.9,18263,90102,4767,Low
12/31/2016,X1,2016,Europe,Silver,Electric,Manual,2.2,53416,69329,7418,High
12/31/2011,i3,2011,North America,Black,Electric,Automatic,3.7,197508,42448,3930,Low
12/31/2020,5 Series,2020,Africa,White,Electric,Automatic,3.4,181123,95243,4323,Low
12/31/2011,i8,2011,Asia,Silver,Electric,Automatic,2,85210,127598,50,Low
12/31/2020,i8,2020,South America,Black,Electric,Automatic,2.1,106217,147205,278,Low
12/31/2010,X3,2010,Africa,Red,Diesel,Manual,5,105411,46155,3922,Low
12/31/2020,X6,2020,Asia,Black,Electric,Automatic,3.1,182772,107109,5617,High
12/31/2020,i3,2020,Middle East,Grey,Electric,Automatic,1.9,177164,72539,4677,Low
12/31/2021,3 Series,2021,North America,Silver,Petrol,Automatic,2.3,166154,71278,10487,High
12/31/2020,X5,2020,Africa,Grey,Hybrid,Automatic,2.4,15819,108834,3534,Low
12/31/2012,M5,2012,Asia,Silver,Electric,Automatic,3.3,155661,102564,972,Low
12/31/2015,M3,2015,Africa,White,Electric,Manual,2.7,194540,65278,1473,Low
12/31/2017,M5,2017,Europe,Black,Hybrid,Automatic,3.1,34041,143981,989,Low
12/31/2018,5 Series,2018,Middle East,Black,Electric,Manual,2.1,82339,94315,5366,High
12/31/2016,5 Series,2016,Middle East,Blue,Petrol,Manual,2.6,169356,58139,4190,Low
12/31/2013,3 Series,2013,Middle East,White,Hybrid,Automatic,1.7,38164,63034,6126,High
12/31/2015,X6,2015,North America,Blue,Electric,Automatic,4.6,24520,118474,3733,Low
12/31/2014,i3,2014,Asia,Blue,Hybrid,Automatic,2.2,36192,68384,4658,Low
12/31/2017,X6,2017,Africa,Grey,Hybrid,Automatic,4.1,3179,125839,1676,Low
12/31/2010,7 Series,2010,Africa,Silver,Petrol,Automatic,2.7,63679,75068,50,Low
12/31/2010,X5,2010,Europe,Grey,Electric,Automatic,3.2,101302,73645,4415,Low
12/31/2022,M3,2022,South America,Red,Petrol,Automatic,2.5,7248,121855,2030,Low
12/31/2024,X3,2024,Middle East,Silver,Petrol,Manual,3.9,13146,125488,6285,High
12/31/2020,7 Series,2020,North America,Blue,Hybrid,Manual,4.5,161216,124159,1803,Low
12/31/2015,i8,2015,North America,Silver,Hybrid,Manual,2.5,61874,143337,50,Low
12/31/2019,i8,2019,South America,Red,Electric,Automatic,2.3,57540,164457,50,Low
12/31/2021,M3,2021,North America,Grey,Diesel,Automatic,3.9,161816,102038,3152,Low
12/31/2011,X3,2011,Europe,Red,Petrol,Manual,2.2,166680,26430,8384,High
12/31/2014,M3,2014,Middle East,Blue,Hybrid,Automatic,3.7,194699,72182,1503,Low
12/31/2010,M3,2010,North America,Blue,Electric,Automatic,1.8,130058,62995,2356,Low
12/31/2016,X5,2016,Asia,Blue,Hybrid,Automatic,3.7,131677,90240,6641,High
12/31/2010,M3,2010,Middle East,Blue,Petrol,Manual,3.3,1327,79700,944,Low
12/31/2013,M5,2013,Europe,White,Electric,Automatic,1.9,34778,119212,765,Low
12/31/2018,3 Series,2018,Middle East,Red,Petrol,Manual,3.8,152912,66963,6984,High
12/31/2010,3 Series,2010,North America,Silver,Petrol,Automatic,3.1,117725,53052,9994,High
12/31/2013,5 Series,2013,Europe,Grey,Diesel,Manual,2.3,81282,55248,6543,High
12/31/2015,i8,2015,North America,Blue,Hybrid,Manual,2.7,12192,149212,50,Low
12/31/2015,i3,2015,Africa,Grey,Petrol,Manual,3.2,4936,70891,2141,Low
12/31/2021,X5,2021,Middle East,Blue,Diesel,Automatic,1.8,26112,103681,12402,High
12/31/2024,X5,2024,North America,Red,Diesel,Manual,4.9,197189,108832,7254,High
12/31/2022,i3,2022,Europe,Blue,Hybrid,Automatic,3.8,138465,91870,6370,High
12/31/2017,X3,2017,Africa,Grey,Petrol,Manual,1.9,99972,57954,5286,High
12/31/2010,3 Series,2010,Europe,Black,Hybrid,Automatic,4.4,16898,75313,7429,High
12/31/2016,5 Series,2016,North America,White,Electric,Automatic,2.6,57945,98468,5587,High
12/31/2010,i3,2010,South America,Red,Hybrid,Manual,3.6,161511,34049,2436,Low
12/31/2022,3 Series,2022,Asia,Grey,Diesel,Automatic,2.5,34245,95072,15000,High
12/31/2023,X5,2023,Middle East,Red,Hybrid,Automatic,4.1,36618,143879,4408,Low
12/31/2016,X5,2016,Europe,White,Hybrid,Manual,4,34634,102398,5945,High
12/31/2012,X1,2012,Europe,Silver,Electric,Manual,3.4,57194,61823,6841,High
12/31/2020,X3,2020,North America,Blue,Hybrid,Manual,2.3,197927,66713,9207,High
12/31/2017,X5,2017,Africa,Red,Petrol,Manual,2.4,134207,37168,3553,Low
12/31/2012,M5,2012,Africa,Grey,Hybrid,Automatic,2.8,101075,99812,50,Low
12/31/2023,X3,2023,Asia,White,Petrol,Manual,2,166361,72856,8863,High
12/31/2023,5 Series,2023,Asia,Grey,Hybrid,Manual,2.7,108770,110557,7791,High
12/31/2022,X5,2022,North America,White,Diesel,Manual,3.9,10495,195440,4330,Low
12/31/2010,X1,2010,Asia,Silver,Electric,Automatic,4.4,12524,74946,6560,High
12/31/2022,X1,2022,North America,Grey,Hybrid,Automatic,2.7,70121,99330,9068,High
12/31/2022,X5,2022,Asia,Blue,Hybrid,Automatic,2.3,68248,118689,6789,High
12/31/2023,i3,2023,South America,White,Electric,Automatic,4.4,5405,127580,3536,Low
12/31/2017,X1,2017,Middle East,Silver,Diesel,Manual,4.6,59047,75337,5556,High
12/31/2012,X3,2012,Asia,Red,Hybrid,Manual,2.9,25112,67668,9364,High
12/31/2011,X1,2011,Middle East,Grey,Hybrid,Automatic,1.6,90476,39295,4617,Low
12/31/2010,M3,2010,North America,Red,Diesel,Automatic,3.9,198938,45897,2143,Low
12/31/2023,X3,2023,Asia,Silver,Diesel,Automatic,4.2,162043,95820,10600,High
12/31/2012,M5,2012,South America,Silver,Hybrid,Manual,1.6,48067,94649,149,Low
12/31/2024,X5,2024,Middle East,White,Electric,Automatic,3.6,36859,142527,4634,Low
12/31/2011,i3,2011,Asia,Black,Electric,Manual,3.6,153149,46771,4677,Low
12/31/2011,3 Series,2011,North America,White,Hybrid,Automatic,2.8,56015,60896,9652,High
12/31/2015,3 Series,2015,Europe,White,Petrol,Manual,4.1,197020,46193,9037,High
12/31/2021,X1,2021,South America,Blue,Diesel,Automatic,3,82274,78144,5342,High
12/31/2010,i8,2010,Africa,Black,Diesel,Automatic,3.9,198804,90061,50,Low
12/31/2011,i8,2011,South America,Silver,Hybrid,Manual,3.3,106664,116974,50,Low
12/31/2023,3 Series,2023,North America,Black,Diesel,Manual,2.4,170398,69573,11762,High
12/31/2015,i3,2015,South America,Black,Petrol,Manual,3.6,184466,43814,2755,Low
12/31/2012,i8,2012,South America,Black,Petrol,Manual,4.1,61733,120143,50,Low
12/31/2024,X6,2024,Asia,White,Hybrid,Automatic,4.9,70559,146442,4433,Low
12/31/2013,3 Series,2013,Middle East,White,Hybrid,Automatic,2.8,37891,72399,5689,High
12/31/2010,7 Series,2010,Middle East,Blue,Diesel,Manual,1.7,178253,56659,332,Low
12/31/2017,M5,2017,Asia,White,Hybrid,Manual,5,188519,117142,1500,Low
12/31/2022,i8,2022,North America,Red,Diesel,Automatic,3.7,109138,156238,308,Low
12/31/2016,X5,2016,Middle East,Blue,Petrol,Manual,4.8,82991,97524,3666,Low
12/31/2016,X5,2016,Africa,Blue,Petrol,Automatic,1.9,194975,52889,3679,Low
12/31/2012,X6,2012,Africa,Red,Diesel,Automatic,2.7,7036,113382,910,Low
12/31/2019,X5,2019,North America,Red,Hybrid,Manual,2,108807,95250,6857,High
12/31/2019,X1,2019,Middle East,Black,Petrol,Automatic,4.4,162436,70243,5815,High
12/31/2012,3 Series,2012,Asia,Grey,Hybrid,Manual,4.6,45767,76679,9319,High
12/31/2023,X1,2023,Africa,Red,Electric,Automatic,3.3,6320,115793,4705,Low
12/31/2011,3 Series,2011,Europe,Grey,Petrol,Manual,2.2,79557,38569,9222,High
12/31/2021,X1,2021,Asia,Red,Diesel,Manual,1.9,76386,66739,9137,High
12/31/2010,X6,2010,South America,Red,Diesel,Manual,3.6,160052,49476,1672,Low
12/31/2016,X1,2016,Asia,Red,Electric,Automatic,3.3,76670,75782,8343,High
12/31/2016,X3,2016,South America,Grey,Petrol,Automatic,3.9,195004,55954,5504,High
12/31/2021,X6,2021,South America,Grey,Diesel,Manual,2.6,102845,95685,3261,Low
12/31/2011,7 Series,2011,North America,Silver,Hybrid,Manual,2.9,165322,78922,865,Low
12/31/2016,X3,2016,Africa,Grey,Petrol,Manual,1.6,3468,66637,15000,High
12/31/2022,7 Series,2022,North America,Red,Petrol,Automatic,3.6,143192,123330,1786,Low
12/31/2017,i8,2017,Middle East,Black,Petrol,Manual,3,53660,146530,50,Low
12/31/2010,i3,2010,Asia,Grey,Electric,Automatic,4.7,179702,52646,4175,Low
12/31/2018,i8,2018,Middle East,White,Electric,Manual,3.7,136482,152416,50,Low
12/31/2016,X1,2016,South America,Grey,Diesel,Automatic,2.9,74841,58412,5373,High
12/31/2012,M3,2012,South America,Black,Petrol,Automatic,2.4,13907,73663,939,Low
12/31/2017,i8,2017,Africa,Blue,Electric,Automatic,4.7,140518,153190,50,Low
12/31/2016,X1,2016,Europe,Blue,Diesel,Manual,1.6,173418,29415,6901,High
12/31/2020,M5,2020,South America,Silver,Diesel,Manual,2.6,189992,101514,1240,Low
12/31/2024,7 Series,2024,Asia,Red,Hybrid,Automatic,4.8,121582,160651,2368,Low
12/31/2022,5 Series,2022,Middle East,Black,Electric,Manual,3.8,110891,116722,5354,High
12/31/2017,X6,2017,Middle East,Blue,Hybrid,Manual,3.4,142469,99280,2897,Low
12/31/2015,7 Series,2015,South America,Silver,Hybrid,Automatic,2.2,57022,111947,132,Low
12/31/2018,X1,2018,North America,White,Petrol,Automatic,4.4,132983,69153,7736,High
12/31/2024,i3,2024,South America,White,Diesel,Manual,2.2,116337,84612,3412,Low
12/31/2014,X3,2014,Middle East,Red,Diesel,Manual,2.4,11560,64528,5130,High
12/31/2012,M5,2012,Europe,Blue,Hybrid,Automatic,2.2,136682,90861,1111,Low
12/31/2012,i8,2012,Africa,Silver,Hybrid,Manual,2.1,81362,110806,50,Low
12/31/2010,i3,2010,North America,Red,Diesel,Manual,4.8,103401,43271,4370,Low
12/31/2021,X1,2021,North America,Red,Hybrid,Automatic,3.6,6634,106318,9090,High
12/31/2024,X6,2024,Middle East,White,Hybrid,Automatic,3.7,57381,146410,3889,Low
12/31/2017,i8,2017,Asia,Blue,Electric,Manual,4.8,80040,160392,50,Low
12/31/2011,X1,2011,Europe,Black,Petrol,Automatic,2.3,107550,29806,7965,High
12/31/2012,5 Series,2012,Africa,Black,Diesel,Manual,1.5,110991,37564,3853,Low
12/31/2017,5 Series,2017,South America,Black,Petrol,Automatic,3.6,167546,68219,3839,Low
12/31/2023,M5,2023,Africa,Red,Diesel,Automatic,3.3,197506,122554,1082,Low
12/31/2017,X1,2017,South America,White,Hybrid,Manual,3.2,199759,51551,4803,Low
12/31/2023,i3,2023,North America,Black,Electric,Automatic,1.7,81905,102865,5468,High
12/31/2020,X5,2020,South America,White,Hybrid,Automatic,3.1,156303,98687,3602,Low
12/31/2013,X1,2013,South America,Grey,Diesel,Manual,2.5,54851,42443,5011,High
12/31/2013,X1,2013,Middle East,White,Electric,Manual,2.5,75844,55993,5527,High
12/31/2014,X1,2014,Asia,Grey,Diesel,Manual,2.3,183477,25000,7912,High
12/31/2015,i3,2015,North America,White,Petrol,Manual,2.7,74971,59768,4907,Low
12/31/2014,X5,2014,North America,Blue,Hybrid,Automatic,2.7,191318,65185,6322,High
12/31/2023,X5,2023,Africa,Red,Diesel,Manual,2.6,173586,82417,4240,Low
12/31/2024,3 Series,2024,Middle East,Black,Electric,Automatic,4.9,154200,119761,7007,High
12/31/2016,X1,2016,Asia,Black,Electric,Automatic,4.8,594,106596,6613,High
12/31/2011,7 Series,2011,North America,Black,Electric,Automatic,3.5,28930,111539,273,Low
12/31/2016,7 Series,2016,North America,Black,Diesel,Manual,4.9,110343,116960,943,Low
12/31/2019,X1,2019,Asia,Grey,Electric,Automatic,5,154329,129974,7213,High
12/31/2016,M3,2016,Middle East,Red,Petrol,Manual,2.7,107216,76684,1717,Low
12/31/2010,3 Series,2010,North America,White,Petrol,Automatic,3.1,45376,47907,9817,High
12/31/2016,5 Series,2016,North America,Blue,Diesel,Automatic,4.9,820,104369,5765,High
12/31/2014,i8,2014,Africa,Silver,Electric,Automatic,3.6,157452,122871,50,Low
12/31/2012,X1,2012,North America,Silver,Electric,Manual,2.2,158904,36614,8365,High
12/31/2022,7 Series,2022,Africa,Silver,Electric,Manual,3.9,98315,138568,1160,Low
12/31/2012,i3,2012,South America,Blue,Electric,Manual,2.2,126687,44975,2834,Low
12/31/2013,M3,2013,Africa,Red,Diesel,Manual,2.7,55383,66712,1026,Low
12/31/2022,M5,2022,South America,Blue,Electric,Automatic,2.3,153697,138519,1429,Low
12/31/2021,7 Series,2021,Europe,White,Hybrid,Manual,2.4,407,145196,1855,Low
12/31/2011,X1,2011,Europe,Silver,Electric,Manual,1.5,186281,25000,7266,High
12/31/2011,X5,2011,Middle East,Grey,Electric,Automatic,4.6,173448,72037,3611,Low
12/31/2010,X3,2010,South America,White,Petrol,Manual,2.5,153263,25000,744,Low
12/31/2024,i8,2024,Europe,Black,Petrol,Manual,1.8,86083,156917,632,Low
12/31/2014,X5,2014,North America,Black,Electric,Automatic,1.8,188335,63648,6515,High
12/31/2013,7 Series,2013,South America,Grey,Diesel,Manual,3.4,134808,77752,368,Low
12/31/2020,i3,2020,South America,White,Petrol,Manual,5,110435,88540,2930,Low
12/31/2019,X3,2019,Asia,Blue,Electric,Automatic,2,19222,97633,9547,High
12/31/2024,3 Series,2024,North America,Silver,Electric,Manual,1.8,46438,113085,11358,High
12/31/2011,M5,2011,Middle East,Grey,Electric,Automatic,3,126030,101148,116,Low
12/31/2012,M5,2012,Europe,Red,Diesel,Automatic,3.5,57688,106312,788,Low
12/31/2016,X5,2016,North America,Red,Electric,Manual,2.5,135868,80536,6557,High
12/31/2016,X5,2016,Asia,Silver,Diesel,Automatic,2.6,22647,87487,6678,High
12/31/2021,i8,2021,Middle East,White,Petrol,Manual,3,84842,160693,50,Low
12/31/2013,X3,2013,Europe,Black,Electric,Manual,2.6,194825,43813,8951,High
12/31/2014,7 Series,2014,Middle East,Red,Diesel,Automatic,4.7,44041,117491,79,Low
12/31/2014,5 Series,2014,Africa,Grey,Electric,Manual,1.6,53829,71871,3008,Low
12/31/2015,3 Series,2015,North America,Grey,Electric,Automatic,2.3,76019,73547,8529,High
12/31/2023,3 Series,2023,North America,Silver,Diesel,Automatic,4.3,3387,115704,9963,High
12/31/2018,7 Series,2018,North America,White,Hybrid,Manual,4.4,126419,131942,1568,Low
12/31/2011,X1,2011,Africa,White,Diesel,Manual,1.9,69440,25000,3691,Low
12/31/2014,3 Series,2014,South America,Grey,Electric,Manual,4.9,83413,81847,5356,High
12/31/2021,3 Series,2021,Middle East,Blue,Petrol,Automatic,3.9,12088,107636,6167,High
12/31/2012,5 Series,2012,Africa,White,Diesel,Automatic,2.5,7790,66146,3264,Low
12/31/2013,i3,2013,Asia,Red,Diesel,Manual,3.1,197081,29266,5943,High
12/31/2019,M5,2019,Middle East,White,Petrol,Manual,2.5,170509,111740,1042,Low
12/31/2015,X6,2015,North America,Black,Electric,Manual,2,23331,107207,3998,Low
12/31/2021,X3,2021,Middle East,Black,Diesel,Manual,2.5,40190,92377,6800,High
12/31/2017,i3,2017,South America,Grey,Diesel,Manual,3.5,129341,60565,3615,Low
12/31/2010,3 Series,2010,North America,Grey,Petrol,Automatic,4.4,148299,40511,7996,High
12/31/2019,5 Series,2019,North America,Blue,Petrol,Automatic,2.8,183822,69230,6554,High
12/31/2023,M5,2023,North America,Red,Petrol,Manual,2.7,185136,120773,2414,Low
12/31/2017,M3,2017,Africa,Red,Diesel,Automatic,3.1,169807,69760,1639,Low
12/31/2020,i3,2020,Asia,Grey,Hybrid,Manual,3.8,180110,78643,5770,High
12/31/2023,X5,2023,Europe,Blue,Hybrid,Automatic,4.1,139207,118962,1311,Low
12/31/2016,i3,2016,Asia,Black,Diesel,Automatic,2.6,169131,44905,4804,Low
12/31/2010,i8,2010,Middle East,White,Hybrid,Automatic,3.6,188401,111891,50,Low
12/31/2011,M5,2011,Asia,Black,Hybrid,Automatic,2.9,37709,115151,647,Low
12/31/2012,M5,2012,Europe,Silver,Electric,Automatic,4,61057,116472,742,Low
12/31/2010,X6,2010,Africa,Red,Diesel,Automatic,2.1,94582,49565,1336,Low
12/31/2023,i8,2023,Europe,Silver,Petrol,Manual,2.4,77259,163890,364,Low
12/31/2018,M5,2018,Asia,White,Electric,Automatic,3,148030,125291,2111,Low
12/31/2017,M5,2017,South America,Silver,Diesel,Automatic,4.6,155927,113845,668,Low
12/31/2011,X3,2011,Europe,Black,Diesel,Manual,3.5,115455,43001,7935,High
12/31/2022,5 Series,2022,Middle East,Grey,Diesel,Automatic,4.9,151041,103968,4390,Low
12/31/2018,i3,2018,Europe,Blue,Electric,Manual,1.9,184913,58667,5300,High
12/31/2016,M5,2016,South America,Blue,Electric,Manual,3.1,39811,132922,195,Low
12/31/2018,7 Series,2018,South America,Black,Petrol,Manual,3,25179,124078,408,Low
12/31/2015,i3,2015,North America,Black,Diesel,Automatic,3.6,117464,60957,5288,High
12/31/2015,M5,2015,North America,Blue,Electric,Automatic,4.3,179560,123355,1172,Low
12/31/2020,i8,2020,Africa,Black,Petrol,Manual,4.4,104871,147702,50,Low
12/31/2023,7 Series,2023,North America,Blue,Electric,Manual,3.8,99820,159584,1728,Low
12/31/2013,i8,2013,Asia,Grey,Petrol,Automatic,3.7,59895,132861,50,Low
12/31/2019,3 Series,2019,Africa,Red,Petrol,Automatic,4.8,46539,97309,5183,High
12/31/2019,3 Series,2019,Europe,White,Diesel,Automatic,2.8,56892,80932,10371,High
12/31/2022,M5,2022,Africa,Blue,Electric,Automatic,4.4,12715,167168,897,Low
12/31/2022,M3,2022,Middle East,Silver,Electric,Manual,4.7,157174,123487,2239,Low
12/31/2011,7 Series,2011,North America,Silver,Electric,Automatic,3.2,120940,101696,387,Low
12/31/2016,X5,2016,Europe,Black,Diesel,Manual,4.1,107986,79024,6032,High
12/31/2014,3 Series,2014,Asia,Grey,Petrol,Automatic,2.8,71107,57221,9986,High
12/31/2020,i8,2020,South America,Black,Electric,Manual,2.1,145537,141280,377,Low
12/31/2015,7 Series,2015,Europe,White,Hybrid,Automatic,3.6,55767,121321,716,Low
12/31/2011,i8,2011,South America,Blue,Diesel,Manual,2.2,122924,88050,50,Low
12/31/2014,X1,2014,Europe,Black,Electric,Automatic,3.1,52618,70838,6925,High
12/31/2019,i3,2019,Middle East,Red,Hybrid,Automatic,4.6,38359,114351,3318,Low
12/31/2013,X5,2013,Europe,Grey,Diesel,Manual,1.8,70906,58470,5351,High
12/31/2018,X3,2018,Middle East,White,Hybrid,Manual,1.6,57254,80573,5778,High
12/31/2015,3 Series,2015,North America,Blue,Hybrid,Manual,3.6,92360,72549,10477,High
12/31/2011,X1,2011,Africa,Black,Petrol,Automatic,2.7,150650,25000,3402,Low
12/31/2010,X6,2010,Africa,White,Electric,Manual,3,75270,77496,1260,Low
12/31/2014,M3,2014,South America,Black,Hybrid,Manual,2.9,91799,83575,1020,Low
12/31/2018,7 Series,2018,South America,Blue,Petrol,Automatic,1.8,182594,81860,972,Low
12/31/2015,i3,2015,Europe,Black,Electric,Manual,1.5,104704,59418,4937,Low
12/31/2019,X5,2019,North America,Red,Electric,Automatic,4.6,133491,117560,5472,High
12/31/2021,7 Series,2021,North America,Blue,Diesel,Automatic,2.3,75181,121393,1711,Low
12/31/2016,7 Series,2016,Europe,Black,Petrol,Automatic,3,197930,83171,1523,Low
12/31/2014,i8,2014,Asia,White,Hybrid,Automatic,4.9,13193,159394,50,Low
12/31/2019,X3,2019,Asia,White,Diesel,Manual,4.4,35406,92073,9593,High
12/31/2015,X5,2015,North America,Blue,Diesel,Manual,1.9,199242,45646,723,Low
12/31/2014,X3,2014,Middle East,Grey,Petrol,Manual,3.3,148455,49986,5793,High
12/31/2020,5 Series,2020,Europe,Grey,Hybrid,Automatic,4.1,65407,113259,7324,High
12/31/2018,X1,2018,Europe,White,Hybrid,Manual,3.9,179104,63365,7617,High
12/31/2024,7 Series,2024,Asia,White,Electric,Manual,4.2,154044,152739,2229,Low
12/31/2015,i3,2015,Asia,Red,Petrol,Manual,3.1,153567,45771,4847,Low
12/31/2020,M5,2020,Europe,Silver,Hybrid,Manual,2.1,22565,142751,2222,Low
12/31/2017,M3,2017,Middle East,White,Petrol,Automatic,3.1,59027,101073,1440,Low
12/31/2011,X6,2011,North America,Blue,Electric,Manual,3.8,51655,90812,2861,Low
12/31/2021,i3,2021,South America,Red,Diesel,Manual,3.6,43762,89904,2978,Low
12/31/2022,X3,2022,Middle East,Grey,Hybrid,Automatic,1.7,167732,81040,6082,High
12/31/2018,M5,2018,Africa,White,Electric,Automatic,1.7,155190,113550,1202,Low
12/31/2014,i3,2014,Africa,Black,Hybrid,Manual,4.9,170925,61998,2183,Low
12/31/2016,i3,2016,Middle East,Blue,Electric,Manual,2,105059,65806,2898,Low
12/31/2019,7 Series,2019,Middle East,Red,Hybrid,Automatic,2.5,170369,113480,1245,Low
12/31/2022,7 Series,2022,North America,White,Electric,Manual,4.2,106991,149577,1615,Low
12/31/2010,X5,2010,Europe,White,Electric,Manual,2.9,98803,64155,4431,Low
12/31/2019,M5,2019,Europe,Black,Hybrid,Automatic,2.1,113249,120848,2420,Low
12/31/2014,M3,2014,Middle East,Black,Diesel,Manual,3.1,78413,76439,1343,Low
12/31/2021,5 Series,2021,Middle East,Red,Diesel,Manual,3.5,185809,83116,5896,High
12/31/2023,X6,2023,Middle East,Silver,Petrol,Automatic,3.1,145161,115059,3236,Low
12/31/2019,X5,2019,Africa,White,Hybrid,Automatic,4.7,141590,103022,3732,Low
12/31/2023,M3,2023,Europe,Black,Petrol,Automatic,2.5,95275,108073,3300,Low
12/31/2011,5 Series,2011,North America,White,Diesel,Manual,3.8,19702,68020,7021,High
12/31/2021,X1,2021,South America,Black,Hybrid,Manual,1.9,79720,76442,6000,High
12/31/2015,M3,2015,Africa,Blue,Petrol,Manual,2.9,51639,81133,1126,Low
12/31/2020,M5,2020,Europe,Silver,Hybrid,Automatic,4.1,125722,140250,1810,Low
12/31/2010,X6,2010,Africa,White,Hybrid,Manual,2.3,128175,56292,1280,Low
12/31/2012,M5,2012,Middle East,White,Electric,Manual,3.6,146468,102233,238,Low
12/31/2014,X6,2014,Asia,White,Hybrid,Automatic,2,66558,89386,3754,Low
12/31/2013,X1,2013,Africa,Grey,Hybrid,Automatic,1.9,21055,60783,3790,Low
12/31/2012,X6,2012,Africa,Grey,Diesel,Automatic,3.3,198958,46810,1776,Low
12/31/2019,M5,2019,Middle East,Red,Hybrid,Automatic,3.9,86510,148749,1190,Low
12/31/2022,X1,2022,Middle East,Red,Petrol,Manual,1.9,191487,55620,5586,High
12/31/2014,X1,2014,Europe,Black,Hybrid,Automatic,4.7,189232,54585,6201,High
12/31/2020,M5,2020,Africa,Black,Petrol,Manual,2.3,30529,128654,652,Low
12/31/2017,X5,2017,South America,Red,Petrol,Manual,1.9,33324,84968,3128,Low
12/31/2020,i8,2020,South America,Black,Petrol,Manual,2.2,20537,148915,50,Low
12/31/2013,5 Series,2013,South America,Silver,Petrol,Manual,2.1,127850,46118,3773,Low
12/31/2010,M3,2010,Middle East,Blue,Hybrid,Automatic,1.8,95296,60819,1079,Low
12/31/2020,X1,2020,Asia,Red,Diesel,Automatic,4.3,27624,92680,7985,High
12/31/2016,7 Series,2016,South America,White,Electric,Manual,3.2,96579,109673,319,Low
12/31/2017,7 Series,2017,Asia,Black,Petrol,Manual,2.9,107119,102205,1263,Low
12/31/2012,X1,2012,South America,Black,Electric,Manual,4.8,5378,75719,3483,Low
12/31/2015,X5,2015,Middle East,Grey,Electric,Manual,2.8,69209,92825,3674,Low
12/31/2011,X5,2011,Middle East,Black,Petrol,Automatic,2.1,52465,62267,3223,Low
12/31/2016,5 Series,2016,Europe,Blue,Petrol,Manual,2.5,191814,52473,7147,High
12/31/2024,X3,2024,Middle East,Grey,Hybrid,Manual,2.3,32597,117458,6334,High
12/31/2017,i8,2017,Asia,Blue,Hybrid,Automatic,3.2,106761,152544,50,Low
12/31/2015,X1,2015,Europe,Silver,Hybrid,Automatic,2.5,121097,53150,7257,High
12/31/2015,5 Series,2015,Africa,Silver,Electric,Manual,3.3,109350,83119,3081,Low
12/31/2014,X5,2014,North America,Blue,Diesel,Automatic,3.8,73072,84137,5613,High
12/31/2017,X5,2017,South America,Black,Petrol,Automatic,4.2,149817,84073,3865,Low
12/31/2010,i8,2010,Asia,Blue,Diesel,Automatic,4,138483,104498,50,Low
12/31/2019,X3,2019,Middle East,Grey,Diesel,Manual,2.2,171300,57449,6340,High
12/31/2013,i3,2013,Africa,Red,Hybrid,Manual,1.9,102271,45944,2353,Low
12/31/2024,7 Series,2024,North America,Grey,Hybrid,Automatic,3.4,190794,136902,2071,Low
12/31/2013,X6,2013,South America,Silver,Diesel,Automatic,2.2,65402,69258,2284,Low
12/31/2012,3 Series,2012,South America,Black,Diesel,Automatic,1.8,41865,42008,5044,High
12/31/2012,7 Series,2012,South America,Grey,Electric,Automatic,3.3,52301,109372,50,Low
12/31/2013,X6,2013,Middle East,White,Diesel,Manual,2.6,96549,71324,2319,Low
12/31/2020,5 Series,2020,South America,White,Petrol,Automatic,4.1,6651,115421,4424,Low
12/31/2010,X5,2010,North America,Black,Hybrid,Manual,2.6,52540,65794,5270,High
12/31/2023,i3,2023,Africa,Red,Petrol,Automatic,4.9,59841,107861,3238,Low
12/31/2020,i8,2020,Asia,White,Petrol,Manual,4.2,187494,137925,367,Low
12/31/2022,i8,2022,Africa,Black,Diesel,Automatic,1.7,23113,150941,50,Low
12/31/2020,7 Series,2020,North America,Black,Electric,Manual,3.3,146399,129847,1621,Low
12/31/2011,M3,2011,Asia,White,Petrol,Manual,3.5,46400,71541,2536,Low
12/31/2018,3 Series,2018,North America,Red,Diesel,Automatic,3.9,107883,76942,9369,High
12/31/2019,X5,2019,Europe,White,Electric,Automatic,3.2,171256,92750,6480,High
12/31/2011,7 Series,2011,Asia,Blue,Hybrid,Automatic,3.2,80125,95312,645,Low
12/31/2014,X1,2014,Middle East,Silver,Diesel,Automatic,2.8,140013,40541,5942,High
12/31/2018,M5,2018,North America,Red,Hybrid,Manual,2.5,13975,142709,1817,Low
12/31/2018,X3,2018,North America,White,Hybrid,Manual,4.8,172712,80233,9265,High
12/31/2017,3 Series,2017,Europe,Blue,Petrol,Manual,2.6,185365,47016,8459,High
12/31/2010,X5,2010,Middle East,Blue,Hybrid,Manual,1.7,100907,55713,3754,Low
12/31/2010,X1,2010,Middle East,Grey,Petrol,Automatic,2.1,47803,37717,4497,Low
12/31/2018,M3,2018,Europe,White,Diesel,Manual,4.5,66713,99270,2289,Low
12/31/2022,i8,2022,South America,White,Diesel,Automatic,3.6,128397,150444,50,Low
12/31/2020,5 Series,2020,Asia,Grey,Diesel,Manual,4.2,44171,107769,6087,High
12/31/2017,X1,2017,Africa,White,Petrol,Manual,4.3,43027,75465,3869,Low
12/31/2019,3 Series,2019,South America,White,Diesel,Manual,4.4,85473,81011,5431,High
12/31/2018,X5,2018,Middle East,Grey,Electric,Manual,3.4,120823,104730,3805,Low
12/31/2016,5 Series,2016,Europe,Black,Petrol,Manual,2.1,106786,28649,7557,High
12/31/2012,i8,2012,Asia,White,Diesel,Manual,2,93548,106105,50,Low
12/31/2012,X5,2012,Europe,Blue,Electric,Manual,3.5,16597,90521,4557,Low
12/31/2011,X3,2011,Asia,White,Diesel,Manual,2.8,145982,31110,9763,High
12/31/2014,3 Series,2014,Africa,Silver,Petrol,Manual,3.5,122341,47341,4721,Low
12/31/2021,3 Series,2021,Africa,Black,Petrol,Automatic,3.2,90768,88337,6012,High
12/31/2021,3 Series,2021,Europe,Red,Diesel,Automatic,3.6,118171,79410,9722,High
12/31/2012,X3,2012,Middle East,Blue,Hybrid,Manual,1.6,132943,45372,6262,High
12/31/2023,X1,2023,South America,Black,Petrol,Automatic,1.6,113238,72214,5228,High
12/31/2015,M3,2015,Middle East,Grey,Hybrid,Automatic,4,176369,86680,1469,Low
12/31/2011,M3,2011,Africa,Black,Electric,Automatic,2.2,59875,71502,667,Low
12/31/2021,5 Series,2021,North America,Blue,Petrol,Automatic,3.8,54550,110594,6287,High
12/31/2012,i8,2012,South America,Red,Diesel,Automatic,3.4,115422,108331,50,Low
12/31/2014,3 Series,2014,Asia,Blue,Petrol,Manual,4.9,47246,71806,8281,High
12/31/2021,X5,2021,Middle East,Black,Diesel,Manual,4.4,75660,116217,4341,Low
12/31/2020,X5,2020,Asia,Grey,Hybrid,Manual,2.9,53133,112177,5726,High
12/31/2020,M5,2020,Middle East,Grey,Diesel,Manual,3.7,164821,123804,1065,Low
12/31/2010,3 Series,2010,Africa,Blue,Hybrid,Manual,1.9,43912,44928,4918,Low
12/31/2022,7 Series,2022,Africa,Red,Hybrid,Automatic,2.9,49613,146313,1120,Low
12/31/2010,i8,2010,North America,Silver,Diesel,Manual,4.1,102516,111292,50,Low
12/31/2019,7 Series,2019,Africa,White,Diesel,Manual,3.7,83526,109679,684,Low
12/31/2018,M3,2018,Middle East,Red,Hybrid,Manual,3.2,192322,87576,2183,Low
12/31/2016,5 Series,2016,Asia,Grey,Hybrid,Automatic,2.1,109923,79327,6579,High
12/31/2010,5 Series,2010,North America,Grey,Diesel,Automatic,4.3,158742,45398,5857,High
12/31/2024,X1,2024,Europe,Red,Hybrid,Automatic,2.5,101160,100228,8229,High
12/31/2021,i3,2021,Middle East,Black,Petrol,Manual,4.4,111606,89590,4315,Low
12/31/2023,i3,2023,South America,Silver,Petrol,Manual,3.6,68438,98912,3040,Low
12/31/2017,X6,2017,South America,Blue,Electric,Automatic,2.8,134602,96270,2281,Low
12/31/2012,i3,2012,Middle East,Red,Hybrid,Automatic,1.6,48927,54619,2699,Low
12/31/2017,7 Series,2017,South America,Blue,Electric,Automatic,2.3,95092,110277,408,Low
12/31/2024,5 Series,2024,North America,White,Hybrid,Automatic,4.6,87744,132119,7741,High
12/31/2014,i8,2014,Asia,Silver,Hybrid,Manual,4.4,128538,129427,50,Low
12/31/2010,X6,2010,Asia,Red,Electric,Manual,3.5,38891,85673,3717,Low
12/31/2016,3 Series,2016,Asia,Black,Electric,Manual,3.1,67558,81783,8203,High
12/31/2014,X1,2014,Africa,Red,Diesel,Manual,3.8,192217,28619,4745,Low
12/31/2015,5 Series,2015,North America,Silver,Electric,Manual,3.1,198463,67981,6939,High
12/31/2015,X1,2015,North America,Black,Hybrid,Automatic,3.8,115706,67324,7308,High
12/31/2017,M3,2017,Asia,Red,Petrol,Manual,2.6,143944,72447,2999,Low
12/31/2018,X5,2018,South America,Black,Diesel,Automatic,4.4,107997,89059,3157,Low
12/31/2011,M5,2011,Africa,Blue,Electric,Automatic,4,80194,107307,50,Low
12/31/2018,5 Series,2018,Africa,Black,Petrol,Automatic,2.7,77674,85544,3740,Low
12/31/2021,i8,2021,Middle East,Silver,Diesel,Manual,4.4,107998,159536,50,Low
12/31/2024,X6,2024,Middle East,Blue,Hybrid,Automatic,3.2,22196,146253,3000,Low
12/31/2020,5 Series,2020,Middle East,Red,Electric,Manual,2.1,151049,90946,5026,High
12/31/2019,3 Series,2019,Europe,Silver,Electric,Manual,1.8,169010,64982,9618,High
12/31/2018,M5,2018,Europe,Black,Electric,Manual,3.9,177823,128060,1854,Low
12/31/2022,X1,2022,Africa,Grey,Electric,Manual,4.5,167104,46335,5386,High
12/31/2019,X1,2019,North America,Black,Electric,Automatic,4.3,199367,72208,8540,High
12/31/2024,7 Series,2024,North America,Red,Diesel,Manual,3.8,65638,145046,229,Low
12/31/2019,5 Series,2019,Middle East,Silver,Petrol,Automatic,2,34441,92858,4097,Low
12/31/2016,X5,2016,Africa,Grey,Petrol,Manual,1.8,116567,65742,2763,Low
12/31/2010,i8,2010,Middle East,Blue,Diesel,Manual,2.7,124139,102480,50,Low
12/31/2016,X6,2016,Middle East,Black,Diesel,Automatic,4.5,106834,95062,2179,Low
12/31/2019,X1,2019,Middle East,Black,Electric,Manual,4.9,76989,97583,5219,High
12/31/2014,i8,2014,North America,Silver,Petrol,Manual,2.3,76916,127270,50,Low
12/31/2015,M3,2015,Africa,White,Diesel,Automatic,4.2,166856,68952,1296,Low
12/31/2019,i8,2019,Asia,Blue,Petrol,Manual,3.5,160565,141515,160,Low
12/31/2016,M5,2016,Asia,Red,Diesel,Manual,1.6,21471,108097,1421,Low
12/31/2023,M5,2023,Middle East,Blue,Hybrid,Manual,3.4,24274,162506,1529,Low
12/31/2024,i3,2024,Middle East,Grey,Hybrid,Manual,4.3,108454,111756,4463,Low
12/31/2014,i3,2014,Asia,Blue,Diesel,Manual,2.5,5916,60517,5417,High
12/31/2016,i3,2016,Africa,Black,Diesel,Manual,4.6,89359,70481,6130,High
12/31/2018,X6,2018,North America,Black,Petrol,Automatic,2.3,167142,82851,4351,Low
12/31/2012,X1,2012,Europe,White,Electric,Automatic,1.8,133035,39447,6288,High
12/31/2017,X6,2017,Asia,Blue,Petrol,Automatic,2.1,3522,99037,3529,Low
12/31/2011,i3,2011,Middle East,Black,Petrol,Manual,4.4,190148,34232,2802,Low
12/31/2020,7 Series,2020,Europe,Red,Petrol,Automatic,3,126405,46370,2863,Low
12/31/2016,X3,2016,Middle East,Grey,Diesel,Manual,4.3,87824,75759,5998,High
12/31/2022,X6,2022,South America,White,Diesel,Manual,3.4,48848,118506,2314,Low
12/31/2011,5 Series,2011,South America,Blue,Diesel,Automatic,3.2,32739,63319,3041,Low
12/31/2024,X6,2024,South America,Blue,Diesel,Manual,4.3,185897,103721,3018,Low
12/31/2023,i8,2023,North America,Red,Petrol,Automatic,3,97782,158315,507,Low
12/31/2013,5 Series,2013,Africa,Grey,Electric,Automatic,4.3,43303,93018,2925,Low
12/31/2016,X6,2016,Africa,Silver,Hybrid,Automatic,1.9,37861,94439,1824,Low
12/31/2012,X6,2012,South America,Blue,Hybrid,Manual,3.7,89006,79773,1513,Low
12/31/2011,5 Series,2011,South America,Grey,Petrol,Manual,4,126614,49412,3543,Low
12/31/2020,M3,2020,South America,Black,Electric,Automatic,4.6,161851,116353,2128,Low
12/31/2019,M5,2019,Middle East,Silver,Petrol,Automatic,2.3,104459,116425,1131,Low
12/31/2016,7 Series,2016,Middle East,White,Hybrid,Automatic,3.6,70229,122343,276,Low
12/31/2010,i8,2010,Europe,Black,Diesel,Automatic,3,125917,95923,50,Low
12/31/2023,X3,2023,South America,Black,Diesel,Manual,2.8,149108,81729,6505,High
12/31/2024,X3,2024,Middle East,Grey,Electric,Manual,1.9,27705,123771,6908,High
12/31/2017,M3,2017,North America,Red,Hybrid,Automatic,2,43797,99398,2666,Low
12/31/2012,X3,2012,Europe,Silver,Hybrid,Manual,4.4,81291,68983,7303,High
12/31/2021,M3,2021,Middle East,Blue,Electric,Automatic,4.1,199011,116367,2415,Low
12/31/2021,5 Series,2021,Africa,Grey,Petrol,Manual,2.8,86491,92371,4478,Low
12/31/2022,3 Series,2022,Africa,Red,Electric,Manual,4.4,194390,93957,6175,High
12/31/2011,X6,2011,South America,Silver,Electric,Manual,1.8,76567,74001,1775,Low
12/31/2012,i3,2012,South America,Grey,Electric,Automatic,3.7,155611,51638,2868,Low
12/31/2014,3 Series,2014,North America,Grey,Hybrid,Manual,4.5,172563,57522,9612,High
12/31/2020,X6,2020,Africa,White,Diesel,Automatic,4.4,61126,112310,2064,Low
12/31/2017,M5,2017,Asia,Black,Petrol,Automatic,2.8,148834,111440,1490,Low
12/31/2019,3 Series,2019,Africa,Black,Hybrid,Automatic,4.1,27682,103384,6082,High
12/31/2016,7 Series,2016,South America,Grey,Petrol,Automatic,3,18532,117955,164,Low
12/31/2016,M3,2016,Africa,White,Electric,Manual,4.4,156133,92811,1087,Low
12/31/2021,X6,2021,Middle East,Silver,Petrol,Automatic,3.4,113817,115399,3174,Low
12/31/2016,X3,2016,Africa,Silver,Petrol,Manual,4.2,150568,61637,4274,Low
12/31/2024,5 Series,2024,Africa,White,Petrol,Manual,1.8,183817,76273,4250,Low
12/31/2017,3 Series,2017,Africa,Silver,Petrol,Automatic,3.6,9841,88397,5142,High
12/31/2010,M3,2010,Europe,Silver,Electric,Manual,3.4,61830,76066,1871,Low
12/31/2013,X5,2013,Europe,White,Electric,Automatic,3.6,51241,97336,5120,High
12/31/2022,3 Series,2022,South America,Blue,Hybrid,Automatic,3.9,198096,87329,7120,High
12/31/2015,7 Series,2015,Africa,Silver,Electric,Manual,4.7,20478,135267,50,Low
12/31/2018,X3,2018,North America,Grey,Hybrid,Automatic,4.2,167494,81991,9154,High
12/31/2022,X1,2022,Europe,Grey,Hybrid,Automatic,2.3,144493,80805,7754,High
12/31/2011,i3,2011,Asia,Silver,Hybrid,Automatic,4.4,83562,66892,4428,Low
12/31/2010,3 Series,2010,South America,Grey,Diesel,Automatic,1.9,43079,35438,4912,Low
12/31/2022,X1,2022,Asia,Silver,Petrol,Manual,3.7,34528,99098,7696,High
12/31/2019,X6,2019,Asia,Silver,Diesel,Automatic,4.6,76421,112273,4851,Low
12/31/2021,i3,2021,North America,Grey,Diesel,Automatic,1.9,32813,82905,5376,High
12/31/2023,X1,2023,Middle East,Grey,Electric,Manual,4.5,116100,109477,6730,High
12/31/2011,i8,2011,Africa,Blue,Petrol,Automatic,4.3,108111,108081,50,Low
12/31/2016,X6,2016,Asia,Red,Electric,Manual,3.3,61356,112321,3604,Low
12/31/2012,i3,2012,South America,Black,Hybrid,Manual,2.6,194671,31118,2997,Low
12/31/2019,7 Series,2019,Middle East,Silver,Hybrid,Automatic,2.9,167181,122779,3121,Low
12/31/2011,i3,2011,Middle East,Black,Diesel,Manual,4.9,106529,50765,2783,Low
12/31/2023,i8,2023,Europe,Red,Hybrid,Automatic,2.2,19383,183458,602,Low
12/31/2020,M3,2020,Europe,White,Electric,Automatic,3.5,30265,131881,2879,Low
12/31/2016,3 Series,2016,South America,Silver,Petrol,Automatic,1.8,192305,35334,5685,High
12/31/2022,X3,2022,Middle East,Blue,Hybrid,Automatic,2.3,10209,117576,7385,High
12/31/2022,X5,2022,Europe,White,Petrol,Manual,4.2,153816,96703,6873,High
12/31/2011,X5,2011,Asia,Blue,Electric,Manual,2.6,162408,58161,5661,High
12/31/2012,M3,2012,Africa,Silver,Electric,Automatic,5,34686,98855,409,Low
12/31/2020,M5,2020,Asia,White,Electric,Manual,3.3,192915,130062,2251,Low
12/31/2016,7 Series,2016,South America,Silver,Petrol,Manual,3.3,33036,115345,199,Low
12/31/2023,X6,2023,Asia,Silver,Petrol,Manual,1.6,55529,115927,4785,Low
12/31/2013,5 Series,2013,Asia,Blue,Electric,Automatic,4.8,188385,77914,6375,High
12/31/2022,3 Series,2022,Asia,Red,Hybrid,Manual,2.1,89684,93079,9807,High
12/31/2023,X5,2023,South America,Black,Electric,Manual,3.4,199516,101558,4087,Low
12/31/2010,X3,2010,Africa,White,Hybrid,Automatic,2.9,130546,65546,4026,Low
12/31/2022,5 Series,2022,South America,Silver,Electric,Manual,3,105063,111817,5561,High
12/31/2023,X5,2023,Middle East,Silver,Diesel,Automatic,3.8,127198,113095,4285,Low
12/31/2014,i3,2014,Middle East,Grey,Electric,Automatic,3.8,99372,77112,2563,Low
12/31/2021,X1,2021,North America,Silver,Diesel,Automatic,2,17861,85201,9107,High
12/31/2018,X1,2018,Europe,Black,Diesel,Automatic,3.2,63144,69198,7108,High
12/31/2017,3 Series,2017,Middle East,Red,Hybrid,Manual,4.3,186625,69845,5816,High
12/31/2021,X1,2021,South America,Red,Electric,Automatic,3.1,95110,94776,5720,High
12/31/2024,X1,2024,South America,White,Electric,Manual,2.1,119947,89506,6727,High
12/31/2018,X6,2018,Asia,Grey,Electric,Manual,2.6,190783,88530,4763,Low
12/31/2019,M5,2019,Asia,Silver,Diesel,Manual,2.2,54322,116845,1841,Low
12/31/2023,X1,2023,Middle East,Red,Diesel,Automatic,1.9,95598,81230,5957,High
12/31/2018,3 Series,2018,North America,Grey,Petrol,Automatic,2.8,106259,70736,8967,High
12/31/2024,M5,2024,North America,Red,Electric,Automatic,3.4,77196,160425,2030,Low
12/31/2016,i8,2016,Asia,Silver,Diesel,Manual,1.8,68526,119770,50,Low
12/31/2013,X1,2013,South America,Blue,Electric,Automatic,3.6,43988,69319,4084,Low
12/31/2014,M3,2014,Europe,Silver,Hybrid,Manual,5,22756,113592,1778,Low
12/31/2010,X5,2010,Africa,Red,Diesel,Automatic,4.9,193945,45106,2668,Low
12/31/2023,X3,2023,Africa,Red,Diesel,Automatic,4.4,107744,100375,4586,Low
12/31/2010,5 Series,2010,Africa,Blue,Hybrid,Automatic,2.4,164245,42411,3214,Low
12/31/2012,M3,2012,Africa,Black,Hybrid,Manual,1.6,44346,67406,837,Low
12/31/2022,X6,2022,Europe,White,Electric,Manual,4.4,111818,127477,3942,Low
12/31/2023,i8,2023,Europe,Grey,Petrol,Manual,1.7,113550,144670,641,Low
12/31/2017,i3,2017,Africa,Red,Petrol,Manual,2.2,182956,40324,3439,Low
12/31/2023,i8,2023,Africa,Black,Petrol,Manual,3.4,38190,159465,50,Low
12/31/2011,M5,2011,Asia,Blue,Diesel,Manual,2.1,147025,70333,1411,Low
12/31/2013,X3,2013,Africa,Grey,Electric,Automatic,4.4,62494,80099,4202,Low
12/31/2011,X1,2011,Asia,Red,Electric,Automatic,4.2,45934,65942,7543,High
12/31/2023,X1,2023,Middle East,Silver,Hybrid,Automatic,4.1,153953,96873,6640,High
12/31/2014,5 Series,2014,Middle East,Grey,Petrol,Manual,4.4,99740,73001,4089,Low
12/31/2018,M3,2018,South America,White,Petrol,Automatic,2.3,70696,87051,1960,Low
12/31/2010,7 Series,2010,North America,Red,Hybrid,Manual,4.1,12496,115626,55,Low
12/31/2014,X3,2014,Middle East,Red,Petrol,Manual,2.7,114961,52941,5345,High
12/31/2023,i8,2023,South America,Grey,Petrol,Manual,3.8,45065,171364,50,Low
12/31/2024,i3,2024,Asia,Blue,Petrol,Automatic,1.9,185096,75914,1052,Low
12/31/2018,X5,2018,Asia,Silver,Hybrid,Automatic,4,106419,106114,6134,High
12/31/2024,i8,2024,Asia,Red,Hybrid,Automatic,4.9,30067,193486,631,Low
12/31/2010,3 Series,2010,Africa,Blue,Diesel,Manual,1.7,182041,25000,4580,Low
12/31/2018,X1,2018,Africa,Blue,Diesel,Automatic,1.8,150776,42204,5134,High
12/31/2017,5 Series,2017,Asia,Black,Hybrid,Automatic,1.9,112212,80502,15000,High
12/31/2013,3 Series,2013,North America,White,Diesel,Automatic,3,177180,36650,8277,High
12/31/2021,X6,2021,South America,Red,Petrol,Automatic,2.5,64531,111612,2718,Low
12/31/2020,M3,2020,Europe,Grey,Diesel,Manual,4.3,190792,83427,3502,Low
12/31/2019,X3,2019,Middle East,Black,Diesel,Automatic,3.2,133571,76521,5321,High
12/31/2014,X6,2014,South America,Silver,Diesel,Manual,3.2,195726,53570,2386,Low
12/31/2022,X3,2022,Asia,Silver,Electric,Automatic,4,166067,102050,8415,High
12/31/2014,M5,2014,Europe,Grey,Electric,Manual,2.8,178390,97537,1373,Low
12/31/2020,M5,2020,North America,Grey,Hybrid,Automatic,2.7,87657,144772,1794,Low
12/31/2021,X6,2021,North America,White,Hybrid,Manual,4.1,65897,126895,4040,Low
12/31/2015,M3,2015,Middle East,White,Electric,Automatic,4.2,182607,86951,1714,Low
12/31/2016,i8,2016,Middle East,Silver,Diesel,Automatic,1.6,96384,128644,50,Low
12/31/2017,X6,2017,Asia,Red,Petrol,Automatic,2,23954,102105,4634,Low
12/31/2024,M5,2024,Europe,Red,Diesel,Manual,2.2,123289,128998,2483,Low
12/31/2023,X5,2023,Asia,Silver,Diesel,Automatic,2.7,21818,116228,7454,High
12/31/2017,M3,2017,Asia,Grey,Petrol,Automatic,2.5,133339,81374,3024,Low
12/31/2020,M3,2020,North America,Blue,Petrol,Automatic,3.8,54247,119348,3106,Low
12/31/2023,i3,2023,Asia,Silver,Electric,Automatic,4.4,197104,96528,5843,High
12/31/2022,5 Series,2022,South America,White,Diesel,Manual,2.2,162685,72608,5426,High
12/31/2011,i8,2011,North America,Black,Petrol,Automatic,3.5,55483,121436,50,Low
12/31/2018,X6,2018,Asia,Black,Hybrid,Manual,2.8,109218,99991,4944,Low
12/31/2016,3 Series,2016,North America,Silver,Petrol,Automatic,3.3,75115,68057,9185,High
12/31/2013,i8,2013,South America,Grey,Hybrid,Manual,3.7,63911,134019,50,Low
12/31/2013,5 Series,2013,Africa,Red,Electric,Manual,4.6,159636,72005,3083,Low
12/31/2020,3 Series,2020,Africa,Grey,Petrol,Automatic,2.2,177326,58519,5306,High
12/31/2017,7 Series,2017,Europe,Grey,Petrol,Automatic,1.8,160615,92801,1422,Low
12/31/2013,i3,2013,South America,Blue,Hybrid,Manual,3.7,144140,52727,3082,Low
12/31/2022,X5,2022,Africa,Red,Hybrid,Manual,2.9,35125,123306,3758,Low
12/31/2024,X5,2024,Middle East,Red,Diesel,Automatic,2.1,141214,104470,4701,Low
12/31/2015,i8,2015,South America,Silver,Hybrid,Manual,1.9,21078,137593,50,Low
12/31/2014,i8,2014,South America,White,Diesel,Manual,3.5,138400,104862,50,Low
12/31/2012,M3,2012,Middle East,Grey,Petrol,Manual,2.6,67769,69640,1294,Low
12/31/2022,M3,2022,Europe,Silver,Petrol,Automatic,5,14828,132683,3014,Low
12/31/2023,X1,2023,Asia,White,Diesel,Automatic,2.9,189477,69130,9054,High
12/31/2019,i8,2019,Asia,Grey,Diesel,Manual,2.2,41711,196992,50,Low
12/31/2020,7 Series,2020,Middle East,White,Petrol,Manual,3.7,64299,130872,670,Low
12/31/2011,7 Series,2011,Asia,White,Petrol,Manual,2.4,13301,88587,792,Low
12/31/2018,X3,2018,North America,Red,Electric,Automatic,3.2,129859,86491,9476,High
12/31/2019,7 Series,2019,North America,Grey,Electric,Manual,3.2,108063,127058,1824,Low
12/31/2018,X3,2018,Europe,Grey,Diesel,Manual,3.1,94082,69466,8674,High
12/31/2010,X6,2010,South America,Black,Petrol,Automatic,4.3,43745,75791,1591,Low
12/31/2019,i8,2019,Europe,Black,Petrol,Automatic,2.3,63081,148559,50,Low
12/31/2012,M3,2012,Middle East,Silver,Diesel,Manual,4.7,187450,61626,1677,Low
12/31/2017,X5,2017,North America,Silver,Diesel,Manual,4.3,148363,84895,5462,High
12/31/2015,M5,2015,Africa,Silver,Diesel,Automatic,2.7,19043,117547,94,Low
12/31/2014,X1,2014,Europe,Grey,Diesel,Automatic,2.1,142509,43124,7179,High
12/31/2014,5 Series,2014,Africa,Blue,Hybrid,Manual,2.5,47007,79291,2723,Low
12/31/2015,X1,2015,South America,Grey,Petrol,Manual,2.7,122782,42522,4052,Low
12/31/2024,3 Series,2024,South America,Grey,Hybrid,Automatic,3.4,70284,117175,7135,High
12/31/2016,5 Series,2016,Asia,Red,Petrol,Manual,1.7,159024,51195,6810,High
12/31/2010,i8,2010,Europe,White,Hybrid,Automatic,4.7,49109,141081,50,Low
12/31/2018,i3,2018,Europe,Silver,Hybrid,Automatic,1.8,90458,71692,6286,High
12/31/2012,5 Series,2012,South America,Grey,Diesel,Manual,2.5,56054,53485,3662,Low
12/31/2013,5 Series,2013,Africa,Black,Petrol,Automatic,1.9,5188,67257,2814,Low
12/31/2019,M5,2019,Europe,Black,Hybrid,Manual,2.4,106985,118581,2442,Low
12/31/2010,M5,2010,South America,Blue,Electric,Automatic,4.4,1513,120369,50,Low
12/31/2022,M3,2022,Africa,Blue,Hybrid,Manual,3.7,57919,122029,2352,Low
12/31/2020,X6,2020,Africa,Black,Hybrid,Automatic,2.3,173209,91629,2883,Low
12/31/2019,5 Series,2019,Africa,Black,Electric,Manual,4.6,155346,94093,4185,Low
12/31/2012,7 Series,2012,Europe,Red,Hybrid,Manual,4.3,98805,102439,514,Low
12/31/2011,5 Series,2011,Asia,Blue,Petrol,Manual,4.1,171926,27189,7104,High
12/31/2011,X5,2011,Asia,Grey,Electric,Automatic,4.5,135403,75767,5296,High
12/31/2023,X5,2023,Asia,White,Petrol,Manual,3.7,13531,129264,6919,High
12/31/2010,i8,2010,Middle East,Black,Hybrid,Automatic,3.3,6337,139052,50,Low
12/31/2017,3 Series,2017,South America,Grey,Diesel,Automatic,2.8,67842,66456,6637,High
12/31/2012,X1,2012,Middle East,Blue,Hybrid,Manual,2.3,29166,57337,4557,Low
12/31/2012,3 Series,2012,Asia,Silver,Electric,Manual,3.5,146380,51061,10285,High
12/31/2015,i3,2015,Middle East,Black,Hybrid,Automatic,4.6,152724,69830,3300,Low
12/31/2022,3 Series,2022,North America,White,Petrol,Automatic,3.6,33197,105169,11057,High
12/31/2017,X5,2017,Africa,Silver,Diesel,Manual,4.7,30060,99843,2673,Low
12/31/2022,5 Series,2022,South America,Grey,Diesel,Manual,2.7,66726,94726,5130,High
12/31/2024,M3,2024,Africa,Grey,Diesel,Manual,3.9,845,134698,1601,Low
12/31/2018,3 Series,2018,Africa,Red,Hybrid,Automatic,3.8,61989,88654,6102,High
12/31/2018,3 Series,2018,Middle East,Red,Electric,Automatic,3.8,141764,85669,7801,High
12/31/2013,5 Series,2013,Asia,Silver,Diesel,Manual,3.8,87653,66008,15000,High
12/31/2023,i8,2023,North America,Silver,Petrol,Manual,2.3,154108,149724,599,Low
12/31/2014,M5,2014,Europe,Black,Petrol,Manual,2,84752,95615,1234,Low
12/31/2011,M5,2011,South America,Black,Hybrid,Manual,4.9,57511,118426,50,Low
12/31/2020,M3,2020,Europe,Black,Petrol,Automatic,1.7,106726,91370,3235,Low
12/31/2018,M5,2018,Africa,White,Hybrid,Manual,3.1,6765,137670,855,Low
12/31/2017,i3,2017,Middle East,Blue,Electric,Manual,3,58402,86028,3650,Low
12/31/2012,7 Series,2012,Asia,Black,Petrol,Automatic,2.8,135380,76549,1179,Low
12/31/2020,5 Series,2020,Africa,Silver,Diesel,Manual,4.2,39422,102930,3130,Low
12/31/2021,i3,2021,Africa,Grey,Petrol,Manual,4.1,108814,82726,2860,Low
12/31/2022,M3,2022,Africa,Black,Petrol,Manual,4.7,5998,133302,1205,Low
12/31/2018,M5,2018,Africa,Grey,Hybrid,Manual,2.9,145144,110127,1262,Low
12/31/2012,X5,2012,Africa,Silver,Diesel,Manual,3.5,127634,53969,2965,Low
12/31/2018,X3,2018,Africa,Red,Electric,Manual,4.6,34994,104696,4791,Low
12/31/2011,X5,2011,Middle East,Grey,Diesel,Manual,5,78988,74508,3412,Low
12/31/2021,5 Series,2021,South America,Black,Diesel,Manual,4.9,97375,99367,4049,Low
12/31/2019,M5,2019,Middle East,Grey,Diesel,Manual,4,45406,138054,757,Low
12/31/2018,i3,2018,Middle East,Red,Electric,Automatic,2,42701,88073,3752,Low
12/31/2024,i8,2024,South America,White,Petrol,Automatic,1.6,82968,147054,390,Low
12/31/2017,X3,2017,Europe,Grey,Hybrid,Automatic,4.4,82687,95452,7375,High
12/31/2018,5 Series,2018,Europe,Grey,Electric,Manual,4.4,176850,95034,6994,High
12/31/2014,i8,2014,Middle East,Black,Electric,Automatic,4.1,133270,138464,50,Low
12/31/2020,i8,2020,Europe,Red,Petrol,Automatic,2.5,62162,151996,59,Low
12/31/2020,X3,2020,Middle East,White,Hybrid,Manual,3.7,58448,101967,6125,High
12/31/2011,X5,2011,North America,Grey,Hybrid,Manual,2.6,185146,48512,5054,High
12/31/2017,M3,2017,Middle East,Blue,Diesel,Automatic,3.1,21391,102506,285,Low
12/31/2021,7 Series,2021,Asia,Grey,Diesel,Manual,2.8,147295,116040,1768,Low
12/31/2024,X5,2024,Europe,Black,Electric,Automatic,4.7,157150,135289,6079,High
12/31/2015,M5,2015,Middle East,White,Electric,Manual,2.3,113012,113034,562,Low
12/31/2017,X5,2017,Middle East,Red,Hybrid,Automatic,3.5,199276,79226,4401,Low
12/31/2020,3 Series,2020,Asia,Blue,Electric,Manual,2.8,188854,75647,12105,High
12/31/2014,3 Series,2014,Europe,Red,Hybrid,Manual,3.8,35193,78564,9640,High
12/31/2019,3 Series,2019,Europe,Black,Hybrid,Manual,3.5,52208,92443,8874,High
12/31/2011,X1,2011,Africa,White,Electric,Automatic,4.7,119741,58251,3230,Low
12/31/2015,7 Series,2015,Europe,White,Electric,Automatic,1.9,124716,100285,876,Low
12/31/2014,i3,2014,Europe,Grey,Petrol,Automatic,2.3,139201,41293,4665,Low
12/31/2021,7 Series,2021,Europe,Grey,Diesel,Manual,4.2,172312,113632,1464,Low
12/31/2022,X6,2022,Europe,Grey,Hybrid,Automatic,2.8,195162,104599,4854,Low
12/31/2021,X6,2021,North America,Grey,Petrol,Automatic,2.1,38975,114974,3870,Low
12/31/2014,X3,2014,Europe,Blue,Diesel,Manual,3.3,47787,62262,8279,High
12/31/2022,M5,2022,Europe,Grey,Diesel,Automatic,3.8,79511,139409,2057,Low
12/31/2010,X1,2010,Europe,Black,Petrol,Manual,1.7,117489,25000,6367,High
12/31/2011,X5,2011,North America,Grey,Electric,Automatic,2.5,167230,56687,5427,High
12/31/2017,7 Series,2017,Middle East,White,Diesel,Automatic,4.3,152215,105923,719,Low
12/31/2022,3 Series,2022,South America,Blue,Diesel,Manual,3.3,158511,71851,6088,High
12/31/2023,5 Series,2023,Asia,Black,Petrol,Automatic,1.6,28179,109037,8608,High
12/31/2022,3 Series,2022,Asia,Black,Diesel,Manual,2.5,188959,66934,11652,High
12/31/2012,3 Series,2012,Middle East,Red,Petrol,Manual,3.7,120481,45046,5867,High
12/31/2019,X6,2019,Africa,Grey,Electric,Manual,2.2,151516,93645,2741,Low
12/31/2012,7 Series,2012,Europe,Red,Electric,Automatic,4.4,6398,122673,206,Low
12/31/2017,X5,2017,South America,Black,Hybrid,Automatic,3.9,38949,105024,3105,Low
12/31/2017,7 Series,2017,Europe,Black,Electric,Automatic,3.1,24333,131660,710,Low
12/31/2011,X6,2011,Africa,Black,Diesel,Manual,4.7,60567,78514,1264,Low
12/31/2017,X6,2017,Middle East,Grey,Electric,Automatic,2.9,174562,97159,2526,Low
12/31/2020,7 Series,2020,North America,Grey,Petrol,Automatic,2.3,37748,123077,1324,Low
12/31/2022,X5,2022,North America,Black,Diesel,Manual,3.8,60370,118441,6396,High
12/31/2022,5 Series,2022,Asia,Silver,Petrol,Automatic,3.5,2247,123248,7393,High
12/31/2010,M3,2010,North America,White,Petrol,Automatic,2.7,147719,46971,2127,Low
12/31/2015,5 Series,2015,Africa,Blue,Petrol,Automatic,2.7,48261,77852,3430,Low
12/31/2017,X6,2017,Asia,White,Petrol,Automatic,2.9,745,108554,3808,Low
12/31/2012,i8,2012,South America,Black,Diesel,Manual,2.5,61296,111215,50,Low
12/31/2017,X3,2017,Europe,White,Hybrid,Manual,4,6314,101694,8867,High
12/31/2021,i3,2021,North America,Red,Electric,Automatic,3.8,180722,91034,5382,High
12/31/2010,M5,2010,Europe,Red,Electric,Automatic,3,40758,105412,586,Low
12/31/2020,M3,2020,South America,Black,Petrol,Automatic,2.9,182682,81537,2395,Low
12/31/2020,X1,2020,North America,Grey,Diesel,Manual,2.8,179991,50886,8341,High
12/31/2018,3 Series,2018,North America,Black,Electric,Automatic,2.5,20315,94756,10098,High
12/31/2022,X1,2022,Middle East,Red,Electric,Automatic,1.8,4674,107070,6587,High
12/31/2020,M5,2020,Europe,Blue,Electric,Manual,2.4,109573,126854,2143,Low
12/31/2022,X6,2022,Europe,White,Petrol,Automatic,2.6,179168,96872,5143,High
12/31/2018,i8,2018,Asia,Silver,Petrol,Automatic,3.4,148623,58251,1103,Low
12/31/2014,X5,2014,Africa,Red,Hybrid,Automatic,4.2,39352,96160,2428,Low
12/31/2019,X1,2019,Asia,Grey,Diesel,Manual,2.9,149565,52398,9306,High
12/31/2013,X5,2013,North America,Red,Petrol,Manual,4.8,30682,93483,4846,Low
12/31/2024,i3,2024,Africa,Black,Hybrid,Manual,4.4,153320,98606,4314,Low
12/31/2020,3 Series,2020,Africa,Black,Hybrid,Manual,4.9,8916,108025,5187,High
12/31/2015,M5,2015,North America,Blue,Diesel,Manual,4.6,30144,122201,1062,Low
12/31/2021,X6,2021,Middle East,Blue,Hybrid,Automatic,3.7,66705,136107,3207,Low
12/31/2016,3 Series,2016,South America,Black,Hybrid,Manual,3.6,93296,74237,5727,High
12/31/2014,3 Series,2014,Europe,Grey,Hybrid,Automatic,2,76367,62574,9879,High
12/31/2020,X1,2020,Middle East,Grey,Hybrid,Automatic,4,37521,98997,5789,High
12/31/2022,3 Series,2022,Asia,Red,Hybrid,Manual,3.6,168717,86760,11062,High
12/31/2019,7 Series,2019,Middle East,Blue,Petrol,Manual,3.3,182768,106312,857,Low
12/31/2018,3 Series,2018,Middle East,Red,Petrol,Automatic,3.9,129689,75152,5918,High
12/31/2012,M5,2012,North America,Black,Hybrid,Manual,3.1,71237,107967,784,Low
12/31/2024,3 Series,2024,Middle East,Blue,Diesel,Automatic,3.3,45834,109333,6187,High
12/31/2016,3 Series,2016,Middle East,White,Diesel,Manual,2.9,84993,61215,6507,High
12/31/2019,i3,2019,Asia,Red,Electric,Manual,4,61720,105201,5196,High
12/31/2019,7 Series,2019,Middle East,Grey,Electric,Automatic,4.6,20217,165183,528,Low
12/31/2020,7 Series,2020,Africa,Black,Diesel,Manual,4.4,17657,132466,351,Low
12/31/2014,7 Series,2014,South America,Silver,Petrol,Manual,4.3,99772,96976,203,Low
12/31/2023,7 Series,2023,North America,Black,Petrol,Manual,1.5,67239,129293,1682,Low
12/31/2016,5 Series,2016,Asia,Black,Diesel,Automatic,4.7,73629,47748,7664,High
12/31/2024,7 Series,2024,Africa,Grey,Hybrid,Automatic,2.5,148488,131201,1355,Low
12/31/2011,X3,2011,Asia,Blue,Electric,Automatic,4.6,46484,79971,7811,High
12/31/2013,X6,2013,South America,Blue,Diesel,Automatic,2.2,99157,63230,2244,Low
12/31/2011,M5,2011,North America,Silver,Electric,Manual,3,56620,114504,648,Low
12/31/2023,M3,2023,North America,Silver,Electric,Manual,4.1,21033,140591,3313,Low
12/31/2022,i3,2022,North America,White,Diesel,Automatic,3.7,168059,81872,5203,High
12/31/2022,X1,2022,Asia,Red,Diesel,Automatic,3,89757,80517,8019,High
12/31/2021,5 Series,2021,Asia,White,Petrol,Automatic,3.9,99629,99811,6554,High
12/31/2016,i8,2016,Asia,Silver,Diesel,Automatic,3.4,170330,125838,50,Low
12/31/2011,X3,2011,Europe,Grey,Diesel,Manual,2.5,6094,54705,7221,High
12/31/2022,X5,2022,Asia,Grey,Electric,Automatic,3.8,140347,119015,6406,High
12/31/2023,i8,2023,Middle East,Red,Hybrid,Manual,2.2,150837,151976,685,Low
12/31/2020,i3,2020,South America,Blue,Diesel,Manual,3.9,56221,83360,2843,Low
12/31/2010,X3,2010,Middle East,Blue,Diesel,Automatic,1.5,182094,25000,5569,High
12/31/2018,7 Series,2018,Africa,Black,Hybrid,Automatic,3.4,84222,123156,767,Low
12/31/2010,5 Series,2010,Europe,Silver,Diesel,Manual,2.9,64570,52776,5663,High
12/31/2017,X5,2017,Europe,White,Electric,Automatic,2.6,14883,109731,5181,High
12/31/2024,i8,2024,Europe,White,Electric,Manual,3.3,4153,188236,670,Low
12/31/2011,i3,2011,North America,Black,Electric,Manual,3.8,170808,45674,5159,High
12/31/2021,i8,2021,Africa,Blue,Diesel,Manual,4.9,53852,162316,50,Low
12/31/2017,X3,2017,Middle East,Blue,Hybrid,Automatic,4.4,64902,103817,5985,High
12/31/2022,7 Series,2022,South America,White,Electric,Automatic,4,137741,133978,1370,Low
12/31/2012,i8,2012,Europe,White,Hybrid,Automatic,3.2,96969,130649,50,Low
12/31/2015,M5,2015,Asia,White,Hybrid,Automatic,2.9,171415,108545,1517,Low
12/31/2012,3 Series,2012,Middle East,Red,Electric,Automatic,1.6,17317,67812,5447,High
12/31/2023,M5,2023,Asia,Silver,Diesel,Automatic,2.8,58625,138523,2401,Low
12/31/2016,7 Series,2016,South America,Black,Diesel,Manual,4.5,81606,108388,311,Low
12/31/2019,3 Series,2019,North America,Red,Electric,Manual,2.8,93303,90403,10768,High
12/31/2018,i8,2018,Europe,Blue,Diesel,Manual,3.1,26996,146010,50,Low
12/31/2011,X5,2011,Asia,Blue,Petrol,Automatic,2.5,69922,60955,5397,High
12/31/2024,X6,2024,Europe,Grey,Diesel,Manual,2.5,115419,106425,4633,Low
12/31/2021,i3,2021,Africa,Grey,Electric,Automatic,1.7,183975,71397,3743,Low
12/31/2021,X3,2021,North America,Blue,Hybrid,Automatic,3.6,77489,104694,10483,High
12/31/2024,5 Series,2024,Europe,Red,Petrol,Automatic,3.1,100505,110043,6796,High
12/31/2023,X5,2023,Africa,Blue,Electric,Manual,3.6,108895,116081,3501,Low
12/31/2014,i3,2014,Africa,Grey,Diesel,Manual,3.4,153962,38683,3024,Low
12/31/2022,X1,2022,Middle East,Red,Electric,Automatic,4.3,49109,116976,5492,High
12/31/2015,X3,2015,South America,Red,Hybrid,Manual,4.1,170710,63195,5760,High
12/31/2013,i8,2013,South America,Silver,Diesel,Manual,4.2,162953,110767,50,Low
12/31/2013,X5,2013,Middle East,Grey,Hybrid,Manual,3.2,60376,85185,3257,Low
12/31/2013,M3,2013,North America,Black,Electric,Manual,2.7,102132,83124,2126,Low
12/31/2011,M5,2011,South America,Silver,Hybrid,Manual,4.8,36347,117651,50,Low
12/31/2013,7 Series,2013,South America,Silver,Hybrid,Automatic,1.7,163098,78404,322,Low
12/31/2020,5 Series,2020,North America,Grey,Diesel,Manual,2,14576,95558,8045,High
12/31/2010,X3,2010,Asia,White,Hybrid,Manual,3,53657,58867,7792,High
12/31/2021,X3,2021,Asia,White,Electric,Manual,3.6,32192,115526,9570,High
12/31/2015,X3,2015,Middle East,Blue,Petrol,Manual,1.5,27585,62563,5207,High
12/31/2010,X5,2010,Europe,Silver,Hybrid,Manual,4,66335,78020,4903,Low
12/31/2019,X5,2019,Asia,Silver,Electric,Automatic,3.5,95972,116918,6945,High
12/31/2015,X1,2015,Africa,Red,Electric,Automatic,3.2,3422,87272,3861,Low
12/31/2010,X5,2010,South America,Red,Electric,Automatic,3,6761,81912,2292,Low
12/31/2015,i8,2015,Europe,Red,Electric,Manual,3.3,73675,138797,50,Low
12/31/2019,X5,2019,Africa,Silver,Hybrid,Automatic,2.1,14906,105193,8412,High
12/31/2017,7 Series,2017,Asia,White,Electric,Manual,1.9,169278,96764,1562,Low
12/31/2020,3 Series,2020,North America,Blue,Diesel,Manual,2.5,185180,32623,2634,Low
12/31/2011,i8,2011,Europe,White,Hybrid,Automatic,4,82306,134549,50,Low
12/31/2011,M5,2011,South America,Grey,Petrol,Automatic,3.6,69519,97954,50,Low
12/31/2023,i3,2023,South America,Silver,Diesel,Automatic,3.2,19209,104994,3869,Low
12/31/2024,7 Series,2024,Asia,Silver,Hybrid,Automatic,3.5,168973,139320,2594,Low
12/31/2022,X6,2022,South America,Black,Hybrid,Automatic,3.5,93940,129248,2617,Low
12/31/2021,X6,2021,Europe,Silver,Diesel,Manual,2.6,99940,95530,4491,Low
12/31/2013,i8,2013,Asia,White,Electric,Manual,1.8,175186,113984,50,Low
12/31/2020,i8,2020,Europe,Black,Petrol,Manual,4.6,153712,147378,156,Low
12/31/2012,X5,2012,South America,White,Hybrid,Automatic,3.6,183389,59257,2993,Low
12/31/2013,3 Series,2013,Middle East,Red,Diesel,Manual,3.9,132590,47618,7149,High
12/31/2022,5 Series,2022,Asia,Blue,Petrol,Manual,3.1,189245,84880,6675,High
12/31/2021,7 Series,2021,Europe,Grey,Petrol,Automatic,4.1,107895,130929,1341,Low
12/31/2016,X5,2016,Europe,Blue,Hybrid,Automatic,3.5,178275,80707,5526,High
12/31/2022,M5,2022,Europe,Grey,Petrol,Automatic,1.7,114415,124245,1852,Low
12/31/2020,M3,2020,Europe,Grey,Petrol,Automatic,4.6,182589,91925,2862,Low
12/31/2010,X6,2010,Africa,Black,Diesel,Automatic,2.6,60063,62126,1262,Low
12/31/2015,X6,2015,North America,Blue,Petrol,Automatic,2,64090,86682,3796,Low
12/31/2024,X3,2024,Europe,Grey,Petrol,Automatic,1.8,189206,77366,10155,High
12/31/2024,i3,2024,Asia,Blue,Diesel,Manual,4,77266,100817,5217,High
12/31/2012,i8,2012,Africa,Blue,Hybrid,Manual,4,185889,105126,50,Low
12/31/2020,i3,2020,Africa,Silver,Electric,Automatic,4,31634,113237,2765,Low
12/31/2019,M5,2019,South America,Blue,Petrol,Manual,4.7,189718,107713,999,Low
12/31/2016,X5,2016,Africa,White,Electric,Automatic,2.7,56813,99096,2896,Low
12/31/2019,i3,2019,Europe,Black,Diesel,Manual,3.5,1458,92350,4676,Low
12/31/2011,M5,2011,North America,Red,Petrol,Automatic,3.7,17513,112132,665,Low
12/31/2023,i3,2023,Middle East,White,Hybrid,Manual,4.9,175287,105582,4802,Low
12/31/2011,7 Series,2011,Europe,Black,Diesel,Automatic,2.6,14832,96946,391,Low
12/31/2022,X6,2022,Africa,White,Electric,Manual,4.8,119670,134049,2781,Low
12/31/2013,X3,2013,South America,Red,Petrol,Manual,2,74951,45922,4543,Low
12/31/2010,X3,2010,Asia,Black,Diesel,Manual,4.2,169352,32318,9079,High
12/31/2012,X1,2012,Middle East,White,Electric,Manual,3.7,116749,55640,5146,High
12/31/2022,X6,2022,Middle East,Black,Petrol,Manual,4.4,102126,124540,2676,Low
12/31/2018,7 Series,2018,North America,Blue,Hybrid,Automatic,1.6,157423,104969,1741,Low
12/31/2016,5 Series,2016,North America,Black,Diesel,Manual,1.8,135993,57860,6689,High
12/31/2024,X3,2024,Europe,Red,Hybrid,Manual,1.7,133877,93802,9374,High
12/31/2016,X6,2016,Asia,Black,Electric,Automatic,3.6,110654,103869,4072,Low
12/31/2022,i3,2022,Europe,Blue,Electric,Manual,3.6,93415,102898,5899,High
12/31/2022,X1,2022,Middle East,Grey,Hybrid,Automatic,4.7,69602,114627,5057,High
12/31/2020,X3,2020,Africa,Black,Petrol,Automatic,3.1,193984,66418,5345,High
12/31/2013,M5,2013,North America,Grey,Hybrid,Manual,1.7,71303,99503,1277,Low
12/31/2011,X1,2011,North America,Grey,Diesel,Manual,2.2,40470,34975,8007,High
12/31/2024,X1,2024,Europe,White,Diesel,Automatic,1.5,123295,75645,8365,High
12/31/2023,3 Series,2023,North America,Blue,Diesel,Automatic,4.2,69413,103959,9345,High
12/31/2013,X5,2013,Africa,Grey,Hybrid,Manual,4.4,121066,77324,2718,Low
12/31/2015,i8,2015,North America,White,Diesel,Automatic,5,179938,130834,50,Low
12/31/2020,3 Series,2020,Africa,Grey,Electric,Automatic,2.9,145941,79027,6261,High
12/31/2020,M3,2020,Asia,Silver,Diesel,Manual,1.6,85914,91887,2856,Low
12/31/2012,X6,2012,Asia,Grey,Electric,Manual,2.3,193468,61935,3987,Low
12/31/2010,5 Series,2010,North America,Black,Diesel,Manual,3.6,73395,57361,6069,High
12/31/2023,M3,2023,Europe,Blue,Petrol,Automatic,4.9,136348,124717,2811,Low
12/31/2021,X3,2021,Asia,White,Diesel,Automatic,1.9,51572,123874,8791,High
12/31/2017,5 Series,2017,Middle East,Red,Hybrid,Automatic,1.9,137444,78806,4751,Low
12/31/2021,5 Series,2021,Middle East,Blue,Petrol,Automatic,4,139684,95566,4613,Low
12/31/2022,7 Series,2022,Asia,White,Hybrid,Automatic,3.8,64169,147295,1763,Low
12/31/2014,X6,2014,Africa,Grey,Electric,Automatic,2.4,77865,91756,1508,Low
12/31/2024,X3,2024,South America,Silver,Petrol,Automatic,4.3,9319,125220,5557,High
12/31/2014,5 Series,2014,Europe,Red,Electric,Manual,2,135073,67640,6467,High
12/31/2020,X3,2020,North America,Red,Hybrid,Manual,4.7,54433,116822,8362,High
12/31/2013,X3,2013,Asia,Silver,Diesel,Manual,2.2,18805,58397,9437,High
12/31/2015,3 Series,2015,South America,Red,Diesel,Manual,1.8,161010,32886,5735,High
12/31/2012,i8,2012,Europe,Blue,Electric,Manual,2.7,43081,137350,50,Low
12/31/2018,M3,2018,North America,Silver,Electric,Automatic,2.2,47054,107959,2930,Low
12/31/2014,i8,2014,Europe,Grey,Petrol,Manual,3.3,150170,112971,50,Low
12/31/2012,M5,2012,Europe,Black,Hybrid,Manual,3.9,98383,105565,803,Low
12/31/2020,M5,2020,Middle East,Red,Petrol,Manual,3.2,129385,121289,1274,Low
12/31/2010,X6,2010,North America,White,Electric,Automatic,3.8,59049,90177,3196,Low
12/31/2019,M5,2019,Asia,Blue,Hybrid,Automatic,2.8,82713,68996,3385,Low
12/31/2021,X6,2021,Europe,Silver,Petrol,Automatic,1.6,174387,88734,4560,Low
12/31/2015,7 Series,2015,North America,Silver,Diesel,Manual,4.9,114371,106838,1056,Low
12/31/2024,X6,2024,Middle East,Red,Hybrid,Automatic,4.4,161896,138310,4031,Low
12/31/2011,i3,2011,Europe,Blue,Petrol,Manual,1.8,119242,26441,4067,Low
12/31/2022,M3,2022,North America,Red,Diesel,Automatic,3.1,174082,96150,3871,Low
12/31/2012,i8,2012,South America,Black,Electric,Automatic,3.7,164326,112424,50,Low
12/31/2010,X5,2010,South America,White,Electric,Automatic,2.2,133784,55376,2729,Low
12/31/2018,5 Series,2018,North America,Red,Diesel,Automatic,3.5,89752,89136,6853,High
12/31/2017,X6,2017,Middle East,Silver,Electric,Automatic,3.4,147301,108518,2434,Low
12/31/2021,i3,2021,North America,Black,Hybrid,Manual,2.2,4800,103822,5436,High
12/31/2011,X6,2011,Europe,Red,Diesel,Automatic,2,14591,69299,3123,Low
12/31/2024,i3,2024,Asia,Blue,Petrol,Automatic,4.2,129913,100481,5099,High
12/31/2021,M3,2021,North America,Silver,Petrol,Automatic,2.6,102353,103947,3161,Low
12/31/2020,M3,2020,Europe,Silver,Electric,Automatic,2.4,156964,100240,3286,Low
12/31/2017,M5,2017,South America,White,Hybrid,Manual,4.1,95609,132618,305,Low
12/31/2021,3 Series,2021,North America,Black,Electric,Automatic,4.1,89356,113172,11526,High
12/31/2023,M3,2023,North America,Silver,Diesel,Manual,2.5,136785,94804,3478,Low
12/31/2018,M3,2018,Africa,Silver,Petrol,Manual,4.6,14990,110988,1180,Low
12/31/2010,X5,2010,South America,Grey,Petrol,Automatic,3.9,129157,51198,2647,Low
12/31/2022,7 Series,2022,Europe,Blue,Electric,Manual,2.7,64806,142534,1793,Low
12/31/2014,M3,2014,Asia,Grey,Diesel,Manual,3,141964,60831,2886,Low
12/31/2017,7 Series,2017,South America,Silver,Electric,Automatic,4,9803,136980,50,Low
12/31/2024,7 Series,2024,Europe,White,Diesel,Manual,2.2,162681,116891,1827,Low
12/31/2020,X6,2020,Africa,White,Petrol,Automatic,3.1,83017,106311,2425,Low
12/31/2023,5 Series,2023,Europe,Blue,Petrol,Manual,3.8,145561,100886,6902,High
12/31/2011,5 Series,2011,Africa,Red,Electric,Automatic,3.4,170394,56200,3003,Low
12/31/2013,3 Series,2013,Africa,Black,Diesel,Automatic,3.6,94816,49939,4169,Low
12/31/2016,X1,2016,Europe,Silver,Petrol,Manual,3.4,108138,54424,7919,High
12/31/2012,5 Series,2012,Middle East,Blue,Diesel,Automatic,2.2,28751,63059,3872,Low
12/31/2022,3 Series,2022,Africa,White,Electric,Manual,2.9,173760,80168,7022,High
12/31/2021,i3,2021,Asia,White,Petrol,Manual,3.4,199210,64436,5676,High
12/31/2014,X5,2014,Middle East,Red,Diesel,Manual,4.2,190696,61912,4116,Low
12/31/2017,3 Series,2017,Middle East,White,Hybrid,Manual,3.8,14573,94775,6224,High
12/31/2021,3 Series,2021,Europe,Black,Electric,Manual,3,194624,76247,8755,High
12/31/2019,X1,2019,Europe,White,Petrol,Manual,4.9,172810,64354,8091,High
12/31/2012,X6,2012,Europe,Silver,Hybrid,Automatic,1.9,55933,82853,2992,Low
12/31/2013,M3,2013,Asia,Blue,Electric,Automatic,2.2,143080,74116,2873,Low
12/31/2023,7 Series,2023,North America,Blue,Electric,Manual,2.7,19285,167019,1843,Low
12/31/2024,M5,2024,Africa,Grey,Hybrid,Automatic,2.3,171100,134553,1662,Low
12/31/2018,X5,2018,Europe,Blue,Hybrid,Manual,3.7,3105,116367,5606,High
12/31/2023,i3,2023,Europe,Blue,Hybrid,Automatic,1.6,198633,74853,5338,High
12/31/2023,3 Series,2023,Asia,Blue,Hybrid,Automatic,2.1,132674,87154,9802,High
12/31/2016,X5,2016,Asia,Blue,Diesel,Manual,2.5,104670,70029,12790,High
12/31/2010,X6,2010,Europe,Grey,Hybrid,Manual,3.9,184268,59933,3148,Low
12/31/2023,M5,2023,Middle East,Blue,Hybrid,Manual,4.6,54073,169174,1499,Low
12/31/2021,i8,2021,South America,Grey,Electric,Automatic,4.3,19210,188066,50,Low
12/31/2013,i3,2013,South America,White,Petrol,Automatic,2.1,193073,25000,3143,Low
12/31/2013,3 Series,2013,South America,Silver,Diesel,Automatic,3.5,150125,42299,5906,High
12/31/2018,M5,2018,Middle East,Blue,Electric,Automatic,1.6,7012,146238,906,Low
12/31/2015,M3,2015,Africa,Grey,Petrol,Manual,2.6,28871,81192,978,Low
12/31/2018,M3,2018,Middle East,Silver,Hybrid,Automatic,4.3,36709,127672,1859,Low
12/31/2021,M3,2021,South America,White,Electric,Manual,3.1,58830,120168,2130,Low
12/31/2024,i8,2024,South America,Blue,Petrol,Automatic,2,163335,148936,356,Low
12/31/2015,7 Series,2015,Middle East,White,Diesel,Manual,3,15807,113949,227,Low
12/31/2015,3 Series,2015,Africa,Blue,Hybrid,Automatic,2.2,114333,57830,4661,Low
12/31/2014,3 Series,2014,South America,Grey,Electric,Automatic,2.9,31907,77658,6025,High
12/31/2014,X1,2014,Asia,Grey,Hybrid,Automatic,3.2,184349,44121,7715,High
12/31/2011,M3,2011,Europe,Grey,Diesel,Manual,2.7,12215,68799,2113,Low
12/31/2017,i8,2017,Asia,Black,Hybrid,Automatic,4.8,20476,178693,50,Low
12/31/2017,7 Series,2017,South America,White,Electric,Manual,3.5,102340,117659,285,Low
12/31/2020,X1,2020,Europe,Red,Petrol,Automatic,4.5,82322,85747,6855,High
12/31/2022,X1,2022,Europe,Grey,Electric,Automatic,4.2,190000,86209,8308,High
12/31/2010,7 Series,2010,Africa,White,Diesel,Automatic,3.8,45644,84602,50,Low
12/31/2017,i3,2017,Africa,Grey,Diesel,Manual,3.2,71929,67528,2859,Low
12/31/2014,X5,2014,Europe,Blue,Diesel,Manual,1.5,184253,39381,6423,High
12/31/2011,X3,2011,South America,Black,Hybrid,Manual,3.6,169404,41153,4299,Low
12/31/2023,3 Series,2023,North America,White,Diesel,Automatic,2.7,168397,76256,11174,High
12/31/2011,X6,2011,North America,Red,Diesel,Automatic,1.9,65418,97566,2632,Low
12/31/2023,M5,2023,Africa,Grey,Petrol,Manual,3.1,53318,146818,797,Low
12/31/2024,X6,2024,Middle East,Black,Diesel,Manual,4.1,50425,139898,2583,Low
12/31/2024,i8,2024,Asia,Red,Petrol,Automatic,4.9,17698,191798,152,Low
12/31/2015,M3,2015,North America,White,Electric,Automatic,2.8,125866,86565,2354,Low
12/31/2020,i3,2020,South America,Silver,Petrol,Manual,3.4,48608,84435,3702,Low
12/31/2022,X6,2022,Asia,Black,Electric,Automatic,4.5,127410,139834,5328,High
12/31/2018,5 Series,2018,South America,Grey,Electric,Automatic,2.7,185901,79185,5456,High
12/31/2010,3 Series,2010,Europe,Blue,Petrol,Manual,2,141501,25000,7988,High
12/31/2021,3 Series,2021,Asia,Silver,Petrol,Automatic,2.5,16784,98716,10258,High
12/31/2015,X3,2015,North America,Black,Electric,Automatic,4.6,135090,82344,7873,High
12/31/2018,M3,2018,Middle East,Grey,Petrol,Manual,2.1,109211,85890,2037,Low
12/31/2017,7 Series,2017,North America,Silver,Hybrid,Automatic,2.7,172628,100233,1347,Low
12/31/2020,M5,2020,Asia,Blue,Petrol,Manual,3.1,97023,124383,1635,Low
12/31/2015,X1,2015,Europe,Grey,Hybrid,Manual,4.5,107314,68429,7977,High
12/31/2012,X6,2012,North America,Blue,Hybrid,Automatic,4.8,145401,85591,3708,Low
12/31/2017,M5,2017,North America,Silver,Electric,Manual,3,95250,125109,1387,Low
12/31/2018,M3,2018,Africa,Grey,Petrol,Automatic,4.8,152928,93452,1602,Low
12/31/2010,X5,2010,Asia,White,Hybrid,Automatic,2.1,54456,64790,4959,Low
12/31/2021,i3,2021,Africa,Black,Petrol,Automatic,2,184831,61728,3471,Low
12/31/2018,3 Series,2018,Middle East,Red,Electric,Manual,4.8,72326,101289,7058,High
12/31/2023,i8,2023,Asia,White,Diesel,Manual,3.3,6535,179369,189,Low
12/31/2024,X6,2024,North America,Grey,Electric,Manual,2.2,93853,129491,5469,High
12/31/2015,M3,2015,Middle East,Blue,Electric,Manual,3.2,113926,92051,1320,Low
12/31/2015,5 Series,2015,Asia,Grey,Hybrid,Manual,4.2,16953,43986,7872,High
12/31/2021,X1,2021,Middle East,White,Petrol,Manual,4.4,73455,94710,5140,High
12/31/2013,M5,2013,North America,Grey,Electric,Manual,4.5,150101,109357,1103,Low
12/31/2010,M5,2010,Europe,Grey,Petrol,Manual,3.5,127527,82161,905,Low
12/31/2019,5 Series,2019,North America,Black,Diesel,Manual,4.5,89321,92042,7728,High
12/31/2017,i8,2017,Asia,White,Hybrid,Automatic,3.3,174435,129886,50,Low
12/31/2011,i8,2011,Africa,Blue,Electric,Manual,3.6,51308,133698,50,Low
12/31/2021,i8,2021,Asia,Red,Petrol,Automatic,4.2,186386,200000,50,Low
12/31/2010,X3,2010,Asia,White,Diesel,Automatic,3,4220,55996,7608,High
12/31/2011,M3,2011,Africa,Blue,Hybrid,Automatic,1.8,97370,61072,723,Low
12/31/2010,M5,2010,Europe,Silver,Petrol,Manual,2.7,134725,76168,935,Low
12/31/2010,X5,2010,South America,Grey,Diesel,Automatic,3.7,21015,68433,2307,Low
12/31/2018,X5,2018,South America,Black,Electric,Manual,2.2,119549,92203,3627,Low
12/31/2022,M3,2022,North America,Grey,Diesel,Automatic,2,54423,111267,3533,Low
12/31/2023,5 Series,2023,Europe,Grey,Hybrid,Manual,2.5,143517,102159,8141,High
12/31/2010,M5,2010,Asia,Grey,Electric,Automatic,1.6,56998,102731,633,Low
12/31/2022,7 Series,2022,South America,Red,Electric,Manual,4.1,189100,124548,1667,Low
12/31/2013,i8,2013,South America,Grey,Petrol,Manual,2.4,172642,128216,50,Low
12/31/2019,3 Series,2019,North America,Red,Petrol,Automatic,1.9,93940,67073,9799,High
12/31/2015,i3,2015,Asia,White,Diesel,Manual,3.9,140529,51023,4495,Low
12/31/2016,7 Series,2016,Africa,Black,Hybrid,Manual,4.5,132258,108332,180,Low
12/31/2011,X1,2011,South America,White,Petrol,Manual,1.6,51347,30334,4273,Low
12/31/2015,3 Series,2015,Asia,Blue,Electric,Automatic,2.3,75043,75666,10519,High
12/31/2016,3 Series,2016,Europe,Silver,Diesel,Manual,4.8,69578,97966,8584,High
12/31/2019,X3,2019,Africa,Red,Petrol,Manual,2.8,178545,60651,5714,High
12/31/2023,M3,2023,South America,White,Diesel,Automatic,4.8,154279,105252,2080,Low
12/31/2019,X3,2019,North America,Red,Diesel,Automatic,2.5,45164,83238,8821,High
12/31/2011,7 Series,2011,Africa,White,Electric,Manual,2.3,196952,67632,50,Low
12/31/2024,i8,2024,South America,Silver,Electric,Manual,2.2,50545,169981,579,Low
12/31/2011,i8,2011,Africa,Grey,Petrol,Manual,1.8,163861,83297,50,Low
12/31/2019,M5,2019,North America,Grey,Diesel,Manual,4.6,9408,147923,1317,Low
12/31/2016,M5,2016,South America,White,Diesel,Manual,4.9,56312,126175,319,Low
12/31/2021,5 Series,2021,Europe,Red,Hybrid,Manual,4.8,116478,107561,8257,High
12/31/2010,X6,2010,North America,Red,Petrol,Manual,4.5,172016,58304,3509,Low
12/31/2017,M5,2017,South America,Grey,Petrol,Automatic,4.5,21218,142578,192,Low
12/31/2020,i8,2020,Asia,Blue,Electric,Automatic,3.8,101670,166410,482,Low
12/31/2022,X5,2022,North America,Blue,Petrol,Automatic,4.4,182358,100139,5493,High
12/31/2012,3 Series,2012,Middle East,Blue,Electric,Manual,2.2,160382,43215,6197,High
12/31/2020,X6,2020,Europe,Blue,Hybrid,Automatic,2.9,101550,108489,5145,High
12/31/2015,3 Series,2015,Europe,Grey,Hybrid,Manual,3.7,77227,73537,8535,High
12/31/2018,7 Series,2018,Europe,Silver,Electric,Manual,4.6,12508,145769,1229,Low
12/31/2015,X6,2015,Asia,Silver,Petrol,Manual,3.8,55914,90474,4280,Low
12/31/2018,X3,2018,Middle East,Grey,Electric,Automatic,4.4,44457,116321,6685,High
12/31/2016,M5,2016,Middle East,Blue,Petrol,Manual,3.2,14921,177789,50,Low
12/31/2024,i3,2024,Africa,Grey,Diesel,Automatic,4,192889,79138,491,Low
12/31/2018,i8,2018,Europe,White,Electric,Automatic,4.9,175687,160193,153,Low
12/31/2011,3 Series,2011,South America,Red,Diesel,Automatic,2,21992,42452,5971,High
12/31/2021,M5,2021,Asia,Grey,Hybrid,Automatic,4.7,186349,141474,2580,Low
12/31/2017,M3,2017,Asia,Grey,Hybrid,Manual,3.3,156053,87777,3332,Low
12/31/2017,X6,2017,South America,Black,Hybrid,Manual,3.8,160958,87920,2569,Low
12/31/2011,M5,2011,Africa,Black,Diesel,Manual,4.6,178131,44776,643,Low
12/31/2021,7 Series,2021,Africa,Red,Hybrid,Manual,2.9,73144,136532,1009,Low
12/31/2023,M5,2023,Asia,White,Petrol,Manual,3,23377,151892,1967,Low
12/31/2013,7 Series,2013,North America,Silver,Electric,Manual,3.3,192695,88130,951,Low
12/31/2023,X5,2023,North America,Black,Petrol,Automatic,1.6,40353,108142,6766,High
12/31/2024,i8,2024,South America,White,Diesel,Manual,3.2,95259,158059,247,Low
12/31/2020,i3,2020,Middle East,Black,Petrol,Automatic,2.5,30888,92071,4085,Low
12/31/2024,i3,2024,Europe,Blue,Petrol,Manual,4.7,35849,113469,4550,Low
12/31/2016,M3,2016,South America,White,Diesel,Manual,1.8,110698,65871,1844,Low
12/31/2020,i8,2020,North America,Blue,Diesel,Manual,3.1,135479,133605,410,Low
12/31/2013,7 Series,2013,South America,Blue,Hybrid,Automatic,4.8,188310,96751,50,Low
12/31/2013,X3,2013,Europe,Black,Diesel,Manual,4.7,80626,63563,8618,High
12/31/2015,X5,2015,Asia,Red,Electric,Automatic,4,11712,115209,4936,Low
12/31/2019,i8,2019,Asia,White,Diesel,Automatic,3.6,72732,159603,50,Low
12/31/2015,M5,2015,North America,Black,Diesel,Manual,2.5,191917,85506,1538,Low
12/31/2019,5 Series,2019,South America,White,Diesel,Manual,2.8,181288,63108,4322,Low
12/31/2024,X6,2024,Middle East,Red,Electric,Manual,1.8,174788,116573,3382,Low
12/31/2012,3 Series,2012,Europe,Silver,Electric,Manual,4.3,87851,66052,7495,High
12/31/2024,X1,2024,Asia,Blue,Electric,Manual,2.6,5148,111059,9925,High
12/31/2018,M3,2018,Middle East,Blue,Petrol,Manual,3.8,70128,98770,1814,Low
12/31/2021,X6,2021,North America,Blue,Hybrid,Automatic,2.8,152254,109991,5625,High
12/31/2019,5 Series,2019,Africa,Blue,Hybrid,Automatic,3.1,69639,101608,9398,High
12/31/2023,M3,2023,Asia,Silver,Electric,Automatic,3.4,83672,134657,3141,Low
12/31/2020,i3,2020,Asia,Black,Hybrid,Manual,4.3,34091,112568,5769,High
12/31/2011,X1,2011,North America,Black,Hybrid,Automatic,2.2,4879,59360,7651,High
12/31/2015,X3,2015,Africa,Silver,Diesel,Automatic,2.9,127409,53986,4250,Low
12/31/2021,M3,2021,Africa,White,Diesel,Automatic,2,108658,92497,1711,Low
12/31/2016,X5,2016,Europe,Black,Electric,Automatic,1.8,134524,83118,5591,High
12/31/2021,3 Series,2021,Middle East,Blue,Diesel,Manual,3.6,23180,98673,7613,High
12/31/2022,5 Series,2022,North America,White,Hybrid,Automatic,2.2,144064,96971,7841,High
12/31/2018,3 Series,2018,Middle East,Red,Diesel,Automatic,1.7,169799,49529,7084,High
12/31/2022,3 Series,2022,North America,Blue,Electric,Manual,4.6,67968,113951,10993,High
12/31/2012,X5,2012,South America,Grey,Hybrid,Manual,3.4,23059,85569,2852,Low
12/31/2019,M5,2019,Middle East,Grey,Electric,Automatic,2,191346,117846,1617,Low
12/31/2012,i8,2012,North America,Red,Hybrid,Automatic,1.7,123544,117682,50,Low
12/31/2016,i3,2016,South America,Grey,Electric,Automatic,1.9,176412,54669,2677,Low
12/31/2023,i8,2023,Africa,Blue,Petrol,Manual,3.1,61122,155555,50,Low
12/31/2013,5 Series,2013,Europe,Grey,Petrol,Automatic,3.8,78324,69755,6167,High
12/31/2022,X5,2022,Asia,Silver,Diesel,Manual,3.7,32732,115810,5740,High
12/31/2017,M3,2017,North America,Black,Diesel,Automatic,2,96508,82646,2498,Low
12/31/2022,i3,2022,Africa,Grey,Electric,Automatic,3.7,176401,95381,3116,Low
12/31/2016,i3,2016,Europe,Silver,Diesel,Manual,2.9,116084,56095,5088,High
12/31/2014,M3,2014,Africa,Blue,Hybrid,Manual,3.1,27089,92409,857,Low
12/31/2016,X5,2016,South America,Red,Diesel,Manual,4.3,198072,67077,3066,Low
12/31/2012,X3,2012,Europe,Grey,Electric,Automatic,2.7,47685,73199,6858,High
12/31/2021,7 Series,2021,South America,Grey,Electric,Automatic,2,87131,131501,1360,Low
12/31/2011,X5,2011,Africa,Red,Petrol,Manual,4.6,23101,80457,2329,Low
12/31/2015,X3,2015,Middle East,Blue,Electric,Automatic,2.2,155187,66189,5806,High
12/31/2011,X5,2011,Middle East,Red,Diesel,Manual,2.5,195149,36458,3509,Low
12/31/2012,X5,2012,South America,Silver,Petrol,Automatic,4,85753,68214,468,Low
12/31/2015,i3,2015,Africa,Black,Electric,Manual,3.9,39178,81044,432,Low
12/31/2014,X6,2014,Africa,White,Electric,Automatic,4.3,168132,89767,1638,Low
12/31/2017,7 Series,2017,South America,Silver,Hybrid,Automatic,2.1,61598,116977,378,Low
12/31/2018,7 Series,2018,South America,Blue,Petrol,Automatic,2.7,167020,94582,783,Low
12/31/2020,M3,2020,Europe,White,Hybrid,Manual,1.9,20250,112141,3766,Low
12/31/2012,X3,2012,Africa,Grey,Electric,Automatic,3.4,163552,55405,4230,Low
12/31/2021,X1,2021,South America,Blue,Electric,Automatic,2.5,36513,97034,5199,High
12/31/2019,5 Series,2019,South America,Red,Electric,Automatic,3.9,150065,101323,4042,Low
12/31/2012,i8,2012,Middle East,Blue,Petrol,Automatic,1.5,196195,91842,50,Low
12/31/2012,i8,2012,Middle East,White,Petrol,Automatic,1.7,7405,192672,50,Low
12/31/2022,3 Series,2022,North America,Red,Petrol,Automatic,3,108953,90761,8669,High
12/31/2022,X1,2022,Europe,Black,Diesel,Manual,4.9,95279,94429,6870,High
12/31/2015,X6,2015,Asia,Red,Electric,Manual,4.6,73139,109115,4139,Low
12/31/2024,5 Series,2024,Middle East,Silver,Hybrid,Automatic,5,120702,136841,6111,High
12/31/2024,i3,2024,Europe,Black,Diesel,Automatic,3,192851,80686,6100,High
12/31/2010,i3,2010,Europe,Silver,Petrol,Manual,1.7,117892,25000,4751,Low
12/31/2016,X6,2016,Africa,Grey,Petrol,Manual,2.6,16779,93571,2041,Low
12/31/2021,i3,2021,Europe,Silver,Electric,Manual,3.9,164364,87311,5543,High
12/31/2010,5 Series,2010,Middle East,White,Hybrid,Manual,2,81135,55947,4212,Low
12/31/2023,7 Series,2023,Europe,Blue,Petrol,Manual,2.5,184666,106975,1863,Low
12/31/2014,i3,2014,South America,Red,Diesel,Manual,1.7,93618,38482,2934,Low
12/31/2024,i8,2024,Asia,Red,Petrol,Automatic,3.2,112565,159644,567,Low
12/31/2019,X3,2019,Asia,White,Hybrid,Manual,2.2,131907,78700,9664,High
12/31/2022,i8,2022,Asia,White,Petrol,Automatic,1.8,14732,165595,251,Low
12/31/2017,X5,2017,Africa,Black,Petrol,Automatic,2.9,199569,59997,3295,Low
12/31/2013,X3,2013,Africa,Silver,Diesel,Manual,2.7,193260,28300,4079,Low
12/31/2014,X5,2014,Asia,Red,Electric,Automatic,3.4,97867,93715,6282,High
12/31/2013,7 Series,2013,Asia,Red,Petrol,Manual,4.1,95890,93177,1015,Low
12/31/2021,5 Series,2021,Middle East,Blue,Petrol,Manual,1.9,91728,90902,4880,Low
12/31/2021,M5,2021,Asia,Red,Diesel,Manual,4.3,195881,119980,2448,Low
12/31/2023,M5,2023,North America,Black,Electric,Manual,1.6,37062,150768,2602,Low
12/31/2013,i8,2013,Africa,Grey,Electric,Manual,3.1,177044,114673,50,Low
12/31/2021,3 Series,2021,Africa,Red,Hybrid,Automatic,3.6,114662,96098,5164,High
12/31/2017,M5,2017,Asia,Grey,Hybrid,Manual,4.8,1677,159255,1050,Low
12/31/2011,X1,2011,South America,Blue,Petrol,Manual,3.5,30047,48065,3529,Low
12/31/2010,X5,2010,Africa,Grey,Diesel,Automatic,2.1,71176,48189,2489,Low
12/31/2012,X3,2012,Asia,Grey,Diesel,Automatic,3.3,46346,58163,7591,High
12/31/2018,X5,2018,North America,Red,Diesel,Manual,2.9,189846,71297,5789,High
12/31/2013,5 Series,2013,South America,Black,Diesel,Manual,3.2,95150,58005,4167,Low
12/31/2019,X3,2019,Asia,Silver,Diesel,Manual,2.2,164100,56322,10788,High
12/31/2014,X3,2014,Africa,Blue,Petrol,Automatic,3.3,170713,46065,4408,Low
12/31/2011,M5,2011,Asia,Silver,Electric,Automatic,2,131059,90198,1109,Low
12/31/2013,i8,2013,Europe,Grey,Hybrid,Manual,4.1,139866,129641,50,Low
12/31/2011,i8,2011,Middle East,Black,Petrol,Manual,3.6,76700,116893,50,Low
12/31/2024,i3,2024,South America,Silver,Petrol,Manual,1.8,139436,77403,4477,Low
12/31/2011,X5,2011,South America,Red,Electric,Automatic,4.6,115045,78044,2634,Low
12/31/2013,X6,2013,South America,Silver,Petrol,Manual,3.7,76533,80025,2100,Low
12/31/2015,X3,2015,Asia,Blue,Diesel,Manual,2.6,22522,67708,8486,High
12/31/2016,7 Series,2016,North America,Red,Electric,Manual,1.7,183942,93066,1393,Low
12/31/2019,7 Series,2019,Europe,Black,Electric,Manual,3.7,62095,144299,1543,Low
12/31/2012,X6,2012,North America,Red,Diesel,Manual,2.8,133720,58150,3276,Low
12/31/2012,X1,2012,Asia,White,Electric,Automatic,4.7,21463,80857,8037,High
12/31/2019,5 Series,2019,Middle East,Grey,Electric,Automatic,1.6,131752,86457,5231,High
12/31/2015,X1,2015,Asia,Blue,Diesel,Manual,1.6,155580,28810,8446,High
12/31/2022,5 Series,2022,Middle East,Black,Diesel,Manual,4.8,114354,111320,5246,High
12/31/2021,X1,2021,Middle East,Red,Hybrid,Automatic,4.9,48182,109579,5734,High
12/31/2012,X1,2012,Middle East,Grey,Petrol,Automatic,1.6,84658,33946,5448,High
12/31/2022,7 Series,2022,Europe,Blue,Diesel,Automatic,4,119316,124164,1418,Low
12/31/2011,X1,2011,Middle East,Red,Hybrid,Automatic,2.3,103530,42246,8775,High
12/31/2017,i8,2017,Europe,Black,Hybrid,Manual,4,88505,153142,50,Low
12/31/2014,i3,2014,Middle East,Grey,Petrol,Automatic,4.5,38991,76602,2498,Low
12/31/2024,7 Series,2024,North America,Silver,Hybrid,Automatic,1.9,156392,134387,2596,Low
12/31/2010,X6,2010,Europe,Blue,Diesel,Automatic,2.3,58286,62015,3505,Low
12/31/2012,M3,2012,Europe,Silver,Hybrid,Manual,1.6,112266,58876,2267,Low
12/31/2019,7 Series,2019,North America,Blue,Hybrid,Manual,1.7,80828,121409,1894,Low
12/31/2017,M5,2017,Middle East,Grey,Petrol,Automatic,1.6,140933,105118,952,Low
12/31/2013,X6,2013,Asia,Black,Electric,Manual,4.3,156900,89459,3586,Low
12/31/2023,i3,2023,Middle East,Red,Diesel,Manual,2.5,111818,84363,4620,Low
12/31/2016,5 Series,2016,North America,Black,Hybrid,Manual,3.2,89755,88693,7462,High
12/31/2019,X5,2019,North America,Blue,Hybrid,Manual,4.3,22185,125460,5750,High
12/31/2021,7 Series,2021,Africa,White,Hybrid,Manual,3.2,23987,143073,796,Low
12/31/2023,X1,2023,Africa,White,Hybrid,Manual,3,112394,90523,5767,High
12/31/2023,X1,2023,Asia,White,Petrol,Automatic,1.5,137925,72391,8276,High
12/31/2011,3 Series,2011,Asia,White,Petrol,Manual,3.5,106407,41695,9715,High
12/31/2016,i3,2016,Asia,Red,Electric,Automatic,1.9,188621,55522,4686,Low
12/31/2014,3 Series,2014,North America,Silver,Petrol,Automatic,4.2,98124,63015,8193,High
12/31/2014,X6,2014,North America,Silver,Electric,Automatic,2.4,173666,74464,3354,Low
12/31/2015,i3,2015,Middle East,Red,Electric,Automatic,3.9,178684,69799,3558,Low
12/31/2022,X6,2022,Middle East,Blue,Hybrid,Manual,3.8,21247,144530,2941,Low
12/31/2018,i8,2018,North America,Grey,Hybrid,Automatic,3.7,76848,167866,82,Low
12/31/2023,X1,2023,North America,Blue,Diesel,Manual,2.4,54410,82608,8134,High
12/31/2015,X5,2015,Asia,Silver,Diesel,Manual,2.4,130368,61861,6207,High
12/31/2021,X6,2021,Middle East,Silver,Petrol,Automatic,4.5,197533,100388,3429,Low
12/31/2022,5 Series,2022,South America,Black,Electric,Manual,1.5,143864,93831,5002,High
12/31/2024,M3,2024,Middle East,Silver,Petrol,Automatic,2.1,115373,115130,2508,Low
12/31/2023,X3,2023,Africa,Blue,Electric,Automatic,3.6,82587,110617,4904,Low
12/31/2017,i8,2017,North America,Red,Petrol,Manual,4.4,98975,147983,50,Low
12/31/2016,X1,2016,Europe,Silver,Hybrid,Manual,2.8,197643,45034,8138,High
12/31/2018,X6,2018,North America,Silver,Electric,Automatic,3.8,39156,128921,3716,Low
12/31/2013,X6,2013,Middle East,Silver,Hybrid,Manual,3.5,90363,89336,2381,Low
12/31/2011,X3,2011,Middle East,White,Petrol,Manual,1.7,33142,46760,5187,High
12/31/2016,M3,2016,North America,Silver,Petrol,Automatic,3.7,162275,79492,3196,Low
12/31/2015,i8,2015,Asia,Black,Electric,Automatic,4.3,94193,158634,50,Low
12/31/2010,X3,2010,South America,Red,Electric,Manual,5,42069,76225,3798,Low
12/31/2020,X3,2020,Asia,White,Hybrid,Manual,1.6,50831,89003,9531,High
12/31/2018,3 Series,2018,Europe,Grey,Diesel,Automatic,3.8,50942,85215,9343,High
12/31/2018,7 Series,2018,Africa,Red,Petrol,Manual,3,21171,118793,290,Low
12/31/2021,X3,2021,North America,Blue,Electric,Manual,1.5,102499,93263,10836,High
12/31/2011,X6,2011,Africa,White,Petrol,Manual,3.7,73416,72623,1501,Low
12/31/2012,X5,2012,Asia,Silver,Electric,Manual,1.9,42219,77675,5353,High
12/31/2014,5 Series,2014,Asia,White,Hybrid,Automatic,2.8,68445,80941,6601,High
12/31/2014,X5,2014,South America,White,Petrol,Manual,2.4,173211,51154,3616,Low
12/31/2024,X1,2024,Europe,Red,Hybrid,Manual,2.8,84157,93514,9071,High
12/31/2010,7 Series,2010,Middle East,Black,Hybrid,Manual,3.2,9884,111709,50,Low
12/31/2017,X6,2017,South America,Black,Electric,Automatic,2.8,121598,93324,2558,Low
12/31/2021,i8,2021,North America,Blue,Hybrid,Manual,3.4,130258,154433,718,Low
12/31/2017,5 Series,2017,Africa,White,Electric,Automatic,2.3,76277,87697,3372,Low
12/31/2013,i8,2013,Africa,Grey,Hybrid,Manual,3.7,377,142028,50,Low
12/31/2022,5 Series,2022,North America,Grey,Electric,Automatic,4.5,43995,139761,8187,High
12/31/2016,3 Series,2016,South America,Blue,Electric,Automatic,2.3,94056,74329,6425,High
12/31/2024,M3,2024,North America,Black,Petrol,Manual,3.3,41496,131248,2925,Low
12/31/2024,X6,2024,North America,Red,Diesel,Automatic,3.8,70102,126893,4039,Low
12/31/2020,3 Series,2020,Middle East,Silver,Hybrid,Manual,3.5,76792,97596,7483,High
12/31/2019,3 Series,2019,South America,Grey,Electric,Automatic,2.8,168649,74671,7448,High
12/31/2012,i8,2012,Africa,Blue,Electric,Automatic,3.7,169000,121172,50,Low
12/31/2015,7 Series,2015,Middle East,Blue,Hybrid,Automatic,1.6,95876,99336,484,Low
12/31/2023,M3,2023,Europe,Black,Petrol,Manual,2.8,163773,97008,3671,Low
12/31/2019,7 Series,2019,South America,Red,Hybrid,Automatic,3.4,133748,118020,1020,Low
12/31/2022,M5,2022,Asia,White,Petrol,Manual,1.6,147936,114692,2541,Low
12/31/2019,X5,2019,South America,Grey,Petrol,Automatic,3.3,190703,75188,4236,Low
12/31/2021,3 Series,2021,North America,White,Hybrid,Automatic,3.8,76918,101385,9202,High
12/31/2023,7 Series,2023,Middle East,Grey,Petrol,Automatic,4.2,155259,132268,1149,Low
12/31/2018,3 Series,2018,Middle East,Silver,Electric,Automatic,1.9,59012,90880,15000,High
12/31/2010,X6,2010,Asia,White,Petrol,Automatic,5,53315,86077,2943,Low
12/31/2014,5 Series,2014,South America,Silver,Petrol,Automatic,3.6,156068,56747,3805,Low
12/31/2013,X3,2013,North America,Silver,Diesel,Manual,2.8,84696,49319,8916,High
12/31/2017,X1,2017,North America,Grey,Hybrid,Manual,2.4,144415,58070,8034,High
12/31/2020,3 Series,2020,Asia,Blue,Hybrid,Automatic,3.5,152333,83752,10630,High
12/31/2021,3 Series,2021,North America,Black,Hybrid,Manual,4.6,37338,113422,15000,High
12/31/2010,M5,2010,Europe,Grey,Petrol,Automatic,3.3,134334,83995,955,Low
12/31/2018,i3,2018,Middle East,White,Petrol,Automatic,3.8,193659,64836,3922,Low
12/31/2015,i3,2015,Asia,Silver,Electric,Automatic,2.8,92445,33534,5969,High
12/31/2013,X3,2013,Asia,Blue,Petrol,Automatic,2.9,47308,65800,7660,High
12/31/2021,M3,2021,North America,Blue,Petrol,Manual,2.5,49631,107671,3382,Low
12/31/2018,5 Series,2018,Middle East,Black,Diesel,Manual,4,24820,100218,3912,Low
12/31/2020,X1,2020,Middle East,Grey,Electric,Automatic,2.8,86698,95262,5456,High
12/31/2014,5 Series,2014,Middle East,Blue,Petrol,Automatic,2.2,48412,75311,4455,Low
12/31/2024,5 Series,2024,Asia,Red,Hybrid,Automatic,2.8,187862,97992,8923,High
12/31/2014,i8,2014,Europe,Grey,Hybrid,Automatic,4.5,80251,152344,50,Low
12/31/2021,M3,2021,Asia,Red,Diesel,Manual,4.1,73293,112460,3622,Low
12/31/2014,X6,2014,Europe,Silver,Electric,Manual,2.7,58569,97750,2880,Low
12/31/2010,X6,2010,South America,Black,Diesel,Automatic,4.7,61382,78706,1349,Low
12/31/2010,M3,2010,Asia,White,Hybrid,Automatic,1.8,150514,50429,2473,Low
12/31/2017,M5,2017,Middle East,Blue,Hybrid,Manual,1.7,106999,117136,797,Low
12/31/2021,5 Series,2021,North America,White,Petrol,Automatic,1.9,178429,78366,8301,High
12/31/2017,7 Series,2017,South America,Red,Hybrid,Automatic,1.9,46714,111994,431,Low
12/31/2021,M5,2021,Europe,Black,Diesel,Automatic,1.8,156761,115711,2014,Low
12/31/2024,7 Series,2024,Middle East,White,Diesel,Automatic,3.8,165619,134763,1194,Low
12/31/2024,3 Series,2024,North America,Blue,Electric,Automatic,3.6,131710,112696,11499,High
12/31/2015,X3,2015,North America,Red,Electric,Automatic,3.8,33208,100234,7003,High
12/31/2021,3 Series,2021,Asia,White,Electric,Manual,3.9,18075,112217,8996,High
12/31/2020,X6,2020,North America,Silver,Electric,Manual,4.1,143469,117670,4031,Low
12/31/2022,M3,2022,Europe,Black,Diesel,Manual,2.2,86518,100879,3663,Low
12/31/2013,X5,2013,Europe,Black,Petrol,Manual,3.7,198443,51644,4862,Low
12/31/2011,X3,2011,North America,Black,Electric,Automatic,3.5,59818,71326,7507,High
12/31/2023,3 Series,2023,North America,Grey,Petrol,Manual,4.8,62006,110089,8578,High
12/31/2011,X5,2011,Europe,Blue,Petrol,Automatic,2.3,17402,71298,5456,High
12/31/2018,X6,2018,Middle East,Black,Electric,Manual,1.7,197719,87027,3508,Low
12/31/2024,3 Series,2024,Africa,Black,Electric,Manual,3.8,30656,118220,5265,High
12/31/2014,3 Series,2014,Africa,Silver,Electric,Automatic,4.1,37786,85321,4804,Low
12/31/2013,X6,2013,South America,White,Diesel,Automatic,2.5,11904,83030,1839,Low
12/31/2019,X1,2019,North America,Silver,Petrol,Manual,3.5,4617,91082,6501,High
12/31/2022,X5,2022,North America,Blue,Petrol,Manual,1.7,119677,88785,7264,High
12/31/2010,X5,2010,Asia,Silver,Petrol,Automatic,4.9,134698,60476,5600,High
12/31/2016,M3,2016,Asia,Grey,Electric,Manual,1.9,72072,95166,2555,Low
12/31/2012,X3,2012,North America,Grey,Petrol,Manual,1.7,104258,39599,9238,High
12/31/2015,5 Series,2015,Europe,Black,Hybrid,Manual,1.7,64796,75413,7035,High
12/31/2014,7 Series,2014,Middle East,Black,Petrol,Automatic,3,197121,79824,590,Low
12/31/2014,3 Series,2014,South America,Silver,Petrol,Manual,1.8,96593,43733,4969,Low
12/31/2020,X3,2020,North America,Silver,Hybrid,Manual,4.1,162365,89252,8821,High
12/31/2014,X3,2014,South America,Silver,Electric,Automatic,4.6,52278,89313,3947,Low
12/31/2010,M5,2010,Europe,Blue,Petrol,Manual,2.4,127516,71676,923,Low
12/31/2010,i3,2010,Africa,White,Petrol,Manual,3.7,190724,25000,2530,Low
12/31/2012,i8,2012,Asia,Black,Petrol,Automatic,1.6,157047,95303,50,Low
12/31/2023,X5,2023,Asia,Grey,Petrol,Manual,2.9,80621,108444,6624,High
12/31/2021,3 Series,2021,Asia,Black,Electric,Automatic,2.5,83905,102061,9480,High
12/31/2019,X3,2019,Middle East,Blue,Hybrid,Automatic,2.3,25126,101755,6087,High
12/31/2013,X5,2013,Africa,Black,Hybrid,Manual,3.8,66710,80572,2628,Low
12/31/2014,i8,2014,Europe,White,Diesel,Automatic,2,76027,123048,50,Low
12/31/2011,i8,2011,Africa,Silver,Hybrid,Automatic,4.5,137713,120208,50,Low
12/31/2017,X5,2017,Asia,Silver,Hybrid,Manual,3.8,128783,90667,5185,High
12/31/2020,i3,2020,North America,Blue,Petrol,Automatic,4,185749,74939,5687,High
12/31/2020,X5,2020,South America,Silver,Electric,Manual,4.8,156572,112461,4447,Low
12/31/2023,X3,2023,South America,White,Hybrid,Manual,4.8,51955,127652,5400,High
12/31/2011,i8,2011,Middle East,Grey,Petrol,Automatic,3.4,156811,109058,50,Low
12/31/2018,i8,2018,North America,Red,Petrol,Manual,3.2,145420,127117,191,Low
12/31/2011,M5,2011,Europe,Black,Electric,Manual,2.7,13191,117025,496,Low
12/31/2022,7 Series,2022,North America,Black,Hybrid,Automatic,4,81517,157977,1924,Low
12/31/2018,5 Series,2018,Europe,Black,Hybrid,Manual,3.4,168087,82120,6972,High
12/31/2016,X6,2016,South America,White,Electric,Manual,4.8,50980,120192,1960,Low
12/31/2024,5 Series,2024,Middle East,Silver,Diesel,Manual,2.3,194906,84082,5045,High
12/31/2017,5 Series,2017,Africa,Silver,Hybrid,Manual,2.6,139939,98112,3195,Low
12/31/2024,i3,2024,Middle East,Blue,Electric,Manual,2.6,195144,93074,4805,Low
12/31/2020,3 Series,2020,Europe,Blue,Diesel,Manual,4.3,70670,92440,9546,High
12/31/2011,i8,2011,Asia,Silver,Hybrid,Automatic,1.8,124653,113481,50,Low
12/31/2016,5 Series,2016,Europe,Black,Electric,Manual,3.1,108292,81862,6217,High
12/31/2021,M3,2021,Africa,Blue,Electric,Automatic,3,181723,95697,2421,Low
12/31/2015,3 Series,2015,Europe,Silver,Electric,Automatic,1.8,145934,58977,9361,High
12/31/2013,i8,2013,Europe,Red,Diesel,Automatic,2.9,23651,125108,50,Low
12/31/2016,3 Series,2016,Africa,Blue,Diesel,Automatic,3.3,124629,57574,4417,Low
12/31/2023,7 Series,2023,Asia,Blue,Electric,Automatic,1.7,100996,133249,2332,Low
12/31/2022,7 Series,2022,Middle East,Grey,Petrol,Automatic,3.3,63317,138703,883,Low
12/31/2013,7 Series,2013,Middle East,Black,Electric,Automatic,4.9,196240,103761,90,Low
12/31/2011,5 Series,2011,Asia,Blue,Petrol,Automatic,4.9,186261,50731,7655,High
12/31/2019,i3,2019,Middle East,Red,Petrol,Manual,3.4,114772,74152,3929,Low
12/31/2021,X3,2021,North America,Silver,Electric,Manual,3.3,101997,106588,9103,High
12/31/2016,5 Series,2016,Africa,Blue,Electric,Manual,2.5,115903,80734,2921,Low
12/31/2017,i8,2017,Europe,Black,Diesel,Manual,5,116379,141010,50,Low
12/31/2011,X5,2011,North America,Grey,Diesel,Manual,2.5,13531,69178,4847,Low
12/31/2014,7 Series,2014,Middle East,Red,Hybrid,Automatic,3.1,93776,114083,94,Low
12/31/2010,M5,2010,Asia,Blue,Hybrid,Manual,1.5,4434,103512,681,Low
12/31/2016,X1,2016,North America,Black,Electric,Automatic,2.7,176620,56903,6612,High
12/31/2017,3 Series,2017,South America,Black,Electric,Automatic,1.8,168492,59300,6782,High
12/31/2022,X6,2022,North America,Black,Diesel,Manual,4.1,68385,125599,4634,Low
12/31/2015,X1,2015,Middle East,Blue,Diesel,Manual,3.5,106222,50964,4478,Low
12/31/2014,X5,2014,South America,Silver,Diesel,Manual,3.5,114208,67380,3228,Low
12/31/2024,M5,2024,Europe,Black,Petrol,Manual,2.5,78958,145875,1905,Low
12/31/2015,i3,2015,Europe,Red,Hybrid,Manual,4.4,138127,68668,4309,Low
12/31/2024,M3,2024,Asia,White,Petrol,Automatic,1.5,191530,92554,4252,Low
12/31/2011,X1,2011,Africa,Silver,Electric,Manual,2.7,77244,45710,3008,Low
12/31/2010,X1,2010,North America,Black,Electric,Automatic,3.8,55389,60244,7479,High
12/31/2016,M5,2016,Europe,White,Petrol,Automatic,4.7,15674,131363,988,Low
12/31/2016,X6,2016,Middle East,Red,Hybrid,Automatic,2.3,96383,99446,2728,Low
12/31/2019,X3,2019,North America,Blue,Hybrid,Automatic,3.4,167315,82301,8613,High
12/31/2020,X3,2020,South America,Blue,Petrol,Automatic,3.4,4213,105230,4944,Low
12/31/2019,i3,2019,Asia,Black,Hybrid,Manual,4.6,10494,105303,5496,High
12/31/2023,M5,2023,Europe,White,Electric,Manual,1.7,188063,131281,2924,Low
12/31/2011,X3,2011,North America,Black,Petrol,Automatic,3,57748,57114,8223,High
12/31/2011,5 Series,2011,South America,Black,Diesel,Automatic,2.1,135213,37385,4096,Low
12/31/2010,7 Series,2010,Middle East,White,Diesel,Manual,1.6,18932,84930,50,Low
12/31/2019,X3,2019,Africa,Silver,Petrol,Manual,2,129278,59203,4742,Low
12/31/2017,X3,2017,Middle East,Grey,Electric,Automatic,4.9,61936,109315,4906,Low
12/31/2024,5 Series,2024,Middle East,Silver,Diesel,Manual,2.3,26487,110466,5770,High
12/31/2017,X3,2017,Asia,Silver,Electric,Manual,4.8,127097,90993,8001,High
12/31/2010,M5,2010,Middle East,Black,Diesel,Manual,2.2,107393,79127,317,Low
12/31/2021,i3,2021,Africa,Blue,Electric,Automatic,4.8,55765,119478,2579,Low
12/31/2020,3 Series,2020,Europe,Blue,Hybrid,Manual,3.8,144070,80957,10494,High
12/31/2017,i8,2017,South America,Black,Hybrid,Manual,1.9,171369,121768,50,Low
12/31/2018,X6,2018,Europe,Red,Electric,Automatic,3.5,199881,94946,3914,Low
12/31/2023,X5,2023,North America,White,Diesel,Automatic,2.6,56243,116840,6124,High
12/31/2013,i8,2013,Europe,Grey,Diesel,Manual,2.8,96872,115022,50,Low
12/31/2010,M5,2010,Europe,Grey,Hybrid,Automatic,3,103100,97520,562,Low
12/31/2010,i3,2010,Middle East,Grey,Hybrid,Manual,3,93523,46366,2778,Low
12/31/2012,i8,2012,South America,Blue,Petrol,Manual,3.8,38297,123989,50,Low
12/31/2024,7 Series,2024,Africa,Grey,Hybrid,Manual,4.2,177149,129797,1407,Low
12/31/2023,X6,2023,South America,Black,Electric,Manual,2.7,80974,126778,3065,Low
12/31/2014,i3,2014,South America,White,Hybrid,Manual,4.7,83944,74609,2832,Low
12/31/2014,M3,2014,Asia,Red,Petrol,Automatic,4.8,161885,75955,2302,Low
12/31/2018,3 Series,2018,Asia,Red,Hybrid,Manual,1.6,147211,62709,10003,High
12/31/2019,X6,2019,North America,Silver,Hybrid,Manual,1.6,75902,104194,5005,High
12/31/2023,M5,2023,South America,Red,Petrol,Manual,3,126081,131710,1428,Low
12/31/2021,X1,2021,Europe,Silver,Petrol,Manual,3.6,133833,70309,8096,High
12/31/2011,3 Series,2011,Asia,White,Hybrid,Manual,2.5,93274,45235,8827,High
12/31/2011,X1,2011,South America,Red,Hybrid,Automatic,2.4,140663,33179,3995,Low
12/31/2015,i3,2015,Europe,Silver,Electric,Manual,3.9,49172,39390,5681,High
12/31/2024,i8,2024,Europe,Black,Electric,Manual,3.6,150582,170646,913,Low
12/31/2018,X1,2018,Asia,Black,Diesel,Manual,2.1,50063,63408,14037,High
12/31/2010,5 Series,2010,South America,Grey,Electric,Manual,4.6,91172,73273,3087,Low
12/31/2018,3 Series,2018,North America,Black,Hybrid,Manual,3.9,167852,73541,8738,High
12/31/2018,X3,2018,Africa,White,Petrol,Automatic,2.8,95317,75315,4972,Low
12/31/2022,X6,2022,Asia,Red,Petrol,Manual,3.9,8872,128252,4404,Low
12/31/2018,M5,2018,North America,Grey,Diesel,Automatic,1.9,6421,134105,1420,Low
12/31/2014,7 Series,2014,South America,Black,Diesel,Manual,3.1,62000,93200,259,Low
12/31/2022,3 Series,2022,Europe,Red,Hybrid,Manual,2.1,45008,95663,11437,High
12/31/2024,M5,2024,North America,Red,Electric,Automatic,1.6,41616,161029,2614,Low
12/31/2018,X3,2018,Middle East,Blue,Electric,Automatic,2.7,151961,83443,7162,High
12/31/2020,X5,2020,North America,White,Diesel,Automatic,2,68708,91604,5866,High
12/31/2013,3 Series,2013,Europe,Red,Petrol,Automatic,3.7,199461,38429,8821,High
12/31/2011,3 Series,2011,Middle East,Grey,Diesel,Automatic,3.9,132517,41654,5873,High
12/31/2022,X6,2022,Middle East,Red,Electric,Automatic,2,53032,137843,2919,Low
12/31/2015,X1,2015,North America,Black,Petrol,Manual,1.6,62076,69697,8014,High
12/31/2023,X5,2023,Europe,Black,Hybrid,Manual,4.3,50281,129141,6842,High
12/31/2013,i3,2013,South America,Grey,Electric,Manual,1.5,51010,59908,2803,Low
12/31/2015,3 Series,2015,South America,Blue,Diesel,Manual,2.7,153203,38921,5871,High
12/31/2012,5 Series,2012,Europe,Blue,Electric,Automatic,3.2,116296,69997,6751,High
12/31/2015,X5,2015,South America,White,Diesel,Automatic,4.4,116114,80480,3637,Low
12/31/2011,3 Series,2011,Europe,Blue,Diesel,Manual,4.4,73741,52273,7889,High
12/31/2011,M3,2011,South America,Grey,Petrol,Manual,4,53735,71808,951,Low
12/31/2022,M5,2022,Middle East,Blue,Electric,Automatic,2.4,36977,158834,1197,Low
12/31/2018,7 Series,2018,North America,White,Petrol,Manual,4,190203,107273,1186,Low
12/31/2016,X5,2016,Middle East,White,Hybrid,Automatic,2.4,11493,106303,3775,Low
12/31/2012,i3,2012,North America,Red,Petrol,Manual,2.3,62529,47361,4392,Low
12/31/2022,i3,2022,Africa,Blue,Diesel,Manual,3.4,143013,72699,3743,Low
12/31/2020,X1,2020,South America,Black,Petrol,Manual,3.9,43562,88443,4377,Low
12/31/2010,i8,2010,North America,Silver,Petrol,Automatic,1.7,187638,84225,50,Low
12/31/2017,7 Series,2017,Africa,Black,Hybrid,Manual,1.7,185208,82194,698,Low
12/31/2023,7 Series,2023,Middle East,Red,Diesel,Manual,4.2,180989,131489,1268,Low
12/31/2015,X6,2015,South America,Red,Diesel,Manual,4.5,122075,83578,2430,Low
12/31/2016,7 Series,2016,South America,Red,Diesel,Manual,3.6,183640,87366,562,Low
12/31/2018,5 Series,2018,South America,Black,Petrol,Automatic,3,94844,78180,3883,Low
12/31/2014,i8,2014,Europe,Black,Hybrid,Manual,4.5,101909,146639,50,Low
12/31/2024,X3,2024,Africa,Blue,Electric,Automatic,4.1,112191,117656,6082,High
12/31/2010,X3,2010,South America,Black,Petrol,Automatic,3.5,68089,48025,4191,Low
12/31/2021,i3,2021,Africa,Red,Petrol,Manual,2.6,1580,93268,3245,Low
12/31/2019,X1,2019,North America,Black,Hybrid,Automatic,2.2,70117,75740,7546,High
12/31/2016,i3,2016,South America,Silver,Petrol,Manual,3,110865,53591,3604,Low
12/31/2024,X6,2024,Asia,Red,Hybrid,Automatic,2.5,18942,141581,5665,High
12/31/2014,5 Series,2014,Europe,White,Electric,Manual,2.7,58350,81404,6336,High
12/31/2012,i3,2012,Africa,Red,Electric,Automatic,3.3,16394,76340,1606,Low
12/31/2021,X6,2021,Asia,Silver,Diesel,Automatic,2.1,138650,91027,4216,Low
12/31/2022,3 Series,2022,Asia,Black,Diesel,Automatic,4.3,180084,84938,11140,High
12/31/2018,M5,2018,Africa,Grey,Hybrid,Automatic,2,37307,129820,814,Low
12/31/2010,X3,2010,North America,Blue,Petrol,Manual,3.2,199075,25000,8458,High
12/31/2010,i8,2010,Europe,Red,Petrol,Manual,4.1,4024,124057,50,Low
12/31/2010,M3,2010,South America,White,Diesel,Manual,3.2,162572,41616,1387,Low
12/31/2012,i8,2012,Africa,Silver,Electric,Automatic,2.8,13934,136159,50,Low
12/31/2021,X3,2021,North America,Silver,Petrol,Manual,3.2,5531,100027,8231,High
12/31/2015,M3,2015,Asia,Black,Diesel,Manual,4.5,108038,82265,2885,Low
12/31/2019,i3,2019,North America,Grey,Petrol,Manual,5,4191,105402,5373,High
12/31/2020,i3,2020,North America,Red,Electric,Automatic,3.7,55237,106323,4705,Low
12/31/2012,M3,2012,Europe,Silver,Diesel,Automatic,4.3,15762,91394,2041,Low
12/31/2017,i3,2017,North America,Grey,Diesel,Manual,1.6,6670,69030,5382,High
12/31/2023,3 Series,2023,Europe,Blue,Diesel,Manual,4.6,170326,114952,9650,High
12/31/2023,7 Series,2023,South America,White,Petrol,Manual,4.8,118061,131250,1048,Low
12/31/2019,M5,2019,South America,Red,Electric,Automatic,3.5,134255,138101,1197,Low
12/31/2011,X1,2011,Africa,Silver,Hybrid,Manual,4.1,120795,43733,3975,Low
12/31/2023,X6,2023,Middle East,Blue,Petrol,Automatic,3.3,86551,125995,3365,Low
12/31/2018,7 Series,2018,Europe,White,Electric,Automatic,2.5,49205,136240,1360,Low
12/31/2012,X5,2012,North America,Silver,Electric,Manual,4.5,101044,86942,5159,High
12/31/2014,X1,2014,Middle East,Grey,Diesel,Automatic,3.6,173623,37557,5781,High
12/31/2019,5 Series,2019,Europe,Grey,Hybrid,Automatic,3.5,140521,94404,7934,High
12/31/2017,X5,2017,South America,Black,Hybrid,Automatic,3.8,36599,104557,3089,Low
12/31/2011,X1,2011,Africa,Black,Electric,Manual,4.5,123077,53296,3715,Low
12/31/2015,i8,2015,North America,Black,Petrol,Manual,4.1,79278,131800,50,Low
12/31/2021,5 Series,2021,Africa,Grey,Diesel,Manual,2.2,143619,72683,3732,Low
12/31/2014,X5,2014,Europe,Silver,Diesel,Manual,3.1,153761,59167,5808,High
12/31/2022,i3,2022,Asia,Grey,Diesel,Manual,4.9,37042,109995,4766,Low
12/31/2019,7 Series,2019,North America,Black,Hybrid,Automatic,3.4,76006,140553,1606,Low
12/31/2018,X6,2018,Africa,Silver,Diesel,Manual,4.8,75546,103010,2121,Low
12/31/2021,7 Series,2021,North America,White,Hybrid,Manual,4.3,187370,126727,1948,Low
12/31/2014,X3,2014,Europe,Red,Petrol,Manual,3.8,84718,66334,7990,High
12/31/2011,i8,2011,Europe,Silver,Hybrid,Automatic,2.7,196277,97680,50,Low
12/31/2014,i3,2014,Middle East,Blue,Diesel,Manual,2.6,46991,60862,3021,Low
12/31/2024,X6,2024,Middle East,Silver,Electric,Manual,3.8,147039,131253,3122,Low
12/31/2021,i8,2021,North America,Silver,Diesel,Automatic,3,168504,146190,316,Low
12/31/2013,X6,2013,North America,White,Diesel,Manual,4.3,176186,63518,3688,Low
12/31/2024,i8,2024,Africa,Silver,Petrol,Automatic,4.2,11560,191212,50,Low
12/31/2020,X3,2020,North America,Black,Diesel,Manual,2.6,189100,58215,8242,High
12/31/2016,X5,2016,Asia,Black,Petrol,Automatic,4,90978,92061,5573,High
12/31/2015,X3,2015,Europe,Silver,Electric,Manual,3.2,159812,67614,8608,High
12/31/2023,i3,2023,Europe,Blue,Electric,Manual,2.6,85398,101661,5972,High
12/31/2011,3 Series,2011,North America,Grey,Hybrid,Manual,2.9,156845,38696,10506,High
12/31/2021,X5,2021,Africa,Red,Petrol,Manual,4.6,178532,91540,3245,Low
12/31/2020,X6,2020,North America,Red,Hybrid,Manual,2.8,36734,120877,3921,Low
12/31/2020,X1,2020,Europe,Blue,Hybrid,Automatic,2.5,140851,71081,7225,High
12/31/2022,i8,2022,North America,White,Electric,Manual,2.7,179405,160683,885,Low
12/31/2014,i8,2014,Europe,Red,Diesel,Automatic,2.3,3104,131410,50,Low
12/31/2016,X3,2016,South America,Silver,Petrol,Automatic,3.4,49130,77934,5445,High
12/31/2020,3 Series,2020,Africa,White,Hybrid,Manual,2,191416,60894,6535,High
12/31/2016,X1,2016,Europe,Black,Diesel,Manual,4.4,44194,70032,6622,High
12/31/2024,X3,2024,Europe,Red,Electric,Automatic,2.3,157417,94954,8981,High
12/31/2014,X1,2014,North America,Blue,Diesel,Manual,3.6,186293,32778,6976,High
12/31/2021,M3,2021,Europe,Black,Hybrid,Automatic,1.9,143592,98278,4141,Low
12/31/2024,5 Series,2024,Asia,Red,Diesel,Automatic,4.9,141797,107896,7358,High
12/31/2018,i8,2018,South America,Red,Electric,Automatic,3.1,114489,144974,50,Low
12/31/2013,i8,2013,Middle East,Black,Electric,Automatic,4.4,33493,156857,50,Low
12/31/2020,7 Series,2020,Africa,Grey,Petrol,Automatic,4.2,129653,123945,481,Low
12/31/2012,5 Series,2012,South America,Blue,Diesel,Automatic,4,130145,53099,3357,Low
12/31/2024,M5,2024,North America,Silver,Diesel,Automatic,4.4,193591,143579,2056,Low
12/31/2013,X3,2013,Europe,Silver,Petrol,Automatic,1.9,118531,44702,8591,High
12/31/2014,i8,2014,Asia,Grey,Diesel,Manual,3.9,6024,138521,50,Low
12/31/2022,X1,2022,Middle East,Red,Diesel,Automatic,2.4,91485,76834,5227,High
12/31/2015,X3,2015,North America,Black,Electric,Automatic,4.3,165860,75495,8480,High
12/31/2012,i3,2012,Asia,Grey,Electric,Automatic,4.8,49021,80250,3859,Low
12/31/2011,X5,2011,Africa,Black,Hybrid,Automatic,4.7,164498,67147,2216,Low
12/31/2023,i8,2023,Europe,Blue,Electric,Automatic,1.9,194110,149772,1092,Low
12/31/2022,7 Series,2022,Asia,Blue,Petrol,Manual,2.8,81595,132101,1603,Low
12/31/2013,X1,2013,North America,Red,Petrol,Automatic,2.8,73138,47502,8083,High
12/31/2014,X1,2014,South America,Silver,Diesel,Manual,1.9,46408,41279,4275,Low
12/31/2013,3 Series,2013,Middle East,Red,Diesel,Manual,1.8,186767,25000,7149,High
12/31/2023,i8,2023,South America,Red,Diesel,Manual,2.8,85150,151284,186,Low
12/31/2020,M3,2020,South America,White,Diesel,Automatic,5,162133,102052,1925,Low
12/31/2022,3 Series,2022,Asia,Black,Electric,Manual,3.5,24992,117986,10290,High
12/31/2024,X3,2024,Europe,Silver,Diesel,Automatic,3.7,175655,87112,7799,High
12/31/2021,X3,2021,Europe,White,Hybrid,Automatic,3.1,101360,93044,8392,High
12/31/2012,M5,2012,Africa,Blue,Petrol,Automatic,3.8,105146,98574,50,Low
12/31/2017,X1,2017,Asia,Black,Diesel,Automatic,4.8,22238,88640,7201,High
12/31/2019,X3,2019,Middle East,Red,Petrol,Automatic,3.6,153426,78228,6453,High
12/31/2013,3 Series,2013,Asia,White,Petrol,Automatic,1.7,16773,58799,9342,High
12/31/2023,i3,2023,Africa,Grey,Diesel,Manual,3.2,22957,44942,3890,Low
12/31/2011,i8,2011,North America,Grey,Diesel,Manual,5,199463,101283,50,Low
12/31/2011,i3,2011,South America,Blue,Petrol,Automatic,2.9,154366,28580,2666,Low
12/31/2010,X1,2010,Asia,Grey,Hybrid,Automatic,3.6,85162,50848,7674,High
12/31/2022,X1,2022,Middle East,White,Diesel,Manual,1.9,156525,57920,7044,High
12/31/2013,X1,2013,Africa,Grey,Diesel,Automatic,2,68553,36944,3638,Low
12/31/2019,X3,2019,Europe,Blue,Electric,Automatic,4.6,11760,121725,9018,High
12/31/2018,M5,2018,North America,Grey,Hybrid,Manual,2.6,188939,114269,2134,Low
12/31/2023,M5,2023,North America,Red,Diesel,Manual,2.6,79193,142795,1901,Low
12/31/2020,i3,2020,Asia,Silver,Electric,Automatic,2.9,2819,107677,5557,High
12/31/2016,i3,2016,North America,Grey,Hybrid,Manual,4.9,132210,80326,4792,Low
12/31/2024,3 Series,2024,South America,Blue,Electric,Automatic,1.8,27450,114687,5908,High
12/31/2021,i8,2021,Middle East,White,Electric,Automatic,4.4,155696,163896,291,Low
12/31/2019,3 Series,2019,North America,Grey,Petrol,Manual,2.7,164220,62934,11215,High
12/31/2016,X5,2016,Asia,Black,Electric,Automatic,4.5,184166,89162,5517,High
12/31/2022,i3,2022,Middle East,Blue,Petrol,Manual,5,182178,90009,3974,Low
12/31/2024,X6,2024,Asia,Blue,Hybrid,Manual,2.7,71812,132175,5647,High
12/31/2016,i3,2016,North America,White,Electric,Manual,2,171780,34004,5912,High
12/31/2024,X6,2024,Middle East,Red,Petrol,Manual,2,9415,125519,3341,Low
12/31/2017,3 Series,2017,Asia,Blue,Electric,Manual,4.2,67776,97969,9073,High
12/31/2010,i3,2010,Europe,Grey,Diesel,Automatic,2,129729,25000,4881,Low
12/31/2019,X3,2019,South America,Grey,Diesel,Manual,2.4,176646,55117,5796,High
12/31/2022,7 Series,2022,Europe,Black,Diesel,Manual,2.2,188430,41718,2676,Low
12/31/2019,5 Series,2019,North America,Red,Diesel,Automatic,2.7,115277,82344,7487,High
12/31/2017,3 Series,2017,Middle East,Grey,Hybrid,Manual,1.8,131020,59780,6422,High
12/31/2013,X3,2013,Europe,Blue,Hybrid,Manual,4.5,105387,67476,8236,High
12/31/2013,X3,2013,North America,Silver,Diesel,Manual,4.5,42609,68036,8560,High
12/31/2013,i8,2013,North America,Blue,Electric,Automatic,2.9,35513,149922,50,Low
12/31/2015,3 Series,2015,South America,Silver,Electric,Manual,3.6,140614,33765,5550,High
12/31/2016,5 Series,2016,Middle East,Red,Petrol,Manual,3.7,5897,101064,4653,Low
12/31/2015,M3,2015,Middle East,White,Hybrid,Automatic,4.1,161240,86412,1704,Low
12/31/2010,X5,2010,Africa,Black,Hybrid,Manual,3.3,95833,58862,2184,Low
12/31/2021,5 Series,2021,Africa,White,Hybrid,Automatic,3.3,76227,103575,4252,Low
12/31/2017,X5,2017,Europe,Grey,Petrol,Automatic,3.7,79815,94621,4785,Low
12/31/2022,5 Series,2022,Africa,Blue,Hybrid,Manual,4,192676,93262,5004,High
12/31/2019,5 Series,2019,Africa,Red,Electric,Manual,2.7,178427,76731,3859,Low
12/31/2024,X1,2024,South America,Red,Diesel,Automatic,2.7,129575,76803,6311,High
12/31/2020,X5,2020,Asia,Silver,Hybrid,Manual,2.4,14172,114025,6717,High
12/31/2022,i8,2022,Asia,Red,Petrol,Automatic,3.4,75354,173703,107,Low
12/31/2016,X1,2016,Middle East,Red,Hybrid,Automatic,2.8,174216,55268,5605,High
12/31/2015,7 Series,2015,Asia,Blue,Diesel,Automatic,3.4,141948,93772,1389,Low
12/31/2015,X3,2015,South America,White,Petrol,Automatic,2.9,101819,58615,5235,High
12/31/2014,X5,2014,Asia,Grey,Petrol,Automatic,4.4,132810,79487,5320,High
12/31/2015,X5,2015,Africa,Red,Hybrid,Automatic,1.8,172248,58405,2979,Low
12/31/2021,M3,2021,Asia,Blue,Petrol,Automatic,3.5,158806,94780,3398,Low
12/31/2018,3 Series,2018,Middle East,Blue,Diesel,Manual,3.5,123785,67301,703,Low
12/31/2019,X6,2019,Middle East,Red,Electric,Manual,2.8,12230,128096,2731,Low
12/31/2018,X1,2018,Asia,Red,Diesel,Automatic,3,189260,48407,7414,High
12/31/2024,X1,2024,Asia,Black,Hybrid,Manual,4.3,80616,115237,1473,Low
12/31/2019,M5,2019,Asia,Black,Electric,Manual,2.5,173031,125111,2357,Low
12/31/2017,3 Series,2017,North America,White,Hybrid,Manual,4.5,10736,98853,9246,High
12/31/2019,X5,2019,Middle East,White,Petrol,Automatic,4.6,58039,113910,3752,Low
12/31/2018,i3,2018,South America,Grey,Electric,Manual,3.8,58541,98408,3652,Low
12/31/2022,X6,2022,Asia,Red,Petrol,Automatic,4.2,135752,112201,4090,Low
12/31/2019,5 Series,2019,Africa,White,Petrol,Manual,3.6,165717,71757,3854,Low
12/31/2017,M5,2017,Middle East,Silver,Diesel,Manual,3.3,79988,124597,639,Low
12/31/2017,X3,2017,Europe,Blue,Electric,Automatic,4.9,15990,116657,7530,High
12/31/2010,X5,2010,Asia,Silver,Hybrid,Manual,2.5,193850,42317,6134,High
12/31/2019,X1,2019,Middle East,Red,Petrol,Automatic,2,90428,68459,5135,High
12/31/2020,5 Series,2020,South America,Grey,Diesel,Automatic,2.5,145902,75969,4781,Low
12/31/2014,i8,2014,South America,Black,Electric,Manual,3.7,9651,156937,50,Low
12/31/2013,i8,2013,South America,Black,Hybrid,Manual,2.1,96520,114671,50,Low
12/31/2011,M5,2011,Europe,Silver,Hybrid,Automatic,4.7,163049,97803,818,Low
12/31/2017,X3,2017,Asia,Red,Petrol,Automatic,2.9,185279,57120,10083,High
12/31/2012,X1,2012,Asia,Blue,Electric,Manual,4.5,198987,42982,8637,High
12/31/2013,M5,2013,South America,Black,Electric,Manual,2.4,133351,97105,320,Low
12/31/2021,5 Series,2021,North America,Black,Hybrid,Manual,2.6,56592,107470,8359,High
12/31/2016,3 Series,2016,Middle East,Black,Petrol,Manual,1.7,19984,67358,5806,High
12/31/2019,X6,2019,North America,Red,Petrol,Manual,2.4,181554,79254,4136,Low
12/31/2018,X5,2018,North America,Red,Electric,Automatic,3.2,439,117974,6166,High
12/31/2011,X3,2011,Europe,Red,Electric,Manual,4.8,96497,67464,6531,High
12/31/2012,7 Series,2012,Middle East,Grey,Electric,Manual,2.9,166512,91377,133,Low
12/31/2013,i8,2013,North America,Grey,Diesel,Manual,3.7,51235,127174,50,Low
12/31/2019,X5,2019,Europe,Blue,Hybrid,Manual,3,156989,90306,5730,High
12/31/2010,5 Series,2010,Middle East,Silver,Hybrid,Manual,1.7,85009,54489,3871,Low
12/31/2016,i8,2016,South America,Blue,Hybrid,Manual,3.3,97780,143201,50,Low
12/31/2011,3 Series,2011,North America,Blue,Diesel,Automatic,1.7,92027,33685,9041,High
12/31/2014,X3,2014,Europe,White,Petrol,Automatic,4.6,10806,82323,7177,High
12/31/2024,i8,2024,North America,White,Electric,Manual,4.1,146043,187726,668,Low
12/31/2010,i3,2010,North America,Blue,Hybrid,Manual,2.8,118185,42006,4219,Low
12/31/2012,i3,2012,Asia,Blue,Electric,Manual,3.7,106495,62539,4373,Low
12/31/2021,X5,2021,Middle East,Black,Petrol,Automatic,1.9,173540,81513,4832,Low
12/31/2011,3 Series,2011,Middle East,Red,Diesel,Automatic,4,45888,59102,5466,High
12/31/2010,7 Series,2010,Europe,White,Hybrid,Manual,4.4,118541,88221,433,Low
12/31/2016,i8,2016,Middle East,Black,Hybrid,Automatic,4.4,20745,164003,50,Low
12/31/2014,5 Series,2014,South America,White,Petrol,Manual,2.5,199547,40967,4202,Low
12/31/2010,X6,2010,South America,Red,Electric,Automatic,2.4,32488,107381,1017,Low
12/31/2015,X6,2015,Asia,White,Electric,Manual,3.3,55644,102032,3903,Low
12/31/2014,i8,2014,Middle East,Red,Diesel,Manual,4.9,23794,143220,50,Low
12/31/2024,i3,2024,North America,Silver,Diesel,Manual,4.7,87546,105130,5652,High
12/31/2012,7 Series,2012,Asia,Black,Diesel,Manual,2.8,161118,69515,1254,Low
12/31/2021,i8,2021,North America,White,Diesel,Manual,4.2,139428,152161,247,Low
12/31/2016,3 Series,2016,Europe,White,Hybrid,Manual,4.7,133280,71935,9492,High
12/31/2020,i3,2020,North America,Silver,Petrol,Automatic,2.4,171110,60757,5612,High
12/31/2019,i8,2019,North America,Grey,Hybrid,Automatic,4.4,178185,148797,515,Low
12/31/2018,3 Series,2018,Middle East,Red,Hybrid,Manual,2.4,21951,86296,7431,High
12/31/2023,M3,2023,South America,Red,Diesel,Automatic,2.7,192697,89125,2532,Low
12/31/2022,M5,2022,Europe,Black,Electric,Manual,2.2,105150,147376,2065,Low
12/31/2022,X1,2022,North America,Blue,Diesel,Manual,3.3,171568,68860,7893,High
12/31/2018,5 Series,2018,Asia,Blue,Hybrid,Manual,4.5,124408,95412,6707,High
12/31/2023,M5,2023,Asia,Blue,Hybrid,Manual,3.3,47259,79083,3386,Low
12/31/2018,3 Series,2018,Africa,White,Petrol,Manual,1.9,158774,48177,6399,High
12/31/2011,M3,2011,Middle East,Red,Hybrid,Manual,2.4,125417,64484,1279,Low
12/31/2012,M5,2012,Europe,Silver,Diesel,Manual,3.5,106632,87548,948,Low
12/31/2016,i3,2016,South America,Blue,Diesel,Manual,3.5,150474,48706,3494,Low
12/31/2014,i8,2014,Asia,Silver,Electric,Automatic,3.5,139948,133181,50,Low
12/31/2011,7 Series,2011,Europe,Silver,Petrol,Manual,1.8,117146,69200,739,Low
12/31/2012,X1,2012,Europe,Silver,Hybrid,Manual,4.1,91560,55619,7371,High
12/31/2019,5 Series,2019,Africa,Black,Electric,Manual,4.7,22649,119994,3303,Low
12/31/2015,X6,2015,South America,Black,Electric,Automatic,3.3,175764,86409,1845,Low
12/31/2022,X3,2022,Middle East,Blue,Hybrid,Automatic,4,175435,93064,6274,High
12/31/2016,X3,2016,Africa,White,Hybrid,Automatic,4.7,127765,82056,4633,Low
12/31/2018,i3,2018,Middle East,White,Petrol,Manual,3.7,192095,60778,3530,Low
12/31/2010,X6,2010,Middle East,Silver,Diesel,Manual,3.9,129973,61610,2375,Low
12/31/2020,i8,2020,Europe,Blue,Hybrid,Automatic,4,76354,173483,268,Low
12/31/2016,7 Series,2016,Africa,Black,Hybrid,Automatic,2.4,60601,106642,207,Low
12/31/2017,3 Series,2017,Asia,Grey,Hybrid,Automatic,3.5,61900,91291,10901,High
12/31/2021,X6,2021,North America,Red,Diesel,Manual,4.4,50517,121502,4532,Low
12/31/2023,M3,2023,South America,Grey,Diesel,Automatic,2.5,125097,101515,2268,Low
12/31/2012,i3,2012,Africa,Grey,Petrol,Manual,4.6,194789,33841,2289,Low
12/31/2013,M3,2013,North America,Blue,Diesel,Manual,3.7,132123,67966,5254,High
12/31/2019,M5,2019,Middle East,Grey,Electric,Manual,3,176115,132284,1238,Low
12/31/2015,3 Series,2015,South America,Silver,Diesel,Automatic,3.7,33540,71219,4860,Low
12/31/2019,X6,2019,Africa,White,Electric,Manual,2.9,6749,129492,2104,Low
12/31/2016,M5,2016,North America,Black,Petrol,Manual,4.4,115894,122206,1258,Low
12/31/2022,5 Series,2022,Europe,Silver,Hybrid,Manual,3.2,827,122115,7440,High
12/31/2023,i3,2023,South America,Blue,Diesel,Automatic,4.7,53292,106715,3587,Low
12/31/2013,X1,2013,North America,White,Diesel,Manual,3.3,115667,38765,6409,High
12/31/2017,X6,2017,Asia,Grey,Diesel,Manual,3.8,34664,104025,3626,Low
12/31/2014,X5,2014,Middle East,White,Petrol,Automatic,5,184968,71477,4012,Low
12/31/2010,M3,2010,Africa,Red,Hybrid,Manual,2,23814,70920,554,Low
12/31/2013,3 Series,2013,Europe,Grey,Diesel,Manual,4.1,3801,72589,8180,High
12/31/2012,M5,2012,South America,Black,Electric,Manual,2,31072,104398,50,Low
12/31/2018,X1,2018,Europe,White,Diesel,Manual,4.4,87089,73022,7099,High
12/31/2017,M5,2017,South America,Grey,Electric,Automatic,3.6,171742,117048,523,Low
12/31/2010,i3,2010,South America,White,Electric,Automatic,4.8,108139,58681,2271,Low
12/31/2020,M3,2020,North America,White,Petrol,Automatic,4.5,142861,101900,3105,Low
12/31/2015,3 Series,2015,South America,Silver,Hybrid,Manual,1.8,105198,55973,5147,High
12/31/2018,M3,2018,Asia,Silver,Electric,Automatic,2,163037,91110,3700,Low
12/31/2016,7 Series,2016,Africa,Black,Diesel,Automatic,3.6,149794,93138,442,Low
12/31/2013,X3,2013,Middle East,White,Electric,Manual,3.3,100542,68864,4660,Low
12/31/2022,7 Series,2022,Africa,Blue,Petrol,Manual,2.1,182802,99189,1361,Low
12/31/2010,5 Series,2010,Africa,Blue,Diesel,Automatic,2,43322,45526,3041,Low
12/31/2021,M3,2021,South America,Red,Petrol,Automatic,3.5,106321,102233,1966,Low
12/31/2011,7 Series,2011,Asia,Grey,Electric,Automatic,1.7,77119,93028,677,Low
12/31/2021,X6,2021,Middle East,Silver,Diesel,Automatic,4.6,191168,109071,3179,Low
12/31/2014,7 Series,2014,Middle East,White,Petrol,Manual,4.3,72191,112820,118,Low
12/31/2021,i8,2021,Africa,Black,Hybrid,Manual,4.2,124944,158910,178,Low
12/31/2020,X1,2020,Asia,White,Electric,Manual,1.6,112853,75257,8586,High
12/31/2014,i3,2014,North America,Black,Electric,Automatic,1.7,103691,63134,4058,Low
12/31/2017,M5,2017,Europe,Blue,Hybrid,Automatic,3.4,41873,144435,1029,Low
12/31/2015,X1,2015,South America,Blue,Hybrid,Manual,5,161729,58836,4033,Low
12/31/2017,X5,2017,Asia,White,Hybrid,Manual,2.7,78231,90276,6533,High
12/31/2011,M5,2011,Asia,Blue,Hybrid,Automatic,2.7,131302,97617,864,Low
12/31/2012,X3,2012,Middle East,Red,Hybrid,Manual,2,78332,57308,5343,High
12/31/2015,X5,2015,Asia,Blue,Petrol,Manual,3.9,49940,87330,6611,High
12/31/2021,5 Series,2021,Middle East,Silver,Diesel,Automatic,3.8,88090,108377,4465,Low
12/31/2022,X5,2022,Africa,Grey,Hybrid,Manual,1.9,122378,96985,3667,Low
12/31/2019,7 Series,2019,Europe,Black,Diesel,Automatic,3.1,110590,116444,1493,Low
12/31/2012,M5,2012,Middle East,Silver,Hybrid,Automatic,3.8,162391,59306,931,Low
12/31/2015,X3,2015,Europe,Red,Hybrid,Automatic,3.2,148122,67385,6913,High
12/31/2015,M5,2015,Africa,Grey,Diesel,Manual,3.9,98426,101247,313,Low
12/31/2011,X1,2011,Africa,White,Petrol,Manual,4.4,37311,51345,3092,Low
12/31/2016,X5,2016,Europe,Blue,Electric,Automatic,3.9,167459,93028,5026,High
12/31/2021,X6,2021,South America,White,Petrol,Automatic,3.7,122614,103599,2788,Low
12/31/2011,M5,2011,Asia,Red,Electric,Manual,4.5,114139,113133,687,Low
12/31/2015,M5,2015,Middle East,Black,Petrol,Automatic,4.7,196669,107847,550,Low
12/31/2010,X3,2010,Asia,Silver,Electric,Automatic,2.9,166318,43136,9213,High
12/31/2012,M3,2012,South America,Red,Hybrid,Automatic,2.1,71905,70348,1173,Low
12/31/2011,5 Series,2011,South America,Red,Diesel,Manual,4.4,40831,66434,3123,Low
12/31/2016,X5,2016,South America,White,Petrol,Automatic,2.2,160040,63313,3461,Low
12/31/2023,i3,2023,Europe,Silver,Electric,Automatic,4.8,49369,122753,5713,High
12/31/2013,X3,2013,Africa,Black,Diesel,Automatic,1.6,81998,43772,13064,High
12/31/2017,i3,2017,South America,Black,Electric,Manual,4.7,158460,77225,3087,Low
12/31/2015,7 Series,2015,Africa,Black,Diesel,Manual,3.6,66071,97215,181,Low
12/31/2021,7 Series,2021,Europe,White,Petrol,Automatic,4.2,24978,141585,1361,Low
12/31/2019,X6,2019,South America,Blue,Hybrid,Automatic,2.9,108230,104464,2867,Low
12/31/2013,i8,2013,Asia,Black,Electric,Manual,5,196432,123007,50,Low
12/31/2014,X5,2014,Middle East,Blue,Hybrid,Manual,2.3,99823,73185,402,Low
12/31/2022,i3,2022,North America,Red,Hybrid,Automatic,2.4,15427,106342,4984,Low
12/31/2022,M5,2022,Africa,Red,Hybrid,Automatic,1.7,155741,117521,1727,Low
12/31/2024,M5,2024,Middle East,White,Hybrid,Manual,4.8,191,182023,1170,Low
12/31/2024,3 Series,2024,North America,Red,Diesel,Automatic,3.1,134826,93523,9545,High
12/31/2018,X5,2018,Middle East,Silver,Diesel,Automatic,3.9,121192,92830,4148,Low
12/31/2016,i3,2016,North America,Silver,Hybrid,Manual,3.9,103613,76246,4502,Low
12/31/2019,i8,2019,North America,Silver,Diesel,Automatic,4.6,172025,144299,79,Low
12/31/2023,3 Series,2023,North America,Red,Electric,Manual,3.8,36813,126521,11000,High
12/31/2023,i8,2023,Middle East,White,Hybrid,Automatic,3.5,162217,171426,433,Low
12/31/2018,X3,2018,Middle East,Grey,Electric,Manual,4,141754,90882,6460,High
12/31/2016,i8,2016,Asia,White,Hybrid,Automatic,4.1,183343,141725,50,Low
12/31/2021,5 Series,2021,South America,Red,Diesel,Manual,2.2,78125,87859,3942,Low
12/31/2010,3 Series,2010,South America,Blue,Petrol,Automatic,1.9,28212,40581,5716,High
12/31/2021,7 Series,2021,Europe,Red,Diesel,Manual,1.8,122175,109856,1580,Low
12/31/2017,5 Series,2017,Africa,White,Petrol,Manual,2.8,176915,56460,4427,Low
12/31/2013,M3,2013,North America,Black,Diesel,Manual,3.2,120445,67292,2454,Low
12/31/2012,M3,2012,Africa,Silver,Electric,Manual,3.7,14313,90892,568,Low
12/31/2023,5 Series,2023,South America,White,Hybrid,Manual,4.9,160890,112021,4684,Low
12/31/2022,3 Series,2022,North America,Black,Electric,Manual,2.7,63412,104878,11320,High
12/31/2016,i3,2016,North America,Black,Hybrid,Manual,4.2,115173,77160,5319,High
12/31/2021,5 Series,2021,Africa,White,Hybrid,Automatic,3.4,65021,109127,3911,Low
12/31/2012,X1,2012,South America,Black,Petrol,Automatic,2.3,163264,25000,4000,Low
12/31/2017,5 Series,2017,North America,Silver,Diesel,Automatic,3.7,108495,78858,7352,High
12/31/2015,X6,2015,South America,Red,Petrol,Automatic,4.9,5184,115835,1567,Low
12/31/2014,M3,2014,South America,Blue,Hybrid,Manual,1.9,132514,64740,1512,Low
12/31/2013,3 Series,2013,North America,White,Hybrid,Automatic,3.3,73351,67729,7852,High
12/31/2017,X1,2017,North America,Silver,Petrol,Manual,1.7,19079,65876,8225,High
12/31/2017,X5,2017,North America,Silver,Electric,Automatic,2.6,83905,99562,5483,High
12/31/2021,X6,2021,Middle East,Black,Hybrid,Automatic,3.7,119323,126166,3106,Low
12/31/2010,M5,2010,Europe,Red,Hybrid,Automatic,4.4,4111,118244,345,Low
12/31/2018,i8,2018,Europe,Black,Electric,Manual,4.1,67568,163174,95,Low
12/31/2023,5 Series,2023,North America,White,Hybrid,Manual,3.1,143679,103328,1853,Low
12/31/2014,X3,2014,North America,Silver,Hybrid,Manual,4.7,170957,64093,8750,High
12/31/2013,X5,2013,Middle East,Blue,Electric,Manual,2.6,104967,78254,3793,Low
12/31/2015,i8,2015,Africa,White,Hybrid,Automatic,4.1,56040,144016,50,Low
12/31/2015,M5,2015,Europe,White,Hybrid,Manual,3.2,26401,129184,867,Low
12/31/2011,3 Series,2011,North America,Silver,Electric,Manual,4.6,160396,53701,9603,High
12/31/2017,M5,2017,Europe,Blue,Hybrid,Automatic,4.3,12266,152989,828,Low
12/31/2016,X1,2016,South America,Grey,Electric,Automatic,4.7,125711,76915,4580,Low
12/31/2010,X3,2010,South America,White,Hybrid,Manual,2.2,36643,53341,4613,Low
12/31/2014,X5,2014,North America,Grey,Petrol,Automatic,3.8,170342,66387,6073,High
12/31/2021,X1,2021,Middle East,Grey,Diesel,Manual,4.1,149204,70733,6602,High
12/31/2015,i8,2015,Europe,Black,Electric,Automatic,4.1,38736,160114,50,Low
12/31/2013,i8,2013,Europe,Red,Diesel,Automatic,3.3,119334,110865,50,Low
12/31/2011,i3,2011,Europe,Red,Electric,Manual,1.5,183414,27665,4114,Low
12/31/2022,M5,2022,North America,Grey,Electric,Manual,2.4,172468,134955,2186,Low
12/31/2023,X6,2023,Europe,Black,Petrol,Manual,2.6,196129,89785,5135,High
12/31/2013,5 Series,2013,North America,Red,Diesel,Manual,4.5,111377,67556,7216,High
12/31/2010,X3,2010,Asia,Red,Electric,Manual,4.4,157224,54539,8979,High
12/31/2016,7 Series,2016,Middle East,Black,Petrol,Automatic,1.9,99816,101133,533,Low
12/31/2011,7 Series,2011,Africa,White,Diesel,Automatic,4.8,77930,93660,50,Low
12/31/2022,3 Series,2022,North America,White,Electric,Automatic,2.1,199715,77135,12106,High
12/31/2011,M3,2011,Middle East,Blue,Petrol,Manual,3,180726,49072,1508,Low
12/31/2018,i8,2018,Asia,Blue,Electric,Automatic,2.3,89348,158953,215,Low
12/31/2014,X1,2014,Asia,Silver,Diesel,Automatic,4.5,177179,41593,6804,High
12/31/2011,i8,2011,Asia,Grey,Petrol,Automatic,4.1,156592,106031,50,Low
12/31/2020,i8,2020,Europe,Grey,Hybrid,Automatic,2.7,82243,156858,454,Low
12/31/2018,M5,2018,Asia,Silver,Petrol,Automatic,3.9,146562,114475,1720,Low
12/31/2018,M3,2018,South America,Silver,Hybrid,Automatic,2.1,83872,97920,2160,Low
12/31/2010,X1,2010,Middle East,Blue,Diesel,Manual,2.8,102968,25786,5180,High
12/31/2020,X1,2020,Africa,Red,Petrol,Manual,2.8,89267,66764,4504,Low
12/31/2012,X3,2012,Africa,Grey,Petrol,Automatic,2.3,182727,26720,4864,Low
12/31/2013,X1,2013,Middle East,Silver,Diesel,Manual,4.6,51734,61831,4251,Low
12/31/2023,X5,2023,Africa,Grey,Hybrid,Automatic,3.9,32325,134930,3130,Low
12/31/2016,X3,2016,Asia,White,Electric,Automatic,2.5,155930,68104,8354,High
12/31/2019,7 Series,2019,Africa,Silver,Petrol,Manual,2.3,96597,107868,615,Low
12/31/2013,X1,2013,Middle East,Silver,Electric,Manual,1.6,82337,52681,5166,High
12/31/2011,i8,2011,Africa,Red,Hybrid,Automatic,2.7,13048,128526,50,Low
12/31/2016,M5,2016,Europe,Silver,Hybrid,Manual,3.3,184512,107878,1272,Low
12/31/2015,X3,2015,Africa,White,Petrol,Automatic,2.5,160755,45478,4379,Low
12/31/2012,i3,2012,Europe,White,Hybrid,Manual,4,31578,70559,3480,Low
12/31/2015,5 Series,2015,Asia,Blue,Hybrid,Manual,2.9,92523,81458,6654,High
12/31/2020,3 Series,2020,South America,Silver,Diesel,Manual,2.6,197144,50485,5889,High
12/31/2024,7 Series,2024,North America,Silver,Diesel,Automatic,4.8,141389,148413,1806,Low
12/31/2015,3 Series,2015,Europe,Grey,Hybrid,Automatic,2.4,122257,59148,8685,High
12/31/2021,X3,2021,Europe,Black,Hybrid,Automatic,2.9,99318,95596,8523,High
12/31/2014,i3,2014,Asia,Red,Hybrid,Manual,2.8,127441,57804,4523,Low
12/31/2013,M3,2013,North America,Silver,Diesel,Automatic,2.3,102640,66808,2513,Low
12/31/2019,3 Series,2019,Europe,Grey,Electric,Manual,2.3,114970,78906,11206,High
12/31/2021,X3,2021,Asia,Grey,Diesel,Manual,2.6,185035,62557,8938,High
12/31/2024,X3,2024,Middle East,Silver,Hybrid,Manual,4.5,91831,126359,6342,High
12/31/2010,i8,2010,Europe,Black,Electric,Manual,4.2,105586,128928,50,Low
12/31/2019,5 Series,2019,Asia,White,Electric,Manual,3.9,2094,121967,7339,High
12/31/2015,X6,2015,North America,Red,Petrol,Automatic,3.1,108173,84309,3698,Low
12/31/2011,X5,2011,Asia,Silver,Diesel,Manual,3.3,194633,40305,6250,High
12/31/2022,X6,2022,Europe,White,Diesel,Automatic,2.4,157267,94360,5243,High
12/31/2012,X3,2012,Europe,White,Hybrid,Automatic,1.8,195745,34384,8247,High
12/31/2023,3 Series,2023,Europe,Grey,Diesel,Manual,2.7,9668,103638,9773,High
12/31/2017,5 Series,2017,North America,Black,Petrol,Manual,3.2,47133,85387,6443,High
12/31/2019,X5,2019,Asia,Black,Petrol,Automatic,1.7,52224,97427,6516,High
12/31/2023,5 Series,2023,Africa,Silver,Diesel,Manual,1.8,31257,96841,4040,Low
12/31/2023,i8,2023,North America,Black,Hybrid,Automatic,2.4,37062,180266,99,Low
12/31/2015,i3,2015,Asia,Silver,Hybrid,Automatic,2.8,112902,62096,5621,High
12/31/2012,i3,2012,Asia,Grey,Diesel,Automatic,2.9,57939,51471,5188,High
12/31/2016,M5,2016,Europe,Red,Hybrid,Automatic,1.9,190321,97026,1774,Low
12/31/2013,X1,2013,Middle East,Silver,Hybrid,Automatic,2.3,154047,42455,4892,Low
12/31/2023,5 Series,2023,Africa,White,Petrol,Automatic,2.4,38934,103387,4555,Low
12/31/2018,X5,2018,Europe,Blue,Hybrid,Automatic,1.7,128430,83289,6165,High
12/31/2024,3 Series,2024,North America,Black,Electric,Automatic,2.6,122063,104503,11053,High
12/31/2014,X3,2014,North America,Red,Electric,Automatic,1.8,168,83269,8122,High
12/31/2012,3 Series,2012,Europe,Red,Diesel,Automatic,4,138053,44339,9014,High
12/31/2011,X5,2011,South America,Black,Petrol,Automatic,2.9,68042,59858,2750,Low
12/31/2020,M5,2020,Europe,Blue,Petrol,Automatic,2.6,134476,112953,1771,Low
12/31/2011,M3,2011,Asia,Silver,Electric,Automatic,1.9,48321,79443,2435,Low
12/31/2012,i8,2012,South America,Red,Electric,Automatic,2.3,25918,132642,50,Low
12/31/2011,i8,2011,Middle East,White,Diesel,Automatic,2.3,155532,98046,50,Low
12/31/2023,5 Series,2023,North America,Silver,Hybrid,Automatic,4.9,139986,119686,6514,High
12/31/2013,M5,2013,Middle East,Blue,Diesel,Automatic,4.4,182176,98730,381,Low
12/31/2011,M5,2011,Africa,Silver,Diesel,Manual,1.6,126692,64837,298,Low
12/31/2019,7 Series,2019,Asia,Grey,Hybrid,Automatic,3.7,70006,137563,1818,Low
12/31/2018,i8,2018,Europe,Black,Electric,Manual,2.4,173336,140435,385,Low
12/31/2011,3 Series,2011,North America,Silver,Hybrid,Manual,1.9,168933,28610,8436,High
12/31/2018,3 Series,2018,North America,Grey,Hybrid,Manual,4,62701,89038,9497,High
12/31/2022,X1,2022,Middle East,White,Diesel,Manual,2,143975,87033,6448,High
12/31/2015,5 Series,2015,Europe,Black,Petrol,Automatic,3.1,112465,66312,6253,High
12/31/2010,M3,2010,North America,Red,Hybrid,Manual,3.7,136732,66038,2024,Low
12/31/2013,M5,2013,Europe,Grey,Hybrid,Manual,3.4,98122,53695,1488,Low
12/31/2024,M5,2024,Europe,Black,Petrol,Automatic,4.9,123560,160912,1604,Low
12/31/2023,X6,2023,Middle East,Black,Hybrid,Manual,4.3,172398,123975,3848,Low
12/31/2010,i8,2010,Europe,Grey,Electric,Automatic,4.2,174828,120807,50,Low
12/31/2023,3 Series,2023,Europe,Silver,Hybrid,Automatic,2.7,199254,81033,10717,High
12/31/2015,3 Series,2015,Europe,White,Hybrid,Manual,1.5,50178,66658,15000,High
12/31/2023,M3,2023,Asia,Black,Electric,Manual,4.1,113838,126333,3558,Low
12/31/2022,i8,2022,Africa,Blue,Diesel,Manual,5,68369,164004,50,Low
12/31/2013,X3,2013,Europe,Grey,Diesel,Manual,2.9,174392,35039,8608,High
12/31/2012,i8,2012,North America,White,Electric,Manual,4.9,93107,142552,50,Low
12/31/2012,i3,2012,Middle East,Red,Petrol,Manual,2,44591,48114,2734,Low
12/31/2018,X3,2018,Asia,Silver,Diesel,Manual,2.5,86124,73136,10304,High
12/31/2015,X6,2015,Middle East,White,Hybrid,Manual,2.1,76683,95956,1993,Low
12/31/2018,i3,2018,Africa,Silver,Petrol,Manual,3.2,96672,66368,3129,Low
12/31/2022,3 Series,2022,Middle East,Black,Hybrid,Manual,4.3,184446,93698,6807,High
12/31/2014,X6,2014,Middle East,Red,Diesel,Automatic,2.7,133189,71029,2618,Low
12/31/2011,7 Series,2011,Asia,Blue,Electric,Automatic,4.7,193455,97375,548,Low
12/31/2017,X6,2017,Middle East,Grey,Petrol,Automatic,3.4,32022,106623,2781,Low
12/31/2014,M5,2014,Middle East,Black,Diesel,Manual,3.1,38534,117395,340,Low
12/31/2011,X6,2011,South America,White,Hybrid,Manual,4.3,46105,87351,1482,Low
12/31/2013,M3,2013,Asia,White,Petrol,Automatic,1.9,113858,95041,2380,Low
12/31/2018,M5,2018,Middle East,Grey,Petrol,Automatic,4.2,176952,114928,852,Low
12/31/2024,X6,2024,Africa,Black,Diesel,Manual,2.4,39704,123583,2289,Low
12/31/2013,7 Series,2013,Africa,Grey,Electric,Manual,2.5,67778,98887,50,Low
12/31/2022,M3,2022,Europe,Black,Petrol,Manual,3.6,187086,91308,3622,Low
12/31/2021,3 Series,2021,Europe,Black,Petrol,Manual,4.7,127099,86930,10919,High
12/31/2021,i8,2021,South America,Silver,Diesel,Automatic,3.5,93862,146384,50,Low
12/31/2021,X5,2021,South America,Blue,Electric,Manual,3.8,195237,99716,4123,Low
12/31/2022,5 Series,2022,Europe,Black,Electric,Automatic,4.2,42924,139388,7256,High
12/31/2024,M3,2024,Middle East,Grey,Petrol,Automatic,2.4,188735,95690,2436,Low
12/31/2023,X3,2023,South America,Silver,Electric,Automatic,4.4,119517,111287,6441,High
12/31/2013,7 Series,2013,South America,Black,Hybrid,Automatic,3,95628,100062,50,Low
12/31/2011,M5,2011,Europe,Red,Petrol,Automatic,2.1,72746,89841,112,Low
12/31/2022,M5,2022,South America,White,Petrol,Manual,2.7,190598,116595,1293,Low
12/31/2021,X1,2021,South America,Silver,Hybrid,Manual,2.4,110038,73892,6450,High
12/31/2024,5 Series,2024,Middle East,White,Diesel,Manual,2.3,124351,99213,5026,High
12/31/2015,i3,2015,North America,Grey,Hybrid,Manual,2.5,31750,71534,4360,Low
12/31/2022,X3,2022,South America,White,Electric,Manual,2.1,58445,99660,6853,High
12/31/2020,M3,2020,Africa,Silver,Petrol,Automatic,3.8,52114,111236,1450,Low
12/31/2023,X3,2023,Africa,Blue,Diesel,Automatic,3.5,98020,93333,4998,Low
12/31/2011,3 Series,2011,South America,Black,Petrol,Automatic,3.8,40992,56588,5200,High
12/31/2021,7 Series,2021,Africa,White,Petrol,Manual,2.7,66676,120030,686,Low
12/31/2016,7 Series,2016,Asia,Silver,Electric,Automatic,4.2,146509,122523,880,Low
12/31/2012,M3,2012,Africa,Black,Petrol,Manual,2,189981,35498,1208,Low
12/31/2024,3 Series,2024,South America,White,Electric,Automatic,3.5,194683,95516,6460,High
12/31/2012,X5,2012,Europe,Grey,Petrol,Automatic,2.5,56154,70797,5603,High
12/31/2014,i8,2014,Europe,Black,Petrol,Manual,3.3,43877,126720,50,Low
12/31/2012,5 Series,2012,Africa,Blue,Electric,Manual,2.6,191082,49966,3099,Low
12/31/2011,M5,2011,South America,Black,Electric,Manual,4.3,21091,115439,50,Low
12/31/2019,X1,2019,North America,Blue,Petrol,Manual,4.6,592,96537,7842,High
12/31/2018,i8,2018,Middle East,Grey,Petrol,Automatic,4.1,22546,161287,50,Low
12/31/2011,X6,2011,Europe,Red,Petrol,Automatic,2.1,67746,63764,2938,Low
12/31/2023,X5,2023,Middle East,White,Petrol,Manual,2.5,136485,98044,5123,High
12/31/2020,X5,2020,Europe,Silver,Electric,Manual,4.7,103609,118899,6583,High
12/31/2011,M5,2011,Middle East,Grey,Hybrid,Manual,3,61761,107644,50,Low
12/31/2022,5 Series,2022,North America,White,Hybrid,Manual,4.8,162805,105506,6667,High
12/31/2024,M5,2024,Middle East,White,Diesel,Automatic,2.9,79718,154680,1315,Low
12/31/2017,7 Series,2017,Middle East,Black,Hybrid,Automatic,4.8,69466,136313,234,Low
12/31/2024,i8,2024,South America,Grey,Hybrid,Manual,4.7,43706,184752,285,Low
12/31/2018,i8,2018,Asia,Blue,Electric,Automatic,3.8,7218,182223,50,Low
12/31/2016,X5,2016,Africa,Red,Diesel,Automatic,1.5,148289,55729,3498,Low
12/31/2012,7 Series,2012,Europe,Red,Diesel,Manual,2.9,9332,95749,537,Low
12/31/2018,X5,2018,South America,Red,Petrol,Automatic,4.7,162099,83448,3132,Low
12/31/2012,M5,2012,Europe,Red,Hybrid,Automatic,4.6,196942,99829,948,Low
12/31/2014,7 Series,2014,Middle East,White,Hybrid,Manual,2.2,29045,114594,69,Low
12/31/2018,5 Series,2018,South America,Blue,Hybrid,Manual,2.9,112634,89031,4154,Low
12/31/2021,i3,2021,South America,Red,Electric,Manual,4.4,80192,103481,3879,Low
12/31/2023,M5,2023,Asia,Red,Diesel,Manual,3.5,113605,138094,2107,Low
12/31/2023,i8,2023,North America,Red,Electric,Manual,4.5,176555,176639,715,Low
12/31/2012,i8,2012,Asia,White,Diesel,Manual,4.4,184439,106308,50,Low
12/31/2016,i3,2016,Asia,White,Electric,Automatic,4.7,52799,96168,4753,Low
12/31/2021,X5,2021,Africa,Black,Hybrid,Automatic,1.9,156634,122968,4012,Low
12/31/2010,X1,2010,Africa,Red,Diesel,Manual,2,128080,25000,3693,Low
12/31/2013,7 Series,2013,Europe,Silver,Petrol,Automatic,1.8,92455,84364,941,Low
12/31/2013,M5,2013,Europe,Black,Diesel,Manual,4.8,47703,115560,922,Low
12/31/2016,X5,2016,Middle East,Red,Diesel,Manual,3.2,184890,63045,3736,Low
12/31/2017,i8,2017,Middle East,Grey,Petrol,Manual,1.7,179121,115184,50,Low
12/31/2010,3 Series,2010,Europe,White,Electric,Automatic,2.6,109682,49192,8949,High
12/31/2014,5 Series,2014,Europe,White,Petrol,Automatic,2.7,157013,54624,6816,High
12/31/2016,i3,2016,Africa,Blue,Hybrid,Manual,4.3,155406,66182,2423,Low
12/31/2021,3 Series,2021,Middle East,Red,Hybrid,Manual,4.1,54636,105314,7191,High
12/31/2013,M3,2013,Asia,Blue,Petrol,Manual,3.9,77076,78585,2763,Low
12/31/2022,M5,2022,North America,Silver,Petrol,Manual,1.6,45146,134268,2173,Low
12/31/2013,M5,2013,Europe,Blue,Electric,Manual,4.7,63247,125930,674,Low
12/31/2013,5 Series,2013,Africa,Grey,Electric,Automatic,2.3,48376,78504,2910,Low
12/31/2021,i3,2021,North America,White,Petrol,Manual,3.7,65582,96934,5824,High
12/31/2015,i3,2015,North America,Red,Electric,Manual,1.7,86339,61557,4197,Low
12/31/2016,3 Series,2016,South America,Black,Petrol,Automatic,1.8,96087,55311,5489,High
12/31/2011,M3,2011,South America,Blue,Petrol,Automatic,1.5,66124,54620,1116,Low
12/31/2024,i3,2024,Europe,White,Hybrid,Manual,3.5,23812,116274,6240,High
12/31/2014,X5,2014,Africa,Grey,Hybrid,Automatic,3.7,197735,67688,2390,Low
12/31/2013,i3,2013,Africa,Black,Electric,Manual,1.7,179104,35809,2869,Low
12/31/2024,7 Series,2024,North America,Red,Diesel,Automatic,2.5,165497,123448,1792,Low
12/31/2023,X6,2023,Africa,Blue,Petrol,Manual,4.5,484,141947,2086,Low
12/31/2022,X5,2022,Europe,Silver,Petrol,Automatic,1.9,118983,95219,6458,High
12/31/2012,i3,2012,North America,Grey,Hybrid,Manual,2.3,159058,36695,4412,Low
12/31/2016,3 Series,2016,North America,White,Petrol,Manual,3,125193,54047,9830,High
12/31/2020,X5,2020,South America,Red,Petrol,Manual,4.4,146921,47312,4299,Low
12/31/2021,M3,2021,Africa,White,Diesel,Manual,2.4,64678,95475,1899,Low
12/31/2015,7 Series,2015,North America,Blue,Petrol,Automatic,5,130556,106719,841,Low
12/31/2023,X5,2023,Middle East,Blue,Hybrid,Manual,2.7,18898,125960,5322,High
12/31/2016,X1,2016,South America,Blue,Hybrid,Automatic,2.9,162974,50421,5338,High
12/31/2014,7 Series,2014,Asia,Grey,Diesel,Manual,1.9,150605,77845,1439,Low
12/31/2022,7 Series,2022,North America,Grey,Hybrid,Automatic,3.9,32216,165087,1548,Low
12/31/2015,i3,2015,Africa,Grey,Electric,Manual,2.4,81415,65257,2136,Low
12/31/2014,X6,2014,Asia,Silver,Diesel,Automatic,3.7,163747,69521,3997,Low
12/31/2023,3 Series,2023,Africa,White,Electric,Automatic,2.3,19307,111848,6498,High
12/31/2016,i8,2016,Africa,White,Hybrid,Automatic,2.9,104709,132048,50,Low
12/31/2011,X3,2011,Europe,White,Hybrid,Manual,4.5,127803,56510,7394,High
12/31/2023,X1,2023,Asia,Black,Electric,Manual,4.1,65245,115852,9401,High
12/31/2020,X1,2020,Asia,Black,Diesel,Manual,2,171495,50834,8480,High
12/31/2014,i3,2014,Middle East,Blue,Petrol,Automatic,3.6,58213,65132,3525,Low
12/31/2015,M3,2015,Europe,Grey,Diesel,Manual,3.7,94308,83515,2369,Low
12/31/2015,5 Series,2015,Europe,Grey,Diesel,Automatic,1.8,189366,44606,6866,High
12/31/2024,M3,2024,Middle East,Silver,Hybrid,Automatic,3.1,41593,137275,2367,Low
12/31/2014,X6,2014,South America,Black,Electric,Automatic,2.4,153042,75110,2105,Low
12/31/2019,i3,2019,South America,Blue,Electric,Manual,3.1,83433,85274,3543,Low
12/31/2016,X5,2016,Middle East,Blue,Electric,Manual,4.2,145834,40608,4836,Low
12/31/2019,M5,2019,Middle East,Red,Petrol,Manual,2.1,86737,121891,913,Low
12/31/2017,X1,2017,Asia,Red,Electric,Automatic,1.9,188670,53975,7614,High
12/31/2016,5 Series,2016,Middle East,Blue,Electric,Manual,2.4,99684,87270,4954,Low
12/31/2014,M5,2014,North America,Red,Diesel,Manual,4.8,156859,100697,1174,Low
12/31/2010,3 Series,2010,South America,White,Diesel,Manual,4.1,133584,31191,4770,Low
12/31/2022,M5,2022,North America,Blue,Petrol,Automatic,1.6,168660,116893,2124,Low
12/31/2014,M5,2014,North America,Blue,Hybrid,Manual,2.9,44534,120872,1049,Low
12/31/2019,5 Series,2019,South America,Blue,Diesel,Manual,2.4,61002,79348,4366,Low
12/31/2011,X5,2011,Asia,Red,Petrol,Automatic,3.7,160700,52761,5537,High
12/31/2022,X6,2022,Middle East,Red,Hybrid,Automatic,3.1,193103,105575,3781,Low
12/31/2014,7 Series,2014,Asia,Red,Electric,Manual,4.9,145480,117086,728,Low
12/31/2014,M5,2014,South America,Blue,Diesel,Manual,2.3,104562,91892,495,Low
12/31/2011,i3,2011,North America,Black,Hybrid,Automatic,3.6,196374,39197,4438,Low
12/31/2014,i3,2014,South America,Blue,Diesel,Manual,4,144486,47963,2903,Low
12/31/2022,7 Series,2022,South America,Grey,Hybrid,Manual,4.4,124438,131847,1256,Low
12/31/2013,5 Series,2013,Middle East,White,Hybrid,Manual,2.9,99123,72249,4615,Low
12/31/2010,i3,2010,Africa,White,Diesel,Manual,3.9,33026,47517,2118,Low
12/31/2012,X5,2012,Africa,Red,Diesel,Automatic,2.6,195248,38873,2653,Low
12/31/2010,X5,2010,Europe,White,Petrol,Automatic,3,77381,56582,4346,Low
12/31/2021,X6,2021,Europe,Grey,Hybrid,Manual,4.6,73875,132326,4264,Low
12/31/2020,i8,2020,Europe,Black,Petrol,Manual,4.8,85198,156250,50,Low
12/31/2024,X5,2024,North America,Silver,Petrol,Automatic,4,151149,109129,7405,High
12/31/2014,M3,2014,Middle East,Grey,Diesel,Manual,2.8,40695,82586,1379,Low
12/31/2013,M3,2013,Asia,Black,Electric,Manual,4.4,174661,83310,2173,Low
12/31/2016,X6,2016,Middle East,Silver,Hybrid,Automatic,1.6,14750,102908,2211,Low
12/31/2014,5 Series,2014,Europe,Grey,Diesel,Manual,1.9,197519,37752,5764,High
12/31/2019,X1,2019,Europe,White,Electric,Automatic,3.8,150556,77928,9043,High
12/31/2023,M5,2023,South America,Blue,Electric,Manual,2.5,139541,137338,1707,Low
12/31/2013,i3,2013,Asia,Blue,Petrol,Manual,4.8,79527,61425,4329,Low
12/31/2011,X6,2011,South America,Blue,Petrol,Automatic,3,25499,76977,1407,Low
12/31/2013,5 Series,2013,South America,Grey,Electric,Manual,3,21966,84898,3147,Low
12/31/2021,3 Series,2021,Asia,Blue,Diesel,Automatic,3.9,185428,73361,9975,High
12/31/2011,X5,2011,South America,Grey,Electric,Automatic,4.2,47168,89064,2210,Low
12/31/2017,7 Series,2017,South America,Silver,Hybrid,Automatic,3.2,67513,115800,361,Low
12/31/2012,7 Series,2012,South America,White,Diesel,Automatic,2.2,173313,64784,373,Low
12/31/2018,M5,2018,Middle East,Red,Hybrid,Manual,4.2,118295,135894,1264,Low
12/31/2022,X1,2022,Asia,Silver,Petrol,Manual,2.6,112048,72234,7739,High
12/31/2013,X6,2013,Middle East,Red,Diesel,Automatic,2.1,136644,64021,2677,Low
12/31/2022,3 Series,2022,Europe,Red,Hybrid,Manual,3.7,17163,115802,9825,High
12/31/2015,i3,2015,Africa,Red,Hybrid,Automatic,1.8,35076,69987,2451,Low
12/31/2019,M3,2019,South America,Red,Hybrid,Automatic,4.9,14049,134679,1689,Low
12/31/2014,X6,2014,Asia,Blue,Petrol,Manual,3.7,117261,78574,3398,Low
12/31/2019,3 Series,2019,South America,Black,Hybrid,Automatic,5,106238,96968,5985,High
12/31/2022,X5,2022,Africa,Blue,Hybrid,Automatic,2.7,143130,98775,4358,Low
12/31/2010,X1,2010,South America,Black,Petrol,Manual,4.9,92737,42141,3983,Low
12/31/2018,X6,2018,North America,Blue,Petrol,Automatic,2,101552,89713,4759,Low
12/31/2010,X5,2010,North America,White,Hybrid,Automatic,1.6,163365,43434,4769,Low
12/31/2017,i3,2017,Asia,Black,Diesel,Manual,1.6,13762,71360,5030,High
12/31/2018,i8,2018,South America,Blue,Electric,Manual,3.1,88377,149438,50,Low
12/31/2018,X5,2018,Middle East,Blue,Petrol,Automatic,1.8,85347,88968,4385,Low
12/31/2010,3 Series,2010,Middle East,Blue,Diesel,Automatic,3.3,97095,40416,5617,High
12/31/2011,7 Series,2011,Middle East,Black,Hybrid,Manual,2.6,51816,99678,50,Low
12/31/2021,X3,2021,North America,Silver,Electric,Automatic,2.7,60009,110026,10421,High
12/31/2022,7 Series,2022,South America,Silver,Electric,Manual,3.7,36661,149516,1255,Low
12/31/2010,i3,2010,Africa,Red,Electric,Automatic,2.1,34796,56264,1792,Low
12/31/2019,5 Series,2019,Middle East,Black,Diesel,Manual,4.2,5976,111386,5120,High
12/31/2011,X1,2011,Middle East,Grey,Hybrid,Automatic,3.5,108784,48741,5068,High
12/31/2019,X6,2019,North America,Blue,Diesel,Automatic,4.7,115194,105095,4244,Low
12/31/2021,i8,2021,Asia,Grey,Diesel,Manual,2.8,198659,127332,662,Low
12/31/2017,X1,2017,South America,Black,Petrol,Manual,4.9,145846,59815,5447,High
12/31/2014,M5,2014,South America,Silver,Hybrid,Manual,3.5,22153,129517,50,Low
12/31/2021,7 Series,2021,Asia,Black,Electric,Manual,4.9,63864,154909,1934,Low
12/31/2020,7 Series,2020,North America,Black,Diesel,Manual,1.6,37931,121535,1658,Low
12/31/2016,i3,2016,North America,White,Diesel,Automatic,4,186064,51225,4827,Low
12/31/2011,5 Series,2011,South America,White,Diesel,Manual,4.4,82880,60515,3067,Low
12/31/2017,M3,2017,Asia,Grey,Electric,Automatic,1.7,2946,116669,2699,Low
12/31/2020,X3,2020,North America,White,Electric,Automatic,3.5,32829,110051,8358,High
12/31/2015,3 Series,2015,Asia,Grey,Hybrid,Automatic,4.3,106845,74331,9114,High
12/31/2017,X3,2017,Asia,Silver,Petrol,Manual,3.5,163844,59060,7852,High
12/31/2010,7 Series,2010,Europe,Black,Hybrid,Manual,1.7,51243,81201,551,Low
12/31/2024,X3,2024,Europe,Grey,Electric,Automatic,3.9,104842,115258,9936,High
12/31/2010,X3,2010,Middle East,White,Petrol,Manual,1.7,5620,49624,5646,High
12/31/2021,i3,2021,Asia,Blue,Petrol,Manual,4.4,94382,95937,5306,High
12/31/2016,7 Series,2016,Africa,Red,Hybrid,Manual,1.7,147469,91026,1094,Low
12/31/2017,i8,2017,Middle East,White,Diesel,Automatic,2,160786,118107,50,Low
12/31/2022,X6,2022,Asia,Blue,Diesel,Manual,2.5,71180,112726,4333,Low
12/31/2012,7 Series,2012,North America,Red,Petrol,Automatic,3.7,102271,94797,754,Low
12/31/2014,M3,2014,Asia,Grey,Hybrid,Manual,4.9,138174,93188,2724,Low
12/31/2021,X6,2021,Africa,Blue,Petrol,Manual,1.9,126758,45963,3552,Low
12/31/2010,M5,2010,Asia,Grey,Hybrid,Automatic,2,48362,97964,759,Low
12/31/2016,i8,2016,North America,Silver,Electric,Automatic,2.8,94785,200000,50,Low
12/31/2014,X5,2014,North America,Grey,Diesel,Manual,4.4,154774,66449,5954,High
12/31/2017,X1,2017,Africa,Black,Petrol,Automatic,3.1,67775,63036,4744,Low
12/31/2022,3 Series,2022,North America,Black,Electric,Automatic,2.6,128666,96485,10422,High
12/31/2017,i8,2017,Middle East,White,Hybrid,Manual,3.5,20096,158284,50,Low
12/31/2018,X5,2018,Asia,Black,Petrol,Automatic,2.4,27585,100179,5838,High
12/31/2016,5 Series,2016,Europe,Silver,Hybrid,Manual,2.9,57950,92774,6165,High
12/31/2020,X3,2020,Africa,Red,Hybrid,Automatic,2.7,160412,74739,5125,High
12/31/2010,5 Series,2010,Middle East,Blue,Hybrid,Automatic,4.3,35725,82457,3775,Low
12/31/2022,M3,2022,Europe,Blue,Diesel,Manual,4.7,115626,112637,2752,Low
12/31/2012,7 Series,2012,Asia,Red,Electric,Manual,4.2,22532,128089,237,Low
12/31/2017,X3,2017,Middle East,Red,Hybrid,Manual,3,35274,88113,5739,High
12/31/2012,i8,2012,Europe,White,Hybrid,Automatic,3.3,77677,127813,50,Low
12/31/2017,5 Series,2017,Middle East,Blue,Petrol,Automatic,1.9,184808,60560,5384,High
12/31/2010,i8,2010,South America,Red,Electric,Manual,4.1,132128,117032,50,Low
12/31/2014,X1,2014,Africa,Red,Diesel,Automatic,3.6,84805,51309,3766,Low
12/31/2013,3 Series,2013,Africa,White,Electric,Manual,4.7,130047,65897,4797,Low
12/31/2014,X3,2014,Europe,Black,Diesel,Manual,2.2,179628,33219,8843,High
12/31/2017,X5,2017,South America,Black,Diesel,Manual,4.2,165641,71624,10617,High
12/31/2019,7 Series,2019,Asia,Blue,Petrol,Manual,3.9,21752,138779,1072,Low
12/31/2024,M5,2024,North America,Red,Petrol,Manual,2.4,133075,134605,2336,Low
12/31/2023,5 Series,2023,Middle East,White,Electric,Manual,3.8,146064,121694,5025,High
12/31/2013,M5,2013,Middle East,Blue,Petrol,Automatic,4.7,40675,127093,50,Low
12/31/2020,i8,2020,Middle East,Silver,Petrol,Manual,4.7,157750,159068,50,Low
12/31/2013,X1,2013,Asia,Black,Petrol,Manual,4,166272,38136,8016,High
12/31/2024,i3,2024,Asia,Black,Petrol,Manual,1.7,134506,78700,6733,High
12/31/2012,5 Series,2012,Europe,Grey,Diesel,Automatic,4.6,13712,86042,5172,High
12/31/2016,i8,2016,Europe,Silver,Petrol,Manual,3.8,182072,116374,50,Low
12/31/2012,X6,2012,Asia,White,Hybrid,Manual,2.6,183974,57676,4408,Low
12/31/2021,X5,2021,Middle East,Silver,Petrol,Manual,2.2,44687,104428,3705,Low
12/31/2012,i3,2012,North America,White,Petrol,Manual,1.9,156212,26789,5213,High
12/31/2020,i3,2020,Asia,Blue,Petrol,Automatic,1.7,69722,76029,5021,High
12/31/2019,X5,2019,Asia,Silver,Diesel,Manual,4.1,110056,90552,5826,High
12/31/2014,i3,2014,Middle East,White,Electric,Manual,2.3,189188,45348,3402,Low
12/31/2014,i3,2014,Africa,Grey,Petrol,Automatic,1.6,25484,58275,2711,Low
12/31/2023,M3,2023,Asia,Silver,Petrol,Automatic,2.9,140290,110562,3073,Low
12/31/2015,3 Series,2015,Asia,Blue,Electric,Manual,3.2,115738,70404,9011,High
12/31/2017,M5,2017,Africa,Black,Diesel,Automatic,2.1,28721,119416,398,Low
12/31/2019,7 Series,2019,Europe,Grey,Hybrid,Manual,1.7,124772,114623,2001,Low
12/31/2015,X5,2015,Middle East,Grey,Electric,Manual,2.2,8501,98638,3714,Low
12/31/2024,X1,2024,Europe,Black,Petrol,Automatic,3.9,115580,96358,8244,High
12/31/2021,i3,2021,North America,Red,Hybrid,Manual,1.8,25143,92024,5144,High
12/31/2010,i8,2010,Europe,Black,Petrol,Manual,3.4,96403,104242,50,Low
12/31/2024,7 Series,2024,Africa,Black,Petrol,Automatic,2,31840,131392,911,Low
12/31/2017,i8,2017,South America,Blue,Diesel,Automatic,2.2,178060,104872,50,Low
12/31/2017,3 Series,2017,South America,White,Diesel,Manual,2.9,164467,49443,6926,High
12/31/2018,3 Series,2018,Middle East,Silver,Electric,Automatic,1.9,42617,89613,6065,High
12/31/2018,X3,2018,South America,Grey,Hybrid,Automatic,2.1,45015,87893,6165,High
12/31/2011,X6,2011,Europe,White,Petrol,Automatic,2.7,93015,64726,3404,Low
12/31/2024,X6,2024,South America,Red,Petrol,Automatic,2.7,181587,104957,2941,Low
12/31/2011,X6,2011,Europe,Grey,Hybrid,Automatic,4.1,149786,72888,455,Low
12/31/2012,M5,2012,Asia,Silver,Petrol,Manual,1.8,159131,76009,1375,Low
12/31/2010,X3,2010,Europe,Grey,Electric,Automatic,4.5,135139,60689,15000,High
12/31/2013,i3,2013,Middle East,Silver,Electric,Manual,4.4,191840,56904,3401,Low
12/31/2023,i8,2023,South America,Blue,Electric,Automatic,4.2,10681,197082,50,Low
12/31/2013,5 Series,2013,Middle East,Blue,Electric,Automatic,2.6,44670,87167,3381,Low
12/31/2023,M3,2023,Europe,White,Diesel,Manual,4.4,30214,131407,2678,Low
12/31/2018,X3,2018,South America,White,Hybrid,Automatic,2.1,105870,72431,1045,Low
12/31/2018,X3,2018,Asia,Blue,Petrol,Automatic,1.9,12109,85552,8204,High
12/31/2018,7 Series,2018,South America,Grey,Diesel,Automatic,1.7,99746,97487,765,Low
12/31/2019,X1,2019,Europe,Grey,Electric,Automatic,4.8,62194,105739,7646,High
12/31/2016,7 Series,2016,Europe,Black,Petrol,Automatic,2.6,134183,97167,1330,Low
12/31/2023,i8,2023,North America,Blue,Electric,Automatic,4.7,189662,179002,663,Low
12/31/2024,M3,2024,North America,Black,Hybrid,Manual,2.5,46962,129342,3360,Low
12/31/2011,M5,2011,Africa,White,Electric,Automatic,4.7,74590,117077,50,Low
12/31/2019,M5,2019,North America,Silver,Hybrid,Manual,4.7,119897,136558,2273,Low
12/31/2014,X5,2014,South America,White,Diesel,Automatic,4.7,44269,86195,3219,Low
12/31/2013,M3,2013,Africa,Red,Hybrid,Automatic,3.2,27551,86860,849,Low
12/31/2021,X5,2021,North America,Blue,Petrol,Automatic,4.5,113419,109949,6446,High
12/31/2020,X3,2020,Africa,Blue,Hybrid,Automatic,4.8,180846,89203,5570,High
12/31/2017,3 Series,2017,South America,White,Diesel,Automatic,2.6,120727,57411,5659,High
12/31/2011,3 Series,2011,North America,Silver,Diesel,Automatic,3,143061,33675,9418,High
12/31/2015,i3,2015,Africa,Black,Diesel,Automatic,4,12248,78920,2435,Low
12/31/2022,3 Series,2022,Europe,White,Hybrid,Manual,2.6,84484,91728,9486,High
12/31/2014,M3,2014,Africa,Red,Petrol,Manual,4.1,98691,75399,1224,Low
12/31/2024,M5,2024,Asia,Blue,Electric,Automatic,1.8,180700,139606,2907,Low
12/31/2021,5 Series,2021,Europe,Blue,Petrol,Automatic,3.3,8328,116592,7004,High
12/31/2011,M3,2011,South America,Grey,Petrol,Automatic,1.9,34422,64926,881,Low
12/31/2020,i8,2020,Asia,Silver,Diesel,Automatic,2.5,6706,159724,50,Low
12/31/2019,7 Series,2019,North America,Black,Electric,Automatic,2.4,158181,116043,2016,Low
12/31/2024,X1,2024,Europe,Grey,Electric,Automatic,4.4,50087,121477,8218,High
12/31/2010,M3,2010,North America,Blue,Diesel,Automatic,2.2,57396,59435,2314,Low
12/31/2017,5 Series,2017,Africa,White,Electric,Automatic,4.3,163425,85111,3618,Low
12/31/2011,M5,2011,North America,Red,Electric,Automatic,4.3,167111,102731,860,Low
12/31/2016,X5,2016,Asia,Red,Diesel,Manual,3.2,78794,84204,12759,High
12/31/2018,i3,2018,Africa,White,Electric,Automatic,2.3,36589,91519,2973,Low
12/31/2018,i8,2018,Middle East,Red,Petrol,Automatic,2.3,133983,131961,50,Low
12/31/2017,X6,2017,Middle East,White,Hybrid,Manual,3.1,29087,118527,2389,Low
12/31/2020,M5,2020,North America,White,Petrol,Manual,1.5,146096,113140,1884,Low
12/31/2023,i8,2023,Middle East,Grey,Diesel,Manual,3.4,7940,173057,50,Low
12/31/2021,7 Series,2021,Africa,Grey,Diesel,Automatic,4.8,155167,125093,686,Low
12/31/2019,5 Series,2019,Asia,Silver,Petrol,Automatic,2,194692,64190,7193,High
12/31/2018,X1,2018,Europe,Black,Petrol,Manual,3.5,92639,66439,7529,High
12/31/2011,i3,2011,Europe,Red,Hybrid,Automatic,4.9,48960,70826,3528,Low
12/31/2015,M5,2015,Asia,Red,Electric,Manual,4.5,198341,115018,1292,Low
12/31/2013,3 Series,2013,Middle East,White,Petrol,Manual,4.5,83942,64773,6649,High
12/31/2023,X6,2023,Middle East,Red,Petrol,Automatic,4.4,172184,116615,3609,Low
12/31/2013,X1,2013,Africa,Grey,Electric,Automatic,2.6,49050,59812,3361,Low
12/31/2014,3 Series,2014,North America,Red,Hybrid,Automatic,4.6,67949,81156,7852,High
12/31/2021,i8,2021,South America,Black,Petrol,Manual,4.8,163917,142977,50,Low
12/31/2012,5 Series,2012,Africa,Red,Diesel,Automatic,3.2,53871,62137,3088,Low
12/31/2023,X6,2023,North America,Red,Petrol,Manual,2.7,47176,163938,3425,Low
12/31/2010,X3,2010,Asia,Silver,Hybrid,Manual,2.9,177691,33477,9624,High
12/31/2017,7 Series,2017,Africa,White,Petrol,Manual,2.7,197207,84663,682,Low
12/31/2014,i3,2014,Africa,White,Diesel,Automatic,2.2,58046,53027,2713,Low
12/31/2012,X5,2012,Europe,Grey,Hybrid,Manual,3.7,153544,67078,4434,Low
12/31/2019,3 Series,2019,South America,Silver,Hybrid,Automatic,3.5,152806,76638,5758,High
12/31/2023,7 Series,2023,Europe,Silver,Petrol,Manual,3.1,27492,143763,1663,Low
12/31/2016,M3,2016,Africa,Blue,Hybrid,Manual,1.8,107248,75340,1226,Low
12/31/2016,3 Series,2016,Europe,Grey,Electric,Manual,4.3,66025,88903,8721,High
12/31/2010,X6,2010,Europe,White,Electric,Manual,2.1,79671,72691,3556,Low
12/31/2021,M3,2021,Europe,Grey,Diesel,Manual,1.9,162721,83196,3377,Low
12/31/2018,M5,2018,Europe,Blue,Electric,Automatic,3.7,45634,143492,1495,Low
12/31/2024,i8,2024,Europe,Red,Hybrid,Automatic,2.9,97812,168815,999,Low
12/31/2011,5 Series,2011,South America,Red,Electric,Automatic,1.7,50470,68715,3560,Low
12/31/2014,M3,2014,Europe,Blue,Petrol,Automatic,2.7,39977,83082,2028,Low
12/31/2022,X1,2022,Europe,Black,Hybrid,Manual,4.2,39745,110790,15000,High
12/31/2023,3 Series,2023,Europe,Silver,Petrol,Automatic,3.7,45584,109787,2144,Low
12/31/2014,X1,2014,Africa,Silver,Diesel,Automatic,2.8,56818,48298,3435,Low
12/31/2023,X5,2023,South America,Red,Electric,Automatic,2.2,152117,106410,4061,Low
12/31/2017,X3,2017,North America,Grey,Hybrid,Automatic,3.7,88168,86301,7752,High
12/31/2023,X3,2023,Africa,Silver,Hybrid,Manual,4.6,61592,120336,5690,High
12/31/2017,X6,2017,South America,White,Electric,Manual,3.8,83348,105099,2364,Low
12/31/2023,5 Series,2023,Africa,White,Petrol,Manual,4.3,108562,102425,4271,Low
12/31/2016,7 Series,2016,North America,Black,Electric,Automatic,3.3,72092,133627,676,Low
12/31/2016,M3,2016,North America,Blue,Electric,Manual,4,176002,87994,2389,Low
12/31/2021,X1,2021,Europe,Grey,Petrol,Manual,4.6,26598,95335,7130,High
12/31/2020,i8,2020,South America,Grey,Hybrid,Manual,4.2,30539,173201,50,Low
12/31/2015,M3,2015,Asia,White,Diesel,Automatic,4.7,190518,71942,2585,Low
12/31/2015,X5,2015,Asia,Black,Hybrid,Automatic,3,114411,87990,5155,High
12/31/2020,3 Series,2020,Middle East,Blue,Electric,Manual,4.7,87218,104322,6252,High
12/31/2018,7 Series,2018,Middle East,White,Electric,Manual,3.7,169817,117683,996,Low
12/31/2015,M5,2015,South America,White,Diesel,Manual,4.5,806,132618,56,Low
12/31/2021,M5,2021,Middle East,Silver,Hybrid,Automatic,1.6,179870,127565,1788,Low
12/31/2022,7 Series,2022,South America,Silver,Diesel,Automatic,3.8,113863,121155,1184,Low
12/31/2022,X3,2022,Middle East,Black,Hybrid,Manual,4.5,115012,114243,7293,High
12/31/2011,i8,2011,Asia,Blue,Electric,Automatic,2.1,2171,141399,50,Low
12/31/2011,7 Series,2011,North America,Black,Petrol,Manual,3.8,83451,93797,511,Low
12/31/2022,i3,2022,Europe,White,Hybrid,Automatic,4.4,15358,127873,4915,Low
12/31/2014,M5,2014,Asia,Silver,Diesel,Manual,2.5,193306,80988,1822,Low
12/31/2024,7 Series,2024,North America,Black,Electric,Manual,2.9,25242,161661,1683,Low
12/31/2013,7 Series,2013,Europe,Black,Diesel,Automatic,3.5,123660,84313,911,Low
12/31/2020,X3,2020,Asia,Blue,Petrol,Manual,3.3,143223,79138,10109,High
12/31/2011,X5,2011,Africa,Red,Petrol,Automatic,1.6,65814,49816,2270,Low
12/31/2024,X3,2024,Europe,Red,Petrol,Automatic,1.8,169179,79782,7977,High
12/31/2024,M5,2024,Europe,Grey,Hybrid,Manual,1.9,133710,141716,2616,Low
12/31/2012,M3,2012,South America,Grey,Electric,Automatic,2.4,197607,57276,1334,Low
12/31/2016,3 Series,2016,South America,Grey,Petrol,Automatic,2.4,187460,42038,6980,High
12/31/2017,3 Series,2017,Middle East,Silver,Electric,Automatic,4.1,20313,110513,6301,High
12/31/2021,M5,2021,Middle East,Silver,Electric,Manual,3.5,66030,155954,1360,Low
12/31/2022,i8,2022,South America,Blue,Diesel,Manual,4.2,120518,152765,50,Low
12/31/2015,i8,2015,South America,White,Hybrid,Manual,1.7,185200,100460,50,Low
12/31/2020,7 Series,2020,Europe,White,Hybrid,Automatic,3.2,71317,139662,1705,Low
12/31/2014,X5,2014,Asia,Silver,Hybrid,Automatic,2.6,173812,65038,5321,High
12/31/2022,M5,2022,North America,Black,Petrol,Automatic,4.5,95176,147551,1986,Low
12/31/2010,X1,2010,Africa,Blue,Electric,Automatic,4,135547,44447,3775,Low
12/31/2017,X1,2017,Europe,Grey,Diesel,Manual,4.5,142478,58247,7238,High
12/31/2012,i3,2012,Europe,Black,Petrol,Automatic,1.7,80820,39024,4893,Low
12/31/2024,3 Series,2024,Africa,Blue,Electric,Manual,4,70749,123288,5400,High
12/31/2015,i8,2015,Middle East,Red,Diesel,Manual,3.4,49218,146445,50,Low
12/31/2012,X1,2012,Africa,White,Electric,Automatic,4.4,25029,75985,3584,Low
12/31/2016,X1,2016,Africa,Black,Diesel,Manual,3.3,54238,57124,3958,Low
12/31/2022,7 Series,2022,North America,Black,Diesel,Manual,3.4,119812,130324,1527,Low
12/31/2023,3 Series,2023,Asia,Blue,Hybrid,Automatic,1.7,12983,104411,9274,High
12/31/2016,M3,2016,Asia,Blue,Electric,Manual,3.8,15640,111630,2112,Low
12/31/2021,M5,2021,Europe,Red,Electric,Manual,2.5,1354,153152,2169,Low
12/31/2024,X5,2024,Middle East,Grey,Hybrid,Automatic,1.6,155709,103748,5551,High
12/31/2018,i8,2018,North America,Red,Petrol,Manual,1.7,181162,119231,287,Low
12/31/2014,M3,2014,South America,White,Diesel,Automatic,4.9,156016,75057,1145,Low
12/31/2024,i8,2024,North America,Silver,Electric,Manual,2.7,138616,162438,1175,Low
12/31/2017,5 Series,2017,Africa,Black,Petrol,Automatic,4.5,56755,98570,3697,Low
12/31/2019,X6,2019,Europe,Silver,Electric,Manual,4.9,36378,130848,3981,Low
12/31/2019,M5,2019,Europe,Red,Diesel,Automatic,4.8,111324,131569,1678,Low
12/31/2017,7 Series,2017,North America,Blue,Electric,Manual,4.6,187443,120506,1160,Low
12/31/2010,M3,2010,Asia,Black,Hybrid,Automatic,4.6,107263,78481,1986,Low
12/31/2021,i8,2021,Middle East,Red,Petrol,Manual,2.5,44264,167139,50,Low
12/31/2014,7 Series,2014,Europe,Silver,Diesel,Automatic,2,176128,69020,1395,Low
12/31/2012,5 Series,2012,South America,White,Hybrid,Manual,3.7,126765,63684,3990,Low
12/31/2010,M3,2010,South America,Red,Petrol,Manual,3.2,193924,36675,1176,Low
12/31/2013,5 Series,2013,Europe,Red,Diesel,Automatic,1.8,101181,50959,6458,High
12/31/2017,M3,2017,Middle East,White,Diesel,Automatic,3.9,149695,86326,1748,Low
12/31/2012,M5,2012,North America,Silver,Petrol,Automatic,3.5,147220,93835,1003,Low
12/31/2019,X5,2019,Asia,Grey,Hybrid,Automatic,4.5,150119,104763,6924,High
12/31/2011,X5,2011,Africa,Black,Electric,Automatic,3.6,98404,76418,2192,Low
12/31/2020,M5,2020,Middle East,White,Diesel,Automatic,3.5,158945,122315,1300,Low
12/31/2018,X6,2018,Africa,White,Diesel,Manual,3,164673,77300,2118,Low
12/31/2019,3 Series,2019,Europe,White,Electric,Automatic,3.1,46583,100338,9116,High
12/31/2014,X5,2014,Europe,White,Petrol,Automatic,4.8,108972,86725,4594,Low
12/31/2023,7 Series,2023,Asia,Red,Diesel,Manual,2,170354,109358,2160,Low
12/31/2016,M5,2016,North America,Black,Petrol,Automatic,3.1,107451,115754,1549,Low
12/31/2020,M3,2020,North America,Black,Petrol,Manual,3.8,187918,89481,3486,Low
12/31/2020,X5,2020,Europe,Silver,Diesel,Automatic,3,27309,111043,5658,High
12/31/2011,5 Series,2011,Middle East,Silver,Hybrid,Manual,2.5,159987,51660,4045,Low
12/31/2018,M5,2018,South America,Black,Petrol,Automatic,2.5,13578,123601,557,Low
12/31/2022,M3,2022,Europe,Black,Diesel,Automatic,2.3,179122,89185,3724,Low
12/31/2018,X6,2018,North America,Blue,Hybrid,Manual,2.7,35356,113994,4246,Low
12/31/2013,7 Series,2013,Asia,Red,Petrol,Manual,4.6,195079,85188,1058,Low
12/31/2013,i8,2013,South America,Blue,Diesel,Manual,3.3,8128,125008,50,Low
12/31/2015,X6,2015,Africa,Silver,Electric,Automatic,2.3,189981,75637,1840,Low
12/31/2019,X6,2019,Africa,Silver,Electric,Automatic,2.8,22378,122832,2191,Low
12/31/2019,7 Series,2019,Asia,Grey,Hybrid,Manual,1.9,120628,114769,2231,Low
12/31/2019,3 Series,2019,Asia,White,Hybrid,Automatic,4.7,180809,80408,10945,High
12/31/2015,3 Series,2015,Asia,Black,Hybrid,Manual,2.9,123653,59677,10417,High
12/31/2021,X3,2021,Middle East,Red,Hybrid,Manual,4.9,73516,115638,6879,High
12/31/2010,X1,2010,Asia,Silver,Hybrid,Automatic,2.7,148030,31719,8329,High
12/31/2023,7 Series,2023,Middle East,Red,Petrol,Manual,4.4,115840,146215,875,Low
12/31/2023,X5,2023,Middle East,White,Petrol,Manual,2.4,51720,112990,4393,Low
12/31/2018,X5,2018,South America,Blue,Electric,Manual,1.8,54065,99458,3567,Low
12/31/2011,3 Series,2011,Middle East,Red,Hybrid,Manual,1.6,95923,43263,5790,High
12/31/2014,i8,2014,Asia,Blue,Electric,Manual,3.6,28982,147720,50,Low
12/31/2018,5 Series,2018,Middle East,Silver,Petrol,Manual,2.6,54762,90265,4643,Low
12/31/2013,X3,2013,Europe,Grey,Diesel,Automatic,3.1,142095,43164,7347,High
12/31/2020,i8,2020,Asia,Grey,Petrol,Manual,4.4,14338,166901,50,Low
12/31/2012,7 Series,2012,North America,Red,Hybrid,Automatic,2.4,189953,78501,982,Low
12/31/2024,5 Series,2024,Middle East,Red,Hybrid,Automatic,2.6,195003,104230,5565,High
12/31/2016,X3,2016,Middle East,Silver,Petrol,Manual,4.5,170439,67347,6438,High
12/31/2015,7 Series,2015,Asia,Blue,Petrol,Manual,3.2,117341,99256,1031,Low
12/31/2017,M5,2017,Europe,White,Petrol,Manual,4.4,26360,130346,1088,Low
12/31/2012,i8,2012,North America,Red,Petrol,Manual,2.8,66364,64446,251,Low
12/31/2014,i3,2014,Asia,White,Hybrid,Automatic,2.9,113722,61718,4582,Low
12/31/2019,X6,2019,Europe,Blue,Petrol,Manual,2.1,84485,92737,4247,Low
12/31/2013,5 Series,2013,Middle East,Silver,Electric,Manual,4.7,89068,91173,4386,Low
12/31/2024,X5,2024,Asia,Silver,Hybrid,Manual,4.6,57970,135917,7125,High
12/31/2022,M5,2022,Asia,Silver,Diesel,Automatic,4.9,188013,130629,2384,Low
12/31/2013,X5,2013,Africa,Red,Diesel,Automatic,2.9,156661,51382,3262,Low
12/31/2013,M3,2013,Europe,Grey,Petrol,Manual,4.4,117262,77989,2025,Low
12/31/2019,M5,2019,Africa,Grey,Diesel,Manual,3,72277,186414,50,Low
12/31/2017,X1,2017,Europe,White,Diesel,Manual,3.1,4178,76372,7920,High
12/31/2015,X3,2015,Africa,White,Petrol,Automatic,4.4,129265,62037,4372,Low
12/31/2012,X1,2012,Asia,Silver,Hybrid,Manual,2.1,13227,54270,6865,High
12/31/2019,X5,2019,Europe,White,Petrol,Automatic,2.3,12167,103912,5539,High
12/31/2014,3 Series,2014,Europe,Blue,Hybrid,Manual,2.6,109142,56748,9576,High
12/31/2015,3 Series,2015,South America,White,Diesel,Automatic,4.3,46104,73738,4698,Low
12/31/2014,M3,2014,Asia,Blue,Electric,Manual,2.8,188576,73063,2695,Low
12/31/2015,M3,2015,Africa,Black,Electric,Automatic,2.8,145600,77974,1307,Low
12/31/2017,X3,2017,Middle East,Black,Petrol,Automatic,5,153408,77768,6443,High
12/31/2016,M3,2016,Middle East,Black,Electric,Manual,2.8,118672,142129,971,Low
12/31/2014,7 Series,2014,Asia,Grey,Diesel,Automatic,2.4,120273,89649,1111,Low
12/31/2019,X6,2019,North America,Silver,Petrol,Manual,3.7,186840,90283,3851,Low
12/31/2015,3 Series,2015,South America,White,Hybrid,Manual,4.3,71218,77554,5648,High
12/31/2023,i3,2023,Asia,Black,Electric,Automatic,1.7,161918,84458,6027,High
12/31/2013,M5,2013,Europe,Black,Electric,Manual,3.7,195901,96600,1254,Low
12/31/2021,7 Series,2021,South America,Grey,Diesel,Automatic,1.6,80730,117859,812,Low
12/31/2018,X5,2018,Middle East,Black,Electric,Automatic,3.3,83515,108909,4454,Low
12/31/2022,7 Series,2022,Europe,Black,Diesel,Automatic,2.4,54199,127343,1615,Low
12/31/2013,i3,2013,South America,Black,Hybrid,Automatic,2.6,152349,46209,2761,Low
12/31/2010,X1,2010,Asia,Grey,Electric,Automatic,3.1,93384,45939,15000,High
12/31/2016,X1,2016,Middle East,Grey,Petrol,Manual,4.7,105560,66037,5171,High
12/31/2016,i3,2016,Asia,Red,Hybrid,Automatic,4,4641,98449,4605,Low
12/31/2013,5 Series,2013,North America,White,Diesel,Manual,4.8,31335,86256,6528,High
12/31/2022,M3,2022,Africa,Blue,Diesel,Manual,3.8,43815,114563,1517,Low
12/31/2023,M5,2023,South America,Red,Hybrid,Automatic,1.5,15726,147048,1410,Low
12/31/2012,X3,2012,North America,Blue,Hybrid,Manual,2.4,5642,72998,7574,High
12/31/2017,M3,2017,North America,Grey,Hybrid,Manual,4.7,3278,126385,2481,Low
12/31/2014,i8,2014,North America,Black,Hybrid,Automatic,3.8,1308,162773,50,Low
12/31/2019,3 Series,2019,Asia,Grey,Electric,Manual,4.9,2781,118467,10313,High
12/31/2016,i8,2016,South America,Silver,Diesel,Manual,2,65920,118671,50,Low
12/31/2013,X5,2013,Africa,Blue,Electric,Automatic,2.5,5584,94307,2363,Low
12/31/2013,X3,2013,Europe,Grey,Electric,Manual,2.8,108956,60427,7169,High
12/31/2017,3 Series,2017,North America,Silver,Hybrid,Automatic,2.6,47294,83411,10172,High
12/31/2023,X3,2023,South America,Black,Diesel,Automatic,2.4,92141,84937,6299,High
12/31/2017,M3,2017,Middle East,Black,Petrol,Manual,3.1,138955,84292,1930,Low
12/31/2011,X6,2011,North America,White,Electric,Manual,3.7,51770,92533,3102,Low
12/31/2023,3 Series,2023,Middle East,Blue,Hybrid,Manual,2.6,140779,95231,8043,High
12/31/2011,i3,2011,South America,Grey,Diesel,Automatic,1.8,80474,31401,2381,Low
12/31/2012,M3,2012,Africa,Red,Electric,Automatic,4,53902,93044,429,Low
12/31/2024,M5,2024,North America,Black,Petrol,Manual,3.1,101064,139314,1921,Low
12/31/2021,3 Series,2021,Africa,Grey,Petrol,Manual,3.4,94267,84106,5410,High
12/31/2021,5 Series,2021,Middle East,Red,Petrol,Manual,3.1,93217,93535,4679,Low
12/31/2012,M3,2012,Middle East,Black,Diesel,Automatic,4.6,77839,84567,1094,Low
12/31/2010,M5,2010,Middle East,Black,Hybrid,Automatic,3.5,31638,119082,50,Low
12/31/2024,M3,2024,South America,Red,Diesel,Manual,4.7,87328,126346,2314,Low
12/31/2023,7 Series,2023,Africa,Red,Hybrid,Automatic,3.3,81021,143981,1345,Low
12/31/2012,7 Series,2012,Europe,Black,Electric,Manual,2.5,194140,75147,797,Low
12/31/2015,5 Series,2015,Asia,Grey,Electric,Manual,2.7,41983,92204,5788,High
12/31/2017,M5,2017,Middle East,Silver,Diesel,Automatic,3.3,192991,105596,898,Low
12/31/2022,X3,2022,Europe,Blue,Hybrid,Automatic,3.4,122911,100129,8117,High
12/31/2021,X3,2021,South America,Black,Petrol,Manual,3.9,141711,79000,4976,Low
12/31/2023,M5,2023,North America,Silver,Electric,Automatic,2.3,75476,155814,2352,Low
12/31/2019,5 Series,2019,Asia,Blue,Hybrid,Manual,3.8,115227,100945,7819,High
12/31/2015,X5,2015,South America,Grey,Hybrid,Manual,4.2,46221,102363,2998,Low
12/31/2014,i3,2014,North America,Blue,Diesel,Automatic,3.9,86804,61795,5258,High
12/31/2024,M5,2024,Africa,Silver,Hybrid,Manual,3.2,25815,159421,1291,Low
12/31/2013,i8,2013,Asia,Grey,Diesel,Automatic,5,143736,123125,50,Low
12/31/2012,i8,2012,South America,Silver,Petrol,Manual,2.9,103397,103335,50,Low
12/31/2022,X3,2022,Asia,Blue,Diesel,Manual,1.9,131050,74622,10279,High
12/31/2013,3 Series,2013,Asia,Black,Hybrid,Manual,4.4,46238,75239,10664,High
12/31/2023,3 Series,2023,Middle East,Silver,Hybrid,Manual,2.2,139285,90940,8362,High
12/31/2016,7 Series,2016,North America,Silver,Electric,Automatic,4,167960,116997,1069,Low
12/31/2010,X3,2010,Europe,White,Electric,Manual,2.1,9773,61483,8003,High
12/31/2016,i8,2016,Africa,Grey,Electric,Automatic,1.6,66601,131847,50,Low
12/31/2010,i3,2010,Asia,White,Electric,Automatic,2.1,128899,41116,4720,Low
12/31/2011,3 Series,2011,Europe,Red,Electric,Manual,2.8,51744,58681,7877,High
12/31/2024,3 Series,2024,North America,Red,Hybrid,Automatic,1.9,63075,106088,9232,High
12/31/2013,5 Series,2013,South America,Red,Electric,Manual,2.2,108469,67913,4086,Low
12/31/2010,X5,2010,Asia,Grey,Diesel,Manual,4.2,135982,52683,5029,High
12/31/2020,X1,2020,Middle East,Red,Diesel,Manual,4.2,162373,65888,5042,High
12/31/2021,X6,2021,South America,Blue,Petrol,Automatic,4.4,98770,111168,2477,Low
12/31/2020,M3,2020,Europe,White,Hybrid,Manual,4.4,43505,126610,3210,Low
12/31/2024,7 Series,2024,Middle East,White,Electric,Manual,3,199991,129094,1924,Low
12/31/2020,X6,2020,South America,Silver,Electric,Manual,4.5,114840,119603,3171,Low
12/31/2018,M5,2018,Europe,Silver,Electric,Automatic,3.3,122169,132241,1630,Low
12/31/2021,M3,2021,North America,Grey,Electric,Manual,3.1,94409,121792,3056,Low
12/31/2015,X3,2015,South America,Grey,Electric,Manual,4,32611,90183,5207,High
12/31/2022,i8,2022,Middle East,Blue,Electric,Automatic,2.2,12082,179172,180,Low
12/31/2010,X1,2010,North America,White,Diesel,Automatic,4.3,102506,37257,6530,High
12/31/2010,3 Series,2010,Africa,Grey,Diesel,Manual,3,171209,25000,4146,Low
12/31/2015,X6,2015,Africa,Black,Diesel,Automatic,1.9,166351,55158,1908,Low
12/31/2013,7 Series,2013,Middle East,Red,Hybrid,Manual,1.9,11150,106619,57,Low
12/31/2013,X5,2013,South America,Black,Electric,Automatic,2.1,199024,56161,3724,Low
12/31/2024,7 Series,2024,Europe,White,Petrol,Automatic,4.6,47329,150764,1365,Low
12/31/2020,3 Series,2020,Europe,Black,Petrol,Automatic,5,70573,100475,8896,High
12/31/2024,i3,2024,Africa,Black,Hybrid,Manual,2.7,137319,89539,4267,Low
12/31/2015,X5,2015,North America,Blue,Petrol,Manual,2.5,137013,65203,5380,High
12/31/2024,3 Series,2024,Asia,Silver,Hybrid,Manual,2.3,196021,81285,11672,High
12/31/2023,M3,2023,Middle East,White,Diesel,Automatic,4.4,39357,131676,2180,Low
12/31/2021,7 Series,2021,Africa,White,Electric,Manual,2.2,175557,112315,1236,Low
12/31/2020,3 Series,2020,Europe,Red,Electric,Manual,4.7,123699,102349,8439,High
12/31/2016,7 Series,2016,North America,White,Electric,Automatic,3.8,191402,110356,1127,Low
12/31/2018,X1,2018,South America,Blue,Petrol,Manual,4.6,45573,131548,4075,Low
12/31/2019,3 Series,2019,Africa,Black,Electric,Manual,3.4,191858,67631,6058,High
12/31/2014,X3,2014,Africa,Red,Electric,Automatic,3.9,1673,94326,3443,Low
12/31/2018,X3,2018,Europe,Silver,Petrol,Manual,3.7,168567,65869,9481,High
12/31/2013,X1,2013,Europe,Black,Petrol,Manual,4.4,16554,64430,7676,High
12/31/2022,7 Series,2022,North America,Blue,Hybrid,Manual,4.4,74108,156485,1504,Low
12/31/2019,i3,2019,Middle East,Black,Electric,Manual,3.6,199286,73884,4456,Low
12/31/2011,5 Series,2011,North America,Grey,Hybrid,Automatic,3.7,134389,65159,6540,High
12/31/2012,M5,2012,North America,Grey,Diesel,Automatic,4.7,42632,118719,802,Low
12/31/2022,i8,2022,Middle East,Blue,Electric,Manual,4.8,185152,174703,283,Low
12/31/2020,X5,2020,South America,Red,Electric,Manual,3.8,58034,119450,3602,Low
12/31/2010,X1,2010,Middle East,Red,Diesel,Automatic,1.5,71351,25083,4788,Low
12/31/2023,M5,2023,Europe,Blue,Petrol,Automatic,1.9,172752,118874,2129,Low
12/31/2023,5 Series,2023,South America,Silver,Electric,Automatic,4.5,55678,129059,4881,Low
12/31/2015,M3,2015,South America,Black,Electric,Manual,1.8,9072,93005,1295,Low
12/31/2022,i8,2022,South America,Silver,Petrol,Manual,2.2,81035,154226,50,Low
12/31/2015,X1,2015,Asia,Blue,Electric,Automatic,2.3,49709,71701,6749,High
12/31/2010,3 Series,2010,South America,Blue,Electric,Automatic,3.6,47464,65631,4151,Low
12/31/2020,X1,2020,Middle East,Red,Electric,Automatic,3.5,80742,96077,5310,High
12/31/2022,M5,2022,Asia,Silver,Diesel,Manual,2.5,153359,124906,2063,Low
12/31/2012,X3,2012,Middle East,White,Electric,Automatic,2.2,193613,43429,6154,High
12/31/2014,X5,2014,South America,Black,Electric,Manual,4.2,2606,103795,2845,Low
12/31/2012,5 Series,2012,Middle East,Black,Diesel,Manual,4.8,151995,58850,4202,Low
12/31/2019,7 Series,2019,Europe,Black,Hybrid,Manual,1.7,180792,102397,1815,Low
12/31/2012,i8,2012,Europe,Silver,Hybrid,Manual,2,152861,109139,50,Low
12/31/2023,i3,2023,North America,Red,Electric,Manual,3.7,86020,112614,6439,High
12/31/2019,X6,2019,Europe,Black,Petrol,Automatic,4.3,136846,99710,4527,Low
12/31/2012,7 Series,2012,North America,Silver,Electric,Automatic,4.3,40825,129324,136,Low
12/31/2014,i8,2014,Europe,White,Diesel,Automatic,4,24350,136216,50,Low
12/31/2022,X5,2022,Middle East,Grey,Hybrid,Automatic,4.6,192401,109212,5436,High
12/31/2014,3 Series,2014,Europe,Blue,Petrol,Manual,2.3,158284,34677,8958,High
12/31/2013,X1,2013,Europe,Grey,Petrol,Automatic,1.9,86442,25000,7366,High
12/31/2010,M5,2010,Europe,Silver,Petrol,Manual,3.7,102410,84335,912,Low
12/31/2014,M3,2014,North America,Black,Electric,Manual,4.4,123773,96422,1938,Low
12/31/2019,M5,2019,Asia,Grey,Electric,Automatic,3.5,182251,124112,2364,Low
12/31/2014,X1,2014,South America,Blue,Petrol,Automatic,4.9,34187,73858,4515,Low
12/31/2013,5 Series,2013,Africa,Red,Electric,Automatic,4.3,149876,75171,3089,Low
12/31/2015,3 Series,2015,Europe,Black,Electric,Manual,4,127415,73151,8032,High
12/31/2019,X5,2019,Asia,White,Hybrid,Manual,1.7,74706,93399,5763,High
12/31/2013,M5,2013,Europe,Blue,Hybrid,Automatic,1.9,5522,115565,785,Low
12/31/2023,5 Series,2023,Africa,Black,Petrol,Manual,4.2,108416,104505,3906,Low
12/31/2016,i3,2016,North America,Grey,Petrol,Automatic,2.2,75405,65462,5594,High
12/31/2016,M3,2016,North America,White,Diesel,Automatic,1.6,36176,84495,2893,Low
12/31/2011,7 Series,2011,North America,Red,Petrol,Manual,4.7,178753,81551,693,Low
12/31/2012,X1,2012,South America,Silver,Diesel,Manual,4.6,5734,62458,3803,Low
12/31/2010,3 Series,2010,North America,White,Petrol,Automatic,2.3,185848,25000,9572,High
12/31/2017,X5,2017,Middle East,Blue,Electric,Automatic,4.2,7124,133314,2957,Low
12/31/2018,3 Series,2018,Asia,Grey,Diesel,Automatic,1.7,129939,55776,10659,High
12/31/2013,X5,2013,Middle East,Grey,Petrol,Automatic,2.5,8371,86703,3810,Low
12/31/2015,i3,2015,Europe,Black,Electric,Manual,3.7,79965,117835,3282,Low
12/31/2018,X6,2018,Asia,Grey,Diesel,Automatic,4.2,199232,87103,4847,Low
12/31/2015,i8,2015,Middle East,Grey,Electric,Manual,1.5,63493,134277,50,Low
12/31/2023,7 Series,2023,Middle East,Black,Electric,Automatic,2.6,11470,167416,1301,Low
12/31/2021,X5,2021,Europe,Blue,Hybrid,Manual,2.3,17827,112604,6474,High
12/31/2021,M5,2021,South America,Blue,Petrol,Automatic,5,31961,155186,526,Low
12/31/2021,3 Series,2021,Asia,Red,Electric,Manual,3.8,47605,110714,11110,High
12/31/2018,X1,2018,Asia,Blue,Hybrid,Automatic,2.9,82749,42972,8721,High
12/31/2024,X5,2024,Europe,Blue,Electric,Manual,1.8,10938,129335,5557,High
12/31/2013,X1,2013,Europe,Silver,Diesel,Manual,3.6,137665,36691,6991,High
12/31/2017,X3,2017,South America,Black,Diesel,Automatic,3.7,127983,67294,5168,High
12/31/2018,X6,2018,Africa,Silver,Hybrid,Automatic,4.4,101868,115467,2020,Low
12/31/2013,i8,2013,Asia,Grey,Electric,Automatic,2.5,165642,60638,400,Low
12/31/2014,3 Series,2014,Africa,Blue,Petrol,Manual,4.9,143978,52777,5172,High
12/31/2023,M5,2023,Africa,Red,Petrol,Automatic,3,2671,146012,959,Low
12/31/2017,M5,2017,Africa,Black,Diesel,Manual,2.5,18569,120119,399,Low
12/31/2021,X3,2021,South America,Black,Diesel,Automatic,2.7,20483,91131,6311,High
12/31/2019,7 Series,2019,Asia,Red,Electric,Automatic,3.3,76690,134601,1688,Low
12/31/2023,X1,2023,Middle East,Black,Diesel,Automatic,4.8,32473,106536,5251,High
12/31/2015,X6,2015,Africa,Grey,Diesel,Manual,4.1,122677,81192,1757,Low
12/31/2021,X3,2021,Europe,White,Diesel,Automatic,3.5,66001,95299,8886,High
12/31/2016,X3,2016,Middle East,Silver,Diesel,Manual,2.1,40959,70890,6559,High
12/31/2012,5 Series,2012,Africa,Black,Electric,Automatic,2,110955,62046,2901,Low
12/31/2016,5 Series,2016,South America,Red,Diesel,Automatic,3.3,4669,91984,4203,Low
12/31/2021,X1,2021,Middle East,White,Diesel,Manual,4.1,196009,66113,5290,High
12/31/2023,i8,2023,South America,Red,Hybrid,Manual,4.1,187420,155247,578,Low
12/31/2017,M3,2017,North America,Black,Petrol,Manual,2.3,175019,65967,3572,Low
12/31/2019,3 Series,2019,Africa,Grey,Hybrid,Manual,1.9,42495,83268,6324,High
12/31/2015,i3,2015,Europe,Black,Electric,Manual,2.8,28448,82517,4487,Low
12/31/2024,M5,2024,Asia,White,Petrol,Manual,4.7,92585,155479,2230,Low
12/31/2019,X3,2019,Asia,Silver,Hybrid,Automatic,3.4,73098,99377,10409,High
12/31/2018,M5,2018,South America,Black,Hybrid,Automatic,2.6,129850,117544,1211,Low
12/31/2022,i3,2022,South America,Black,Hybrid,Manual,2.6,138963,82938,4029,Low
12/31/2015,M3,2015,North America,Black,Hybrid,Automatic,2,7642,100585,2684,Low
12/31/2021,M3,2021,Africa,Red,Hybrid,Automatic,3.2,161013,97734,2535,Low
12/31/2018,X3,2018,Europe,Red,Electric,Automatic,4.3,173426,87018,7877,High
12/31/2022,7 Series,2022,Asia,Silver,Hybrid,Manual,4.9,65272,154518,2040,Low
12/31/2013,X3,2013,Africa,White,Diesel,Manual,3.3,39554,61745,4432,Low
12/31/2017,X1,2017,Europe,Grey,Hybrid,Manual,2.1,157647,48608,7932,High
12/31/2020,M5,2020,South America,Blue,Diesel,Automatic,3.9,185371,112980,1172,Low
12/31/2013,i3,2013,Middle East,Red,Petrol,Automatic,4.1,19571,78064,2815,Low
12/31/2011,X5,2011,Asia,Blue,Diesel,Manual,1.8,21940,61241,5932,High
12/31/2019,X6,2019,North America,Black,Electric,Automatic,4.5,180975,115985,4298,Low
12/31/2020,7 Series,2020,Europe,Grey,Electric,Automatic,4.4,125609,140070,1649,Low
12/31/2018,M5,2018,South America,Silver,Electric,Manual,3.2,192526,111060,1287,Low
12/31/2014,5 Series,2014,Europe,White,Petrol,Automatic,3.5,63527,73277,7086,High
12/31/2013,i8,2013,North America,Silver,Petrol,Manual,4,189913,108178,50,Low
12/31/2011,3 Series,2011,North America,Red,Diesel,Automatic,3.9,23075,62258,8759,High
12/31/2010,X3,2010,Middle East,Grey,Hybrid,Manual,1.6,35098,51782,5807,High
12/31/2020,X1,2020,South America,Blue,Electric,Manual,1.9,94449,76511,4770,Low
12/31/2016,i3,2016,Europe,Grey,Diesel,Automatic,2.1,45186,63635,4085,Low
12/31/2015,X6,2015,Europe,Red,Hybrid,Manual,4.1,141442,88913,3679,Low
12/31/2024,M5,2024,Middle East,Red,Electric,Manual,3,167510,153097,1788,Low
12/31/2024,X5,2024,Asia,Red,Hybrid,Manual,3.4,61124,125881,7910,High
12/31/2011,M5,2011,Africa,Grey,Diesel,Automatic,4.2,13121,104238,50,Low
12/31/2017,X5,2017,Middle East,Black,Hybrid,Automatic,2.7,198843,77552,3954,Low
12/31/2020,i3,2020,Middle East,White,Diesel,Automatic,4.1,106917,82074,3993,Low
12/31/2013,M3,2013,Africa,Black,Hybrid,Automatic,3,162275,66532,901,Low
12/31/2017,5 Series,2017,North America,Black,Petrol,Manual,2.8,44156,86475,5946,High
12/31/2024,i8,2024,North America,Red,Hybrid,Manual,2.7,1665,187374,764,Low
12/31/2016,5 Series,2016,North America,Silver,Hybrid,Manual,4.9,198770,82131,6722,High
12/31/2014,X5,2014,Europe,White,Electric,Manual,4.2,20942,109113,4477,Low
12/31/2019,3 Series,2019,North America,Grey,Diesel,Manual,1.6,38721,72638,8837,High
12/31/2019,X6,2019,Africa,White,Hybrid,Automatic,4.9,69731,129309,2461,Low
12/31/2021,3 Series,2021,South America,White,Diesel,Manual,4.2,140763,75288,6300,High
12/31/2017,X5,2017,North America,Blue,Hybrid,Automatic,2,139981,83750,6664,High
12/31/2023,3 Series,2023,North America,Blue,Petrol,Automatic,1.8,192267,66286,9323,High
12/31/2018,i8,2018,Middle East,Blue,Petrol,Manual,2.6,117789,132729,50,Low
12/31/2014,M3,2014,North America,Red,Electric,Automatic,3.7,26594,110722,2166,Low
12/31/2019,7 Series,2019,Middle East,Red,Petrol,Automatic,3.7,131975,115222,730,Low
12/31/2014,i8,2014,South America,Red,Hybrid,Automatic,2.5,141919,120405,50,Low
12/31/2011,X5,2011,South America,Red,Hybrid,Automatic,3.1,115453,64974,2663,Low
12/31/2014,3 Series,2014,Asia,Silver,Electric,Manual,2.2,132883,56665,10253,High
12/31/2012,i8,2012,Africa,Grey,Hybrid,Automatic,1.7,92402,111396,50,Low
12/31/2016,M3,2016,Africa,Red,Hybrid,Manual,3.3,69710,97651,1049,Low
12/31/2019,M3,2019,North America,Black,Petrol,Automatic,2.7,24766,114388,2675,Low
12/31/2014,X3,2014,Asia,Blue,Hybrid,Automatic,3.4,119629,70125,8483,High
12/31/2017,i3,2017,Europe,Grey,Diesel,Automatic,4.8,143001,70113,5406,High
12/31/2010,i3,2010,Europe,Black,Electric,Automatic,2,184216,29528,5038,High
12/31/2012,i3,2012,Asia,Grey,Hybrid,Automatic,1.5,824,62982,4695,Low
12/31/2012,X6,2012,Asia,White,Petrol,Automatic,1.8,177874,50806,4064,Low
12/31/2018,5 Series,2018,North America,Blue,Hybrid,Manual,3.1,108051,94564,6733,High
12/31/2014,i3,2014,North America,Blue,Electric,Manual,4,62966,83263,3998,Low
12/31/2021,X3,2021,Europe,Blue,Diesel,Manual,3.5,168050,70350,9680,High
12/31/2018,i8,2018,Europe,Red,Electric,Manual,3.2,105464,155269,214,Low
12/31/2022,M5,2022,Europe,Red,Hybrid,Manual,2.7,133599,131289,2285,Low
12/31/2018,5 Series,2018,Asia,Red,Electric,Automatic,2.6,151318,86575,8125,High
12/31/2010,X6,2010,Europe,Grey,Electric,Automatic,2.8,158655,64827,3368,Low
12/31/2011,X6,2011,Africa,Blue,Petrol,Automatic,3.6,87565,69942,1273,Low
12/31/2014,3 Series,2014,Asia,Grey,Electric,Manual,2.1,79957,66555,9016,High
12/31/2013,M5,2013,South America,Silver,Petrol,Manual,4.2,197341,86472,1390,Low
12/31/2024,5 Series,2024,South America,Grey,Petrol,Automatic,3.5,155227,102675,5430,High
12/31/2019,X3,2019,South America,Blue,Petrol,Manual,2.4,196091,51855,5294,High
12/31/2018,7 Series,2018,South America,Silver,Electric,Automatic,3.3,32551,138080,635,Low
12/31/2016,M3,2016,South America,Silver,Hybrid,Manual,4.9,17592,119832,987,Low
12/31/2015,i8,2015,South America,Grey,Petrol,Automatic,1.6,181789,96642,50,Low
12/31/2016,M5,2016,North America,Blue,Electric,Manual,2.2,102130,115432,1325,Low
12/31/2010,5 Series,2010,Asia,White,Petrol,Manual,3.1,76674,53268,5656,High
12/31/2010,M5,2010,North America,Blue,Petrol,Manual,3.7,41719,96608,629,Low
12/31/2017,X5,2017,Africa,Blue,Hybrid,Automatic,2.2,93410,82118,2902,Low
12/31/2022,M3,2022,North America,Black,Electric,Manual,4.8,77763,136943,3614,Low
12/31/2022,X5,2022,Africa,White,Electric,Automatic,3.7,21857,141157,3371,Low
12/31/2011,X6,2011,South America,Blue,Hybrid,Automatic,4.6,14668,98872,1419,Low
12/31/2021,M5,2021,North America,White,Diesel,Manual,2.7,6721,149816,1595,Low
12/31/2019,X3,2019,South America,Grey,Diesel,Automatic,4.4,146083,74822,5252,High
12/31/2020,i8,2020,North America,White,Diesel,Automatic,2.8,106141,144736,246,Low
12/31/2018,3 Series,2018,Africa,Red,Petrol,Automatic,2.4,125391,59759,5632,High
12/31/2016,3 Series,2016,Middle East,Red,Electric,Automatic,4.7,170421,75541,6284,High
12/31/2015,X6,2015,Asia,White,Diesel,Automatic,1.8,26527,84986,4547,Low
12/31/2010,7 Series,2010,Europe,White,Hybrid,Automatic,4.8,110286,100479,425,Low
12/31/2010,X5,2010,Asia,Red,Hybrid,Manual,3.1,8110,80354,4565,Low
12/31/2011,X5,2011,Europe,Silver,Hybrid,Manual,5,130914,75341,4944,Low
12/31/2015,7 Series,2015,Middle East,Grey,Hybrid,Manual,3.4,187728,96449,461,Low
12/31/2023,X5,2023,South America,Black,Electric,Manual,4.2,186065,117119,4931,Low
12/31/2015,i3,2015,Europe,Black,Electric,Automatic,1.5,183967,45078,4331,Low
12/31/2011,i3,2011,Asia,Black,Hybrid,Automatic,3.2,63503,58506,4720,Low
12/31/2010,3 Series,2010,Asia,White,Diesel,Manual,4.1,120640,36081,8985,High
12/31/2019,7 Series,2019,Africa,Grey,Hybrid,Automatic,4.2,147597,124955,796,Low
12/31/2014,M3,2014,Middle East,Blue,Petrol,Manual,2.1,172097,54198,1811,Low
12/31/2014,7 Series,2014,Africa,Red,Petrol,Automatic,3,193221,71391,428,Low
12/31/2011,X1,2011,Europe,Red,Hybrid,Automatic,3,138201,38536,6786,High
12/31/2015,X6,2015,South America,Blue,Electric,Automatic,1.9,186294,69171,2635,Low
12/31/2018,M3,2018,South America,Red,Petrol,Manual,3.1,119339,80406,1903,Low
12/31/2011,X6,2011,North America,White,Hybrid,Manual,4.3,64599,89222,3416,Low
12/31/2019,M5,2019,North America,White,Diesel,Automatic,2.6,145593,107550,1677,Low
12/31/2011,X3,2011,Africa,Silver,Hybrid,Automatic,3,65574,60722,3368,Low
12/31/2012,i8,2012,South America,Grey,Diesel,Manual,4.9,130353,110896,50,Low
12/31/2022,5 Series,2022,Europe,Blue,Hybrid,Automatic,1.6,151978,92735,7524,High
12/31/2016,5 Series,2016,Europe,Black,Hybrid,Automatic,3.6,36382,103284,6807,High
12/31/2015,X1,2015,Asia,Red,Hybrid,Manual,4.1,73791,75384,7742,High
12/31/2021,X1,2021,Asia,Black,Electric,Manual,4.2,194552,79724,7689,High
12/31/2017,i8,2017,North America,Grey,Diesel,Manual,4,75009,147960,50,Low
12/31/2024,i8,2024,Europe,White,Petrol,Manual,4,164138,152536,594,Low
12/31/2017,X6,2017,North America,Black,Petrol,Automatic,1.7,12031,97339,4409,Low
12/31/2015,X5,2015,Europe,Red,Petrol,Manual,3.4,87591,74438,4799,Low
12/31/2021,7 Series,2021,North America,White,Electric,Automatic,4.2,14393,166564,1479,Low
12/31/2020,X3,2020,Europe,Black,Hybrid,Automatic,1.8,95059,88259,10040,High
12/31/2019,X1,2019,Africa,Silver,Diesel,Automatic,1.5,195696,36281,5076,High
12/31/2012,i8,2012,Asia,White,Hybrid,Manual,4.4,6229,149169,50,Low
12/31/2012,X3,2012,Middle East,Blue,Electric,Automatic,4,112908,68331,4952,Low
12/31/2024,3 Series,2024,Middle East,Blue,Hybrid,Manual,2.9,199167,89124,8305,High
12/31/2010,X3,2010,North America,Red,Diesel,Manual,4.8,129146,45107,6901,High
12/31/2016,X6,2016,South America,Red,Hybrid,Manual,4.2,110035,101653,1889,Low
12/31/2014,3 Series,2014,Asia,Silver,Hybrid,Automatic,4.9,107627,77927,8111,High
12/31/2013,X6,2013,Africa,Silver,Diesel,Manual,4.8,7926,93410,1253,Low
12/31/2019,i8,2019,Africa,Grey,Electric,Manual,3.2,107742,145273,91,Low
12/31/2024,X3,2024,South America,White,Hybrid,Manual,4.1,25494,122752,6834,High
12/31/2013,X3,2013,Asia,Grey,Hybrid,Automatic,3.8,50585,81365,9092,High
12/31/2023,M3,2023,North America,Red,Petrol,Manual,4.3,131818,112148,3693,Low
12/31/2013,M3,2013,Europe,White,Electric,Automatic,4.3,183540,82146,2020,Low
12/31/2015,5 Series,2015,Europe,Silver,Diesel,Manual,2,151773,46888,6069,High
12/31/2024,X5,2024,Asia,Silver,Diesel,Automatic,2.3,98028,105916,5895,High
12/31/2017,X1,2017,Europe,Red,Electric,Manual,2.4,90440,72584,7105,High
12/31/2017,X5,2017,Asia,Grey,Hybrid,Manual,4.4,177574,86801,5626,High
12/31/2014,7 Series,2014,Middle East,Red,Diesel,Automatic,4.3,90356,107444,193,Low
12/31/2024,X6,2024,North America,Blue,Hybrid,Automatic,3.2,61355,137271,4551,Low
12/31/2015,X6,2015,Asia,Silver,Petrol,Manual,3.5,69630,90269,4504,Low
12/31/2013,M5,2013,North America,Silver,Diesel,Automatic,4.4,12363,121777,728,Low
12/31/2021,5 Series,2021,South America,Red,Electric,Automatic,2.6,122235,104135,4892,Low
12/31/2023,X1,2023,Asia,Grey,Electric,Automatic,1.7,170699,79593,9409,High
12/31/2020,M3,2020,North America,Red,Electric,Manual,3.2,98394,116915,3391,Low
12/31/2022,X3,2022,North America,White,Petrol,Automatic,4.7,172333,91084,1798,Low
12/31/2018,X1,2018,North America,Blue,Diesel,Manual,4.3,49258,80620,7565,High
12/31/2017,5 Series,2017,Asia,Blue,Diesel,Automatic,2.8,58573,81056,7444,High
12/31/2019,5 Series,2019,North America,Grey,Hybrid,Automatic,1.7,33162,105619,7321,High
12/31/2021,5 Series,2021,Asia,White,Hybrid,Automatic,3.7,195169,98794,8524,High
12/31/2019,5 Series,2019,North America,Black,Hybrid,Manual,4.4,74406,111503,8178,High
12/31/2010,X1,2010,Africa,Red,Electric,Manual,3.8,73475,29055,3879,Low
12/31/2024,M3,2024,Middle East,Black,Diesel,Automatic,3,10914,166481,1945,Low
12/31/2011,5 Series,2011,North America,White,Petrol,Manual,1.9,176628,31121,6727,High
12/31/2018,X5,2018,Asia,Silver,Diesel,Manual,4.7,65541,97739,5866,High
12/31/2017,7 Series,2017,Asia,Black,Hybrid,Automatic,2.5,171073,99531,1641,Low
12/31/2023,M5,2023,Middle East,Blue,Hybrid,Automatic,2.3,978,175815,1278,Low
12/31/2012,5 Series,2012,North America,Blue,Hybrid,Manual,4.4,40116,83686,6605,High
12/31/2017,5 Series,2017,North America,Grey,Petrol,Manual,4.9,2770,110904,5914,High
12/31/2021,M5,2021,North America,Blue,Electric,Manual,3.8,171976,137937,2519,Low
12/31/2010,i8,2010,South America,Black,Electric,Automatic,3.7,6162,141803,50,Low
12/31/2019,M3,2019,Middle East,Silver,Hybrid,Automatic,2.6,98828,107108,2068,Low
12/31/2013,3 Series,2013,Europe,White,Petrol,Automatic,1.6,9149,54021,8492,High
12/31/2012,X6,2012,South America,Grey,Hybrid,Manual,2.2,59515,79695,1789,Low
12/31/2015,3 Series,2015,Middle East,Grey,Hybrid,Manual,3.5,155911,62710,6649,High
12/31/2016,7 Series,2016,South America,Blue,Hybrid,Manual,2,133496,97609,464,Low
12/31/2013,7 Series,2013,Europe,White,Diesel,Manual,4.6,152667,87046,833,Low
12/31/2016,i3,2016,Europe,White,Diesel,Manual,2.2,186729,34915,4526,Low
12/31/2018,X6,2018,South America,Grey,Petrol,Manual,3.3,170824,76335,2374,Low
12/31/2020,7 Series,2020,South America,Blue,Hybrid,Automatic,3.3,40718,136544,1141,Low
12/31/2011,X1,2011,Africa,Blue,Petrol,Automatic,3.6,99901,39083,3358,Low
12/31/2020,X5,2020,Africa,Red,Petrol,Manual,2.6,119996,86828,3465,Low
12/31/2012,3 Series,2012,Europe,White,Hybrid,Automatic,4.6,151064,56033,9353,High
12/31/2014,X1,2014,Asia,White,Electric,Manual,3.1,183808,46325,8197,High
12/31/2012,3 Series,2012,North America,Blue,Hybrid,Automatic,4,133578,56395,9570,High
12/31/2020,3 Series,2020,Europe,Blue,Petrol,Manual,3.7,105742,83625,9452,High
12/31/2017,3 Series,2017,Asia,Blue,Electric,Manual,1.9,68057,77052,10299,High
12/31/2021,3 Series,2021,Europe,Grey,Electric,Manual,3.7,124462,44797,10613,High
12/31/2019,X3,2019,North America,Blue,Hybrid,Automatic,3.4,70816,93892,8852,High
12/31/2017,X1,2017,South America,Grey,Diesel,Manual,4.6,168802,52038,5399,High
12/31/2017,7 Series,2017,Middle East,Red,Hybrid,Manual,4.6,66541,142280,108,Low
12/31/2021,5 Series,2021,North America,Red,Hybrid,Manual,2,133530,94277,7123,High
12/31/2021,X6,2021,South America,Silver,Electric,Automatic,1.8,93619,113004,3467,Low
12/31/2018,5 Series,2018,South America,Grey,Diesel,Automatic,2.5,97099,79023,4579,Low
12/31/2013,7 Series,2013,Middle East,Grey,Hybrid,Manual,5,131795,115083,50,Low
12/31/2014,i8,2014,South America,Silver,Hybrid,Automatic,1.6,83211,120938,50,Low
12/31/2014,M3,2014,North America,Black,Diesel,Manual,3.9,72057,82231,2758,Low
12/31/2017,X3,2017,North America,Grey,Electric,Automatic,3.6,82681,93817,9045,High
12/31/2016,M5,2016,Middle East,Silver,Hybrid,Manual,3.8,121276,122390,610,Low
12/31/2018,i3,2018,Asia,Grey,Diesel,Manual,2.3,94213,63174,5641,High
12/31/2024,X5,2024,Asia,White,Hybrid,Automatic,2.3,152531,107769,6770,High
12/31/2024,X1,2024,South America,Blue,Diesel,Automatic,3,54486,94869,5500,High
12/31/2023,3 Series,2023,Europe,Silver,Electric,Automatic,1.8,8654,113640,9899,High
12/31/2017,i8,2017,North America,Black,Electric,Automatic,1.8,176510,129889,50,Low
12/31/2011,5 Series,2011,Europe,White,Electric,Automatic,1.8,85339,64840,6783,High
12/31/2019,i3,2019,Europe,White,Electric,Manual,3.5,11041,107214,5189,High
12/31/2021,3 Series,2021,Middle East,Blue,Petrol,Automatic,2.9,185735,72459,7054,High
12/31/2013,M3,2013,Africa,Grey,Petrol,Manual,2.5,179155,44976,1297,Low
12/31/2015,5 Series,2015,South America,White,Hybrid,Manual,2.6,37051,85467,3784,Low
12/31/2021,M3,2021,North America,Red,Hybrid,Manual,2.2,167088,99128,4320,Low
12/31/2011,X6,2011,Africa,Grey,Hybrid,Automatic,2.9,124689,68567,1477,Low
12/31/2016,i8,2016,Africa,White,Petrol,Manual,2.2,159870,109413,50,Low
12/31/2012,7 Series,2012,North America,Black,Diesel,Automatic,3.9,142227,89627,854,Low
12/31/2022,i3,2022,Middle East,Red,Electric,Manual,1.9,157097,85511,5094,High
12/31/2012,M5,2012,Middle East,Red,Diesel,Automatic,4.8,76524,113225,67,Low
12/31/2020,3 Series,2020,South America,White,Hybrid,Automatic,1.8,145400,68234,7810,High
12/31/2011,X6,2011,North America,Blue,Hybrid,Automatic,4.8,43376,104110,2831,Low
12/31/2020,M5,2020,South America,Grey,Hybrid,Automatic,4.4,151126,128435,1217,Low
12/31/2017,i3,2017,Africa,Red,Diesel,Automatic,3.9,67389,71177,2357,Low
12/31/2015,i3,2015,South America,Red,Electric,Automatic,4.7,126521,80065,2766,Low
12/31/2010,M5,2010,South America,Red,Diesel,Automatic,2,62183,76637,138,Low
12/31/2021,M3,2021,Middle East,White,Hybrid,Automatic,2.1,192428,94272,2668,Low
12/31/2010,M3,2010,North America,Grey,Diesel,Manual,2.4,164754,38808,2434,Low
12/31/2016,5 Series,2016,Asia,Blue,Hybrid,Manual,2.4,9095,96670,6399,High
12/31/2017,7 Series,2017,Africa,Black,Electric,Manual,2.6,125180,103423,345,Low
12/31/2014,M3,2014,South America,Black,Hybrid,Automatic,3.5,133783,81318,1053,Low
12/31/2021,5 Series,2021,North America,Red,Electric,Automatic,1.6,118507,98168,8652,High
12/31/2020,X3,2020,North America,Black,Diesel,Manual,2.8,86263,78245,10249,High
12/31/2014,i3,2014,North America,White,Diesel,Manual,2.4,159759,35986,4928,Low
12/31/2013,X3,2013,Middle East,Silver,Diesel,Automatic,3.6,107916,59620,6006,High
12/31/2023,i3,2023,North America,Red,Diesel,Automatic,4.9,58360,108477,4851,Low
12/31/2015,i8,2015,Asia,Grey,Petrol,Manual,3.3,20893,139471,50,Low
12/31/2023,7 Series,2023,Asia,Grey,Petrol,Automatic,3,83084,133077,2099,Low
12/31/2015,M3,2015,Europe,Silver,Petrol,Automatic,2.8,26324,117725,2143,Low
12/31/2012,M3,2012,North America,Blue,Petrol,Manual,4.2,172370,59208,2313,Low
12/31/2018,i8,2018,North America,Silver,Petrol,Manual,1.8,127397,126552,186,Low
12/31/2021,7 Series,2021,Asia,Grey,Electric,Automatic,4.9,33259,163841,1630,Low
12/31/2020,5 Series,2020,Middle East,Blue,Diesel,Automatic,3,172069,77787,4930,Low
12/31/2023,M3,2023,Middle East,White,Petrol,Manual,2.6,76978,116017,1988,Low
12/31/2016,i3,2016,Africa,Grey,Petrol,Manual,4.9,29327,80963,2286,Low
12/31/2010,3 Series,2010,Europe,Black,Petrol,Manual,4.8,54317,54092,9382,High
12/31/2024,X6,2024,Asia,Red,Electric,Automatic,3.7,150014,138346,5720,High
12/31/2022,i3,2022,South America,Silver,Hybrid,Automatic,1.6,107435,48245,4191,Low
12/31/2016,X6,2016,South America,Silver,Petrol,Automatic,4.1,39025,106005,2046,Low
12/31/2014,X6,2014,South America,Grey,Petrol,Automatic,2.7,117455,70033,2227,Low
12/31/2014,i3,2014,Middle East,Silver,Petrol,Automatic,2.9,13744,67959,3259,Low
12/31/2023,i8,2023,Africa,Red,Hybrid,Manual,2.1,9615,169131,50,Low
12/31/2022,i8,2022,North America,Silver,Electric,Manual,3.3,163082,155000,737,Low
12/31/2011,X1,2011,Africa,White,Diesel,Automatic,4.1,59801,46055,3043,Low
12/31/2013,3 Series,2013,North America,Silver,Electric,Manual,2.5,22479,72248,8592,High
12/31/2021,3 Series,2021,Africa,Blue,Petrol,Manual,4.8,156857,83757,4697,Low
12/31/2015,M5,2015,Asia,Blue,Hybrid,Automatic,2.2,23569,127802,1090,Low
12/31/2019,7 Series,2019,South America,Grey,Electric,Manual,1.7,150724,107528,1253,Low
12/31/2024,X5,2024,Africa,Silver,Hybrid,Manual,3.8,15169,132456,3427,Low
12/31/2020,7 Series,2020,Middle East,Silver,Diesel,Automatic,4.5,154909,123476,739,Low
12/31/2016,X3,2016,Africa,Grey,Diesel,Manual,4.8,186526,56173,5189,High
12/31/2020,7 Series,2020,Asia,White,Electric,Automatic,4.2,134808,132000,4035,Low
12/31/2014,i3,2014,Asia,Grey,Diesel,Automatic,2.2,148842,38675,5132,High
12/31/2018,X5,2018,Asia,Red,Electric,Automatic,4.9,164702,105123,5573,High
12/31/2012,3 Series,2012,South America,Silver,Electric,Manual,4.7,146898,59764,5143,High
12/31/2010,X1,2010,South America,Black,Hybrid,Automatic,2.1,34806,46618,3641,Low
12/31/2013,i3,2013,South America,White,Petrol,Manual,3.5,32737,61204,2444,Low
12/31/2018,X3,2018,Asia,White,Petrol,Automatic,3.4,18641,95369,8968,High
12/31/2013,7 Series,2013,Middle East,Black,Hybrid,Manual,3,159718,95826,227,Low
12/31/2011,i3,2011,Europe,White,Petrol,Automatic,4.9,191423,39198,4074,Low
12/31/2019,M3,2019,Africa,Red,Petrol,Manual,1.7,133615,74608,1704,Low
12/31/2023,i8,2023,Europe,Blue,Electric,Automatic,3.7,66464,185068,491,Low
12/31/2023,3 Series,2023,Europe,Grey,Diesel,Automatic,2.2,185324,70844,9507,High
12/31/2014,7 Series,2014,Africa,Silver,Electric,Automatic,3.3,2178,127452,50,Low
12/31/2012,M3,2012,Middle East,Grey,Petrol,Automatic,4.2,163171,66126,1263,Low
12/31/2022,X3,2022,South America,Grey,Hybrid,Automatic,2.4,90547,93324,6796,High
12/31/2021,i8,2021,South America,Silver,Petrol,Automatic,2.9,191321,136548,101,Low
12/31/2022,3 Series,2022,Middle East,Silver,Electric,Manual,4.8,40223,119267,6203,High
12/31/2018,i8,2018,Africa,Blue,Petrol,Manual,4.2,128560,136834,50,Low
12/31/2013,3 Series,2013,Middle East,Silver,Diesel,Manual,3.5,160799,38035,5837,High
12/31/2015,i3,2015,Asia,Red,Diesel,Manual,2.3,98723,47990,5250,High
12/31/2011,i3,2011,Asia,Silver,Petrol,Manual,3,184200,25025,4787,Low
12/31/2015,7 Series,2015,South America,Grey,Petrol,Automatic,4.2,169744,90282,487,Low
12/31/2012,X1,2012,Europe,Silver,Petrol,Automatic,4.4,23561,60663,6587,High
12/31/2021,M5,2021,Europe,Grey,Petrol,Automatic,2.4,31578,138205,1445,Low
12/31/2021,X5,2021,South America,Red,Diesel,Manual,3.8,111120,96103,4443,Low
12/31/2018,X6,2018,Africa,White,Hybrid,Automatic,1.8,103145,97248,2183,Low
12/31/2020,M3,2020,Middle East,Red,Petrol,Manual,1.6,199512,72123,2213,Low
12/31/2011,M5,2011,North America,Silver,Diesel,Automatic,3.4,47230,100494,781,Low
12/31/2024,7 Series,2024,South America,Silver,Petrol,Automatic,2.3,49680,135638,1152,Low
12/31/2021,i3,2021,North America,Black,Petrol,Manual,1.8,134777,65680,5872,High
12/31/2021,M5,2021,Europe,Silver,Hybrid,Manual,4.1,93750,143294,2339,Low
12/31/2018,5 Series,2018,Middle East,Red,Diesel,Manual,3.2,39118,94730,5090,High
12/31/2014,X6,2014,North America,White,Hybrid,Manual,4.3,49258,105530,3642,Low
12/31/2017,3 Series,2017,Africa,Grey,Petrol,Automatic,3.8,120140,64332,5707,High
12/31/2011,X6,2011,Africa,Blue,Electric,Manual,4.1,175866,68716,1393,Low
12/31/2015,X6,2015,Asia,Grey,Electric,Automatic,2.6,51013,100502,4103,Low
12/31/2012,M3,2012,South America,Black,Hybrid,Manual,2.4,106537,64241,1154,Low
12/31/2021,3 Series,2021,Europe,Silver,Diesel,Manual,3.6,137939,76885,10052,High
12/31/2021,3 Series,2021,North America,Black,Hybrid,Automatic,2.2,169794,72720,11485,High
12/31/2023,i8,2023,Africa,Grey,Petrol,Manual,4.4,14683,180068,50,Low
12/31/2019,X3,2019,Asia,Blue,Electric,Manual,3.3,73858,98497,8442,High
12/31/2014,X1,2014,North America,White,Diesel,Manual,2.3,126048,33226,8790,High
12/31/2021,3 Series,2021,North America,Red,Hybrid,Manual,3.7,123713,93621,11325,High
12/31/2017,i8,2017,Middle East,Silver,Hybrid,Manual,4.8,40932,162793,50,Low
12/31/2019,X1,2019,Middle East,Red,Hybrid,Manual,1.8,62748,79431,5950,High
12/31/2023,5 Series,2023,Middle East,Silver,Electric,Automatic,1.9,89549,121739,5138,High
12/31/2010,7 Series,2010,North America,Blue,Petrol,Manual,4.5,185222,75952,582,Low
12/31/2014,X6,2014,Asia,Red,Electric,Automatic,1.9,67179,94726,3245,Low
12/31/2012,X3,2012,South America,Blue,Hybrid,Automatic,1.6,187011,32959,5350,High
12/31/2013,i3,2013,Middle East,White,Hybrid,Automatic,2.7,140465,52053,2803,Low
12/31/2011,7 Series,2011,Europe,Blue,Electric,Manual,3.1,66324,96446,412,Low
12/31/2018,3 Series,2018,Asia,Black,Hybrid,Manual,3.5,17624,98432,10663,High
12/31/2012,M3,2012,Asia,Silver,Petrol,Manual,3.3,135560,58390,2761,Low
12/31/2024,i8,2024,Middle East,Blue,Electric,Automatic,4.7,31691,200000,179,Low
12/31/2011,M3,2011,South America,Grey,Hybrid,Automatic,4.2,22539,89148,682,Low
12/31/2019,i8,2019,Middle East,Black,Hybrid,Automatic,4.9,198967,150184,159,Low
12/31/2020,7 Series,2020,North America,Red,Electric,Automatic,3.2,122814,130793,1878,Low
12/31/2018,i3,2018,South America,White,Diesel,Automatic,1.8,167388,45011,3091,Low
12/31/2016,X3,2016,South America,Blue,Diesel,Automatic,4.8,50970,84687,4806,Low
12/31/2015,X1,2015,North America,Silver,Electric,Manual,1.5,30896,66827,7379,High
12/31/2010,3 Series,2010,Asia,Red,Petrol,Manual,4.2,123519,39850,8380,High
12/31/2014,M5,2014,Middle East,Grey,Electric,Automatic,1.6,121123,107905,437,Low
12/31/2021,X1,2021,South America,Black,Petrol,Automatic,4.2,142432,79354,4877,Low
12/31/2020,X1,2020,Middle East,Black,Hybrid,Automatic,4.8,183453,83854,6612,High
12/31/2023,5 Series,2023,Africa,Blue,Petrol,Automatic,2.9,174945,87195,4924,Low
12/31/2024,X6,2024,Middle East,White,Electric,Automatic,2.3,12672,144337,2951,Low
12/31/2020,M5,2020,Africa,Red,Hybrid,Manual,2.3,98210,123839,1391,Low
12/31/2012,5 Series,2012,Middle East,Red,Petrol,Automatic,3.2,66550,90302,4031,Low
12/31/2010,i8,2010,North America,Red,Electric,Manual,2.1,169645,105571,50,Low
12/31/2013,i8,2013,Europe,Silver,Hybrid,Automatic,3.9,143670,128432,50,Low
12/31/2022,i3,2022,Africa,Black,Diesel,Automatic,2.8,182864,67368,3954,Low
12/31/2011,X6,2011,Middle East,Blue,Electric,Manual,2.6,73833,84364,1951,Low
12/31/2011,M5,2011,South America,White,Diesel,Manual,3.1,18974,92081,66,Low
12/31/2012,X6,2012,South America,Red,Petrol,Manual,3.4,190527,49534,2053,Low
12/31/2017,X1,2017,Africa,Grey,Petrol,Automatic,2,128275,45615,4474,Low
12/31/2017,M5,2017,North America,Blue,Electric,Manual,4,122231,134920,1319,Low
12/31/2021,7 Series,2021,Europe,Grey,Electric,Automatic,4.6,55526,162779,1512,Low
12/31/2024,7 Series,2024,South America,Silver,Hybrid,Automatic,2.5,182454,127573,1919,Low
12/31/2016,X5,2016,Europe,White,Electric,Manual,2.1,97864,82795,5903,High
12/31/2015,i8,2015,Europe,Black,Electric,Manual,4.2,181149,138146,50,Low
12/31/2018,5 Series,2018,South America,Black,Electric,Automatic,2.1,76320,95923,4502,Low
12/31/2013,M5,2013,Asia,Red,Petrol,Manual,1.6,117393,87795,1312,Low
12/31/2021,X5,2021,Europe,Grey,Petrol,Manual,3.7,117680,98018,5693,High
12/31/2010,i8,2010,Asia,Blue,Petrol,Automatic,2.3,32576,116525,50,Low
12/31/2017,M5,2017,North America,Grey,Petrol,Manual,2.1,54811,111034,1711,Low
12/31/2016,X5,2016,North America,Silver,Electric,Automatic,4.9,132448,104418,5025,High
12/31/2016,X3,2016,North America,Blue,Hybrid,Manual,2.5,152038,64261,8627,High
12/31/2024,M5,2024,North America,White,Diesel,Automatic,4.7,127866,156374,1954,Low
12/31/2012,3 Series,2012,Asia,Blue,Petrol,Manual,2.1,99217,38752,8874,High
12/31/2013,M3,2013,Europe,Grey,Petrol,Manual,4.4,137066,73357,2530,Low
12/31/2019,X1,2019,Europe,Black,Hybrid,Manual,3.3,81388,83908,7210,High
12/31/2018,i8,2018,Europe,Red,Petrol,Manual,1.8,52104,139691,50,Low
12/31/2024,M5,2024,Europe,Grey,Petrol,Manual,4.1,128598,144505,1765,Low
12/31/2015,X6,2015,Europe,Silver,Hybrid,Automatic,4.6,35481,111783,3598,Low
12/31/2024,M3,2024,Middle East,Silver,Electric,Automatic,2.1,112682,126362,3023,Low
12/31/2024,5 Series,2024,Africa,White,Diesel,Automatic,4,125472,109374,4344,Low
12/31/2014,X6,2014,Asia,Grey,Petrol,Automatic,3.1,115727,78232,4179,Low
12/31/2012,X1,2012,South America,Red,Petrol,Automatic,4.1,124754,41178,4187,Low
12/31/2018,X3,2018,Middle East,Red,Hybrid,Manual,4,137887,81164,6441,High
12/31/2014,7 Series,2014,Africa,Grey,Hybrid,Manual,1.6,171637,73976,434,Low
12/31/2014,i8,2014,Africa,Red,Diesel,Manual,2.1,107018,105335,50,Low
12/31/2023,X1,2023,Middle East,Red,Petrol,Automatic,3.1,45671,96912,5131,High
12/31/2013,3 Series,2013,Africa,Black,Petrol,Automatic,4.8,48750,66365,4610,Low
12/31/2023,7 Series,2023,North America,Grey,Electric,Manual,2.7,114175,146915,2281,Low
12/31/2013,i3,2013,Middle East,Grey,Petrol,Manual,3.7,49893,63231,3149,Low
12/31/2021,i3,2021,South America,Blue,Electric,Automatic,1.5,70411,92904,4269,Low
12/31/2010,7 Series,2010,North America,Blue,Diesel,Automatic,4,3144,136622,50,Low
12/31/2016,X5,2016,Europe,Silver,Petrol,Manual,3.6,65329,85189,4986,Low
12/31/2018,i3,2018,Africa,White,Diesel,Automatic,4,104775,72520,2834,Low
12/31/2012,7 Series,2012,Europe,Red,Petrol,Manual,4.7,30202,104293,473,Low
12/31/2021,X1,2021,North America,Grey,Petrol,Automatic,2,48339,81492,8616,High
12/31/2022,7 Series,2022,North America,White,Diesel,Automatic,2.4,181855,110781,1669,Low
12/31/2024,X5,2024,South America,Grey,Petrol,Automatic,5,104566,129691,4219,Low
12/31/2011,X1,2011,Asia,Blue,Hybrid,Manual,2,32644,48745,8046,High
12/31/2012,3 Series,2012,Asia,Silver,Hybrid,Automatic,4,127262,57308,2562,Low
12/31/2010,5 Series,2010,South America,Silver,Diesel,Manual,4,98325,50828,3683,Low
12/31/2015,3 Series,2015,Middle East,Red,Petrol,Automatic,3.9,27603,82855,6008,High
12/31/2020,M5,2020,South America,Red,Electric,Manual,2.3,45176,137656,1180,Low
12/31/2020,X5,2020,North America,Red,Hybrid,Manual,2.3,128075,98383,6046,High
12/31/2016,X1,2016,North America,Blue,Hybrid,Manual,3.8,128082,66051,6461,High
12/31/2020,i8,2020,Europe,Blue,Hybrid,Manual,2.2,2404,167292,298,Low
12/31/2020,7 Series,2020,South America,Red,Petrol,Manual,3.8,175363,103746,995,Low
12/31/2011,X3,2011,Europe,Black,Hybrid,Automatic,3.2,78493,62150,7657,High
12/31/2017,M3,2017,Europe,Red,Diesel,Automatic,2.9,129174,82785,2577,Low
12/31/2023,5 Series,2023,Asia,Grey,Electric,Automatic,2.6,50105,127282,6661,High
12/31/2015,X6,2015,Middle East,Red,Diesel,Automatic,4.8,113428,96411,2005,Low
12/31/2023,M3,2023,Africa,Blue,Electric,Automatic,3.3,176053,116887,2148,Low
12/31/2013,X3,2013,Middle East,Grey,Diesel,Manual,3.5,105402,53852,5919,High
12/31/2014,7 Series,2014,South America,Grey,Diesel,Manual,4.8,151364,89136,350,Low
12/31/2017,i3,2017,Asia,White,Electric,Automatic,3.8,102918,91038,5588,High
12/31/2023,M5,2023,Middle East,White,Electric,Manual,4.9,69195,167410,1387,Low
12/31/2012,M5,2012,Middle East,White,Diesel,Manual,1.9,10344,106734,177,Low
12/31/2012,5 Series,2012,Middle East,Grey,Petrol,Manual,4.5,57546,78335,3836,Low
12/31/2023,5 Series,2023,Europe,White,Petrol,Manual,2.7,171565,83733,6446,High
12/31/2024,M5,2024,Africa,Grey,Petrol,Automatic,4.3,102395,150200,860,Low
12/31/2023,X3,2023,North America,Grey,Petrol,Manual,4.5,1830,118775,8186,High
12/31/2020,X5,2020,North America,Grey,Hybrid,Automatic,2.5,155842,98151,7072,High
12/31/2013,M5,2013,North America,Grey,Diesel,Automatic,2.9,121154,92478,1134,Low
12/31/2010,X3,2010,Europe,Blue,Diesel,Automatic,4,132710,41804,6747,High
12/31/2018,7 Series,2018,North America,Black,Electric,Manual,1.8,174048,108945,1946,Low
12/31/2017,7 Series,2017,Europe,Silver,Petrol,Manual,4.1,117469,114899,945,Low
12/31/2017,7 Series,2017,Middle East,White,Diesel,Manual,1.9,164515,91207,910,Low
12/31/2023,7 Series,2023,Europe,Silver,Hybrid,Automatic,4.7,35714,170158,1781,Low
12/31/2019,7 Series,2019,North America,Red,Hybrid,Automatic,2.5,38341,136160,1725,Low
12/31/2015,M3,2015,Europe,Blue,Petrol,Automatic,3.5,87903,82939,2627,Low
12/31/2016,i3,2016,Asia,Red,Hybrid,Automatic,1.9,52293,71434,4688,Low
12/31/2015,X3,2015,Europe,Blue,Hybrid,Manual,2.4,45751,71962,8720,High
12/31/2018,M3,2018,North America,Grey,Electric,Automatic,2.9,170602,98573,6837,High
12/31/2012,i3,2012,North America,White,Diesel,Automatic,3.2,89155,49925,4008,Low
12/31/2023,5 Series,2023,South America,Silver,Electric,Manual,1.5,19596,118442,4742,Low
12/31/2012,M5,2012,South America,Blue,Petrol,Manual,4.6,158640,88914,271,Low
12/31/2012,7 Series,2012,Middle East,Red,Petrol,Automatic,1.5,193274,66013,569,Low
12/31/2019,3 Series,2019,Asia,Black,Hybrid,Manual,4.2,99562,94895,10209,High
12/31/2012,X5,2012,South America,White,Diesel,Manual,3.1,50114,68365,3345,Low
12/31/2018,X3,2018,North America,Red,Diesel,Manual,3.3,103778,73514,8237,High
12/31/2021,3 Series,2021,South America,Silver,Petrol,Manual,2.2,70123,77571,6730,High
12/31/2013,X1,2013,South America,White,Hybrid,Automatic,3.6,174894,41880,4430,Low
12/31/2022,X6,2022,North America,Silver,Diesel,Automatic,3.4,192079,100964,5182,High
12/31/2016,7 Series,2016,South America,White,Diesel,Manual,2.1,37911,101914,423,Low
12/31/2023,i3,2023,South America,Blue,Diesel,Automatic,2.3,122519,77792,3814,Low
12/31/2024,M5,2024,Asia,Red,Diesel,Manual,1.7,104813,125572,2853,Low
12/31/2018,M5,2018,Europe,Blue,Hybrid,Automatic,1.7,194199,102919,2063,Low
12/31/2020,X1,2020,Africa,Silver,Petrol,Automatic,1.5,199909,40990,5039,High
12/31/2021,X5,2021,Asia,Silver,Diesel,Manual,2.3,84804,94983,6698,High
12/31/2016,5 Series,2016,Africa,Blue,Hybrid,Automatic,3.9,90611,86936,3309,Low
12/31/2018,7 Series,2018,Asia,Grey,Diesel,Automatic,2.6,160914,96957,1727,Low
12/31/2021,X6,2021,Africa,Blue,Electric,Manual,2.7,14936,125939,2864,Low
12/31/2012,i3,2012,North America,Grey,Petrol,Automatic,2,180160,26473,5021,High
12/31/2024,i3,2024,Middle East,Black,Diesel,Manual,3.5,136391,92689,3977,Low
12/31/2013,M5,2013,Middle East,Blue,Diesel,Automatic,2.7,61251,106717,325,Low
12/31/2023,M5,2023,North America,Red,Hybrid,Manual,3.9,164087,139071,2737,Low
12/31/2017,X3,2017,North America,Silver,Electric,Automatic,4.1,113134,91646,7369,High
12/31/2015,5 Series,2015,Africa,Silver,Diesel,Automatic,3.5,73712,74136,3632,Low
12/31/2014,X1,2014,Africa,Black,Hybrid,Automatic,2.5,105349,51336,3402,Low
12/31/2022,i3,2022,Middle East,Blue,Petrol,Automatic,3.3,43627,107287,4035,Low
12/31/2013,i3,2013,Middle East,White,Hybrid,Automatic,2.4,140991,51769,2967,Low
12/31/2017,3 Series,2017,Asia,Black,Diesel,Automatic,4.7,184048,64046,10465,High
12/31/2010,X6,2010,South America,Red,Electric,Manual,4.2,73191,80833,1535,Low
12/31/2023,X6,2023,North America,Black,Petrol,Automatic,3.2,174688,108910,5064,High
12/31/2018,X5,2018,South America,Red,Petrol,Manual,4.9,147172,87614,3737,Low
12/31/2010,X5,2010,Europe,Grey,Diesel,Automatic,3.4,28425,65367,4933,Low
12/31/2017,X3,2017,Africa,White,Electric,Manual,2.6,113397,72703,4116,Low
12/31/2013,7 Series,2013,Middle East,Grey,Electric,Automatic,1.8,48791,110544,50,Low
12/31/2018,i8,2018,Europe,Red,Diesel,Automatic,3.4,160995,128034,139,Low
12/31/2023,7 Series,2023,Africa,Grey,Electric,Manual,4.5,35374,164319,1014,Low
12/31/2020,3 Series,2020,Africa,Blue,Hybrid,Automatic,4.5,177751,83731,6372,High
12/31/2014,M5,2014,Asia,White,Diesel,Automatic,3.6,163535,96147,1479,Low
12/31/2012,X1,2012,Europe,Red,Hybrid,Manual,2.9,128814,42083,7509,High
12/31/2018,3 Series,2018,North America,White,Electric,Manual,3.8,189791,72393,10231,High
12/31/2020,X6,2020,Middle East,Silver,Diesel,Manual,4.2,13239,132806,2723,Low
12/31/2023,7 Series,2023,North America,Blue,Hybrid,Automatic,2.9,97332,149477,2126,Low
12/31/2023,X3,2023,South America,Silver,Diesel,Automatic,3.2,96975,94381,5979,High
12/31/2018,X1,2018,Asia,Grey,Hybrid,Automatic,3.9,24335,98887,8576,High
12/31/2013,X1,2013,North America,Red,Hybrid,Manual,4.6,42243,75836,6810,High
12/31/2020,X3,2020,Middle East,Blue,Electric,Manual,4.3,167408,90068,5634,High
12/31/2013,X6,2013,South America,White,Petrol,Manual,1.6,152599,49739,2538,Low
12/31/2021,i3,2021,North America,Grey,Hybrid,Manual,1.9,12526,104486,5567,High
12/31/2017,M5,2017,North America,Black,Diesel,Automatic,4.5,119966,118569,1421,Low
12/31/2011,X1,2011,Europe,Black,Diesel,Manual,4.4,83319,40998,6241,High
12/31/2018,7 Series,2018,Africa,Blue,Petrol,Automatic,2.9,126039,100803,525,Low
12/31/2022,i8,2022,Africa,Red,Diesel,Automatic,3.5,24575,158934,50,Low
12/31/2023,3 Series,2023,Asia,Blue,Petrol,Manual,4.7,126202,97851,10201,High
12/31/2015,M5,2015,North America,Grey,Petrol,Manual,4.7,108405,111950,1266,Low
12/31/2018,X5,2018,North America,Silver,Electric,Automatic,4.2,87395,117990,6473,High
12/31/2017,X1,2017,Middle East,Grey,Diesel,Automatic,2.2,168095,43112,5983,High
12/31/2024,X6,2024,Europe,Black,Hybrid,Automatic,4.1,183374,118665,5217,High
12/31/2024,X3,2024,Europe,Red,Electric,Automatic,1.9,21973,115459,10388,High
12/31/2016,3 Series,2016,Africa,White,Hybrid,Manual,4.6,174394,67970,5082,High
12/31/2022,5 Series,2022,Europe,Grey,Diesel,Automatic,2,69089,96610,7251,High
12/31/2023,i3,2023,Africa,White,Diesel,Manual,3.8,158219,81441,3652,Low
12/31/2010,i3,2010,Africa,Red,Electric,Automatic,3.6,195344,35499,2292,Low
12/31/2023,X3,2023,Asia,Black,Electric,Automatic,4.2,106216,113664,9225,High
12/31/2021,5 Series,2021,Africa,Black,Electric,Manual,3.4,35433,119091,3466,Low
12/31/2012,X1,2012,Europe,White,Electric,Manual,1.7,172929,30054,6509,High
12/31/2020,5 Series,2020,North America,Red,Electric,Automatic,4,144806,105852,7558,High
12/31/2023,X6,2023,Africa,Silver,Electric,Automatic,2.8,84981,122660,3180,Low
12/31/2011,i3,2011,Africa,White,Petrol,Manual,2.6,101169,34361,2457,Low
12/31/2014,X5,2014,South America,Red,Diesel,Manual,5,47557,91185,2740,Low
12/31/2024,i8,2024,Asia,Black,Petrol,Automatic,3.6,29490,180272,325,Low
12/31/2014,3 Series,2014,Middle East,Grey,Diesel,Automatic,4,100254,61396,5803,High
12/31/2014,i3,2014,North America,White,Diesel,Automatic,3.3,109296,53610,4294,Low
12/31/2013,X3,2013,North America,Blue,Electric,Manual,4.2,51446,83225,7635,High
12/31/2014,3 Series,2014,South America,Blue,Diesel,Manual,4.1,160056,43530,6012,High
12/31/2012,i8,2012,Africa,White,Diesel,Manual,3.8,125851,106858,50,Low
12/31/2021,5 Series,2021,South America,Grey,Hybrid,Manual,5,184108,97006,5035,High
12/31/2010,5 Series,2010,Africa,Red,Diesel,Manual,3.1,116931,40724,3183,Low
12/31/2014,M5,2014,Europe,Black,Hybrid,Manual,4,151580,106277,960,Low
12/31/2022,3 Series,2022,North America,Blue,Petrol,Automatic,4.3,67662,107447,8817,High
12/31/2018,i8,2018,Africa,Red,Hybrid,Automatic,2.8,87392,137286,51,Low
12/31/2022,3 Series,2022,Europe,White,Diesel,Manual,3.1,27140,99189,9564,High
12/31/2018,X6,2018,Middle East,White,Electric,Automatic,4.9,162617,115713,3318,Low
12/31/2013,X5,2013,Middle East,Grey,Electric,Manual,1.6,93683,29579,4181,Low
12/31/2012,3 Series,2012,Africa,Red,Electric,Manual,2.7,25441,66752,4776,Low
12/31/2010,M3,2010,Europe,Black,Hybrid,Automatic,3.2,169916,57729,1900,Low
12/31/2011,7 Series,2011,South America,White,Diesel,Automatic,1.5,109461,63070,216,Low
12/31/2017,3 Series,2017,Europe,Grey,Hybrid,Automatic,4.6,20553,53296,10306,High
12/31/2010,3 Series,2010,Middle East,White,Hybrid,Manual,2.5,1144,60654,5587,High
12/31/2017,M5,2017,Asia,Black,Hybrid,Automatic,2.4,106785,122295,1621,Low
12/31/2022,M5,2022,Middle East,Grey,Hybrid,Automatic,4.4,37428,174160,1077,Low
12/31/2016,3 Series,2016,Africa,Red,Diesel,Manual,2.5,152914,41149,5875,High
12/31/2024,7 Series,2024,North America,Grey,Petrol,Automatic,3.8,70164,151455,1832,Low
12/31/2017,i3,2017,Asia,White,Diesel,Automatic,4.4,64292,83849,5385,High
12/31/2021,M5,2021,Europe,Red,Electric,Automatic,4.3,91543,159267,1695,Low
12/31/2015,X6,2015,North America,Red,Petrol,Automatic,4.2,85599,91165,3520,Low
12/31/2021,i3,2021,North America,White,Hybrid,Automatic,1.8,87871,87039,6717,High
12/31/2023,M5,2023,Europe,Red,Electric,Automatic,1.8,77661,153621,2057,Low
12/31/2024,X1,2024,Asia,Grey,Electric,Manual,2.6,85220,100708,9371,High
12/31/2024,3 Series,2024,North America,Red,Electric,Automatic,1.6,14181,120831,11177,High
12/31/2018,X5,2018,South America,Black,Petrol,Manual,3.3,103213,88188,3468,Low
12/31/2012,i3,2012,Europe,Black,Diesel,Manual,2.9,133347,33588,4173,Low
12/31/2019,M3,2019,North America,Black,Electric,Automatic,3.4,77982,121083,2725,Low
12/31/2013,X1,2013,Asia,Grey,Petrol,Manual,2.5,25777,53058,7129,High
12/31/2022,X5,2022,Middle East,Grey,Diesel,Automatic,3.2,8490,119214,3860,Low
12/31/2015,X3,2015,North America,Silver,Diesel,Manual,2.7,180752,40645,7708,High
12/31/2017,5 Series,2017,North America,Blue,Diesel,Manual,2.2,12109,85981,6831,High
12/31/2014,7 Series,2014,Middle East,Black,Hybrid,Automatic,3.8,44741,130113,50,Low
12/31/2012,M5,2012,South America,Grey,Hybrid,Manual,3.9,199389,84852,283,Low
12/31/2015,3 Series,2015,North America,Blue,Electric,Automatic,4.4,48786,97680,10013,High
12/31/2013,7 Series,2013,North America,Blue,Diesel,Automatic,4.6,152497,93575,740,Low
12/31/2018,7 Series,2018,Africa,Black,Hybrid,Automatic,4,129213,117924,815,Low
12/31/2022,i3,2022,Europe,Red,Hybrid,Automatic,3.9,133018,98196,6352,High
12/31/2012,X6,2012,South America,Silver,Electric,Automatic,1.7,52775,79570,1566,Low
12/31/2013,i8,2013,Middle East,Red,Hybrid,Automatic,1.9,144990,116210,50,Low
12/31/2016,X1,2016,Europe,Grey,Electric,Automatic,4.3,98380,80669,6656,High
12/31/2016,i3,2016,Africa,Grey,Diesel,Manual,2.3,119246,48823,2449,Low
12/31/2021,M5,2021,South America,Black,Hybrid,Automatic,2.7,182748,116863,1746,Low
12/31/2021,i3,2021,Asia,Blue,Petrol,Automatic,2,18112,91834,836,Low
12/31/2013,3 Series,2013,Asia,Blue,Electric,Automatic,2.2,85920,63885,9395,High
12/31/2015,i8,2015,Europe,Silver,Hybrid,Automatic,4.2,196385,125812,50,Low
12/31/2021,5 Series,2021,Asia,Grey,Diesel,Manual,2.4,114811,86449,7836,High
12/31/2022,X6,2022,Europe,Red,Hybrid,Manual,3.1,185778,106651,5468,High
12/31/2012,X3,2012,Africa,White,Hybrid,Manual,2,144225,39059,4778,Low
12/31/2015,7 Series,2015,Middle East,Black,Petrol,Automatic,3.9,86335,48278,1139,Low
12/31/2021,X5,2021,Europe,Blue,Diesel,Manual,4,6127,119581,5671,High
12/31/2011,3 Series,2011,Middle East,Grey,Electric,Automatic,2.8,158177,45418,6834,High
12/31/2017,X6,2017,North America,Grey,Diesel,Automatic,4.2,98196,100716,3945,Low
12/31/2011,X6,2011,Europe,Blue,Hybrid,Automatic,2.3,34172,80137,2830,Low
12/31/2020,M5,2020,Middle East,Red,Diesel,Automatic,3.9,42688,140412,907,Low
12/31/2016,3 Series,2016,Middle East,Red,Electric,Manual,4.1,191296,69593,7294,High
12/31/2018,M3,2018,North America,Grey,Petrol,Manual,4.9,112831,102111,2693,Low
12/31/2010,X1,2010,Asia,Black,Petrol,Manual,2.3,154769,25000,8080,High
12/31/2017,M5,2017,Asia,Grey,Electric,Manual,1.8,100831,124140,1530,Low
12/31/2016,7 Series,2016,Asia,Black,Petrol,Automatic,2.4,7646,117069,1150,Low
12/31/2015,X3,2015,Asia,White,Diesel,Manual,1.9,168636,36746,10470,High
12/31/2015,i8,2015,South America,Grey,Petrol,Manual,2.1,67711,120085,50,Low
12/31/2015,i3,2015,North America,Red,Diesel,Manual,2.7,73468,56922,5380,High
12/31/2018,5 Series,2018,Europe,Silver,Hybrid,Manual,2.9,36049,104617,6674,High
12/31/2011,M5,2011,Middle East,Silver,Electric,Automatic,4.7,162831,108447,50,Low
12/31/2010,X6,2010,North America,Blue,Electric,Manual,2.2,52032,77397,3424,Low
12/31/2022,3 Series,2022,South America,Silver,Hybrid,Automatic,4.9,121276,106774,6653,High
12/31/2021,M5,2021,Middle East,White,Diesel,Manual,4.3,169963,130867,1213,Low
12/31/2015,M5,2015,Asia,White,Petrol,Manual,4.6,89418,121766,1357,Low
12/31/2019,i3,2019,North America,Silver,Petrol,Manual,4.8,893,104985,4766,Low
12/31/2020,M5,2020,Middle East,Silver,Diesel,Automatic,4.1,153791,121995,992,Low
12/31/2017,3 Series,2017,Middle East,Black,Petrol,Automatic,4.3,74013,83087,5646,High
12/31/2012,5 Series,2012,Africa,Blue,Hybrid,Manual,3,744,78436,2952,Low
12/31/2021,3 Series,2021,Middle East,Black,Diesel,Automatic,3.3,99965,84625,6501,High
12/31/2019,M3,2019,Europe,White,Diesel,Manual,4.8,49755,109205,2914,Low
12/31/2010,5 Series,2010,Middle East,Blue,Electric,Manual,2.8,79705,64537,4220,Low
12/31/2018,X3,2018,Asia,White,Electric,Manual,1.6,133078,70585,8580,High
12/31/2022,X1,2022,North America,Silver,Petrol,Automatic,4.2,10889,102078,6908,High
12/31/2022,i3,2022,Africa,Black,Petrol,Manual,3.5,88650,87551,2708,Low
12/31/2010,3 Series,2010,Middle East,Silver,Hybrid,Manual,4.4,7798,74971,5828,High
12/31/2012,X1,2012,Europe,Blue,Hybrid,Manual,1.8,61292,44771,7921,High
12/31/2017,M5,2017,Asia,White,Petrol,Manual,3.7,36933,123882,1670,Low
12/31/2023,M5,2023,Europe,Silver,Hybrid,Manual,2.4,193308,125879,2777,Low
12/31/2012,7 Series,2012,Middle East,Grey,Electric,Automatic,4.7,153621,109395,50,Low
12/31/2022,i3,2022,South America,Blue,Hybrid,Automatic,1.9,125829,83152,4048,Low
12/31/2013,7 Series,2013,Europe,Blue,Electric,Manual,4.5,198955,90774,810,Low
12/31/2017,i3,2017,Europe,Silver,Petrol,Manual,1.8,137278,47905,4940,Low
12/31/2010,M3,2010,Europe,Blue,Electric,Automatic,1.6,72369,70670,1672,Low
12/31/2022,X6,2022,South America,Grey,Diesel,Automatic,2.3,150521,92159,2885,Low
12/31/2022,X3,2022,Africa,Blue,Diesel,Automatic,2.7,85366,88128,4618,Low
12/31/2015,M5,2015,Asia,White,Diesel,Automatic,3.7,161404,95181,1400,Low
12/31/2010,X6,2010,Europe,Blue,Electric,Automatic,2,171836,56517,3856,Low
12/31/2023,5 Series,2023,Middle East,Black,Petrol,Automatic,3,74771,113622,5055,High
12/31/2010,X1,2010,South America,Blue,Electric,Manual,2.2,140234,28679,3610,Low
12/31/2023,M5,2023,Africa,Grey,Hybrid,Manual,4.5,74177,160817,1171,Low
12/31/2017,X6,2017,Asia,Grey,Hybrid,Automatic,1.7,89707,96664,4333,Low
12/31/2020,M5,2020,Middle East,Silver,Diesel,Automatic,2.7,192856,111288,1380,Low
12/31/2013,X1,2013,North America,Grey,Hybrid,Automatic,3.7,36494,71577,6302,High
12/31/2021,X6,2021,Middle East,Grey,Electric,Automatic,4.7,184310,125516,3053,Low
12/31/2010,X1,2010,Africa,Red,Hybrid,Automatic,4.5,88485,53510,2821,Low
12/31/2019,i3,2019,North America,White,Hybrid,Manual,4.6,177796,77476,5981,High
12/31/2016,7 Series,2016,Africa,Silver,Diesel,Automatic,1.7,51470,99285,299,Low
12/31/2014,3 Series,2014,Africa,Red,Petrol,Automatic,4.4,186329,45779,617,Low
12/31/2014,X6,2014,South America,White,Electric,Automatic,4.2,191498,79737,2278,Low
12/31/2010,7 Series,2010,South America,Silver,Electric,Manual,4.7,119396,93415,50,Low
12/31/2023,X5,2023,South America,Grey,Petrol,Manual,2.6,25980,112017,4435,Low
12/31/2019,X5,2019,North America,Grey,Electric,Manual,4.7,126888,109469,6754,High
12/31/2020,i3,2020,Europe,Blue,Electric,Automatic,2.9,136549,83723,5663,High
12/31/2015,3 Series,2015,Asia,Blue,Hybrid,Automatic,3.7,76278,77835,8641,High
12/31/2023,5 Series,2023,Asia,Grey,Diesel,Automatic,3,131402,98785,8160,High
12/31/2018,5 Series,2018,Africa,White,Petrol,Manual,3,95906,77033,3644,Low
12/31/2018,i3,2018,Asia,Black,Diesel,Automatic,3.4,69622,78997,5035,High
12/31/2017,X6,2017,Asia,Black,Petrol,Manual,2.7,135992,85154,3860,Low
12/31/2014,X3,2014,Middle East,White,Electric,Automatic,4.3,139583,79220,5502,High
12/31/2010,5 Series,2010,Asia,Grey,Hybrid,Automatic,3.7,111178,60772,6792,High
12/31/2018,3 Series,2018,Africa,Silver,Petrol,Manual,3.9,46568,78706,5335,High
12/31/2010,X5,2010,Middle East,Red,Petrol,Automatic,2.3,166816,40627,3208,Low
12/31/2017,5 Series,2017,Europe,White,Diesel,Automatic,4.9,88812,87694,6267,High
12/31/2014,M3,2014,South America,White,Petrol,Automatic,3.8,82833,82800,1130,Low
12/31/2012,i3,2012,Europe,Grey,Hybrid,Automatic,2.2,179594,37251,14345,High
12/31/2020,3 Series,2020,Africa,Grey,Petrol,Manual,4.1,93998,79574,11634,High
12/31/2016,X1,2016,Asia,Red,Electric,Automatic,2.1,83037,65681,7256,High
12/31/2016,X3,2016,Middle East,Silver,Hybrid,Automatic,1.7,316,91341,5321,High
12/31/2018,X6,2018,Asia,Blue,Hybrid,Automatic,3.3,194999,95123,4772,Low
12/31/2016,5 Series,2016,Middle East,Red,Electric,Automatic,3.4,74775,97930,4829,Low
12/31/2022,X1,2022,Africa,Black,Electric,Automatic,2.2,173760,73414,5969,High
12/31/2020,X3,2020,South America,White,Electric,Automatic,2.7,85834,93811,5502,High
12/31/2023,X6,2023,Middle East,Black,Hybrid,Manual,4.8,56581,153109,2741,Low
12/31/2012,X3,2012,Africa,Silver,Diesel,Automatic,2.5,20555,56396,4029,Low
12/31/2020,X3,2020,Africa,Grey,Hybrid,Manual,2,100178,83584,5866,High
12/31/2022,M3,2022,North America,Black,Petrol,Automatic,5,197568,108420,2895,Low
12/31/2024,X3,2024,South America,Black,Hybrid,Automatic,2.6,167156,90658,6252,High
12/31/2023,X6,2023,Asia,Silver,Electric,Manual,3.9,79841,135602,4257,Low
12/31/2022,X3,2022,Africa,Black,Electric,Manual,2.3,130229,90011,4815,Low
12/31/2010,M5,2010,Africa,Black,Petrol,Manual,3.4,176829,69029,50,Low
12/31/2017,X1,2017,Asia,Grey,Diesel,Manual,2.9,38227,69865,7884,High
12/31/2021,M3,2021,Asia,Grey,Electric,Automatic,4.9,158987,120538,3830,Low
12/31/2012,X3,2012,Asia,Silver,Petrol,Automatic,3,126615,46511,7570,High
12/31/2021,X6,2021,Europe,Red,Diesel,Manual,3.5,10719,123302,3912,Low
12/31/2017,X6,2017,Europe,Silver,Electric,Automatic,4.8,147424,114830,3331,Low
12/31/2017,i8,2017,Europe,Red,Diesel,Automatic,5,73211,156438,50,Low
12/31/2022,M3,2022,Europe,Silver,Hybrid,Automatic,1.9,185126,95112,3322,Low
12/31/2014,i8,2014,South America,Blue,Hybrid,Manual,4.4,105289,140693,50,Low
12/31/2022,X5,2022,Africa,Black,Petrol,Manual,2.8,176789,81846,3772,Low
12/31/2021,X6,2021,Africa,Grey,Electric,Automatic,3.6,139246,113809,2727,Low
12/31/2022,M3,2022,South America,White,Electric,Automatic,2.8,136397,108973,2378,Low
12/31/2010,X6,2010,Europe,Blue,Petrol,Automatic,2.9,3587,80965,2878,Low
12/31/2022,X1,2022,Africa,Blue,Hybrid,Automatic,2.1,150556,77108,4645,Low
12/31/2019,i3,2019,Middle East,Grey,Electric,Manual,3.5,143406,81629,4095,Low
12/31/2016,i3,2016,Europe,Grey,Petrol,Automatic,3.4,66150,68421,5295,High
12/31/2021,3 Series,2021,North America,Black,Diesel,Manual,2.2,136630,67335,9916,High
12/31/2019,i3,2019,Africa,Red,Diesel,Manual,3.4,173045,57802,671,Low
12/31/2014,M3,2014,Asia,Silver,Petrol,Automatic,4.9,106741,84446,2458,Low
12/31/2017,i8,2017,Middle East,Grey,Petrol,Manual,4,24496,155444,50,Low
12/31/2018,X6,2018,Europe,Black,Hybrid,Automatic,3.2,180632,92746,4353,Low
12/31/2020,i3,2020,Asia,Silver,Petrol,Manual,4.7,10924,101840,5058,High
12/31/2023,i3,2023,South America,Grey,Diesel,Manual,3.5,104952,90067,3727,Low
12/31/2016,M5,2016,Africa,Red,Electric,Automatic,2,52608,126213,122,Low
12/31/2023,X1,2023,Africa,Blue,Diesel,Manual,3.4,17861,100704,4683,Low
12/31/2022,X5,2022,Africa,Red,Electric,Automatic,2.1,133477,105378,3804,Low
12/31/2024,X3,2024,Middle East,Blue,Electric,Manual,4.2,60059,128978,6492,High
12/31/2016,X6,2016,Asia,Blue,Diesel,Manual,4.9,117128,95834,3513,Low
12/31/2010,X5,2010,Africa,Black,Diesel,Automatic,2.8,180321,34703,2546,Low
12/31/2024,M3,2024,Middle East,Silver,Electric,Automatic,3,133057,123202,6065,High
12/31/2013,i3,2013,Europe,Blue,Hybrid,Automatic,3,194197,42911,5134,High
12/31/2011,7 Series,2011,Africa,Silver,Petrol,Manual,2.5,163734,60103,128,Low
12/31/2011,M3,2011,Africa,Blue,Hybrid,Manual,4.3,17779,85601,471,Low
12/31/2011,i3,2011,Africa,Blue,Electric,Manual,3.7,168770,43593,2106,Low
12/31/2013,X1,2013,Middle East,Black,Petrol,Manual,1.7,106922,32778,5558,High
12/31/2023,X3,2023,Africa,Black,Diesel,Automatic,4.4,43180,113880,4784,Low
12/31/2010,X1,2010,Africa,Grey,Diesel,Manual,2.2,56655,26799,3424,Low
12/31/2024,X3,2024,Middle East,Grey,Petrol,Automatic,4.9,42536,120543,6689,High
12/31/2013,X3,2013,Europe,Silver,Petrol,Manual,2.8,155794,40998,8656,High
12/31/2011,i8,2011,Africa,Silver,Diesel,Manual,3.7,155947,95627,50,Low
12/31/2014,M3,2014,Asia,Grey,Electric,Automatic,1.8,70681,90374,2352,Low
12/31/2012,X6,2012,South America,Grey,Petrol,Manual,2.7,145039,55404,2222,Low
12/31/2024,i3,2024,Middle East,Black,Diesel,Automatic,4.3,150421,99439,3702,Low
12/31/2021,X6,2021,Africa,Blue,Diesel,Automatic,3.2,136837,97319,2363,Low
12/31/2017,i3,2017,North America,Grey,Diesel,Manual,4.7,107044,73355,5322,High
12/31/2013,X6,2013,Asia,Black,Petrol,Manual,3.5,199620,59666,4071,Low
12/31/2010,X3,2010,North America,White,Hybrid,Automatic,4.8,85994,69940,7658,High
12/31/2010,M5,2010,South America,White,Petrol,Automatic,4.9,64663,104056,50,Low
12/31/2021,i3,2021,Asia,White,Petrol,Automatic,3.1,174541,71453,6242,High
12/31/2019,i3,2019,Africa,Grey,Electric,Automatic,3.5,137383,84467,3183,Low
12/31/2012,X6,2012,Africa,Grey,Electric,Manual,4.4,33143,103791,1152,Low
12/31/2024,i8,2024,Africa,Silver,Diesel,Automatic,2.3,29342,156917,139,Low
12/31/2018,M3,2018,North America,Red,Electric,Manual,4.5,48306,128735,2551,Low
12/31/2016,M5,2016,South America,Blue,Diesel,Manual,3.6,193973,93122,772,Low
12/31/2011,5 Series,2011,Africa,White,Petrol,Automatic,4,96472,56185,3340,Low
12/31/2024,5 Series,2024,North America,Red,Diesel,Manual,1.8,174900,83725,7144,High
12/31/2022,M3,2022,Middle East,Black,Diesel,Manual,4.2,16019,132064,2109,Low
12/31/2018,X1,2018,North America,Black,Hybrid,Manual,2.6,73596,77509,7115,High
12/31/2019,i3,2019,Asia,Blue,Petrol,Automatic,4.3,83102,89109,4563,Low
12/31/2011,5 Series,2011,South America,Red,Petrol,Automatic,3.3,137720,46399,3905,Low
12/31/2012,i8,2012,South America,White,Hybrid,Automatic,2.5,172687,106936,50,Low
12/31/2020,X3,2020,Asia,White,Diesel,Automatic,4.8,103780,92701,10431,High
12/31/2022,5 Series,2022,Middle East,Grey,Petrol,Automatic,4.2,96325,108083,5049,High
12/31/2019,X1,2019,Europe,Grey,Diesel,Automatic,4.9,37162,87117,15000,High
12/31/2023,X1,2023,Middle East,Grey,Electric,Manual,2.8,134410,88721,6139,High
12/31/2011,X5,2011,South America,Blue,Petrol,Automatic,3.8,143279,52538,2976,Low
12/31/2012,7 Series,2012,South America,Grey,Petrol,Automatic,3.6,165494,76277,177,Low
12/31/2015,i3,2015,Middle East,Blue,Diesel,Manual,3.9,148903,51856,3344,Low
12/31/2018,X5,2018,Asia,Black,Petrol,Manual,1.6,171922,65387,7279,High
12/31/2018,X5,2018,Europe,Silver,Diesel,Automatic,2.5,157248,74224,5696,High
12/31/2016,X3,2016,Asia,Grey,Hybrid,Manual,4.7,188570,71650,8768,High
12/31/2021,M3,2021,North America,Blue,Petrol,Manual,3,24312,116666,2919,Low
12/31/2012,X5,2012,Europe,White,Petrol,Manual,4.9,86355,75265,5584,High
12/31/2013,i3,2013,Middle East,Silver,Diesel,Automatic,2.2,81314,46560,3049,Low
12/31/2015,i3,2015,Africa,Black,Petrol,Manual,5,106718,67589,2066,Low
12/31/2020,3 Series,2020,Europe,Blue,Electric,Automatic,3.9,10753,118839,9809,High
12/31/2014,X6,2014,South America,Black,Petrol,Manual,4.2,134609,77520,2044,Low
12/31/2011,5 Series,2011,South America,Blue,Diesel,Automatic,2.9,111316,45916,11420,High
12/31/2022,X6,2022,South America,White,Diesel,Manual,4.7,95320,119530,2905,Low
12/31/2015,M5,2015,Asia,Grey,Hybrid,Automatic,3.4,33804,134827,1153,Low
12/31/2012,7 Series,2012,Asia,Silver,Petrol,Manual,3.9,111651,86958,921,Low
12/31/2023,X6,2023,South America,Red,Petrol,Manual,1.8,11856,115027,3203,Low
12/31/2017,3 Series,2017,Middle East,Grey,Petrol,Manual,3.7,30957,81953,6729,High
12/31/2011,i8,2011,Middle East,Red,Electric,Automatic,4.6,41675,157964,50,Low
12/31/2010,M5,2010,Middle East,White,Electric,Automatic,2.1,159145,85999,156,Low
12/31/2018,M5,2018,Middle East,Black,Electric,Automatic,4.1,164053,130076,1170,Low
12/31/2023,X1,2023,Middle East,Silver,Electric,Manual,1.6,59287,94509,6423,High
12/31/2021,X3,2021,Middle East,Silver,Electric,Automatic,4.7,163854,108033,6832,High
12/31/2012,X6,2012,Asia,Blue,Diesel,Manual,4.9,12422,99172,3885,Low
12/31/2020,M5,2020,Asia,Grey,Petrol,Manual,2.7,31379,130329,1864,Low
12/31/2010,i3,2010,Africa,Blue,Diesel,Manual,1.9,61308,29311,2066,Low
12/31/2016,i8,2016,Africa,Black,Hybrid,Automatic,3.8,135594,128421,50,Low
12/31/2022,i3,2022,Europe,Red,Hybrid,Automatic,1.6,175641,74926,5301,High
12/31/2024,M5,2024,Europe,White,Diesel,Manual,3.2,10779,154666,2067,Low
12/31/2019,X5,2019,South America,Silver,Electric,Manual,2.5,2932,112218,4127,Low
12/31/2014,M5,2014,Middle East,White,Diesel,Automatic,3.2,193378,91962,626,Low
12/31/2014,X5,2014,South America,Blue,Electric,Manual,1.6,108588,71384,2837,Low
12/31/2023,7 Series,2023,Africa,Red,Electric,Manual,1.7,196283,111588,1499,Low
12/31/2010,i8,2010,North America,Black,Petrol,Automatic,1.6,47624,109684,50,Low
12/31/2024,X5,2024,North America,Blue,Diesel,Manual,3.7,111686,110580,5744,High
12/31/2024,7 Series,2024,Asia,Red,Diesel,Manual,3.5,51495,140114,1689,Low
12/31/2018,3 Series,2018,Asia,Red,Petrol,Manual,2.3,16269,80548,10956,High
12/31/2016,i3,2016,Africa,Red,Electric,Manual,3.8,63441,81093,2519,Low
12/31/2017,3 Series,2017,South America,Grey,Electric,Automatic,4.6,76553,94170,4796,Low
12/31/2018,M5,2018,Europe,White,Petrol,Automatic,2.5,175074,102758,1842,Low
12/31/2015,i3,2015,Middle East,Blue,Electric,Automatic,4.4,161678,70961,2811,Low
12/31/2021,i3,2021,Asia,Red,Electric,Manual,3.8,8876,119546,5918,High
12/31/2014,i8,2014,North America,Black,Petrol,Automatic,1.6,146627,103878,50,Low
12/31/2015,M5,2015,Asia,White,Electric,Automatic,2.8,138425,119351,1086,Low
12/31/2020,X3,2020,Middle East,Black,Electric,Automatic,3.3,4593,124149,5277,High
12/31/2011,7 Series,2011,Middle East,White,Petrol,Manual,4.1,100498,94930,50,Low
12/31/2013,7 Series,2013,Asia,Red,Electric,Manual,2.5,35959,110612,732,Low
12/31/2012,X5,2012,North America,White,Diesel,Automatic,4.9,121007,68892,4790,Low
12/31/2022,i8,2022,Asia,Silver,Diesel,Automatic,3.9,111097,162383,265,Low
12/31/2016,M3,2016,Africa,White,Diesel,Automatic,2.8,25627,88669,1171,Low
12/31/2018,3 Series,2018,Asia,Grey,Electric,Manual,1.8,132523,69022,10203,High
12/31/2014,X6,2014,South America,Blue,Electric,Automatic,2.1,88545,86265,2211,Low
12/31/2015,5 Series,2015,North America,Red,Petrol,Automatic,3.2,195751,53955,7346,High
12/31/2019,i8,2019,Europe,Silver,Petrol,Automatic,3.2,32714,153347,50,Low
12/31/2023,i3,2023,Europe,Red,Petrol,Automatic,4.2,76075,102259,5420,High
12/31/2021,i3,2021,Africa,Black,Hybrid,Automatic,4,126565,89433,3748,Low
12/31/2021,M5,2021,Asia,Red,Diesel,Manual,2.2,33263,132681,1874,Low
12/31/2011,X5,2011,South America,White,Petrol,Manual,3.6,51230,68825,2710,Low
12/31/2012,M5,2012,Africa,Blue,Petrol,Automatic,1.6,167172,68195,423,Low
12/31/2012,X5,2012,North America,Grey,Diesel,Manual,2.9,160233,48232,6093,High
12/31/2021,5 Series,2021,South America,Black,Hybrid,Manual,4.2,41983,124999,4209,Low
12/31/2021,X5,2021,Asia,White,Electric,Automatic,2.9,138652,111805,5911,High
12/31/2024,M3,2024,Africa,Red,Hybrid,Automatic,4.4,190660,112341,2255,Low
12/31/2018,i3,2018,Asia,White,Petrol,Automatic,4.9,98430,81236,5010,High
12/31/2024,i3,2024,Middle East,Silver,Hybrid,Automatic,3.6,198481,93094,5270,High
12/31/2016,i8,2016,Africa,White,Hybrid,Automatic,2,116828,123117,50,Low
12/31/2017,i3,2017,Middle East,White,Electric,Manual,2.8,187073,64694,3219,Low
12/31/2020,M5,2020,Europe,Black,Petrol,Automatic,1.5,195527,103289,2150,Low
12/31/2019,X5,2019,Africa,Silver,Petrol,Automatic,3.6,195459,73114,3942,Low
12/31/2020,X1,2020,Asia,White,Hybrid,Manual,4.4,177567,75685,1863,Low
12/31/2018,X1,2018,Africa,White,Petrol,Manual,3.7,198960,45558,4188,Low
12/31/2015,X1,2015,Middle East,Silver,Electric,Manual,4.3,48293,81203,4603,Low
12/31/2013,7 Series,2013,Middle East,Silver,Electric,Manual,4.3,145500,57364,904,Low
12/31/2021,X6,2021,Middle East,Blue,Hybrid,Manual,4.5,157183,113620,3841,Low
12/31/2010,X3,2010,Asia,White,Hybrid,Automatic,2.4,50560,55805,8167,High
12/31/2017,M3,2017,Middle East,Silver,Petrol,Automatic,4.5,33666,118335,1526,Low
12/31/2016,i8,2016,Middle East,Blue,Electric,Manual,3.8,146217,141878,50,Low
12/31/2011,X6,2011,Middle East,Red,Diesel,Manual,2.5,186834,45894,2533,Low
12/31/2017,i3,2017,South America,White,Electric,Automatic,5,140191,83969,2924,Low
12/31/2021,5 Series,2021,South America,Silver,Diesel,Automatic,4.8,16662,117611,4682,Low
12/31/2014,X1,2014,North America,Blue,Diesel,Automatic,3.5,118762,44582,15000,High
12/31/2016,5 Series,2016,South America,White,Electric,Automatic,4.5,122318,93339,3666,Low
12/31/2013,M3,2013,Africa,White,Hybrid,Manual,2.4,187157,56689,1278,Low
12/31/2014,X3,2014,North America,Blue,Electric,Automatic,3,129745,67570,7512,High
12/31/2017,M5,2017,Middle East,Silver,Electric,Manual,2.1,79627,124376,686,Low
12/31/2010,M3,2010,Asia,Blue,Electric,Manual,3.3,26617,89118,1732,Low
12/31/2010,X5,2010,South America,White,Electric,Automatic,3.2,143322,60462,2472,Low
12/31/2024,i8,2024,Europe,White,Hybrid,Automatic,2.2,82543,174131,806,Low
12/31/2013,i8,2013,South America,White,Hybrid,Automatic,3.9,177491,117499,50,Low
12/31/2012,i3,2012,North America,Grey,Electric,Manual,1.9,9103,67479,4254,Low
12/31/2022,X3,2022,Africa,Silver,Electric,Manual,1.7,194033,78013,5853,High
12/31/2019,5 Series,2019,North America,Grey,Hybrid,Manual,2.8,15545,110883,6964,High
12/31/2021,5 Series,2021,Middle East,Blue,Petrol,Manual,2.9,43120,109776,4857,Low
12/31/2011,7 Series,2011,Middle East,Red,Petrol,Manual,2.6,169870,66751,377,Low
12/31/2021,X3,2021,Africa,White,Electric,Manual,2.4,182857,80655,5564,High
12/31/2012,X6,2012,South America,Grey,Electric,Automatic,2.7,75238,84879,1923,Low
12/31/2020,M5,2020,Asia,Grey,Diesel,Automatic,2.1,20970,129643,1935,Low
12/31/2024,7 Series,2024,Middle East,White,Electric,Manual,2.9,164980,144191,1699,Low
12/31/2024,7 Series,2024,Africa,Red,Hybrid,Automatic,4.7,110690,153210,1053,Low
12/31/2020,3 Series,2020,Middle East,Silver,Petrol,Automatic,2.3,41808,87874,7597,High
12/31/2023,3 Series,2023,Europe,Red,Petrol,Automatic,3.9,47400,111340,10124,High
12/31/2020,M5,2020,South America,Grey,Electric,Manual,2,112509,123310,1254,Low
12/31/2010,i3,2010,Middle East,Blue,Hybrid,Manual,2.7,21469,58504,2428,Low
12/31/2010,7 Series,2010,Europe,Silver,Electric,Automatic,2.6,29571,99990,226,Low
12/31/2015,7 Series,2015,Africa,Blue,Electric,Automatic,4.8,39854,126869,50,Low
12/31/2014,i3,2014,North America,White,Petrol,Manual,3,102388,53381,4355,Low
12/31/2017,M5,2017,Africa,Red,Petrol,Automatic,3.9,6293,130727,215,Low
12/31/2011,M5,2011,Africa,Black,Electric,Manual,3.6,123934,96602,50,Low
12/31/2013,M3,2013,South America,White,Electric,Automatic,2,140444,68089,1415,Low
12/31/2017,i3,2017,Asia,White,Hybrid,Manual,4.8,130748,84597,5040,High
12/31/2021,M5,2021,Asia,Grey,Hybrid,Manual,2.7,144308,128227,2214,Low
12/31/2015,i8,2015,Europe,Blue,Hybrid,Manual,1.7,127960,122019,50,Low
12/31/2010,5 Series,2010,Asia,White,Petrol,Automatic,2.6,50193,54686,5755,High
12/31/2024,i8,2024,Africa,Silver,Electric,Manual,2.7,116644,169866,483,Low
12/31/2013,X3,2013,North America,Black,Hybrid,Automatic,1.8,151099,45839,7531,High
12/31/2010,5 Series,2010,Europe,Blue,Electric,Manual,3.7,23272,77389,5885,High
12/31/2022,i3,2022,Africa,Red,Electric,Manual,2.7,110174,89770,3408,Low
12/31/2011,X3,2011,North America,Grey,Electric,Automatic,3.7,68201,69337,8410,High
12/31/2014,7 Series,2014,Africa,Blue,Hybrid,Manual,1.5,56570,97099,50,Low
12/31/2023,X3,2023,Asia,Black,Diesel,Automatic,4.9,163446,93156,9197,High
12/31/2017,X3,2017,South America,White,Petrol,Manual,2.1,88469,63634,662,Low
12/31/2017,X5,2017,Middle East,Black,Diesel,Automatic,3.8,139829,82218,3511,Low
12/31/2020,i8,2020,North America,Black,Diesel,Automatic,4,115660,150158,151,Low
12/31/2012,M5,2012,Middle East,Red,Diesel,Manual,2.1,74064,95957,372,Low
12/31/2020,3 Series,2020,North America,Black,Diesel,Automatic,1.9,133043,65328,10952,High
12/31/2022,5 Series,2022,South America,White,Hybrid,Manual,2,42875,108123,4746,Low
12/31/2013,X6,2013,South America,Black,Diesel,Automatic,2.4,46521,76019,1923,Low
12/31/2019,X5,2019,South America,White,Electric,Manual,2.1,146562,91383,3682,Low
12/31/2020,M5,2020,Africa,Grey,Hybrid,Manual,3.9,132224,136417,1196,Low
12/31/2023,M5,2023,Middle East,Black,Petrol,Automatic,3,176310,134464,1316,Low
12/31/2015,i3,2015,Africa,White,Petrol,Manual,3.4,188649,40654,3064,Low
12/31/2020,X1,2020,Asia,White,Hybrid,Automatic,1.7,70956,82502,8681,High
12/31/2020,7 Series,2020,Asia,Silver,Hybrid,Automatic,4.5,10769,163216,1318,Low
12/31/2019,i3,2019,Africa,White,Petrol,Automatic,2.1,142569,56826,2992,Low
12/31/2012,3 Series,2012,South America,Blue,Petrol,Automatic,2.8,181875,29364,6201,High
12/31/2011,3 Series,2011,South America,Grey,Electric,Automatic,1.8,173448,33911,5654,High
12/31/2015,i3,2015,Europe,White,Diesel,Automatic,2,35417,58852,4577,Low
12/31/2020,i8,2020,North America,White,Hybrid,Manual,3.8,32343,169002,366,Low
12/31/2022,X3,2022,Asia,Silver,Electric,Manual,3.9,185419,99833,9385,High
12/31/2024,5 Series,2024,South America,White,Hybrid,Manual,3.9,148110,110446,4751,Low
12/31/2014,3 Series,2014,Asia,Grey,Electric,Manual,3.4,46451,82743,9848,High
12/31/2023,i3,2023,North America,Silver,Petrol,Manual,4.8,149965,91061,5833,High
12/31/2019,7 Series,2019,North America,Silver,Electric,Automatic,3.3,148638,121361,1952,Low
12/31/2014,5 Series,2014,Europe,Blue,Petrol,Automatic,3.1,9825,83261,6168,High
12/31/2019,M5,2019,South America,Grey,Electric,Manual,2.4,50561,138969,1044,Low
12/31/2022,M3,2022,Middle East,Grey,Petrol,Manual,1.8,15285,120041,1947,Low
12/31/2014,X5,2014,Asia,Grey,Diesel,Automatic,3.4,32303,84089,5375,High
12/31/2019,X1,2019,Africa,White,Petrol,Manual,2.6,127077,54002,4374,Low
12/31/2021,X5,2021,North America,Red,Petrol,Manual,3.3,12396,123321,6464,High
12/31/2014,5 Series,2014,Africa,Blue,Petrol,Automatic,2.2,103013,60143,2967,Low
12/31/2012,X1,2012,South America,Blue,Hybrid,Manual,4.4,156288,70797,4385,Low
12/31/2016,X1,2016,North America,Grey,Hybrid,Manual,5,162424,70399,6392,High
12/31/2015,i8,2015,Europe,White,Petrol,Automatic,2.6,128574,113635,50,Low
12/31/2013,X1,2013,North America,White,Electric,Manual,4.4,95995,69453,7304,High
12/31/2011,7 Series,2011,South America,Black,Petrol,Automatic,4.6,164844,79148,50,Low
12/31/2021,i3,2021,Asia,White,Electric,Automatic,5,96289,118213,5632,High
12/31/2018,i3,2018,South America,Blue,Diesel,Manual,2.7,159702,52210,2973,Low
12/31/2010,7 Series,2010,Africa,White,Diesel,Automatic,4.1,10944,90696,50,Low
12/31/2022,M5,2022,Africa,Red,Hybrid,Manual,2.3,147210,119122,1523,Low
12/31/2022,X1,2022,Africa,White,Hybrid,Automatic,3.7,98671,96954,4489,Low
12/31/2020,5 Series,2020,Middle East,Black,Electric,Automatic,4,54792,125416,4206,Low
12/31/2024,X1,2024,North America,Blue,Diesel,Manual,4.1,165421,81358,9512,High
12/31/2023,X3,2023,Africa,Blue,Electric,Manual,2.2,35748,112564,5694,High
12/31/2013,X6,2013,Europe,Blue,Diesel,Automatic,4.5,106105,82475,3694,Low
12/31/2010,X1,2010,Africa,Red,Diesel,Automatic,3,63831,32733,3245,Low
12/31/2022,M5,2022,North America,Silver,Petrol,Automatic,2.3,135856,130966,2009,Low
12/31/2015,X5,2015,South America,Blue,Electric,Manual,3.4,107271,83269,3560,Low
12/31/2013,7 Series,2013,North America,White,Petrol,Manual,4.5,92323,98738,881,Low
12/31/2014,7 Series,2014,Europe,Silver,Petrol,Automatic,4.9,42881,120008,562,Low
12/31/2014,3 Series,2014,Asia,White,Diesel,Manual,4.1,374,72546,10033,High
12/31/2018,3 Series,2018,Asia,Silver,Hybrid,Automatic,1.5,87539,75900,10574,High
12/31/2010,M5,2010,Asia,Red,Electric,Manual,2,182316,76324,1051,Low
12/31/2022,i8,2022,Middle East,Black,Electric,Automatic,1.8,193139,158922,421,Low
12/31/2011,M5,2011,Middle East,Red,Electric,Manual,1.9,11653,115803,50,Low
12/31/2022,X3,2022,North America,Black,Petrol,Automatic,2.8,91377,93381,8439,High
12/31/2015,M5,2015,South America,Silver,Diesel,Manual,2.7,101284,93175,729,Low
12/31/2014,i3,2014,Africa,Red,Hybrid,Manual,1.9,11192,66609,2370,Low
12/31/2020,3 Series,2020,North America,Silver,Electric,Manual,4.6,158155,94944,11328,High
12/31/2016,X5,2016,North America,White,Petrol,Manual,3.7,83676,90173,5260,High
12/31/2012,3 Series,2012,North America,Red,Diesel,Manual,4.3,138014,44340,7960,High
12/31/2012,M3,2012,Africa,Black,Hybrid,Automatic,2.8,110638,72387,922,Low
12/31/2019,3 Series,2019,Asia,Silver,Hybrid,Automatic,2.9,106406,86968,10984,High
12/31/2011,M3,2011,North America,Red,Diesel,Automatic,2.6,179452,45623,2936,Low
12/31/2022,X5,2022,Middle East,Grey,Petrol,Manual,3,91868,112337,3820,Low
12/31/2012,X5,2012,Asia,Red,Petrol,Automatic,3.6,84786,70418,5006,High
12/31/2019,X3,2019,Europe,Grey,Petrol,Manual,3.2,142228,69097,8078,High
12/31/2010,X6,2010,Asia,Grey,Electric,Automatic,4.4,47586,92541,3421,Low
12/31/2014,3 Series,2014,Asia,Red,Electric,Automatic,4.7,77728,83072,8190,High
12/31/2023,X1,2023,Asia,Red,Diesel,Manual,3.1,192788,62260,9501,High
12/31/2024,5 Series,2024,Europe,Black,Hybrid,Automatic,2.3,130179,112056,6738,High
12/31/2021,X1,2021,North America,White,Diesel,Manual,4.8,154936,74570,6966,High
12/31/2014,3 Series,2014,Asia,Red,Diesel,Manual,4.1,156811,47907,10852,High
12/31/2021,X5,2021,South America,Blue,Hybrid,Automatic,3.7,21114,125638,4478,Low
12/31/2020,X1,2020,Europe,Red,Hybrid,Manual,4.1,56457,93832,7937,High
12/31/2016,5 Series,2016,Europe,Blue,Hybrid,Automatic,1.8,131650,69097,6875,High
12/31/2013,X3,2013,Europe,White,Electric,Automatic,1.7,168071,45422,7768,High
12/31/2012,M5,2012,Europe,Black,Electric,Manual,2,153924,92721,862,Low
12/31/2010,M3,2010,Europe,Silver,Hybrid,Manual,2,165475,47489,2271,Low
12/31/2021,i8,2021,South America,Grey,Diesel,Automatic,3,177391,131558,191,Low
12/31/2024,X5,2024,Africa,Silver,Diesel,Automatic,2.1,105621,102720,3604,Low
12/31/2017,i3,2017,Middle East,Silver,Hybrid,Manual,4.5,77858,90539,3101,Low
12/31/2022,X5,2022,Asia,Silver,Electric,Automatic,3.5,38531,137734,6072,High
12/31/2012,i3,2012,Asia,Silver,Petrol,Automatic,2.8,168847,33613,4332,Low
12/31/2022,X6,2022,North America,White,Electric,Manual,1.7,106404,114623,4980,Low
12/31/2024,i8,2024,South America,Black,Electric,Manual,3.6,124693,167461,616,Low
12/31/2011,M3,2011,South America,Blue,Hybrid,Manual,1.9,180797,42307,1438,Low
12/31/2020,M5,2020,North America,Silver,Petrol,Automatic,4.1,18555,151047,1396,Low
12/31/2013,3 Series,2013,North America,Silver,Diesel,Manual,4.3,44539,62294,9337,High
12/31/2012,X6,2012,Europe,White,Hybrid,Automatic,3.4,96955,87377,3596,Low
12/31/2022,5 Series,2022,Europe,White,Electric,Manual,2,7706,118486,7093,High
12/31/2010,X6,2010,Europe,Silver,Electric,Manual,4.3,174119,68686,3325,Low
12/31/2012,5 Series,2012,South America,Blue,Petrol,Automatic,2.6,126406,49273,3710,Low
12/31/2021,5 Series,2021,Middle East,Red,Petrol,Automatic,2.3,100713,89479,5163,High
12/31/2011,X1,2011,Africa,Blue,Electric,Automatic,3.1,132321,42738,3756,Low
12/31/2017,X3,2017,Europe,Grey,Electric,Automatic,4.7,151069,86856,8447,High
12/31/2015,X5,2015,Middle East,Blue,Electric,Manual,2.5,58584,52282,3668,Low
12/31/2018,7 Series,2018,North America,White,Petrol,Automatic,4.7,71973,133362,1107,Low
12/31/2017,3 Series,2017,Middle East,Red,Hybrid,Automatic,1.7,134670,63114,1160,Low
12/31/2019,M5,2019,Middle East,Blue,Petrol,Automatic,1.8,80365,127674,830,Low
12/31/2012,X3,2012,Asia,Red,Diesel,Manual,3.9,171931,38491,8454,High
12/31/2014,3 Series,2014,Middle East,Red,Hybrid,Automatic,2.2,31546,69845,6632,High
12/31/2016,X3,2016,Europe,Grey,Petrol,Automatic,2.6,129319,60050,7435,High
12/31/2014,i8,2014,Asia,Blue,Electric,Manual,2,139336,125340,50,Low
12/31/2017,X5,2017,Africa,Red,Electric,Automatic,2.7,94696,89727,2485,Low
12/31/2021,X3,2021,Europe,Silver,Petrol,Automatic,2.5,43221,93759,7573,High
12/31/2014,7 Series,2014,South America,Grey,Petrol,Manual,4.1,57766,105617,62,Low
12/31/2010,X5,2010,Africa,Blue,Hybrid,Manual,4,67943,69141,353,Low
12/31/2014,i3,2014,Asia,Blue,Hybrid,Automatic,4.8,84347,83454,4360,Low
12/31/2013,3 Series,2013,Europe,Silver,Petrol,Automatic,4,153911,48372,10091,High
12/31/2015,5 Series,2015,Asia,Black,Petrol,Automatic,3.9,96590,80250,6166,High
12/31/2012,M3,2012,North America,Grey,Hybrid,Manual,3.9,31778,93527,1818,Low
12/31/2024,i3,2024,South America,Black,Diesel,Manual,4.6,62964,106308,768,Low
12/31/2020,i3,2020,Europe,Black,Hybrid,Automatic,2.5,193498,68657,6123,High
12/31/2014,X1,2014,Asia,Silver,Diesel,Manual,2.6,187408,25000,8493,High
12/31/2011,X6,2011,Middle East,White,Hybrid,Automatic,4.1,151698,80996,1672,Low
12/31/2020,X1,2020,Asia,Blue,Petrol,Automatic,2.3,129297,61040,8305,High
12/31/2015,7 Series,2015,North America,Grey,Hybrid,Manual,4.7,111433,114398,794,Low
12/31/2022,5 Series,2022,Europe,Red,Electric,Automatic,3.4,98689,116802,8226,High
12/31/2024,3 Series,2024,Africa,Red,Electric,Automatic,2.6,110657,99430,6220,High
12/31/2021,7 Series,2021,South America,Blue,Petrol,Manual,4.2,145072,115717,1086,Low
12/31/2015,X5,2015,Africa,Blue,Hybrid,Manual,2.6,80366,77047,3050,Low
12/31/2014,i8,2014,Middle East,Silver,Electric,Automatic,4.9,2127,165979,50,Low
12/31/2015,X6,2015,Asia,Blue,Diesel,Automatic,4.9,198943,77866,4358,Low
12/31/2020,i8,2020,Europe,Grey,Electric,Automatic,3.8,102821,161097,488,Low
12/31/2016,3 Series,2016,Europe,Black,Petrol,Automatic,1.9,61721,62490,9076,High
12/31/2021,X5,2021,Africa,Black,Diesel,Automatic,2.4,76895,94041,3947,Low
12/31/2014,5 Series,2014,Africa,White,Diesel,Automatic,3.3,137057,56633,3491,Low
12/31/2010,M5,2010,Middle East,Silver,Petrol,Automatic,4.5,64564,105800,50,Low
12/31/2017,X6,2017,Asia,Black,Petrol,Automatic,2.1,44465,96821,3738,Low
12/31/2013,X5,2013,North America,Black,Petrol,Manual,1.9,6627,73546,5973,High
12/31/2018,i8,2018,Middle East,White,Diesel,Manual,1.8,183166,121975,50,Low
12/31/2023,M3,2023,North America,Red,Diesel,Automatic,3.3,40004,121558,3108,Low
12/31/2019,X6,2019,North America,Grey,Diesel,Manual,4.6,130719,100178,3961,Low
12/31/2021,5 Series,2021,Middle East,White,Petrol,Manual,1.6,41031,101012,5631,High
12/31/2015,M3,2015,Asia,Red,Hybrid,Manual,2.2,4757,100161,2195,Low
12/31/2010,X1,2010,Middle East,White,Electric,Manual,3.9,40816,60697,3913,Low
12/31/2012,M5,2012,Asia,Silver,Electric,Manual,4.4,179045,102905,915,Low
12/31/2012,M3,2012,South America,Blue,Petrol,Manual,4.3,64046,80312,887,Low
12/31/2019,X6,2019,Asia,White,Hybrid,Automatic,4.2,41216,124755,4748,Low
12/31/2021,M5,2021,North America,Silver,Hybrid,Automatic,2,198218,119811,2773,Low
12/31/2021,X3,2021,Africa,Silver,Diesel,Manual,2.9,107813,74167,4481,Low
12/31/2013,i8,2013,North America,Grey,Diesel,Automatic,4.9,165558,123614,50,Low
12/31/2015,i3,2015,North America,Blue,Diesel,Automatic,5,76421,73160,4733,Low
12/31/2024,M5,2024,Middle East,Black,Diesel,Manual,3.6,80467,155001,1367,Low
12/31/2016,i3,2016,Middle East,Blue,Diesel,Automatic,4,17663,87929,3412,Low
12/31/2019,3 Series,2019,Middle East,Black,Hybrid,Automatic,4.8,180115,88149,6465,High
12/31/2013,X5,2013,Europe,White,Electric,Automatic,3.1,116541,81342,5142,High
12/31/2015,X3,2015,Middle East,Black,Petrol,Automatic,2,91409,60843,5244,High
12/31/2020,X1,2020,Europe,White,Hybrid,Automatic,3.8,41809,99439,6732,High
12/31/2010,X1,2010,Europe,White,Diesel,Automatic,4.9,12191,60176,6309,High
12/31/2023,M3,2023,Middle East,Black,Electric,Automatic,3.9,7385,160321,2094,Low
12/31/2017,3 Series,2017,Europe,Red,Diesel,Manual,4.3,77847,71313,9599,High
12/31/2016,M3,2016,Middle East,Grey,Hybrid,Manual,3,119279,89995,1834,Low
12/31/2024,X3,2024,North America,Grey,Diesel,Automatic,1.8,164725,80248,8741,High
12/31/2020,M5,2020,Asia,White,Petrol,Automatic,2.1,138933,118722,1876,Low
12/31/2020,X6,2020,Africa,Silver,Hybrid,Automatic,4.9,79094,127202,2158,Low
12/31/2018,M3,2018,North America,Blue,Diesel,Automatic,3.2,132018,85340,2867,Low
12/31/2012,3 Series,2012,South America,Red,Electric,Manual,1.5,8587,63173,5242,High
12/31/2011,3 Series,2011,North America,Blue,Electric,Automatic,4.8,193369,55295,1829,Low
12/31/2010,M3,2010,Europe,Silver,Hybrid,Automatic,3.2,81757,75859,2034,Low
12/31/2012,X6,2012,Asia,Silver,Hybrid,Automatic,4.4,12099,111643,3489,Low
12/31/2014,7 Series,2014,Asia,Blue,Diesel,Manual,3.4,38433,103403,826,Low
12/31/2023,5 Series,2023,South America,Black,Hybrid,Manual,1.9,41174,115993,4440,Low
12/31/2020,3 Series,2020,Africa,White,Diesel,Manual,3.7,192220,59616,5146,High
12/31/2011,X5,2011,Asia,Grey,Diesel,Manual,5,116668,68634,4685,Low
12/31/2021,X5,2021,Middle East,Silver,Electric,Automatic,1.6,78654,114571,4593,Low
12/31/2012,5 Series,2012,Europe,Black,Electric,Automatic,4.4,186184,63835,5879,High
12/31/2024,X3,2024,Asia,White,Diesel,Automatic,2.3,170790,84556,8515,High
12/31/2024,M3,2024,Middle East,Red,Diesel,Automatic,2.9,150475,107112,2670,Low
12/31/2024,X6,2024,Europe,Grey,Electric,Manual,2.8,102180,133494,5017,High
12/31/2013,i8,2013,Europe,White,Petrol,Manual,4.6,41355,142882,50,Low
12/31/2016,M5,2016,Europe,Blue,Hybrid,Automatic,3.3,92431,127686,1231,Low
12/31/2022,X1,2022,Europe,Grey,Petrol,Automatic,3.1,14226,97867,7288,High
12/31/2012,5 Series,2012,Europe,Grey,Diesel,Automatic,4.4,123723,62939,6987,High
12/31/2024,7 Series,2024,Europe,Grey,Petrol,Manual,1.7,50816,137414,1664,Low
12/31/2018,X5,2018,Europe,Blue,Hybrid,Automatic,1.8,22323,107812,6511,High
12/31/2017,5 Series,2017,Europe,Black,Electric,Manual,1.6,169597,66555,6535,High
12/31/2013,7 Series,2013,Africa,Red,Electric,Manual,3.9,44971,108844,50,Low
12/31/2022,X1,2022,Europe,Black,Hybrid,Manual,3.3,42212,100815,7882,High
12/31/2010,X5,2010,Middle East,White,Petrol,Manual,4.6,169857,52512,2888,Low
12/31/2010,5 Series,2010,South America,Blue,Diesel,Manual,3.2,24780,55001,3001,Low
12/31/2010,i8,2010,Europe,Red,Petrol,Manual,2.3,73987,104096,50,Low
12/31/2010,i3,2010,North America,Blue,Petrol,Manual,4.3,138642,38082,4581,Low
12/31/2017,i8,2017,Middle East,Grey,Hybrid,Automatic,2.5,10727,169150,50,Low
12/31/2012,i8,2012,Asia,Black,Hybrid,Automatic,4.8,70828,139309,50,Low
12/31/2024,7 Series,2024,Asia,White,Hybrid,Automatic,2.4,136352,139915,2041,Low
12/31/2015,X5,2015,Middle East,Black,Hybrid,Automatic,2.1,197904,62109,4373,Low
12/31/2012,i3,2012,Middle East,Grey,Petrol,Automatic,3.2,124600,46344,2892,Low
12/31/2020,X5,2020,North America,Black,Hybrid,Automatic,1.7,162051,83997,7302,High
12/31/2014,X5,2014,Asia,Red,Hybrid,Manual,1.6,54023,76725,6573,High
12/31/2022,M3,2022,North America,Red,Diesel,Automatic,3.2,81117,115578,2728,Low
12/31/2024,X1,2024,Europe,Red,Electric,Manual,2.3,87155,97485,9016,High
12/31/2023,X5,2023,Europe,White,Petrol,Manual,1.5,132719,92841,5997,High
12/31/2022,X6,2022,Middle East,Grey,Petrol,Manual,2.5,96095,56761,4385,Low
12/31/2024,X3,2024,Europe,Grey,Petrol,Automatic,3.2,128385,96158,8779,High
12/31/2016,i8,2016,Middle East,Red,Hybrid,Automatic,2.9,77144,156071,50,Low
12/31/2011,X3,2011,South America,Red,Hybrid,Automatic,2,22425,63545,4871,Low
12/31/2015,5 Series,2015,Europe,Black,Petrol,Automatic,3.5,24872,86508,6592,High
12/31/2022,X3,2022,Middle East,Grey,Electric,Manual,4,100748,113863,7108,High
12/31/2015,i3,2015,Asia,Silver,Petrol,Automatic,3.9,24274,76355,4865,Low
12/31/2020,X3,2020,South America,Red,Hybrid,Automatic,2.9,53399,99745,5810,High
12/31/2012,X1,2012,North America,White,Petrol,Manual,2,198344,25000,7084,High
12/31/2015,7 Series,2015,Asia,White,Diesel,Automatic,3.2,75874,100879,1253,Low
12/31/2019,i8,2019,Africa,Red,Electric,Automatic,4.6,121277,166017,50,Low
12/31/2019,X3,2019,South America,White,Hybrid,Automatic,3.1,8799,99166,5430,High
12/31/2023,i8,2023,South America,Blue,Diesel,Automatic,2.2,34206,167632,50,Low
12/31/2014,5 Series,2014,South America,Silver,Electric,Manual,1.8,147342,58913,3898,Low
12/31/2021,7 Series,2021,Africa,Silver,Hybrid,Automatic,4.8,80919,149000,818,Low
12/31/2011,X5,2011,Asia,Black,Diesel,Automatic,4.1,191702,47245,5312,High
12/31/2018,5 Series,2018,Africa,Black,Diesel,Manual,2.6,197139,57266,3667,Low
12/31/2017,i3,2017,Asia,Silver,Hybrid,Manual,2.5,172381,57219,5343,High
12/31/2012,X5,2012,Africa,Black,Hybrid,Automatic,4.6,159230,70668,2140,Low
12/31/2017,i3,2017,South America,Black,Electric,Manual,2.1,23603,82175,2726,Low
12/31/2023,5 Series,2023,South America,Black,Hybrid,Manual,3.4,63692,120997,5401,High
12/31/2018,X6,2018,Africa,White,Diesel,Automatic,4,97156,100955,1926,Low
12/31/2023,7 Series,2023,Europe,Grey,Electric,Manual,2.9,37628,148988,1729,Low
12/31/2024,M5,2024,Africa,Black,Hybrid,Automatic,1.6,61237,143855,1390,Low
12/31/2012,X3,2012,Asia,White,Petrol,Automatic,2.3,20600,58922,8039,High
12/31/2012,i3,2012,Middle East,Blue,Electric,Manual,4.7,53309,81372,2326,Low
12/31/2011,3 Series,2011,Middle East,Silver,Diesel,Manual,3.3,148009,33885,6262,High
12/31/2017,3 Series,2017,Africa,Silver,Hybrid,Automatic,4.4,76421,91955,5221,High
12/31/2019,M3,2019,North America,Red,Petrol,Automatic,3.4,10469,115292,3039,Low
12/31/2010,3 Series,2010,South America,Blue,Hybrid,Manual,4.8,114776,52133,4559,Low
12/31/2017,i8,2017,Middle East,Blue,Electric,Automatic,4.7,71158,175089,50,Low
12/31/2016,M5,2016,Europe,Red,Petrol,Manual,3.2,120805,110693,1359,Low
12/31/2023,5 Series,2023,Africa,Blue,Diesel,Automatic,2.6,90790,102743,4332,Low
12/31/2016,X1,2016,North America,Black,Petrol,Manual,3.6,15719,115070,7632,High
12/31/2012,X6,2012,North America,Black,Electric,Automatic,3.9,76764,96341,3487,Low
12/31/2010,X3,2010,Middle East,Grey,Hybrid,Automatic,3.2,154151,45939,5954,High
12/31/2013,X5,2013,Asia,Blue,Petrol,Manual,4.4,130873,71974,5433,High
12/31/2018,X6,2018,Europe,White,Electric,Automatic,2.1,19680,112937,4207,Low
12/31/2014,M3,2014,North America,Black,Hybrid,Manual,2.7,104838,78577,2843,Low
12/31/2010,X1,2010,South America,Red,Petrol,Automatic,3.9,90577,36378,4718,Low
12/31/2024,i8,2024,South America,Red,Electric,Manual,2.4,14322,185802,338,Low
12/31/2014,X5,2014,Asia,Red,Electric,Automatic,3,134311,39950,7150,High
12/31/2022,3 Series,2022,Europe,Red,Hybrid,Manual,4.9,8610,126867,10329,High
12/31/2017,M3,2017,Africa,White,Hybrid,Automatic,3.7,5833,113733,843,Low
12/31/2017,i8,2017,Asia,Grey,Petrol,Automatic,4.8,89814,149126,50,Low
12/31/2014,M3,2014,Africa,Red,Petrol,Automatic,4,159093,64935,1219,Low
12/31/2021,i3,2021,South America,White,Petrol,Automatic,4,33293,104524,3390,Low
12/31/2018,M3,2018,South America,Red,Hybrid,Manual,3.6,39634,111778,1787,Low
12/31/2024,7 Series,2024,Africa,Black,Electric,Manual,2,49373,149822,1347,Low
12/31/2010,M3,2010,North America,Blue,Petrol,Manual,3.3,55432,64250,2349,Low
12/31/2013,X6,2013,Middle East,Blue,Electric,Manual,2.4,137284,79557,2427,Low
12/31/2012,X5,2012,Europe,White,Electric,Manual,5,185126,71130,4808,Low
12/31/2011,3 Series,2011,Asia,Blue,Electric,Automatic,2.4,46268,65393,9764,High
12/31/2024,i3,2024,Middle East,Black,Diesel,Automatic,2.3,20076,102660,4065,Low
12/31/2017,X6,2017,Middle East,Black,Electric,Manual,3.7,151263,107473,2727,Low
12/31/2016,X3,2016,Europe,White,Diesel,Manual,3.3,77670,69002,7113,High
12/31/2018,i3,2018,Asia,Grey,Petrol,Automatic,1.6,74407,63433,5903,High
12/31/2011,5 Series,2011,Asia,Black,Electric,Manual,2,147611,51469,7245,High
12/31/2023,X1,2023,Middle East,Grey,Diesel,Manual,4.3,130851,88776,5489,High
12/31/2023,X3,2023,Africa,White,Diesel,Manual,3.2,129852,81776,4827,Low
12/31/2013,i8,2013,Europe,Black,Hybrid,Automatic,2,55972,131708,50,Low
12/31/2023,7 Series,2023,Europe,Black,Petrol,Automatic,3.1,13050,155595,1303,Low
12/31/2024,7 Series,2024,Africa,Red,Hybrid,Automatic,2.4,86491,136408,1412,Low
12/31/2015,M5,2015,Africa,Silver,Hybrid,Manual,2.3,39140,111844,184,Low
12/31/2020,X1,2020,Africa,White,Diesel,Automatic,4.9,62449,90593,3703,Low
12/31/2012,M3,2012,South America,Grey,Diesel,Manual,2.8,155031,47913,1344,Low
12/31/2017,X6,2017,Europe,Black,Diesel,Manual,1.7,119713,75059,4192,Low
12/31/2012,3 Series,2012,Africa,Grey,Hybrid,Manual,4.9,33258,75225,4745,Low
12/31/2023,5 Series,2023,South America,Grey,Petrol,Automatic,4.3,43226,127371,3650,Low
12/31/2021,M5,2021,Europe,Red,Hybrid,Manual,2.4,38932,146937,2031,Low
12/31/2022,X1,2022,Asia,Blue,Petrol,Automatic,2.9,187334,63786,9763,High
12/31/2022,i8,2022,Middle East,Black,Hybrid,Automatic,4.5,162475,173990,236,Low
12/31/2011,i8,2011,Middle East,White,Petrol,Manual,2.8,187815,98001,50,Low
12/31/2022,3 Series,2022,North America,Blue,Electric,Automatic,3.5,22635,125095,10373,High
12/31/2022,X5,2022,Africa,Black,Petrol,Manual,3.4,110413,96152,3520,Low
12/31/2012,i8,2012,Middle East,Black,Petrol,Automatic,2.9,183645,108078,50,Low
12/31/2020,7 Series,2020,South America,Black,Hybrid,Manual,3.7,71987,128027,1203,Low
12/31/2015,X6,2015,Africa,Red,Electric,Manual,3.2,10496,110201,1294,Low
12/31/2011,7 Series,2011,South America,White,Petrol,Manual,1.6,31156,80879,50,Low
12/31/2017,i3,2017,Asia,Blue,Hybrid,Automatic,4.4,118794,87633,4823,Low
12/31/2010,X5,2010,Africa,Red,Electric,Manual,1.9,58710,60337,2186,Low
12/31/2016,3 Series,2016,North America,Grey,Electric,Automatic,3.1,167336,88764,7860,High
12/31/2011,i8,2011,Europe,Black,Petrol,Automatic,3.5,122200,114452,50,Low
12/31/2019,M3,2019,Asia,Red,Diesel,Automatic,4,143171,93589,2951,Low
12/31/2021,i8,2021,Asia,Black,Hybrid,Automatic,2.9,54576,164782,657,Low
12/31/2015,X5,2015,Africa,White,Petrol,Manual,4.1,172219,64566,2989,Low
12/31/2021,X6,2021,Asia,White,Electric,Manual,2,165343,101123,5252,High
12/31/2011,3 Series,2011,North America,Grey,Electric,Manual,3.8,62931,68182,8500,High
12/31/2011,X1,2011,North America,Silver,Petrol,Automatic,4.4,118799,43173,7988,High
12/31/2019,X5,2019,Europe,White,Electric,Automatic,4.6,117459,119774,6737,High
12/31/2022,X5,2022,Africa,Red,Hybrid,Manual,3.5,30589,130657,3073,Low
12/31/2017,M3,2017,North America,White,Diesel,Manual,2.6,27118,98774,2437,Low
12/31/2024,M5,2024,Europe,Black,Diesel,Manual,2.1,66883,141003,2219,Low
12/31/2024,5 Series,2024,Middle East,Silver,Electric,Manual,2.7,9117,142915,4983,Low
12/31/2021,i8,2021,South America,Grey,Petrol,Manual,3.4,82228,149950,50,Low
12/31/2011,X5,2011,North America,Red,Diesel,Automatic,2.2,167406,42159,4807,Low
12/31/2016,i3,2016,Middle East,Black,Electric,Manual,4.8,24000,105142,2680,Low
12/31/2012,M3,2012,North America,Blue,Electric,Manual,4.6,141068,82043,1904,Low
12/31/2017,X1,2017,Europe,Black,Petrol,Manual,1.6,172245,25000,7848,High
12/31/2016,3 Series,2016,Africa,Red,Electric,Automatic,3.5,102534,80801,4235,Low
12/31/2023,X5,2023,North America,Black,Electric,Automatic,4.3,91087,136216,6705,High
12/31/2017,X3,2017,South America,Grey,Electric,Manual,2.4,119194,74945,5782,High
12/31/2023,i8,2023,Europe,Black,Electric,Automatic,3.3,27499,198823,316,Low
12/31/2016,i3,2016,Asia,Grey,Electric,Automatic,2.9,58679,82423,886,Low
12/31/2020,X3,2020,South America,Grey,Petrol,Manual,2.2,184913,56329,6653,High
12/31/2015,7 Series,2015,Europe,Red,Hybrid,Automatic,3.7,86285,116947,780,Low
12/31/2022,3 Series,2022,South America,Silver,Hybrid,Automatic,5,37248,119405,6355,High
12/31/2016,X5,2016,Africa,Silver,Diesel,Manual,2.8,15142,89300,2743,Low
12/31/2014,X1,2014,North America,White,Petrol,Automatic,3.4,36882,61848,8271,High
12/31/2016,3 Series,2016,Europe,Blue,Electric,Automatic,2.6,131925,70792,9182,High
12/31/2010,5 Series,2010,North America,Grey,Diesel,Manual,4.6,137902,49562,6276,High
12/31/2010,i8,2010,South America,Blue,Petrol,Automatic,4.5,70632,113921,50,Low
12/31/2018,M5,2018,South America,Silver,Electric,Manual,2.1,76273,128968,1119,Low
12/31/2023,i3,2023,Asia,White,Petrol,Automatic,4.6,172224,87903,5016,High
12/31/2014,7 Series,2014,Africa,Blue,Electric,Automatic,2,13190,112699,50,Low
12/31/2022,X1,2022,South America,White,Hybrid,Automatic,1.8,126766,74924,4966,Low
12/31/2014,i8,2014,Europe,Black,Hybrid,Manual,3.8,189702,124650,50,Low
12/31/2012,X3,2012,Asia,Blue,Hybrid,Manual,2.9,140616,48127,9314,High
12/31/2014,M3,2014,North America,Red,Electric,Manual,3.4,59764,96779,2352,Low
12/31/2012,X6,2012,South America,White,Electric,Manual,3.8,115698,84042,1616,Low
12/31/2018,M5,2018,South America,Silver,Electric,Automatic,1.7,3295,135337,855,Low
12/31/2018,7 Series,2018,Europe,Grey,Electric,Manual,2.5,36409,131560,1646,Low
12/31/2015,i8,2015,Asia,Grey,Hybrid,Automatic,3.1,62827,149259,50,Low
12/31/2024,i3,2024,Middle East,Red,Hybrid,Manual,2.4,32497,118924,4363,Low
12/31/2010,7 Series,2010,Africa,Grey,Hybrid,Manual,1.7,49503,32775,361,Low
12/31/2016,X6,2016,Europe,Silver,Petrol,Automatic,1.8,94113,78124,4448,Low
12/31/2016,i3,2016,South America,Silver,Petrol,Manual,4.3,180399,51353,2827,Low
12/31/2023,X5,2023,North America,Blue,Diesel,Manual,4.7,164005,101944,6160,High
12/31/2019,X1,2019,South America,White,Petrol,Manual,2,24999,74022,4934,Low
12/31/2019,5 Series,2019,Africa,Silver,Hybrid,Automatic,2.4,189266,75482,3868,Low
12/31/2013,7 Series,2013,Europe,Blue,Electric,Manual,3.8,39520,117258,462,Low
12/31/2017,X3,2017,Middle East,Silver,Petrol,Automatic,4.8,59804,91930,5775,High
12/31/2015,X6,2015,Asia,Silver,Petrol,Manual,2.5,32212,86146,4580,Low
12/31/2013,7 Series,2013,Europe,White,Petrol,Manual,4.5,58098,110689,479,Low
12/31/2013,X6,2013,Africa,White,Petrol,Automatic,3.3,112262,69138,1865,Low
12/31/2011,X5,2011,Africa,Grey,Electric,Automatic,4.8,187471,68579,2232,Low
12/31/2023,X3,2023,Asia,Black,Hybrid,Manual,2,76236,96934,11464,High
12/31/2011,X1,2011,South America,Silver,Electric,Manual,4.9,93734,59722,3645,Low
12/31/2021,X3,2021,South America,Silver,Petrol,Manual,3,30206,95571,5542,High
12/31/2023,3 Series,2023,Asia,Blue,Electric,Automatic,4.8,52987,129615,9311,High
12/31/2013,5 Series,2013,Asia,Grey,Diesel,Manual,3.1,194916,42853,6900,High
12/31/2014,i8,2014,Europe,Blue,Diesel,Automatic,3.4,151697,114321,50,Low
12/31/2017,7 Series,2017,Europe,Grey,Diesel,Automatic,4.3,93065,111952,1174,Low
12/31/2024,X6,2024,Asia,Blue,Petrol,Manual,4,14102,143396,4282,Low
12/31/2015,5 Series,2015,North America,Blue,Electric,Automatic,3.7,184918,76696,7120,High
12/31/2023,7 Series,2023,Asia,Red,Diesel,Manual,3,85431,125516,1703,Low
12/31/2024,5 Series,2024,Asia,Grey,Hybrid,Automatic,4.3,127975,127967,8790,High
12/31/2013,M5,2013,South America,Silver,Petrol,Automatic,4.8,67811,111525,65,Low
12/31/2022,X6,2022,Africa,Red,Electric,Automatic,1.5,163433,98712,3189,Low
12/31/2020,i3,2020,South America,Grey,Electric,Manual,3.6,46155,99071,3992,Low
12/31/2016,7 Series,2016,Middle East,Grey,Petrol,Manual,4.5,107898,109194,454,Low
12/31/2017,X6,2017,Europe,Grey,Diesel,Automatic,3.8,106401,95699,3662,Low
12/31/2011,7 Series,2011,Asia,White,Petrol,Automatic,4.3,141189,85552,844,Low
12/31/2021,X6,2021,North America,Red,Electric,Manual,4.6,25207,149430,4198,Low
12/31/2016,X1,2016,Europe,Silver,Electric,Manual,4.1,186249,58128,7028,High
12/31/2024,X6,2024,South America,Grey,Hybrid,Automatic,4,128834,132928,3352,Low
12/31/2023,X1,2023,North America,Silver,Diesel,Automatic,4.9,21669,110069,7535,High
12/31/2011,X6,2011,Europe,Blue,Electric,Manual,4.5,146523,80272,2837,Low
12/31/2011,X6,2011,Europe,Black,Petrol,Automatic,4.4,127822,69093,3624,Low
12/31/2017,7 Series,2017,Asia,Grey,Hybrid,Automatic,1.8,3499,130655,841,Low
12/31/2011,X3,2011,Europe,Silver,Hybrid,Manual,2.3,184062,32828,8955,High
12/31/2024,X3,2024,Asia,Blue,Electric,Manual,3.4,12483,127416,10329,High
12/31/2020,5 Series,2020,Africa,Red,Hybrid,Automatic,4,9829,116303,3734,Low
12/31/2018,7 Series,2018,Middle East,Grey,Diesel,Manual,2.6,38769,119713,521,Low
12/31/2021,3 Series,2021,South America,Blue,Petrol,Automatic,1.8,10490,90382,6594,High
12/31/2010,X6,2010,South America,White,Diesel,Manual,2.6,192925,33909,2406,Low
12/31/2024,i8,2024,Europe,Silver,Petrol,Automatic,4.2,114661,169677,434,Low
12/31/2018,M5,2018,Middle East,Red,Petrol,Automatic,4.6,16928,156483,302,Low
12/31/2024,X3,2024,Africa,White,Petrol,Manual,4.7,182923,91198,5213,High
12/31/2010,M5,2010,Europe,White,Petrol,Manual,2.8,26742,94372,745,Low
12/31/2019,i8,2019,Asia,Grey,Diesel,Manual,2.8,27106,147125,79,Low
12/31/2022,X1,2022,Europe,Black,Petrol,Automatic,2.9,180927,67789,7501,High
12/31/2019,X1,2019,Asia,Red,Diesel,Automatic,2.8,58364,70419,7523,High
12/31/2011,X3,2011,North America,Silver,Petrol,Automatic,3.8,10402,68847,8291,High
12/31/2015,X6,2015,Middle East,White,Hybrid,Automatic,2.8,127077,92076,2462,Low
12/31/2015,i3,2015,South America,Silver,Electric,Automatic,1.6,135741,54555,3381,Low
12/31/2010,X6,2010,North America,Blue,Diesel,Automatic,3,115060,61174,3282,Low
12/31/2016,i3,2016,South America,Red,Hybrid,Automatic,2.3,80528,70099,3230,Low
12/31/2017,5 Series,2017,Europe,Grey,Petrol,Manual,1.6,143328,59695,7773,High
12/31/2011,X1,2011,Africa,Silver,Diesel,Manual,3.1,29985,41549,3648,Low
12/31/2017,X1,2017,North America,Silver,Electric,Automatic,2.2,195667,52477,6911,High
12/31/2018,X1,2018,Middle East,Grey,Petrol,Manual,3.1,86077,68777,6171,High
12/31/2015,X3,2015,Asia,White,Electric,Automatic,2.5,35429,86818,8974,High
12/31/2014,M5,2014,Europe,White,Electric,Automatic,3.6,126697,113766,936,Low
12/31/2021,3 Series,2021,North America,Grey,Petrol,Manual,5,168369,86574,8647,High
12/31/2018,X1,2018,North America,Grey,Hybrid,Automatic,3.4,101494,76191,8882,High
12/31/2022,i8,2022,Asia,Red,Electric,Manual,3.8,146759,172174,646,Low
12/31/2021,M3,2021,South America,Blue,Hybrid,Manual,4.7,1926,140273,2137,Low
12/31/2020,M3,2020,North America,Silver,Diesel,Manual,2.8,136105,88545,2857,Low
12/31/2018,X6,2018,Europe,Black,Electric,Automatic,2.1,176440,87639,4278,Low
12/31/2010,X6,2010,South America,Blue,Electric,Automatic,2.5,115360,67436,1514,Low
12/31/2020,X3,2020,Africa,Grey,Diesel,Automatic,2.9,126901,73887,5263,High
12/31/2012,M5,2012,South America,Black,Hybrid,Automatic,3.8,164078,93158,189,Low
12/31/2018,i3,2018,Asia,Black,Hybrid,Automatic,1.5,58089,78121,6625,High
12/31/2020,X3,2020,Europe,Black,Hybrid,Automatic,4.5,32725,110544,8390,High
12/31/2011,X5,2011,Europe,Black,Petrol,Manual,1.8,84706,52556,4923,Low
12/31/2021,X6,2021,North America,Red,Hybrid,Manual,4.7,136118,127576,5209,High
12/31/2013,3 Series,2013,Africa,Grey,Diesel,Automatic,4.8,56072,65787,4143,Low
12/31/2013,M3,2013,Middle East,White,Diesel,Manual,5,12460,100613,900,Low
12/31/2011,i3,2011,Asia,Red,Petrol,Manual,4.3,135973,42844,4574,Low
12/31/2024,X1,2024,South America,Blue,Electric,Manual,2,9362,109963,6099,High
12/31/2012,i8,2012,Europe,Silver,Diesel,Automatic,4,14815,128590,50,Low
12/31/2022,X6,2022,North America,Grey,Petrol,Manual,2.2,137569,102782,5053,High
12/31/2012,X5,2012,Middle East,Red,Electric,Automatic,4.6,89899,94914,2791,Low
12/31/2010,X6,2010,Middle East,Black,Petrol,Automatic,2.6,151869,52174,2438,Low
12/31/2015,5 Series,2015,South America,Silver,Electric,Manual,2.6,6890,96659,3853,Low
12/31/2017,X6,2017,Europe,Blue,Diesel,Automatic,4.7,127884,93483,4014,Low
12/31/2021,M5,2021,South America,Blue,Hybrid,Manual,1.5,81621,130100,1367,Low
12/31/2012,5 Series,2012,Europe,Grey,Hybrid,Automatic,2.2,195362,45194,6800,High
12/31/2014,7 Series,2014,Europe,White,Electric,Automatic,3,113712,110740,1878,Low
12/31/2010,M5,2010,Middle East,Blue,Electric,Manual,4,115496,109811,50,Low
12/31/2019,3 Series,2019,Asia,Black,Electric,Automatic,3.8,50742,109477,10505,High
12/31/2016,7 Series,2016,South America,White,Petrol,Manual,3.8,33486,115689,234,Low
12/31/2019,X1,2019,South America,Black,Electric,Automatic,4.6,84366,99300,5497,High
12/31/2022,X1,2022,Africa,Grey,Hybrid,Manual,1.9,45411,88045,4380,Low
12/31/2010,5 Series,2010,South America,Grey,Diesel,Manual,3.3,59533,52265,3818,Low
12/31/2021,7 Series,2021,Asia,Silver,Petrol,Manual,4,167389,118352,1521,Low
12/31/2020,X3,2020,North America,Grey,Diesel,Automatic,3.7,56762,96104,8654,High
12/31/2018,X6,2018,South America,Silver,Petrol,Automatic,3.1,102061,92618,2529,Low
12/31/2017,i8,2017,North America,White,Hybrid,Manual,1.6,105549,138308,50,Low
12/31/2016,X3,2016,Africa,Silver,Hybrid,Manual,1.7,143899,55851,4294,Low
12/31/2019,7 Series,2019,Middle East,Silver,Electric,Manual,1.9,42682,136804,913,Low
12/31/2024,M5,2024,Europe,Black,Electric,Manual,2.7,51810,169053,2112,Low
12/31/2016,X3,2016,Africa,Red,Petrol,Automatic,1.9,157605,47381,4825,Low
12/31/2014,X5,2014,Middle East,Grey,Petrol,Automatic,3,48679,82747,3749,Low
12/31/2014,X6,2014,Africa,Red,Hybrid,Automatic,2.1,65202,87872,1745,Low
12/31/2020,7 Series,2020,South America,Blue,Diesel,Automatic,4.2,157153,114884,853,Low
12/31/2022,5 Series,2022,Europe,Grey,Petrol,Manual,4.6,114244,104644,7033,High
12/31/2014,X1,2014,North America,Silver,Electric,Automatic,2.9,130954,56316,6914,High
12/31/2010,X1,2010,Africa,White,Hybrid,Manual,3.3,194415,25000,3265,Low
12/31/2017,X5,2017,Africa,Blue,Hybrid,Manual,4.8,98579,101819,2636,Low
12/31/2021,5 Series,2021,Asia,Red,Petrol,Automatic,3.4,742,114556,6390,High
12/31/2020,X1,2020,Asia,White,Hybrid,Automatic,5,22596,112578,7563,High
12/31/2010,X5,2010,South America,Red,Diesel,Automatic,2,130168,38823,3388,Low
12/31/2013,M5,2013,South America,White,Diesel,Manual,4.5,3232,120705,50,Low
12/31/2024,i3,2024,South America,Blue,Hybrid,Automatic,3.2,172187,97083,4120,Low
12/31/2018,i3,2018,South America,White,Petrol,Manual,1.6,198836,40486,3517,Low
12/31/2023,3 Series,2023,Europe,Blue,Electric,Automatic,4.9,121507,121108,9216,High
12/31/2018,i8,2018,Middle East,Grey,Hybrid,Manual,4.9,81704,165044,50,Low
12/31/2014,5 Series,2014,Africa,Grey,Electric,Manual,2.8,30365,85992,2940,Low
12/31/2013,X1,2013,Asia,Silver,Hybrid,Automatic,4.8,29934,83229,6773,High
12/31/2012,X5,2012,Africa,Black,Electric,Manual,2,78874,65970,2849,Low
12/31/2012,X6,2012,Asia,Black,Diesel,Automatic,3.9,7345,87573,3146,Low
12/31/2021,i8,2021,Africa,Grey,Hybrid,Manual,2.2,92137,153568,251,Low
12/31/2014,X6,2014,Africa,Grey,Hybrid,Manual,2.4,153226,68877,1759,Low
12/31/2019,3 Series,2019,Africa,Blue,Electric,Automatic,4.2,108432,94803,5188,High
12/31/2010,X3,2010,Asia,Red,Petrol,Automatic,2.8,72313,46527,9382,High
12/31/2014,X1,2014,Europe,Black,Hybrid,Automatic,1.5,105137,48271,6884,High
12/31/2015,M5,2015,South America,Grey,Hybrid,Manual,2.9,184939,92016,568,Low
12/31/2016,7 Series,2016,South America,Red,Electric,Automatic,2.3,83999,108678,352,Low
12/31/2021,X1,2021,Asia,Blue,Hybrid,Automatic,3.9,187414,80200,10083,High
12/31/2018,M5,2018,Europe,Black,Diesel,Manual,2.2,22700,121431,1664,Low
12/31/2012,7 Series,2012,Asia,Grey,Electric,Manual,4.4,58897,119433,351,Low
12/31/2024,X6,2024,Africa,Grey,Hybrid,Automatic,2.4,77851,128052,3090,Low
12/31/2011,7 Series,2011,Middle East,Silver,Hybrid,Manual,2.9,28464,109194,50,Low
12/31/2023,X3,2023,Africa,Black,Diesel,Automatic,2.5,184105,71879,5638,High
12/31/2012,X6,2012,North America,Grey,Electric,Manual,3.8,77070,97621,3250,Low
12/31/2021,3 Series,2021,Africa,White,Diesel,Manual,1.9,30995,37253,6132,High
12/31/2018,3 Series,2018,Europe,White,Hybrid,Automatic,3.2,198047,65155,9340,High
12/31/2021,X6,2021,Europe,White,Electric,Automatic,2.7,69078,121949,4125,Low
12/31/2016,5 Series,2016,Middle East,Red,Petrol,Manual,4.6,118327,81292,4101,Low
12/31/2018,X6,2018,North America,Silver,Hybrid,Automatic,1.8,175559,81619,4888,Low
12/31/2022,X5,2022,Africa,Grey,Hybrid,Manual,4.4,100660,122819,3833,Low
12/31/2011,M3,2011,Asia,Grey,Hybrid,Manual,2.1,136618,57843,2241,Low
12/31/2014,X1,2014,North America,Grey,Hybrid,Manual,1.8,199505,29350,7865,High
12/31/2022,X6,2022,North America,Grey,Electric,Manual,2.2,95331,119438,5614,High
12/31/2013,3 Series,2013,South America,Blue,Electric,Automatic,1.9,118642,50514,5513,High
12/31/2024,M5,2024,North America,Black,Petrol,Automatic,3.3,147542,138767,2009,Low
12/31/2011,X3,2011,Africa,Silver,Hybrid,Manual,5,68885,69170,3818,Low
12/31/2018,3 Series,2018,South America,Black,Hybrid,Automatic,1.6,163731,56019,7404,High
12/31/2018,X5,2018,Africa,Silver,Diesel,Manual,3.1,166882,71196,3680,Low
12/31/2015,7 Series,2015,Asia,Silver,Electric,Manual,2.9,99791,109956,1059,Low
12/31/2020,i8,2020,North America,White,Diesel,Automatic,2.7,135090,146865,162,Low
12/31/2015,3 Series,2015,Africa,Blue,Diesel,Automatic,2.7,169001,40052,5099,High
12/31/2017,X5,2017,Asia,Silver,Hybrid,Manual,4.6,24371,118116,5495,High
12/31/2015,X1,2015,Europe,Black,Petrol,Manual,1.6,145996,30100,7479,High
12/31/2010,i3,2010,North America,Blue,Petrol,Automatic,4.2,72158,52870,3881,Low
12/31/2013,7 Series,2013,Europe,Blue,Hybrid,Manual,2.4,47085,99910,776,Low
12/31/2022,i8,2022,Africa,Silver,Hybrid,Manual,2.8,117231,154756,366,Low
12/31/2016,i8,2016,Africa,White,Hybrid,Manual,3,63257,145559,50,Low
12/31/2022,3 Series,2022,Asia,Blue,Diesel,Manual,2.6,151767,68681,11772,High
12/31/2022,X3,2022,Asia,Silver,Electric,Manual,1.8,160731,89104,11302,High
12/31/2011,X1,2011,Asia,Red,Electric,Automatic,1.9,104382,41022,7304,High
12/31/2018,i8,2018,North America,Silver,Diesel,Automatic,2.5,74208,140313,50,Low
12/31/2017,3 Series,2017,Asia,Silver,Electric,Automatic,4.4,138428,80808,10227,High
12/31/2017,X3,2017,Middle East,White,Diesel,Automatic,2,13911,83399,5924,High
12/31/2016,X1,2016,South America,Black,Hybrid,Automatic,4.1,156785,63948,5150,High
12/31/2013,i3,2013,South America,Black,Petrol,Manual,2.5,151485,33054,2593,Low
12/31/2011,M5,2011,North America,White,Electric,Automatic,4.6,143682,108990,684,Low
12/31/2012,i3,2012,Middle East,Black,Electric,Automatic,3,178108,46701,2719,Low
12/31/2021,3 Series,2021,North America,Black,Electric,Manual,2.1,80429,94110,10680,High
12/31/2015,M3,2015,North America,Silver,Diesel,Automatic,5,179632,79374,2549,Low
12/31/2021,M5,2021,South America,Blue,Hybrid,Automatic,2.1,122007,130601,1264,Low
12/31/2021,i8,2021,Europe,Black,Petrol,Manual,3.5,50221,169203,50,Low
12/31/2014,X5,2014,Middle East,Black,Electric,Manual,3.5,139902,82871,3869,Low
12/31/2021,M5,2021,Africa,Silver,Hybrid,Manual,2.8,61940,137091,1186,Low
12/31/2017,X6,2017,Africa,Red,Electric,Manual,4.8,48440,119501,1725,Low
12/31/2015,5 Series,2015,Asia,Silver,Petrol,Manual,4.5,95303,80529,6797,High
12/31/2015,7 Series,2015,Africa,Grey,Electric,Manual,4.4,177643,98276,170,Low
12/31/2010,3 Series,2010,Asia,White,Electric,Manual,4.9,66445,72380,9825,High
12/31/2013,i8,2013,North America,Silver,Diesel,Automatic,3.1,96129,126245,50,Low
12/31/2014,X1,2014,North America,White,Diesel,Manual,1.8,178309,25000,8653,High
12/31/2021,7 Series,2021,Europe,Silver,Hybrid,Automatic,4.2,192075,124413,2252,Low
12/31/2020,M3,2020,North America,Black,Hybrid,Manual,2.8,47164,115422,3160,Low
12/31/2012,X6,2012,South America,Black,Petrol,Manual,2.2,100003,59206,2061,Low
12/31/2022,i8,2022,North America,Red,Petrol,Automatic,3.2,36185,174127,75,Low
12/31/2018,X3,2018,Europe,Grey,Petrol,Manual,4.7,8156,105177,9046,High
12/31/2010,i8,2010,Middle East,Grey,Electric,Automatic,2.1,116163,120807,50,Low
12/31/2015,i8,2015,North America,White,Diesel,Automatic,4.5,171037,120779,50,Low
12/31/2015,5 Series,2015,Asia,White,Diesel,Manual,3,18299,84193,6425,High
12/31/2019,X3,2019,South America,White,Electric,Automatic,2,141555,74025,5474,High
12/31/2014,M5,2014,South America,Silver,Electric,Automatic,4.5,46863,127781,50,Low
12/31/2021,X1,2021,North America,Black,Hybrid,Manual,4.9,121151,96034,8044,High
12/31/2024,X6,2024,Europe,Black,Electric,Manual,2.5,8823,148615,4097,Low
12/31/2014,X1,2014,Africa,White,Hybrid,Manual,2.6,153439,39415,4344,Low
12/31/2019,X6,2019,Europe,Grey,Diesel,Automatic,2.9,140706,86933,4868,Low
12/31/2023,3 Series,2023,Europe,Blue,Electric,Manual,4.3,69607,122764,10198,High
12/31/2022,i3,2022,Asia,White,Hybrid,Manual,1.5,10263,96804,6269,High
12/31/2014,i8,2014,Middle East,Red,Electric,Automatic,2.3,33388,155441,50,Low
12/31/2015,X6,2015,North America,Blue,Electric,Automatic,4,94822,106211,3314,Low
12/31/2017,M5,2017,Europe,Silver,Hybrid,Automatic,2.9,104836,122835,1219,Low
12/31/2011,X6,2011,Africa,Grey,Diesel,Automatic,2.7,15757,73429,1482,Low
12/31/2015,5 Series,2015,Middle East,Silver,Electric,Automatic,4.6,161572,86835,4687,Low
12/31/2010,X6,2010,Middle East,Silver,Petrol,Manual,4.7,105827,75168,1749,Low
12/31/2013,7 Series,2013,North America,Silver,Hybrid,Manual,4.8,77904,122287,463,Low
12/31/2023,M5,2023,Africa,Grey,Hybrid,Automatic,2.5,120211,136703,1625,Low
12/31/2019,M3,2019,Middle East,White,Hybrid,Manual,4.7,16192,136639,1918,Low
12/31/2012,X5,2012,Africa,Black,Electric,Manual,4.1,35471,91460,2096,Low
12/31/2018,3 Series,2018,Africa,Red,Electric,Manual,2,874,87467,4844,Low
12/31/2012,X6,2012,South America,Grey,Electric,Automatic,3.6,70230,94739,1685,Low
12/31/2024,X3,2024,South America,Blue,Hybrid,Manual,1.6,72842,105066,5439,High
12/31/2015,i8,2015,Asia,Red,Petrol,Manual,4,78915,140347,50,Low
12/31/2010,M3,2010,North America,Black,Hybrid,Automatic,4.1,51567,89584,1741,Low
12/31/2021,X3,2021,South America,Blue,Diesel,Automatic,4.3,163166,79967,5658,High
12/31/2015,5 Series,2015,Africa,Black,Petrol,Manual,2.1,23326,70764,3762,Low
12/31/2013,i3,2013,Africa,White,Diesel,Manual,3.7,1228,66897,2187,Low
12/31/2017,7 Series,2017,South America,Black,Hybrid,Manual,2.1,83436,106262,491,Low
12/31/2022,i8,2022,Africa,White,Electric,Automatic,4.8,98786,185082,50,Low
12/31/2020,i3,2020,Europe,Black,Petrol,Manual,3.9,133692,76980,5315,High
12/31/2018,i3,2018,South America,Blue,Petrol,Manual,1.8,117128,57026,3269,Low
12/31/2013,M5,2013,Asia,White,Petrol,Automatic,2.2,88881,95809,1238,Low
12/31/2019,M3,2019,Africa,White,Petrol,Manual,3.8,176785,84889,1746,Low
12/31/2021,3 Series,2021,North America,Grey,Electric,Automatic,3.2,114172,94663,10690,High
12/31/2019,5 Series,2019,Middle East,White,Electric,Automatic,4.1,157180,105916,4858,Low
12/31/2015,3 Series,2015,South America,Grey,Electric,Automatic,2.5,127838,64036,6306,High
12/31/2010,M5,2010,Asia,Silver,Diesel,Automatic,3.8,13044,102445,785,Low
12/31/2013,X5,2013,North America,Grey,Diesel,Automatic,2.1,95406,61289,5146,High
12/31/2016,7 Series,2016,Asia,Blue,Hybrid,Automatic,3.4,143046,104769,1245,Low
12/31/2021,M3,2021,Europe,Silver,Electric,Manual,4.9,157384,121394,3734,Low
12/31/2024,X3,2024,Asia,Silver,Hybrid,Automatic,3.7,17018,133046,9707,High
12/31/2010,M5,2010,Asia,White,Electric,Automatic,1.7,121295,84166,1029,Low
12/31/2017,3 Series,2017,Europe,Blue,Electric,Automatic,5,163617,87268,8906,High
12/31/2021,i8,2021,North America,White,Petrol,Automatic,2,43487,157644,149,Low
12/31/2019,X5,2019,North America,White,Hybrid,Manual,4,34070,115682,6165,High
12/31/2021,X5,2021,Europe,Grey,Electric,Automatic,3.4,22006,131938,6788,High
12/31/2020,i8,2020,North America,Red,Hybrid,Automatic,2.5,18067,178179,225,Low
12/31/2015,5 Series,2015,Africa,Grey,Hybrid,Automatic,2.1,36982,86290,3239,Low
12/31/2014,7 Series,2014,South America,Silver,Hybrid,Manual,2.1,100232,96210,237,Low
12/31/2019,X6,2019,Asia,Black,Diesel,Automatic,4.5,178445,92193,4316,Low
12/31/2020,X6,2020,South America,Red,Diesel,Automatic,4.6,181674,98170,2306,Low
12/31/2024,i8,2024,Africa,Red,Hybrid,Automatic,3.1,147155,157764,731,Low
12/31/2023,X5,2023,Africa,Red,Diesel,Automatic,1.9,168380,86475,3900,Low
12/31/2018,X1,2018,Asia,Silver,Hybrid,Automatic,4.6,129360,79146,7297,High
12/31/2011,i3,2011,Africa,Grey,Diesel,Automatic,3.2,68228,45861,2121,Low
12/31/2014,i3,2014,South America,Black,Hybrid,Manual,3,41571,72610,2390,Low
12/31/2015,3 Series,2015,North America,Silver,Electric,Manual,2.9,176954,56345,8578,High
12/31/2016,X5,2016,Asia,Red,Petrol,Automatic,2.8,37852,94345,6463,High
12/31/2014,X1,2014,Europe,Black,Hybrid,Manual,3.3,126316,53148,6228,High
12/31/2018,M5,2018,Asia,Grey,Electric,Manual,3.6,99531,129941,2294,Low
12/31/2010,X5,2010,Europe,Black,Diesel,Manual,3.1,88323,54837,4747,Low
12/31/2016,X1,2016,Asia,Blue,Electric,Manual,4.6,199888,63622,8800,High
12/31/2019,M3,2019,Africa,Grey,Electric,Automatic,2.6,2516,126678,1728,Low
12/31/2016,3 Series,2016,Africa,Black,Diesel,Manual,3.5,95534,61380,4585,Low
12/31/2013,i3,2013,Middle East,Black,Diesel,Manual,2.5,188488,27162,3821,Low
12/31/2018,M5,2018,North America,Red,Petrol,Automatic,4.1,113845,123331,1692,Low
12/31/2023,M3,2023,Middle East,Red,Hybrid,Manual,1.9,91637,117161,3094,Low
12/31/2021,X1,2021,Middle East,Silver,Diesel,Automatic,2.2,96105,74410,5668,High
12/31/2020,X6,2020,Africa,Silver,Petrol,Manual,4.3,26162,122609,5587,High
12/31/2014,M5,2014,Africa,Black,Diesel,Manual,2.1,13399,103744,156,Low
12/31/2013,5 Series,2013,Europe,White,Diesel,Automatic,3.7,74914,72485,5607,High
12/31/2022,7 Series,2022,Middle East,Silver,Diesel,Automatic,4.9,100623,150167,726,Low
12/31/2016,X5,2016,Africa,Grey,Electric,Automatic,3.3,105706,88178,2895,Low
12/31/2013,i3,2013,Africa,Grey,Electric,Manual,2.2,129091,49112,2022,Low
12/31/2024,X3,2024,South America,Blue,Diesel,Automatic,2.6,199938,74331,5475,High
12/31/2012,M5,2012,Middle East,Blue,Hybrid,Manual,4.4,56381,127163,50,Low
12/31/2018,X5,2018,South America,Grey,Electric,Automatic,2.7,58398,108533,4318,Low
12/31/2020,M3,2020,Europe,White,Diesel,Automatic,4,67712,107259,3274,Low
12/31/2017,X5,2017,Africa,Grey,Electric,Manual,4.2,24893,117973,2505,Low
12/31/2010,3 Series,2010,South America,White,Diesel,Automatic,3.3,79616,39955,4961,Low
12/31/2016,3 Series,2016,Africa,Grey,Electric,Manual,4.2,165024,71028,5594,High
12/31/2018,X5,2018,South America,Black,Hybrid,Automatic,2.6,126809,91986,4270,Low
12/31/2017,i3,2017,South America,Red,Petrol,Manual,3.3,199337,47230,3866,Low
12/31/2017,5 Series,2017,North America,Silver,Petrol,Manual,3.9,194752,65474,6631,High
12/31/2022,3 Series,2022,Asia,White,Diesel,Automatic,2.1,146575,68690,10055,High
12/31/2015,M5,2015,Africa,Silver,Diesel,Automatic,2.5,172452,86471,502,Low
12/31/2020,X6,2020,Africa,White,Electric,Manual,3.8,6707,140047,2413,Low
12/31/2013,7 Series,2013,North America,Black,Electric,Automatic,3.8,108615,113640,577,Low
12/31/2017,M5,2017,South America,Red,Diesel,Manual,3.2,58722,118411,556,Low
12/31/2012,i3,2012,South America,Red,Diesel,Manual,4.3,34945,61765,2390,Low
12/31/2022,M5,2022,South America,Silver,Electric,Automatic,3.2,6571,169873,1132,Low
12/31/2018,X6,2018,South America,Silver,Electric,Automatic,4.6,142772,107655,3102,Low
12/31/2022,X5,2022,Europe,Red,Petrol,Manual,4.1,162897,94384,6498,High
12/31/2011,7 Series,2011,Europe,Grey,Electric,Automatic,2.6,101961,97005,381,Low
12/31/2011,X1,2011,South America,Grey,Diesel,Automatic,2.9,95148,32257,3829,Low
12/31/2021,X3,2021,North America,Silver,Electric,Automatic,3.8,60774,114314,9191,High
12/31/2022,3 Series,2022,Middle East,Blue,Hybrid,Manual,4.6,41879,122873,6836,High
12/31/2024,i8,2024,South America,Black,Electric,Manual,2.1,118767,158927,665,Low
12/31/2021,M3,2021,Europe,White,Hybrid,Manual,3.3,144900,138514,3054,Low
12/31/2016,X6,2016,Europe,Grey,Petrol,Automatic,1.9,93269,82938,4121,Low
12/31/2021,X6,2021,Middle East,Silver,Diesel,Manual,2.5,70275,113828,3268,Low
12/31/2019,M3,2019,North America,White,Electric,Manual,3.9,126173,109432,3761,Low
12/31/2013,X1,2013,North America,Grey,Electric,Manual,1.8,59360,55725,7390,High
12/31/2019,i8,2019,North America,Silver,Electric,Manual,3.8,163258,153820,492,Low
12/31/2017,i3,2017,Asia,Blue,Petrol,Manual,4.7,100373,79306,5015,High
12/31/2018,i8,2018,Africa,Black,Hybrid,Automatic,4.9,60229,160453,50,Low
12/31/2016,X5,2016,Asia,White,Electric,Manual,2.3,125925,84267,5636,High
12/31/2014,X5,2014,Asia,Blue,Petrol,Manual,4.1,49523,83503,4897,Low
12/31/2017,i8,2017,Europe,Blue,Hybrid,Automatic,4.7,30474,200000,50,Low
12/31/2013,X6,2013,Middle East,Blue,Electric,Manual,1.8,25773,98779,1853,Low
12/31/2011,X3,2011,Europe,Grey,Diesel,Manual,2.9,198790,25000,9329,High
12/31/2020,X1,2020,Europe,Red,Hybrid,Automatic,4.7,143639,86698,8463,High
12/31/2024,7 Series,2024,Europe,Silver,Petrol,Manual,2.2,38023,135854,218,Low
12/31/2021,M3,2021,Asia,Black,Hybrid,Automatic,4.8,24843,140641,3448,Low
12/31/2015,i8,2015,Asia,Black,Petrol,Manual,3.3,143753,119345,50,Low
12/31/2018,i8,2018,Middle East,Grey,Petrol,Manual,1.8,4490,153996,50,Low
12/31/2010,X3,2010,South America,Grey,Electric,Manual,3.1,178067,25000,4187,Low
12/31/2020,X5,2020,Asia,White,Diesel,Manual,2.6,3301,106478,5824,High
12/31/2019,X6,2019,Asia,Silver,Petrol,Automatic,2.5,195627,79554,4751,Low
12/31/2021,M3,2021,North America,Grey,Diesel,Automatic,3.4,52758,118620,2826,Low
12/31/2016,M5,2016,South America,Grey,Hybrid,Automatic,3.2,131349,109657,1674,Low
12/31/2019,3 Series,2019,North America,Black,Petrol,Automatic,3.2,155308,69315,11314,High
12/31/2018,3 Series,2018,Europe,Grey,Electric,Manual,1.8,67605,77441,10593,High
12/31/2019,7 Series,2019,North America,Black,Hybrid,Manual,4.3,165672,118179,1935,Low
12/31/2018,M5,2018,Africa,Blue,Diesel,Manual,3.2,77858,113489,694,Low
12/31/2019,3 Series,2019,South America,Black,Petrol,Automatic,4.4,180881,70259,6489,High
12/31/2020,7 Series,2020,North America,Red,Diesel,Manual,4.4,100748,123652,1472,Low
12/31/2022,i3,2022,Europe,Black,Diesel,Manual,2.6,106517,82638,4704,Low
12/31/2012,i3,2012,Africa,Blue,Diesel,Automatic,1.5,159734,25000,2669,Low
12/31/2020,M3,2020,Asia,Silver,Petrol,Manual,4.7,186376,94168,3676,Low
12/31/2022,M5,2022,Africa,Blue,Petrol,Manual,4.2,110149,141104,703,Low
12/31/2014,3 Series,2014,Asia,Grey,Hybrid,Automatic,1.9,123758,55218,8428,High
12/31/2017,7 Series,2017,Middle East,Red,Petrol,Automatic,4,152968,108801,553,Low
12/31/2017,5 Series,2017,Africa,Red,Petrol,Automatic,1.6,9233,79129,3356,Low
12/31/2013,M5,2013,Middle East,Silver,Diesel,Manual,1.6,15603,163224,50,Low
12/31/2024,5 Series,2024,Africa,Black,Petrol,Manual,3.3,110828,102674,4654,Low
12/31/2024,5 Series,2024,Asia,Black,Petrol,Automatic,1.8,168639,92044,8528,High
12/31/2021,M3,2021,South America,White,Hybrid,Automatic,4.9,3808,135240,2186,Low
12/31/2020,M5,2020,Middle East,Red,Diesel,Manual,4.6,79141,138102,952,Low
12/31/2020,X3,2020,Asia,Silver,Diesel,Manual,3.8,150578,73197,9172,High
12/31/2010,X1,2010,Asia,Blue,Petrol,Automatic,1.7,20245,38002,7624,High
12/31/2010,i3,2010,Middle East,White,Diesel,Manual,2.6,26464,45960,3096,Low
12/31/2024,5 Series,2024,North America,Grey,Diesel,Manual,2.8,79543,105061,8316,High
12/31/2013,X5,2013,Europe,Red,Petrol,Manual,3.2,76789,68549,5193,High
12/31/2015,M3,2015,Asia,Blue,Diesel,Automatic,2.1,82539,71557,2847,Low
12/31/2017,X5,2017,Middle East,Blue,Petrol,Manual,3.5,138268,83343,4238,Low
12/31/2015,i3,2015,North America,Black,Hybrid,Manual,3,88758,99125,4746,Low
12/31/2021,i8,2021,South America,Black,Diesel,Manual,4.8,122488,144288,50,Low
12/31/2018,X6,2018,Middle East,Grey,Electric,Automatic,4.8,129103,126400,2539,Low
12/31/2024,X6,2024,North America,Red,Petrol,Automatic,3.5,174467,169601,3656,Low
12/31/2024,i8,2024,North America,Silver,Hybrid,Manual,3.8,152521,168402,967,Low
12/31/2018,i8,2018,Asia,Grey,Petrol,Manual,2,77855,130588,193,Low
12/31/2023,X1,2023,Middle East,White,Electric,Manual,2.3,122125,89807,5567,High
12/31/2011,M3,2011,Africa,White,Petrol,Manual,4.7,135953,64333,784,Low
12/31/2019,i8,2019,North America,Grey,Petrol,Manual,3.9,709,170472,50,Low
12/31/2010,X1,2010,Middle East,Black,Petrol,Manual,2.2,106449,25000,4447,Low
12/31/2011,3 Series,2011,Middle East,Grey,Petrol,Manual,3.5,96904,44342,6278,High
12/31/2014,M3,2014,Europe,Black,Petrol,Automatic,4.8,180505,71419,2686,Low
12/31/2013,i8,2013,Middle East,Black,Petrol,Manual,2.7,98156,115101,50,Low
12/31/2013,7 Series,2013,Asia,Black,Electric,Manual,2.2,72818,101555,875,Low
12/31/2018,i8,2018,Asia,Black,Diesel,Manual,4.8,194153,129712,180,Low
12/31/2020,7 Series,2020,Asia,Red,Hybrid,Automatic,3.1,133394,126156,2172,Low
12/31/2017,X6,2017,North America,Red,Petrol,Manual,3,4933,103319,3455,Low
12/31/2015,3 Series,2015,Asia,Red,Hybrid,Automatic,2.4,194331,49774,10135,High
12/31/2010,X1,2010,Africa,Red,Petrol,Automatic,4.6,194671,25000,3799,Low
12/31/2011,X1,2011,Asia,Silver,Diesel,Automatic,4.5,183507,28465,8270,High
12/31/2015,i3,2015,Middle East,Black,Hybrid,Manual,2.9,33997,76001,2930,Low
12/31/2020,M5,2020,North America,Black,Petrol,Manual,1.6,172000,106558,2385,Low
12/31/2011,3 Series,2011,Middle East,White,Diesel,Manual,3.1,101059,39456,5981,High
12/31/2024,i8,2024,North America,Red,Diesel,Manual,2.1,87988,154274,676,Low
12/31/2022,3 Series,2022,Asia,Grey,Hybrid,Manual,2,60379,97329,9368,High
12/31/2019,X1,2019,Middle East,Grey,Diesel,Automatic,2.9,134372,60048,5788,High
12/31/2014,X5,2014,North America,Silver,Hybrid,Manual,1.8,61213,77176,6079,High
12/31/2023,X6,2023,Asia,Silver,Electric,Automatic,4.9,195345,132660,4572,Low
12/31/2014,X3,2014,North America,Grey,Electric,Manual,1.7,55420,73297,7590,High
12/31/2015,X5,2015,South America,Blue,Diesel,Automatic,2.9,150664,62884,3037,Low
12/31/2015,M5,2015,Asia,White,Petrol,Automatic,2.1,164102,90782,1590,Low
12/31/2023,X5,2023,South America,Black,Hybrid,Manual,3.9,110947,117852,4435,Low
12/31/2015,i8,2015,Africa,Grey,Petrol,Automatic,1.8,181044,100154,50,Low
12/31/2023,i8,2023,Europe,Red,Hybrid,Manual,3.4,94715,163928,855,Low
12/31/2011,X5,2011,Middle East,Blue,Electric,Automatic,4.2,83150,85662,3168,Low
12/31/2023,M3,2023,North America,Grey,Petrol,Automatic,4.8,139226,115872,2898,Low
12/31/2019,i3,2019,Asia,Silver,Diesel,Manual,3.9,167536,65300,822,Low
12/31/2023,3 Series,2023,Europe,Grey,Petrol,Automatic,1.8,69252,91407,10779,High
12/31/2022,3 Series,2022,Europe,Blue,Electric,Automatic,1.8,146986,88286,2209,Low
12/31/2024,M3,2024,Europe,Red,Petrol,Automatic,4.1,76901,129058,2757,Low
12/31/2023,X6,2023,Middle East,Grey,Electric,Automatic,2.3,178628,113233,4153,Low
12/31/2012,7 Series,2012,Africa,White,Petrol,Manual,3.1,28885,97243,50,Low
12/31/2023,5 Series,2023,Middle East,White,Diesel,Manual,4.9,138838,111035,4349,Low
12/31/2015,X1,2015,Middle East,Black,Petrol,Manual,4.4,145036,50780,4644,Low
12/31/2022,i3,2022,South America,Black,Diesel,Automatic,4.5,192812,79868,3635,Low
12/31/2017,X1,2017,North America,Red,Hybrid,Automatic,4.5,152425,70001,7189,High
12/31/2021,M5,2021,Middle East,Black,Petrol,Manual,3.7,107873,138108,1180,Low
12/31/2022,M5,2022,Europe,Red,Electric,Manual,4.1,153992,145413,2102,Low
12/31/2020,5 Series,2020,Middle East,White,Diesel,Automatic,2.8,163477,79928,4811,Low
12/31/2021,5 Series,2021,Asia,Red,Hybrid,Automatic,5,113625,117758,8121,High
12/31/2010,X3,2010,South America,Grey,Hybrid,Automatic,2.5,86419,48307,5119,High
12/31/2010,X1,2010,Middle East,Silver,Petrol,Manual,3.6,111433,34004,5281,High
12/31/2020,X3,2020,Asia,Red,Petrol,Automatic,2.5,104276,76939,9888,High
12/31/2022,i3,2022,Europe,Blue,Electric,Manual,1.9,152316,79365,6250,High
12/31/2011,X1,2011,Asia,Grey,Petrol,Manual,3.5,27274,51071,7919,High
12/31/2020,M3,2020,North America,Grey,Petrol,Manual,2.7,179828,80459,2902,Low
12/31/2024,M3,2024,Asia,White,Petrol,Automatic,3.5,160103,113030,3112,Low
12/31/2021,i3,2021,Asia,Blue,Hybrid,Automatic,3.5,47380,108581,5861,High
12/31/2021,X6,2021,Europe,Black,Hybrid,Automatic,3.4,60097,125559,3846,Low
12/31/2015,M3,2015,North America,Grey,Diesel,Manual,1.9,171572,54637,2655,Low
12/31/2018,M3,2018,North America,Blue,Diesel,Automatic,3,63971,101228,2880,Low
12/31/2013,3 Series,2013,Europe,Grey,Electric,Manual,4.3,128661,67222,9108,High
12/31/2012,X6,2012,Asia,White,Petrol,Manual,2.6,24343,81396,3915,Low
12/31/2021,5 Series,2021,South America,Black,Petrol,Automatic,3.1,108225,90900,4100,Low
12/31/2017,M3,2017,Africa,Silver,Petrol,Automatic,3.2,11614,99411,177,Low
12/31/2020,M3,2020,Africa,Grey,Hybrid,Automatic,4.5,148678,112090,2014,Low
12/31/2019,5 Series,2019,Africa,Grey,Electric,Automatic,3.8,148387,91665,3762,Low
12/31/2023,X1,2023,Africa,Black,Petrol,Manual,1.9,150308,64939,4571,Low
12/31/2018,X3,2018,Africa,Blue,Hybrid,Manual,4.5,136337,80218,4389,Low
12/31/2021,5 Series,2021,South America,White,Electric,Automatic,4.4,58522,121780,4678,Low
12/31/2020,M3,2020,Africa,Blue,Hybrid,Automatic,4.1,121565,111145,1670,Low
12/31/2014,X1,2014,Middle East,Red,Hybrid,Automatic,3.1,176201,46339,4653,Low
12/31/2018,X1,2018,Middle East,Grey,Electric,Manual,4.2,149224,75145,5900,High
12/31/2011,7 Series,2011,Middle East,Grey,Electric,Manual,3.2,75026,104223,50,Low
12/31/2012,3 Series,2012,South America,Grey,Petrol,Automatic,4.1,157168,43128,6179,High
12/31/2016,7 Series,2016,South America,Grey,Electric,Manual,4.6,109859,124178,88,Low
12/31/2016,M5,2016,South America,Grey,Diesel,Manual,4.6,91964,115693,463,Low
12/31/2015,7 Series,2015,Middle East,Black,Diesel,Manual,3.1,94085,99864,400,Low
12/31/2015,3 Series,2015,Asia,White,Electric,Manual,4.5,171087,70936,10379,High
12/31/2011,X3,2011,Middle East,Silver,Electric,Manual,1.9,157187,41688,4898,Low
12/31/2019,X3,2019,South America,Red,Petrol,Automatic,1.9,56443,78555,5419,High
12/31/2015,i8,2015,Africa,Blue,Electric,Automatic,3.4,40947,59301,309,Low
12/31/2013,M5,2013,Africa,Black,Petrol,Automatic,3.8,69256,104349,50,Low
12/31/2021,M5,2021,Asia,Black,Diesel,Automatic,2,98584,129493,1799,Low
12/31/2012,i8,2012,Africa,White,Electric,Manual,3.2,110147,61231,50,Low
12/31/2022,X1,2022,South America,White,Electric,Manual,1.8,81976,87621,5820,High
12/31/2020,5 Series,2020,Africa,White,Petrol,Automatic,3.6,22852,108546,3947,Low
12/31/2022,3 Series,2022,Africa,Silver,Hybrid,Manual,4.5,65049,114286,6464,High
12/31/2011,M3,2011,Asia,Red,Diesel,Automatic,4.1,147546,61326,2122,Low
12/31/2010,i3,2010,Africa,White,Petrol,Manual,2.8,3,48848,1809,Low
12/31/2020,i3,2020,Europe,Black,Electric,Manual,5,98200,107534,4589,Low
12/31/2020,X1,2020,Middle East,Black,Petrol,Manual,3.8,89546,82479,5273,High
12/31/2014,5 Series,2014,North America,Red,Petrol,Manual,4.4,74142,75892,5677,High
12/31/2011,5 Series,2011,Europe,Red,Petrol,Automatic,3.8,107131,60338,6209,High
12/31/2011,5 Series,2011,Africa,Silver,Petrol,Manual,5,169168,51384,3100,Low
12/31/2016,i3,2016,Middle East,Grey,Electric,Automatic,4.4,139526,85019,3290,Low
12/31/2017,7 Series,2017,North America,Silver,Petrol,Manual,3.3,74472,111382,1005,Low
12/31/2022,i8,2022,North America,Blue,Hybrid,Automatic,2.8,112218,171745,700,Low
12/31/2019,3 Series,2019,Asia,Red,Electric,Automatic,3.9,22128,107827,9347,High
12/31/2017,X6,2017,Middle East,Silver,Electric,Manual,3.6,170098,101695,2863,Low
12/31/2023,i8,2023,North America,Grey,Petrol,Automatic,3.7,310,178705,166,Low
12/31/2013,7 Series,2013,Africa,White,Electric,Manual,2.7,22211,113050,50,Low
12/31/2024,M5,2024,South America,Blue,Diesel,Automatic,3,157192,124073,1373,Low
12/31/2023,5 Series,2023,Africa,Red,Hybrid,Manual,3.5,121657,103046,5215,High
12/31/2010,7 Series,2010,Middle East,Silver,Diesel,Automatic,4.4,163948,76527,51,Low
12/31/2020,5 Series,2020,Asia,Red,Diesel,Automatic,4.2,88535,102463,6915,High
12/31/2016,7 Series,2016,Europe,Silver,Petrol,Manual,1.9,119151,85995,1445,Low
12/31/2010,7 Series,2010,Middle East,Black,Hybrid,Manual,2.4,169065,74568,194,Low
12/31/2020,X1,2020,Europe,Red,Electric,Automatic,1.6,142787,68377,8702,High
12/31/2013,X6,2013,Africa,Blue,Electric,Automatic,1.5,69692,83912,1394,Low
12/31/2017,M3,2017,Asia,Black,Electric,Automatic,2.3,92226,96334,2844,Low
12/31/2011,M5,2011,Asia,Red,Electric,Manual,4.3,61812,117049,584,Low
12/31/2015,X5,2015,North America,Red,Electric,Manual,4.7,133366,98960,5796,High
12/31/2022,X3,2022,Asia,White,Diesel,Automatic,2.9,179637,78368,9554,High
12/31/2015,3 Series,2015,Asia,Blue,Petrol,Automatic,3.5,119206,60913,10828,High
12/31/2021,7 Series,2021,Asia,Blue,Diesel,Manual,4,158620,120575,1606,Low
12/31/2018,M3,2018,Europe,Red,Hybrid,Automatic,4.8,179476,98994,3232,Low
12/31/2014,3 Series,2014,South America,Red,Electric,Automatic,4.7,55563,84095,5032,High
12/31/2019,7 Series,2019,Africa,Red,Hybrid,Manual,1.7,196945,93483,1431,Low
12/31/2013,X6,2013,South America,Blue,Electric,Automatic,2.4,120260,81398,1863,Low
12/31/2014,X1,2014,North America,Red,Electric,Manual,1.7,61206,58960,6993,High
12/31/2021,X1,2021,Europe,Black,Diesel,Automatic,3.7,126140,73309,6779,High
12/31/2021,X6,2021,Asia,Silver,Petrol,Manual,4,16996,127181,4048,Low
12/31/2019,M3,2019,North America,White,Diesel,Automatic,2.6,7795,106629,2511,Low
12/31/2024,3 Series,2024,South America,White,Petrol,Automatic,4.5,84731,102996,6887,High
12/31/2020,X5,2020,North America,Black,Diesel,Automatic,3.1,194974,43757,6025,High
12/31/2014,i8,2014,Africa,Red,Petrol,Automatic,5,137995,130049,50,Low
12/31/2017,M5,2017,South America,Blue,Petrol,Automatic,1.5,118006,98951,983,Low
12/31/2019,i3,2019,Africa,Blue,Petrol,Automatic,1.9,35503,76074,2736,Low
12/31/2021,M5,2021,South America,Grey,Diesel,Manual,2.6,124911,118477,992,Low
12/31/2017,X5,2017,Middle East,Black,Diesel,Automatic,1.6,141845,71126,3757,Low
12/31/2011,5 Series,2011,Middle East,Grey,Hybrid,Manual,4.2,101734,70843,4466,Low
12/31/2016,X1,2016,North America,Silver,Diesel,Manual,1.7,25092,58086,7887,High
12/31/2017,X5,2017,South America,Grey,Electric,Automatic,4.1,97015,106854,3296,Low
12/31/2020,i8,2020,South America,White,Electric,Manual,1.7,101106,143019,386,Low
12/31/2015,i8,2015,Africa,White,Hybrid,Automatic,2.4,149587,112377,50,Low
12/31/2014,X5,2014,Europe,Silver,Diesel,Automatic,4.4,123215,75683,5259,High
12/31/2020,5 Series,2020,North America,Silver,Hybrid,Automatic,4.8,179145,97822,6408,High
12/31/2018,X3,2018,North America,Silver,Electric,Automatic,3,97342,88156,7738,High
12/31/2022,X5,2022,Europe,Black,Diesel,Manual,4.9,160971,100736,6337,High
12/31/2012,i8,2012,North America,Black,Hybrid,Manual,3.7,175365,110926,50,Low
12/31/2021,i3,2021,South America,Red,Hybrid,Automatic,3,55766,94629,3614,Low
12/31/2022,X6,2022,Africa,Grey,Hybrid,Automatic,4.3,57407,132507,2630,Low
12/31/2022,X6,2022,North America,Black,Hybrid,Automatic,2.5,184121,107879,4810,Low
12/31/2019,X5,2019,Europe,Silver,Petrol,Automatic,2.4,2301,104654,6099,High
12/31/2013,i3,2013,Africa,Red,Diesel,Automatic,3.8,71064,57191,2167,Low
12/31/2018,X6,2018,North America,White,Hybrid,Automatic,2.9,112252,103328,4502,Low
12/31/2015,3 Series,2015,Asia,Black,Electric,Automatic,2,187444,52278,9703,High
12/31/2017,M3,2017,Africa,Blue,Electric,Manual,1.7,147839,74452,1323,Low
12/31/2016,i8,2016,North America,Black,Petrol,Automatic,4.3,30817,157562,50,Low
12/31/2020,5 Series,2020,Asia,White,Diesel,Manual,3.9,172156,77897,7639,High
12/31/2011,X3,2011,Asia,Silver,Petrol,Manual,2.9,194663,26435,8824,High
12/31/2012,5 Series,2012,Middle East,Grey,Hybrid,Automatic,4.6,137858,75344,3980,Low
12/31/2010,i8,2010,Africa,Silver,Diesel,Manual,2.9,140166,87037,50,Low
12/31/2018,X1,2018,North America,Black,Electric,Manual,4,86274,86795,7972,High
12/31/2022,3 Series,2022,Africa,Blue,Electric,Manual,4.7,186282,95171,6800,High
12/31/2016,i3,2016,Middle East,Silver,Petrol,Automatic,4.4,149739,66160,3783,Low
12/31/2010,X1,2010,North America,Black,Petrol,Automatic,3.3,191875,25000,7612,High
12/31/2012,M5,2012,Asia,Silver,Petrol,Manual,3.9,192673,85307,1476,Low
12/31/2013,M5,2013,South America,White,Petrol,Manual,2.9,81733,99321,262,Low
12/31/2013,M3,2013,Middle East,Grey,Petrol,Automatic,3.8,116948,73278,1277,Low
12/31/2014,X6,2014,Europe,Silver,Diesel,Automatic,2.4,108971,71020,4165,Low
12/31/2023,i8,2023,Africa,Blue,Diesel,Automatic,3,70399,161041,50,Low
12/31/2012,i8,2012,South America,White,Petrol,Manual,2.2,49577,109473,50,Low
12/31/2012,i3,2012,Asia,White,Electric,Automatic,1.6,101939,52487,5047,High
12/31/2010,X6,2010,North America,Blue,Petrol,Manual,3.6,140739,59307,3773,Low
12/31/2016,X5,2016,Africa,Blue,Hybrid,Automatic,4.5,8331,109514,2438,Low
12/31/2020,i3,2020,Middle East,Black,Diesel,Automatic,1.6,186930,55236,3563,Low
12/31/2019,3 Series,2019,Africa,Blue,Diesel,Automatic,2.2,96340,65448,5823,High
12/31/2023,X5,2023,Asia,Blue,Electric,Manual,3.1,141422,109580,7707,High
12/31/2010,7 Series,2010,Middle East,Blue,Hybrid,Automatic,3.8,150497,88918,50,Low
12/31/2011,X5,2011,North America,Silver,Hybrid,Automatic,2.1,185478,46757,5989,High
12/31/2022,X1,2022,Asia,Blue,Hybrid,Automatic,1.7,65650,46293,9900,High
12/31/2013,7 Series,2013,North America,Grey,Diesel,Manual,3.3,161981,79528,1091,Low
12/31/2022,X6,2022,Asia,Grey,Diesel,Automatic,4.4,98343,122276,5104,High
12/31/2013,3 Series,2013,Europe,White,Hybrid,Automatic,1.6,85425,53569,7740,High
12/31/2014,X6,2014,Africa,Black,Electric,Manual,2.7,94119,83618,1797,Low
12/31/2020,X3,2020,South America,Red,Petrol,Manual,3.8,162772,72948,6408,High
12/31/2011,i3,2011,Middle East,Black,Electric,Manual,2,193144,31112,3575,Low
12/31/2013,7 Series,2013,Europe,Blue,Diesel,Manual,2.3,30469,94846,684,Low
12/31/2010,M3,2010,Africa,Blue,Diesel,Manual,3.4,10970,71315,481,Low
12/31/2011,X5,2011,Europe,White,Petrol,Automatic,4.8,71615,77522,4535,Low
12/31/2010,X1,2010,Middle East,White,Hybrid,Manual,2.5,7522,55612,4328,Low
12/31/2019,7 Series,2019,Africa,Black,Electric,Manual,3.2,86571,129392,788,Low
12/31/2019,X1,2019,Middle East,Silver,Hybrid,Automatic,2.9,165888,66483,6444,High
12/31/2022,3 Series,2022,Europe,Grey,Diesel,Manual,4.6,185936,80618,15000,High
12/31/2013,7 Series,2013,Europe,Black,Hybrid,Manual,1.8,13188,106493,602,Low
12/31/2013,i3,2013,South America,Red,Diesel,Manual,3.5,136619,40394,3311,Low
12/31/2016,X5,2016,Europe,Blue,Petrol,Manual,4.5,152889,78879,5357,High
12/31/2019,M5,2019,Africa,Red,Hybrid,Manual,5,95121,144576,900,Low
12/31/2020,X3,2020,North America,Silver,Electric,Manual,3.9,138540,98207,9178,High
12/31/2020,7 Series,2020,Europe,White,Hybrid,Manual,2.8,7609,139625,1640,Low
12/31/2018,X1,2018,North America,Blue,Hybrid,Manual,2.9,81576,77657,7093,High
12/31/2018,7 Series,2018,Middle East,Blue,Hybrid,Manual,2.7,87202,125742,1148,Low
12/31/2014,i3,2014,Europe,Black,Electric,Automatic,3.6,167465,60888,4379,Low
12/31/2019,7 Series,2019,Asia,Silver,Petrol,Automatic,4.1,20481,142777,1152,Low
12/31/2010,5 Series,2010,South America,Blue,Diesel,Automatic,4.4,23313,70472,2869,Low
12/31/2010,i3,2010,Europe,White,Diesel,Automatic,3,11426,53038,4421,Low
12/31/2015,3 Series,2015,Africa,Red,Diesel,Manual,4,196420,40416,5378,High
12/31/2011,X3,2011,Europe,Black,Hybrid,Manual,4.7,107438,61797,7407,High
12/31/2017,M5,2017,Africa,Blue,Petrol,Manual,4.7,80535,122436,296,Low
12/31/2022,M3,2022,North America,Black,Diesel,Manual,4,6175,131599,3179,Low
12/31/2018,M5,2018,Middle East,Silver,Petrol,Manual,3.7,90096,133288,631,Low
12/31/2022,X6,2022,Africa,Silver,Petrol,Manual,3.4,193633,41537,3387,Low
12/31/2013,7 Series,2013,Africa,Silver,Hybrid,Automatic,2.1,180452,78148,198,Low
12/31/2014,3 Series,2014,North America,Black,Hybrid,Automatic,1.9,11632,73506,8397,High
12/31/2020,X3,2020,Asia,Black,Petrol,Automatic,3.2,129930,79965,9307,High
12/31/2017,X6,2017,South America,Grey,Hybrid,Manual,2.1,777,106446,2055,Low
12/31/2012,i3,2012,Europe,Silver,Petrol,Automatic,3.5,96726,51799,4493,Low
12/31/2014,3 Series,2014,Africa,Grey,Hybrid,Manual,3.8,164210,53896,4207,Low
12/31/2012,X5,2012,North America,Black,Hybrid,Manual,3.3,16485,85584,4466,Low
12/31/2021,X3,2021,Middle East,Grey,Petrol,Automatic,1.6,127177,72399,6834,High
12/31/2019,M5,2019,North America,Silver,Diesel,Automatic,1.7,183466,98051,2033,Low
12/31/2012,7 Series,2012,North America,Grey,Hybrid,Manual,1.9,104966,91035,822,Low
12/31/2012,i8,2012,Asia,Red,Diesel,Automatic,2,111407,109696,50,Low
12/31/2022,i3,2022,South America,Red,Petrol,Manual,5,55540,108247,2967,Low
12/31/2021,X3,2021,South America,Grey,Petrol,Manual,2.7,135756,74648,6413,High
12/31/2016,X3,2016,South America,Blue,Petrol,Manual,2.5,122774,54127,5135,High
12/31/2024,M3,2024,Africa,Blue,Diesel,Automatic,1.7,150218,90168,2446,Low
12/31/2016,X1,2016,Asia,Blue,Hybrid,Manual,3.7,138210,62057,7109,High
12/31/2016,X3,2016,Asia,Silver,Diesel,Manual,3.8,102870,70644,8314,High
12/31/2019,3 Series,2019,Middle East,White,Petrol,Automatic,2.1,124003,68926,7185,High
12/31/2017,i3,2017,Europe,Grey,Petrol,Automatic,4.7,74505,87229,5276,High
12/31/2014,i3,2014,South America,Grey,Petrol,Automatic,4.3,49630,72366,2554,Low
12/31/2014,3 Series,2014,Middle East,Blue,Electric,Manual,2.3,7626,79193,5992,High
12/31/2023,X1,2023,Europe,Black,Petrol,Manual,3.2,40882,92353,7267,High
12/31/2013,i8,2013,Europe,White,Hybrid,Manual,3.1,186030,106966,50,Low
12/31/2016,X1,2016,North America,White,Petrol,Manual,2.7,66310,57145,8337,High
12/31/2019,i3,2019,South America,Blue,Diesel,Manual,4.4,195583,60043,3883,Low
12/31/2013,i3,2013,South America,Grey,Petrol,Manual,1.9,26022,53442,2569,Low
12/31/2024,7 Series,2024,Asia,Grey,Hybrid,Automatic,3,113961,151197,2145,Low
12/31/2011,X6,2011,Africa,Blue,Electric,Automatic,3,149859,71002,1280,Low
12/31/2013,X1,2013,Africa,White,Diesel,Manual,3.1,170737,25000,3791,Low
12/31/2022,M3,2022,Asia,Black,Petrol,Automatic,4.5,134325,109373,3511,Low
12/31/2022,M3,2022,Europe,White,Hybrid,Manual,2.3,158981,95349,3413,Low
12/31/2017,M3,2017,Asia,Red,Diesel,Automatic,1.9,199636,61338,3245,Low
12/31/2018,X5,2018,North America,White,Diesel,Manual,3.7,193600,73571,6151,High
12/31/2012,X3,2012,South America,Red,Hybrid,Automatic,2.1,161793,38895,5577,High
12/31/2016,i8,2016,South America,Black,Electric,Manual,1.8,105462,123848,50,Low
12/31/2023,5 Series,2023,Africa,Red,Diesel,Manual,3,197186,76761,3897,Low
12/31/2021,i8,2021,Europe,Blue,Electric,Automatic,2.3,8294,175721,403,Low
12/31/2023,X6,2023,North America,Blue,Petrol,Automatic,2.8,196321,100017,4728,Low
12/31/2018,M5,2018,Middle East,White,Electric,Manual,2.4,148749,118763,1241,Low
12/31/2020,X6,2020,Middle East,White,Diesel,Automatic,1.8,194808,82949,3542,Low
12/31/2013,5 Series,2013,Europe,White,Electric,Manual,3.5,168280,67279,6947,High
12/31/2019,X1,2019,Europe,Red,Petrol,Automatic,1.6,23524,75201,7759,High
12/31/2024,5 Series,2024,Africa,Black,Hybrid,Automatic,4.9,149476,123918,5026,High
12/31/2012,3 Series,2012,Africa,Black,Diesel,Automatic,2.7,114255,36851,4276,Low
12/31/2014,M3,2014,Africa,Grey,Hybrid,Manual,3.9,51406,95903,671,Low
12/31/2010,i8,2010,Middle East,White,Diesel,Manual,4.3,108015,118376,50,Low
12/31/2012,3 Series,2012,South America,White,Electric,Manual,2.5,118167,49789,5296,High
12/31/2024,i8,2024,North America,Black,Electric,Manual,4.1,176680,180974,802,Low
12/31/2017,X6,2017,Asia,Blue,Electric,Automatic,4.4,69881,127475,3487,Low
12/31/2020,M5,2020,Middle East,White,Diesel,Automatic,2.3,188033,111255,1324,Low
12/31/2017,i3,2017,Middle East,Blue,Diesel,Manual,5,198268,62757,3904,Low
12/31/2024,5 Series,2024,Asia,Red,Diesel,Manual,1.6,112745,95196,8793,High
12/31/2022,X5,2022,Middle East,Grey,Electric,Automatic,2.3,183641,99049,4981,Low
12/31/2013,X3,2013,Europe,Red,Electric,Automatic,4.2,177553,60615,8484,High
12/31/2011,7 Series,2011,South America,Grey,Electric,Automatic,2.2,47633,94948,50,Low
12/31/2022,i8,2022,Africa,Grey,Diesel,Automatic,3.9,186514,138996,120,Low
12/31/2017,i3,2017,Middle East,Grey,Diesel,Manual,4.5,143194,69106,3956,Low
12/31/2017,i3,2017,Africa,White,Petrol,Automatic,4.9,61332,84187,2161,Low
12/31/2019,X5,2019,South America,Red,Electric,Manual,3.2,135382,101790,4280,Low
12/31/2013,M3,2013,Asia,White,Petrol,Automatic,4.9,28605,99261,2166,Low
12/31/2012,X1,2012,Africa,White,Hybrid,Automatic,2.9,120980,41470,3812,Low
12/31/2011,X1,2011,South America,Red,Electric,Manual,2.3,26794,54578,3404,Low
12/31/2018,5 Series,2018,Africa,White,Electric,Manual,3.3,138078,90098,3943,Low
12/31/2010,7 Series,2010,North America,Blue,Hybrid,Automatic,3.8,19769,115638,73,Low
12/31/2016,i8,2016,Africa,Blue,Diesel,Manual,3.1,134178,119738,50,Low
12/31/2014,X3,2014,Middle East,Silver,Hybrid,Automatic,3.5,118067,70563,5116,High
12/31/2017,5 Series,2017,Africa,Silver,Electric,Automatic,3,77038,91334,3158,Low
12/31/2013,3 Series,2013,Asia,Grey,Petrol,Manual,3.3,58142,55386,10732,High
12/31/2016,i8,2016,South America,Red,Electric,Automatic,4.8,149324,148957,50,Low
12/31/2022,M5,2022,Asia,Black,Diesel,Automatic,3.2,20713,158124,1751,Low
12/31/2014,M3,2014,Asia,White,Diesel,Automatic,2.4,23762,86431,2660,Low
12/31/2024,M3,2024,Africa,Blue,Petrol,Automatic,4.2,8329,139758,1788,Low
12/31/2023,7 Series,2023,South America,Silver,Electric,Automatic,2.7,197167,119089,1708,Low
12/31/2014,X1,2014,North America,Black,Diesel,Automatic,4.4,118245,55218,6445,High
12/31/2023,M5,2023,South America,Red,Electric,Automatic,1.7,153854,137534,1655,Low
12/31/2018,M3,2018,Europe,Red,Electric,Manual,2.7,173887,84948,3108,Low
12/31/2018,i8,2018,South America,Silver,Electric,Manual,1.8,169326,128504,744,Low
12/31/2022,5 Series,2022,Europe,Black,Hybrid,Automatic,1.8,109360,99596,7518,High
12/31/2018,3 Series,2018,Europe,Red,Hybrid,Automatic,3.8,126211,44492,9186,High
12/31/2021,M5,2021,Europe,Black,Electric,Manual,2.8,161447,131513,2141,Low
12/31/2015,i3,2015,Asia,Black,Diesel,Manual,4.6,180972,51405,4566,Low
12/31/2015,i8,2015,Africa,White,Hybrid,Manual,3.3,194344,116643,50,Low
12/31/2014,i8,2014,North America,Black,Diesel,Manual,2.5,136665,115531,50,Low
12/31/2018,M5,2018,South America,White,Electric,Automatic,4,23342,152168,606,Low
12/31/2019,i8,2019,Asia,Blue,Petrol,Manual,3.7,155818,139736,157,Low
12/31/2017,5 Series,2017,Africa,Silver,Electric,Manual,4.3,190271,81533,3526,Low
12/31/2016,i3,2016,Asia,Blue,Diesel,Automatic,3.8,28558,79731,4239,Low
12/31/2016,M5,2016,North America,Black,Diesel,Manual,2.1,112607,95035,1776,Low
12/31/2015,i8,2015,Middle East,Black,Petrol,Manual,3.8,51228,141645,50,Low
12/31/2014,X3,2014,North America,Red,Electric,Manual,2.9,119285,65266,9318,High
12/31/2022,X5,2022,Europe,Red,Electric,Manual,3.1,49692,122568,7214,High
12/31/2013,X1,2013,North America,Blue,Electric,Manual,4.7,70106,72289,6772,High
12/31/2012,M5,2012,South America,Silver,Electric,Manual,2.8,172238,90333,219,Low
12/31/2012,X6,2012,Middle East,Red,Diesel,Automatic,3.6,181731,62126,2425,Low
12/31/2015,X3,2015,North America,Silver,Electric,Automatic,2.8,161231,67941,9593,High
12/31/2024,i3,2024,Asia,Blue,Electric,Manual,1.8,76745,107211,5940,High
12/31/2013,i3,2013,Middle East,Silver,Hybrid,Automatic,3.1,48929,72440,3122,Low
12/31/2021,i8,2021,Asia,White,Petrol,Manual,3.6,50622,169581,50,Low
12/31/2021,X6,2021,Africa,White,Diesel,Automatic,2.9,21639,117761,2301,Low
12/31/2015,X5,2015,Africa,Red,Petrol,Automatic,2.9,40564,85117,2818,Low
12/31/2012,3 Series,2012,Middle East,Black,Electric,Manual,4.4,75519,77374,6249,High
12/31/2024,i8,2024,Middle East,Silver,Electric,Manual,1.6,100727,175411,598,Low
12/31/2013,5 Series,2013,Asia,Red,Diesel,Manual,2.5,77429,58219,7607,High
12/31/2024,X3,2024,South America,Silver,Hybrid,Automatic,4.3,104944,121655,5922,High
12/31/2018,M5,2018,South America,White,Hybrid,Manual,4.7,74079,135798,913,Low
12/31/2014,7 Series,2014,North America,Silver,Hybrid,Automatic,2.9,26711,121576,521,Low
12/31/2022,X6,2022,Asia,Silver,Diesel,Manual,4.6,88452,121030,5220,High
12/31/2016,5 Series,2016,Africa,Grey,Electric,Manual,2.2,197778,60277,3526,Low
12/31/2019,3 Series,2019,South America,Blue,Diesel,Manual,2.3,199754,44305,6450,High
12/31/2011,M3,2011,South America,Grey,Diesel,Manual,4.5,47184,72934,973,Low
12/31/2023,i8,2023,Middle East,Red,Diesel,Automatic,4.7,144539,170688,50,Low
12/31/2023,M3,2023,Asia,Grey,Diesel,Manual,2.3,185623,85272,4411,Low
12/31/2014,X5,2014,Europe,Silver,Hybrid,Automatic,1.7,36005,84676,4920,Low
12/31/2018,3 Series,2018,Asia,Black,Petrol,Automatic,1.8,161995,25000,10657,High
12/31/2020,X3,2020,Asia,Grey,Petrol,Manual,2.4,157470,69206,10746,High
12/31/2012,X1,2012,Asia,Silver,Diesel,Manual,4.2,164806,32413,7416,High
12/31/2023,M5,2023,South America,White,Diesel,Automatic,3.3,73263,144901,1166,Low
12/31/2018,7 Series,2018,Middle East,Red,Electric,Automatic,3.1,182146,111212,1208,Low
12/31/2023,X6,2023,Africa,Red,Hybrid,Manual,3.5,116939,124182,3221,Low
12/31/2020,3 Series,2020,South America,Silver,Hybrid,Manual,4.6,140007,89087,5611,High
12/31/2024,M5,2024,Middle East,Red,Hybrid,Manual,1.8,42754,151349,1656,Low
12/31/2015,X1,2015,South America,Black,Hybrid,Automatic,3.9,108462,65532,4123,Low
12/31/2013,X6,2013,Asia,Grey,Electric,Automatic,4.7,120180,96827,3544,Low
12/31/2016,i3,2016,South America,Blue,Petrol,Automatic,2.2,66332,62045,2648,Low
12/31/2017,i8,2017,Middle East,Silver,Hybrid,Manual,4.4,91367,160487,50,Low
12/31/2015,X6,2015,Middle East,Red,Electric,Automatic,3.9,47211,113759,2041,Low
12/31/2014,X5,2014,Europe,White,Petrol,Automatic,1.6,157484,51525,5689,High
12/31/2015,i8,2015,Europe,White,Petrol,Automatic,2.3,147348,118356,50,Low
12/31/2014,X3,2014,North America,Blue,Diesel,Automatic,3.6,84912,64728,7765,High
12/31/2017,3 Series,2017,Africa,Red,Hybrid,Automatic,3.3,127196,71885,5570,High
12/31/2010,i3,2010,Europe,Black,Diesel,Manual,3.3,90618,36407,4308,Low
12/31/2020,5 Series,2020,Africa,Black,Diesel,Manual,2.3,56565,39738,5121,High
12/31/2016,i3,2016,North America,Grey,Electric,Manual,3.9,78812,87038,4444,Low
12/31/2024,M5,2024,South America,Grey,Electric,Manual,2.4,186073,129603,1694,Low
12/31/2019,5 Series,2019,Africa,Red,Diesel,Automatic,2.9,163663,71033,4211,Low
12/31/2019,5 Series,2019,Africa,White,Diesel,Manual,2.8,84810,83619,4348,Low
12/31/2020,3 Series,2020,Middle East,Silver,Petrol,Automatic,3.9,86373,89349,7258,High
12/31/2011,5 Series,2011,Europe,Silver,Petrol,Automatic,1.8,55833,52554,6004,High
12/31/2024,M3,2024,Africa,Blue,Electric,Automatic,2.2,189161,103084,2828,Low
12/31/2023,3 Series,2023,Africa,Black,Hybrid,Manual,2.2,41574,106217,6249,High
12/31/2018,X6,2018,South America,Silver,Petrol,Automatic,1.9,126806,77103,2706,Low
12/31/2010,M3,2010,North America,Black,Electric,Manual,2.2,20603,81850,1708,Low
12/31/2020,i8,2020,Africa,Grey,Diesel,Manual,3.6,76744,140025,50,Low
12/31/2019,X1,2019,South America,White,Electric,Automatic,4.1,124187,87492,5732,High
12/31/2015,X5,2015,Europe,White,Electric,Manual,3.8,28821,108626,4480,Low
12/31/2018,i3,2018,South America,Silver,Electric,Automatic,3.2,186751,72876,3418,Low
12/31/2010,X5,2010,Europe,Grey,Electric,Automatic,1.7,196585,42429,4987,Low
12/31/2013,7 Series,2013,Middle East,Grey,Hybrid,Manual,4.9,99227,117761,50,Low
12/31/2013,i3,2013,Europe,Blue,Diesel,Automatic,2.1,90571,44488,4531,Low
12/31/2024,X3,2024,South America,Blue,Hybrid,Automatic,3.8,35519,124816,5403,High
12/31/2018,3 Series,2018,North America,White,Diesel,Automatic,4.7,15314,99592,10108,High
12/31/2020,X5,2020,Europe,Black,Petrol,Manual,3.9,162539,91377,5219,High
12/31/2014,i3,2014,Middle East,Silver,Petrol,Automatic,2.3,71058,56418,2795,Low
12/31/2014,X5,2014,Middle East,Grey,Petrol,Automatic,2.6,107603,72475,3979,Low
12/31/2015,5 Series,2015,Middle East,Grey,Diesel,Manual,1.6,74341,63781,4174,Low
12/31/2010,M5,2010,Europe,Black,Petrol,Manual,3.6,151214,75692,1082,Low
12/31/2010,M5,2010,South America,Silver,Diesel,Automatic,3.6,56147,87945,50,Low
12/31/2024,X1,2024,Asia,Blue,Diesel,Automatic,4,150575,82781,9040,High
12/31/2018,i8,2018,Asia,Silver,Electric,Automatic,1.5,57110,153785,343,Low
12/31/2012,X1,2012,Africa,Blue,Diesel,Manual,4.4,123345,37463,3556,Low
12/31/2013,M3,2013,Europe,Black,Electric,Manual,4.1,11604,105465,1822,Low
12/31/2010,M5,2010,North America,Black,Petrol,Automatic,2,52190,91796,826,Low
12/31/2018,X5,2018,Europe,Grey,Petrol,Automatic,2.7,199044,65174,6384,High
12/31/2024,X6,2024,Asia,White,Hybrid,Manual,3.7,4650,153317,4836,Low
12/31/2017,X3,2017,Africa,Blue,Electric,Manual,3.2,112334,82244,4291,Low
12/31/2011,5 Series,2011,North America,Grey,Electric,Automatic,1.9,43108,74405,6667,High
12/31/2017,5 Series,2017,Asia,Red,Hybrid,Automatic,1.8,8731,102485,7298,High
12/31/2024,3 Series,2024,South America,Grey,Petrol,Automatic,4.2,149065,89544,7080,High
12/31/2016,M5,2016,Middle East,Silver,Hybrid,Manual,2,170733,106634,873,Low
12/31/2020,3 Series,2020,North America,Silver,Electric,Automatic,2.1,112382,40085,10837,High
12/31/2015,M5,2015,South America,Black,Petrol,Automatic,4.4,83523,120966,249,Low
12/31/2010,i3,2010,Europe,Red,Diesel,Manual,3.6,185197,25000,4825,Low
12/31/2024,M3,2024,Asia,Blue,Diesel,Automatic,3.6,36017,128888,3152,Low
12/31/2016,X6,2016,Africa,Blue,Diesel,Automatic,3.2,136659,74539,2167,Low
12/31/2019,7 Series,2019,Africa,Blue,Petrol,Automatic,3.5,52266,126295,385,Low
12/31/2016,X6,2016,Middle East,Red,Electric,Manual,3.6,199512,88024,2847,Low
12/31/2022,i8,2022,Asia,Grey,Electric,Automatic,4.9,89811,85429,1662,Low
12/31/2023,3 Series,2023,North America,Grey,Diesel,Automatic,2.3,37608,97399,11344,High
12/31/2018,X1,2018,Europe,Silver,Hybrid,Automatic,2.3,6260,86550,7298,High
12/31/2010,X1,2010,North America,Silver,Diesel,Manual,1.7,19434,32435,6292,High
12/31/2011,M3,2011,South America,Blue,Hybrid,Automatic,3.8,36318,86179,701,Low
12/31/2020,X1,2020,Asia,Black,Petrol,Manual,3.4,100984,73860,7489,High
12/31/2018,X5,2018,North America,Blue,Petrol,Manual,1.9,116424,77413,5486,High
12/31/2022,7 Series,2022,Europe,Red,Diesel,Manual,2.8,105720,122737,1555,Low
12/31/2018,i3,2018,Asia,Black,Electric,Manual,2.1,13000,95387,5327,High
12/31/2022,7 Series,2022,Africa,White,Diesel,Manual,2.7,61478,119086,788,Low
12/31/2015,X3,2015,North America,Silver,Electric,Manual,4.8,126344,84726,9325,High
12/31/2015,M3,2015,Middle East,Grey,Hybrid,Automatic,3.9,44192,109713,1344,Low
12/31/2013,M3,2013,Europe,Silver,Hybrid,Manual,1.5,192227,52056,2575,Low
12/31/2013,M5,2013,North America,Blue,Diesel,Automatic,2.4,145578,87682,1241,Low
12/31/2014,i3,2014,Europe,Blue,Hybrid,Automatic,1.5,111600,50580,4904,Low
12/31/2012,X3,2012,Africa,Blue,Hybrid,Manual,4,146176,51015,4083,Low
12/31/2010,X6,2010,Africa,Black,Petrol,Automatic,3.1,26317,71204,1087,Low
12/31/2024,5 Series,2024,South America,White,Hybrid,Manual,5,36176,142447,5174,High
12/31/2010,X1,2010,Africa,White,Electric,Automatic,4.1,26199,64218,3249,Low
12/31/2021,i3,2021,South America,Red,Diesel,Manual,3.3,62192,87688,2972,Low
12/31/2024,i8,2024,North America,Black,Electric,Automatic,4.3,198088,177598,873,Low
12/31/2022,i8,2022,Middle East,Blue,Diesel,Automatic,4,77193,171283,50,Low
12/31/2016,7 Series,2016,Asia,Black,Diesel,Automatic,2.4,53393,108010,1233,Low
12/31/2010,7 Series,2010,Africa,Red,Petrol,Manual,3.4,87304,78490,50,Low
12/31/2010,3 Series,2010,Africa,Grey,Diesel,Manual,3.4,173304,25000,4985,Low
12/31/2012,X6,2012,South America,Grey,Hybrid,Manual,3.1,43818,81390,1528,Low
12/31/2019,X6,2019,Middle East,White,Petrol,Manual,2.1,103521,97756,2655,Low
12/31/2024,X5,2024,Africa,Blue,Petrol,Automatic,2.3,182659,89368,4311,Low
12/31/2013,X3,2013,Africa,Silver,Hybrid,Automatic,2.5,41514,67593,4392,Low
12/31/2013,X6,2013,Africa,Black,Petrol,Manual,1.5,120542,55101,2197,Low
12/31/2011,5 Series,2011,Middle East,Black,Diesel,Manual,4.7,177310,49424,4624,Low
12/31/2010,M5,2010,North America,Black,Petrol,Automatic,3.9,3546,106887,555,Low
12/31/2012,X3,2012,Asia,White,Diesel,Automatic,3.9,11752,68230,8713,High
12/31/2020,i3,2020,South America,Black,Diesel,Automatic,3.5,5144,97585,3434,Low
12/31/2013,M3,2013,Asia,White,Petrol,Automatic,3.9,37079,90298,2063,Low
12/31/2012,i3,2012,South America,Red,Diesel,Manual,4.9,74827,54685,2396,Low
12/31/2017,3 Series,2017,Europe,Blue,Diesel,Automatic,2.8,169812,49530,9152,High
12/31/2023,5 Series,2023,Asia,Black,Diesel,Automatic,4,44304,121530,7038,High
12/31/2019,X3,2019,Europe,Grey,Diesel,Automatic,2.8,178113,60841,9180,High
12/31/2010,i8,2010,South America,Silver,Electric,Automatic,4.5,73371,129126,50,Low
12/31/2023,7 Series,2023,Middle East,Black,Electric,Automatic,4.5,161293,144738,1399,Low
12/31/2011,i3,2011,North America,White,Electric,Manual,4.7,194419,49847,3845,Low
12/31/2022,5 Series,2022,Middle East,Blue,Diesel,Automatic,1.5,99016,93322,4718,Low
12/31/2016,3 Series,2016,Europe,Blue,Hybrid,Automatic,2.5,181315,54372,8081,High
12/31/2013,X3,2013,Asia,White,Diesel,Manual,2,4976,61184,9351,High
12/31/2017,M3,2017,North America,Blue,Petrol,Manual,3.1,104972,87909,3026,Low
12/31/2020,X1,2020,Africa,Grey,Hybrid,Manual,3.2,92429,84075,4221,Low
12/31/2022,i3,2022,Middle East,Grey,Diesel,Automatic,2.4,56977,89179,3796,Low
12/31/2012,3 Series,2012,North America,Grey,Diesel,Manual,4,115848,44327,7859,High
12/31/2015,i3,2015,North America,Blue,Electric,Manual,2.4,37402,77198,5123,High
12/31/2018,5 Series,2018,Europe,Silver,Petrol,Manual,4.5,169128,80667,6761,High
12/31/2010,3 Series,2010,North America,Silver,Diesel,Manual,2.1,163796,25000,9875,High
12/31/2010,M5,2010,South America,Red,Hybrid,Manual,2.8,5469,102635,50,Low
12/31/2017,M5,2017,Asia,Silver,Petrol,Manual,3.7,11273,141183,1135,Low
12/31/2012,X6,2012,Asia,Grey,Hybrid,Manual,3.6,99743,79811,3992,Low
12/31/2014,X6,2014,North America,Silver,Electric,Automatic,1.8,93465,85253,3981,Low
12/31/2010,X6,2010,North America,Black,Diesel,Manual,4.5,100055,67647,3263,Low
12/31/2014,i3,2014,North America,Red,Diesel,Manual,3.6,169512,42885,4265,Low
12/31/2020,5 Series,2020,North America,White,Electric,Manual,4.5,108531,110713,6560,High
12/31/2015,5 Series,2015,Africa,White,Diesel,Manual,4.5,93997,71029,3676,Low
12/31/2017,X6,2017,Africa,Black,Petrol,Automatic,3.4,112653,84794,2368,Low
12/31/2022,X6,2022,North America,Black,Diesel,Automatic,4.7,95532,127154,4343,Low
12/31/2023,i3,2023,Asia,Grey,Petrol,Automatic,4.5,99481,103191,5483,High
12/31/2012,X1,2012,North America,Red,Diesel,Manual,4.9,149091,41040,7522,High
12/31/2012,5 Series,2012,Middle East,Black,Petrol,Manual,4.5,27654,78974,4391,Low
12/31/2021,M5,2021,Asia,Silver,Electric,Automatic,4.4,131748,147489,2229,Low
12/31/2020,i3,2020,Europe,Black,Diesel,Manual,3.1,172259,60966,4732,Low
12/31/2020,i8,2020,Middle East,Silver,Petrol,Manual,2.2,29617,158925,50,Low
12/31/2019,M5,2019,Asia,Grey,Electric,Manual,4.7,72897,155944,1736,Low
12/31/2018,3 Series,2018,Middle East,Red,Hybrid,Automatic,4,121116,86294,7016,High
12/31/2013,3 Series,2013,Middle East,Grey,Electric,Manual,2.5,78803,66094,6268,High
12/31/2024,M5,2024,North America,White,Hybrid,Manual,2.7,46455,168426,2315,Low
12/31/2013,X5,2013,South America,Grey,Hybrid,Manual,3.9,63606,83702,3174,Low
12/31/2021,M3,2021,Europe,Grey,Electric,Manual,3.2,199923,159405,2507,Low
12/31/2016,7 Series,2016,Middle East,Red,Petrol,Manual,1.8,15030,111447,422,Low
12/31/2011,X3,2011,Africa,Grey,Electric,Manual,2,16648,63869,4089,Low
12/31/2017,3 Series,2017,Middle East,Black,Petrol,Manual,4.1,170910,60795,7401,High
12/31/2015,X6,2015,Middle East,Grey,Hybrid,Automatic,2.6,125303,90917,2115,Low
12/31/2012,X5,2012,North America,White,Petrol,Automatic,3.3,50644,78704,5915,High
12/31/2018,i3,2018,North America,Red,Electric,Automatic,4.2,85090,98143,5611,High
12/31/2014,M5,2014,North America,Silver,Petrol,Automatic,4.1,85596,118251,918,Low
12/31/2017,7 Series,2017,South America,White,Electric,Automatic,2.1,189073,92158,629,Low
12/31/2016,i8,2016,Asia,White,Petrol,Manual,1.8,152499,113891,134,Low
12/31/2023,7 Series,2023,North America,Red,Diesel,Automatic,3.6,171165,119742,2229,Low
12/31/2017,X5,2017,Europe,Red,Diesel,Manual,4.1,139658,77156,5562,High
12/31/2016,X3,2016,North America,Silver,Electric,Automatic,2,6809,90066,8251,High
12/31/2012,M5,2012,Asia,Silver,Diesel,Automatic,2.8,27859,108545,872,Low
12/31/2011,X1,2011,Asia,Silver,Electric,Automatic,4.5,190168,46982,8018,High
12/31/2016,i8,2016,Asia,Blue,Petrol,Manual,4.8,52873,151867,50,Low
12/31/2012,7 Series,2012,Middle East,Black,Diesel,Automatic,3.1,96884,90227,139,Low
12/31/2012,X1,2012,South America,Silver,Petrol,Manual,1.8,98892,28477,4930,Low
12/31/2011,5 Series,2011,Asia,Silver,Diesel,Manual,2.4,73375,51755,6894,High
12/31/2013,7 Series,2013,South America,White,Petrol,Manual,2.3,60696,84490,251,Low
12/31/2017,5 Series,2017,North America,Silver,Petrol,Automatic,2.3,194007,60296,7855,High
12/31/2021,i3,2021,South America,Black,Hybrid,Manual,3.2,74396,96550,4020,Low
12/31/2010,X6,2010,Africa,Blue,Hybrid,Automatic,3.5,1698,90165,851,Low
12/31/2010,X5,2010,Asia,Grey,Petrol,Manual,1.9,25139,56387,6057,High
12/31/2021,i3,2021,South America,Red,Petrol,Manual,4.6,59888,93404,3534,Low
12/31/2023,M5,2023,Middle East,Red,Diesel,Automatic,3.7,175316,130908,1412,Low
12/31/2014,X6,2014,North America,Silver,Hybrid,Manual,3.6,17291,105016,3538,Low
12/31/2020,i8,2020,Europe,Blue,Electric,Automatic,5,118959,175547,245,Low
12/31/2014,i8,2014,North America,White,Diesel,Manual,3.7,55282,136620,50,Low
12/31/2020,X1,2020,South America,Silver,Hybrid,Manual,4.8,55558,99192,4613,Low
12/31/2021,3 Series,2021,North America,Silver,Petrol,Automatic,2.5,182982,67035,10243,High
12/31/2010,5 Series,2010,South America,Blue,Petrol,Automatic,2.3,8276,60143,2850,Low
12/31/2015,7 Series,2015,Europe,White,Petrol,Manual,3.3,141876,90551,980,Low
12/31/2010,X6,2010,North America,Black,Electric,Automatic,3.3,144720,70351,3277,Low
12/31/2014,3 Series,2014,Europe,Silver,Diesel,Automatic,2.3,132675,39633,9476,High
12/31/2018,i3,2018,Asia,Black,Electric,Automatic,3.9,137388,85777,6179,High
12/31/2021,3 Series,2021,Asia,Grey,Electric,Manual,1.6,160368,75039,10779,High
12/31/2023,M3,2023,Asia,Grey,Electric,Automatic,3.9,110368,134595,3660,Low
12/31/2014,X1,2014,Europe,Grey,Petrol,Automatic,3.1,10183,66067,6288,High
12/31/2015,X5,2015,Middle East,White,Diesel,Automatic,3.9,12561,102852,3851,Low
12/31/2017,M5,2017,Middle East,Red,Diesel,Manual,3.2,72286,125886,550,Low
12/31/2020,5 Series,2020,North America,Black,Electric,Manual,4.9,176687,101806,6656,High
12/31/2010,7 Series,2010,North America,Red,Electric,Manual,2.7,162600,82703,553,Low
12/31/2023,7 Series,2023,Middle East,White,Diesel,Automatic,4.9,64318,158616,710,Low
12/31/2011,X5,2011,Asia,Grey,Petrol,Automatic,1.7,40604,62015,5568,High
12/31/2018,M5,2018,Africa,Red,Electric,Manual,3.9,71912,138352,653,Low
12/31/2012,X3,2012,South America,Grey,Electric,Manual,3.1,163088,47590,5010,High
12/31/2015,X1,2015,Asia,Red,Electric,Automatic,4.4,71193,80301,8543,High
12/31/2014,M3,2014,South America,Grey,Electric,Automatic,4.3,91559,101352,824,Low
12/31/2020,M5,2020,Africa,Grey,Petrol,Automatic,4.3,125488,133153,679,Low
12/31/2011,M3,2011,Asia,Grey,Petrol,Automatic,1.8,32647,67418,2662,Low
12/31/2023,7 Series,2023,Middle East,Grey,Hybrid,Automatic,4.4,81584,200000,570,Low
12/31/2024,i8,2024,North America,Silver,Electric,Manual,2.2,129215,165575,1057,Low
12/31/2016,3 Series,2016,South America,Silver,Electric,Automatic,1.6,127148,63697,5752,High
12/31/2013,X5,2013,Middle East,Red,Diesel,Automatic,2.3,143015,53255,3362,Low
12/31/2010,X5,2010,Africa,White,Petrol,Manual,3.2,199804,31210,2892,Low
12/31/2022,X3,2022,Europe,Red,Petrol,Manual,4.1,82612,100584,8954,High
12/31/2013,5 Series,2013,Europe,Silver,Electric,Automatic,2.3,141006,62231,5547,High
12/31/2015,i8,2015,Asia,Silver,Petrol,Automatic,1.9,196662,107098,76,Low
12/31/2016,M5,2016,South America,Blue,Electric,Automatic,3.8,182021,111616,552,Low
12/31/2024,X3,2024,Asia,White,Hybrid,Automatic,4.9,2471,148281,9158,High
12/31/2016,X1,2016,Europe,White,Petrol,Manual,3.6,88527,60274,6365,High
12/31/2023,M3,2023,Africa,Blue,Electric,Manual,3.9,52982,140993,2101,Low
12/31/2016,i3,2016,Asia,Silver,Electric,Manual,3.5,18038,91952,4507,Low
12/31/2012,M5,2012,Africa,White,Hybrid,Automatic,4.2,53441,114141,50,Low
12/31/2015,X3,2015,Asia,Silver,Diesel,Manual,4.9,129289,63529,1879,Low
12/31/2022,i3,2022,Middle East,Black,Electric,Automatic,3.4,67836,184400,3260,Low
12/31/2017,7 Series,2017,Africa,White,Petrol,Automatic,3,29698,167791,50,Low
12/31/2013,7 Series,2013,North America,Red,Hybrid,Manual,4.5,89335,108957,551,Low
12/31/2022,i8,2022,Europe,Black,Diesel,Manual,4.9,141934,150537,401,Low
12/31/2017,M3,2017,North America,Blue,Diesel,Automatic,2,158360,71607,3464,Low
12/31/2011,i8,2011,Middle East,Grey,Hybrid,Automatic,3.5,197441,116382,50,Low
12/31/2024,5 Series,2024,Africa,Red,Hybrid,Manual,4.3,189576,105245,5103,High
12/31/2019,7 Series,2019,Asia,Black,Diesel,Automatic,3.4,109244,118999,1562,Low
12/31/2018,3 Series,2018,Asia,White,Electric,Manual,2.9,102640,81435,10426,High
12/31/2018,i8,2018,Europe,White,Electric,Manual,3.8,18618,170808,50,Low
12/31/2017,7 Series,2017,Europe,Blue,Diesel,Manual,2.4,79453,102375,1300,Low
12/31/2019,7 Series,2019,North America,Red,Diesel,Manual,2.7,129664,103948,1422,Low
12/31/2023,X3,2023,Africa,White,Hybrid,Automatic,5,167318,109382,5541,High
12/31/2022,7 Series,2022,Asia,White,Electric,Manual,3.7,58343,159677,1774,Low
12/31/2019,7 Series,2019,Middle East,Grey,Diesel,Automatic,4.6,28288,141206,421,Low
12/31/2010,i8,2010,Africa,Grey,Hybrid,Manual,4.3,71178,125217,50,Low
12/31/2011,X6,2011,Middle East,Blue,Petrol,Automatic,3.8,83663,75361,2262,Low
12/31/2015,3 Series,2015,Europe,Silver,Hybrid,Manual,4.4,181788,61939,8820,High
12/31/2019,M5,2019,Europe,Black,Petrol,Manual,2.5,104438,112109,1537,Low
12/31/2014,i8,2014,North America,Blue,Diesel,Manual,3.7,88166,133692,50,Low
12/31/2021,X1,2021,Europe,Blue,Petrol,Automatic,3.6,155142,74375,7927,High
12/31/2023,M5,2023,North America,Silver,Hybrid,Manual,3.7,67749,165249,1873,Low
12/31/2018,X1,2018,Africa,Blue,Diesel,Automatic,2.1,16387,65766,4556,Low
12/31/2014,3 Series,2014,South America,White,Electric,Automatic,2.5,126691,59877,5127,High
12/31/2011,X3,2011,Europe,Silver,Petrol,Manual,2.5,130313,35079,6878,High
12/31/2019,X1,2019,North America,Blue,Hybrid,Automatic,3.6,101941,81146,8844,High
12/31/2013,i8,2013,Asia,Red,Hybrid,Automatic,4.9,89335,150905,50,Low
12/31/2018,i8,2018,Africa,Grey,Hybrid,Automatic,4.8,131543,156229,50,Low
12/31/2010,X6,2010,South America,Red,Electric,Manual,2.3,23453,78539,1447,Low
12/31/2020,5 Series,2020,North America,Red,Electric,Automatic,2.6,43506,109669,7563,High
12/31/2010,X6,2010,Middle East,Red,Hybrid,Manual,1.6,198921,43935,2299,Low
12/31/2021,M3,2021,South America,Silver,Diesel,Automatic,2.9,25835,114718,1917,Low
12/31/2016,X5,2016,Middle East,Blue,Petrol,Automatic,4.4,5747,114799,3834,Low
12/31/2020,5 Series,2020,Africa,White,Petrol,Manual,4.7,54824,108304,3915,Low
12/31/2012,M5,2012,Asia,Blue,Diesel,Manual,2.3,163590,76053,1539,Low
12/31/2019,X3,2019,Asia,Silver,Electric,Automatic,2.4,64992,92496,10843,High
12/31/2011,3 Series,2011,Asia,Black,Diesel,Manual,2.3,79379,36253,8271,High
12/31/2018,M5,2018,Asia,Black,Diesel,Manual,2.7,153349,103785,1734,Low
12/31/2012,7 Series,2012,South America,Grey,Electric,Automatic,4.3,161109,97147,50,Low
12/31/2011,3 Series,2011,Asia,Black,Hybrid,Automatic,3.8,83709,60389,10400,High
12/31/2021,X6,2021,South America,Red,Hybrid,Manual,4.3,26639,129433,2934,Low
12/31/2017,X5,2017,South America,White,Electric,Automatic,3.5,127759,93305,2841,Low
12/31/2019,X5,2019,Middle East,Blue,Electric,Automatic,2.4,3169,120292,3721,Low
12/31/2015,X5,2015,Europe,Grey,Hybrid,Automatic,2.3,103318,77906,4624,Low
12/31/2015,M5,2015,Europe,Blue,Hybrid,Manual,1.5,148251,97775,1326,Low
12/31/2019,X3,2019,North America,Silver,Hybrid,Manual,4.2,154514,89475,9400,High
12/31/2020,X3,2020,North America,Silver,Petrol,Automatic,4.5,7737,117412,9307,High
12/31/2016,7 Series,2016,Africa,Blue,Electric,Automatic,4.2,106172,119438,50,Low
12/31/2016,X1,2016,Europe,Black,Electric,Manual,1.8,160361,48937,7297,High
12/31/2020,i8,2020,Middle East,White,Petrol,Manual,4.2,84564,170213,50,Low
12/31/2022,M3,2022,Europe,Silver,Diesel,Automatic,1.7,117728,92234,3866,Low
12/31/2024,X1,2024,South America,Black,Hybrid,Automatic,1.9,20866,106709,5253,High
12/31/2015,X5,2015,Africa,Silver,Electric,Manual,3,131975,82282,3083,Low
12/31/2013,M5,2013,Europe,White,Electric,Manual,3.2,99750,108578,960,Low
12/31/2020,i3,2020,North America,Grey,Hybrid,Automatic,4.4,110538,94235,6063,High
12/31/2018,M3,2018,Africa,Silver,Electric,Automatic,3.9,36265,121794,1471,Low
12/31/2015,X5,2015,South America,Blue,Petrol,Manual,2,120027,62634,3533,Low
12/31/2013,X3,2013,Africa,Red,Diesel,Manual,2.3,21787,54689,4246,Low
12/31/2021,3 Series,2021,Middle East,Blue,Electric,Automatic,2.5,91036,93740,6699,High
12/31/2012,3 Series,2012,Africa,Red,Hybrid,Automatic,1.9,117523,42419,4443,Low
12/31/2013,X1,2013,South America,White,Diesel,Manual,2.5,109790,30881,5266,High
12/31/2012,i3,2012,Asia,Grey,Diesel,Manual,4.1,81587,53573,4062,Low
12/31/2024,5 Series,2024,Europe,Silver,Electric,Manual,2.3,21581,131122,7274,High
12/31/2011,X5,2011,South America,Silver,Petrol,Automatic,4.4,75939,68887,2773,Low
12/31/2023,i3,2023,South America,Blue,Hybrid,Automatic,3.1,12512,120248,3547,Low
12/31/2014,X5,2014,Europe,Grey,Petrol,Manual,2.6,113940,62658,5845,High
12/31/2011,5 Series,2011,Middle East,Red,Hybrid,Automatic,2.9,151588,56351,4152,Low
12/31/2015,X1,2015,Africa,Red,Diesel,Manual,4,44001,61888,4395,Low
12/31/2012,i3,2012,North America,Red,Electric,Automatic,3.3,118121,63235,4061,Low
12/31/2015,X1,2015,Middle East,Black,Electric,Manual,1.5,29457,65802,4293,Low
12/31/2024,X6,2024,South America,Grey,Diesel,Manual,4.7,63944,137996,2888,Low
12/31/2020,3 Series,2020,North America,Grey,Diesel,Manual,1.7,3601,83526,11011,High
12/31/2019,i8,2019,Africa,Silver,Electric,Automatic,4.8,1220,182250,50,Low
12/31/2018,M5,2018,Asia,Red,Electric,Manual,1.6,159819,108732,2554,Low
12/31/2010,3 Series,2010,South America,Black,Diesel,Automatic,4.2,4856,58368,5352,High
12/31/2015,M3,2015,Middle East,Black,Electric,Manual,3.4,48751,107300,1246,Low
12/31/2018,i8,2018,Middle East,Silver,Hybrid,Automatic,3.3,186305,134810,247,Low
12/31/2020,X3,2020,North America,Black,Diesel,Manual,1.8,50964,81686,8992,High
12/31/2013,X1,2013,North America,Black,Petrol,Manual,2.3,67855,42167,8302,High
12/31/2020,X6,2020,South America,Blue,Electric,Manual,4.2,164515,115222,3007,Low
12/31/2021,X1,2021,Middle East,Black,Electric,Automatic,4.6,49250,111217,4958,Low
12/31/2011,X3,2011,North America,Red,Hybrid,Automatic,3.4,185427,42169,7892,High
12/31/2022,M5,2022,Africa,Blue,Petrol,Automatic,2.7,16481,144905,779,Low
12/31/2013,i3,2013,North America,Red,Electric,Manual,1.7,75283,59862,5142,High
12/31/2010,3 Series,2010,Middle East,Black,Diesel,Manual,3.9,93771,43632,6732,High
12/31/2012,X3,2012,North America,Black,Petrol,Manual,2.5,66796,53152,7321,High
12/31/2019,X1,2019,Middle East,White,Electric,Automatic,1.7,146720,65317,6017,High
12/31/2018,M5,2018,Asia,Black,Petrol,Manual,3.8,105094,122442,1739,Low
12/31/2019,X1,2019,North America,Red,Hybrid,Manual,3.2,185004,64887,8022,High
12/31/2014,5 Series,2014,North America,Red,Hybrid,Automatic,1.5,53699,76625,5981,High
12/31/2024,i8,2024,North America,Silver,Electric,Automatic,1.9,82991,174534,845,Low
12/31/2020,X1,2020,Africa,Silver,Electric,Manual,3.9,43633,97934,5124,High
12/31/2015,i3,2015,North America,Blue,Petrol,Manual,1.7,118142,43996,5539,High
12/31/2012,3 Series,2012,North America,Red,Diesel,Manual,4.5,150606,45255,8965,High
12/31/2014,3 Series,2014,North America,Red,Hybrid,Manual,2.6,58698,66992,8651,High
12/31/2020,i3,2020,Africa,White,Diesel,Manual,1.8,88388,63261,2781,Low
12/31/2017,i8,2017,South America,Silver,Diesel,Automatic,4.2,134335,137031,50,Low
12/31/2015,5 Series,2015,Europe,Silver,Electric,Manual,3.3,93943,89028,5342,High
12/31/2013,M3,2013,Europe,Grey,Hybrid,Automatic,2.6,83690,78801,2114,Low
12/31/2011,X1,2011,Asia,White,Hybrid,Manual,2.9,132017,35552,8688,High
12/31/2023,X1,2023,Africa,Silver,Electric,Automatic,1.6,134024,80178,5868,High
12/31/2018,i3,2018,Africa,Grey,Diesel,Manual,3.8,8235,88833,2288,Low
12/31/2022,7 Series,2022,North America,Black,Diesel,Manual,2.8,157407,115415,1965,Low
12/31/2021,X6,2021,Middle East,White,Electric,Manual,4,179732,118482,3328,Low
12/31/2010,X3,2010,Africa,Silver,Hybrid,Manual,3.7,50879,60650,4073,Low
12/31/2010,3 Series,2010,Africa,White,Hybrid,Automatic,3.8,144439,41176,4703,Low
12/31/2022,X1,2022,Africa,Red,Electric,Automatic,4.3,86993,101878,4336,Low
12/31/2013,M3,2013,Asia,Black,Petrol,Automatic,3.7,129380,70581,2374,Low
12/31/2016,i8,2016,Middle East,Red,Petrol,Automatic,3,109022,133145,50,Low
12/31/2010,X3,2010,North America,Black,Petrol,Manual,2.9,107389,37339,7656,High
12/31/2018,X6,2018,Europe,Black,Hybrid,Manual,1.9,131068,87714,4719,Low
12/31/2013,7 Series,2013,North America,White,Petrol,Automatic,4.2,115256,97076,767,Low
12/31/2012,i3,2012,Asia,Silver,Hybrid,Manual,4.2,190174,45619,4411,Low
12/31/2010,X6,2010,South America,White,Diesel,Manual,2.4,104,67090,1734,Low
12/31/2019,7 Series,2019,Middle East,Grey,Hybrid,Manual,4.5,30695,148646,914,Low
12/31/2013,X3,2013,Europe,Red,Diesel,Manual,3.6,28625,62970,8502,High
12/31/2018,M3,2018,Africa,Blue,Hybrid,Manual,3.2,196309,81120,2040,Low
12/31/2022,i3,2022,Middle East,Black,Diesel,Manual,1.6,183126,60101,4080,Low
12/31/2023,X1,2023,Europe,White,Hybrid,Automatic,2.8,176677,78818,9450,High
12/31/2019,X1,2019,Europe,Silver,Electric,Manual,3.7,191095,72023,8948,High
12/31/2015,M3,2015,Asia,White,Hybrid,Automatic,1.8,16027,94620,2406,Low
12/31/2015,M3,2015,South America,Red,Hybrid,Manual,3.1,198662,68561,1615,Low
12/31/2010,M3,2010,Europe,Blue,Hybrid,Automatic,5,182913,66467,1775,Low
12/31/2019,M3,2019,North America,White,Petrol,Automatic,4,96299,108576,2550,Low
12/31/2011,X5,2011,Asia,Grey,Electric,Manual,3.4,156865,61159,5803,High
12/31/2020,X6,2020,Africa,White,Petrol,Automatic,3.4,68245,112189,1885,Low
12/31/2015,7 Series,2015,Africa,White,Diesel,Manual,1.7,176057,64364,658,Low
12/31/2011,X6,2011,Africa,White,Hybrid,Manual,4.9,102647,84731,1258,Low
12/31/2012,M3,2012,Africa,White,Electric,Automatic,4.7,1633,105302,338,Low
12/31/2013,3 Series,2013,South America,White,Electric,Manual,3.9,73764,71880,5040,High
12/31/2020,X6,2020,Middle East,White,Petrol,Manual,1.8,30008,105414,2780,Low
12/31/2014,7 Series,2014,Europe,Grey,Hybrid,Automatic,2.2,154250,90430,1060,Low
12/31/2024,X6,2024,South America,Black,Hybrid,Manual,2.1,21052,135334,2939,Low
12/31/2018,7 Series,2018,Africa,Silver,Hybrid,Automatic,3.3,137799,113798,913,Low
12/31/2021,X5,2021,Africa,White,Petrol,Manual,2.2,140880,83685,3191,Low
12/31/2024,3 Series,2024,Middle East,Blue,Hybrid,Automatic,3.9,174156,99338,7769,High
12/31/2024,X6,2024,Middle East,Silver,Hybrid,Manual,3.4,112359,132865,4117,Low
12/31/2013,X1,2013,South America,Black,Petrol,Manual,1.6,82798,31717,4285,Low
12/31/2022,X3,2022,Africa,Blue,Electric,Manual,4.1,68870,114814,4763,Low
12/31/2020,M5,2020,South America,Blue,Diesel,Automatic,2.2,182862,103797,1194,Low
12/31/2018,M3,2018,North America,Silver,Diesel,Manual,4.4,198056,80412,2865,Low
12/31/2020,X1,2020,Asia,Black,Hybrid,Automatic,2.7,97901,78581,7683,High
12/31/2019,X6,2019,Asia,Black,Diesel,Manual,2.7,61198,96090,3863,Low
12/31/2012,i3,2012,North America,Blue,Diesel,Manual,1.5,99043,31803,4554,Low
12/31/2017,i3,2017,North America,White,Diesel,Automatic,5,120013,78363,4700,Low
12/31/2021,X6,2021,North America,Grey,Petrol,Manual,3.6,14429,121021,4301,Low
12/31/2010,7 Series,2010,Europe,Blue,Hybrid,Automatic,3,121533,85887,487,Low
12/31/2020,X6,2020,Europe,Grey,Petrol,Automatic,1.8,29881,108052,4112,Low
12/31/2018,X3,2018,Africa,Black,Electric,Automatic,3.9,130165,88839,5209,High
12/31/2018,5 Series,2018,Europe,Silver,Electric,Manual,2.5,61486,99615,6794,High
12/31/2019,X1,2019,Middle East,Grey,Petrol,Automatic,5,7971,105636,4601,Low
12/31/2011,i3,2011,North America,Grey,Hybrid,Automatic,4.8,181374,51339,5080,High
12/31/2013,X6,2013,South America,Blue,Diesel,Manual,4.1,56397,80786,1760,Low
12/31/2022,X1,2022,Middle East,White,Electric,Automatic,4.9,92675,110704,6075,High
12/31/2017,i3,2017,South America,Black,Electric,Automatic,1.9,65888,74725,3191,Low
12/31/2016,X1,2016,South America,Blue,Hybrid,Manual,2.5,55030,64442,4258,Low
12/31/2010,X6,2010,South America,Black,Hybrid,Automatic,2.4,102587,63511,1548,Low
12/31/2014,X3,2014,North America,Silver,Electric,Manual,1.8,135758,54744,7591,High
12/31/2016,5 Series,2016,Africa,Red,Diesel,Automatic,4.9,82149,85497,3050,Low
12/31/2024,5 Series,2024,Middle East,Silver,Hybrid,Manual,1.7,131392,105572,5041,High
12/31/2013,M5,2013,South America,Silver,Electric,Manual,4.5,149989,113242,50,Low
12/31/2024,X6,2024,North America,Silver,Electric,Automatic,4.2,183962,128064,5012,High
12/31/2024,X5,2024,Middle East,Red,Petrol,Manual,2.8,176205,94273,5410,High
12/31/2010,3 Series,2010,Africa,Red,Hybrid,Manual,1.6,112071,28979,4322,Low
12/31/2018,i8,2018,Europe,Blue,Diesel,Manual,1.5,104966,121678,250,Low
12/31/2023,i8,2023,Middle East,Silver,Hybrid,Manual,2.2,58967,173464,474,Low
12/31/2014,X6,2014,Europe,Silver,Hybrid,Manual,3.2,94031,85597,4026,Low
12/31/2020,M3,2020,Asia,Grey,Petrol,Manual,3.1,90304,97092,2827,Low
12/31/2011,i8,2011,North America,White,Petrol,Manual,3.5,80617,112477,50,Low
12/31/2017,M5,2017,North America,Blue,Petrol,Manual,4.2,138059,115348,1735,Low
12/31/2020,M5,2020,North America,Blue,Diesel,Automatic,2.8,808,142306,1413,Low
12/31/2022,i8,2022,North America,Silver,Hybrid,Manual,2.1,83753,161878,684,Low
12/31/2011,i3,2011,Europe,White,Diesel,Automatic,4.3,4514,65644,3598,Low
12/31/2012,X1,2012,North America,Silver,Electric,Manual,2.7,112033,48340,7643,High
12/31/2023,5 Series,2023,South America,Black,Diesel,Manual,2.5,154005,85882,5134,High
12/31/2019,5 Series,2019,Asia,Grey,Petrol,Automatic,4.2,45476,102317,6317,High
12/31/2010,i8,2010,Europe,Grey,Petrol,Manual,4.8,35131,133303,50,Low
12/31/2020,M5,2020,South America,Black,Hybrid,Automatic,4.7,100730,145391,1152,Low
12/31/2011,i8,2011,Africa,Silver,Electric,Automatic,2,11049,123879,50,Low
12/31/2023,i3,2023,Asia,Silver,Diesel,Manual,3.3,176991,78491,5182,High
12/31/2016,5 Series,2016,Europe,Black,Diesel,Manual,1.8,99198,64495,5862,High
12/31/2019,M5,2019,Africa,Grey,Petrol,Manual,4.9,146512,118582,619,Low
12/31/2011,7 Series,2011,Africa,Silver,Diesel,Manual,2.3,186241,51440,300,Low
12/31/2015,i8,2015,Asia,Black,Hybrid,Manual,2.2,68510,135982,50,Low
12/31/2024,X6,2024,Middle East,Red,Hybrid,Automatic,4.6,95093,147846,2922,Low
12/31/2012,X5,2012,South America,Red,Hybrid,Automatic,4.9,53892,91091,2866,Low
12/31/2013,i8,2013,Asia,White,Hybrid,Manual,3.9,2247,143661,50,Low
12/31/2020,7 Series,2020,South America,Silver,Diesel,Automatic,1.9,15631,122073,675,Low
12/31/2024,5 Series,2024,North America,Black,Petrol,Manual,3.2,197179,88570,8820,High
12/31/2022,M5,2022,Africa,Blue,Hybrid,Manual,4.4,60930,151909,1173,Low
12/31/2017,7 Series,2017,Europe,Blue,Petrol,Automatic,3.5,99449,107701,281,Low
12/31/2023,X3,2023,Asia,Black,Electric,Manual,2,36067,111388,8620,High
12/31/2012,X6,2012,Europe,Blue,Petrol,Manual,2.1,54816,66851,3597,Low
12/31/2019,M5,2019,Europe,Red,Petrol,Manual,4.5,176453,120644,1686,Low
12/31/2015,X5,2015,Asia,White,Petrol,Manual,3.3,154207,66124,5470,High
12/31/2010,i3,2010,Europe,Grey,Hybrid,Manual,4,68881,58112,3535,Low
12/31/2016,M3,2016,Middle East,Silver,Petrol,Automatic,2.8,152835,76334,1669,Low
12/31/2017,7 Series,2017,South America,White,Electric,Automatic,3.4,141659,117513,345,Low
12/31/2020,7 Series,2020,Europe,Red,Petrol,Automatic,4.9,12962,155971,1017,Low
12/31/2023,M3,2023,Asia,Blue,Petrol,Automatic,2.7,94071,115726,3483,Low
12/31/2017,7 Series,2017,Africa,Red,Petrol,Manual,3.9,80417,114892,258,Low
12/31/2012,M5,2012,South America,Silver,Electric,Manual,2.1,198768,78445,399,Low
12/31/2023,3 Series,2023,South America,Silver,Hybrid,Manual,1.9,135332,84286,7238,High
12/31/2019,X3,2019,Asia,Red,Petrol,Manual,4.2,140768,81287,8741,High
12/31/2010,3 Series,2010,Asia,Silver,Diesel,Manual,4.5,75748,47626,8921,High
12/31/2018,M5,2018,Asia,Silver,Hybrid,Automatic,3.8,159931,119463,2412,Low
12/31/2022,i8,2022,Africa,White,Hybrid,Automatic,2.1,97387,155673,366,Low
12/31/2015,X6,2015,North America,Black,Petrol,Automatic,2.3,159510,72491,4264,Low
12/31/2020,i3,2020,Europe,Silver,Electric,Manual,4.7,167818,86749,6035,High
12/31/2018,5 Series,2018,Asia,White,Petrol,Automatic,2.5,154226,74460,7296,High
12/31/2016,3 Series,2016,Asia,Silver,Petrol,Manual,4.4,130081,62448,8667,High
12/31/2010,M3,2010,Asia,Black,Hybrid,Manual,2.5,72280,67664,2359,Low
12/31/2021,5 Series,2021,Middle East,Red,Petrol,Manual,4.8,123183,108691,4973,Low
12/31/2021,i3,2021,Africa,Black,Petrol,Automatic,4.7,32839,109055,2883,Low
12/31/2010,i3,2010,South America,Silver,Hybrid,Manual,1.7,22149,46593,2343,Low
12/31/2015,X5,2015,North America,Blue,Petrol,Manual,4.2,76375,88877,5154,High
12/31/2014,X6,2014,South America,Blue,Hybrid,Manual,2.1,31443,86542,1757,Low
12/31/2018,i8,2018,South America,Black,Hybrid,Automatic,2.3,136450,132434,219,Low
12/31/2011,5 Series,2011,South America,Blue,Diesel,Automatic,3.1,42856,63217,3405,Low
12/31/2017,M3,2017,South America,Black,Hybrid,Manual,3.5,36536,105790,1268,Low
12/31/2020,X5,2020,Middle East,Black,Petrol,Automatic,2.6,10322,113835,3794,Low
12/31/2014,X1,2014,Africa,Grey,Diesel,Manual,3.5,1664,62535,3584,Low
12/31/2011,X3,2011,North America,White,Petrol,Manual,2.1,89858,41102,8604,High
12/31/2022,i8,2022,Africa,Black,Electric,Manual,1.6,79872,163282,265,Low
12/31/2019,M3,2019,North America,Red,Petrol,Automatic,3.5,43374,110412,3136,Low
12/31/2020,3 Series,2020,Asia,Black,Electric,Automatic,3.3,129028,95957,9462,High
12/31/2020,i3,2020,Europe,White,Diesel,Manual,3.9,24219,96277,4876,Low
12/31/2021,X6,2021,Europe,Red,Diesel,Manual,3.8,138223,101139,4304,Low
12/31/2015,X1,2015,Asia,Silver,Electric,Manual,4.6,43076,83892,6480,High
12/31/2019,5 Series,2019,Europe,Blue,Electric,Manual,3.1,66130,107136,6763,High
12/31/2017,X1,2017,North America,Red,Electric,Manual,1.5,190251,45879,7641,High
12/31/2013,X5,2013,Europe,Black,Hybrid,Automatic,3.7,5004,102073,4939,Low
12/31/2011,i8,2011,Europe,Silver,Electric,Manual,3.9,32733,137646,50,Low
12/31/2021,M3,2021,Middle East,White,Petrol,Automatic,3.3,64711,117997,2260,Low
12/31/2020,7 Series,2020,North America,Silver,Petrol,Automatic,3.9,196176,51322,2222,Low
12/31/2014,7 Series,2014,Asia,Grey,Electric,Automatic,2.6,64075,117517,748,Low
12/31/2024,i8,2024,South America,White,Hybrid,Automatic,2,158202,152110,779,Low
12/31/2021,7 Series,2021,Asia,Blue,Hybrid,Manual,3.8,165101,128554,1840,Low
12/31/2011,5 Series,2011,Europe,Black,Petrol,Manual,2.4,37148,58583,5371,High
12/31/2011,X6,2011,North America,Grey,Electric,Manual,3.1,193770,65361,3786,Low
12/31/2024,X1,2024,Africa,Grey,Diesel,Manual,3.2,43969,95943,4449,Low
12/31/2015,X5,2015,North America,Red,Hybrid,Manual,3.2,146209,79567,5835,High
12/31/2020,X1,2020,Asia,Red,Hybrid,Manual,3.6,53696,90858,8930,High
12/31/2019,3 Series,2019,Asia,Grey,Diesel,Automatic,1.6,9417,82463,10906,High
12/31/2018,3 Series,2018,Europe,Silver,Hybrid,Manual,5,146453,84960,10949,High
12/31/2022,i3,2022,South America,Black,Petrol,Automatic,4,146100,86408,3204,Low
12/31/2013,i8,2013,North America,Black,Petrol,Automatic,3,97780,125700,50,Low
12/31/2015,X5,2015,Europe,Silver,Hybrid,Automatic,2.2,38146,93037,5346,High
12/31/2016,M5,2016,North America,Black,Electric,Automatic,1.8,134829,116872,1469,Low
12/31/2022,X5,2022,Africa,Silver,Diesel,Manual,3.9,27000,117945,2821,Low
12/31/2020,i3,2020,Africa,Black,Hybrid,Automatic,2.6,156888,70157,3965,Low
12/31/2015,M5,2015,Africa,White,Hybrid,Manual,2.3,150696,90389,569,Low
12/31/2017,7 Series,2017,Africa,Silver,Petrol,Manual,2.8,119308,96576,428,Low
12/31/2013,5 Series,2013,North America,Red,Diesel,Manual,3.6,28221,73780,6279,High
12/31/2021,X6,2021,Europe,Red,Hybrid,Manual,3.9,154022,114511,4856,Low
12/31/2024,7 Series,2024,Africa,Black,Diesel,Automatic,3.8,132010,136624,1043,Low
12/31/2010,3 Series,2010,South America,Grey,Petrol,Automatic,4.5,33108,59313,11157,High
12/31/2016,3 Series,2016,Middle East,Black,Hybrid,Automatic,2.3,102778,66850,7093,High
12/31/2012,7 Series,2012,South America,Silver,Petrol,Automatic,3.7,10023,102281,50,Low
12/31/2023,3 Series,2023,Africa,Red,Petrol,Manual,1.9,138628,75841,5752,High
12/31/2015,5 Series,2015,South America,Silver,Diesel,Manual,3.4,160992,56751,4530,Low
12/31/2011,M3,2011,Middle East,Blue,Electric,Manual,3.5,147010,74361,1137,Low
12/31/2018,5 Series,2018,North America,White,Petrol,Automatic,2.3,110908,81494,7891,High
12/31/2010,X1,2010,Asia,Grey,Petrol,Manual,2.9,115593,26266,7794,High
12/31/2015,7 Series,2015,Europe,Grey,Hybrid,Manual,4.4,70144,117702,757,Low
12/31/2015,X6,2015,North America,Silver,Electric,Manual,2,6473,107558,3174,Low
12/31/2014,i8,2014,South America,Blue,Hybrid,Automatic,3,187742,110292,50,Low
12/31/2022,3 Series,2022,Europe,Grey,Electric,Manual,4.8,141291,99925,9297,High
12/31/2014,M3,2014,Europe,Silver,Hybrid,Manual,3.3,135195,74468,2224,Low
12/31/2010,X1,2010,Africa,Grey,Hybrid,Automatic,4,38746,56531,2818,Low
12/31/2019,X5,2019,Middle East,White,Diesel,Manual,4.4,169525,90684,3735,Low
12/31/2021,3 Series,2021,Asia,White,Hybrid,Manual,2.2,72310,91105,11170,High
12/31/2014,i8,2014,Middle East,Black,Petrol,Manual,2.3,135562,109004,50,Low
12/31/2011,7 Series,2011,North America,Blue,Hybrid,Automatic,4.2,144084,93463,529,Low
12/31/2016,i3,2016,Europe,Red,Electric,Automatic,4.1,8484,102119,4399,Low
12/31/2012,X5,2012,Europe,Silver,Petrol,Automatic,1.7,173304,40499,6112,High
12/31/2022,X3,2022,South America,White,Diesel,Manual,2.6,175521,71358,6423,High
12/31/2024,M5,2024,Middle East,Blue,Electric,Automatic,2.9,40597,173706,1646,Low
12/31/2013,i3,2013,Europe,Red,Petrol,Automatic,4.4,197577,41307,5185,High
12/31/2012,X5,2012,Middle East,Black,Hybrid,Automatic,3,108470,72560,3136,Low
12/31/2012,X6,2012,North America,White,Diesel,Manual,4.7,44675,120746,2618,Low
12/31/2013,X5,2013,Europe,Silver,Diesel,Manual,5,99972,74213,5398,High
12/31/2014,X5,2014,Asia,Blue,Diesel,Automatic,4.2,149758,67775,6211,High
12/31/2010,i8,2010,Middle East,Grey,Electric,Manual,3.8,134351,128553,50,Low
12/31/2013,3 Series,2013,Middle East,White,Diesel,Manual,2.9,139666,40904,6177,High
12/31/2021,M5,2021,Europe,Grey,Petrol,Automatic,1.7,33806,132072,1762,Low
12/31/2021,X5,2021,Africa,Red,Hybrid,Manual,3.5,84274,110824,4074,Low
12/31/2020,M5,2020,Middle East,Silver,Petrol,Manual,2.8,5272,149726,791,Low
12/31/2017,M5,2017,South America,Grey,Petrol,Automatic,2.7,45259,124845,426,Low
12/31/2019,X3,2019,Europe,Grey,Petrol,Manual,3.9,156640,70139,8549,High
12/31/2016,5 Series,2016,Middle East,Grey,Petrol,Automatic,3.1,109929,76643,3900,Low
12/31/2018,7 Series,2018,Europe,Grey,Diesel,Automatic,4.1,80967,120055,1013,Low
12/31/2014,i3,2014,Asia,White,Hybrid,Automatic,2.9,24244,76504,4135,Low
12/31/2022,3 Series,2022,South America,Black,Hybrid,Automatic,2,28738,99546,6461,High
12/31/2024,3 Series,2024,Middle East,Black,Petrol,Manual,3.1,68779,106659,6058,High
12/31/2019,5 Series,2019,Middle East,Blue,Electric,Manual,4.8,131877,110658,4981,Low
12/31/2013,M3,2013,Middle East,Black,Petrol,Manual,4.3,160444,67285,1695,Low
12/31/2017,M3,2017,Africa,Red,Electric,Manual,2.2,160324,79825,1369,Low
12/31/2018,i8,2018,Africa,Black,Diesel,Automatic,2.9,54317,144180,50,Low
12/31/2022,7 Series,2022,Asia,Silver,Electric,Manual,4.7,86118,163767,1494,Low
12/31/2016,3 Series,2016,North America,Grey,Hybrid,Manual,1.9,117563,59226,9954,High
12/31/2023,M5,2023,Asia,Silver,Petrol,Automatic,2.4,11295,150863,1727,Low
12/31/2016,X5,2016,Europe,Red,Electric,Automatic,2.4,151291,81125,5354,High
12/31/2014,X1,2014,North America,Blue,Hybrid,Manual,3.5,193938,41490,7175,High
12/31/2013,X5,2013,South America,Silver,Electric,Automatic,2.9,167450,67187,3047,Low
12/31/2023,M3,2023,South America,Blue,Petrol,Manual,1.8,67028,109153,1964,Low
12/31/2019,X1,2019,North America,White,Electric,Manual,3.7,7457,103377,7936,High
12/31/2010,5 Series,2010,Middle East,Red,Electric,Manual,1.8,103745,55712,3985,Low
12/31/2019,3 Series,2019,Africa,Blue,Diesel,Manual,3.6,78964,78674,5199,High
12/31/2019,5 Series,2019,Middle East,White,Petrol,Automatic,3.3,90932,94517,4944,Low
12/31/2016,3 Series,2016,Asia,Silver,Electric,Manual,3.2,121480,72782,10193,High
12/31/2010,3 Series,2010,Africa,Red,Electric,Manual,1.7,43678,46199,4192,Low
12/31/2010,7 Series,2010,North America,Grey,Diesel,Automatic,3.7,151351,70716,704,Low
12/31/2014,X6,2014,North America,Black,Diesel,Manual,3,186719,57820,4110,Low
12/31/2022,X6,2022,Middle East,White,Hybrid,Manual,2.9,128375,192856,2323,Low
12/31/2018,i3,2018,Africa,White,Diesel,Automatic,3.6,25161,82315,2368,Low
12/31/2015,3 Series,2015,Asia,White,Diesel,Manual,3.6,94616,61179,8481,High
12/31/2012,M5,2012,Europe,Black,Electric,Manual,1.6,124800,89356,1015,Low
12/31/2022,i3,2022,Asia,Silver,Diesel,Automatic,1.9,166613,67971,6255,High
12/31/2012,X3,2012,Europe,Black,Electric,Automatic,2.3,179762,44037,7205,High
12/31/2016,7 Series,2016,North America,Grey,Diesel,Automatic,3.9,91060,112117,1167,Low
12/31/2015,X6,2015,Middle East,Blue,Electric,Automatic,3.5,3541,117048,2044,Low
12/31/2018,X6,2018,North America,Grey,Electric,Automatic,4.2,154578,111270,4356,Low
12/31/2015,3 Series,2015,North America,Blue,Petrol,Automatic,4.1,34492,79191,8798,High
12/31/2014,X1,2014,North America,Black,Electric,Automatic,4.5,145314,62839,7331,High
12/31/2019,3 Series,2019,Asia,Grey,Petrol,Manual,2.8,101611,69928,10228,High
12/31/2016,i3,2016,Europe,White,Electric,Automatic,2.7,594,95434,4113,Low
12/31/2010,X1,2010,Africa,Grey,Hybrid,Automatic,4.4,44826,60623,2853,Low
12/31/2021,X5,2021,North America,Grey,Electric,Manual,2.3,39145,119830,6980,High
12/31/2016,M5,2016,North America,White,Diesel,Automatic,3.1,21019,122898,1165,Low
12/31/2012,X3,2012,Asia,Red,Petrol,Manual,2.2,129161,37814,9203,High
12/31/2023,7 Series,2023,Europe,Blue,Hybrid,Manual,4.7,176930,142232,2215,Low
12/31/2018,M5,2018,South America,Red,Diesel,Manual,2.9,114053,111294,860,Low
12/31/2024,i8,2024,North America,Silver,Hybrid,Manual,2.2,98133,173290,925,Low
12/31/2015,5 Series,2015,Europe,Black,Electric,Manual,3.9,31389,100532,6072,High
12/31/2018,i8,2018,Africa,Grey,Electric,Manual,2.4,174417,195221,50,Low
12/31/2022,M3,2022,South America,Black,Electric,Automatic,4.8,108012,131282,2463,Low
12/31/2024,M3,2024,Africa,Blue,Diesel,Manual,2.8,177984,94465,2597,Low
12/31/2014,i3,2014,Asia,Black,Petrol,Manual,3.8,128707,52817,5056,High
12/31/2016,M3,2016,Middle East,White,Diesel,Automatic,2.7,125117,80200,1804,Low
12/31/2022,7 Series,2022,South America,Grey,Petrol,Automatic,4.3,66921,147518,596,Low
12/31/2023,M3,2023,North America,White,Hybrid,Automatic,4.6,81071,133358,3752,Low
12/31/2013,X5,2013,South America,White,Petrol,Manual,4.3,64663,74333,3153,Low
12/31/2024,M5,2024,Africa,Black,Hybrid,Automatic,4.5,183978,145970,1466,Low
12/31/2016,7 Series,2016,Europe,Silver,Petrol,Automatic,1.9,97479,98603,1043,Low
12/31/2022,X3,2022,North America,Red,Electric,Automatic,4.7,8465,130320,8311,High
12/31/2010,X3,2010,Africa,Silver,Diesel,Automatic,3.7,179360,26617,4481,Low
12/31/2016,X6,2016,Asia,White,Hybrid,Manual,4.5,177757,88773,3960,Low
12/31/2017,X6,2017,Middle East,White,Diesel,Manual,3.9,102920,40326,2974,Low
12/31/2014,X3,2014,Africa,White,Petrol,Manual,2.2,199690,30139,5010,High
12/31/2011,3 Series,2011,Europe,White,Petrol,Automatic,3.6,19907,61099,8879,High
12/31/2014,X6,2014,North America,Grey,Petrol,Manual,1.8,24065,81244,3720,Low
12/31/2015,X6,2015,Middle East,Red,Hybrid,Manual,3.9,92954,99728,2086,Low
12/31/2021,X5,2021,Europe,Blue,Diesel,Automatic,2.9,138641,93179,6484,High
12/31/2011,5 Series,2011,North America,Red,Diesel,Automatic,2,199012,29379,7051,High
12/31/2023,3 Series,2023,Europe,Grey,Petrol,Manual,4.9,76449,106923,10523,High
12/31/2015,X3,2015,Middle East,Silver,Petrol,Manual,4.7,82357,78429,5614,High
12/31/2015,X6,2015,Europe,White,Electric,Automatic,4.6,107530,105785,2936,Low
12/31/2010,5 Series,2010,Middle East,Silver,Electric,Manual,4.3,1473,90071,3846,Low
12/31/2023,7 Series,2023,Africa,Silver,Electric,Manual,3.9,110878,146071,1150,Low
12/31/2010,M3,2010,Middle East,Red,Petrol,Automatic,3.8,107435,64700,1144,Low
12/31/2023,M5,2023,Asia,Black,Petrol,Manual,1.9,159799,122372,2344,Low
12/31/2020,X5,2020,South America,Red,Diesel,Automatic,4.7,344,128101,2801,Low
12/31/2019,i3,2019,Middle East,Silver,Hybrid,Manual,4.6,7401,116529,3766,Low
12/31/2012,X5,2012,Middle East,Black,Hybrid,Manual,4.1,146,100611,3025,Low
12/31/2023,X3,2023,North America,White,Electric,Manual,4.7,43295,128280,10237,High
12/31/2019,3 Series,2019,South America,Silver,Petrol,Automatic,3.4,94627,73528,6751,High
12/31/2019,X1,2019,North America,Silver,Diesel,Automatic,3.1,152134,56179,9170,High
12/31/2024,7 Series,2024,Asia,Red,Petrol,Automatic,4.9,102029,151839,1611,Low
12/31/2021,3 Series,2021,South America,Black,Hybrid,Automatic,3.1,130426,89580,6631,High
12/31/2012,5 Series,2012,Europe,Red,Petrol,Automatic,3.7,31404,72457,6076,High
12/31/2013,3 Series,2013,Asia,White,Electric,Manual,2.8,24832,72573,9531,High
12/31/2011,i3,2011,Asia,Silver,Diesel,Manual,3.7,142515,33493,5212,High
12/31/2018,i8,2018,Asia,White,Diesel,Manual,4,56096,144997,50,Low
12/31/2019,5 Series,2019,Asia,Red,Petrol,Automatic,3.7,89249,99923,940,Low
12/31/2021,X1,2021,Africa,Red,Petrol,Manual,3.3,171919,59515,5198,High
12/31/2020,M3,2020,Africa,Blue,Diesel,Manual,2.6,135006,41513,2640,Low
12/31/2023,M5,2023,North America,Red,Diesel,Automatic,3.8,184440,126004,2001,Low
12/31/2016,7 Series,2016,South America,White,Electric,Automatic,4.7,175745,114067,211,Low
12/31/2016,X6,2016,Middle East,Silver,Electric,Manual,1.5,149693,85532,2288,Low
12/31/2024,X3,2024,Africa,Red,Petrol,Manual,2,95051,92380,6116,High
12/31/2015,X6,2015,Middle East,Red,Diesel,Manual,1.9,188434,57811,2989,Low
12/31/2024,X6,2024,South America,Black,Hybrid,Manual,4.7,48591,140878,3318,Low
12/31/2012,5 Series,2012,Middle East,Red,Petrol,Automatic,3.8,31503,80061,4180,Low
12/31/2015,i3,2015,Asia,Silver,Petrol,Automatic,4.8,120778,71377,4356,Low
12/31/2024,X5,2024,Asia,Blue,Petrol,Automatic,3.5,142981,105192,6459,High
12/31/2023,i8,2023,Middle East,Red,Electric,Manual,3.1,72474,184858,251,Low
12/31/2021,i3,2021,Asia,Blue,Hybrid,Automatic,4.3,141008,93503,5580,High
12/31/2017,X6,2017,South America,White,Petrol,Manual,2.1,55206,89921,2118,Low
12/31/2017,X1,2017,North America,Grey,Electric,Automatic,2.8,110474,70139,7723,High
12/31/2020,X6,2020,South America,Silver,Petrol,Manual,3.1,29324,110599,2145,Low
12/31/2022,X1,2022,Europe,Blue,Hybrid,Automatic,2.5,188911,69555,7460,High
12/31/2018,M3,2018,Africa,Black,Hybrid,Automatic,2.8,107084,92278,1910,Low
12/31/2024,M3,2024,South America,Silver,Diesel,Manual,1.8,40984,113309,2322,Low
12/31/2010,M3,2010,Europe,Black,Electric,Automatic,2.2,189096,48671,2213,Low
12/31/2023,i8,2023,Asia,Red,Electric,Automatic,2.7,155259,163010,858,Low
12/31/2010,X5,2010,Middle East,Silver,Diesel,Manual,4.3,191652,45013,3236,Low
12/31/2012,X3,2012,South America,Black,Diesel,Automatic,2.1,61332,48004,5435,High
12/31/2012,X5,2012,Africa,Silver,Diesel,Manual,2.7,14890,65134,2534,Low
12/31/2019,X5,2019,Africa,White,Diesel,Manual,1.7,146731,67260,3724,Low
12/31/2017,X1,2017,Europe,Grey,Electric,Manual,3.4,133075,68052,7883,High
12/31/2024,5 Series,2024,South America,White,Petrol,Automatic,3.6,170451,101426,4882,Low
12/31/2019,X6,2019,Middle East,Black,Petrol,Manual,4.5,160666,104449,2406,Low
12/31/2010,X6,2010,Middle East,Silver,Hybrid,Automatic,4.4,192544,69995,2030,Low
12/31/2022,X6,2022,Asia,Grey,Hybrid,Automatic,2.5,150159,106140,5448,High
12/31/2011,M5,2011,Europe,Blue,Petrol,Manual,2,193158,63323,1191,Low
12/31/2011,3 Series,2011,North America,Grey,Electric,Automatic,2,72055,54432,10018,High
12/31/2012,5 Series,2012,Africa,Red,Petrol,Automatic,4.9,173583,56199,2734,Low
12/31/2022,i3,2022,Europe,Black,Petrol,Automatic,3.9,31789,110601,5556,High
12/31/2015,5 Series,2015,Europe,Black,Petrol,Manual,1.6,15875,70231,6725,High
12/31/2010,5 Series,2010,Europe,Black,Diesel,Automatic,2,3586,56545,5780,High
12/31/2011,X6,2011,Europe,White,Diesel,Automatic,3.2,135517,56571,3566,Low
12/31/2022,M5,2022,North America,White,Petrol,Manual,2.2,187738,115749,2453,Low
12/31/2024,M5,2024,Asia,Black,Diesel,Automatic,4.3,93468,149388,2263,Low
12/31/2022,M5,2022,Europe,White,Petrol,Manual,3.5,130550,137311,3744,Low
12/31/2010,X1,2010,Africa,Black,Diesel,Automatic,3.6,150005,25000,3495,Low
12/31/2014,M5,2014,Africa,Grey,Petrol,Manual,3.1,194384,78916,521,Low
12/31/2022,X5,2022,Middle East,Black,Hybrid,Manual,2.4,177728,101584,5597,High
12/31/2022,X1,2022,Europe,Red,Diesel,Automatic,3.6,69908,89079,6808,High
12/31/2016,i3,2016,Middle East,Silver,Electric,Manual,4,29408,98736,2922,Low
12/31/2017,X5,2017,South America,Blue,Hybrid,Automatic,2.8,49334,98263,3614,Low
12/31/2019,i3,2019,Asia,Black,Electric,Manual,3.3,82530,90432,6525,High
12/31/2010,7 Series,2010,Middle East,Red,Electric,Manual,4.4,46499,117441,50,Low
12/31/2016,i3,2016,North America,White,Electric,Automatic,2,135206,63998,5680,High
12/31/2022,X3,2022,North America,Grey,Petrol,Automatic,3.4,90673,99804,9163,High
12/31/2014,i3,2014,Europe,Red,Diesel,Manual,2.7,150299,39311,5035,High
12/31/2019,X5,2019,Africa,Black,Diesel,Automatic,4,67603,100530,2919,Low
12/31/2010,X1,2010,Middle East,Silver,Diesel,Manual,1.6,165542,25000,4872,Low
12/31/2012,X5,2012,Africa,White,Hybrid,Manual,3.8,94698,74291,2155,Low
12/31/2016,5 Series,2016,Asia,Blue,Petrol,Automatic,1.9,13720,84582,7182,High
12/31/2019,i8,2019,Middle East,Red,Petrol,Automatic,1.7,165758,123368,50,Low
12/31/2010,X5,2010,Middle East,Black,Diesel,Manual,4,97453,59508,2837,Low
12/31/2016,X1,2016,Africa,White,Petrol,Manual,3.7,147231,45667,4270,Low
12/31/2014,3 Series,2014,Middle East,Red,Petrol,Manual,4.6,155582,54034,7222,High
12/31/2010,M5,2010,North America,White,Hybrid,Automatic,3.3,2927,117486,481,Low
12/31/2010,7 Series,2010,Africa,Silver,Electric,Automatic,3.4,39793,99925,50,Low
12/31/2023,5 Series,2023,Middle East,Grey,Petrol,Manual,4,21803,126440,4289,Low
12/31/2010,3 Series,2010,Middle East,Blue,Hybrid,Automatic,2.6,6739,63261,5415,High
12/31/2020,i3,2020,Asia,Grey,Diesel,Manual,1.6,89096,64631,5955,High
12/31/2018,X5,2018,Middle East,White,Electric,Automatic,2.3,172404,83859,4224,Low
12/31/2020,7 Series,2020,Middle East,Black,Petrol,Manual,2.3,82380,116203,966,Low
12/31/2022,7 Series,2022,South America,Silver,Petrol,Automatic,2.7,132133,121993,1031,Low
12/31/2012,X6,2012,Europe,Black,Hybrid,Manual,4.8,116181,88946,3600,Low
12/31/2024,3 Series,2024,Middle East,White,Hybrid,Manual,4.3,2171,131073,7019,High
12/31/2022,3 Series,2022,North America,Red,Petrol,Manual,4.8,151076,91670,10713,High
12/31/2014,i8,2014,Asia,Silver,Diesel,Manual,5,158870,128515,50,Low
12/31/2020,3 Series,2020,Middle East,White,Electric,Manual,3,70730,94305,7450,High
12/31/2019,7 Series,2019,Europe,Black,Diesel,Automatic,2.3,193741,96637,1610,Low
12/31/2021,X1,2021,South America,Red,Petrol,Manual,3.5,12278,95750,5279,High
12/31/2018,i3,2018,Europe,Silver,Hybrid,Automatic,4.6,71311,95962,5380,High
12/31/2015,M3,2015,Europe,White,Petrol,Automatic,3.1,55334,86482,2726,Low
12/31/2021,5 Series,2021,Middle East,Silver,Hybrid,Automatic,3.3,46555,117038,5469,High
12/31/2018,3 Series,2018,Europe,Grey,Hybrid,Manual,2,139132,60818,10934,High
12/31/2017,X3,2017,Asia,Grey,Diesel,Automatic,3,36465,80773,9079,High
12/31/2017,X5,2017,North America,Blue,Electric,Automatic,2.9,11418,162348,4951,Low
12/31/2010,X6,2010,Africa,White,Electric,Manual,2.7,183981,77857,986,Low
12/31/2022,X6,2022,Middle East,Blue,Petrol,Automatic,4.6,112073,126966,2740,Low
12/31/2018,M3,2018,North America,Grey,Hybrid,Manual,1.7,19245,110239,2964,Low
12/31/2015,3 Series,2015,North America,Red,Petrol,Manual,4.9,173402,57523,9423,High
12/31/2018,7 Series,2018,Europe,Blue,Petrol,Manual,1.5,156501,91006,1698,Low
12/31/2012,i8,2012,Asia,White,Diesel,Automatic,4.8,81324,124956,50,Low
12/31/2021,i3,2021,Africa,Blue,Petrol,Automatic,3.4,138527,78208,2782,Low
12/31/2012,X5,2012,Africa,Red,Hybrid,Manual,4,105078,74470,2154,Low
12/31/2015,M5,2015,Africa,Grey,Electric,Automatic,2.2,86192,108626,222,Low
12/31/2018,i3,2018,North America,Silver,Diesel,Automatic,3.8,175077,60316,5790,High
12/31/2016,X3,2016,Middle East,Silver,Electric,Manual,4.6,180526,76334,5309,High
12/31/2023,X6,2023,Africa,White,Petrol,Automatic,2,93223,109175,2259,Low
12/31/2022,5 Series,2022,North America,Red,Electric,Manual,1.9,79876,109523,7111,High
12/31/2012,X1,2012,Middle East,Red,Hybrid,Manual,2.6,194493,29436,5211,High
12/31/2012,M5,2012,Europe,White,Diesel,Automatic,2.1,68711,87734,1022,Low
12/31/2011,7 Series,2011,Europe,Black,Hybrid,Manual,1.9,48629,89772,523,Low
12/31/2018,M3,2018,South America,Black,Electric,Automatic,3.9,51702,116862,1666,Low
12/31/2022,M5,2022,South America,Grey,Hybrid,Manual,2.2,156424,124444,1708,Low
12/31/2024,X6,2024,Asia,Black,Petrol,Manual,3.8,29126,130742,4996,Low
12/31/2012,M3,2012,Middle East,Black,Diesel,Manual,4.5,10897,89135,915,Low
12/31/2020,X3,2020,Middle East,Silver,Diesel,Automatic,3.8,100269,91846,5554,High
12/31/2014,X5,2014,Europe,Red,Electric,Automatic,1.9,159463,69867,5133,High
12/31/2023,M3,2023,South America,Blue,Electric,Manual,3.5,93184,127320,2676,Low
12/31/2023,X1,2023,Africa,Red,Diesel,Automatic,2.9,13552,98635,4677,Low
12/31/2018,X5,2018,South America,Blue,Electric,Manual,2.7,167289,83285,4538,Low
12/31/2017,5 Series,2017,Europe,White,Diesel,Automatic,2.6,187525,59444,7041,High
12/31/2011,i8,2011,Europe,Red,Hybrid,Manual,4.8,134861,118892,50,Low
12/31/2012,X3,2012,South America,Blue,Hybrid,Manual,4.1,727,77083,4353,Low
12/31/2011,X1,2011,Africa,Silver,Petrol,Manual,2,199161,25000,3305,Low
12/31/2017,X1,2017,North America,Silver,Petrol,Automatic,3.2,198352,43498,6941,High
12/31/2015,5 Series,2015,Middle East,White,Hybrid,Manual,2.6,150096,66877,4528,Low
12/31/2015,7 Series,2015,Asia,Blue,Hybrid,Automatic,4.9,153835,117228,894,Low
12/31/2021,i8,2021,South America,Grey,Diesel,Automatic,4.9,79380,161694,50,Low
12/31/2024,3 Series,2024,South America,White,Hybrid,Manual,2.6,167279,84429,7566,High
12/31/2018,3 Series,2018,South America,Black,Petrol,Manual,2.7,162594,51810,6609,High
12/31/2017,X5,2017,Europe,Red,Diesel,Automatic,3.6,33977,99720,5474,High
12/31/2013,X3,2013,Europe,White,Diesel,Manual,3.2,104313,47641,7667,High
12/31/2024,i8,2024,Europe,White,Petrol,Automatic,2.2,55088,166894,431,Low
12/31/2021,X3,2021,South America,Black,Petrol,Manual,3.8,100065,90885,6388,High
12/31/2013,i3,2013,Middle East,Blue,Petrol,Manual,2.7,104003,47557,3262,Low
12/31/2018,M5,2018,Middle East,Black,Diesel,Automatic,3.8,34775,137776,522,Low
12/31/2010,3 Series,2010,Africa,Grey,Diesel,Manual,2.8,2911,47355,4645,Low
12/31/2022,X1,2022,Europe,Silver,Electric,Manual,4,163350,84775,8117,High
12/31/2011,X5,2011,Middle East,Black,Electric,Manual,3.8,126184,75323,3335,Low
12/31/2011,5 Series,2011,North America,Red,Petrol,Manual,3.3,34829,67842,5572,High
12/31/2022,X6,2022,North America,Grey,Electric,Automatic,4,89808,136665,4462,Low
12/31/2022,5 Series,2022,South America,Silver,Diesel,Manual,3.1,191847,78250,5536,High
12/31/2015,i3,2015,North America,Grey,Petrol,Manual,1.9,106290,48132,4404,Low
12/31/2024,i8,2024,Africa,White,Hybrid,Automatic,2.1,119156,162373,526,Low
12/31/2013,X3,2013,South America,Blue,Hybrid,Manual,2.4,69377,60048,4161,Low
12/31/2022,i3,2022,Middle East,Blue,Electric,Manual,1.7,185606,79846,4693,Low
12/31/2020,X1,2020,Middle East,Red,Petrol,Manual,4,199394,61243,5947,High
12/31/2019,M5,2019,Europe,Black,Diesel,Manual,2.8,109233,119844,222,Low
12/31/2022,7 Series,2022,North America,Silver,Electric,Automatic,1.8,102931,130289,2048,Low
12/31/2012,X6,2012,Africa,Grey,Electric,Automatic,4.4,10459,106169,1000,Low
12/31/2012,3 Series,2012,Middle East,Black,Petrol,Automatic,3.9,51084,65033,5422,High
12/31/2012,X6,2012,South America,Red,Electric,Manual,3.1,104696,77875,1766,Low
12/31/2015,i3,2015,Europe,Red,Hybrid,Automatic,2.4,114864,60454,5358,High
12/31/2023,M5,2023,North America,Red,Petrol,Manual,2,198379,118803,2008,Low
12/31/2017,i3,2017,South America,Red,Diesel,Automatic,3.1,192966,47985,3284,Low
12/31/2020,X1,2020,North America,Red,Hybrid,Manual,4.6,35972,101360,8949,High
12/31/2016,X1,2016,Asia,Grey,Petrol,Manual,2.2,111540,45126,8764,High
12/31/2023,X6,2023,North America,Silver,Electric,Automatic,3.5,128864,130178,5279,High
12/31/2013,X6,2013,Africa,White,Hybrid,Automatic,4.9,124424,85972,1575,Low
12/31/2020,X6,2020,Asia,Red,Hybrid,Manual,3.7,25652,125677,5192,High
12/31/2021,5 Series,2021,Europe,Blue,Petrol,Automatic,3,39182,106146,5947,High
12/31/2013,X1,2013,Asia,White,Petrol,Automatic,4,183009,47695,6744,High
12/31/2020,M5,2020,Africa,Grey,Hybrid,Manual,4.4,35665,146783,912,Low
12/31/2019,i8,2019,Asia,Blue,Diesel,Automatic,3.6,85763,149076,50,Low
12/31/2024,M3,2024,North America,Blue,Electric,Manual,4.6,81313,150163,3006,Low
12/31/2020,X5,2020,Africa,Black,Electric,Automatic,3.3,134892,105425,3955,Low
12/31/2020,5 Series,2020,North America,Red,Petrol,Manual,4.4,34004,113865,7733,High
12/31/2023,5 Series,2023,North America,White,Petrol,Automatic,4.8,36561,130928,7499,High
12/31/2020,i8,2020,Middle East,Blue,Hybrid,Manual,3.3,19251,169305,50,Low
12/31/2011,M3,2011,Africa,Grey,Diesel,Manual,3.6,12451,74349,577,Low
12/31/2023,X6,2023,Middle East,Silver,Diesel,Automatic,3.6,11874,144283,2693,Low
12/31/2010,M5,2010,Asia,Grey,Diesel,Automatic,4.2,15033,108666,592,Low
12/31/2018,3 Series,2018,Asia,Red,Petrol,Manual,4.4,157921,70855,9258,High
12/31/2021,X1,2021,South America,Blue,Electric,Automatic,1.6,155565,68004,5283,High
12/31/2024,X1,2024,North America,Black,Electric,Manual,4.1,167617,97179,9009,High
12/31/2021,M3,2021,Africa,Silver,Diesel,Manual,4.2,44456,116052,1509,Low
12/31/2011,M5,2011,Africa,Grey,Hybrid,Manual,4,28495,113312,50,Low
12/31/2022,5 Series,2022,North America,White,Petrol,Automatic,4,135579,98775,6791,High
12/31/2017,X5,2017,Asia,Blue,Petrol,Manual,1.6,113973,72005,5831,High
12/31/2024,X6,2024,Asia,White,Petrol,Manual,3,54523,132444,4140,Low
12/31/2018,i3,2018,Europe,White,Diesel,Automatic,4.4,161310,67104,5405,High
12/31/2013,M5,2013,South America,Red,Electric,Manual,4.8,129031,117114,50,Low
12/31/2017,i8,2017,Middle East,Grey,Electric,Manual,2.3,144326,137662,50,Low
12/31/2018,X1,2018,Africa,Grey,Electric,Automatic,3.5,21329,93655,4480,Low
12/31/2019,3 Series,2019,South America,Blue,Petrol,Manual,4.3,157615,67536,5298,High
12/31/2019,i8,2019,Africa,Blue,Diesel,Automatic,4.1,51427,148690,50,Low
12/31/2014,X5,2014,Middle East,Silver,Electric,Automatic,3.7,94815,91407,3010,Low
12/31/2022,7 Series,2022,Africa,Grey,Electric,Automatic,1.6,1615,148910,854,Low
12/31/2023,M5,2023,Middle East,Blue,Electric,Manual,4,100117,156908,1759,Low
12/31/2016,X5,2016,Africa,Blue,Electric,Automatic,4.2,74010,106679,2798,Low
12/31/2019,3 Series,2019,Middle East,White,Hybrid,Manual,4,12264,103533,6441,High
12/31/2013,i3,2013,Europe,White,Petrol,Automatic,4.2,190495,40632,4841,Low
12/31/2010,5 Series,2010,North America,Grey,Diesel,Automatic,3,56103,58091,6901,High
12/31/2012,X1,2012,North America,White,Electric,Manual,5,64357,74850,6331,High
12/31/2014,3 Series,2014,Europe,White,Diesel,Manual,4.2,46012,96730,7389,High
12/31/2012,5 Series,2012,North America,Silver,Petrol,Automatic,3.5,91367,64515,6966,High
12/31/2021,i3,2021,Europe,Grey,Diesel,Manual,4.8,27465,103893,4486,Low
12/31/2022,X3,2022,South America,White,Petrol,Manual,4.7,4259,119914,5752,High
12/31/2020,M5,2020,North America,Grey,Petrol,Manual,4.4,32198,144685,1494,Low
12/31/2016,M5,2016,North America,Black,Hybrid,Manual,3.5,154482,114227,1505,Low
12/31/2021,X6,2021,North America,Blue,Petrol,Automatic,3.3,98434,107191,3888,Low
12/31/2018,i3,2018,Middle East,Blue,Diesel,Manual,2.7,33867,77650,3486,Low
12/31/2024,5 Series,2024,North America,Silver,Hybrid,Automatic,2.4,140511,112967,8742,High
12/31/2021,M3,2021,North America,Black,Electric,Manual,3.3,153150,109519,3166,Low
12/31/2015,7 Series,2015,Africa,Black,Hybrid,Automatic,3.5,2418,127913,50,Low
12/31/2022,3 Series,2022,Africa,White,Diesel,Automatic,2.4,82269,78752,5416,High
12/31/2019,X1,2019,Asia,Grey,Diesel,Automatic,4.7,103305,81166,9236,High
12/31/2010,i3,2010,North America,Grey,Diesel,Automatic,3.5,183956,25000,4628,Low
12/31/2016,M3,2016,Europe,Grey,Petrol,Manual,3.3,104357,82007,2792,Low
12/31/2024,i3,2024,Middle East,Silver,Diesel,Automatic,3,8211,116104,3500,Low
12/31/2012,X3,2012,Middle East,Silver,Electric,Manual,1.7,15374,71762,5110,High
12/31/2014,7 Series,2014,Middle East,Silver,Hybrid,Manual,4.6,155028,104094,226,Low
12/31/2019,M5,2019,North America,Blue,Petrol,Manual,2.6,10078,138556,1264,Low
12/31/2013,M5,2013,Asia,Blue,Electric,Manual,3.7,65938,126681,945,Low
12/31/2019,M3,2019,North America,White,Petrol,Manual,3.6,75754,100950,3107,Low
12/31/2014,X6,2014,North America,Black,Hybrid,Automatic,3.5,69255,100367,3731,Low
12/31/2014,X6,2014,Asia,Black,Hybrid,Automatic,3.3,102825,93930,3643,Low
12/31/2015,7 Series,2015,Middle East,Red,Electric,Manual,2.1,58133,118048,174,Low
12/31/2023,X5,2023,Middle East,Grey,Petrol,Automatic,2.5,85613,110191,4011,Low
12/31/2019,7 Series,2019,Africa,Silver,Hybrid,Automatic,3.3,43501,132073,701,Low
12/31/2021,X5,2021,South America,Black,Petrol,Automatic,4.3,176459,92412,3420,Low
12/31/2019,i3,2019,Europe,White,Hybrid,Manual,3,24937,92844,5420,High
12/31/2022,3 Series,2022,Middle East,Grey,Petrol,Manual,2.2,171644,67432,6556,High
12/31/2022,M5,2022,Asia,White,Diesel,Manual,1.8,139132,116806,2210,Low
12/31/2020,i3,2020,Africa,Red,Petrol,Automatic,3.8,166727,68975,3257,Low
12/31/2015,7 Series,2015,Asia,Black,Hybrid,Manual,3,23805,122757,694,Low
12/31/2017,X5,2017,Africa,Black,Diesel,Automatic,1.9,113594,65646,3383,Low
12/31/2017,i3,2017,Middle East,Grey,Petrol,Manual,3.9,40495,80140,3766,Low
12/31/2020,i3,2020,Europe,Red,Hybrid,Automatic,2.2,2257,105088,5963,High
12/31/2018,i3,2018,Asia,Silver,Electric,Automatic,3.3,188147,74569,6501,High
12/31/2017,7 Series,2017,Africa,Grey,Electric,Manual,2.6,55322,118780,184,Low
12/31/2022,X6,2022,Africa,Grey,Petrol,Automatic,4.8,125375,115300,2602,Low
12/31/2020,i8,2020,Middle East,Black,Hybrid,Automatic,2.3,12137,167281,58,Low
12/31/2011,i3,2011,Asia,Blue,Petrol,Automatic,3,18548,55394,4181,Low
12/31/2023,X3,2023,South America,Red,Petrol,Automatic,4.9,58942,119451,5985,High
12/31/2023,i3,2023,North America,White,Petrol,Manual,2.6,115114,86321,6039,High
12/31/2021,i3,2021,South America,Black,Hybrid,Manual,3.8,149701,81387,3401,Low
12/31/2019,3 Series,2019,Africa,Silver,Electric,Automatic,2.6,41115,91952,6109,High
12/31/2021,X3,2021,Middle East,Silver,Hybrid,Automatic,1.9,150684,86218,6552,High
12/31/2020,5 Series,2020,North America,Grey,Diesel,Automatic,3.7,8593,110472,7322,High
12/31/2024,i8,2024,Europe,White,Diesel,Manual,4.7,74346,171017,419,Low
12/31/2010,3 Series,2010,Africa,Silver,Hybrid,Manual,3.1,52525,51281,4342,Low
12/31/2019,X6,2019,North America,Blue,Petrol,Manual,3.7,190957,91754,4495,Low
12/31/2011,5 Series,2011,South America,Blue,Electric,Automatic,3.6,162902,60285,3324,Low
12/31/2011,i8,2011,South America,Red,Hybrid,Manual,3,99128,117287,50,Low
12/31/2021,i8,2021,Europe,Blue,Hybrid,Manual,3.7,151544,158757,575,Low
12/31/2012,M3,2012,Asia,Black,Hybrid,Manual,2.4,3811,45267,2607,Low
12/31/2019,5 Series,2019,Europe,White,Diesel,Automatic,2.8,32563,94053,6606,High
12/31/2016,3 Series,2016,Middle East,Blue,Electric,Manual,3,121105,76027,6162,High
12/31/2011,5 Series,2011,Middle East,White,Electric,Automatic,4.5,186664,68014,4173,Low
12/31/2023,X1,2023,Europe,Silver,Electric,Manual,2.7,152116,89032,9590,High
12/31/2010,X3,2010,Europe,Grey,Petrol,Automatic,3.7,139276,39486,7990,High
12/31/2023,X6,2023,Asia,Red,Electric,Manual,2.2,199318,110904,4958,Low
12/31/2015,M3,2015,Middle East,Grey,Petrol,Manual,2.4,196146,58338,1911,Low
12/31/2018,X3,2018,Europe,Red,Hybrid,Automatic,3.8,161514,79604,9957,High
12/31/2024,i8,2024,Middle East,Blue,Diesel,Automatic,4.2,129655,72488,1461,Low
12/31/2012,i8,2012,Europe,Blue,Hybrid,Automatic,3.1,174448,107905,50,Low
12/31/2015,i8,2015,Africa,Red,Diesel,Manual,2.7,116252,108213,50,Low
12/31/2012,M3,2012,North America,Grey,Diesel,Automatic,4.7,125557,74668,2464,Low
12/31/2023,3 Series,2023,Europe,Blue,Diesel,Manual,2,154333,70334,10452,High
12/31/2022,3 Series,2022,Asia,Black,Diesel,Manual,4,58517,99469,10151,High
12/31/2010,3 Series,2010,North America,White,Petrol,Automatic,3.9,13534,59328,7729,High
12/31/2023,5 Series,2023,Europe,Silver,Petrol,Manual,3.9,133417,106845,7139,High
12/31/2022,X1,2022,Europe,Silver,Hybrid,Automatic,4.8,190403,83411,8112,High
12/31/2021,i8,2021,Europe,White,Diesel,Manual,4,91623,148505,257,Low
12/31/2014,X5,2014,North America,Grey,Petrol,Manual,2.6,39681,34672,6768,High
12/31/2019,X1,2019,Europe,Silver,Diesel,Manual,2.7,40231,72607,7917,High
12/31/2023,X3,2023,North America,White,Diesel,Automatic,2.9,86390,93847,10592,High
12/31/2022,5 Series,2022,Middle East,Red,Petrol,Manual,1.6,78233,95398,5941,High
12/31/2020,7 Series,2020,Asia,Silver,Petrol,Automatic,4.7,72597,137544,1207,Low
12/31/2013,i3,2013,Europe,Silver,Electric,Automatic,1.8,24935,70545,4080,Low
12/31/2016,X5,2016,South America,Blue,Electric,Automatic,3.9,28369,111973,2666,Low
12/31/2015,M5,2015,Europe,Grey,Petrol,Manual,4.1,179911,93616,1544,Low
12/31/2019,i8,2019,Africa,Silver,Petrol,Manual,4.5,196457,125295,50,Low
12/31/2016,X5,2016,Africa,Black,Petrol,Automatic,3.4,41674,89323,3171,Low
12/31/2014,i8,2014,Africa,Silver,Electric,Manual,4,125627,134287,50,Low
12/31/2024,X6,2024,Africa,Black,Electric,Manual,2.6,17897,134603,3094,Low
12/31/2024,X5,2024,Africa,Red,Hybrid,Manual,4.1,197006,104021,4017,Low
12/31/2013,X1,2013,North America,Silver,Diesel,Automatic,2.7,1255,57359,8010,High
12/31/2016,7 Series,2016,Africa,White,Electric,Manual,4.7,180526,111936,117,Low
12/31/2016,i3,2016,North America,Grey,Electric,Automatic,2.1,177279,55520,4450,Low
12/31/2015,X5,2015,North America,Red,Electric,Manual,2.6,87378,87541,5393,High
12/31/2017,i8,2017,North America,Grey,Petrol,Automatic,3.2,184635,121907,114,Low
12/31/2013,X1,2013,Europe,Silver,Diesel,Manual,4.2,33662,59194,7505,High
12/31/2019,X5,2019,Asia,Red,Diesel,Automatic,4.1,134928,92119,5716,High
12/31/2014,X3,2014,Europe,Black,Diesel,Automatic,2.2,47352,62627,7520,High
12/31/2013,3 Series,2013,Africa,Red,Petrol,Manual,2,10129,56719,5183,High
12/31/2021,X3,2021,Africa,Silver,Hybrid,Automatic,2.6,31809,103428,4568,Low
12/31/2010,3 Series,2010,Europe,Black,Petrol,Manual,3.2,86383,40293,9279,High
12/31/2021,7 Series,2021,Asia,Black,Electric,Automatic,3.4,107088,135706,1984,Low
12/31/2017,i3,2017,Africa,Blue,Diesel,Manual,3,170638,46170,2569,Low
12/31/2010,i8,2010,South America,Red,Electric,Automatic,3.8,51095,124406,50,Low
12/31/2014,3 Series,2014,Europe,Black,Petrol,Automatic,3,184086,37774,9754,High
12/31/2024,i3,2024,Africa,Grey,Electric,Automatic,4.8,41149,131655,3287,Low
12/31/2015,M3,2015,Africa,Black,Petrol,Manual,2.4,89292,71428,1097,Low
12/31/2015,X1,2015,Asia,Silver,Petrol,Automatic,3.7,67312,61575,7215,High
12/31/2022,i3,2022,South America,Silver,Electric,Automatic,3.6,43763,113468,3770,Low
12/31/2014,3 Series,2014,Middle East,Red,Petrol,Automatic,2.5,123659,49073,6392,High
12/31/2012,i3,2012,Europe,Grey,Hybrid,Manual,2.9,4194,67126,3931,Low
12/31/2024,5 Series,2024,South America,Black,Hybrid,Automatic,2.8,102271,112076,4782,Low
12/31/2014,X1,2014,South America,Red,Electric,Manual,2.1,155995,41422,4679,Low
12/31/2021,M5,2021,Asia,Silver,Hybrid,Manual,3.2,63241,144392,1940,Low
12/31/2017,X5,2017,Africa,Grey,Diesel,Manual,2.9,91180,77320,2873,Low
12/31/2023,X1,2023,South America,Grey,Petrol,Automatic,2.1,69335,80105,6174,High
12/31/2011,3 Series,2011,South America,Silver,Hybrid,Automatic,3.1,127323,45222,5558,High
12/31/2015,M3,2015,Europe,White,Hybrid,Automatic,3,101734,91444,2672,Low
12/31/2018,X5,2018,Africa,White,Hybrid,Manual,2,121736,82112,3815,Low
12/31/2017,M5,2017,Africa,Red,Electric,Automatic,2,95843,113738,518,Low
12/31/2023,M3,2023,Africa,Red,Diesel,Manual,3.8,59746,119644,1857,Low
12/31/2020,X3,2020,Middle East,Silver,Diesel,Manual,4,89537,88829,5268,High
12/31/2017,5 Series,2017,Africa,Silver,Electric,Manual,4.8,37817,114076,2632,Low
12/31/2017,M3,2017,Middle East,Black,Diesel,Manual,1.8,156411,69123,1987,Low
12/31/2024,X3,2024,Europe,Silver,Petrol,Manual,1.9,22376,104136,8837,High
12/31/2022,M3,2022,Asia,Red,Hybrid,Manual,1.7,91621,108734,3775,Low
12/31/2016,M5,2016,Asia,Grey,Diesel,Manual,3.4,60566,114969,1454,Low
12/31/2017,5 Series,2017,Middle East,Silver,Petrol,Manual,3.7,199563,66672,4130,Low
12/31/2022,X6,2022,South America,Red,Diesel,Manual,2.9,157938,94634,3327,Low
12/31/2015,X3,2015,North America,Blue,Hybrid,Manual,4.3,76628,83268,7145,High
12/31/2011,5 Series,2011,North America,White,Electric,Manual,3.9,21532,84240,5376,High
12/31/2011,7 Series,2011,South America,Blue,Petrol,Automatic,5,112867,92654,50,Low
12/31/2017,X6,2017,South America,White,Petrol,Automatic,2,11370,94691,2099,Low
12/31/2020,X5,2020,South America,White,Hybrid,Manual,1.7,192282,76637,4322,Low
12/31/2010,i8,2010,South America,Black,Electric,Manual,2.5,61125,120954,50,Low
12/31/2015,X3,2015,South America,Red,Electric,Automatic,1.6,122003,62317,5432,High
12/31/2022,X5,2022,Middle East,Blue,Electric,Automatic,4.8,143029,126911,4921,Low
12/31/2015,i3,2015,South America,White,Electric,Manual,2.6,197303,47053,2865,Low
12/31/2020,3 Series,2020,South America,White,Diesel,Automatic,3.4,199144,59301,7378,High
12/31/2013,5 Series,2013,Europe,Red,Electric,Manual,2.6,189078,53621,5745,High
12/31/2021,X6,2021,South America,Silver,Diesel,Automatic,2.4,156943,91262,3368,Low
12/31/2020,X3,2020,Middle East,Red,Hybrid,Automatic,2,32283,101436,6816,High
12/31/2022,X6,2022,Middle East,Grey,Electric,Automatic,2.6,160731,114772,4035,Low
12/31/2024,X1,2024,Middle East,Black,Electric,Automatic,3.7,77544,114856,5366,High
12/31/2020,X1,2020,Africa,Black,Hybrid,Manual,4.9,186901,73357,4810,Low
12/31/2022,i8,2022,North America,White,Electric,Automatic,3.5,84710,183865,440,Low
12/31/2019,i3,2019,Middle East,Grey,Petrol,Manual,3.4,84317,81594,3833,Low
12/31/2012,X3,2012,Africa,Red,Electric,Automatic,1.6,149617,44065,4340,Low
12/31/2022,3 Series,2022,North America,Black,Electric,Automatic,4.4,157364,106463,10744,High
12/31/2020,5 Series,2020,South America,Silver,Hybrid,Automatic,1.7,72840,98847,4264,Low
12/31/2012,M3,2012,North America,Black,Petrol,Automatic,4.7,186201,65248,2727,Low
12/31/2024,M5,2024,North America,Silver,Petrol,Manual,3.4,164265,131759,2487,Low
12/31/2024,M5,2024,Europe,Grey,Hybrid,Automatic,2.1,163962,138086,2715,Low
12/31/2022,i8,2022,Europe,Silver,Electric,Automatic,3.1,69685,171471,627,Low
12/31/2022,M5,2022,North America,Grey,Electric,Automatic,5,15690,83250,3102,Low
12/31/2010,i3,2010,North America,White,Hybrid,Automatic,2.6,145272,37346,4855,Low
12/31/2012,X6,2012,South America,White,Electric,Manual,2.4,198040,58674,1943,Low
12/31/2013,3 Series,2013,Asia,Black,Diesel,Automatic,1.9,66650,48566,10127,High
12/31/2020,M3,2020,Africa,Blue,Diesel,Automatic,3.6,123378,97186,1813,Low
12/31/2020,5 Series,2020,South America,White,Electric,Manual,1.8,79369,101029,4039,Low
12/31/2014,X5,2014,Middle East,Blue,Diesel,Manual,4.2,130510,69594,3480,Low
12/31/2012,X5,2012,Asia,White,Diesel,Automatic,4.7,5060,86690,4708,Low
12/31/2015,7 Series,2015,South America,Silver,Hybrid,Automatic,4.8,2311,140527,50,Low
12/31/2020,i3,2020,Europe,Black,Electric,Automatic,1.9,16069,96666,6159,High
12/31/2023,7 Series,2023,Asia,Black,Hybrid,Automatic,3.5,186112,128381,2742,Low
12/31/2024,3 Series,2024,South America,Black,Hybrid,Automatic,1.8,133932,90264,7667,High
12/31/2021,3 Series,2021,Europe,Grey,Electric,Manual,3.5,62218,103919,9960,High
12/31/2014,7 Series,2014,Europe,Grey,Electric,Manual,4.4,21693,127812,365,Low
12/31/2012,i3,2012,Asia,Black,Diesel,Manual,3.4,67798,47860,4603,Low
12/31/2015,i3,2015,Asia,Blue,Petrol,Automatic,4.6,183715,55216,5515,High
12/31/2015,X1,2015,North America,Grey,Petrol,Automatic,4.3,180263,49271,8661,High
12/31/2024,X1,2024,Africa,Blue,Hybrid,Manual,2.5,3290,108477,4692,Low
12/31/2023,M3,2023,North America,Red,Hybrid,Automatic,3.7,133484,120713,3447,Low
12/31/2017,i8,2017,Europe,Black,Diesel,Manual,1.5,65492,129543,50,Low
12/31/2011,X5,2011,Europe,Blue,Petrol,Manual,2.9,105656,54948,5291,High
12/31/2010,5 Series,2010,Asia,Blue,Electric,Automatic,2.3,56714,69149,6122,High
12/31/2013,i3,2013,Asia,Black,Electric,Automatic,4.8,37557,84813,3924,Low
12/31/2016,3 Series,2016,North America,Blue,Petrol,Automatic,2.9,66942,67599,8832,High
12/31/2024,i3,2024,Middle East,Blue,Electric,Automatic,3.8,94001,115207,4950,Low
12/31/2020,3 Series,2020,South America,Black,Petrol,Automatic,4.1,53603,97138,6049,High
12/31/2019,M3,2019,Middle East,Grey,Petrol,Manual,4.2,177414,92442,1859,Low
12/31/2012,X1,2012,South America,Red,Electric,Manual,4.1,125787,51981,4621,Low
12/31/2012,M3,2012,Asia,Grey,Hybrid,Automatic,2.5,93499,73488,2218,Low
12/31/2014,X6,2014,Africa,Red,Electric,Manual,3.9,196054,76064,1650,Low
12/31/2014,X6,2014,North America,Red,Electric,Automatic,3.4,90918,99741,3873,Low
12/31/2022,M5,2022,Europe,Grey,Hybrid,Automatic,3.6,112178,149154,2103,Low
12/31/2019,5 Series,2019,Europe,Grey,Electric,Manual,1.5,44934,102585,6527,High
12/31/2012,X3,2012,North America,Silver,Electric,Automatic,2.4,46548,68959,8984,High
12/31/2018,X1,2018,South America,Grey,Petrol,Manual,4.8,33915,85972,4410,Low
12/31/2013,5 Series,2013,Middle East,Silver,Diesel,Automatic,2.5,136315,55332,3916,Low
12/31/2022,5 Series,2022,Europe,Black,Diesel,Manual,3,164556,82244,7140,High
12/31/2022,X3,2022,North America,White,Diesel,Manual,2.2,160267,73499,8910,High
12/31/2024,i8,2024,Europe,Grey,Hybrid,Automatic,2,42311,184183,649,Low
12/31/2012,7 Series,2012,South America,Blue,Electric,Manual,2.2,78319,89780,50,Low
12/31/2020,X5,2020,Europe,Black,Petrol,Manual,3.4,185699,78890,6637,High
12/31/2011,5 Series,2011,Middle East,Blue,Petrol,Automatic,4.7,127540,67007,3609,Low
12/31/2019,3 Series,2019,Europe,Silver,Hybrid,Automatic,2.6,140476,75118,9069,High
12/31/2022,X1,2022,South America,Blue,Hybrid,Automatic,2.6,36718,97774,6247,High
12/31/2020,M5,2020,Middle East,Grey,Electric,Automatic,3.5,175225,143426,1288,Low
12/31/2018,X6,2018,Europe,Black,Petrol,Automatic,2.7,49174,104510,3671,Low
12/31/2013,M3,2013,South America,Silver,Diesel,Automatic,4.7,190433,62289,1354,Low
12/31/2012,5 Series,2012,Middle East,White,Diesel,Automatic,2.8,180965,42818,4512,Low
12/31/2016,7 Series,2016,Middle East,Blue,Petrol,Automatic,3.2,44465,121083,292,Low
12/31/2017,7 Series,2017,South America,White,Diesel,Automatic,3.4,6807,122950,294,Low
12/31/2020,3 Series,2020,Asia,Silver,Petrol,Manual,4.2,24768,98319,8790,High
12/31/2023,X6,2023,South America,White,Electric,Automatic,3.5,4978,148078,2682,Low
12/31/2011,X5,2011,Middle East,White,Hybrid,Automatic,2.3,194089,48891,3925,Low
12/31/2016,X1,2016,Africa,Black,Electric,Automatic,1.9,63871,66836,3493,Low
12/31/2021,i8,2021,North America,White,Electric,Manual,4.8,187927,162125,565,Low
12/31/2014,7 Series,2014,Middle East,Black,Petrol,Automatic,4.3,137638,105871,231,Low
12/31/2024,X6,2024,Africa,Grey,Petrol,Manual,1.6,60453,112931,3037,Low
12/31/2020,X5,2020,South America,Grey,Electric,Automatic,4.4,186527,101529,4740,Low
12/31/2014,M3,2014,Europe,Red,Diesel,Manual,3.6,52990,83397,2058,Low
12/31/2012,X1,2012,Middle East,Blue,Hybrid,Automatic,3.3,187295,37586,5635,High
12/31/2014,X5,2014,South America,Red,Diesel,Automatic,1.5,119548,54248,3046,Low
12/31/2021,i8,2021,Africa,Blue,Petrol,Automatic,4.2,125771,145121,50,Low
12/31/2011,X1,2011,Asia,Black,Hybrid,Automatic,2.2,139529,32265,6836,High
12/31/2013,M3,2013,Europe,Blue,Diesel,Manual,4,10296,86732,2360,Low
12/31/2015,X3,2015,Asia,Red,Electric,Automatic,1.6,19659,81358,9200,High
12/31/2010,M3,2010,Africa,Red,Diesel,Automatic,4.3,62284,69067,563,Low
12/31/2019,5 Series,2019,Asia,White,Hybrid,Manual,1.6,10318,106431,6630,High
12/31/2013,7 Series,2013,Europe,Blue,Petrol,Automatic,2.3,104829,86142,1004,Low
12/31/2015,i3,2015,Africa,Black,Petrol,Automatic,2.4,30749,64089,2456,Low
12/31/2018,X1,2018,Africa,Red,Petrol,Automatic,2.1,56562,61643,4802,Low
12/31/2023,i8,2023,South America,Grey,Petrol,Automatic,3.2,183082,141498,347,Low
12/31/2020,X6,2020,South America,Black,Electric,Automatic,2.5,89216,113142,2873,Low
12/31/2020,i8,2020,Middle East,Blue,Electric,Manual,5,141905,177768,50,Low
12/31/2022,X5,2022,Asia,White,Diesel,Automatic,3.5,34086,117353,5466,High
12/31/2011,X5,2011,South America,Blue,Electric,Manual,3.5,14219,85498,2282,Low
12/31/2020,i3,2020,Asia,Silver,Petrol,Automatic,2.3,88241,78564,6258,High
12/31/2016,X6,2016,Europe,Grey,Petrol,Manual,2.9,57323,87157,3935,Low
12/31/2015,i8,2015,Europe,White,Diesel,Automatic,1.9,41352,122815,50,Low
12/31/2011,X5,2011,Middle East,Black,Electric,Manual,4.2,129456,74386,2765,Low
12/31/2017,3 Series,2017,South America,Blue,Diesel,Manual,2.7,111235,57312,6038,High
12/31/2016,X3,2016,Africa,Silver,Petrol,Manual,4.1,153596,58747,4253,Low
12/31/2020,X5,2020,Asia,Red,Diesel,Manual,2.8,39130,104780,7032,High
12/31/2014,X3,2014,South America,Blue,Petrol,Automatic,5,83547,73648,5399,High
12/31/2021,X5,2021,Middle East,Blue,Electric,Manual,2.1,24599,127332,4796,Low
12/31/2014,X5,2014,South America,White,Electric,Manual,1.5,141308,60106,3569,Low
12/31/2016,X1,2016,South America,Black,Petrol,Manual,3.6,92739,59914,3983,Low
12/31/2018,M5,2018,Europe,Silver,Petrol,Manual,4.8,150971,116211,1615,Low
12/31/2020,i8,2020,Europe,White,Petrol,Manual,3.8,104701,149469,117,Low
12/31/2024,X6,2024,North America,Red,Diesel,Manual,1.8,143003,101369,4279,Low
12/31/2018,X1,2018,Asia,Red,Diesel,Automatic,3.4,63155,74571,9190,High
12/31/2018,3 Series,2018,South America,Silver,Petrol,Automatic,4.7,182163,69285,6485,High
12/31/2015,3 Series,2015,North America,Grey,Electric,Automatic,1.5,156990,54603,8871,High
12/31/2019,M5,2019,Africa,Blue,Diesel,Manual,2.1,193244,93743,1115,Low
12/31/2015,5 Series,2015,Africa,Blue,Diesel,Automatic,4.4,117600,74923,3718,Low
12/31/2012,X1,2012,Asia,White,Electric,Manual,4.6,40477,75644,6066,High
12/31/2010,X3,2010,South America,Silver,Hybrid,Manual,4,71106,58733,4962,Low
12/31/2016,M3,2016,Africa,Red,Electric,Manual,5,137874,102890,1089,Low
12/31/2013,7 Series,2013,South America,Silver,Petrol,Automatic,1.8,63911,88952,170,Low
12/31/2010,i3,2010,Africa,Silver,Diesel,Automatic,3.4,42260,44964,2109,Low
12/31/2024,X6,2024,Africa,Blue,Electric,Automatic,3.9,173395,125175,2640,Low
12/31/2017,M3,2017,North America,Blue,Petrol,Automatic,4,12064,114321,2625,Low
12/31/2021,M3,2021,Europe,Red,Diesel,Manual,4.3,22024,126205,3005,Low
12/31/2015,X5,2015,Middle East,Black,Diesel,Automatic,4.7,137265,81179,4119,Low
12/31/2015,3 Series,2015,North America,Grey,Hybrid,Manual,2.8,77855,88377,9377,High
12/31/2011,X5,2011,North America,Silver,Petrol,Manual,1.7,73622,55966,14248,High
12/31/2024,X1,2024,Middle East,Black,Electric,Automatic,2.8,54998,113341,6999,High
12/31/2010,X3,2010,Europe,Silver,Diesel,Manual,3.9,97139,41524,8499,High
12/31/2022,M3,2022,Europe,Silver,Hybrid,Automatic,2.2,183593,95166,4046,Low
12/31/2023,X6,2023,Europe,Grey,Electric,Automatic,4.3,106383,134899,4899,Low
12/31/2023,i8,2023,North America,White,Hybrid,Manual,2.3,59284,176419,774,Low
12/31/2011,X5,2011,South America,Grey,Diesel,Automatic,1.5,125886,41210,3319,Low
12/31/2013,X3,2013,Africa,Blue,Electric,Automatic,3.3,128075,62535,4605,Low
12/31/2011,3 Series,2011,North America,Silver,Hybrid,Automatic,4,27221,72578,7381,High
12/31/2010,X6,2010,Middle East,Silver,Diesel,Automatic,2.7,62055,71133,2203,Low
12/31/2016,X6,2016,Asia,Red,Diesel,Manual,4.1,179118,78019,4668,Low
12/31/2020,i8,2020,Middle East,Red,Diesel,Automatic,3,103849,144735,50,Low
12/31/2020,X5,2020,Africa,Black,Diesel,Manual,2.1,37828,94842,3773,Low
12/31/2024,5 Series,2024,Africa,Black,Diesel,Manual,1.8,20121,106009,4308,Low
12/31/2021,7 Series,2021,Africa,White,Diesel,Manual,4,115123,123473,628,Low
12/31/2017,X3,2017,Europe,Blue,Petrol,Manual,2.9,82010,67752,7264,High
12/31/2015,X1,2015,Asia,Grey,Electric,Automatic,4.7,17372,91826,7671,High
12/31/2013,i3,2013,Africa,Red,Petrol,Automatic,3.4,100175,48040,2244,Low
12/31/2023,X3,2023,North America,Black,Electric,Automatic,2.7,143543,101404,9955,High
12/31/2015,i3,2015,Middle East,White,Diesel,Automatic,2.7,15321,71769,2854,Low
12/31/2012,M3,2012,Middle East,Black,Diesel,Manual,2,102407,55113,1536,Low
12/31/2021,3 Series,2021,North America,White,Diesel,Automatic,3.6,79050,94249,8855,High
12/31/2017,X1,2017,Middle East,Black,Electric,Manual,3.5,109826,78555,5049,High
12/31/2019,M3,2019,Asia,Black,Petrol,Automatic,4.3,29696,119783,2848,Low
12/31/2023,i3,2023,South America,Black,Diesel,Manual,2.2,39251,90942,3758,Low
12/31/2022,5 Series,2022,South America,Silver,Electric,Manual,2.5,70223,116819,4625,Low
12/31/2022,X1,2022,Europe,Silver,Diesel,Manual,1.8,194994,78983,7962,High
12/31/2011,X3,2011,North America,Silver,Petrol,Automatic,2.5,164655,31805,7843,High
12/31/2014,X6,2014,South America,White,Diesel,Manual,3,1986,88200,1839,Low
12/31/2010,X5,2010,South America,Black,Electric,Manual,4.9,176422,64891,2823,Low
12/31/2015,3 Series,2015,North America,Blue,Electric,Automatic,3.8,111429,79669,9341,High
12/31/2011,M3,2011,North America,Grey,Petrol,Automatic,4.2,90090,76830,1999,Low
12/31/2013,M3,2013,Europe,Red,Electric,Manual,2.6,95140,77606,2304,Low
12/31/2015,i8,2015,South America,White,Petrol,Manual,2,93416,112603,50,Low
12/31/2019,M5,2019,Middle East,Silver,Hybrid,Automatic,2.4,191049,113233,1641,Low
12/31/2020,X5,2020,Africa,Red,Electric,Manual,2.4,130594,94137,3910,Low
12/31/2017,M3,2017,Europe,White,Diesel,Manual,3.5,91126,89209,2738,Low
12/31/2021,5 Series,2021,Middle East,Blue,Hybrid,Manual,2.7,125414,97293,4926,Low
12/31/2017,X1,2017,Europe,Black,Electric,Manual,4.5,77633,88639,6202,High
12/31/2020,M3,2020,Africa,Silver,Electric,Automatic,5,30375,132681,1590,Low
12/31/2015,i3,2015,South America,Blue,Hybrid,Manual,2.7,149582,55191,3222,Low
12/31/2013,X5,2013,Africa,Blue,Electric,Automatic,4,109950,88031,2602,Low
12/31/2017,M3,2017,North America,Silver,Petrol,Manual,3.8,28865,101279,2283,Low
12/31/2022,X5,2022,South America,Red,Hybrid,Automatic,2.2,116250,104972,4810,Low
12/31/2017,i8,2017,North America,Black,Hybrid,Automatic,4.7,22871,179156,50,Low
12/31/2019,X6,2019,Middle East,Grey,Electric,Manual,2.2,155226,97082,3170,Low
12/31/2023,i8,2023,Europe,Silver,Hybrid,Manual,4.1,83058,185729,562,Low
12/31/2010,3 Series,2010,Europe,Silver,Petrol,Automatic,2.7,138334,27436,10119,High
12/31/2013,5 Series,2013,North America,Silver,Electric,Manual,2.8,13254,93273,5839,High
12/31/2013,i3,2013,North America,Red,Diesel,Manual,3.1,85501,50788,4257,Low
12/31/2016,3 Series,2016,Africa,Grey,Hybrid,Manual,4.5,17433,94975,4205,Low
12/31/2023,7 Series,2023,Africa,Red,Hybrid,Automatic,2,49404,146312,1236,Low
12/31/2023,X6,2023,Europe,Silver,Diesel,Manual,1.7,133569,99613,4396,Low
12/31/2020,X3,2020,South America,Red,Diesel,Manual,2.9,20879,89947,5305,High
12/31/2016,M5,2016,Asia,Silver,Hybrid,Automatic,1.7,111864,107453,1701,Low
12/31/2022,X6,2022,Middle East,Grey,Diesel,Manual,3.9,35158,126632,3131,Low
12/31/2020,X3,2020,North America,White,Electric,Automatic,4.2,118307,57403,10411,High
12/31/2024,M3,2024,Asia,Red,Electric,Manual,4.5,20464,155550,3376,Low
12/31/2017,i8,2017,Europe,Red,Petrol,Automatic,4.1,115981,141628,50,Low
12/31/2020,X1,2020,Africa,Grey,Hybrid,Automatic,4.7,42248,104622,4682,Low
12/31/2014,3 Series,2014,North America,Silver,Diesel,Automatic,4.1,28711,70910,1890,Low
12/31/2016,X1,2016,Asia,Silver,Electric,Manual,4.8,175473,66026,7939,High
12/31/2017,3 Series,2017,Africa,White,Diesel,Manual,2.2,182828,38647,5447,High
12/31/2024,3 Series,2024,Europe,Red,Hybrid,Automatic,3.2,37844,112982,8857,High
12/31/2018,X6,2018,North America,Blue,Petrol,Manual,5,57756,114562,4169,Low
12/31/2012,i3,2012,Europe,Grey,Hybrid,Manual,3.9,145031,49604,4183,Low
12/31/2012,X1,2012,Asia,Silver,Petrol,Automatic,4.6,63688,57173,8197,High
12/31/2013,X5,2013,South America,Silver,Electric,Automatic,1.6,193209,54811,3387,Low
12/31/2014,X1,2014,South America,White,Petrol,Manual,4.6,13330,71084,4247,Low
12/31/2019,5 Series,2019,North America,Red,Petrol,Manual,3.9,121314,91511,7647,High
12/31/2010,X3,2010,Africa,Blue,Petrol,Automatic,2.1,6775,48350,3894,Low
12/31/2024,5 Series,2024,Asia,Black,Electric,Automatic,1.6,9754,128850,7381,High
12/31/2024,7 Series,2024,Asia,Blue,Hybrid,Manual,2.4,22228,160726,2104,Low
12/31/2016,X3,2016,South America,Grey,Diesel,Manual,4.7,174038,55932,5729,High
12/31/2018,3 Series,2018,Asia,Blue,Petrol,Manual,3.8,149707,65503,9173,High
12/31/2017,X5,2017,Africa,Black,Diesel,Manual,4.7,137851,78002,2838,Low
12/31/2024,i3,2024,Middle East,White,Diesel,Automatic,3.1,94148,99260,3506,Low
12/31/2024,X6,2024,Asia,Blue,Electric,Manual,4.8,161848,128298,5348,High
12/31/2014,3 Series,2014,North America,Grey,Diesel,Automatic,3.1,85174,54960,9380,High
12/31/2023,5 Series,2023,Asia,Blue,Hybrid,Manual,2.2,19910,120344,9037,High
12/31/2023,M3,2023,Europe,Silver,Diesel,Automatic,2,88802,101332,3230,Low
12/31/2013,X3,2013,Africa,Blue,Diesel,Manual,5,74665,67775,3678,Low
12/31/2021,M3,2021,Asia,Red,Diesel,Manual,2.7,96074,101213,3449,Low
12/31/2016,X5,2016,Middle East,Silver,Hybrid,Automatic,2.1,182373,72954,4222,Low
12/31/2014,X3,2014,South America,Grey,Electric,Automatic,1.5,171163,46938,4441,Low
12/31/2016,M5,2016,Africa,Grey,Electric,Manual,2.5,173963,96357,497,Low
12/31/2021,3 Series,2021,Middle East,Black,Diesel,Automatic,4.6,188150,80191,7501,High
12/31/2010,X5,2010,Africa,Blue,Hybrid,Automatic,3.4,153815,55264,2636,Low
12/31/2010,7 Series,2010,South America,White,Petrol,Automatic,3.7,12473,94907,50,Low
12/31/2019,3 Series,2019,Europe,Silver,Petrol,Manual,4.7,1288,99634,10073,High
12/31/2023,i3,2023,South America,Silver,Hybrid,Automatic,3.3,145132,97859,4042,Low
12/31/2022,X3,2022,South America,Silver,Diesel,Automatic,4.4,153454,91496,6445,High
12/31/2012,X1,2012,North America,White,Diesel,Manual,2.6,9543,47534,7208,High
12/31/2023,X3,2023,Europe,Black,Electric,Manual,4.9,143830,118038,9579,High
12/31/2020,i3,2020,Africa,Grey,Electric,Automatic,1.8,48,97577,3110,Low
12/31/2011,5 Series,2011,South America,Black,Petrol,Manual,4,146569,46732,3174,Low
12/31/2011,i8,2011,South America,Black,Petrol,Automatic,3.8,180855,100449,50,Low
12/31/2016,i8,2016,Europe,Silver,Diesel,Automatic,2.2,171984,114323,50,Low
12/31/2021,X6,2021,Africa,Red,Electric,Automatic,2.9,192540,97738,2932,Low
12/31/2019,M5,2019,Asia,Silver,Hybrid,Automatic,2.6,20146,143156,1856,Low
12/31/2011,X1,2011,Asia,Black,Electric,Automatic,1.8,37042,53706,7786,High
12/31/2020,3 Series,2020,North America,Black,Petrol,Manual,3.5,63425,83908,10650,High
12/31/2013,i3,2013,Africa,Silver,Electric,Manual,5,187914,58062,2159,Low
12/31/2011,7 Series,2011,North America,Blue,Hybrid,Automatic,3.5,74567,105127,337,Low
12/31/2015,7 Series,2015,Africa,Silver,Petrol,Manual,3.4,22420,108657,50,Low
12/31/2017,X3,2017,Africa,Silver,Diesel,Manual,1.6,181702,38187,4787,Low
12/31/2019,i8,2019,South America,Red,Hybrid,Automatic,2,166760,132018,383,Low
12/31/2013,X3,2013,Asia,Black,Diesel,Automatic,3.3,154632,46207,8763,High
12/31/2024,7 Series,2024,Europe,Grey,Petrol,Automatic,4.9,32367,158236,1505,Low
12/31/2014,5 Series,2014,Africa,Grey,Diesel,Automatic,4.6,25130,85335,3443,Low
12/31/2013,3 Series,2013,South America,Black,Diesel,Automatic,2.7,191834,26789,5113,High
12/31/2012,3 Series,2012,South America,Grey,Petrol,Automatic,3.4,26155,61969,4840,Low
12/31/2014,M5,2014,Middle East,Blue,Hybrid,Manual,3.4,58043,128405,159,Low
12/31/2023,M5,2023,North America,Blue,Hybrid,Automatic,3.9,8431,168391,2078,Low
12/31/2018,i3,2018,Middle East,Red,Petrol,Manual,3.9,160665,68287,3147,Low
12/31/2017,X3,2017,Africa,Silver,Electric,Automatic,4.3,109309,87775,4535,Low
12/31/2017,X5,2017,Europe,Black,Hybrid,Manual,1.6,158170,70901,6282,High
12/31/2017,X1,2017,Europe,Blue,Diesel,Manual,4.8,74837,75864,8341,High
12/31/2021,5 Series,2021,Africa,White,Diesel,Manual,1.7,155831,71620,4736,Low
12/31/2017,5 Series,2017,Asia,Black,Hybrid,Manual,3.2,145069,83428,6875,High
12/31/2016,M3,2016,Middle East,Grey,Diesel,Automatic,4.7,131824,88871,1533,Low
12/31/2017,i8,2017,Africa,White,Petrol,Manual,3.2,36243,140816,50,Low
12/31/2020,X6,2020,Europe,Blue,Diesel,Automatic,1.7,165156,83187,4925,Low
12/31/2023,X1,2023,Africa,Red,Hybrid,Manual,2.3,139683,76326,5665,High
12/31/2017,5 Series,2017,Middle East,Silver,Diesel,Manual,3.5,161244,69248,4891,Low
12/31/2022,X5,2022,Asia,Blue,Petrol,Automatic,1.8,169589,84987,6934,High
12/31/2023,5 Series,2023,Africa,Grey,Electric,Automatic,3,139078,113740,4955,Low
12/31/2017,5 Series,2017,South America,White,Electric,Manual,2.7,188791,71513,3762,Low
12/31/2021,X6,2021,Middle East,Blue,Electric,Manual,4.4,55159,139897,3091,Low
12/31/2019,i8,2019,Africa,White,Electric,Manual,1.9,49972,158268,50,Low
12/31/2016,5 Series,2016,North America,Red,Hybrid,Automatic,3.9,22199,104334,6931,High
12/31/2021,X3,2021,South America,Silver,Petrol,Automatic,2.9,49067,97033,5389,High
12/31/2010,X5,2010,North America,Red,Diesel,Automatic,3.6,69826,63544,4679,Low
12/31/2013,X5,2013,Middle East,Grey,Electric,Automatic,2.2,117099,78444,3908,Low
12/31/2022,X5,2022,Middle East,Red,Petrol,Manual,3.6,66082,111218,4944,Low
12/31/2022,3 Series,2022,Africa,Red,Diesel,Manual,3.9,33152,94281,4784,Low
12/31/2013,X3,2013,Europe,Black,Hybrid,Automatic,1.7,177833,39784,8083,High
12/31/2014,3 Series,2014,Europe,Red,Hybrid,Automatic,4.4,91072,73793,9887,High
12/31/2019,M3,2019,South America,White,Hybrid,Automatic,4.5,70624,119740,2060,Low
12/31/2015,5 Series,2015,South America,White,Hybrid,Manual,1.7,182297,51262,4113,Low
12/31/2013,X1,2013,North America,Red,Electric,Manual,3.6,135791,55472,6202,High
12/31/2024,5 Series,2024,Asia,Grey,Hybrid,Automatic,3.6,159170,117379,8335,High
12/31/2011,X1,2011,Asia,White,Petrol,Automatic,1.5,39522,34996,7493,High
12/31/2015,i3,2015,Europe,Black,Petrol,Manual,2.7,182460,37442,5275,High
12/31/2024,X6,2024,Europe,Grey,Petrol,Manual,4.9,169596,119060,4152,Low
12/31/2017,7 Series,2017,North America,White,Petrol,Automatic,3.4,90471,116042,1822,Low
12/31/2024,X6,2024,Africa,Black,Electric,Manual,4.8,132474,139775,2434,Low
12/31/2017,5 Series,2017,North America,White,Electric,Manual,3.9,53420,101910,6174,High
12/31/2016,X3,2016,Middle East,Black,Petrol,Manual,1.6,133711,52963,6068,High
12/31/2015,X5,2015,South America,Silver,Petrol,Automatic,1.8,29422,74057,2911,Low
12/31/2011,M5,2011,South America,Silver,Petrol,Automatic,4,44400,99735,50,Low
12/31/2024,X5,2024,Middle East,Grey,Diesel,Automatic,3.4,122978,112377,3940,Low
12/31/2016,X6,2016,Europe,White,Diesel,Automatic,1.9,197709,57110,3833,Low
12/31/2020,3 Series,2020,Africa,Silver,Petrol,Automatic,3.6,60320,85616,5455,High
12/31/2021,5 Series,2021,Europe,Grey,Electric,Manual,4.3,15545,130658,7430,High
12/31/2023,i8,2023,Africa,White,Hybrid,Automatic,4.1,102290,169578,325,Low
12/31/2023,M5,2023,North America,Blue,Hybrid,Manual,2.4,79993,146058,2239,Low
12/31/2014,i8,2014,North America,Black,Diesel,Automatic,2.4,78537,170277,50,Low
12/31/2015,i8,2015,Middle East,Grey,Electric,Automatic,4.9,115124,164548,50,Low
12/31/2019,i3,2019,Europe,Silver,Hybrid,Automatic,4.6,181145,84030,4687,Low
12/31/2017,X1,2017,Africa,White,Petrol,Automatic,2.6,115599,50828,4829,Low
12/31/2023,i8,2023,Africa,Blue,Hybrid,Manual,4.4,101405,172295,315,Low
12/31/2017,i3,2017,Europe,Black,Petrol,Manual,2.1,51144,65117,5227,High
12/31/2012,M5,2012,South America,Red,Diesel,Automatic,2.2,155276,75379,405,Low
12/31/2021,5 Series,2021,Africa,Grey,Electric,Automatic,2.1,101478,105410,4858,Low
12/31/2021,X1,2021,Asia,Black,Electric,Manual,1.8,147520,75760,10034,High
12/31/2023,i3,2023,North America,Red,Petrol,Manual,4.5,88353,105106,4825,Low
12/31/2016,X3,2016,Africa,Silver,Diesel,Automatic,3.5,107840,60844,5176,High
12/31/2010,M3,2010,Asia,White,Petrol,Manual,2.4,42600,61180,2299,Low
12/31/2010,X3,2010,South America,White,Electric,Manual,4.5,92201,65717,4561,Low
12/31/2016,X1,2016,Africa,Red,Petrol,Manual,4.3,79684,64407,3573,Low
12/31/2024,3 Series,2024,Europe,Grey,Electric,Automatic,1.9,3039,115276,11355,High
12/31/2024,5 Series,2024,Europe,Red,Petrol,Manual,3.8,22729,121951,7466,High
12/31/2019,3 Series,2019,Africa,Blue,Electric,Automatic,4,195093,77069,5898,High
12/31/2018,M3,2018,North America,Red,Electric,Automatic,4,32215,126736,3000,Low
12/31/2016,X6,2016,Africa,Blue,Diesel,Manual,4,112377,81908,1826,Low
12/31/2019,M3,2019,Africa,Black,Electric,Automatic,2.1,99038,98460,2096,Low
12/31/2014,X3,2014,Asia,Red,Electric,Automatic,2.6,71723,73325,15000,High
12/31/2017,i3,2017,North America,White,Diesel,Manual,4.5,171507,59824,4491,Low
12/31/2011,X1,2011,North America,Red,Hybrid,Manual,4.6,68399,63046,6911,High
12/31/2018,3 Series,2018,Europe,Blue,Electric,Manual,2.5,141105,72656,9193,High
12/31/2015,5 Series,2015,South America,Black,Petrol,Automatic,1.6,38383,67495,3429,Low
12/31/2022,7 Series,2022,Europe,Blue,Electric,Manual,4.5,194746,128251,2317,Low
12/31/2018,i3,2018,North America,Silver,Diesel,Automatic,2.8,8009,87879,4945,Low
12/31/2011,i3,2011,Asia,Silver,Hybrid,Automatic,2.7,141088,44319,5003,High
12/31/2012,i3,2012,Europe,Red,Electric,Manual,2.7,1551,72689,3975,Low
12/31/2021,M5,2021,Africa,Blue,Petrol,Automatic,3,190590,114550,981,Low
12/31/2017,5 Series,2017,Africa,Red,Diesel,Manual,2.8,176900,53074,3751,Low
12/31/2010,X1,2010,Africa,White,Diesel,Manual,3.5,186071,25000,3747,Low
12/31/2024,7 Series,2024,Europe,Silver,Hybrid,Automatic,1.8,35951,150008,2111,Low
12/31/2019,X1,2019,Asia,Silver,Petrol,Automatic,4.9,80090,82600,8236,High
12/31/2024,i3,2024,Asia,Blue,Petrol,Manual,4.8,193525,90973,6494,High
12/31/2024,M5,2024,South America,Red,Diesel,Manual,4.8,163785,140918,1226,Low
12/31/2024,i3,2024,Africa,Silver,Hybrid,Manual,4.6,107855,106730,3453,Low
12/31/2016,X3,2016,South America,Red,Hybrid,Manual,3.8,171868,64780,5470,High
12/31/2016,5 Series,2016,Asia,Black,Hybrid,Manual,2.3,22478,94226,6350,High
12/31/2022,X1,2022,Europe,Red,Petrol,Automatic,1.7,42858,79922,6899,High
12/31/2010,X1,2010,North America,Silver,Diesel,Manual,1.8,186168,25000,7590,High
12/31/2018,X3,2018,North America,Black,Electric,Manual,2.6,131141,81362,10489,High
12/31/2017,7 Series,2017,South America,White,Diesel,Manual,3.3,133242,96706,727,Low
12/31/2013,X5,2013,South America,Black,Hybrid,Manual,5,9842,97258,2367,Low
12/31/2019,i3,2019,North America,Red,Diesel,Manual,3,173870,59893,4955,Low
12/31/2020,i8,2020,South America,Grey,Hybrid,Automatic,3.3,167514,143758,319,Low
12/31/2014,X6,2014,Europe,Blue,Electric,Manual,3.9,150747,86072,3324,Low
12/31/2011,X1,2011,Middle East,Black,Electric,Automatic,2.1,145554,38142,4265,Low
12/31/2022,M5,2022,Africa,Red,Electric,Manual,4.8,61280,165360,1025,Low
12/31/2018,X3,2018,South America,Grey,Diesel,Automatic,3.4,146493,63485,4715,Low
12/31/2024,X5,2024,Europe,Black,Hybrid,Automatic,2.5,140937,111492,7290,High
12/31/2021,M5,2021,South America,White,Electric,Automatic,4.8,20535,163249,941,Low
12/31/2021,5 Series,2021,Asia,Grey,Hybrid,Automatic,3.7,143114,106680,8014,High
12/31/2015,5 Series,2015,North America,Grey,Electric,Automatic,3.2,125645,83724,6525,High
12/31/2012,M5,2012,South America,Grey,Petrol,Manual,3.5,161359,78278,369,Low
12/31/2021,X6,2021,South America,Red,Hybrid,Manual,4.1,91526,120730,3420,Low
12/31/2016,3 Series,2016,South America,Blue,Petrol,Manual,2,163636,41642,6844,High
12/31/2018,M3,2018,Middle East,Blue,Hybrid,Manual,4.5,139075,100136,2304,Low
12/31/2012,i8,2012,Middle East,Blue,Petrol,Manual,4.9,166587,119287,50,Low
12/31/2011,X1,2011,Africa,Black,Hybrid,Manual,3.5,70783,48219,3006,Low
12/31/2016,M5,2016,Middle East,Grey,Petrol,Automatic,3.9,33672,130712,359,Low
12/31/2016,3 Series,2016,Africa,Grey,Hybrid,Automatic,4.5,34056,91410,4233,Low
12/31/2013,M3,2013,Asia,Silver,Petrol,Manual,2.8,148767,56498,2906,Low
12/31/2020,X3,2020,South America,White,Electric,Automatic,5,197357,92042,5399,High
12/31/2018,X6,2018,Middle East,Black,Petrol,Manual,3.9,82265,110810,2829,Low
12/31/2023,X3,2023,Africa,Red,Electric,Automatic,3,62776,119702,5074,High
12/31/2017,X6,2017,Europe,Red,Petrol,Automatic,3.9,187435,83852,3992,Low
12/31/2022,7 Series,2022,South America,Red,Electric,Automatic,3.3,9362,151179,1032,Low
12/31/2022,3 Series,2022,North America,Blue,Diesel,Manual,1.9,33652,88656,10725,High
12/31/2010,X3,2010,North America,White,Hybrid,Automatic,4.3,189482,25000,8887,High
12/31/2010,X3,2010,South America,Black,Petrol,Manual,3.5,5443,57139,3816,Low
12/31/2014,X5,2014,Africa,White,Petrol,Manual,4.3,99647,75709,2578,Low
12/31/2015,M3,2015,Africa,Red,Diesel,Automatic,2,133772,60233,1411,Low
12/31/2012,i3,2012,Asia,Blue,Petrol,Automatic,3.4,93421,50722,4391,Low
12/31/2022,3 Series,2022,Middle East,Black,Petrol,Automatic,4.2,58505,108268,7744,High
12/31/2018,X1,2018,South America,White,Diesel,Manual,5,198319,30543,4899,Low
12/31/2021,i8,2021,South America,White,Electric,Automatic,4.6,129683,165501,172,Low
12/31/2019,5 Series,2019,South America,Red,Diesel,Automatic,4.5,164467,85419,4959,Low
12/31/2023,i3,2023,Asia,White,Hybrid,Automatic,2.4,54699,104297,6564,High
12/31/2024,i8,2024,Asia,Black,Electric,Manual,4.4,198063,163186,1231,Low
12/31/2015,i8,2015,South America,White,Petrol,Automatic,2.1,134855,162372,50,Low
12/31/2013,M3,2013,North America,Black,Electric,Manual,2.2,65599,84942,2123,Low
12/31/2021,X1,2021,Europe,White,Diesel,Automatic,1.9,25038,82685,7649,High
12/31/2016,5 Series,2016,South America,Grey,Hybrid,Manual,4.5,187420,72988,3674,Low
12/31/2017,X6,2017,Asia,Red,Diesel,Automatic,1.9,51697,86942,4518,Low
12/31/2018,X6,2018,Africa,Black,Hybrid,Automatic,2,50710,99155,2565,Low
12/31/2022,X1,2022,Asia,Black,Petrol,Automatic,2.4,59702,84732,7230,High
12/31/2020,3 Series,2020,Asia,Black,Hybrid,Automatic,3.5,194379,73601,12368,High
12/31/2015,X5,2015,South America,Red,Electric,Manual,4.6,29102,109507,2417,Low
12/31/2024,7 Series,2024,North America,Silver,Hybrid,Automatic,3,90347,155847,1983,Low
12/31/2015,5 Series,2015,Middle East,Red,Electric,Automatic,3.4,193500,76075,3902,Low
12/31/2017,M3,2017,North America,White,Hybrid,Automatic,2.1,171577,78620,2951,Low
12/31/2021,X1,2021,Europe,Blue,Diesel,Automatic,2.4,159377,60344,7949,High
12/31/2014,7 Series,2014,Asia,Black,Electric,Manual,2,184743,82167,1194,Low
12/31/2023,i3,2023,North America,Grey,Hybrid,Automatic,2.9,86161,109242,5487,High
12/31/2012,3 Series,2012,Asia,Blue,Petrol,Automatic,3.6,183753,35297,8977,High
12/31/2021,X3,2021,Asia,Black,Petrol,Automatic,2.5,110209,79512,8657,High
12/31/2012,X5,2012,Middle East,Blue,Hybrid,Manual,4.5,135889,78829,3500,Low
12/31/2022,X3,2022,Middle East,White,Petrol,Manual,4.9,13545,125686,5297,High
12/31/2015,X3,2015,Middle East,Red,Petrol,Manual,1.9,198450,36507,5628,High
12/31/2011,7 Series,2011,Africa,Grey,Petrol,Manual,1.6,18338,80473,50,Low
12/31/2015,X1,2015,Africa,White,Petrol,Automatic,4.3,122761,56392,3651,Low
12/31/2022,M3,2022,Africa,Silver,Hybrid,Automatic,2.2,145939,102985,2417,Low
12/31/2015,5 Series,2015,Europe,Blue,Petrol,Automatic,2.7,56888,75011,7175,High
12/31/2017,M3,2017,Africa,Red,Electric,Manual,2.9,1676,107272,1024,Low
12/31/2016,i3,2016,Africa,Grey,Electric,Manual,4.7,4724,104170,2118,Low
12/31/2017,3 Series,2017,Asia,Silver,Diesel,Automatic,3.8,137751,62021,10238,High
12/31/2023,X6,2023,Asia,Black,Electric,Automatic,1.6,21438,138522,4418,Low
12/31/2018,M3,2018,North America,White,Hybrid,Automatic,1.6,21618,108129,3514,Low
12/31/2015,X5,2015,North America,Grey,Diesel,Manual,2.2,105261,63189,5941,High
12/31/2023,7 Series,2023,Africa,White,Petrol,Automatic,2.6,141244,117335,1191,Low
12/31/2012,i8,2012,North America,Grey,Petrol,Manual,3.2,67914,119148,50,Low
12/31/2019,M5,2019,South America,Blue,Petrol,Manual,4.4,41918,133405,700,Low
12/31/2012,i3,2012,Asia,Silver,Hybrid,Manual,2.6,181651,36929,4735,Low
12/31/2020,M5,2020,Asia,Red,Diesel,Manual,2.8,4642,138888,1903,Low
12/31/2021,M3,2021,North America,White,Diesel,Manual,2.7,72140,107554,2741,Low
12/31/2010,5 Series,2010,Middle East,Black,Hybrid,Manual,1.5,143085,39878,4658,Low
12/31/2020,M5,2020,Africa,White,Electric,Manual,4.8,36830,152221,904,Low
12/31/2024,5 Series,2024,Middle East,Grey,Petrol,Automatic,2,54645,143188,5219,High
12/31/2022,5 Series,2022,North America,Silver,Electric,Automatic,2.5,133034,108166,7321,High
12/31/2024,i8,2024,Africa,Grey,Petrol,Manual,2,125003,148845,265,Low
12/31/2014,7 Series,2014,Europe,Black,Diesel,Manual,3.2,38422,97467,894,Low
12/31/2023,X6,2023,North America,White,Electric,Automatic,4.8,5599,161432,4433,Low
12/31/2013,7 Series,2013,Asia,White,Electric,Automatic,1.9,68591,101224,825,Low
12/31/2018,X1,2018,Asia,Blue,Electric,Automatic,3,25088,94855,8995,High
12/31/2024,i8,2024,Middle East,Blue,Electric,Automatic,1.6,113871,174564,478,Low
12/31/2018,5 Series,2018,South America,Silver,Electric,Automatic,4.2,156209,96382,4630,Low
12/31/2024,X6,2024,Europe,Blue,Petrol,Manual,3.7,108746,117759,4819,Low
12/31/2023,X6,2023,South America,Red,Hybrid,Automatic,3.9,8193,151743,3106,Low
12/31/2014,5 Series,2014,North America,Grey,Hybrid,Manual,3.2,106127,72094,5891,High
12/31/2019,5 Series,2019,Asia,Blue,Petrol,Automatic,4.7,98383,99630,6749,High
12/31/2013,M5,2013,Asia,Blue,Diesel,Automatic,2.9,44186,159866,368,Low
12/31/2016,X6,2016,Middle East,Blue,Hybrid,Automatic,3.3,122275,97766,2278,Low
12/31/2024,3 Series,2024,Asia,Silver,Petrol,Automatic,3.9,98016,105501,11441,High
12/31/2015,3 Series,2015,Africa,Blue,Hybrid,Automatic,3.3,156825,55596,5207,High
12/31/2013,X1,2013,North America,Blue,Hybrid,Manual,2.2,164938,35457,6602,High
12/31/2022,X5,2022,Africa,White,Petrol,Automatic,2.6,24838,108211,3345,Low
12/31/2022,X6,2022,Middle East,White,Diesel,Automatic,1.8,190117,92392,2926,Low
12/31/2024,7 Series,2024,Europe,White,Electric,Manual,3,141093,144083,2359,Low
12/31/2019,M5,2019,Asia,Grey,Petrol,Automatic,3.6,132787,121400,1618,Low
12/31/2011,M5,2011,Middle East,Red,Hybrid,Automatic,1.9,67889,97409,168,Low
12/31/2010,i3,2010,Africa,Red,Petrol,Automatic,3.7,4551,57987,1873,Low
12/31/2013,i3,2013,Africa,Black,Diesel,Manual,4.6,167259,43533,2663,Low
12/31/2013,7 Series,2013,Europe,Silver,Diesel,Automatic,2.7,55399,95329,670,Low
12/31/2022,X5,2022,Middle East,Red,Hybrid,Manual,2.3,21276,128425,4460,Low
12/31/2010,X3,2010,South America,Silver,Diesel,Automatic,4.6,7874,64036,4311,Low
12/31/2015,M5,2015,North America,Blue,Hybrid,Manual,3.9,21539,130940,937,Low
12/31/2013,M5,2013,North America,Red,Hybrid,Manual,1.9,164101,91403,1459,Low
12/31/2010,X6,2010,Africa,Silver,Electric,Automatic,2.9,170880,57462,1319,Low
12/31/2010,7 Series,2010,Middle East,Red,Petrol,Manual,3.9,4430,108134,50,Low
12/31/2024,X6,2024,Europe,Grey,Petrol,Automatic,3.5,26635,131678,3818,Low
12/31/2022,7 Series,2022,South America,Blue,Hybrid,Manual,3.7,96055,141110,1070,Low
12/31/2010,i8,2010,Middle East,Grey,Hybrid,Manual,3.5,99199,119777,50,Low
12/31/2017,X1,2017,North America,Silver,Hybrid,Automatic,4.3,72447,86608,7300,High
12/31/2019,X5,2019,Europe,Red,Electric,Manual,2.6,9139,113707,5369,High
12/31/2017,5 Series,2017,Europe,Silver,Petrol,Manual,4,118342,76946,6724,High
12/31/2011,3 Series,2011,Europe,Black,Electric,Manual,5,91239,70897,8500,High
12/31/2020,M5,2020,Europe,Blue,Electric,Manual,2.9,95798,143827,1982,Low
12/31/2022,3 Series,2022,Africa,Black,Diesel,Automatic,4.3,159171,83554,5139,High
12/31/2016,X6,2016,North America,Blue,Diesel,Manual,2.4,59956,89953,4519,Low
12/31/2023,X1,2023,Asia,Grey,Petrol,Automatic,2.5,142412,74817,9910,High
12/31/2017,X1,2017,South America,Grey,Petrol,Automatic,4.8,39686,82494,4491,Low
12/31/2017,i8,2017,Asia,Silver,Electric,Automatic,1.6,178082,125339,112,Low
12/31/2020,X6,2020,Middle East,Grey,Electric,Manual,2.3,162116,105865,3079,Low
12/31/2019,X5,2019,South America,White,Diesel,Manual,3.2,103414,87804,3208,Low
12/31/2024,X5,2024,Europe,Silver,Electric,Automatic,2.9,73734,135202,6415,High
12/31/2020,i3,2020,North America,Grey,Petrol,Automatic,3.7,22437,97961,5106,High
12/31/2022,X5,2022,Europe,Red,Hybrid,Manual,2.2,79367,113289,6606,High
12/31/2016,3 Series,2016,Middle East,Black,Diesel,Automatic,1.7,131942,47492,7058,High
12/31/2014,5 Series,2014,Africa,Red,Diesel,Manual,2.8,100083,54227,3456,Low
12/31/2010,3 Series,2010,South America,White,Electric,Manual,3.3,892,67932,5054,High
12/31/2021,3 Series,2021,South America,White,Electric,Manual,3.5,134260,91214,7135,High
12/31/2018,i8,2018,South America,Red,Petrol,Automatic,3.6,122794,131962,50,Low
12/31/2022,3 Series,2022,North America,Red,Diesel,Automatic,3.4,180009,73700,10688,High
12/31/2016,M5,2016,Africa,Blue,Hybrid,Automatic,2.4,82073,118100,215,Low
12/31/2011,5 Series,2011,South America,Blue,Diesel,Manual,4.2,20305,69904,3308,Low
12/31/2015,M5,2015,Middle East,Black,Diesel,Manual,1.8,153401,86548,841,Low
12/31/2011,X5,2011,North America,Grey,Hybrid,Automatic,2.2,143717,58914,5854,High
12/31/2024,i8,2024,Africa,Silver,Diesel,Automatic,4.1,163849,145908,345,Low
12/31/2010,5 Series,2010,Middle East,White,Hybrid,Automatic,2.5,167179,47529,3897,Low
12/31/2023,X6,2023,Asia,Blue,Diesel,Manual,3.2,175132,99489,4760,Low
12/31/2016,X5,2016,Europe,Grey,Electric,Manual,2.6,32148,99778,5564,High
12/31/2022,7 Series,2022,South America,Silver,Diesel,Automatic,3.3,137236,123353,986,Low
12/31/2011,7 Series,2011,Africa,Black,Petrol,Automatic,2.7,91994,80875,50,Low
12/31/2022,7 Series,2022,Africa,White,Diesel,Manual,5,67403,137198,719,Low
12/31/2023,M3,2023,Europe,Black,Electric,Manual,2.8,129308,114509,3543,Low
12/31/2023,7 Series,2023,North America,Silver,Hybrid,Manual,3.7,151793,144546,328,Low
12/31/2011,5 Series,2011,Africa,Silver,Electric,Manual,4.6,111193,72739,2743,Low
12/31/2022,i3,2022,Middle East,Blue,Diesel,Automatic,3.7,160626,77982,3969,Low
12/31/2020,M3,2020,North America,White,Petrol,Manual,3.5,73307,147996,2142,Low
12/31/2014,X3,2014,Europe,Black,Hybrid,Manual,3.5,58893,74117,7243,High
12/31/2023,i8,2023,Europe,Black,Hybrid,Manual,3.2,163436,161031,911,Low
12/31/2014,X3,2014,Asia,Blue,Electric,Manual,4.3,87704,78762,8000,High
12/31/2016,i8,2016,Asia,Red,Petrol,Manual,1.7,197286,104161,293,Low
12/31/2010,3 Series,2010,North America,Black,Hybrid,Manual,4.6,14906,69126,8791,High
12/31/2017,3 Series,2017,Asia,Blue,Electric,Manual,3.6,118983,78077,11193,High
12/31/2012,i3,2012,South America,Silver,Hybrid,Manual,4.5,50877,72195,1974,Low
12/31/2013,i8,2013,North America,Silver,Petrol,Automatic,1.5,35278,117734,50,Low
12/31/2024,i8,2024,South America,Red,Petrol,Automatic,4.5,79002,171450,50,Low
12/31/2018,M3,2018,Asia,Red,Hybrid,Manual,1.9,181608,74032,4204,Low
12/31/2013,3 Series,2013,Africa,Grey,Petrol,Manual,4,33762,61061,5133,High
12/31/2019,M5,2019,Africa,White,Petrol,Manual,3,96900,112475,720,Low
12/31/2021,X5,2021,Africa,White,Hybrid,Manual,3.9,15491,127143,3080,Low
12/31/2024,X5,2024,Asia,Red,Petrol,Automatic,3.7,153267,108768,5988,High
12/31/2014,5 Series,2014,Africa,Silver,Hybrid,Automatic,2.1,179540,52248,3233,Low
12/31/2016,M3,2016,Middle East,White,Hybrid,Manual,3.3,185076,82974,1850,Low
12/31/2013,M3,2013,Middle East,Black,Electric,Automatic,2.5,27909,98512,997,Low
12/31/2023,X3,2023,Middle East,Red,Hybrid,Manual,3.5,175388,97269,6806,High
12/31/2010,X6,2010,Africa,Black,Hybrid,Manual,4.1,108214,73049,1240,Low
12/31/2018,X5,2018,Africa,Red,Hybrid,Manual,1.8,10855,94800,3093,Low
12/31/2013,i3,2013,South America,Red,Diesel,Manual,3.3,191042,28458,3052,Low
12/31/2018,M5,2018,Europe,Red,Petrol,Manual,3.7,99696,120317,1546,Low
12/31/2015,i3,2015,Africa,White,Electric,Manual,2.5,55472,69366,2021,Low
12/31/2024,X1,2024,Europe,Black,Electric,Manual,4.8,171096,100808,9156,High
12/31/2010,X3,2010,South America,Silver,Hybrid,Automatic,3.3,155371,43237,3983,Low
12/31/2021,5 Series,2021,Europe,Silver,Hybrid,Automatic,2.1,147426,89020,7051,High
12/31/2012,M5,2012,Middle East,Black,Electric,Manual,1.9,12472,118310,50,Low
12/31/2020,5 Series,2020,Africa,Grey,Electric,Manual,3.4,56980,108026,4078,Low
12/31/2011,i3,2011,South America,Blue,Petrol,Automatic,2.8,91896,39192,2873,Low
12/31/2018,M3,2018,North America,Red,Electric,Manual,2.2,173942,86994,3852,Low
12/31/2024,7 Series,2024,Europe,Silver,Electric,Manual,1.6,3216,153702,2291,Low
12/31/2021,i8,2021,North America,Red,Petrol,Automatic,3.5,60220,161513,129,Low
12/31/2010,i3,2010,Middle East,White,Petrol,Manual,3.6,136146,52914,2977,Low
12/31/2022,X1,2022,Africa,Grey,Hybrid,Automatic,2,90780,81428,5560,High
12/31/2023,X1,2023,North America,White,Diesel,Automatic,3.6,74828,93460,7204,High
12/31/2018,5 Series,2018,Asia,Blue,Diesel,Automatic,4.8,100500,99055,7029,High
12/31/2018,3 Series,2018,Middle East,Silver,Hybrid,Manual,4.9,91492,95511,7026,High
12/31/2017,3 Series,2017,Middle East,Blue,Diesel,Automatic,4.6,143172,69553,5637,High
12/31/2017,5 Series,2017,North America,Silver,Electric,Manual,4.3,85554,101498,15000,High
12/31/2020,5 Series,2020,Europe,White,Diesel,Manual,2.2,116507,76622,6266,High
12/31/2023,M5,2023,Europe,Red,Electric,Automatic,2,169614,128896,2391,Low
12/31/2021,X1,2021,South America,White,Petrol,Automatic,3.1,95235,74848,5329,High
12/31/2010,3 Series,2010,North America,Blue,Diesel,Automatic,3.7,82942,43822,8246,High
12/31/2020,X1,2020,Middle East,White,Electric,Automatic,4.5,115365,98448,5182,High
12/31/2017,X6,2017,North America,Red,Electric,Automatic,2.3,35266,111129,3738,Low
12/31/2019,X1,2019,Europe,Grey,Hybrid,Automatic,3.2,51703,91384,8944,High
12/31/2023,M5,2023,Middle East,Grey,Diesel,Automatic,3.8,104202,151495,1273,Low
12/31/2012,5 Series,2012,Middle East,Grey,Electric,Manual,3.1,112050,70437,4641,Low
12/31/2020,M3,2020,South America,Grey,Petrol,Automatic,3.1,35957,106440,1772,Low
12/31/2016,i8,2016,South America,Blue,Electric,Manual,2.3,12770,144776,50,Low
12/31/2020,X3,2020,Asia,Red,Electric,Automatic,5,24964,122684,9219,High
12/31/2024,i3,2024,North America,Grey,Petrol,Manual,3.2,24335,109226,5225,High
12/31/2010,M5,2010,Asia,Red,Petrol,Automatic,3.4,166740,80922,1148,Low
12/31/2010,X6,2010,Europe,Red,Electric,Manual,2.3,143133,60879,3506,Low
12/31/2019,M3,2019,South America,Red,Petrol,Automatic,3.3,128050,88537,1973,Low
12/31/2022,M5,2022,North America,White,Diesel,Manual,2.4,21745,145137,1878,Low
12/31/2014,i3,2014,Africa,White,Diesel,Manual,2.2,56066,47115,2502,Low
12/31/2014,5 Series,2014,Africa,Black,Electric,Automatic,2.5,38308,84349,2662,Low
12/31/2017,X3,2017,Africa,Grey,Petrol,Manual,1.5,116806,52937,5337,High
12/31/2016,X5,2016,Asia,Grey,Petrol,Automatic,3.5,50534,94408,6220,High
12/31/2017,X3,2017,Europe,Silver,Electric,Manual,2.9,67586,88191,7480,High
12/31/2015,i3,2015,Europe,Red,Petrol,Automatic,4.6,22201,80732,4631,Low
12/31/2015,i8,2015,South America,Silver,Petrol,Manual,1.6,107624,107349,50,Low
12/31/2011,X3,2011,Africa,Grey,Hybrid,Automatic,1.7,26260,56460,4141,Low
12/31/2015,i3,2015,South America,Silver,Diesel,Manual,4.6,181137,45891,3194,Low
12/31/2014,i8,2014,Africa,Black,Electric,Manual,1.9,100793,124004,50,Low
12/31/2022,7 Series,2022,South America,Blue,Petrol,Automatic,1.5,58899,119631,1130,Low
12/31/2012,X1,2012,South America,White,Diesel,Manual,2.1,106151,25365,5238,High
12/31/2015,i8,2015,South America,Grey,Petrol,Automatic,4.4,100839,138727,50,Low
12/31/2017,X1,2017,North America,Silver,Petrol,Automatic,4.3,44144,83670,7447,High
12/31/2018,M5,2018,Asia,Black,Hybrid,Manual,2.7,52252,128998,2048,Low
12/31/2010,X3,2010,Middle East,Red,Diesel,Manual,3.8,153200,34341,4671,Low
12/31/2012,M5,2012,Africa,Red,Petrol,Manual,3.3,180573,73552,319,Low
12/31/2012,X5,2012,Asia,White,Petrol,Manual,4.7,92323,73013,4731,Low
12/31/2020,X3,2020,North America,Grey,Hybrid,Manual,1.7,164895,74064,9673,High
12/31/2017,i8,2017,North America,Blue,Diesel,Automatic,4.3,38213,161481,50,Low
12/31/2010,X1,2010,Middle East,Red,Petrol,Automatic,2.1,187004,25000,5024,High
12/31/2014,X5,2014,North America,Silver,Electric,Manual,2.9,113554,85527,4605,Low
12/31/2012,X6,2012,Europe,White,Petrol,Automatic,2.2,89438,66853,3059,Low
12/31/2011,X3,2011,Europe,Silver,Electric,Manual,4,181088,48746,7121,High
12/31/2024,i8,2024,South America,Silver,Electric,Manual,3.9,106947,174991,531,Low
12/31/2017,5 Series,2017,Europe,Black,Diesel,Manual,3.4,137034,70656,7704,High
12/31/2012,X1,2012,Middle East,White,Hybrid,Automatic,3.9,78987,61195,4783,Low
12/31/2016,X1,2016,Europe,Black,Electric,Automatic,3.7,149540,68200,6878,High
12/31/2021,X6,2021,Middle East,Black,Hybrid,Automatic,4.2,67614,60737,3712,Low
12/31/2020,X5,2020,Africa,Red,Petrol,Manual,2.3,156291,76267,3186,Low
12/31/2010,M5,2010,South America,Grey,Electric,Manual,3,24236,106923,50,Low
12/31/2015,X5,2015,North America,Grey,Diesel,Manual,2,30859,77207,6389,High
12/31/2012,X3,2012,Europe,Silver,Hybrid,Manual,3,20041,69302,8372,High
12/31/2017,X3,2017,Asia,White,Petrol,Manual,4,99589,79657,8278,High
12/31/2015,M3,2015,Asia,White,Petrol,Automatic,3.9,142485,77076,2642,Low
12/31/2021,5 Series,2021,Europe,Grey,Hybrid,Manual,4,173885,99646,7043,High
12/31/2011,X3,2011,Asia,Silver,Petrol,Manual,2.6,122152,37527,8169,High
12/31/2015,M3,2015,Asia,Silver,Electric,Automatic,3.8,123791,94678,2297,Low
12/31/2016,i3,2016,Europe,Grey,Hybrid,Manual,2.8,32711,79618,4655,Low
12/31/2014,7 Series,2014,South America,Red,Diesel,Manual,4.8,23270,108931,50,Low
12/31/2012,X1,2012,Africa,Silver,Diesel,Automatic,2.7,57517,42069,3908,Low
12/31/2013,X1,2013,Europe,Black,Diesel,Manual,3.6,87485,47232,7799,High
12/31/2013,i8,2013,South America,Red,Diesel,Manual,4.1,61881,124006,50,Low
12/31/2015,M3,2015,Europe,White,Hybrid,Automatic,4.7,45987,111175,2031,Low
12/31/2019,X3,2019,Middle East,Silver,Diesel,Automatic,3,142210,69021,6485,High
12/31/2010,7 Series,2010,Europe,Grey,Electric,Manual,2.8,186396,72548,74,Low
12/31/2020,X5,2020,South America,White,Electric,Automatic,3,96898,108798,4455,Low
12/31/2013,X1,2013,Middle East,Black,Electric,Automatic,2.6,37682,68925,4943,Low
12/31/2019,X5,2019,Europe,Black,Diesel,Automatic,3.8,66825,101462,5618,High
12/31/2022,X5,2022,Asia,Black,Diesel,Manual,4.8,3629,132469,5341,High
12/31/2013,M5,2013,Middle East,Red,Hybrid,Manual,1.9,126687,93932,552,Low
12/31/2019,X6,2019,North America,White,Petrol,Manual,3.5,129620,93976,4430,Low
12/31/2010,X1,2010,Asia,Blue,Petrol,Automatic,4.6,182405,29534,7870,High
12/31/2018,7 Series,2018,Africa,Blue,Electric,Automatic,1.9,159851,102510,974,Low
12/31/2013,M5,2013,North America,Red,Hybrid,Manual,3.2,10911,120557,837,Low
12/31/2016,X6,2016,North America,Grey,Hybrid,Manual,4.5,199275,85107,3692,Low
12/31/2021,M3,2021,North America,Blue,Hybrid,Manual,4.7,59099,128038,2920,Low
12/31/2023,i8,2023,Middle East,Silver,Hybrid,Manual,3.3,145603,167141,582,Low
12/31/2012,i8,2012,South America,Blue,Electric,Manual,1.6,6588,124862,50,Low
12/31/2019,M3,2019,Middle East,Grey,Petrol,Manual,1.9,89067,88777,2225,Low
12/31/2021,7 Series,2021,Europe,Grey,Diesel,Manual,3.6,26832,139746,1131,Low
12/31/2012,M5,2012,Europe,Grey,Diesel,Automatic,1.9,96063,82133,1177,Low
12/31/2023,i3,2023,Africa,White,Electric,Manual,2,145910,88240,4318,Low
12/31/2017,M3,2017,South America,Blue,Petrol,Automatic,4.2,160703,78844,1749,Low
12/31/2017,i8,2017,Asia,Grey,Diesel,Automatic,4.1,176859,128737,50,Low
12/31/2020,3 Series,2020,South America,White,Electric,Manual,4.4,186918,87303,5683,High
12/31/2021,X3,2021,Asia,Black,Petrol,Manual,1.9,109385,79119,10287,High
12/31/2010,M5,2010,South America,Black,Hybrid,Manual,2.2,56832,94272,50,Low
12/31/2019,X6,2019,North America,Blue,Hybrid,Automatic,4.4,115378,119207,4539,Low
12/31/2011,X5,2011,Europe,Black,Electric,Manual,4,142942,70710,4247,Low
12/31/2017,5 Series,2017,North America,Grey,Petrol,Automatic,4.3,100601,86939,6840,High
12/31/2010,M5,2010,Asia,Blue,Hybrid,Automatic,5,55007,122783,453,Low
12/31/2024,5 Series,2024,Europe,White,Hybrid,Manual,4.5,76179,128708,7666,High
12/31/2021,3 Series,2021,South America,Red,Diesel,Manual,3.3,44380,86054,5786,High
12/31/2017,X5,2017,Middle East,White,Electric,Automatic,2.6,3364,117870,2976,Low
12/31/2017,i8,2017,South America,Red,Petrol,Automatic,3.5,166008,127960,50,Low
12/31/2011,i8,2011,Asia,Grey,Hybrid,Automatic,3.7,147129,119854,50,Low
12/31/2013,i3,2013,Africa,Red,Petrol,Manual,2.7,124901,39614,2377,Low
12/31/2015,7 Series,2015,North America,Grey,Electric,Manual,4.2,14848,136853,434,Low
12/31/2021,X1,2021,North America,Silver,Petrol,Manual,1.8,172597,56316,8850,High
12/31/2020,3 Series,2020,Europe,Blue,Electric,Manual,4.2,178172,81960,11059,High
12/31/2018,3 Series,2018,North America,Silver,Hybrid,Automatic,1.6,33742,81853,10295,High
12/31/2024,X1,2024,Africa,Silver,Electric,Automatic,3.2,62945,110994,4650,Low
12/31/2017,M3,2017,Africa,Red,Petrol,Automatic,4.5,34902,103416,986,Low
12/31/2021,X1,2021,Asia,Grey,Electric,Automatic,1.8,109020,81873,8955,High
12/31/2024,7 Series,2024,Asia,Black,Diesel,Manual,3.3,180849,124679,2295,Low
12/31/2017,X3,2017,Europe,White,Hybrid,Automatic,2.1,129932,69851,9352,High
12/31/2016,M3,2016,Asia,White,Hybrid,Manual,4.6,184577,87902,2707,Low
12/31/2023,X1,2023,Middle East,White,Petrol,Manual,4.4,63015,97987,6159,High
12/31/2022,M3,2022,Africa,Blue,Diesel,Automatic,4.8,181754,103785,1912,Low
12/31/2018,X6,2018,South America,Blue,Hybrid,Manual,4.6,23991,129092,2591,Low
12/31/2024,X3,2024,Africa,Grey,Electric,Manual,4.1,142660,113143,5950,High
12/31/2011,i3,2011,Middle East,Blue,Electric,Manual,2.1,116757,46801,2993,Low
12/31/2012,X3,2012,Middle East,White,Diesel,Manual,2.6,58,65206,4846,Low
12/31/2019,5 Series,2019,North America,White,Hybrid,Automatic,3.2,83214,99224,8206,High
12/31/2017,3 Series,2017,Middle East,Red,Hybrid,Manual,3.6,190584,66232,6664,High
12/31/2023,X1,2023,Africa,Grey,Hybrid,Manual,4.2,53964,106321,4466,Low
12/31/2015,3 Series,2015,Africa,Black,Hybrid,Automatic,2.3,75894,62424,5301,High
12/31/2019,M3,2019,Africa,Black,Hybrid,Manual,1.9,129181,90437,2103,Low
12/31/2018,M5,2018,Europe,Blue,Hybrid,Manual,3.2,91476,134898,1796,Low
12/31/2019,3 Series,2019,Middle East,Silver,Hybrid,Manual,2.1,161616,66542,7814,High
12/31/2013,3 Series,2013,South America,Black,Petrol,Automatic,3.9,185315,39361,5612,High
12/31/2017,i8,2017,North America,Silver,Hybrid,Manual,3.5,168358,133896,50,Low
12/31/2019,X6,2019,Asia,Silver,Electric,Automatic,4.1,90145,125365,4686,Low
12/31/2012,3 Series,2012,Asia,Blue,Petrol,Automatic,1.7,143848,31002,9122,High
12/31/2012,M5,2012,Middle East,Black,Hybrid,Manual,4.9,58977,130522,50,Low
12/31/2017,M3,2017,Europe,Grey,Petrol,Manual,1.5,165040,60386,3378,Low
12/31/2014,X6,2014,South America,Blue,Diesel,Automatic,2.6,112564,71097,2333,Low
12/31/2012,X6,2012,Asia,Black,Petrol,Manual,3.9,75761,80768,3889,Low
12/31/2019,X3,2019,Europe,Blue,Petrol,Automatic,1.7,52773,75204,7604,High
12/31/2020,3 Series,2020,Europe,Grey,Electric,Automatic,1.8,180922,69449,10103,High
12/31/2010,X3,2010,South America,Blue,Petrol,Automatic,1.8,75237,36615,4531,Low
12/31/2024,X5,2024,Europe,Blue,Hybrid,Automatic,3.5,67133,186119,5406,High
12/31/2012,X6,2012,Asia,Blue,Hybrid,Automatic,4.6,38553,105183,2992,Low
12/31/2021,3 Series,2021,Europe,White,Hybrid,Automatic,3.4,162369,83751,10485,High
12/31/2018,5 Series,2018,South America,Black,Hybrid,Manual,3.6,178017,75848,4995,Low
12/31/2014,M5,2014,Middle East,Black,Petrol,Automatic,2.7,96357,102214,546,Low
12/31/2021,7 Series,2021,Middle East,Red,Hybrid,Manual,1.6,36584,144355,1082,Low
12/31/2019,X6,2019,North America,Black,Diesel,Automatic,1.6,31229,99273,4238,Low
12/31/2024,7 Series,2024,South America,Red,Electric,Automatic,4.6,84157,167488,1275,Low
12/31/2011,M3,2011,Africa,White,Electric,Manual,1.9,143971,53870,879,Low
12/31/2016,X1,2016,Europe,Silver,Diesel,Manual,5,94057,66797,8149,High
12/31/2024,i8,2024,Asia,Red,Electric,Manual,2.1,187581,152786,1147,Low
12/31/2011,M5,2011,Asia,Blue,Electric,Automatic,3.9,61763,120251,696,Low
12/31/2013,X3,2013,North America,Blue,Petrol,Automatic,4.8,143178,61858,8506,High
12/31/2021,i3,2021,Europe,White,Electric,Manual,2.8,25513,105954,5503,High
12/31/2016,3 Series,2016,South America,White,Electric,Manual,4.1,181862,66201,5509,High
12/31/2013,i3,2013,South America,Blue,Petrol,Automatic,2.7,74659,51637,2844,Low
12/31/2016,X5,2016,Africa,Grey,Diesel,Manual,2.6,127050,61724,2749,Low
12/31/2016,3 Series,2016,North America,Black,Diesel,Automatic,2.2,185626,40183,10734,High
12/31/2010,X1,2010,Europe,Grey,Hybrid,Manual,4.4,192770,32517,6994,High
12/31/2015,M3,2015,North America,Black,Petrol,Manual,2.4,57722,85325,2738,Low
12/31/2018,M5,2018,Africa,Blue,Electric,Automatic,2.5,156076,109832,1281,Low
12/31/2011,X3,2011,Africa,Red,Hybrid,Automatic,5,113277,62992,3604,Low
12/31/2023,X3,2023,Asia,Black,Electric,Manual,2.6,186331,89179,9333,High
12/31/2012,7 Series,2012,Asia,Red,Electric,Automatic,3,39202,111984,504,Low
12/31/2019,X6,2019,Europe,Blue,Hybrid,Manual,5,123789,111780,4749,Low
12/31/2014,M5,2014,Asia,Grey,Electric,Automatic,2.8,99059,113156,1236,Low
12/31/2018,M5,2018,Middle East,Blue,Diesel,Automatic,2.8,140132,110646,1016,Low
12/31/2013,3 Series,2013,South America,Grey,Petrol,Manual,4.4,44926,63908,4859,Low
12/31/2010,i8,2010,Africa,Silver,Electric,Manual,2.6,8912,127839,50,Low
12/31/2013,X3,2013,Asia,Grey,Electric,Manual,2.3,188207,44589,9004,High
12/31/2015,i8,2015,North America,Red,Hybrid,Automatic,3,116211,134594,50,Low
12/31/2014,X6,2014,South America,Black,Diesel,Manual,4,121637,75409,2053,Low
12/31/2023,X3,2023,Asia,Black,Electric,Automatic,1.7,186871,84767,9498,High
12/31/2022,X1,2022,North America,Red,Petrol,Manual,2.8,101777,78653,8011,High
12/31/2010,X3,2010,Middle East,Blue,Hybrid,Manual,2.7,109393,48754,5829,High
12/31/2013,X5,2013,Europe,Black,Hybrid,Automatic,2.4,113074,71266,5580,High
12/31/2015,M3,2015,Asia,Blue,Hybrid,Automatic,3.8,18149,110029,2285,Low
12/31/2022,X5,2022,Europe,Silver,Hybrid,Manual,2.5,19944,121784,7037,High
12/31/2024,i8,2024,Africa,Blue,Electric,Manual,3.6,146170,78020,2053,Low
12/31/2019,5 Series,2019,North America,Red,Petrol,Automatic,3.3,191896,74208,7541,High
12/31/2019,i8,2019,Africa,Black,Petrol,Automatic,2.3,198586,117644,50,Low
12/31/2023,3 Series,2023,South America,Black,Petrol,Manual,2.4,95111,81806,5593,High
12/31/2013,X3,2013,Europe,Black,Petrol,Manual,2.1,172488,31735,8363,High
12/31/2024,X3,2024,North America,Grey,Electric,Automatic,1.7,139540,104530,10355,High
12/31/2023,M3,2023,Africa,Grey,Electric,Manual,3.7,188513,108583,2318,Low
12/31/2018,X1,2018,North America,Grey,Petrol,Manual,3.9,103415,68086,7292,High
12/31/2014,i8,2014,South America,Red,Diesel,Automatic,2.1,185255,90746,50,Low
12/31/2017,X3,2017,Europe,Silver,Petrol,Automatic,3.7,4408,93543,8599,High
12/31/2018,3 Series,2018,Middle East,White,Diesel,Manual,4.9,168181,69322,7639,High
12/31/2019,7 Series,2019,North America,Blue,Electric,Automatic,1.8,111820,118121,357,Low
12/31/2014,X1,2014,Africa,Black,Petrol,Manual,3.2,196505,27237,4266,Low
12/31/2015,X3,2015,Africa,Silver,Hybrid,Automatic,4.1,21161,87911,4295,Low
12/31/2010,X5,2010,North America,White,Electric,Automatic,1.7,18295,76404,5031,High
12/31/2020,X1,2020,North America,Silver,Electric,Manual,4.2,195692,74068,8794,High
12/31/2021,i3,2021,Asia,Grey,Electric,Automatic,4.9,81082,115109,5817,High
12/31/2024,i3,2024,North America,Blue,Diesel,Manual,1.8,29924,100278,5032,High
12/31/2016,X6,2016,Europe,White,Hybrid,Manual,4.4,26286,119751,3528,Low
12/31/2013,5 Series,2013,South America,White,Hybrid,Automatic,2.8,164587,56015,3998,Low
12/31/2020,i8,2020,Middle East,Blue,Electric,Automatic,2,5391,175007,50,Low
12/31/2011,M5,2011,South America,Red,Electric,Automatic,3.2,112129,101497,50,Low
12/31/2014,5 Series,2014,Asia,White,Electric,Manual,1.8,171913,55270,7263,High
12/31/2021,i3,2021,Middle East,Black,Petrol,Manual,3.3,54504,93286,751,Low
12/31/2012,X6,2012,Asia,Grey,Petrol,Manual,1.6,44642,72377,3242,Low
12/31/2015,X5,2015,Asia,Grey,Hybrid,Automatic,4.1,49307,104231,4860,Low
12/31/2017,7 Series,2017,Europe,Red,Electric,Manual,3.2,44297,133568,713,Low
12/31/2016,X6,2016,Middle East,Black,Diesel,Manual,3.1,145100,75376,2520,Low
12/31/2012,3 Series,2012,Middle East,Red,Diesel,Automatic,2.2,28181,52373,6163,High
12/31/2017,X5,2017,Africa,Black,Diesel,Manual,2.8,11169,90382,2786,Low
12/31/2011,X1,2011,Europe,Grey,Electric,Automatic,2.1,124047,41185,6001,High
12/31/2019,7 Series,2019,South America,Black,Electric,Automatic,4.1,77779,141200,800,Low
12/31/2018,X5,2018,Asia,White,Hybrid,Manual,2.2,27721,100684,7026,High
12/31/2013,X1,2013,North America,Black,Electric,Manual,3.7,108086,58507,7733,High
12/31/2010,5 Series,2010,North America,White,Electric,Automatic,2.5,17855,79854,5533,High
12/31/2017,i3,2017,Middle East,Silver,Electric,Manual,3.8,110428,86541,3171,Low
12/31/2016,X5,2016,Middle East,Grey,Electric,Automatic,3.4,139632,93810,3713,Low
12/31/2020,i3,2020,North America,Red,Petrol,Automatic,3,73585,84687,5723,High
12/31/2022,i3,2022,Middle East,Blue,Electric,Automatic,3.9,72051,115179,3549,Low
12/31/2014,X5,2014,North America,Silver,Petrol,Automatic,3,158644,61797,5979,High
12/31/2019,X5,2019,Africa,Grey,Hybrid,Automatic,4.4,73385,109999,3597,Low
12/31/2022,X3,2022,Asia,Silver,Petrol,Automatic,4.1,102813,102957,9467,High
12/31/2014,M3,2014,South America,Grey,Diesel,Automatic,3.4,96891,71989,1352,Low
12/31/2016,X3,2016,Africa,Blue,Diesel,Manual,4.6,199383,51989,4578,Low
12/31/2014,X6,2014,Asia,Black,Petrol,Manual,4.4,191233,69496,4210,Low
12/31/2017,X3,2017,Asia,Red,Hybrid,Automatic,3.4,46881,96185,1323,Low
12/31/2020,i8,2020,Middle East,Red,Diesel,Automatic,1.7,55294,144720,50,Low
12/31/2022,X1,2022,Africa,Black,Hybrid,Automatic,3.5,170025,79136,5706,High
12/31/2015,M3,2015,North America,Silver,Hybrid,Automatic,2.7,13076,100131,2629,Low
12/31/2022,i8,2022,North America,Silver,Diesel,Manual,3.4,81185,157696,358,Low
12/31/2014,7 Series,2014,Europe,Black,Petrol,Manual,3.8,16671,112260,575,Low
12/31/2018,M5,2018,Africa,Black,Hybrid,Manual,3.8,86941,135083,709,Low
12/31/2020,X3,2020,Europe,White,Electric,Manual,3.9,74047,109178,9663,High
12/31/2011,M3,2011,North America,Silver,Electric,Manual,3.9,165709,72539,2231,Low
12/31/2010,3 Series,2010,North America,White,Hybrid,Automatic,1.9,196370,25000,8810,High
12/31/2017,5 Series,2017,Europe,Black,Hybrid,Automatic,2.2,80669,84012,6110,High
12/31/2021,X6,2021,Middle East,Black,Hybrid,Manual,3.7,31002,139330,2715,Low
12/31/2012,i8,2012,Middle East,Grey,Diesel,Manual,2.9,35352,200000,50,Low
12/31/2023,i8,2023,Middle East,Red,Petrol,Automatic,4.2,10357,186746,50,Low
12/31/2020,i8,2020,Europe,Blue,Diesel,Manual,1.9,111704,138447,310,Low
12/31/2021,i8,2021,Europe,White,Diesel,Automatic,2.2,154455,139241,451,Low
12/31/2021,M3,2021,Europe,Red,Electric,Manual,3.5,191420,101691,4004,Low
12/31/2021,M3,2021,South America,White,Electric,Manual,3.3,155074,109186,2516,Low
12/31/2016,X3,2016,South America,Blue,Electric,Manual,2.4,1367,87010,4917,Low
12/31/2019,i3,2019,South America,Red,Electric,Manual,2.9,53770,96349,3370,Low
12/31/2022,5 Series,2022,Asia,White,Petrol,Automatic,1.6,157014,77140,7421,High
12/31/2020,5 Series,2020,Europe,Red,Electric,Automatic,1.6,109899,90717,8352,High
12/31/2017,M5,2017,South America,Red,Diesel,Automatic,1.8,192614,85976,981,Low
12/31/2024,X3,2024,Europe,Grey,Petrol,Automatic,3.5,196564,82972,8719,High
12/31/2022,7 Series,2022,South America,Silver,Diesel,Automatic,4.5,194724,115205,1140,Low
12/31/2022,M3,2022,North America,Blue,Petrol,Manual,2.4,194721,83564,3241,Low
12/31/2015,X6,2015,Europe,Grey,Petrol,Manual,1.6,95449,72065,3379,Low
12/31/2021,X6,2021,North America,Blue,Hybrid,Manual,4,69987,129746,3987,Low
12/31/2019,i8,2019,North America,White,Petrol,Automatic,4.5,162032,145765,55,Low
12/31/2023,M5,2023,South America,White,Hybrid,Automatic,2,70065,146873,1520,Low
12/31/2018,5 Series,2018,Europe,Grey,Hybrid,Automatic,2.9,153505,81284,8013,High
12/31/2016,M5,2016,Africa,White,Petrol,Manual,2.1,146824,86771,747,Low
12/31/2024,X6,2024,Asia,Silver,Electric,Manual,1.9,81873,125060,4704,Low
12/31/2019,5 Series,2019,Africa,Silver,Petrol,Automatic,3.8,92969,89568,3150,Low
12/31/2014,X6,2014,Asia,Grey,Petrol,Automatic,4.9,14630,107913,3973,Low
12/31/2017,X3,2017,Europe,Grey,Petrol,Automatic,3.9,5149,93588,7530,High
12/31/2024,X3,2024,South America,Red,Hybrid,Automatic,4.9,174466,104133,5485,High
12/31/2011,7 Series,2011,Asia,Black,Diesel,Automatic,3,71799,84172,742,Low
12/31/2016,X1,2016,Asia,Silver,Petrol,Automatic,4.6,53116,77107,6799,High
12/31/2024,M3,2024,Europe,Black,Hybrid,Manual,2.2,18808,126332,3776,Low
12/31/2013,3 Series,2013,Europe,Black,Electric,Automatic,1.9,62030,64105,8759,High
12/31/2018,X5,2018,South America,Silver,Hybrid,Manual,4,17896,114591,3672,Low
12/31/2021,i3,2021,Africa,Red,Petrol,Automatic,2.8,4034,99545,2451,Low
12/31/2010,5 Series,2010,Middle East,Black,Electric,Manual,2.6,7800,79106,3120,Low
12/31/2016,X1,2016,Africa,Silver,Petrol,Automatic,3.8,56293,67057,3393,Low
12/31/2015,X1,2015,Europe,Red,Petrol,Automatic,2.7,110058,50615,6300,High
12/31/2017,5 Series,2017,Europe,Blue,Petrol,Manual,3.5,158689,67404,7512,High
12/31/2014,7 Series,2014,Asia,Silver,Electric,Automatic,2.5,61072,111535,692,Low
12/31/2024,M5,2024,North America,Red,Electric,Manual,4.2,136894,165026,2309,Low
12/31/2010,X6,2010,South America,Blue,Diesel,Manual,2.6,19074,66113,1415,Low
12/31/2010,i8,2010,Asia,Black,Electric,Manual,3.4,15942,132273,50,Low
12/31/2018,X3,2018,Africa,Silver,Electric,Automatic,1.6,160862,67213,4931,Low
12/31/2024,X3,2024,Africa,Grey,Hybrid,Manual,4.3,38665,191712,4746,Low
12/31/2019,X6,2019,Africa,Red,Electric,Manual,3.7,93298,115755,2098,Low
12/31/2015,X5,2015,South America,Grey,Diesel,Manual,2.2,138082,57752,3069,Low
12/31/2019,7 Series,2019,Middle East,Black,Hybrid,Automatic,2.3,159707,48252,2241,Low
12/31/2014,M3,2014,North America,Black,Hybrid,Manual,2.4,7222,94469,2186,Low
12/31/2024,5 Series,2024,South America,White,Diesel,Manual,3.5,1782,119278,5044,High
12/31/2010,5 Series,2010,Asia,Blue,Hybrid,Automatic,3.4,73363,67948,6377,High
12/31/2015,i8,2015,Africa,Black,Electric,Manual,2.5,122496,127259,50,Low
12/31/2015,M3,2015,South America,Red,Petrol,Manual,3.9,98857,76475,1520,Low
12/31/2012,i3,2012,Europe,Black,Petrol,Automatic,4.6,80652,58240,4412,Low
12/31/2022,X6,2022,Africa,Red,Diesel,Automatic,1.7,153879,85501,3140,Low
12/31/2017,X3,2017,South America,Grey,Petrol,Manual,3,156122,57186,5298,High
12/31/2023,M3,2023,North America,Black,Petrol,Manual,3.6,138926,110928,3071,Low
12/31/2024,X5,2024,Africa,Grey,Electric,Manual,3.6,11808,147179,3423,Low
12/31/2010,X5,2010,South America,Black,Hybrid,Automatic,1.6,186171,35368,2806,Low
12/31/2010,X1,2010,North America,Silver,Electric,Manual,2.2,199193,25000,7495,High
12/31/2015,7 Series,2015,Europe,Silver,Diesel,Manual,1.7,155819,76568,1209,Low
12/31/2019,i3,2019,North America,Black,Electric,Manual,3.5,89474,94243,5045,High
12/31/2022,X3,2022,North America,Silver,Hybrid,Manual,3.8,128059,102194,8841,High
12/31/2010,i3,2010,Africa,White,Hybrid,Manual,2.1,71645,38911,1824,Low
12/31/2015,X3,2015,North America,White,Petrol,Automatic,2.7,177147,45729,7696,High
12/31/2010,X1,2010,South America,Black,Hybrid,Manual,2.7,196485,25000,4440,Low
12/31/2023,3 Series,2023,Africa,Red,Hybrid,Manual,4.4,188688,89311,5704,High
12/31/2022,3 Series,2022,Europe,Grey,Diesel,Automatic,2.2,27834,89455,10162,High
12/31/2015,i8,2015,Africa,Blue,Diesel,Manual,3.4,185741,108101,50,Low
12/31/2012,3 Series,2012,Asia,Black,Hybrid,Manual,4.2,198263,43406,9734,High
12/31/2023,5 Series,2023,South America,Red,Hybrid,Automatic,4.4,116677,115595,4692,Low
12/31/2023,X5,2023,North America,Silver,Electric,Automatic,3.8,44960,135401,6367,High
12/31/2024,i3,2024,South America,Blue,Hybrid,Manual,2.5,45509,106767,3520,Low
12/31/2017,i8,2017,Europe,White,Hybrid,Manual,4.4,104721,158274,50,Low
12/31/2022,X5,2022,South America,Red,Petrol,Manual,4.1,169309,93426,3811,Low
12/31/2024,X1,2024,Africa,Grey,Electric,Manual,4,112536,99204,4498,Low
12/31/2015,5 Series,2015,Middle East,Red,Petrol,Manual,1.7,64706,68669,4230,Low
12/31/2022,X1,2022,Europe,Blue,Electric,Automatic,1.7,73133,87321,8739,High
12/31/2020,M5,2020,North America,White,Electric,Automatic,3.9,194797,130138,2263,Low
12/31/2022,M3,2022,South America,Red,Petrol,Automatic,4.8,185202,98641,1963,Low
12/31/2010,X5,2010,South America,Blue,Hybrid,Manual,4.2,121767,61675,2528,Low
12/31/2024,X5,2024,South America,Red,Diesel,Automatic,4.4,74169,119859,4177,Low
12/31/2014,3 Series,2014,North America,White,Petrol,Automatic,3.4,44804,68794,8846,High
12/31/2017,i8,2017,Middle East,Blue,Hybrid,Automatic,2.6,52965,155380,50,Low
12/31/2012,i3,2012,Asia,Blue,Hybrid,Manual,3.9,54847,70726,10167,High
12/31/2021,i8,2021,Asia,Blue,Hybrid,Manual,4,93545,165307,632,Low
12/31/2015,3 Series,2015,North America,White,Electric,Manual,3.9,73420,79642,9649,High
12/31/2014,i8,2014,Middle East,Silver,Petrol,Manual,4.8,123369,136785,50,Low
12/31/2015,X6,2015,Europe,Grey,Electric,Automatic,2.8,153088,82575,3344,Low
12/31/2019,X3,2019,South America,Grey,Petrol,Automatic,1.6,164012,57237,4956,Low
12/31/2010,3 Series,2010,Asia,Grey,Hybrid,Automatic,4.7,151653,47911,9241,High
12/31/2016,3 Series,2016,Europe,Blue,Petrol,Automatic,2.1,137159,51394,8644,High
12/31/2018,i3,2018,South America,Blue,Petrol,Manual,3.9,178760,57254,3439,Low
12/31/2011,i8,2011,Asia,Silver,Electric,Automatic,4.6,129512,126470,50,Low
12/31/2019,X1,2019,Europe,Grey,Diesel,Manual,2.6,135101,55404,8684,High
12/31/2024,M5,2024,North America,Silver,Electric,Manual,4.4,183341,154468,2248,Low
12/31/2014,X1,2014,South America,White,Electric,Automatic,2.7,160160,47124,4564,Low
12/31/2019,X1,2019,South America,Grey,Petrol,Automatic,4.3,21412,93709,4568,Low
12/31/2013,X6,2013,Asia,Silver,Diesel,Automatic,1.7,82107,67399,3983,Low
12/31/2015,3 Series,2015,Africa,Grey,Petrol,Manual,3.8,20086,76878,1242,Low
12/31/2015,X3,2015,South America,Black,Hybrid,Manual,3.9,45360,84344,4793,Low
12/31/2020,M5,2020,Africa,Grey,Hybrid,Automatic,3.2,119365,135033,1110,Low
12/31/2011,X6,2011,South America,White,Petrol,Manual,3.9,197776,51448,1852,Low
12/31/2011,M3,2011,South America,Grey,Diesel,Automatic,4.7,42774,83444,846,Low
12/31/2013,M3,2013,Africa,Red,Diesel,Automatic,4.1,47589,83294,753,Low
12/31/2010,7 Series,2010,North America,Silver,Electric,Automatic,4.9,115035,104980,242,Low
12/31/2018,X5,2018,Asia,Blue,Hybrid,Automatic,3.1,32510,114217,5981,High
12/31/2023,3 Series,2023,Middle East,Silver,Diesel,Automatic,3.3,123776,93475,6691,High
12/31/2023,X3,2023,North America,Grey,Petrol,Automatic,2.4,75370,94944,8241,High
12/31/2022,i8,2022,Europe,Silver,Hybrid,Manual,4.9,196974,154850,734,Low
12/31/2016,5 Series,2016,North America,Silver,Petrol,Automatic,1.7,42920,77321,7283,High
12/31/2021,i8,2021,North America,White,Diesel,Automatic,2.8,89254,158405,172,Low
12/31/2016,7 Series,2016,Europe,Silver,Petrol,Manual,2.5,11435,116581,981,Low
12/31/2024,X5,2024,Europe,Black,Petrol,Automatic,2.9,182215,96944,5759,High
12/31/2012,i8,2012,Europe,Black,Hybrid,Automatic,4.7,35233,146032,50,Low
12/31/2024,M3,2024,Middle East,Grey,Diesel,Automatic,2.8,170933,103331,3013,Low
12/31/2020,M3,2020,Europe,Blue,Petrol,Manual,4.7,189613,88925,3605,Low
12/31/2024,M5,2024,North America,Grey,Diesel,Manual,3,44008,153153,1778,Low
12/31/2021,X1,2021,Middle East,Red,Electric,Manual,4.5,66287,105665,5618,High
12/31/2012,X3,2012,Middle East,Red,Hybrid,Manual,3.3,180388,45075,5327,High
12/31/2010,X5,2010,Europe,Black,Petrol,Manual,2.6,160263,40369,4661,Low
12/31/2012,7 Series,2012,Africa,White,Hybrid,Automatic,3.1,96960,95762,50,Low
12/31/2012,3 Series,2012,Europe,Grey,Diesel,Automatic,3,47734,52144,9678,High
12/31/2013,X6,2013,Asia,Blue,Hybrid,Automatic,2.4,32304,92552,3791,Low
12/31/2013,5 Series,2013,Middle East,Red,Electric,Automatic,2.5,37318,87763,4088,Low
12/31/2012,X6,2012,Middle East,Red,Petrol,Automatic,2.2,120062,63894,2179,Low
12/31/2019,M5,2019,Africa,Red,Diesel,Manual,2.7,173881,96754,980,Low
12/31/2021,M3,2021,Africa,White,Diesel,Manual,3.7,110410,94416,1875,Low
12/31/2017,i3,2017,Middle East,Grey,Diesel,Manual,2.9,46013,72540,3187,Low
12/31/2017,3 Series,2017,Europe,Blue,Hybrid,Manual,4,196607,65820,10047,High
12/31/2022,X3,2022,Europe,White,Hybrid,Manual,5,190598,96736,8599,High
12/31/2022,i3,2022,Middle East,Black,Diesel,Automatic,2.8,65524,90735,3521,Low
12/31/2010,X6,2010,Middle East,Silver,Electric,Manual,3.1,20179,91545,1504,Low
12/31/2016,X5,2016,South America,Blue,Hybrid,Automatic,2.1,166638,66106,3587,Low
12/31/2020,M3,2020,Africa,Black,Electric,Manual,2.9,167841,94229,2139,Low
12/31/2011,7 Series,2011,Middle East,White,Diesel,Manual,4,1787,106615,50,Low
12/31/2010,7 Series,2010,Africa,White,Hybrid,Automatic,2.3,89847,79649,50,Low
12/31/2012,X5,2012,Europe,Grey,Diesel,Manual,2.1,4670,71210,4752,Low
12/31/2013,X5,2013,South America,Grey,Diesel,Manual,2.8,35607,70391,3473,Low
12/31/2022,7 Series,2022,Europe,Red,Electric,Automatic,4.4,164232,145498,1710,Low
12/31/2015,X1,2015,North America,Silver,Electric,Automatic,3.7,13206,86272,6463,High
12/31/2019,M5,2019,Asia,White,Electric,Manual,4.9,145455,146480,1714,Low
12/31/2023,i3,2023,Africa,Grey,Petrol,Manual,4.7,12240,115317,2936,Low
12/31/2014,i8,2014,North America,Grey,Hybrid,Manual,2,53303,137456,50,Low
12/31/2024,M3,2024,North America,White,Electric,Manual,1.6,108070,123767,4044,Low
12/31/2024,i8,2024,North America,Blue,Petrol,Automatic,2.9,163681,151958,783,Low
12/31/2023,5 Series,2023,North America,Black,Diesel,Manual,3.3,90740,108615,7152,High
12/31/2013,X6,2013,South America,White,Diesel,Automatic,3.3,167909,59070,2202,Low
12/31/2017,M5,2017,North America,White,Electric,Automatic,2,55589,132974,1431,Low
12/31/2020,X3,2020,Africa,Red,Electric,Manual,1.9,78589,90855,5780,High
12/31/2021,i8,2021,Africa,Silver,Diesel,Manual,1.7,169352,125092,160,Low
12/31/2023,X6,2023,Middle East,White,Hybrid,Automatic,4.5,170830,128942,3166,Low
12/31/2013,X3,2013,Africa,Grey,Electric,Manual,4.8,112959,73937,4393,Low
12/31/2022,M5,2022,Asia,White,Hybrid,Manual,1.9,57053,200000,1814,Low
12/31/2019,M3,2019,Europe,Black,Diesel,Automatic,2.2,188892,70682,3435,Low
12/31/2021,M5,2021,Africa,Blue,Hybrid,Automatic,1.8,69497,128480,1399,Low
12/31/2022,X6,2022,Middle East,Blue,Petrol,Manual,4.6,192672,109699,3330,Low
12/31/2011,i3,2011,South America,White,Hybrid,Manual,4.9,20101,77136,1974,Low
12/31/2024,X6,2024,Europe,Blue,Diesel,Automatic,2.4,58652,125612,5012,High
12/31/2012,M5,2012,North America,Blue,Hybrid,Manual,2.6,137746,97601,1110,Low
12/31/2015,i8,2015,Europe,White,Electric,Manual,2.8,23268,158620,50,Low
12/31/2017,X6,2017,Africa,Silver,Electric,Manual,3.3,22938,120557,1622,Low
12/31/2017,M5,2017,Africa,Red,Hybrid,Manual,3.9,69322,133776,156,Low
12/31/2024,5 Series,2024,Middle East,Silver,Electric,Automatic,3.3,65257,137725,4709,Low
12/31/2020,7 Series,2020,Middle East,Black,Electric,Manual,4.8,172040,134418,1224,Low
12/31/2024,3 Series,2024,North America,Blue,Diesel,Automatic,1.8,134607,79109,10612,High
12/31/2018,X1,2018,Africa,Blue,Electric,Manual,4.3,83570,87504,3937,Low
12/31/2016,X1,2016,South America,Blue,Electric,Manual,2.7,74487,66070,4723,Low
12/31/2022,X5,2022,Asia,Silver,Diesel,Manual,2.8,140684,94504,7536,High
12/31/2011,3 Series,2011,Africa,Silver,Hybrid,Manual,4,49222,63820,4806,Low
12/31/2017,X6,2017,Europe,Grey,Hybrid,Automatic,4.8,66504,124536,3578,Low
12/31/2016,X5,2016,Africa,Grey,Diesel,Manual,4,46623,90422,2349,Low
12/31/2017,X3,2017,Africa,Blue,Hybrid,Manual,4.2,195433,65248,5160,High
12/31/2021,X5,2021,Europe,Grey,Diesel,Manual,4.1,126131,103371,5796,High
12/31/2012,5 Series,2012,Asia,Blue,Petrol,Manual,2.6,22677,69847,6240,High
12/31/2016,5 Series,2016,Asia,Black,Electric,Manual,4.1,57324,99634,6434,High
12/31/2019,X5,2019,Europe,White,Petrol,Automatic,4.2,96667,105552,5245,High
12/31/2022,3 Series,2022,North America,Grey,Petrol,Automatic,3.4,194551,71271,10413,High
12/31/2018,i3,2018,Africa,Black,Diesel,Manual,3.4,66127,73848,2591,Low
12/31/2012,7 Series,2012,Africa,Blue,Petrol,Automatic,4.2,148952,80141,50,Low
12/31/2023,X1,2023,North America,Blue,Electric,Automatic,4.4,46441,117426,9249,High
12/31/2019,X1,2019,Europe,White,Electric,Manual,2.7,94016,81170,8001,High
12/31/2015,X1,2015,Asia,Red,Hybrid,Automatic,4.3,152222,59628,7795,High
12/31/2011,X5,2011,Africa,Black,Electric,Automatic,4.3,195175,59680,2366,Low
12/31/2011,X6,2011,North America,Silver,Electric,Manual,2.3,165912,60530,3381,Low
12/31/2014,X3,2014,Africa,Silver,Diesel,Automatic,4,91891,60783,4560,Low
12/31/2014,X1,2014,Africa,Silver,Petrol,Manual,2.2,106164,35907,3774,Low
12/31/2022,3 Series,2022,Africa,Black,Petrol,Manual,1.8,154513,67616,5029,High
12/31/2016,7 Series,2016,Africa,Grey,Hybrid,Manual,3.5,48618,115947,64,Low
12/31/2021,i8,2021,Africa,White,Petrol,Automatic,4.7,192434,141088,50,Low
12/31/2011,X3,2011,North America,Black,Petrol,Manual,1.6,59748,42938,1959,Low
12/31/2020,M3,2020,Middle East,White,Hybrid,Manual,4.4,185910,103552,2272,Low
12/31/2023,5 Series,2023,North America,Grey,Electric,Manual,3.3,197547,98681,8679,High
12/31/2022,X3,2022,North America,Black,Petrol,Manual,4.5,48584,114733,8678,High
12/31/2016,X1,2016,Europe,Black,Petrol,Manual,4.5,43620,71433,6624,High
12/31/2014,X6,2014,Asia,Blue,Petrol,Automatic,4.6,164873,80293,4063,Low
12/31/2023,X1,2023,South America,Black,Hybrid,Automatic,4.2,10008,121961,5787,High
12/31/2015,i8,2015,North America,White,Diesel,Manual,4.5,60988,137754,50,Low
12/31/2017,7 Series,2017,Europe,White,Petrol,Manual,2.1,51199,105244,1256,Low
12/31/2019,M3,2019,Middle East,Black,Petrol,Automatic,2.6,35510,109611,1951,Low
12/31/2022,3 Series,2022,North America,Red,Diesel,Automatic,2.3,145893,74062,10374,High
12/31/2023,M3,2023,Asia,Blue,Petrol,Manual,4.1,167781,109408,3791,Low
12/31/2021,3 Series,2021,Middle East,White,Petrol,Automatic,2,29865,89659,6775,High
12/31/2013,M3,2013,South America,White,Electric,Automatic,2.1,135230,69225,1422,Low
12/31/2022,X6,2022,North America,Silver,Hybrid,Manual,4.6,142280,118565,5528,High
12/31/2016,X5,2016,Middle East,Black,Electric,Manual,4,35320,110065,3763,Low
12/31/2015,i8,2015,Africa,Blue,Hybrid,Manual,4.6,169218,131375,50,Low
12/31/2019,X6,2019,North America,Red,Hybrid,Automatic,2,46506,109886,5202,High
12/31/2011,7 Series,2011,Europe,Grey,Diesel,Automatic,2.9,97738,76521,694,Low
12/31/2024,3 Series,2024,Middle East,Red,Petrol,Manual,2.5,51203,103566,6121,High
12/31/2017,M3,2017,Middle East,Grey,Petrol,Manual,1.5,109723,73595,1777,Low
12/31/2019,7 Series,2019,South America,White,Electric,Manual,2.5,117032,112454,1260,Low
12/31/2018,5 Series,2018,South America,Silver,Hybrid,Automatic,2.8,4618,104433,3859,Low
12/31/2014,X3,2014,Asia,Blue,Diesel,Automatic,1.8,166642,36109,8419,High
12/31/2019,i3,2019,Africa,White,Diesel,Manual,3.5,22943,83838,2431,Low
12/31/2013,M5,2013,Middle East,Silver,Electric,Automatic,2.8,54865,120964,96,Low
12/31/2015,i8,2015,Africa,Blue,Electric,Manual,1.7,128807,122974,50,Low
12/31/2017,i3,2017,Middle East,Grey,Diesel,Automatic,4,133941,68662,3434,Low
12/31/2020,5 Series,2020,Asia,Red,Hybrid,Automatic,4.1,98285,109946,6843,High
12/31/2024,i8,2024,Middle East,Grey,Electric,Automatic,4.4,20178,200000,394,Low
12/31/2012,X1,2012,Europe,Blue,Diesel,Automatic,3.2,101762,38963,8050,High
12/31/2019,5 Series,2019,Europe,Grey,Diesel,Automatic,4.9,22412,113453,6995,High
12/31/2020,i8,2020,Europe,Black,Electric,Manual,4.7,150583,165608,358,Low
12/31/2020,7 Series,2020,North America,White,Diesel,Automatic,3.4,120304,124819,1373,Low
12/31/2010,X3,2010,Asia,Silver,Diesel,Manual,3.1,158514,26050,9057,High
12/31/2013,M5,2013,Asia,Silver,Electric,Manual,1.5,6820,122879,868,Low
12/31/2024,5 Series,2024,Europe,White,Hybrid,Manual,4,111348,123577,6830,High
12/31/2013,3 Series,2013,South America,Black,Electric,Manual,3.5,176751,48811,5787,High
12/31/2010,i3,2010,Europe,Grey,Diesel,Manual,4.8,3677,65171,4436,Low
12/31/2018,X6,2018,Middle East,Red,Hybrid,Manual,3.6,144909,107032,2668,Low
12/31/2012,M5,2012,Middle East,Silver,Hybrid,Automatic,5,67959,127742,50,Low
12/31/2014,M5,2014,Middle East,Silver,Electric,Manual,4.5,28402,139875,50,Low
12/31/2015,i8,2015,North America,White,Hybrid,Manual,4.8,169331,138094,50,Low
12/31/2017,X1,2017,Middle East,Black,Diesel,Automatic,2.6,24483,71783,4482,Low
12/31/2015,i3,2015,Asia,Grey,Diesel,Automatic,2,87327,53750,5316,High
12/31/2012,5 Series,2012,Middle East,Blue,Hybrid,Automatic,4.3,27816,93460,3912,Low
12/31/2015,5 Series,2015,Asia,Silver,Electric,Automatic,4.3,187687,81937,6056,High
12/31/2010,3 Series,2010,Europe,Grey,Petrol,Manual,2.2,169375,25000,7835,High
12/31/2013,X5,2013,North America,Red,Hybrid,Manual,4.2,15243,98300,5015,High
12/31/2015,X5,2015,Middle East,White,Petrol,Automatic,3.5,71402,88360,3488,Low
12/31/2016,5 Series,2016,Asia,Silver,Petrol,Automatic,1.9,117208,67082,7727,High
12/31/2020,X1,2020,Europe,Grey,Hybrid,Manual,3.3,116568,79302,8764,High
12/31/2022,5 Series,2022,Middle East,Black,Hybrid,Manual,4.8,152199,117759,5749,High
12/31/2020,7 Series,2020,Africa,White,Hybrid,Automatic,3.3,37545,135786,973,Low
12/31/2019,M3,2019,Asia,White,Diesel,Automatic,4.3,100066,105781,3322,Low
12/31/2012,M5,2012,North America,Black,Electric,Automatic,1.6,42309,109321,752,Low
12/31/2018,3 Series,2018,North America,Silver,Electric,Automatic,4,186090,80190,8656,High
12/31/2021,M5,2021,North America,Black,Hybrid,Automatic,4.8,16811,171125,1530,Low
12/31/2021,M3,2021,South America,Silver,Hybrid,Automatic,3.2,46297,124680,2164,Low
12/31/2016,5 Series,2016,Middle East,Red,Electric,Manual,2.7,25940,97762,3726,Low
12/31/2023,3 Series,2023,North America,Black,Hybrid,Manual,3.8,58998,111372,11155,High
12/31/2010,X1,2010,North America,Black,Diesel,Automatic,4.7,167753,30775,7761,High
12/31/2011,i8,2011,Europe,White,Petrol,Automatic,2.1,147846,98545,50,Low
12/31/2010,5 Series,2010,Asia,White,Hybrid,Manual,2.9,182681,43758,7447,High
12/31/2020,5 Series,2020,Asia,Red,Petrol,Automatic,2,54427,97730,8238,High
12/31/2018,5 Series,2018,Middle East,Black,Diesel,Automatic,3.2,105857,87432,4441,Low
12/31/2018,7 Series,2018,Europe,Silver,Diesel,Automatic,3.4,13355,130904,1034,Low
12/31/2016,5 Series,2016,Africa,Silver,Electric,Manual,4.8,92486,97781,2939,Low
12/31/2019,X6,2019,North America,Black,Hybrid,Automatic,2.9,103054,113780,4963,Low
12/31/2012,i8,2012,Africa,Grey,Electric,Automatic,3.5,131541,121034,50,Low
12/31/2022,7 Series,2022,Africa,White,Petrol,Automatic,4.6,40095,139287,693,Low
12/31/2024,i8,2024,North America,Red,Petrol,Automatic,2.6,168921,153763,757,Low
12/31/2014,X1,2014,North America,Black,Hybrid,Automatic,3.9,175769,53117,8326,High
12/31/2024,M3,2024,Asia,Silver,Hybrid,Manual,4.2,152511,123516,3870,Low
12/31/2013,3 Series,2013,Asia,Blue,Petrol,Manual,2.7,191985,28518,10184,High
12/31/2016,X1,2016,South America,Silver,Electric,Manual,2.1,173367,45267,4395,Low
12/31/2023,M3,2023,Middle East,Red,Hybrid,Automatic,3.3,50263,138334,2148,Low
12/31/2018,X1,2018,Asia,Silver,Hybrid,Automatic,2.7,10325,91646,7934,High
12/31/2021,M5,2021,Middle East,White,Electric,Manual,2.4,124890,141383,1565,Low
12/31/2011,5 Series,2011,South America,Silver,Electric,Automatic,4.9,38052,90946,3396,Low
12/31/2022,X6,2022,South America,White,Electric,Automatic,3.3,109191,129941,3364,Low
12/31/2017,M5,2017,North America,Red,Hybrid,Manual,4.5,195725,121868,1478,Low
12/31/2024,M3,2024,Europe,Black,Diesel,Manual,2.2,165245,91185,4068,Low
12/31/2018,M5,2018,Africa,Grey,Diesel,Automatic,4.8,148801,114842,590,Low
12/31/2019,X6,2019,Europe,White,Diesel,Manual,4.3,68806,105023,3714,Low
12/31/2023,M3,2023,South America,Grey,Petrol,Automatic,4.3,126362,117350,2201,Low
12/31/2019,i3,2019,Middle East,Black,Electric,Manual,2.9,40131,99229,4211,Low
12/31/2018,X3,2018,Africa,Black,Electric,Automatic,3.2,70125,97240,5172,High
12/31/2023,i8,2023,Middle East,Blue,Diesel,Manual,3.6,103413,170270,50,Low
12/31/2019,X6,2019,Middle East,Red,Petrol,Manual,4.3,177454,97473,2471,Low
12/31/2023,X5,2023,Europe,Black,Diesel,Automatic,4.5,51337,132163,6459,High
12/31/2016,i3,2016,Middle East,White,Hybrid,Automatic,1.8,191746,51992,3993,Low
12/31/2024,X1,2024,Asia,Blue,Electric,Manual,4.7,142998,102827,8975,High
12/31/2018,7 Series,2018,Africa,White,Hybrid,Automatic,4.8,164353,120417,880,Low
12/31/2018,5 Series,2018,Europe,White,Petrol,Automatic,3.6,177216,74246,6735,High
12/31/2023,M5,2023,Asia,Silver,Diesel,Manual,2.2,185967,111252,2680,Low
12/31/2012,X5,2012,North America,Black,Electric,Manual,4.4,180542,70294,4909,Low
12/31/2013,X3,2013,South America,Red,Diesel,Manual,3.4,194361,34221,4819,Low
12/31/2011,X6,2011,Asia,Blue,Petrol,Manual,4.4,70180,76604,3477,Low
12/31/2019,M5,2019,Europe,Red,Hybrid,Automatic,4.4,123068,136607,1761,Low
12/31/2012,X1,2012,Europe,White,Hybrid,Manual,1.8,75067,40641,6642,High
12/31/2020,M3,2020,South America,Black,Diesel,Automatic,3.6,139028,95339,1809,Low
12/31/2020,i8,2020,Africa,Grey,Diesel,Automatic,3.2,194173,124383,50,Low
12/31/2014,3 Series,2014,North America,Black,Electric,Manual,4.8,90461,78706,10093,High
12/31/2014,X1,2014,Middle East,Silver,Electric,Automatic,2.5,19864,74837,4606,Low
12/31/2015,X5,2015,North America,Grey,Diesel,Automatic,2.2,20526,86622,5075,High
12/31/2022,X5,2022,Europe,Black,Petrol,Automatic,4.6,132944,113782,5690,High
12/31/2016,M5,2016,Africa,Grey,Electric,Automatic,2,134695,106033,435,Low
12/31/2016,X3,2016,Middle East,White,Petrol,Manual,3.9,46422,78991,4893,Low
12/31/2010,3 Series,2010,Asia,Grey,Hybrid,Manual,2.6,33746,52829,9091,High
12/31/2023,7 Series,2023,Middle East,Blue,Electric,Manual,3.5,60651,163046,3872,Low
12/31/2011,i3,2011,Europe,Grey,Diesel,Manual,3.7,117908,38724,3963,Low
12/31/2021,i8,2021,South America,Black,Hybrid,Manual,3,15237,168061,110,Low
12/31/2018,X3,2018,Middle East,Grey,Electric,Automatic,4.9,135873,100452,5386,High
12/31/2019,M3,2019,Middle East,Black,Hybrid,Automatic,2,158466,90902,2551,Low
12/31/2011,i8,2011,Middle East,Grey,Electric,Manual,2.9,81546,131112,50,Low
12/31/2015,X3,2015,North America,White,Electric,Manual,3,187323,58917,8633,High
12/31/2020,5 Series,2020,North America,Blue,Hybrid,Manual,3.7,170133,89831,8292,High
12/31/2020,5 Series,2020,Asia,White,Diesel,Manual,2.9,162095,75485,7424,High
12/31/2010,X5,2010,Europe,Black,Petrol,Automatic,1.8,11433,64475,5195,High
12/31/2012,M5,2012,Africa,Red,Petrol,Manual,4.8,106479,93226,50,Low
12/31/2011,i8,2011,Africa,Blue,Electric,Automatic,3,100360,115363,50,Low
12/31/2012,X3,2012,South America,Black,Hybrid,Automatic,2.7,128769,52224,5336,High
12/31/2014,X1,2014,South America,Grey,Electric,Manual,3.1,151025,49649,4118,Low
12/31/2020,7 Series,2020,South America,White,Petrol,Manual,2.3,148286,100315,925,Low
12/31/2019,7 Series,2019,North America,Blue,Hybrid,Manual,1.9,154969,111912,1886,Low
12/31/2015,7 Series,2015,North America,Silver,Petrol,Manual,2,94963,90196,1092,Low
12/31/2018,7 Series,2018,South America,Red,Petrol,Manual,2.1,15126,117125,501,Low
12/31/2021,3 Series,2021,Africa,White,Electric,Automatic,2.2,199245,73098,6773,High
12/31/2020,X1,2020,Middle East,White,Electric,Automatic,3,11732,107139,6370,High
12/31/2024,7 Series,2024,Africa,Black,Electric,Automatic,3.7,42499,154548,1308,Low
12/31/2024,3 Series,2024,North America,Blue,Hybrid,Manual,3.7,168912,94022,11114,High
12/31/2019,3 Series,2019,Africa,Grey,Petrol,Manual,1.5,195806,41462,6290,High
12/31/2021,5 Series,2021,Asia,Silver,Petrol,Automatic,4.7,103259,103374,7688,High
12/31/2021,X3,2021,Europe,Black,Diesel,Automatic,4.4,60467,105295,9399,High
12/31/2022,5 Series,2022,Middle East,White,Diesel,Automatic,4.9,131892,104104,5525,High
12/31/2013,X1,2013,South America,Black,Diesel,Manual,2.8,153909,27388,4971,Low
12/31/2016,7 Series,2016,Asia,Blue,Hybrid,Automatic,3.8,81203,118755,903,Low
12/31/2015,7 Series,2015,Africa,White,Petrol,Manual,2.1,85798,92193,244,Low
12/31/2011,X3,2011,Europe,Red,Electric,Manual,4.4,89723,65928,7789,High
12/31/2019,X5,2019,Europe,Silver,Hybrid,Manual,2.1,96333,89288,5815,High
12/31/2020,X1,2020,Europe,Black,Electric,Manual,2.6,198003,65612,7300,High
12/31/2020,M5,2020,Middle East,White,Hybrid,Automatic,3.2,24053,159321,1011,Low
12/31/2020,M3,2020,Middle East,White,Petrol,Automatic,3.6,118302,103674,1951,Low
12/31/2024,M3,2024,North America,Silver,Petrol,Manual,3.5,80800,128012,3355,Low
12/31/2024,M5,2024,Europe,Silver,Hybrid,Automatic,1.9,176547,127947,2971,Low
12/31/2017,i8,2017,Europe,Silver,Hybrid,Manual,3,159325,128086,50,Low
12/31/2016,X5,2016,Europe,Blue,Hybrid,Manual,4.7,126643,94455,5050,High
12/31/2024,5 Series,2024,Middle East,Red,Electric,Manual,4.6,37384,145280,5954,High
12/31/2024,M5,2024,Middle East,Black,Diesel,Automatic,3.6,172872,133318,1691,Low
12/31/2016,3 Series,2016,Africa,Black,Petrol,Automatic,3.5,164853,53951,5147,High
12/31/2023,X5,2023,South America,White,Hybrid,Automatic,1.9,167231,99119,3978,Low
12/31/2024,X3,2024,North America,Grey,Petrol,Automatic,2.2,40075,103280,9074,High
12/31/2017,X6,2017,Middle East,Red,Diesel,Manual,2.4,149723,78842,3081,Low
12/31/2021,i3,2021,Europe,White,Diesel,Automatic,3.2,50319,90517,5859,High
12/31/2021,X3,2021,Africa,Blue,Electric,Automatic,4.1,60656,108893,5550,High
12/31/2022,5 Series,2022,Europe,White,Electric,Manual,3.1,74232,112175,7615,High
12/31/2023,M5,2023,Middle East,Black,Electric,Manual,1.9,107461,144273,1604,Low
12/31/2020,X1,2020,Asia,Red,Diesel,Manual,3,65288,75155,8429,High
12/31/2010,X6,2010,South America,Red,Hybrid,Automatic,2.1,63466,96370,1279,Low
12/31/2024,7 Series,2024,Middle East,Red,Hybrid,Automatic,4.1,97953,159287,1330,Low
12/31/2022,M5,2022,North America,Red,Petrol,Automatic,2.1,106743,132397,2167,Low
12/31/2010,M3,2010,Asia,Red,Diesel,Automatic,3.2,34822,68141,2508,Low
12/31/2017,X5,2017,Europe,Black,Diesel,Automatic,3.9,114847,82981,5890,High
12/31/2013,X1,2013,North America,Silver,Hybrid,Manual,2.3,104368,48103,8213,High
12/31/2014,M3,2014,Asia,White,Diesel,Manual,1.8,31850,76937,2472,Low
12/31/2017,7 Series,2017,South America,White,Petrol,Manual,3.5,103733,100572,584,Low
12/31/2014,3 Series,2014,Africa,Red,Diesel,Automatic,1.7,37975,51768,4195,Low
12/31/2019,3 Series,2019,North America,Grey,Petrol,Automatic,3.6,35805,94445,8555,High
12/31/2013,M3,2013,North America,Blue,Electric,Manual,4.1,135081,84595,2242,Low
12/31/2021,X3,2021,South America,Silver,Diesel,Manual,2.7,96857,77662,6573,High
12/31/2015,M5,2015,Africa,White,Electric,Automatic,3.2,140000,111536,201,Low
12/31/2022,X1,2022,Asia,Black,Petrol,Manual,4.8,141266,86671,8536,High
12/31/2024,X1,2024,Africa,Black,Petrol,Manual,3.1,164595,38680,5423,High
12/31/2021,X3,2021,Middle East,Black,Diesel,Manual,5,54035,110338,6733,High
12/31/2014,X1,2014,Asia,Blue,Hybrid,Automatic,2,92581,54058,8462,High
12/31/2023,M3,2023,Middle East,Black,Diesel,Automatic,4,152587,107280,2269,Low
12/31/2016,X1,2016,North America,Grey,Diesel,Manual,3.8,138938,52575,7949,High
12/31/2023,7 Series,2023,Middle East,Red,Diesel,Automatic,4.6,134890,137395,1083,Low
12/31/2019,M3,2019,North America,White,Hybrid,Automatic,1.8,164309,89655,3134,Low
12/31/2016,X5,2016,Asia,Blue,Hybrid,Manual,2.5,27441,100720,5590,High
12/31/2022,3 Series,2022,Europe,Grey,Hybrid,Manual,2,98934,91502,9312,High
12/31/2013,i8,2013,South America,Grey,Petrol,Manual,4.8,168710,117580,50,Low
12/31/2021,X3,2021,Africa,Red,Electric,Manual,3,120533,88638,5567,High
12/31/2022,X6,2022,South America,Black,Electric,Automatic,4.7,187546,125147,3093,Low
12/31/2014,3 Series,2014,Middle East,Grey,Electric,Automatic,2.5,63053,75022,6755,High
12/31/2022,3 Series,2022,Asia,Red,Hybrid,Manual,1.9,69900,95002,9603,High
12/31/2012,M5,2012,South America,Silver,Diesel,Manual,2.5,78739,86312,329,Low
12/31/2024,X5,2024,Africa,Black,Hybrid,Automatic,3.6,79175,122668,4549,Low
12/31/2013,3 Series,2013,Asia,Grey,Hybrid,Automatic,4.5,133485,66014,9849,High
12/31/2024,5 Series,2024,North America,White,Diesel,Manual,2.8,82105,103804,6628,High
12/31/2023,i3,2023,Middle East,White,Petrol,Manual,4.7,17219,113622,3582,Low
12/31/2013,i3,2013,North America,White,Diesel,Manual,2.4,69590,46501,4674,Low
12/31/2012,7 Series,2012,Africa,Red,Hybrid,Automatic,3.9,68886,106060,50,Low
12/31/2022,M3,2022,South America,Red,Hybrid,Automatic,4.1,91203,130442,2312,Low
12/31/2019,M5,2019,Africa,Silver,Electric,Automatic,2.5,64232,131154,918,Low
12/31/2014,7 Series,2014,Middle East,Silver,Electric,Manual,1.6,173953,86520,431,Low
12/31/2014,7 Series,2014,Africa,White,Diesel,Automatic,2.8,19883,98946,50,Low
12/31/2020,M5,2020,Asia,White,Diesel,Manual,1.7,77909,117893,2183,Low
12/31/2016,i3,2016,South America,Silver,Diesel,Automatic,4.7,156146,63191,2834,Low
12/31/2013,X1,2013,South America,Silver,Hybrid,Automatic,4.8,38577,79037,3349,Low
12/31/2022,M5,2022,Europe,Red,Diesel,Manual,4.1,159546,125754,1807,Low
12/31/2013,7 Series,2013,Asia,Grey,Diesel,Automatic,4,168000,86853,1156,Low
12/31/2018,M3,2018,Asia,White,Diesel,Automatic,2.3,74697,85976,3463,Low
12/31/2015,7 Series,2015,Europe,Red,Petrol,Automatic,1.8,175521,79576,1464,Low
12/31/2024,X1,2024,Africa,White,Diesel,Manual,4.3,24990,101899,4698,Low
12/31/2013,i3,2013,Middle East,Grey,Petrol,Manual,3.5,12941,72205,2924,Low
12/31/2011,7 Series,2011,Europe,Silver,Electric,Automatic,3.9,43315,113913,153,Low
12/31/2015,X6,2015,South America,Black,Electric,Automatic,4.2,151407,98369,1966,Low
12/31/2011,M3,2011,Middle East,Black,Hybrid,Manual,2.9,29037,83842,1087,Low
12/31/2014,X1,2014,Asia,Red,Diesel,Automatic,2,48156,49501,6690,High
12/31/2015,M5,2015,South America,White,Electric,Automatic,4.3,53495,131493,72,Low
12/31/2013,X5,2013,Middle East,Blue,Diesel,Manual,3.1,64621,74795,3739,Low
12/31/2023,3 Series,2023,North America,Red,Petrol,Automatic,4.4,188214,85156,9348,High
12/31/2022,X3,2022,South America,Blue,Hybrid,Manual,3,101091,97005,6365,High
12/31/2012,3 Series,2012,North America,White,Diesel,Manual,2.3,70941,40465,10251,High
12/31/2016,M3,2016,Africa,White,Petrol,Automatic,2.1,196042,53623,1678,Low
12/31/2011,X3,2011,Europe,Black,Diesel,Manual,4.1,174165,34975,8618,High
12/31/2022,X1,2022,Africa,Black,Hybrid,Manual,3.5,41496,100244,576,Low
12/31/2020,i3,2020,South America,Silver,Diesel,Automatic,2.9,136711,69891,3385,Low
12/31/2023,3 Series,2023,Asia,Black,Electric,Manual,3.2,36703,114005,9656,High
12/31/2015,i3,2015,Middle East,Grey,Hybrid,Manual,3.4,36459,80858,2952,Low
12/31/2022,5 Series,2022,North America,Grey,Electric,Manual,2.3,37062,115441,8437,High
12/31/2013,3 Series,2013,Africa,White,Diesel,Manual,2.8,122298,35901,4535,Low
12/31/2015,i8,2015,Asia,Red,Hybrid,Automatic,2.5,86613,139048,50,Low
12/31/2013,M5,2013,Europe,White,Petrol,Manual,2.9,135900,86474,1131,Low
12/31/2013,i8,2013,Africa,Blue,Hybrid,Manual,3.3,128869,116752,50,Low
12/31/2024,M3,2024,Asia,Silver,Petrol,Manual,2.1,171248,92663,3870,Low
12/31/2013,5 Series,2013,South America,White,Hybrid,Automatic,2.9,2958,88521,3047,Low
12/31/2018,3 Series,2018,Africa,White,Electric,Automatic,2.8,106485,84024,1095,Low
12/31/2016,5 Series,2016,Asia,Grey,Electric,Automatic,2.5,111251,86600,6146,High
12/31/2012,X1,2012,Europe,Blue,Petrol,Manual,5,129238,47952,7389,High
12/31/2012,X5,2012,North America,Silver,Petrol,Automatic,1.8,32040,70041,4883,Low
12/31/2015,M5,2015,South America,Black,Hybrid,Automatic,3.8,142832,107362,428,Low
12/31/2015,i3,2015,South America,White,Diesel,Manual,2.1,3571,61425,2885,Low
12/31/2013,i8,2013,Africa,Grey,Petrol,Automatic,4.4,130537,122599,50,Low
12/31/2024,X1,2024,Africa,White,Electric,Automatic,4.7,138307,111179,5446,High
12/31/2024,X6,2024,Asia,Silver,Electric,Automatic,2.9,112387,130400,5572,High
12/31/2018,3 Series,2018,North America,Grey,Petrol,Automatic,4.4,198959,65930,11030,High
12/31/2013,M5,2013,Asia,White,Electric,Automatic,2.4,74044,115438,929,Low
12/31/2018,M5,2018,Europe,Grey,Electric,Automatic,2,30874,55788,3206,Low
12/31/2013,X1,2013,Europe,Blue,Petrol,Automatic,2.6,49734,50317,7272,High
12/31/2011,7 Series,2011,Asia,Silver,Electric,Automatic,2.7,133153,87318,622,Low
12/31/2011,X6,2011,Middle East,White,Electric,Automatic,2.9,143043,72164,2178,Low
12/31/2014,X6,2014,Africa,Black,Petrol,Manual,2.8,161281,59124,2058,Low
12/31/2013,M5,2013,Africa,White,Diesel,Automatic,2.9,193430,74905,447,Low
12/31/2016,X5,2016,North America,Black,Hybrid,Manual,4,30499,108153,6016,High
12/31/2023,i3,2023,Asia,White,Diesel,Manual,2.4,177398,69439,6244,High
12/31/2020,X1,2020,Middle East,Blue,Electric,Automatic,1.6,147945,68530,6894,High
12/31/2014,i8,2014,Middle East,Silver,Diesel,Manual,3.2,43752,136461,50,Low
12/31/2015,7 Series,2015,South America,Black,Electric,Manual,3.1,150234,98796,335,Low
12/31/2019,X6,2019,North America,Silver,Diesel,Automatic,1.7,129470,87365,3939,Low
12/31/2013,i8,2013,Africa,Blue,Hybrid,Manual,2,97623,117033,50,Low
12/31/2022,3 Series,2022,South America,Grey,Electric,Manual,3.3,53702,112708,5896,High
12/31/2021,M3,2021,Asia,Silver,Hybrid,Automatic,2.3,96050,106217,3383,Low
12/31/2011,X5,2011,South America,Silver,Petrol,Automatic,4.6,74132,73507,2779,Low
12/31/2022,i3,2022,North America,Blue,Petrol,Manual,2.1,193223,64521,5565,High
12/31/2019,X6,2019,Asia,Blue,Petrol,Manual,1.6,66531,95257,4531,Low
12/31/2018,M3,2018,Africa,Red,Diesel,Manual,3.1,61380,92936,1615,Low
12/31/2019,X5,2019,North America,Silver,Diesel,Automatic,5,66127,114357,5511,High
12/31/2024,i3,2024,Europe,Black,Electric,Manual,3.7,192913,100583,5647,High
12/31/2016,i8,2016,South America,Black,Electric,Automatic,2.7,168214,121021,50,Low
12/31/2013,M5,2013,Middle East,Red,Hybrid,Automatic,1.6,196023,88280,623,Low
12/31/2012,M5,2012,North America,Black,Electric,Manual,3.2,184235,97045,906,Low
12/31/2019,M3,2019,Middle East,White,Electric,Manual,2.2,176051,89742,2604,Low
12/31/2023,X3,2023,Europe,Black,Electric,Manual,3.8,58212,121611,8937,High
12/31/2024,i8,2024,Asia,Grey,Petrol,Automatic,3.5,177266,151528,796,Low
12/31/2012,X3,2012,Africa,Red,Hybrid,Automatic,2.4,96660,55402,4308,Low
12/31/2018,X6,2018,North America,Red,Hybrid,Manual,1.7,95765,92217,4338,Low
12/31/2014,M5,2014,South America,Blue,Petrol,Automatic,4.1,50316,111685,232,Low
12/31/2022,M3,2022,Europe,Blue,Diesel,Automatic,3.5,38218,120006,3133,Low
12/31/2024,i8,2024,Asia,Black,Electric,Manual,4.4,127045,180697,755,Low
12/31/2012,X1,2012,Africa,Silver,Electric,Manual,2.4,144787,37838,3478,Low
12/31/2024,i3,2024,Asia,Silver,Electric,Automatic,3.8,39356,124904,5384,High
12/31/2014,X3,2014,Africa,Silver,Petrol,Manual,1.9,63229,51472,4032,Low
12/31/2011,3 Series,2011,Europe,White,Diesel,Manual,2.5,81766,37407,9949,High
12/31/2020,i8,2020,Asia,Black,Hybrid,Manual,3.8,131531,161147,514,Low
12/31/2013,7 Series,2013,North America,Black,Electric,Manual,4.4,123817,109068,662,Low
12/31/2019,7 Series,2019,Asia,Blue,Electric,Automatic,2.6,186658,117199,2038,Low
12/31/2011,i3,2011,Africa,Blue,Electric,Manual,4.3,23206,76799,1817,Low
12/31/2011,M3,2011,South America,Grey,Diesel,Automatic,3.9,29272,72820,862,Low
12/31/2021,X5,2021,Africa,Red,Petrol,Manual,2.7,86234,91937,3172,Low
12/31/2017,3 Series,2017,Middle East,Red,Diesel,Automatic,4.6,79529,78063,6734,High
12/31/2010,X1,2010,Europe,Blue,Hybrid,Manual,3.3,12096,58136,5628,High
12/31/2023,X6,2023,Africa,Black,Diesel,Automatic,3.8,1228,137831,2059,Low
12/31/2016,i3,2016,North America,Red,Hybrid,Automatic,3.2,145062,66138,4845,Low
12/31/2014,X3,2014,Europe,Black,Diesel,Manual,3.1,20465,68534,8617,High
12/31/2024,3 Series,2024,Europe,Silver,Petrol,Manual,4.5,39207,117123,10916,High
12/31/2020,3 Series,2020,Middle East,Red,Hybrid,Manual,2.5,33413,94242,6482,High
12/31/2017,3 Series,2017,South America,Grey,Electric,Manual,1.6,75932,71548,5283,High
12/31/2010,5 Series,2010,Asia,Grey,Petrol,Manual,4.6,54961,70202,5579,High
12/31/2020,X1,2020,Middle East,Blue,Diesel,Manual,4.4,195139,61680,5355,High
12/31/2016,7 Series,2016,South America,White,Electric,Manual,2.8,52203,118065,175,Low
12/31/2014,5 Series,2014,North America,Silver,Hybrid,Automatic,2.1,122119,70417,5761,High
12/31/2013,X5,2013,North America,Red,Petrol,Automatic,3.9,180836,60181,5425,High
12/31/2016,X5,2016,Asia,White,Hybrid,Manual,1.8,137729,70228,6263,High
12/31/2019,5 Series,2019,Asia,Black,Diesel,Automatic,3,135427,80055,7901,High
12/31/2024,X3,2024,Europe,Grey,Hybrid,Automatic,1.8,49110,115368,8210,High
12/31/2011,X1,2011,Asia,Grey,Electric,Automatic,3.6,34452,64454,8132,High
12/31/2021,X6,2021,Africa,Black,Hybrid,Automatic,1.6,187188,88228,2925,Low
12/31/2024,X3,2024,North America,White,Petrol,Automatic,3.7,32487,120150,9901,High
12/31/2010,M3,2010,Africa,White,Diesel,Automatic,3.9,7069,78832,432,Low
12/31/2010,X6,2010,South America,Blue,Petrol,Manual,3.2,137888,50562,1878,Low
12/31/2020,X3,2020,North America,Silver,Petrol,Automatic,2.1,196245,61736,10605,High
12/31/2021,X6,2021,Middle East,Grey,Hybrid,Manual,1.9,150021,102660,3308,Low
12/31/2010,X1,2010,Asia,Grey,Petrol,Manual,2.6,197203,25000,6620,High
12/31/2024,M5,2024,Europe,Black,Hybrid,Automatic,3.1,14790,166894,2202,Low
12/31/2021,X1,2021,Africa,White,Electric,Manual,3.7,147741,87130,5605,High
12/31/2014,M3,2014,South America,Black,Hybrid,Manual,1.5,196714,52077,1762,Low
12/31/2019,X3,2019,North America,Red,Diesel,Automatic,4,81720,86745,8539,High
12/31/2016,X3,2016,North America,Silver,Petrol,Automatic,4,35847,84165,8821,High
12/31/2011,M5,2011,Asia,Silver,Diesel,Automatic,3.1,145296,80606,1237,Low
12/31/2019,X5,2019,Europe,Silver,Hybrid,Manual,2.7,83306,96360,6965,High
12/31/2017,X1,2017,Asia,Red,Diesel,Manual,4.4,179291,52936,9255,High
12/31/2013,3 Series,2013,Africa,Red,Petrol,Automatic,4.2,124575,50922,5013,High
12/31/2021,M3,2021,North America,Silver,Petrol,Manual,4.9,25903,129510,5075,High
12/31/2012,5 Series,2012,South America,White,Hybrid,Manual,2.8,142856,54426,3434,Low
12/31/2019,X3,2019,North America,Grey,Diesel,Manual,4.7,58626,98491,9415,High
12/31/2020,X6,2020,Middle East,Silver,Diesel,Automatic,1.8,37675,103078,2960,Low
12/31/2017,M5,2017,Europe,Silver,Petrol,Automatic,2.9,127793,107044,1629,Low
12/31/2011,5 Series,2011,South America,Grey,Petrol,Automatic,3.1,170211,38351,3810,Low
12/31/2020,M3,2020,Middle East,Silver,Diesel,Manual,3,24879,114712,1710,Low
12/31/2020,7 Series,2020,Middle East,White,Petrol,Manual,3.7,184070,106504,1189,Low
12/31/2022,7 Series,2022,Europe,White,Electric,Automatic,2.1,3081,159628,1683,Low
12/31/2012,X5,2012,Asia,Blue,Petrol,Manual,4.5,169293,33187,6371,High
12/31/2021,i8,2021,Africa,Black,Electric,Manual,3.4,131104,160087,147,Low
12/31/2012,X3,2012,Europe,Blue,Diesel,Automatic,4.7,138741,53336,8997,High
12/31/2019,i8,2019,Africa,Grey,Petrol,Automatic,1.5,65113,135002,50,Low
12/31/2020,M3,2020,Africa,Black,Diesel,Automatic,3.7,127295,91210,1729,Low
12/31/2010,X6,2010,Europe,Blue,Diesel,Manual,2.9,37375,68638,2775,Low
12/31/2015,M3,2015,South America,Blue,Diesel,Manual,3.3,72113,77831,1328,Low
12/31/2011,X6,2011,Africa,White,Diesel,Automatic,4.1,191056,49872,1908,Low
12/31/2010,i8,2010,Africa,Red,Diesel,Manual,2.3,141930,84304,50,Low
12/31/2011,i8,2011,South America,Blue,Electric,Automatic,2.2,131483,114267,50,Low
12/31/2021,M3,2021,Europe,Red,Electric,Manual,4,182337,104103,3398,Low
12/31/2015,X6,2015,North America,White,Petrol,Manual,3.3,13412,97794,3233,Low
12/31/2023,X5,2023,North America,Black,Hybrid,Automatic,2.3,176223,100564,5991,High
12/31/2013,X6,2013,Middle East,Red,Diesel,Automatic,3.2,98266,75054,2474,Low
12/31/2015,7 Series,2015,Africa,White,Diesel,Automatic,3.1,189854,74227,495,Low
12/31/2021,7 Series,2021,Africa,Grey,Diesel,Automatic,3.9,146243,117892,790,Low
12/31/2018,7 Series,2018,Africa,White,Petrol,Manual,1.5,79202,101689,550,Low
12/31/2022,X1,2022,Europe,White,Electric,Automatic,3.6,74506,101127,8602,High
12/31/2019,i3,2019,South America,Blue,Petrol,Manual,3.6,56824,83223,3158,Low
12/31/2021,i3,2021,Europe,Red,Petrol,Automatic,4.1,31092,101182,5054,High
12/31/2019,X5,2019,North America,Grey,Hybrid,Manual,4.6,176662,98787,7113,High
12/31/2017,X3,2017,Middle East,Red,Petrol,Manual,3,139950,62479,6763,High
12/31/2010,M5,2010,North America,Silver,Petrol,Automatic,2.7,163899,73277,1002,Low
12/31/2022,i3,2022,North America,Black,Electric,Automatic,1.9,160614,86628,5519,High
12/31/2017,X3,2017,Africa,Red,Electric,Automatic,2.7,55415,88024,4395,Low
12/31/2018,M5,2018,North America,Silver,Hybrid,Automatic,1.7,71586,133208,1611,Low
12/31/2015,M3,2015,Asia,Red,Hybrid,Automatic,4.3,37328,105339,2310,Low
12/31/2019,3 Series,2019,South America,Grey,Hybrid,Manual,4.3,131888,80543,6716,High
12/31/2024,i3,2024,Middle East,Blue,Hybrid,Manual,3,80753,107564,4193,Low
12/31/2014,3 Series,2014,South America,Blue,Petrol,Automatic,2.4,55031,57138,6159,High
12/31/2015,X3,2015,Africa,Grey,Diesel,Automatic,1.9,8357,66194,4950,Low
12/31/2022,i8,2022,Asia,White,Hybrid,Manual,4.5,147908,169316,602,Low
12/31/2015,M3,2015,North America,Grey,Electric,Manual,4.6,116558,97032,2337,Low
12/31/2018,i8,2018,Middle East,Black,Petrol,Manual,2.4,91709,144981,50,Low
12/31/2013,5 Series,2013,Africa,Grey,Hybrid,Manual,3.7,164511,60029,3486,Low
12/31/2011,5 Series,2011,South America,Blue,Petrol,Manual,2.4,118881,41683,4099,Low
12/31/2020,5 Series,2020,North America,Black,Diesel,Automatic,2.3,184345,68853,8413,High
12/31/2020,X6,2020,Middle East,White,Hybrid,Manual,1.6,150898,99413,3070,Low
12/31/2018,3 Series,2018,North America,Red,Hybrid,Manual,3.5,130558,74714,9068,High
12/31/2011,M3,2011,Europe,White,Diesel,Automatic,2,179268,37685,2714,Low
12/31/2019,M3,2019,South America,Black,Electric,Manual,1.5,196576,78867,2663,Low
12/31/2018,X3,2018,Asia,Black,Electric,Automatic,1.9,40724,91447,10035,High
12/31/2011,X1,2011,Middle East,Silver,Hybrid,Automatic,2.6,111298,44163,4453,Low
12/31/2021,i3,2021,Asia,Blue,Diesel,Manual,3.8,75933,87478,6397,High
12/31/2017,X1,2017,South America,Blue,Petrol,Manual,2.2,73597,53483,4920,Low
12/31/2018,X6,2018,South America,Red,Diesel,Automatic,4.6,196787,81893,2286,Low
12/31/2021,X1,2021,Africa,Black,Diesel,Manual,2.5,83983,72311,4217,Low
12/31/2019,i8,2019,Europe,White,Hybrid,Automatic,2.7,158341,145567,560,Low
12/31/2018,i3,2018,Africa,Red,Diesel,Automatic,2.3,90082,62535,3339,Low
12/31/2019,X3,2019,Asia,Black,Petrol,Manual,2.4,40089,85721,8957,High
12/31/2018,i3,2018,Middle East,Blue,Diesel,Manual,1.8,153067,51198,4111,Low
12/31/2011,7 Series,2011,Africa,Grey,Diesel,Manual,2.5,172343,56141,187,Low
12/31/2013,X1,2013,South America,Silver,Petrol,Manual,4.5,92857,25692,5190,High
12/31/2016,5 Series,2016,Europe,Grey,Electric,Manual,3.9,72531,93947,7143,High
12/31/2021,M3,2021,Middle East,Blue,Hybrid,Automatic,4.6,168117,120108,2370,Low
12/31/2011,X6,2011,Europe,Red,Diesel,Manual,1.9,152301,45739,3630,Low
12/31/2010,M3,2010,North America,Blue,Hybrid,Manual,3.1,45386,73555,1710,Low
12/31/2012,X1,2012,North America,Grey,Petrol,Manual,2.3,70547,38499,7369,High
12/31/2021,5 Series,2021,Africa,Black,Petrol,Manual,4,82726,103370,4296,Low
12/31/2013,X3,2013,Europe,Blue,Electric,Automatic,4.9,71939,84061,6522,High
12/31/2017,i3,2017,Europe,Silver,Diesel,Manual,4.4,104621,70640,4127,Low
12/31/2015,X3,2015,Africa,White,Electric,Automatic,1.6,26921,77578,3737,Low
12/31/2020,X1,2020,North America,Blue,Diesel,Manual,2.6,54557,76148,7752,High
12/31/2011,3 Series,2011,North America,Black,Hybrid,Manual,1.6,68515,45564,8981,High
12/31/2024,i3,2024,Africa,Silver,Diesel,Automatic,1.6,13164,93369,3593,Low
12/31/2018,M5,2018,Middle East,Black,Electric,Automatic,1.8,35605,138717,983,Low
12/31/2023,3 Series,2023,Africa,Grey,Hybrid,Automatic,2.5,97959,98220,5237,High
12/31/2011,M5,2011,Africa,Black,Electric,Automatic,2.6,168849,87720,50,Low
12/31/2022,M3,2022,Middle East,Red,Diesel,Automatic,2.9,137092,106549,2289,Low
12/31/2024,X6,2024,South America,White,Diesel,Automatic,2.9,150315,107303,3138,Low
12/31/2021,i3,2021,Africa,Blue,Petrol,Manual,4.2,197085,67226,3475,Low
12/31/2014,i8,2014,North America,Silver,Diesel,Automatic,2,128246,110695,50,Low
12/31/2021,i8,2021,Asia,Blue,Hybrid,Automatic,2.1,125060,156290,755,Low
12/31/2013,X1,2013,Europe,White,Hybrid,Manual,3.7,98034,56114,7999,High
12/31/2022,M3,2022,South America,Black,Electric,Automatic,3.5,91469,122076,2326,Low
12/31/2016,i3,2016,North America,Blue,Hybrid,Manual,2,28362,73757,4819,Low
12/31/2017,i3,2017,North America,Silver,Electric,Manual,4.5,46579,99468,4225,Low
12/31/2014,X3,2014,Middle East,Red,Hybrid,Automatic,2.7,57119,75166,6210,High
12/31/2019,X6,2019,North America,White,Electric,Manual,2.8,30044,121434,4909,Low
12/31/2023,X6,2023,Asia,Black,Petrol,Automatic,3,173378,105276,4799,Low
12/31/2023,X3,2023,Middle East,Red,Diesel,Manual,2.6,159116,79945,7354,High
12/31/2014,5 Series,2014,Middle East,White,Hybrid,Automatic,3.5,190085,66245,4677,Low
12/31/2011,X6,2011,Europe,White,Diesel,Automatic,2.9,19833,79458,3329,Low
12/31/2017,i3,2017,North America,White,Hybrid,Manual,2.4,163375,61601,4885,Low
12/31/2023,i8,2023,Africa,Red,Electric,Manual,4.7,115163,173080,239,Low
12/31/2011,X1,2011,Europe,Silver,Electric,Automatic,2.6,136414,42207,6994,High
12/31/2019,M5,2019,Africa,Grey,Electric,Automatic,3.9,117526,132800,940,Low
12/31/2021,X3,2021,Africa,White,Hybrid,Automatic,2.7,1893,111625,4880,Low
12/31/2015,i8,2015,North America,Silver,Hybrid,Automatic,3,171493,124598,50,Low
12/31/2017,5 Series,2017,Europe,Silver,Electric,Automatic,2.3,187252,75914,5830,High
12/31/2015,i3,2015,Middle East,White,Hybrid,Automatic,4.1,128039,72318,3257,Low
12/31/2013,M3,2013,Europe,Red,Hybrid,Automatic,4.1,61744,92823,1890,Low
12/31/2022,3 Series,2022,North America,Red,Diesel,Manual,1.6,184865,56392,11856,High
12/31/2013,M5,2013,Asia,Silver,Electric,Automatic,1.7,23036,115873,1127,Low
12/31/2015,X3,2015,Middle East,Black,Hybrid,Manual,4.7,117221,83670,6213,High
12/31/2023,3 Series,2023,South America,Blue,Diesel,Manual,4.6,63686,107833,7022,High
12/31/2024,M3,2024,North America,Silver,Electric,Manual,3.3,197120,115063,4239,Low
12/31/2022,X1,2022,Europe,Silver,Diesel,Manual,3.2,11615,93080,2022,Low
12/31/2013,i3,2013,South America,Grey,Diesel,Automatic,4.3,59413,63381,2851,Low
12/31/2017,X3,2017,Middle East,Grey,Diesel,Manual,2,5351,80139,6452,High
12/31/2018,5 Series,2018,Africa,White,Electric,Automatic,3.8,12483,111349,3793,Low
12/31/2010,M3,2010,South America,White,Electric,Manual,3.2,103038,66733,800,Low
12/31/2022,i3,2022,Middle East,Red,Diesel,Manual,4.1,5840,113890,3412,Low
12/31/2013,X1,2013,Asia,Silver,Petrol,Manual,1.6,161506,25000,8425,High
12/31/2013,X3,2013,Middle East,Silver,Hybrid,Automatic,3.6,28029,79547,4794,Low
12/31/2011,M3,2011,Europe,Red,Electric,Manual,3.4,22230,90334,1744,Low
12/31/2015,7 Series,2015,Middle East,Red,Diesel,Manual,4.4,111324,107565,341,Low
12/31/2012,5 Series,2012,Middle East,White,Electric,Manual,3.9,20920,97247,3277,Low
12/31/2016,M5,2016,Europe,Grey,Petrol,Automatic,4.6,26049,134070,841,Low
12/31/2022,M5,2022,Middle East,Black,Diesel,Automatic,4.6,142701,135921,1397,Low
12/31/2020,i8,2020,Asia,Black,Petrol,Automatic,2.9,109819,151995,159,Low
12/31/2020,i3,2020,Asia,Red,Petrol,Automatic,2,130757,70371,5398,High
12/31/2014,7 Series,2014,Africa,Black,Electric,Manual,3.7,148214,93916,89,Low
12/31/2013,5 Series,2013,Europe,Silver,Hybrid,Automatic,4.6,69697,89962,6489,High
12/31/2014,3 Series,2014,Asia,Black,Petrol,Automatic,1.8,42379,57118,10115,High
12/31/2017,i3,2017,Middle East,Black,Diesel,Automatic,3.5,195193,50693,3312,Low
12/31/2012,X1,2012,Africa,White,Hybrid,Manual,1.9,28036,47803,3282,Low
12/31/2023,M3,2023,Asia,Blue,Electric,Automatic,1.6,154601,112418,4002,Low
12/31/2016,X6,2016,Middle East,Blue,Petrol,Manual,3.9,59982,101964,2116,Low
12/31/2024,3 Series,2024,Middle East,Black,Hybrid,Manual,3.9,135689,105346,8699,High
12/31/2023,X5,2023,Middle East,Grey,Hybrid,Manual,3.6,94960,123226,4257,Low
12/31/2015,X3,2015,Africa,Silver,Diesel,Manual,4.5,199020,46013,5061,High
12/31/2021,i8,2021,North America,Silver,Petrol,Manual,1.8,65414,142868,364,Low
12/31/2010,5 Series,2010,Asia,Blue,Electric,Manual,1.9,102485,52498,6034,High
12/31/2022,7 Series,2022,North America,Grey,Petrol,Manual,4.5,22531,149659,1192,Low
12/31/2016,M3,2016,Asia,White,Hybrid,Manual,3.3,57921,99027,2301,Low
12/31/2023,7 Series,2023,Middle East,White,Petrol,Manual,2.5,43192,136725,1000,Low
12/31/2022,X6,2022,Asia,White,Hybrid,Automatic,4.1,107289,129839,4239,Low
12/31/2016,7 Series,2016,Europe,Grey,Electric,Manual,4.6,4629,142029,469,Low
12/31/2023,X5,2023,Middle East,Blue,Hybrid,Automatic,3.9,124868,118224,4487,Low
12/31/2024,i3,2024,South America,White,Diesel,Automatic,4.3,44022,110506,3066,Low
12/31/2021,M3,2021,Middle East,Grey,Hybrid,Automatic,2.5,17981,125870,2103,Low
12/31/2010,i8,2010,North America,Red,Petrol,Manual,2.5,83624,103466,50,Low
12/31/2018,5 Series,2018,South America,Blue,Petrol,Automatic,4.5,21,115130,3798,Low
12/31/2015,X3,2015,Europe,Red,Petrol,Manual,3.7,48666,72999,8830,High
12/31/2024,M3,2024,Asia,Silver,Electric,Automatic,2.3,128641,127957,3433,Low
12/31/2021,7 Series,2021,Africa,White,Hybrid,Manual,3.3,19220,142027,914,Low
12/31/2011,i8,2011,Africa,Blue,Petrol,Automatic,3.9,173144,94546,50,Low
12/31/2014,X3,2014,Middle East,Black,Hybrid,Manual,2.3,16405,80662,5024,High
12/31/2022,7 Series,2022,Africa,Red,Hybrid,Manual,3.8,1928,152861,773,Low
12/31/2020,M5,2020,North America,Black,Diesel,Manual,1.6,89758,119300,1803,Low
12/31/2013,7 Series,2013,Europe,Blue,Hybrid,Manual,2.6,143020,91002,754,Low
12/31/2016,X5,2016,Africa,Grey,Diesel,Manual,3.9,58880,87399,2891,Low
12/31/2017,i8,2017,Europe,Blue,Electric,Manual,2,190990,126376,50,Low
12/31/2020,X3,2020,Europe,Grey,Petrol,Automatic,2.3,112797,77376,9853,High
12/31/2023,i8,2023,Africa,White,Hybrid,Manual,4.6,126029,161527,458,Low
12/31/2024,X6,2024,Middle East,Silver,Electric,Manual,3.9,120353,142014,3634,Low
12/31/2020,X1,2020,North America,Grey,Electric,Automatic,3.2,129688,85227,8693,High
12/31/2010,i8,2010,North America,Grey,Hybrid,Automatic,2.2,170424,105279,50,Low
12/31/2014,X1,2014,Africa,Silver,Electric,Manual,2.7,23584,67879,3280,Low
12/31/2024,i8,2024,Asia,Blue,Electric,Manual,3.5,21588,200000,466,Low
12/31/2012,3 Series,2012,Europe,Black,Diesel,Manual,2,129247,28398,8846,High
12/31/2010,i3,2010,Africa,Grey,Diesel,Manual,3.2,77327,35473,2096,Low
12/31/2021,M3,2021,Middle East,Red,Petrol,Automatic,2.9,162884,93838,2201,Low
12/31/2012,i8,2012,North America,Black,Petrol,Manual,3.2,71322,116389,50,Low
12/31/2023,5 Series,2023,Asia,White,Electric,Automatic,1.9,73113,118308,8004,High
12/31/2015,5 Series,2015,South America,Blue,Petrol,Automatic,1.9,193469,43383,4155,Low
12/31/2023,M3,2023,Middle East,Silver,Diesel,Automatic,4.9,71698,135655,2186,Low
12/31/2016,3 Series,2016,Asia,Grey,Electric,Manual,4.9,64457,94870,8510,High
12/31/2017,i3,2017,Middle East,Black,Hybrid,Automatic,3,185331,64506,3525,Low
12/31/2022,i8,2022,Asia,Blue,Hybrid,Manual,4.3,178638,159757,892,Low
12/31/2020,M5,2020,Africa,Red,Hybrid,Automatic,3.8,90337,138399,1156,Low
12/31/2013,i8,2013,Middle East,Blue,Electric,Manual,1.9,53853,136931,50,Low
12/31/2012,i3,2012,Middle East,Blue,Hybrid,Automatic,2.5,74893,56431,3252,Low
12/31/2014,3 Series,2014,Europe,Red,Diesel,Manual,2.6,21334,58746,10087,High
12/31/2018,X6,2018,Middle East,White,Petrol,Automatic,3.6,70000,107963,2350,Low
12/31/2022,i3,2022,Europe,White,Hybrid,Automatic,3.5,67206,107193,5458,High
12/31/2015,X3,2015,Europe,White,Electric,Manual,4.7,173165,71341,7990,High
12/31/2024,i3,2024,Europe,Silver,Electric,Manual,4.3,16601,126574,5520,High
12/31/2018,i3,2018,Middle East,Grey,Diesel,Manual,4.5,194140,63862,3143,Low
12/31/2024,7 Series,2024,South America,Black,Diesel,Manual,4.6,157743,133210,1221,Low
12/31/2015,7 Series,2015,Africa,Grey,Petrol,Manual,4.3,181597,82617,360,Low
12/31/2011,M3,2011,South America,Black,Diesel,Automatic,2.7,199725,38841,1231,Low
12/31/2022,X5,2022,Asia,White,Hybrid,Automatic,2.3,151149,100487,6415,High
12/31/2014,3 Series,2014,Europe,Red,Diesel,Automatic,3.5,101462,54782,10181,High
12/31/2021,X6,2021,Europe,Black,Electric,Manual,3.9,81609,131379,4038,Low
12/31/2020,X3,2020,South America,White,Electric,Manual,2.9,53486,103065,5865,High
12/31/2018,X1,2018,Asia,Black,Petrol,Automatic,4.5,2329,92210,8796,High
12/31/2017,i8,2017,Asia,Grey,Petrol,Automatic,4.9,134901,143123,50,Low
12/31/2016,M3,2016,South America,White,Hybrid,Automatic,3.5,30656,105369,1150,Low
12/31/2010,M5,2010,Asia,Grey,Hybrid,Manual,3.1,44648,100827,675,Low
12/31/2013,X6,2013,Europe,Black,Electric,Automatic,4.5,142724,87751,3018,Low
12/31/2021,7 Series,2021,Europe,Grey,Electric,Automatic,1.6,43844,133536,2025,Low
12/31/2016,i3,2016,Asia,Black,Hybrid,Automatic,2,6286,84534,4279,Low
12/31/2020,i8,2020,South America,Black,Diesel,Manual,4.5,80473,148610,50,Low
12/31/2016,X3,2016,Africa,Blue,Petrol,Manual,4.1,11299,88014,4340,Low
12/31/2024,3 Series,2024,Asia,Silver,Electric,Automatic,3,61430,116693,10108,High
12/31/2015,M5,2015,Asia,White,Hybrid,Manual,4.6,186874,108055,1437,Low
12/31/2017,X3,2017,Europe,Silver,Diesel,Automatic,2.7,1881,84861,8230,High
12/31/2020,M5,2020,Europe,Black,Petrol,Automatic,3.7,108273,130301,1554,Low
12/31/2022,i8,2022,Middle East,Black,Petrol,Automatic,3.7,44316,177138,50,Low
12/31/2015,X1,2015,Asia,White,Hybrid,Manual,2.1,60326,62835,8347,High
12/31/2019,i3,2019,Europe,Red,Electric,Automatic,2.5,164373,76534,5946,High
12/31/2012,X3,2012,South America,Red,Hybrid,Automatic,4.7,8893,89441,4706,Low
12/31/2013,i3,2013,Europe,Grey,Diesel,Manual,2.1,16320,51525,4733,Low
12/31/2023,X5,2023,Middle East,Black,Hybrid,Automatic,2.1,162267,104575,5206,High
12/31/2012,X5,2012,Asia,White,Electric,Automatic,3.2,43821,92356,6021,High
12/31/2010,i8,2010,Europe,Blue,Petrol,Manual,1.8,92518,99358,50,Low
12/31/2024,7 Series,2024,Asia,White,Hybrid,Automatic,4.6,28882,172555,1989,Low
12/31/2019,5 Series,2019,Europe,Red,Diesel,Manual,1.9,198910,57632,7056,High
12/31/2014,7 Series,2014,South America,White,Electric,Manual,3.7,166504,100031,132,Low
12/31/2024,X1,2024,North America,Grey,Diesel,Manual,2.7,153588,108924,9101,High
12/31/2010,X3,2010,South America,Red,Diesel,Manual,4.3,98814,44170,5256,High
12/31/2010,X1,2010,South America,Red,Petrol,Manual,3.6,64075,36075,3553,Low
12/31/2011,X3,2011,Europe,Blue,Petrol,Automatic,2.9,171701,32871,8856,High
12/31/2022,M3,2022,North America,Red,Petrol,Manual,4.9,46313,190164,1756,Low
12/31/2013,X3,2013,Europe,Blue,Petrol,Manual,1.7,109957,38696,7116,High
12/31/2015,X5,2015,South America,Blue,Electric,Automatic,3.5,106102,93538,2959,Low
12/31/2017,i8,2017,Asia,Black,Electric,Automatic,5,41442,178476,50,Low
12/31/2022,X3,2022,Asia,Grey,Electric,Automatic,3.9,60992,117679,9250,High
12/31/2012,i3,2012,Europe,Blue,Petrol,Automatic,4.1,160507,40859,4776,Low
12/31/2010,i3,2010,Asia,Red,Hybrid,Manual,1.6,121990,32500,5062,High
12/31/2012,7 Series,2012,Asia,White,Hybrid,Manual,1.6,71803,93371,816,Low
12/31/2021,7 Series,2021,Europe,Blue,Hybrid,Automatic,1.6,106807,125089,1959,Low
12/31/2012,3 Series,2012,Asia,Blue,Hybrid,Automatic,5,87168,69180,10247,High
12/31/2014,M5,2014,Middle East,Black,Diesel,Automatic,4.9,17561,128922,142,Low
12/31/2020,X3,2020,North America,Red,Petrol,Manual,2.7,19740,90259,9680,High
12/31/2021,X6,2021,Middle East,Red,Petrol,Manual,2.5,25636,117193,2571,Low
12/31/2021,i3,2021,Asia,Red,Hybrid,Automatic,2,152260,77888,5834,High
12/31/2013,X1,2013,Africa,Grey,Diesel,Manual,2.7,108509,32687,3494,Low
12/31/2022,X5,2022,Asia,Silver,Electric,Automatic,2.8,115398,120561,7228,High
12/31/2013,X3,2013,Asia,Grey,Petrol,Manual,4.1,160501,48557,9023,High
12/31/2018,X6,2018,Europe,Silver,Electric,Automatic,4.5,180862,109432,4561,Low
12/31/2016,i3,2016,Middle East,Black,Diesel,Manual,4.1,121458,66419,3491,Low
12/31/2013,5 Series,2013,South America,White,Electric,Automatic,3.8,16851,92248,3302,Low
12/31/2012,X3,2012,Asia,Red,Hybrid,Manual,4.2,18267,81313,8172,High
12/31/2015,M5,2015,North America,Grey,Electric,Automatic,4.1,191110,109675,1160,Low
12/31/2012,X5,2012,Asia,Black,Diesel,Manual,3.2,153776,50030,5089,High
12/31/2015,X1,2015,South America,Blue,Electric,Automatic,2.7,77500,68253,4926,Low
12/31/2020,X5,2020,Asia,Black,Diesel,Manual,2.5,130189,81506,6524,High
12/31/2022,i8,2022,Asia,Blue,Hybrid,Manual,3.9,130711,171140,646,Low
12/31/2020,i3,2020,Middle East,Silver,Petrol,Automatic,4.9,84530,97678,3190,Low
12/31/2022,i8,2022,Asia,White,Diesel,Manual,3.5,116766,155391,348,Low
12/31/2022,i3,2022,South America,Black,Diesel,Automatic,4.7,179143,79190,3398,Low
12/31/2021,7 Series,2021,South America,Black,Diesel,Manual,1.5,130138,101101,1349,Low
12/31/2018,M3,2018,Middle East,Blue,Petrol,Manual,4.3,53418,111825,1515,Low
12/31/2015,X5,2015,Asia,Black,Hybrid,Automatic,4.5,15612,115919,6130,High
12/31/2021,X5,2021,North America,Grey,Diesel,Automatic,3.7,137906,95641,5726,High
12/31/2013,X3,2013,Africa,Black,Diesel,Manual,4.8,172810,47525,4313,Low
12/31/2024,M3,2024,North America,White,Diesel,Manual,3.6,133647,110458,3557,Low
12/31/2014,i3,2014,Middle East,White,Hybrid,Manual,2.3,137948,51551,3194,Low
12/31/2022,i3,2022,Africa,White,Petrol,Manual,2.3,177053,66823,3192,Low
12/31/2015,3 Series,2015,Middle East,Black,Diesel,Automatic,3.4,68012,65968,5514,High
12/31/2020,i3,2020,Europe,Black,Petrol,Automatic,4.7,77510,91576,5212,High
12/31/2012,i3,2012,North America,Silver,Electric,Manual,1.8,14863,68062,4063,Low
12/31/2017,i8,2017,Asia,Red,Hybrid,Manual,3.6,50403,159177,50,Low
12/31/2013,3 Series,2013,Europe,Silver,Hybrid,Manual,4.2,161182,55211,8749,High
12/31/2017,i8,2017,Middle East,Grey,Diesel,Manual,1.9,187402,111114,50,Low
12/31/2019,X6,2019,North America,White,Petrol,Manual,1.9,171218,78016,4452,Low
12/31/2019,5 Series,2019,South America,Black,Electric,Manual,2.8,1357,117090,4077,Low
12/31/2012,M3,2012,South America,Red,Diesel,Automatic,2.5,147193,51712,1534,Low
12/31/2019,X5,2019,Asia,Blue,Diesel,Manual,2.2,171470,68084,7464,High
12/31/2016,i3,2016,North America,Black,Hybrid,Automatic,2.2,167431,53305,4781,Low
12/31/2020,5 Series,2020,Middle East,Black,Electric,Manual,2,103402,98886,5450,High
12/31/2022,X5,2022,Africa,Silver,Diesel,Manual,3.6,76631,100969,3943,Low
12/31/2021,X3,2021,South America,Silver,Hybrid,Automatic,3.9,163900,93430,5158,High
12/31/2018,M5,2018,North America,Red,Electric,Manual,4,149413,132745,1914,Low
12/31/2013,i8,2013,Middle East,Black,Diesel,Automatic,3.4,16054,142485,50,Low
12/31/2017,3 Series,2017,North America,Red,Hybrid,Manual,4.8,184972,73447,8704,High
12/31/2012,X6,2012,South America,Red,Petrol,Manual,4.6,46545,82634,1765,Low
12/31/2016,X5,2016,South America,Red,Electric,Manual,4.9,54589,112702,2510,Low
12/31/2012,X1,2012,South America,Grey,Petrol,Manual,2.9,73269,38277,4917,Low
12/31/2021,X3,2021,Asia,Blue,Electric,Manual,4.6,59233,115370,8117,High
12/31/2024,M5,2024,Europe,Silver,Hybrid,Manual,4.2,194626,144254,2164,Low
12/31/2024,5 Series,2024,South America,White,Petrol,Manual,2.7,78205,108042,4513,Low
12/31/2016,5 Series,2016,Africa,Red,Petrol,Manual,1.9,50878,70312,3106,Low
12/31/2023,i3,2023,North America,Red,Hybrid,Manual,3.9,86887,105018,6512,High
12/31/2020,M3,2020,Africa,White,Diesel,Manual,2,91767,86781,1835,Low
12/31/2019,i3,2019,Europe,Blue,Hybrid,Manual,2.5,176710,67823,5196,High
12/31/2019,7 Series,2019,Europe,Black,Hybrid,Manual,3.3,179976,112557,1666,Low
12/31/2020,3 Series,2020,Europe,Silver,Diesel,Automatic,3.9,62140,87315,10689,High
12/31/2020,M3,2020,South America,Blue,Petrol,Manual,4.7,170289,89435,1713,Low
12/31/2015,X3,2015,Africa,Blue,Electric,Manual,3.6,25786,88885,4308,Low
12/31/2011,X5,2011,Africa,White,Petrol,Manual,3.8,93359,61694,2247,Low
12/31/2020,X6,2020,Africa,Grey,Hybrid,Automatic,2.6,51728,116638,2304,Low
12/31/2012,M5,2012,South America,Silver,Hybrid,Manual,3.9,58163,58525,752,Low
12/31/2015,7 Series,2015,Europe,Silver,Petrol,Automatic,3,113862,98841,958,Low
12/31/2023,i8,2023,South America,Silver,Diesel,Manual,4.5,164914,148253,239,Low
12/31/2013,5 Series,2013,Africa,Red,Petrol,Manual,2.9,72260,57881,2921,Low
12/31/2015,7 Series,2015,Asia,White,Electric,Manual,3.1,47822,122456,840,Low
12/31/2010,i8,2010,North America,Grey,Electric,Manual,3,87489,127251,50,Low
12/31/2019,X3,2019,Middle East,Black,Petrol,Manual,4.3,2744,106920,6309,High
12/31/2021,X5,2021,Middle East,Red,Hybrid,Manual,4.8,19342,143408,4226,Low
12/31/2010,M5,2010,Africa,Red,Petrol,Automatic,2.6,166500,68459,91,Low
12/31/2012,X6,2012,Europe,Red,Diesel,Automatic,3.2,104306,68514,3928,Low
12/31/2017,M5,2017,South America,Silver,Diesel,Automatic,4,139905,106784,779,Low
12/31/2017,5 Series,2017,South America,Red,Diesel,Automatic,4.6,159960,71963,4531,Low
12/31/2020,X1,2020,North America,Black,Petrol,Automatic,3.2,794,93728,8327,High
12/31/2013,X3,2013,Middle East,Grey,Electric,Automatic,1.9,47155,70079,5757,High
12/31/2015,M3,2015,South America,White,Petrol,Manual,2.8,92788,72774,1709,Low
12/31/2024,X3,2024,Asia,Grey,Petrol,Automatic,3.4,72564,104338,8798,High
12/31/2017,i8,2017,South America,Blue,Petrol,Manual,3,197650,111104,50,Low
12/31/2016,X5,2016,South America,Red,Diesel,Manual,2.2,135785,61335,4206,Low
12/31/2020,M3,2020,Middle East,Black,Petrol,Automatic,1.6,35823,109662,1802,Low
12/31/2016,M3,2016,Africa,Silver,Diesel,Manual,3.9,90269,82722,1334,Low
12/31/2022,M3,2022,Middle East,Blue,Hybrid,Automatic,5,70128,143460,2375,Low
12/31/2013,3 Series,2013,North America,Red,Petrol,Automatic,4.7,104521,65364,10382,High
12/31/2018,i8,2018,Europe,White,Diesel,Manual,3.9,106462,142279,50,Low
12/31/2021,7 Series,2021,North America,Grey,Hybrid,Automatic,4.4,157516,140028,2028,Low
12/31/2019,X6,2019,Asia,Black,Electric,Manual,2.4,79500,106754,4793,Low
12/31/2015,3 Series,2015,Middle East,Blue,Petrol,Automatic,3.7,75674,68204,6603,High
12/31/2023,X6,2023,Europe,Grey,Hybrid,Manual,1.7,179629,101076,5253,High
12/31/2021,X3,2021,North America,Grey,Electric,Manual,4,64786,119464,8822,High
12/31/2020,i8,2020,Asia,Silver,Electric,Automatic,4.9,86162,188550,104,Low
12/31/2012,3 Series,2012,Middle East,White,Petrol,Automatic,4.5,115172,56255,6338,High
12/31/2014,X5,2014,Middle East,Blue,Hybrid,Manual,3.4,191912,67004,3919,Low
12/31/2014,M5,2014,Middle East,White,Diesel,Manual,4.3,90382,116329,358,Low
12/31/2023,7 Series,2023,North America,Grey,Hybrid,Manual,4.8,179819,142256,2193,Low
12/31/2014,X1,2014,South America,Red,Petrol,Manual,2.3,10595,53846,4578,Low
12/31/2017,i8,2017,South America,Grey,Hybrid,Automatic,4.3,46875,167069,50,Low
12/31/2018,7 Series,2018,North America,Red,Electric,Manual,2.4,186929,104979,2165,Low
12/31/2022,X6,2022,Africa,Red,Hybrid,Manual,4.6,152352,114725,2749,Low
12/31/2018,M3,2018,Africa,White,Petrol,Automatic,1.8,112694,78653,1660,Low
12/31/2022,X6,2022,South America,Black,Hybrid,Manual,2.1,170104,54208,4469,Low
12/31/2015,X6,2015,Africa,Silver,Diesel,Manual,4,152917,73657,1714,Low
12/31/2015,X3,2015,Asia,Silver,Petrol,Automatic,2.1,127880,51937,9485,High
12/31/2018,3 Series,2018,Middle East,Silver,Hybrid,Automatic,2.1,95267,75525,6357,High
12/31/2013,5 Series,2013,Africa,Blue,Petrol,Automatic,3.4,137413,56733,3630,Low
12/31/2015,X6,2015,Europe,Blue,Diesel,Automatic,4.4,33409,100671,3682,Low
12/31/2013,7 Series,2013,Africa,Blue,Petrol,Automatic,2.4,165034,67305,296,Low
12/31/2020,7 Series,2020,Europe,Grey,Diesel,Automatic,4.4,50329,130383,1282,Low
12/31/2010,3 Series,2010,Africa,Silver,Hybrid,Manual,4.3,90692,50425,4705,Low
12/31/2016,X5,2016,Asia,Grey,Electric,Automatic,3.5,42262,109711,4847,Low
12/31/2023,X3,2023,Europe,Red,Hybrid,Automatic,3.8,44603,118682,9468,High
12/31/2019,M5,2019,Africa,White,Petrol,Manual,1.6,16956,115164,776,Low
12/31/2020,i8,2020,Africa,Red,Hybrid,Automatic,2.8,44352,166520,50,Low
12/31/2021,5 Series,2021,Middle East,Silver,Diesel,Automatic,2.4,95586,93422,4906,Low
12/31/2015,X3,2015,Africa,White,Diesel,Automatic,2,198644,33378,5171,High
12/31/2018,X1,2018,Middle East,White,Diesel,Automatic,2.9,194600,47631,5961,High
12/31/2016,5 Series,2016,Africa,Silver,Electric,Manual,2.7,67936,86310,3582,Low
12/31/2022,M3,2022,Africa,Blue,Petrol,Manual,4.1,4889,123797,1584,Low
12/31/2016,i8,2016,Europe,Silver,Petrol,Automatic,3.6,31704,140733,50,Low
12/31/2011,M3,2011,South America,Silver,Diesel,Automatic,4.7,40716,79667,857,Low
12/31/2021,M5,2021,Asia,Black,Petrol,Automatic,2,157071,116410,2483,Low
12/31/2020,X5,2020,Africa,Grey,Diesel,Automatic,1.7,139563,76422,3251,Low
12/31/2024,5 Series,2024,South America,White,Petrol,Automatic,3.4,196765,92062,5260,High
12/31/2018,X1,2018,Europe,Grey,Petrol,Manual,1.5,20609,62759,6898,High
12/31/2019,X3,2019,Middle East,Blue,Petrol,Automatic,4.3,86851,92111,5068,High
12/31/2018,3 Series,2018,Asia,Grey,Petrol,Manual,3.3,138444,64919,8966,High
12/31/2015,M3,2015,Asia,Black,Diesel,Automatic,3.2,180773,63079,3438,Low
12/31/2022,i3,2022,South America,White,Petrol,Manual,2.8,89552,87852,3298,Low
12/31/2012,X1,2012,South America,Red,Petrol,Manual,2.8,25750,45414,3705,Low
12/31/2010,X6,2010,North America,Grey,Hybrid,Manual,3,26652,86152,6624,High
12/31/2013,M3,2013,South America,Black,Petrol,Automatic,1.6,33848,70031,1351,Low
12/31/2023,i8,2023,Europe,Grey,Petrol,Automatic,1.8,24776,160280,375,Low
12/31/2023,7 Series,2023,Asia,Red,Hybrid,Manual,3.3,151361,137618,2542,Low
12/31/2012,i3,2012,Middle East,Grey,Hybrid,Automatic,2,1244,68697,3095,Low
12/31/2023,X5,2023,North America,Blue,Petrol,Automatic,4.2,45904,125375,7023,High
12/31/2021,i3,2021,Asia,Silver,Electric,Manual,2.5,142925,81579,6762,High
12/31/2010,7 Series,2010,Asia,Red,Diesel,Manual,1.8,15961,78358,776,Low
12/31/2012,7 Series,2012,North America,Grey,Petrol,Manual,2.3,45793,93033,711,Low
12/31/2023,X1,2023,Europe,Blue,Hybrid,Automatic,2.7,186306,76588,7801,High
12/31/2023,i3,2023,Africa,Blue,Hybrid,Automatic,1.6,116196,89040,3954,Low
12/31/2013,X3,2013,Africa,White,Hybrid,Automatic,2,153571,43401,4129,Low
12/31/2022,7 Series,2022,Africa,Silver,Diesel,Automatic,2.6,190268,100845,1334,Low
12/31/2022,i8,2022,Middle East,Black,Diesel,Manual,2.6,116518,155444,50,Low
12/31/2024,M5,2024,Asia,Grey,Hybrid,Manual,4.3,177252,149023,2704,Low
12/31/2023,M5,2023,Europe,Blue,Hybrid,Manual,4.5,131451,144657,2392,Low
12/31/2017,X3,2017,Asia,Black,Hybrid,Automatic,2.2,40729,87743,1742,Low
12/31/2018,M5,2018,Europe,Silver,Hybrid,Automatic,1.9,53363,129848,1754,Low
12/31/2012,X5,2012,North America,Grey,Hybrid,Automatic,3.7,51022,89718,4978,Low
12/31/2015,5 Series,2015,Africa,Red,Hybrid,Automatic,4.3,103831,85614,2718,Low
12/31/2019,i3,2019,South America,White,Diesel,Manual,4.9,113875,80936,2890,Low
12/31/2020,i8,2020,Europe,Blue,Electric,Manual,1.5,186317,136040,743,Low
12/31/2024,7 Series,2024,Asia,Red,Hybrid,Automatic,2.9,131069,143246,2427,Low
12/31/2014,M3,2014,South America,Black,Electric,Manual,4.1,84831,91794,944,Low
12/31/2015,7 Series,2015,North America,Black,Diesel,Manual,4.4,73442,112013,841,Low
12/31/2013,7 Series,2013,Middle East,Red,Hybrid,Automatic,1.7,41888,102717,123,Low
12/31/2019,7 Series,2019,Europe,Red,Petrol,Manual,3.9,38273,133858,972,Low
12/31/2015,X5,2015,North America,White,Diesel,Manual,2.5,47867,80257,4892,Low
12/31/2016,X1,2016,Middle East,Silver,Hybrid,Manual,1.8,109213,54829,5202,High
12/31/2018,3 Series,2018,North America,White,Hybrid,Manual,3.2,5089,102430,10250,High
12/31/2019,i8,2019,Africa,Black,Hybrid,Manual,2.1,104010,132028,267,Low
12/31/2016,M5,2016,South America,Grey,Diesel,Automatic,4.1,180619,100184,739,Low
12/31/2015,3 Series,2015,South America,Blue,Hybrid,Automatic,4.1,67153,77238,6177,High
12/31/2010,X6,2010,Europe,White,Diesel,Manual,4.4,15664,79471,3422,Low
12/31/2011,3 Series,2011,South America,Red,Petrol,Automatic,2.8,173957,25000,5744,High
12/31/2010,7 Series,2010,Asia,Grey,Diesel,Manual,1.5,32521,73062,685,Low
12/31/2018,i8,2018,South America,Silver,Diesel,Manual,2.4,38880,137447,50,Low
12/31/2019,3 Series,2019,Asia,Black,Hybrid,Manual,3.1,15294,98088,10653,High
12/31/2019,X1,2019,Middle East,Black,Hybrid,Automatic,3.9,128515,78039,5460,High
12/31/2018,3 Series,2018,North America,Blue,Petrol,Automatic,2.8,168835,58958,10631,High
12/31/2016,3 Series,2016,Europe,Silver,Diesel,Manual,3.4,125800,54970,10224,High
12/31/2022,M5,2022,Middle East,Red,Diesel,Automatic,3.3,22180,153932,1080,Low
12/31/2011,5 Series,2011,Europe,Silver,Hybrid,Manual,2.1,40681,63303,5471,High
12/31/2015,3 Series,2015,Europe,Silver,Electric,Automatic,3.7,182212,62167,8622,High
12/31/2020,7 Series,2020,Africa,Silver,Electric,Automatic,3,163766,123746,1152,Low
12/31/2013,X6,2013,North America,White,Diesel,Manual,4.3,169688,70733,4208,Low
12/31/2010,X3,2010,Middle East,Red,Petrol,Automatic,3.9,15904,63680,4399,Low
12/31/2010,M3,2010,Asia,Grey,Petrol,Automatic,1.9,178622,36829,3056,Low
12/31/2021,X5,2021,North America,Grey,Diesel,Manual,3.2,189006,86192,6818,High
12/31/2014,5 Series,2014,Asia,Grey,Petrol,Automatic,4,57299,78948,7455,High
12/31/2021,X3,2021,South America,Blue,Electric,Automatic,1.8,167243,83289,6093,High
12/31/2011,7 Series,2011,Asia,Red,Petrol,Automatic,4.3,160205,81987,764,Low
12/31/2013,i3,2013,Asia,Grey,Hybrid,Automatic,2.3,40085,67764,4704,Low
12/31/2010,5 Series,2010,Middle East,Black,Hybrid,Automatic,3.3,165591,53451,3406,Low
12/31/2013,7 Series,2013,Africa,Grey,Petrol,Manual,4.8,96715,93399,50,Low
12/31/2020,X3,2020,South America,Blue,Electric,Automatic,3.5,188115,84513,6550,High
12/31/2015,3 Series,2015,Asia,Blue,Electric,Automatic,3,36079,84115,8891,High
12/31/2019,5 Series,2019,Asia,Blue,Diesel,Automatic,1.5,114615,69890,7202,High
12/31/2013,X3,2013,South America,Red,Hybrid,Manual,2,128970,45474,4397,Low
12/31/2010,M5,2010,South America,Black,Electric,Manual,3.5,31957,110918,50,Low
12/31/2016,M3,2016,South America,Silver,Petrol,Manual,3.2,110944,74638,1859,Low
12/31/2023,7 Series,2023,South America,White,Electric,Manual,2.8,187321,118807,1710,Low
12/31/2011,X6,2011,North America,Red,Hybrid,Automatic,4.7,80845,95873,3217,Low
12/31/2018,X5,2018,North America,White,Hybrid,Manual,2.7,148428,84031,6954,High
12/31/2022,5 Series,2022,Middle East,Blue,Hybrid,Manual,3.4,186008,97366,5045,High
12/31/2012,i8,2012,Asia,Blue,Petrol,Automatic,3.5,111591,115929,50,Low
12/31/2017,i8,2017,Middle East,Red,Electric,Automatic,3.3,182991,137212,50,Low
12/31/2022,X3,2022,North America,White,Diesel,Manual,3.2,84957,95849,9133,High
12/31/2017,X5,2017,North America,Grey,Hybrid,Automatic,2.7,37120,102918,5143,High
12/31/2012,X5,2012,Europe,Silver,Electric,Manual,4.7,147995,76900,5453,High
12/31/2013,M3,2013,Europe,White,Petrol,Automatic,3.1,37475,86670,1950,Low
12/31/2011,X1,2011,South America,White,Hybrid,Automatic,3.3,155055,37237,4248,Low
12/31/2013,X6,2013,North America,Silver,Electric,Manual,3.8,115052,90266,3340,Low
12/31/2020,X1,2020,Middle East,Silver,Hybrid,Automatic,1.7,119921,69175,5295,High
12/31/2020,5 Series,2020,Middle East,White,Diesel,Manual,4.2,102337,98048,4376,Low
12/31/2020,X3,2020,Middle East,White,Electric,Automatic,3.3,114998,103819,5695,High
12/31/2023,M3,2023,Africa,Black,Electric,Manual,3.8,10857,137627,2091,Low
12/31/2018,X5,2018,Africa,Blue,Petrol,Automatic,4.2,151908,85740,3266,Low
12/31/2011,i3,2011,Middle East,Grey,Hybrid,Automatic,4.6,30314,78013,2315,Low
12/31/2021,3 Series,2021,Middle East,Blue,Hybrid,Manual,2.9,15264,112066,6292,High
12/31/2021,5 Series,2021,Europe,Grey,Hybrid,Automatic,4.3,48432,121728,8059,High
12/31/2022,X3,2022,Asia,Blue,Hybrid,Automatic,2.4,62115,103446,9717,High
12/31/2012,X6,2012,Africa,Grey,Hybrid,Manual,3.8,182941,65403,1693,Low
12/31/2024,X1,2024,North America,Grey,Petrol,Automatic,1.9,68065,91035,8406,High
12/31/2020,X6,2020,Africa,Black,Electric,Automatic,1.6,128145,99643,2537,Low
12/31/2020,M5,2020,Middle East,Blue,Petrol,Automatic,1.8,11171,133898,923,Low
12/31/2024,5 Series,2024,South America,Grey,Petrol,Automatic,2.6,191511,90018,4928,Low
12/31/2013,X5,2013,Africa,Red,Petrol,Automatic,1.6,160373,42089,3378,Low
12/31/2014,X6,2014,Africa,Red,Diesel,Automatic,3.7,194733,61165,2064,Low
12/31/2010,X6,2010,Middle East,Red,Hybrid,Manual,2.6,176404,57157,2200,Low
12/31/2016,X3,2016,Asia,Black,Electric,Manual,4.1,76492,91244,9722,High
12/31/2023,5 Series,2023,North America,Black,Diesel,Automatic,1.7,96009,96117,8142,High
12/31/2019,5 Series,2019,Middle East,Grey,Electric,Automatic,2.3,95884,96073,5652,High
12/31/2016,7 Series,2016,South America,Grey,Petrol,Manual,2.9,38282,110542,286,Low
12/31/2018,M5,2018,Africa,Grey,Electric,Automatic,2.8,122981,128743,899,Low
12/31/2013,7 Series,2013,Asia,Grey,Petrol,Automatic,2,9846,104213,651,Low
12/31/2023,X6,2023,Europe,Red,Petrol,Automatic,5,191673,117319,4767,Low
12/31/2023,M5,2023,Middle East,Grey,Electric,Automatic,2.5,5381,181496,1225,Low
12/31/2015,3 Series,2015,Asia,Grey,Diesel,Manual,4,76722,67871,9892,High
12/31/2020,5 Series,2020,Asia,White,Diesel,Automatic,2.3,8969,100042,7301,High
12/31/2011,i3,2011,Asia,Silver,Hybrid,Automatic,4.6,86975,63889,4517,Low
12/31/2021,7 Series,2021,Europe,Grey,Hybrid,Manual,2.9,160076,119214,2326,Low
12/31/2021,X1,2021,Asia,Black,Petrol,Manual,4.7,106863,87270,8501,High
12/31/2023,M5,2023,Middle East,Silver,Hybrid,Automatic,2.7,128930,142624,1793,Low
12/31/2013,X6,2013,Europe,Silver,Hybrid,Manual,1.5,65134,76750,3088,Low
12/31/2011,3 Series,2011,South America,Blue,Hybrid,Manual,3.3,166869,36600,5736,High
12/31/2019,7 Series,2019,Africa,Black,Petrol,Automatic,3.3,89360,116019,575,Low
12/31/2014,7 Series,2014,South America,Black,Electric,Automatic,1.9,189179,82204,394,Low
12/31/2024,M3,2024,Asia,Grey,Diesel,Automatic,2.3,170465,96043,4032,Low
12/31/2016,X1,2016,Middle East,Black,Electric,Manual,4.2,85786,80823,5098,High
12/31/2022,i8,2022,Asia,White,Diesel,Automatic,1.6,41859,158364,341,Low
12/31/2010,X3,2010,Europe,Red,Hybrid,Manual,3.2,75168,56245,7810,High
12/31/2024,X1,2024,Middle East,Black,Petrol,Manual,3.4,53162,98189,6339,High
12/31/2019,7 Series,2019,Middle East,Blue,Diesel,Automatic,3.9,27550,135371,462,Low
12/31/2019,i8,2019,Africa,Red,Petrol,Automatic,1.6,179986,116195,50,Low
12/31/2016,M5,2016,Middle East,Silver,Electric,Automatic,3.5,153226,121484,529,Low
12/31/2019,3 Series,2019,South America,Red,Petrol,Manual,1.5,88563,64958,6598,High
12/31/2022,i8,2022,North America,Grey,Electric,Automatic,2.4,45604,185608,433,Low
12/31/2015,3 Series,2015,Middle East,Red,Diesel,Automatic,3.2,167758,48875,7416,High
12/31/2015,X6,2015,Europe,Grey,Diesel,Automatic,4.7,79804,94462,3852,Low
12/31/2021,X3,2021,South America,Blue,Electric,Automatic,1.9,113648,87613,5765,High
12/31/2017,X3,2017,Asia,Black,Diesel,Automatic,2.1,129765,57947,9661,High
12/31/2017,i8,2017,South America,Grey,Electric,Manual,3.8,183985,139597,50,Low
12/31/2015,5 Series,2015,Africa,Blue,Electric,Automatic,2.8,137905,72361,3228,Low
12/31/2012,5 Series,2012,North America,White,Electric,Manual,3.7,74957,80524,5504,High
12/31/2014,i8,2014,Europe,Black,Hybrid,Manual,5,199447,124890,50,Low
12/31/2011,X6,2011,Middle East,Blue,Diesel,Manual,5,175714,66415,1886,Low
12/31/2024,X3,2024,Europe,Grey,Petrol,Automatic,2.7,30491,105845,9188,High
12/31/2023,5 Series,2023,Africa,Black,Hybrid,Manual,3.3,52023,122478,4941,Low
12/31/2014,5 Series,2014,Africa,Silver,Petrol,Manual,4.7,84560,72145,2753,Low
12/31/2023,X3,2023,Asia,Black,Petrol,Manual,1.8,64022,90447,9098,High
12/31/2018,M5,2018,Europe,Black,Electric,Manual,3.1,144126,119334,2079,Low
12/31/2019,M5,2019,Europe,Blue,Hybrid,Automatic,2.8,85920,134989,1656,Low
12/31/2010,X1,2010,Africa,Black,Petrol,Automatic,2.5,31551,36337,3545,Low
12/31/2019,5 Series,2019,Asia,Red,Petrol,Automatic,5,142971,94307,6788,High
12/31/2014,X1,2014,Europe,Black,Diesel,Automatic,4.1,199954,34103,6521,High
12/31/2021,M3,2021,South America,Silver,Electric,Automatic,2.9,182275,104932,2140,Low
12/31/2015,X6,2015,South America,Silver,Electric,Manual,4.4,124126,93703,2182,Low
12/31/2023,3 Series,2023,Middle East,Silver,Hybrid,Manual,3.2,154046,96430,7093,High
12/31/2020,X6,2020,Africa,Grey,Hybrid,Manual,4.6,91307,114150,2384,Low
12/31/2016,X3,2016,South America,Black,Electric,Automatic,2.4,25975,87667,5214,High
12/31/2018,M5,2018,North America,White,Petrol,Manual,2.3,146550,108060,1867,Low
12/31/2015,M3,2015,Europe,Grey,Electric,Manual,2.4,86164,141743,1498,Low
12/31/2014,i8,2014,Europe,Black,Hybrid,Manual,3.4,110091,126661,50,Low
12/31/2021,X6,2021,Asia,White,Electric,Manual,2.5,93382,123643,4612,Low
12/31/2016,X3,2016,Middle East,Red,Hybrid,Automatic,2,187686,55411,5817,High
12/31/2022,X6,2022,Africa,Red,Hybrid,Automatic,5,150346,123849,2794,Low
12/31/2010,5 Series,2010,South America,Black,Petrol,Automatic,4.7,188960,41948,3948,Low
12/31/2020,5 Series,2020,Middle East,Black,Electric,Manual,3.7,53205,123572,645,Low
12/31/2023,X3,2023,South America,Blue,Hybrid,Automatic,4.6,76231,49435,6443,High
12/31/2014,i8,2014,Asia,Red,Electric,Automatic,4.8,80116,149960,50,Low
12/31/2024,M5,2024,North America,Silver,Diesel,Automatic,3.9,88858,153977,1814,Low
12/31/2011,X6,2011,Europe,Grey,Hybrid,Automatic,3.3,13682,90020,2871,Low
12/31/2013,5 Series,2013,Europe,Red,Petrol,Automatic,4.6,70363,77921,1315,Low
12/31/2016,X3,2016,North America,Silver,Petrol,Manual,3.5,86486,72280,8609,High
12/31/2014,M5,2014,Europe,Silver,Diesel,Automatic,1.9,25256,100606,1303,Low
12/31/2021,3 Series,2021,Middle East,Grey,Hybrid,Automatic,2.8,3849,113919,6175,High
12/31/2015,3 Series,2015,North America,Red,Hybrid,Manual,3.1,120214,64737,10204,High
12/31/2011,M5,2011,North America,Silver,Petrol,Automatic,4.8,30496,115736,579,Low
12/31/2012,i3,2012,North America,White,Diesel,Manual,3.8,193945,29713,938,Low
12/31/2016,i3,2016,Middle East,Black,Diesel,Manual,4.6,36044,81370,3071,Low
12/31/2020,7 Series,2020,Middle East,Blue,Hybrid,Manual,4.2,180894,120398,1346,Low
12/31/2011,X6,2011,North America,Red,Hybrid,Automatic,2.6,18586,89915,3056,Low
12/31/2021,X1,2021,South America,Blue,Diesel,Manual,4,22796,92637,5352,High
12/31/2015,X1,2015,Middle East,Red,Diesel,Automatic,2.2,124342,41188,5051,High
12/31/2014,3 Series,2014,Europe,Red,Diesel,Automatic,2.9,19001,68832,9538,High
12/31/2019,X1,2019,Middle East,Black,Hybrid,Manual,4.3,35580,95235,5257,High
12/31/2010,i8,2010,Asia,Black,Diesel,Automatic,3.6,98401,108244,50,Low
12/31/2021,X6,2021,Asia,Silver,Petrol,Manual,4.4,182214,103664,4241,Low
12/31/2020,X1,2020,Middle East,Black,Hybrid,Automatic,2.4,39723,88943,5645,High
12/31/2024,i3,2024,Europe,Red,Diesel,Automatic,4.1,185547,85817,5051,High
12/31/2019,i3,2019,Asia,Silver,Hybrid,Automatic,2.2,15748,94252,6006,High
12/31/2020,X5,2020,Africa,Blue,Electric,Automatic,3.4,150117,105466,4081,Low
12/31/2013,X6,2013,Asia,Red,Petrol,Manual,3,120837,72248,3941,Low
12/31/2020,X5,2020,Europe,Black,Hybrid,Automatic,3.4,82265,114560,5267,High
12/31/2011,M5,2011,Africa,Red,Diesel,Automatic,2,90002,79057,63,Low
12/31/2013,X5,2013,Asia,Blue,Hybrid,Manual,2.8,47566,86803,6167,High
12/31/2010,5 Series,2010,South America,Red,Petrol,Manual,3.8,87304,55090,3119,Low
12/31/2011,X1,2011,Africa,White,Hybrid,Manual,3.5,134220,39446,9865,High
12/31/2022,7 Series,2022,South America,Silver,Petrol,Automatic,3.4,100257,129011,1030,Low
12/31/2017,M3,2017,Europe,Black,Hybrid,Manual,3.3,70334,105078,2799,Low
12/31/2015,X3,2015,Middle East,White,Diesel,Manual,4.8,199393,55939,5336,High
12/31/2011,X3,2011,Europe,Black,Hybrid,Manual,4.8,24284,77353,7526,High
12/31/2021,i8,2021,Europe,Grey,Hybrid,Automatic,2.8,123366,157300,552,Low
12/31/2024,3 Series,2024,Africa,Red,Diesel,Manual,2.7,193050,69943,6845,High
12/31/2015,X5,2015,South America,Grey,Petrol,Manual,3.4,112429,71719,3551,Low
12/31/2019,X5,2019,Europe,Grey,Petrol,Manual,1.8,159660,72837,6920,High
12/31/2018,i3,2018,North America,Red,Petrol,Automatic,2.6,156555,59178,5342,High
12/31/2016,i3,2016,North America,Red,Electric,Manual,2.3,125734,64181,4370,Low
12/31/2018,X5,2018,South America,Silver,Electric,Automatic,2.3,72577,98965,3448,Low
12/31/2014,3 Series,2014,Middle East,Black,Petrol,Manual,3.7,70574,63497,5695,High
12/31/2016,7 Series,2016,Middle East,Blue,Electric,Automatic,2.8,148579,114310,422,Low
12/31/2020,M5,2020,Africa,Silver,Electric,Manual,2.1,29567,134753,3533,Low
12/31/2024,i3,2024,Europe,Silver,Hybrid,Manual,4.6,42292,125378,5862,High
12/31/2023,X6,2023,North America,White,Hybrid,Manual,4.6,73809,135251,4900,Low
12/31/2016,7 Series,2016,Asia,Blue,Diesel,Automatic,4.5,112119,112203,1174,Low
12/31/2021,M3,2021,Asia,Red,Diesel,Automatic,2.9,93189,100847,3753,Low
12/31/2021,X3,2021,Africa,Black,Petrol,Automatic,1.7,11997,94919,4396,Low
12/31/2012,X3,2012,Middle East,Red,Electric,Manual,1.9,6612,70287,5338,High
12/31/2016,3 Series,2016,North America,Red,Petrol,Manual,2.5,148407,50591,8574,High
12/31/2010,i8,2010,Europe,Silver,Electric,Manual,2.3,23061,129535,50,Low
12/31/2018,3 Series,2018,Middle East,Silver,Electric,Automatic,4.6,82040,100440,7605,High
12/31/2019,i3,2019,Europe,Black,Diesel,Manual,5,19082,93959,4613,Low
12/31/2022,i8,2022,Asia,Silver,Petrol,Automatic,4.4,149094,156826,363,Low
12/31/2015,X1,2015,Africa,Grey,Electric,Automatic,4.1,55847,76916,4123,Low
12/31/2014,X1,2014,Europe,White,Electric,Manual,3.6,89897,68262,6346,High
12/31/2016,X1,2016,Middle East,Silver,Electric,Automatic,4.2,24390,91250,4786,Low
12/31/2014,i8,2014,Africa,Blue,Electric,Manual,4.8,178718,126434,50,Low
12/31/2019,M5,2019,Europe,Blue,Electric,Automatic,3.6,25925,162134,1416,Low
12/31/2014,M5,2014,Europe,Black,Diesel,Automatic,2,88153,96401,1284,Low
12/31/2020,3 Series,2020,Middle East,Red,Petrol,Manual,2.1,122824,66318,8084,High
12/31/2019,M5,2019,Middle East,Black,Petrol,Automatic,3.5,106231,132983,794,Low
12/31/2020,5 Series,2020,Middle East,Black,Hybrid,Manual,2.7,152483,91678,5713,High
12/31/2016,X3,2016,Middle East,Blue,Diesel,Manual,4.7,19452,87080,5671,High
12/31/2019,X1,2019,North America,White,Electric,Automatic,3.6,150712,76922,9013,High
12/31/2024,M3,2024,South America,Red,Electric,Automatic,3.9,2667,158507,1915,Low
12/31/2016,X1,2016,Middle East,Silver,Hybrid,Manual,1.5,13214,68237,4526,Low
12/31/2022,M3,2022,Africa,Red,Diesel,Manual,3.2,120255,93732,1842,Low
12/31/2020,M3,2020,North America,Silver,Hybrid,Automatic,3,145908,106953,3544,Low
12/31/2024,i3,2024,North America,Black,Electric,Manual,4,193514,96944,6028,High
12/31/2012,X5,2012,Middle East,Blue,Petrol,Manual,2.8,180647,46824,4311,Low
12/31/2012,3 Series,2012,Asia,Black,Hybrid,Manual,4.9,17117,77702,8264,High
12/31/2019,M5,2019,Africa,Grey,Hybrid,Automatic,3.8,125829,127908,1090,Low
12/31/2021,X1,2021,Africa,Grey,Diesel,Automatic,3.8,115352,72204,4365,Low
12/31/2022,i8,2022,Asia,Grey,Electric,Manual,4.7,103449,187300,404,Low
12/31/2024,3 Series,2024,North America,Silver,Electric,Automatic,5,67906,125211,9203,High
12/31/2012,i8,2012,Middle East,Grey,Electric,Automatic,2.2,44949,133880,50,Low
12/31/2015,5 Series,2015,Africa,Blue,Hybrid,Manual,4.3,24748,96670,3243,Low
12/31/2021,M3,2021,Africa,Silver,Electric,Manual,2.1,172744,94863,2611,Low
12/31/2024,7 Series,2024,South America,Blue,Electric,Manual,3.1,60785,153795,1351,Low
12/31/2015,5 Series,2015,Middle East,Grey,Electric,Automatic,1.9,130274,73677,4354,Low
12/31/2022,M5,2022,Europe,Black,Hybrid,Automatic,3.7,92934,146054,2469,Low
12/31/2022,i3,2022,North America,White,Electric,Automatic,3.1,114468,98771,6206,High
12/31/2012,i3,2012,Africa,Red,Hybrid,Manual,3.7,194159,37899,2434,Low
12/31/2012,X5,2012,South America,Red,Petrol,Manual,3.9,168904,52497,3030,Low
12/31/2017,i3,2017,Middle East,Black,Electric,Manual,3.7,187482,73493,3694,Low
12/31/2017,i3,2017,Europe,Blue,Hybrid,Automatic,2.5,159771,60883,4277,Low
12/31/2016,X1,2016,South America,Black,Hybrid,Automatic,4.4,127996,69322,4684,Low
12/31/2019,i8,2019,Asia,Blue,Electric,Manual,3.4,174316,140422,678,Low
12/31/2013,3 Series,2013,Middle East,Silver,Diesel,Manual,3.2,147307,40592,5949,High
12/31/2024,3 Series,2024,Africa,Black,Hybrid,Automatic,5,49783,121322,6302,High
12/31/2013,5 Series,2013,South America,White,Electric,Manual,2.5,36986,79690,3511,Low
12/31/2012,X6,2012,North America,Black,Hybrid,Manual,3.3,162037,73494,3734,Low
12/31/2014,M5,2014,Asia,Silver,Electric,Manual,3.9,130993,117824,1135,Low
12/31/2012,i8,2012,Middle East,White,Diesel,Manual,1.9,170877,97578,50,Low
12/31/2022,X3,2022,Europe,Red,Electric,Automatic,2.7,36310,50799,10544,High
12/31/2017,X1,2017,Middle East,Silver,Diesel,Manual,4.3,7512,84907,4518,Low
12/31/2016,7 Series,2016,Europe,Grey,Hybrid,Manual,2.3,110290,101436,1182,Low
12/31/2022,X6,2022,North America,Silver,Electric,Automatic,3.2,83230,133328,4411,Low
12/31/2012,3 Series,2012,South America,Blue,Diesel,Automatic,3.7,180997,32205,5000,High
12/31/2018,7 Series,2018,Africa,Grey,Electric,Automatic,3.8,51873,134661,498,Low
12/31/2021,X5,2021,Asia,Grey,Diesel,Automatic,4,163991,96120,6737,High
12/31/2023,5 Series,2023,South America,Blue,Electric,Automatic,4.5,36793,145205,4938,Low
12/31/2022,3 Series,2022,Middle East,Black,Petrol,Manual,2.9,38601,94489,7233,High
12/31/2014,X3,2014,North America,Grey,Electric,Manual,4,124281,71947,8573,High
12/31/2018,3 Series,2018,Africa,Black,Diesel,Automatic,4.1,182586,58863,6207,High
12/31/2016,M3,2016,Asia,Black,Hybrid,Manual,2.6,93514,89680,2791,Low
12/31/2024,i8,2024,Europe,Silver,Petrol,Automatic,4.9,18199,187254,120,Low
12/31/2016,M5,2016,Africa,Silver,Diesel,Manual,4.5,57277,117774,209,Low
12/31/2015,X5,2015,North America,Silver,Petrol,Manual,2.5,48641,83600,4751,Low
12/31/2011,i3,2011,Asia,Silver,Diesel,Automatic,3.9,1329,66156,4196,Low
12/31/2018,X6,2018,North America,White,Petrol,Manual,4,156925,91519,3664,Low
12/31/2015,i3,2015,Africa,White,Diesel,Automatic,3,73180,56599,2315,Low
12/31/2017,M5,2017,Asia,Red,Hybrid,Manual,4.5,12111,152288,1107,Low
12/31/2010,X6,2010,North America,Silver,Petrol,Manual,3.9,181334,54218,3510,Low
12/31/2014,3 Series,2014,Europe,Black,Petrol,Automatic,3.8,17698,74188,9212,High
12/31/2021,7 Series,2021,Asia,Black,Diesel,Manual,2.3,121208,109958,1801,Low
12/31/2010,5 Series,2010,South America,Red,Petrol,Automatic,2.9,145194,38256,3952,Low
12/31/2019,X5,2019,Middle East,Blue,Electric,Automatic,3,57173,117350,4170,Low
12/31/2020,i8,2020,Asia,Black,Petrol,Manual,4.1,80162,160808,50,Low
12/31/2023,3 Series,2023,Africa,White,Electric,Manual,3.7,117431,107160,5931,High
12/31/2017,7 Series,2017,North America,Black,Diesel,Automatic,1.8,54614,111773,1006,Low
12/31/2017,M5,2017,South America,Grey,Electric,Automatic,2.6,25340,137974,241,Low
12/31/2010,3 Series,2010,Middle East,Blue,Hybrid,Manual,3.2,43421,59745,5029,High
12/31/2018,M3,2018,Europe,Black,Electric,Automatic,4.1,100196,117449,3180,Low
12/31/2011,5 Series,2011,Africa,Blue,Hybrid,Manual,4.1,937,86368,2409,Low
12/31/2021,7 Series,2021,South America,Grey,Electric,Manual,3.2,55187,144663,1113,Low
12/31/2018,X1,2018,Europe,Blue,Petrol,Automatic,1.9,166538,46538,7847,High
12/31/2010,i8,2010,Asia,Black,Hybrid,Manual,2.5,163323,95675,50,Low
12/31/2021,i3,2021,Africa,Silver,Electric,Automatic,2.4,103767,93840,3774,Low
12/31/2019,X6,2019,South America,Red,Hybrid,Automatic,4.2,9169,127578,2583,Low
12/31/2023,i8,2023,Asia,Black,Diesel,Automatic,2.1,12698,174297,235,Low
12/31/2023,i8,2023,Asia,Grey,Diesel,Manual,3.1,30132,164739,418,Low
12/31/2018,5 Series,2018,Asia,Red,Petrol,Automatic,3.8,133382,80228,6180,High
12/31/2013,X1,2013,Africa,Black,Diesel,Automatic,4.9,150703,44407,3354,Low
12/31/2018,X6,2018,North America,Silver,Diesel,Automatic,5,41556,120594,3854,Low
12/31/2016,i3,2016,South America,Grey,Electric,Automatic,4.8,5367,162031,1338,Low
12/31/2020,X1,2020,Europe,Black,Electric,Manual,4,157767,78815,9267,High
12/31/2015,X6,2015,Africa,Black,Diesel,Automatic,4.1,102619,86305,1652,Low
12/31/2024,3 Series,2024,Middle East,Silver,Diesel,Automatic,4.2,95572,108882,6607,High
12/31/2014,i8,2014,Europe,Black,Electric,Manual,4.5,81735,145800,50,Low
12/31/2020,X5,2020,Asia,Grey,Diesel,Automatic,4.8,150107,97754,6004,High
12/31/2018,3 Series,2018,Europe,Grey,Electric,Manual,3.1,92129,84165,8338,High
12/31/2011,M3,2011,Europe,White,Electric,Automatic,3,80750,78833,2032,Low
12/31/2023,X6,2023,Middle East,Silver,Hybrid,Automatic,3.1,191595,115330,3404,Low
12/31/2022,5 Series,2022,Asia,Black,Petrol,Automatic,3.8,48362,112173,7656,High
12/31/2020,X3,2020,South America,Silver,Electric,Automatic,4.2,47268,110261,6451,High
12/31/2023,X5,2023,Europe,Grey,Electric,Automatic,4.5,1242,152054,5199,High
12/31/2021,X3,2021,South America,Red,Electric,Manual,3.1,71592,108351,6376,High
12/31/2011,X1,2011,Middle East,Blue,Petrol,Manual,2.8,158361,25000,4379,Low
12/31/2020,7 Series,2020,Africa,White,Diesel,Manual,4.9,103614,117611,633,Low
12/31/2021,X3,2021,Africa,White,Diesel,Automatic,2.3,187486,60264,4844,Low
12/31/2024,X6,2024,North America,Grey,Petrol,Manual,2.3,110974,109622,4534,Low
12/31/2018,M5,2018,Middle East,Black,Hybrid,Automatic,4,199682,123178,1390,Low
12/31/2021,M3,2021,Africa,Blue,Petrol,Manual,2.1,79961,98369,1796,Low
12/31/2012,X3,2012,Asia,Silver,Electric,Automatic,2.9,70968,71998,7181,High
12/31/2017,X3,2017,Africa,Red,Hybrid,Manual,2.5,128565,65594,4882,Low
12/31/2020,X3,2020,Europe,White,Diesel,Automatic,2.1,116933,73098,7727,High
12/31/2024,7 Series,2024,North America,Grey,Petrol,Automatic,3.5,104083,144122,1875,Low
12/31/2018,X5,2018,Europe,Red,Diesel,Manual,2.8,183474,64835,6078,High
12/31/2017,5 Series,2017,Middle East,White,Electric,Manual,3.1,102055,93267,3832,Low
12/31/2013,M5,2013,Europe,Grey,Petrol,Automatic,2.2,166464,81331,1234,Low
12/31/2021,i3,2021,Europe,Blue,Diesel,Automatic,4.2,37132,103123,4415,Low
12/31/2010,i8,2010,South America,Silver,Electric,Manual,2.6,66001,113074,50,Low
12/31/2013,X5,2013,Asia,Blue,Diesel,Automatic,2.7,197107,47349,5950,High
12/31/2023,7 Series,2023,Africa,White,Petrol,Automatic,2.4,97108,121333,1092,Low
12/31/2018,7 Series,2018,South America,Silver,Hybrid,Manual,3,67507,119450,910,Low
12/31/2011,X3,2011,Middle East,Black,Electric,Manual,3.1,156171,49574,5073,High
12/31/2012,X1,2012,Europe,Red,Hybrid,Manual,3.4,15115,61547,6969,High
12/31/2019,3 Series,2019,Africa,White,Hybrid,Automatic,4.9,134425,87053,5773,High
12/31/2017,i3,2017,Middle East,Red,Petrol,Manual,4.7,118569,73360,3796,Low
12/31/2015,i3,2015,North America,Black,Diesel,Manual,3.6,92263,59595,9495,High
12/31/2017,5 Series,2017,South America,Grey,Petrol,Automatic,1.6,74196,72440,3783,Low
12/31/2016,M3,2016,Europe,Grey,Diesel,Automatic,3.6,119599,80085,2428,Low
12/31/2023,X1,2023,Middle East,Silver,Diesel,Manual,1.8,36273,88351,6168,High
12/31/2022,7 Series,2022,Middle East,Blue,Hybrid,Automatic,4,151792,145118,1404,Low
12/31/2022,X1,2022,Middle East,Grey,Diesel,Automatic,2.9,1290,94018,6392,High
12/31/2014,7 Series,2014,North America,Black,Petrol,Automatic,4.4,74696,115562,627,Low
12/31/2018,X5,2018,Middle East,Grey,Electric,Manual,4.8,43106,128891,4464,Low
12/31/2013,X1,2013,Asia,White,Diesel,Automatic,3,24355,53227,6827,High
12/31/2015,X1,2015,South America,Silver,Diesel,Manual,3.1,23024,62483,4905,Low
12/31/2011,M5,2011,Europe,Grey,Diesel,Manual,3.6,48284,101073,768,Low
12/31/2024,i3,2024,Asia,Grey,Diesel,Automatic,2.2,135056,82639,6886,High
12/31/2011,X6,2011,Africa,Blue,Hybrid,Manual,4.7,23332,99591,964,Low
12/31/2011,5 Series,2011,South America,Grey,Petrol,Manual,3,17072,67136,3249,Low
12/31/2019,i8,2019,Middle East,Red,Diesel,Automatic,2.1,108615,137891,50,Low
12/31/2016,i3,2016,South America,Blue,Electric,Automatic,4.2,104811,82318,2732,Low
12/31/2022,X1,2022,North America,Red,Petrol,Automatic,2.3,40558,88150,7542,High
12/31/2011,M5,2011,Asia,Silver,Electric,Automatic,2,69444,100932,950,Low
12/31/2024,5 Series,2024,Middle East,Grey,Diesel,Manual,3.5,95126,113129,5011,High
12/31/2024,5 Series,2024,Africa,Grey,Electric,Manual,3.9,96238,120006,4806,Low
12/31/2021,X6,2021,Africa,Silver,Electric,Manual,3.5,182574,101600,3205,Low
12/31/2024,X6,2024,South America,Grey,Petrol,Automatic,3.8,111694,127451,2541,Low
12/31/2022,X6,2022,South America,Grey,Diesel,Manual,1.9,167631,84049,3204,Low
12/31/2011,5 Series,2011,Africa,Blue,Hybrid,Manual,3.2,90010,58709,3281,Low
12/31/2024,i3,2024,Asia,Grey,Electric,Automatic,2.7,134175,99203,5579,High
12/31/2018,7 Series,2018,Africa,Grey,Petrol,Automatic,4.9,134375,120079,281,Low
12/31/2016,M3,2016,Middle East,Black,Diesel,Automatic,1.7,78002,79079,1816,Low
12/31/2020,X3,2020,South America,Silver,Petrol,Automatic,2.5,62637,81604,5289,High
12/31/2012,7 Series,2012,Africa,Grey,Petrol,Automatic,4.8,105444,96085,50,Low
12/31/2012,5 Series,2012,Middle East,White,Diesel,Automatic,4.9,111703,71748,4333,Low
12/31/2016,X3,2016,North America,Black,Electric,Manual,4.4,90014,91602,8856,High
12/31/2014,3 Series,2014,Africa,Grey,Hybrid,Automatic,1.8,102178,51849,5386,High
12/31/2019,X1,2019,Middle East,Red,Hybrid,Automatic,3.5,3687,103892,4865,Low
12/31/2023,i3,2023,North America,Red,Diesel,Manual,2.9,125629,86169,6266,High
12/31/2023,X1,2023,Europe,Red,Hybrid,Automatic,4.3,118947,104893,9152,High
12/31/2015,X5,2015,Europe,Grey,Petrol,Manual,1.7,63675,72983,5181,High
12/31/2022,i8,2022,Asia,Blue,Diesel,Manual,2.2,184624,135474,631,Low
12/31/2021,i3,2021,North America,Red,Electric,Automatic,3.2,166212,90609,5208,High
12/31/2017,i8,2017,Africa,Blue,Electric,Automatic,2.1,41070,200000,50,Low
12/31/2018,M5,2018,South America,Red,Hybrid,Automatic,3.9,71077,135454,1016,Low
12/31/2010,X6,2010,Middle East,White,Hybrid,Manual,4.4,196323,67134,2273,Low
12/31/2012,i8,2012,Middle East,White,Petrol,Automatic,4,36022,139554,50,Low
12/31/2020,M3,2020,Africa,Blue,Petrol,Automatic,3,113247,94827,1725,Low
12/31/2016,M5,2016,Africa,Grey,Electric,Manual,4.6,161790,121970,171,Low
12/31/2015,X6,2015,North America,Red,Hybrid,Manual,2,74599,91922,3444,Low
12/31/2016,3 Series,2016,South America,Blue,Petrol,Manual,2.4,54090,62794,5811,High
12/31/2017,i8,2017,South America,Black,Diesel,Automatic,3.2,139754,123473,50,Low
12/31/2015,X6,2015,North America,Red,Electric,Manual,1.7,37552,103048,3428,Low
12/31/2012,X5,2012,Asia,White,Electric,Automatic,1.8,175067,59151,5576,High
12/31/2011,3 Series,2011,North America,White,Diesel,Automatic,2.9,148491,31061,10521,High
12/31/2021,5 Series,2021,Africa,Grey,Electric,Manual,4.8,110110,116152,3887,Low
12/31/2016,i3,2016,Africa,Blue,Hybrid,Automatic,4.7,157011,73377,2202,Low
12/31/2021,i8,2021,South America,Blue,Hybrid,Manual,3.1,52506,162044,239,Low
12/31/2021,X5,2021,Europe,Red,Petrol,Automatic,2,151704,87841,6997,High
12/31/2021,X1,2021,North America,Blue,Electric,Manual,2.1,5553,104015,8204,High
12/31/2020,5 Series,2020,Middle East,Grey,Petrol,Manual,2.8,8545,110164,4059,Low
12/31/2010,X3,2010,Africa,White,Diesel,Manual,2.2,165922,25000,3837,Low
12/31/2012,M3,2012,Asia,Black,Electric,Automatic,1.8,80810,77247,2589,Low
12/31/2021,X3,2021,Middle East,Grey,Electric,Automatic,3.9,167413,100024,7505,High
12/31/2020,X5,2020,North America,White,Petrol,Automatic,3.5,49331,107902,5342,High
12/31/2013,X5,2013,Africa,Red,Electric,Manual,2.5,48004,80099,2544,Low
12/31/2022,M5,2022,Middle East,Silver,Electric,Automatic,4.2,105959,170273,1176,Low
12/31/2023,X6,2023,South America,Blue,Diesel,Automatic,4.2,194598,104504,2665,Low
12/31/2010,X6,2010,North America,Silver,Petrol,Automatic,3.2,157374,54511,3525,Low
12/31/2014,i8,2014,Asia,Silver,Diesel,Automatic,1.8,53063,117457,50,Low
12/31/2019,5 Series,2019,Asia,Blue,Diesel,Manual,4.7,145002,86402,1700,Low
12/31/2012,M5,2012,Middle East,Blue,Diesel,Automatic,3.8,69265,112547,85,Low
12/31/2011,3 Series,2011,North America,Black,Petrol,Manual,2.4,170101,25000,8885,High
12/31/2024,M5,2024,Europe,White,Petrol,Automatic,3.6,58063,157700,1615,Low
12/31/2012,7 Series,2012,Africa,Red,Petrol,Automatic,2.9,66514,91541,50,Low
12/31/2017,X5,2017,Middle East,Silver,Electric,Manual,3.7,68686,105451,3368,Low
12/31/2015,X5,2015,Middle East,Grey,Petrol,Automatic,3.2,56796,90395,3164,Low
12/31/2022,X3,2022,South America,Red,Diesel,Manual,3.2,66382,89312,5174,High
12/31/2023,i3,2023,North America,Red,Petrol,Manual,4.1,7035,117156,4575,Low
12/31/2016,M5,2016,Europe,Grey,Hybrid,Manual,3.6,132368,110875,1438,Low
12/31/2021,X5,2021,Middle East,Grey,Electric,Manual,1.8,54798,115576,4546,Low
12/31/2015,X3,2015,Africa,Grey,Petrol,Manual,1.7,131239,41020,4961,Low
12/31/2015,3 Series,2015,Africa,Black,Diesel,Manual,2.6,23810,59294,4413,Low
12/31/2021,5 Series,2021,North America,Red,Electric,Automatic,3,114124,108555,7057,High
12/31/2012,i3,2012,Asia,Silver,Diesel,Automatic,2.5,192165,25000,5710,High
12/31/2021,7 Series,2021,Europe,Red,Electric,Manual,3.8,191368,130657,2026,Low
12/31/2022,M3,2022,Asia,Blue,Hybrid,Manual,2.2,192467,91851,3979,Low
12/31/2023,X6,2023,North America,Blue,Electric,Automatic,4,145020,137078,5132,High
12/31/2017,M3,2017,North America,Black,Electric,Manual,4.2,170741,93869,2990,Low
12/31/2021,X5,2021,South America,Grey,Electric,Manual,1.9,174767,90913,4354,Low
12/31/2016,i8,2016,Europe,Red,Hybrid,Manual,3.8,105433,147010,50,Low
12/31/2016,i8,2016,Europe,Blue,Electric,Manual,4.9,96944,152387,50,Low
12/31/2015,X6,2015,Asia,Blue,Hybrid,Manual,2.2,104158,83824,4128,Low
12/31/2014,M3,2014,Africa,Grey,Hybrid,Manual,4.7,103809,88325,845,Low
12/31/2019,3 Series,2019,Asia,Black,Hybrid,Automatic,3.6,165280,75519,10324,High
12/31/2017,X3,2017,Africa,Black,Diesel,Manual,3.6,174863,56612,5017,High
12/31/2014,X1,2014,Europe,Blue,Hybrid,Manual,1.7,54020,55964,6900,High
12/31/2018,i3,2018,Europe,Blue,Diesel,Manual,4.1,101812,71441,4703,Low
12/31/2018,i3,2018,South America,Red,Hybrid,Manual,3.2,32464,88854,3326,Low
12/31/2010,M3,2010,Europe,Blue,Petrol,Manual,4,39930,102070,1253,Low
12/31/2015,i8,2015,North America,Grey,Diesel,Manual,4.3,173118,120908,50,Low
12/31/2016,X3,2016,North America,Red,Diesel,Manual,3.3,143088,54497,10052,High
12/31/2012,X3,2012,South America,White,Electric,Automatic,2.4,140343,68603,4763,Low
12/31/2016,i8,2016,Asia,White,Petrol,Automatic,2,6887,139506,50,Low
12/31/2020,X3,2020,Asia,Grey,Hybrid,Manual,2.1,145823,79253,10292,High
12/31/2020,i3,2020,Africa,White,Diesel,Automatic,4.5,21390,97281,2953,Low
12/31/2016,M3,2016,Middle East,Silver,Petrol,Automatic,1.9,123580,76886,1762,Low
12/31/2023,X6,2023,South America,Grey,Electric,Manual,2.8,151819,115158,3368,Low
12/31/2022,X6,2022,Africa,Red,Diesel,Automatic,2.7,99216,108178,2132,Low
12/31/2020,5 Series,2020,South America,White,Petrol,Automatic,4.5,24201,117544,3610,Low
12/31/2011,X3,2011,North America,Black,Hybrid,Automatic,3.2,144217,48028,7110,High
12/31/2016,7 Series,2016,North America,Red,Diesel,Automatic,5,77995,115718,1014,Low
12/31/2024,X1,2024,Middle East,Silver,Electric,Manual,4.1,179931,94004,6079,High
12/31/2010,X1,2010,Africa,Red,Diesel,Manual,4.5,28571,26086,3597,Low
12/31/2014,i8,2014,Middle East,Blue,Hybrid,Manual,1.8,51475,140510,50,Low
12/31/2018,X3,2018,North America,Red,Diesel,Manual,2.4,68019,75820,8520,High
12/31/2016,5 Series,2016,North America,Red,Electric,Automatic,2,137607,76674,6082,High
12/31/2016,7 Series,2016,Europe,Silver,Electric,Manual,3.1,46330,126311,621,Low
12/31/2020,M3,2020,Middle East,White,Hybrid,Automatic,4,46193,128549,2330,Low
12/31/2022,X5,2022,Europe,Red,Hybrid,Automatic,2.1,85992,107866,6573,High
12/31/2021,X6,2021,Europe,Silver,Diesel,Automatic,2,100813,98595,887,Low
12/31/2011,M5,2011,Europe,Silver,Electric,Manual,3.7,168218,96405,789,Low
12/31/2017,i8,2017,North America,Grey,Petrol,Automatic,2.3,120298,124730,60,Low
12/31/2012,X6,2012,South America,Grey,Diesel,Manual,3.2,96460,66807,1807,Low
12/31/2024,M3,2024,North America,Black,Hybrid,Manual,1.7,188710,103752,3853,Low
12/31/2017,X3,2017,Africa,Blue,Electric,Automatic,3.9,53610,95098,3625,Low
12/31/2012,i3,2012,North America,Blue,Diesel,Automatic,3.4,179800,44578,4918,Low
12/31/2019,i3,2019,Asia,Blue,Hybrid,Manual,3.8,177369,77380,5638,High
12/31/2016,i3,2016,Europe,White,Electric,Manual,2.5,830,86468,4178,Low
12/31/2011,X3,2011,North America,Grey,Hybrid,Manual,2.5,172523,38049,7289,High
12/31/2013,5 Series,2013,Africa,White,Electric,Automatic,4.3,77605,84577,3287,Low
12/31/2020,M5,2020,Europe,Red,Petrol,Automatic,4,146504,120434,1539,Low
12/31/2015,i3,2015,North America,Silver,Hybrid,Automatic,3.5,115050,67143,4511,Low
12/31/2020,7 Series,2020,Europe,White,Electric,Manual,3.7,101042,135511,1510,Low
12/31/2018,M5,2018,Africa,Grey,Diesel,Automatic,1.8,131151,99359,734,Low
12/31/2014,X1,2014,South America,White,Petrol,Manual,4.5,197872,36134,4595,Low
12/31/2022,X1,2022,South America,White,Diesel,Automatic,4.2,59603,94088,4675,Low
12/31/2018,M3,2018,Africa,Black,Diesel,Manual,3.6,20870,99499,1247,Low
12/31/2024,7 Series,2024,North America,Blue,Electric,Automatic,4.7,27682,174095,1915,Low
12/31/2014,i3,2014,Europe,Grey,Hybrid,Manual,2.1,195646,35930,5483,High
12/31/2019,X5,2019,Asia,Grey,Electric,Automatic,3.9,32606,126446,5601,High
12/31/2017,3 Series,2017,Asia,Red,Petrol,Manual,4.9,13405,93482,8266,High
12/31/2022,3 Series,2022,Asia,White,Diesel,Automatic,2.6,169602,71293,11273,High
12/31/2022,3 Series,2022,Asia,White,Petrol,Manual,1.6,52008,87937,9318,High
12/31/2010,5 Series,2010,Asia,Red,Electric,Automatic,4.1,199258,56986,6531,High
12/31/2016,X1,2016,Middle East,Red,Petrol,Automatic,1.5,141215,38804,5871,High
12/31/2013,3 Series,2013,Africa,Grey,Hybrid,Manual,4.6,81838,71446,3947,Low
12/31/2014,X1,2014,Europe,Blue,Diesel,Automatic,1.7,129701,31314,8014,High
12/31/2015,X1,2015,Africa,Black,Hybrid,Manual,3.8,171897,50651,3776,Low
12/31/2014,3 Series,2014,South America,Red,Petrol,Automatic,2.8,96632,53713,5194,High
12/31/2021,M3,2021,Middle East,Black,Diesel,Automatic,2.2,1981,119422,2049,Low
12/31/2010,i8,2010,Europe,Silver,Diesel,Manual,4.6,77319,113975,50,Low
12/31/2021,X1,2021,North America,White,Petrol,Manual,4.1,124213,82141,8065,High
12/31/2018,X1,2018,Asia,White,Hybrid,Automatic,2.7,76375,76106,7628,High
12/31/2011,X5,2011,North America,White,Petrol,Automatic,2.5,57240,64355,4650,Low
12/31/2018,X6,2018,Middle East,White,Hybrid,Automatic,4.1,58010,129920,2690,Low
12/31/2019,5 Series,2019,North America,Blue,Hybrid,Automatic,4.4,19212,124958,6550,High
12/31/2011,X5,2011,Africa,Grey,Hybrid,Automatic,4,2692,90852,2250,Low
12/31/2018,X1,2018,Middle East,Red,Petrol,Manual,3.7,166885,59148,6065,High
12/31/2015,3 Series,2015,South America,Black,Diesel,Manual,2.3,41286,55655,6093,High
12/31/2020,X5,2020,South America,Silver,Hybrid,Automatic,4.5,87609,121055,3954,Low
12/31/2018,M3,2018,Africa,White,Electric,Automatic,4.1,40900,125084,1265,Low
12/31/2022,X5,2022,North America,Blue,Hybrid,Automatic,3.3,146587,112822,7478,High
12/31/2015,7 Series,2015,Africa,Blue,Diesel,Automatic,3.3,6692,113089,50,Low
12/31/2015,M3,2015,Africa,Grey,Petrol,Manual,3.5,170716,66215,1223,Low
12/31/2022,5 Series,2022,Africa,Blue,Electric,Automatic,4.4,54505,124304,3639,Low
12/31/2020,7 Series,2020,Europe,Blue,Diesel,Automatic,4.1,44452,133622,1253,Low
12/31/2023,M3,2023,North America,Black,Diesel,Automatic,4.5,70266,133933,3111,Low
12/31/2011,X1,2011,South America,Black,Electric,Manual,3.3,132525,42726,3575,Low
12/31/2017,M5,2017,North America,Blue,Petrol,Manual,3.7,62041,120519,1638,Low
12/31/2012,M5,2012,South America,Blue,Electric,Manual,4.5,107246,109214,50,Low
12/31/2016,5 Series,2016,Middle East,Blue,Petrol,Manual,2.3,141497,64390,5084,High
12/31/2014,i8,2014,Africa,Grey,Electric,Manual,3.1,159314,122008,50,Low
12/31/2012,M3,2012,Africa,Black,Petrol,Manual,3.7,56830,71287,945,Low
12/31/2010,X5,2010,Asia,Grey,Petrol,Automatic,4.7,139959,36016,6017,High
12/31/2017,X3,2017,South America,Silver,Hybrid,Automatic,1.6,168809,57103,5015,High
12/31/2012,X6,2012,South America,Silver,Hybrid,Automatic,2.2,163283,63051,2066,Low
12/31/2011,M5,2011,South America,Red,Hybrid,Automatic,2.3,118381,84559,164,Low
12/31/2010,X6,2010,Middle East,Silver,Electric,Manual,2.6,73566,76867,1642,Low
12/31/2013,7 Series,2013,Africa,Grey,Petrol,Automatic,2.5,124131,80339,146,Low
12/31/2022,X5,2022,Middle East,Black,Petrol,Automatic,3.6,56429,125207,3955,Low
12/31/2017,i8,2017,South America,Red,Diesel,Manual,4.6,107781,139728,50,Low
12/31/2022,X3,2022,Asia,White,Hybrid,Automatic,3.7,134094,97466,9869,High
12/31/2012,X6,2012,Asia,White,Hybrid,Automatic,2.3,19543,94630,3633,Low
12/31/2023,M5,2023,North America,White,Petrol,Automatic,4.5,4160,173592,1700,Low
12/31/2010,X3,2010,North America,Red,Hybrid,Manual,3.7,21297,68548,8376,High
12/31/2013,7 Series,2013,North America,Grey,Diesel,Automatic,2.3,31470,96636,849,Low
12/31/2018,i8,2018,North America,White,Petrol,Manual,2.8,91781,139841,50,Low
12/31/2022,X3,2022,North America,Silver,Petrol,Manual,4.3,53966,106996,7650,High
12/31/2010,M5,2010,Europe,Silver,Electric,Manual,4.1,181242,94803,715,Low
12/31/2021,3 Series,2021,Asia,Blue,Hybrid,Manual,3.5,118086,89230,9364,High
12/31/2023,7 Series,2023,Asia,White,Petrol,Manual,2,98650,130729,1883,Low
12/31/2020,7 Series,2020,North America,Blue,Petrol,Manual,4.3,101983,134353,1397,Low
12/31/2011,M3,2011,Africa,Grey,Diesel,Automatic,2.6,88373,57792,797,Low
12/31/2018,3 Series,2018,Africa,Red,Diesel,Manual,4.2,48229,78577,5206,High
12/31/2011,i3,2011,Middle East,Black,Petrol,Manual,3.8,66275,51744,3084,Low
12/31/2022,X5,2022,Middle East,Silver,Diesel,Manual,2.4,83917,103565,4240,Low
12/31/2012,X3,2012,South America,White,Diesel,Manual,2.2,178409,25000,4987,Low
12/31/2016,M3,2016,North America,White,Petrol,Manual,2,189734,59526,2776,Low
12/31/2012,X6,2012,Middle East,Blue,Petrol,Manual,2.3,60731,36949,2735,Low
12/31/2018,X5,2018,Africa,Red,Petrol,Automatic,2.1,3631,95117,2550,Low
12/31/2015,7 Series,2015,Africa,Grey,Electric,Manual,3.7,81741,114944,50,Low
12/31/2012,X1,2012,South America,Red,Electric,Manual,3.6,166145,40478,4156,Low
12/31/2018,X1,2018,Africa,Red,Petrol,Automatic,3.6,148119,56296,4155,Low
12/31/2010,3 Series,2010,Africa,Blue,Petrol,Automatic,3.7,156681,30820,4114,Low
12/31/2019,i8,2019,South America,Red,Hybrid,Manual,4.4,14761,177129,50,Low
12/31/2012,X5,2012,Middle East,Red,Diesel,Automatic,4.7,46469,87716,2740,Low
12/31/2010,7 Series,2010,South America,Red,Petrol,Manual,2.3,55426,74144,50,Low
12/31/2011,M5,2011,North America,Blue,Petrol,Manual,3.6,184509,80297,1252,Low
12/31/2021,i3,2021,South America,White,Electric,Automatic,1.8,83929,86488,3864,Low
12/31/2017,3 Series,2017,Middle East,Blue,Hybrid,Manual,1.9,55549,75499,6564,High
12/31/2016,M3,2016,South America,White,Diesel,Manual,3.8,79689,85920,1596,Low
12/31/2011,5 Series,2011,Middle East,Black,Diesel,Automatic,3.2,8788,69604,4143,Low
12/31/2011,M3,2011,Europe,Red,Diesel,Automatic,4.2,161779,58749,2245,Low
12/31/2018,3 Series,2018,North America,Silver,Electric,Manual,3,75800,88885,8492,High
12/31/2022,X3,2022,Asia,Grey,Hybrid,Manual,1.9,160961,81543,9693,High
12/31/2022,M5,2022,Africa,Grey,Petrol,Automatic,4.6,105507,139162,839,Low
12/31/2015,M3,2015,Africa,Grey,Petrol,Manual,1.8,171840,51353,1773,Low
12/31/2014,M5,2014,Africa,Black,Electric,Manual,2.2,142507,96347,230,Low
12/31/2019,i8,2019,North America,Black,Hybrid,Automatic,2.5,32233,165354,280,Low
12/31/2015,M5,2015,Europe,Grey,Diesel,Automatic,5,136955,110420,1107,Low
12/31/2018,M3,2018,Middle East,Blue,Petrol,Automatic,3,33195,102772,1545,Low
12/31/2020,7 Series,2020,Europe,Black,Petrol,Automatic,3.3,191319,101184,1613,Low
12/31/2016,M5,2016,North America,Grey,Electric,Manual,4.2,29129,139376,971,Low
12/31/2024,i8,2024,South America,Black,Electric,Manual,3.7,63730,177189,404,Low
12/31/2019,X6,2019,North America,Red,Petrol,Automatic,4.4,29218,120762,3805,Low
12/31/2019,5 Series,2019,North America,Grey,Diesel,Automatic,3.2,167867,37712,6896,High
12/31/2023,X6,2023,Middle East,Silver,Diesel,Automatic,4.9,189781,118300,3165,Low
12/31/2018,5 Series,2018,South America,Blue,Electric,Manual,4.3,156013,93652,11652,High
12/31/2013,X1,2013,North America,Red,Petrol,Manual,2.9,73697,48136,6645,High
12/31/2011,7 Series,2011,South America,Blue,Hybrid,Manual,2.8,17887,98551,50,Low
12/31/2021,3 Series,2021,Middle East,Black,Diesel,Manual,4.8,28815,104758,7489,High
12/31/2017,i3,2017,Asia,White,Hybrid,Manual,3.9,135038,74058,4869,Low
12/31/2013,X6,2013,Africa,Red,Electric,Manual,3.7,83421,92699,1493,Low
12/31/2022,X5,2022,Asia,Silver,Hybrid,Manual,4.2,154042,115939,6319,High
12/31/2018,X3,2018,North America,Red,Petrol,Manual,3.5,163516,66020,7957,High
12/31/2024,M3,2024,Europe,Black,Hybrid,Manual,2.1,130013,116378,4279,Low
12/31/2024,i3,2024,South America,Silver,Diesel,Automatic,2.6,131652,85197,4315,Low
12/31/2013,X3,2013,Africa,White,Hybrid,Automatic,3.5,13997,77188,3838,Low
12/31/2024,3 Series,2024,Asia,Blue,Diesel,Manual,1.6,64483,89820,11556,High
12/31/2017,i8,2017,Europe,Blue,Hybrid,Manual,3,135309,138994,50,Low
12/31/2018,X5,2018,Africa,Grey,Electric,Manual,4.1,197732,87956,3326,Low
12/31/2022,M5,2022,South America,Black,Petrol,Manual,2.1,22476,133508,1065,Low
12/31/2018,5 Series,2018,Africa,Silver,Hybrid,Automatic,1.7,53011,86101,4314,Low
12/31/2019,3 Series,2019,Africa,Blue,Petrol,Automatic,4.4,189979,66829,6172,High
12/31/2013,3 Series,2013,Europe,Blue,Hybrid,Manual,3.7,142719,53353,9020,High
12/31/2010,7 Series,2010,Europe,Black,Electric,Automatic,2.1,49941,93727,292,Low
12/31/2024,X3,2024,North America,Grey,Hybrid,Automatic,4.3,122198,115058,10676,High
12/31/2012,X5,2012,Europe,Silver,Diesel,Automatic,3.8,86268,71497,4402,Low
12/31/2018,5 Series,2018,Africa,Blue,Diesel,Automatic,2.7,132231,68528,4306,Low
12/31/2013,i3,2013,Middle East,Silver,Hybrid,Manual,2.8,50816,68867,2943,Low
12/31/2014,7 Series,2014,Europe,Red,Hybrid,Manual,2,147014,90510,867,Low
12/31/2016,7 Series,2016,Asia,Black,Electric,Manual,4.4,129911,122051,1060,Low
12/31/2014,X6,2014,Europe,Black,Electric,Automatic,3.3,122556,132860,3007,Low
12/31/2013,7 Series,2013,South America,Grey,Diesel,Automatic,3.4,190780,75514,384,Low
12/31/2024,X5,2024,Africa,Blue,Hybrid,Manual,4.6,15691,150764,3879,Low
12/31/2011,i8,2011,Europe,Grey,Petrol,Automatic,1.6,2726,117577,50,Low
12/31/2024,M3,2024,Middle East,Red,Petrol,Manual,1.7,171569,96645,2848,Low
12/31/2011,M5,2011,Europe,Black,Petrol,Manual,2.1,96484,84150,984,Low
12/31/2022,3 Series,2022,North America,Silver,Electric,Manual,1.6,70920,94053,11062,High
12/31/2022,3 Series,2022,Middle East,Red,Petrol,Automatic,3.8,147976,85992,6548,High
12/31/2013,X1,2013,Africa,Red,Petrol,Automatic,3.7,37850,58693,3867,Low
12/31/2019,5 Series,2019,South America,Grey,Diesel,Automatic,2.2,40523,87260,4589,Low
12/31/2022,M3,2022,South America,Grey,Hybrid,Manual,2,67734,116853,2246,Low
12/31/2019,X5,2019,South America,Black,Petrol,Manual,2,164322,70576,4415,Low
12/31/2022,X3,2022,Europe,White,Diesel,Manual,4.8,53479,109478,8272,High
12/31/2024,5 Series,2024,Africa,Blue,Hybrid,Automatic,3.9,98568,124602,3880,Low
12/31/2018,i8,2018,Europe,Black,Petrol,Manual,3.5,159722,129375,117,Low
12/31/2017,X5,2017,South America,Red,Electric,Automatic,2.6,88524,92049,3112,Low
12/31/2012,7 Series,2012,Middle East,White,Petrol,Manual,3,132785,79955,316,Low
12/31/2024,i8,2024,Europe,Red,Electric,Manual,1.8,93165,177862,833,Low
12/31/2023,5 Series,2023,North America,Grey,Electric,Automatic,5,193337,120545,8677,High
12/31/2018,i8,2018,Africa,White,Diesel,Manual,4.1,65656,141515,50,Low
12/31/2023,3 Series,2023,Europe,Grey,Petrol,Automatic,3.7,119850,96888,9323,High
12/31/2014,i3,2014,Europe,Grey,Electric,Manual,3.6,162030,57354,4886,Low
12/31/2020,i8,2020,Africa,Black,Electric,Manual,3.3,95681,155324,72,Low
12/31/2012,X5,2012,Asia,Grey,Hybrid,Manual,2.4,30492,78406,4956,Low
12/31/2014,M3,2014,Africa,Black,Petrol,Manual,2.3,25516,75678,985,Low
12/31/2022,M3,2022,North America,Red,Diesel,Automatic,3.4,43669,120200,3531,Low
12/31/2019,i3,2019,North America,Red,Diesel,Automatic,1.7,176042,51873,5811,High
12/31/2022,i8,2022,Middle East,Grey,Electric,Automatic,1.8,53562,180400,180,Low
12/31/2013,X1,2013,Europe,Black,Hybrid,Manual,3.5,6766,70443,6925,High
12/31/2017,3 Series,2017,Asia,White,Hybrid,Manual,4.7,96901,90590,8699,High
12/31/2022,7 Series,2022,South America,White,Petrol,Manual,4.7,162030,120278,1065,Low
12/31/2021,M5,2021,Asia,White,Diesel,Manual,1.5,163512,106906,2058,Low
12/31/2014,X3,2014,South America,Grey,Petrol,Manual,1.9,123599,41234,4559,Low
12/31/2019,X3,2019,South America,Red,Hybrid,Automatic,3.5,53120,103498,6132,High
12/31/2021,3 Series,2021,South America,White,Diesel,Manual,4.5,74134,92540,6673,High
12/31/2017,i3,2017,Africa,White,Diesel,Automatic,4.8,5767,88885,2123,Low
12/31/2018,X5,2018,Middle East,Blue,Diesel,Automatic,4.5,110780,101076,3784,Low
12/31/2013,X5,2013,North America,Silver,Electric,Automatic,3.9,81385,89823,5176,High
12/31/2016,3 Series,2016,North America,Silver,Diesel,Manual,2.2,5376,67296,10754,High
12/31/2011,5 Series,2011,Africa,Blue,Hybrid,Automatic,1.8,25354,65412,2591,Low
12/31/2015,X3,2015,Middle East,Silver,Petrol,Manual,1.7,49159,60640,6113,High
12/31/2017,5 Series,2017,Africa,Silver,Electric,Manual,3.6,173854,77063,3891,Low
12/31/2021,M3,2021,South America,White,Electric,Automatic,1.6,172397,89620,2790,Low
12/31/2016,i3,2016,North America,Blue,Diesel,Manual,4.1,113827,64617,5182,High
12/31/2016,X6,2016,North America,Black,Hybrid,Automatic,4,170183,92931,4039,Low
12/31/2017,X3,2017,North America,Blue,Petrol,Automatic,1.8,130332,55900,8715,High
12/31/2016,X1,2016,Asia,Black,Hybrid,Manual,4.7,49899,86184,8020,High
12/31/2014,i3,2014,Middle East,Grey,Hybrid,Manual,3.3,71761,68027,3448,Low
12/31/2016,3 Series,2016,Europe,Red,Electric,Automatic,4.7,21704,107312,8747,High
12/31/2022,M3,2022,Middle East,Red,Hybrid,Manual,4.7,42659,144317,2383,Low
12/31/2023,7 Series,2023,South America,White,Diesel,Automatic,2.2,20517,136651,848,Low
12/31/2019,3 Series,2019,Asia,Grey,Electric,Manual,2.8,32077,102058,9938,High
12/31/2012,M3,2012,Africa,White,Petrol,Automatic,2,48807,67598,1017,Low
12/31/2014,7 Series,2014,Africa,White,Hybrid,Automatic,4.2,48828,122255,50,Low
12/31/2016,X6,2016,North America,Blue,Diesel,Manual,3.3,157926,75298,3756,Low
12/31/2024,M5,2024,Middle East,Silver,Electric,Manual,4.8,15437,190808,1200,Low
12/31/2018,X5,2018,Europe,White,Diesel,Automatic,2.2,151111,72613,6224,High
12/31/2024,7 Series,2024,Middle East,White,Petrol,Automatic,3.9,5771,161309,938,Low
12/31/2011,5 Series,2011,Africa,Grey,Electric,Automatic,5,101171,80203,2929,Low
12/31/2013,i8,2013,Asia,White,Hybrid,Automatic,3.8,135137,130546,50,Low
12/31/2021,X5,2021,Europe,White,Petrol,Manual,1.7,12643,109808,5001,High
12/31/2016,M3,2016,Asia,Grey,Diesel,Automatic,3.6,159700,71562,2645,Low
12/31/2010,i3,2010,North America,Silver,Diesel,Automatic,2.1,83331,32595,5106,High
12/31/2022,X3,2022,Europe,Grey,Hybrid,Manual,1.6,177385,73872,10217,High
12/31/2011,X1,2011,Europe,White,Electric,Automatic,2.7,162276,37431,6372,High
12/31/2018,M5,2018,South America,Grey,Electric,Manual,2.4,162536,114892,1271,Low
12/31/2022,5 Series,2022,Europe,Red,Petrol,Manual,4.3,53766,118591,7467,High
12/31/2019,X6,2019,Middle East,Grey,Diesel,Automatic,2.8,3659,118500,2365,Low
12/31/2016,i3,2016,Europe,Silver,Diesel,Manual,4.1,27010,79283,3898,Low
12/31/2021,i8,2021,Africa,White,Electric,Automatic,1.6,171487,134683,504,Low
12/31/2019,X3,2019,North America,Red,Electric,Automatic,1.6,32487,101210,8322,High
12/31/2016,i8,2016,Middle East,Grey,Diesel,Manual,1.6,86259,126243,50,Low
12/31/2015,X5,2015,South America,Blue,Hybrid,Manual,2.3,157503,66757,3072,Low
12/31/2012,X1,2012,Middle East,Silver,Hybrid,Manual,2.8,44002,56226,4914,Low
12/31/2019,i3,2019,Middle East,Blue,Petrol,Manual,3.6,144867,68981,3473,Low
12/31/2012,X1,2012,Asia,Blue,Diesel,Automatic,5,194443,35389,7918,High
12/31/2011,M3,2011,Africa,Red,Electric,Automatic,2.7,21981,87823,397,Low
12/31/2020,X3,2020,Europe,Blue,Electric,Manual,1.7,148640,74083,9666,High
12/31/2015,X6,2015,South America,Grey,Hybrid,Manual,2.2,105896,82803,1916,Low
12/31/2013,M5,2013,Asia,White,Electric,Automatic,4.6,115842,117340,904,Low
12/31/2014,X3,2014,Europe,Blue,Electric,Automatic,3.9,174233,65191,8617,High
12/31/2012,5 Series,2012,Europe,Black,Diesel,Automatic,4.3,62707,74057,6751,High
12/31/2015,X3,2015,Africa,Silver,Hybrid,Automatic,1.9,150049,52369,5163,High
12/31/2020,3 Series,2020,North America,Blue,Electric,Manual,2,194754,69072,10756,High
12/31/2021,X6,2021,South America,Black,Diesel,Automatic,1.9,81549,97211,2431,Low
12/31/2012,X3,2012,Europe,Black,Petrol,Automatic,4.5,51792,70947,6594,High
12/31/2023,X6,2023,Asia,White,Electric,Manual,2.2,136782,118533,5729,High
12/31/2024,3 Series,2024,North America,Grey,Petrol,Manual,3.8,28555,111282,8995,High
12/31/2023,M5,2023,Europe,Red,Hybrid,Automatic,3.3,67366,157991,4925,Low
12/31/2017,5 Series,2017,North America,Silver,Diesel,Manual,3.4,151016,65868,7345,High
12/31/2018,M5,2018,Asia,Silver,Hybrid,Manual,2.2,182891,103228,2762,Low
12/31/2013,3 Series,2013,Asia,Blue,Hybrid,Automatic,3.7,10077,82202,9007,High
12/31/2024,X3,2024,Europe,Blue,Diesel,Manual,1.7,106301,89198,9444,High
12/31/2018,3 Series,2018,South America,Black,Hybrid,Automatic,5,29872,105688,5475,High
12/31/2021,i3,2021,Asia,Red,Petrol,Automatic,1.6,156474,61684,6083,High
12/31/2016,5 Series,2016,South America,Silver,Petrol,Manual,1.7,90351,96365,4091,Low
12/31/2012,3 Series,2012,Africa,Red,Petrol,Manual,2.6,92338,40695,4359,Low
12/31/2016,i3,2016,Middle East,Grey,Diesel,Automatic,4.4,114162,66785,2882,Low
12/31/2023,X3,2023,Africa,Blue,Diesel,Manual,2.4,20083,100679,5665,High
12/31/2010,X6,2010,South America,Silver,Diesel,Manual,3.2,31262,70909,1442,Low
12/31/2012,X5,2012,South America,Silver,Electric,Automatic,1.6,106995,62038,3063,Low
12/31/2015,X5,2015,Europe,Black,Diesel,Manual,1.8,807,77840,6229,High
12/31/2013,M3,2013,North America,Red,Diesel,Automatic,3.6,34212,82235,2093,Low
12/31/2016,X1,2016,Africa,Silver,Petrol,Manual,2.2,108685,43752,4665,Low
12/31/2023,M3,2023,Asia,Grey,Petrol,Automatic,3.9,69362,167992,2431,Low
12/31/2012,M5,2012,Europe,Red,Petrol,Automatic,4.2,136633,96915,904,Low
12/31/2010,X5,2010,Asia,Red,Hybrid,Manual,4.5,19483,85017,5357,High
12/31/2018,7 Series,2018,Asia,Silver,Hybrid,Manual,2,12532,124117,1513,Low
12/31/2024,i8,2024,South America,Black,Hybrid,Automatic,3.1,26984,179044,406,Low
12/31/2015,7 Series,2015,Asia,Black,Electric,Automatic,4.8,107843,122558,678,Low
12/31/2017,X3,2017,North America,Red,Electric,Automatic,4.2,34400,101848,7780,High
12/31/2012,X1,2012,Asia,Silver,Diesel,Manual,1.9,140855,25000,6736,High
12/31/2017,M5,2017,Middle East,Red,Hybrid,Manual,3.3,107524,128745,623,Low
12/31/2011,M3,2011,Africa,Grey,Diesel,Manual,4.7,199048,49341,996,Low
12/31/2021,3 Series,2021,North America,Red,Diesel,Automatic,3,179773,69994,10207,High
12/31/2013,M3,2013,North America,Red,Electric,Automatic,4.4,153702,86312,2252,Low
12/31/2012,X1,2012,Middle East,Blue,Petrol,Manual,3.2,74719,43415,4450,Low
12/31/2019,X3,2019,Africa,Grey,Hybrid,Automatic,1.9,112606,77578,5489,High
12/31/2010,X1,2010,South America,Red,Diesel,Automatic,2,58145,27220,4260,Low
12/31/2024,7 Series,2024,Asia,Red,Diesel,Automatic,1.7,44967,143823,2010,Low
12/31/2022,X5,2022,Africa,Red,Diesel,Manual,2.2,40922,99184,4024,Low
12/31/2022,X5,2022,Europe,Silver,Diesel,Automatic,4.6,32100,120057,6058,High
12/31/2016,X5,2016,Europe,Black,Electric,Automatic,3.8,3428,122712,5557,High
12/31/2020,X1,2020,Middle East,Black,Electric,Manual,4.1,99963,96763,5255,High
12/31/2019,M5,2019,North America,Silver,Electric,Manual,3.7,3179,158453,1434,Low
12/31/2011,i8,2011,Middle East,Black,Petrol,Manual,2.9,16771,122972,50,Low
12/31/2013,i3,2013,North America,Black,Petrol,Automatic,2.3,168968,33938,5226,High
12/31/2018,X1,2018,North America,Grey,Diesel,Automatic,4.7,176839,59651,7839,High
12/31/2015,X6,2015,North America,White,Petrol,Automatic,3.3,145285,77003,3513,Low
12/31/2017,3 Series,2017,Asia,Black,Hybrid,Manual,3.2,186309,61029,11098,High
12/31/2011,5 Series,2011,Africa,Black,Hybrid,Automatic,5,20527,90200,2803,Low
12/31/2016,X1,2016,Africa,Black,Electric,Manual,2.8,134480,57753,3558,Low
12/31/2015,7 Series,2015,Europe,Blue,Electric,Automatic,4.5,193956,112783,876,Low
12/31/2022,X3,2022,Asia,Black,Hybrid,Automatic,4.5,137676,105306,8554,High
12/31/2023,5 Series,2023,Europe,White,Diesel,Automatic,2.3,176789,86768,8138,High
12/31/2018,M5,2018,Asia,Red,Diesel,Manual,1.8,178353,94411,2206,Low
12/31/2016,X3,2016,Africa,Black,Petrol,Automatic,4.9,46866,87289,4293,Low
12/31/2010,3 Series,2010,North America,Red,Diesel,Manual,3,140059,25522,9458,High
12/31/2023,5 Series,2023,Middle East,Black,Electric,Manual,1.5,165492,94835,6043,High
12/31/2017,X5,2017,Asia,Red,Petrol,Manual,3.2,30143,94911,5683,High
12/31/2020,i3,2020,Africa,Grey,Electric,Manual,3.7,85246,100826,3468,Low
12/31/2019,5 Series,2019,North America,White,Electric,Automatic,4.2,196970,94692,7922,High
12/31/2024,M3,2024,Asia,Red,Hybrid,Automatic,4.8,11160,159793,3025,Low
12/31/2012,i3,2012,Africa,Red,Diesel,Manual,4.7,157803,41035,2169,Low
12/31/2023,X6,2023,North America,Blue,Diesel,Automatic,4.8,77127,134910,3863,Low
12/31/2011,i3,2011,North America,Grey,Hybrid,Manual,1.6,116588,37261,4327,Low
12/31/2021,M5,2021,North America,Red,Hybrid,Automatic,4,193977,128699,2749,Low
12/31/2012,M3,2012,Asia,Red,Hybrid,Automatic,2.3,173983,61085,2274,Low
12/31/2020,X3,2020,South America,Grey,Petrol,Automatic,2.2,183726,61225,5732,High
12/31/2015,X5,2015,Asia,Blue,Diesel,Automatic,4.3,69368,85660,5292,High
12/31/2022,i3,2022,South America,Red,Diesel,Automatic,3,143898,79690,3261,Low
12/31/2023,X6,2023,Middle East,Black,Hybrid,Manual,4.7,77805,147594,2852,Low
12/31/2012,X1,2012,Middle East,Grey,Diesel,Manual,1.6,188457,25000,5312,High
12/31/2019,M5,2019,Africa,Red,Diesel,Automatic,4.3,166248,113564,767,Low
12/31/2014,X6,2014,Asia,Blue,Electric,Manual,2,69281,89980,3718,Low
12/31/2015,M5,2015,Africa,Silver,Hybrid,Manual,2.1,76174,110437,207,Low
12/31/2017,7 Series,2017,North America,Black,Electric,Manual,3.2,64572,132719,845,Low
12/31/2016,X3,2016,North America,Grey,Electric,Manual,2.9,120652,78364,9169,High
12/31/2023,X6,2023,North America,Grey,Electric,Automatic,3.2,85914,133170,5102,High
12/31/2020,i8,2020,Middle East,Blue,Petrol,Manual,4.8,60562,162989,50,Low
12/31/2017,X6,2017,South America,Blue,Hybrid,Manual,3.8,168547,86403,2340,Low
12/31/2012,X6,2012,North America,Silver,Diesel,Manual,2.5,35404,78737,3970,Low
12/31/2013,7 Series,2013,Africa,Grey,Hybrid,Automatic,2.1,140732,81846,123,Low
12/31/2015,7 Series,2015,North America,Silver,Petrol,Manual,3,72172,101291,226,Low
12/31/2020,X6,2020,Middle East,White,Hybrid,Automatic,3.1,105984,114005,3593,Low
12/31/2016,5 Series,2016,North America,Grey,Petrol,Automatic,3.6,40424,87552,6308,High
12/31/2018,3 Series,2018,South America,Blue,Electric,Manual,2.4,169364,65292,7134,High
12/31/2022,7 Series,2022,Asia,Red,Petrol,Automatic,4.2,187919,117458,1700,Low
12/31/2010,X5,2010,Middle East,Silver,Diesel,Automatic,1.8,59312,57185,3301,Low
12/31/2022,i8,2022,Middle East,White,Electric,Manual,3.5,9116,196299,50,Low
12/31/2024,5 Series,2024,Europe,Silver,Diesel,Automatic,3.7,90,133102,7383,High
12/31/2017,M5,2017,Middle East,Grey,Petrol,Manual,2.2,5359,131400,483,Low
12/31/2017,X1,2017,Middle East,Blue,Hybrid,Manual,4.4,159406,66409,4981,Low
12/31/2015,i3,2015,Europe,Blue,Electric,Manual,3.7,63616,80419,4409,Low
12/31/2013,M3,2013,Middle East,Grey,Petrol,Automatic,3.8,168538,64512,1664,Low
12/31/2012,M5,2012,Asia,Black,Diesel,Manual,3.2,142591,82954,1204,Low
12/31/2020,i3,2020,Europe,Silver,Electric,Manual,4.7,140590,95711,5063,High
12/31/2012,7 Series,2012,Asia,Grey,Diesel,Automatic,3.9,22099,103723,698,Low
12/31/2015,X6,2015,Asia,Blue,Electric,Automatic,2.8,117876,92162,1049,Low
12/31/2022,3 Series,2022,Middle East,White,Electric,Manual,2.3,40191,170062,5429,High
12/31/2017,7 Series,2017,Middle East,Red,Hybrid,Automatic,1.7,171545,102817,702,Low
12/31/2016,X1,2016,Middle East,White,Electric,Manual,2.1,122129,60564,4856,Low
12/31/2020,i8,2020,South America,Blue,Electric,Automatic,5,196771,200000,50,Low
12/31/2010,3 Series,2010,Africa,Red,Diesel,Automatic,2.9,134365,26236,4940,Low
12/31/2020,X6,2020,Europe,Black,Electric,Manual,4.6,12724,140932,3575,Low
12/31/2015,7 Series,2015,Europe,Silver,Diesel,Manual,2.1,173394,74089,1358,Low
12/31/2016,X1,2016,Middle East,White,Diesel,Automatic,3,68604,61736,5036,High
12/31/2021,5 Series,2021,Asia,Blue,Electric,Automatic,4.9,39997,128673,8319,High
12/31/2016,i8,2016,Asia,Black,Diesel,Manual,1.8,126148,111960,131,Low
12/31/2018,5 Series,2018,Asia,Silver,Electric,Manual,3.6,22465,111816,7935,High
12/31/2020,X1,2020,Europe,White,Electric,Automatic,4.7,196745,81792,8773,High
12/31/2020,X6,2020,Middle East,Black,Electric,Manual,4.8,44985,137340,2806,Low
12/31/2019,X1,2019,Middle East,Black,Electric,Manual,4.5,100144,88771,6301,High
12/31/2014,i3,2014,Africa,Silver,Electric,Automatic,4.5,157738,65355,2432,Low
12/31/2010,X5,2010,South America,Blue,Hybrid,Automatic,3.8,96330,68278,2743,Low
12/31/2011,M3,2011,Europe,White,Electric,Manual,2.3,116786,65440,2228,Low
12/31/2024,M3,2024,Middle East,Grey,Petrol,Automatic,4.1,34453,79827,3245,Low
12/31/2013,X1,2013,Middle East,Grey,Petrol,Automatic,4.9,159530,46879,5055,High
12/31/2014,5 Series,2014,Europe,Black,Petrol,Automatic,3.3,179975,51776,6131,High
12/31/2018,3 Series,2018,North America,White,Hybrid,Automatic,2.4,158589,70197,9107,High
12/31/2020,X6,2020,North America,Silver,Petrol,Manual,3.5,80898,113409,3732,Low
12/31/2024,i3,2024,South America,Grey,Diesel,Manual,3.9,180904,83164,4466,Low
12/31/2010,X3,2010,Europe,Black,Hybrid,Automatic,2.2,44455,53885,7133,High
12/31/2012,5 Series,2012,South America,Red,Diesel,Manual,4,145337,48881,3442,Low
12/31/2014,X3,2014,Africa,Blue,Electric,Manual,3.6,109201,66662,4008,Low
12/31/2012,i3,2012,Africa,White,Electric,Automatic,3.6,133425,56531,2299,Low
12/31/2013,X6,2013,Europe,Black,Hybrid,Automatic,2.6,145365,75624,3116,Low
12/31/2024,M5,2024,North America,Blue,Hybrid,Automatic,2,105482,149170,2887,Low
12/31/2023,M3,2023,Middle East,White,Electric,Manual,3.7,60865,132644,2394,Low
12/31/2012,X6,2012,Europe,White,Hybrid,Automatic,3.6,162965,70812,3656,Low
12/31/2013,X6,2013,North America,Silver,Electric,Automatic,2.7,138600,82892,3434,Low
12/31/2023,X5,2023,Asia,Red,Electric,Manual,2.5,31438,134575,6842,High
12/31/2024,X1,2024,Africa,Blue,Petrol,Manual,2.7,1671,99916,4440,Low
12/31/2022,X5,2022,South America,Red,Diesel,Automatic,3.2,166482,86708,4539,Low
12/31/2022,M3,2022,Africa,White,Petrol,Manual,4.9,106056,109176,1886,Low
12/31/2024,M3,2024,Asia,Red,Electric,Automatic,4.2,98016,137504,4231,Low
12/31/2024,M3,2024,Asia,Blue,Petrol,Manual,4.5,116622,125242,3715,Low
12/31/2010,M3,2010,South America,White,Hybrid,Automatic,3.3,165224,56666,1136,Low
12/31/2021,7 Series,2021,Middle East,Grey,Hybrid,Automatic,3.3,87814,140019,1391,Low
12/31/2017,3 Series,2017,Asia,Silver,Electric,Automatic,2.2,114900,73995,9882,High
12/31/2013,M5,2013,Asia,Black,Hybrid,Manual,4,115097,108741,954,Low
12/31/2016,i3,2016,South America,Grey,Diesel,Manual,3,3392,75574,3024,Low
12/31/2011,5 Series,2011,Europe,Red,Electric,Automatic,4.1,154546,66947,5196,High
12/31/2011,M5,2011,Middle East,Black,Diesel,Automatic,2.9,104281,93940,185,Low
12/31/2015,X3,2015,North America,Grey,Electric,Automatic,1.9,188313,53162,7902,High
12/31/2023,i3,2023,Africa,Silver,Petrol,Automatic,2.1,96381,84434,3518,Low
12/31/2011,X5,2011,Africa,Black,Petrol,Manual,4.3,66907,66539,2274,Low
12/31/2024,i3,2024,South America,Red,Petrol,Manual,2.4,100872,87210,3565,Low
12/31/2024,3 Series,2024,Europe,Blue,Petrol,Manual,2.4,168089,73800,9517,High
12/31/2015,3 Series,2015,Middle East,Silver,Hybrid,Manual,4.8,120690,38616,7399,High
12/31/2020,X5,2020,Middle East,Black,Petrol,Manual,3.8,126412,102431,4645,Low
12/31/2024,X6,2024,North America,Silver,Petrol,Automatic,1.9,26116,131428,4335,Low
12/31/2011,M3,2011,North America,Grey,Hybrid,Automatic,2,77364,71313,2181,Low
12/31/2013,X5,2013,Africa,Grey,Diesel,Automatic,2.5,123286,55443,2624,Low
12/31/2016,3 Series,2016,Africa,Blue,Electric,Manual,3.6,115931,72069,5556,High
12/31/2017,7 Series,2017,Middle East,Silver,Petrol,Automatic,4.1,108228,123802,450,Low
12/31/2024,3 Series,2024,Africa,Blue,Diesel,Manual,2.5,110682,87010,5308,High
12/31/2012,M5,2012,Africa,Black,Diesel,Manual,4.5,1251,109190,50,Low
12/31/2023,3 Series,2023,Asia,White,Hybrid,Manual,1.9,140260,86721,12198,High
12/31/2024,7 Series,2024,North America,Black,Electric,Manual,2.2,97953,152761,2365,Low
12/31/2022,M3,2022,Middle East,Grey,Diesel,Manual,4.9,10317,134900,1947,Low
12/31/2018,X6,2018,North America,Black,Diesel,Automatic,2,124078,84603,4012,Low
12/31/2011,X1,2011,Asia,Silver,Diesel,Manual,4.6,112069,40025,8572,High
12/31/2017,5 Series,2017,Africa,Black,Electric,Automatic,4,45850,107120,603,Low
12/31/2017,i8,2017,Europe,Silver,Petrol,Automatic,1.8,83976,136317,50,Low
12/31/2022,X1,2022,Europe,White,Hybrid,Manual,3.2,54474,94699,7566,High
12/31/2023,M3,2023,North America,Black,Hybrid,Automatic,3.3,140932,118800,383,Low
12/31/2013,X6,2013,Asia,Black,Diesel,Automatic,4.8,18946,95611,4100,Low
12/31/2010,X3,2010,Middle East,White,Diesel,Automatic,3,144269,32992,5682,High
12/31/2022,M5,2022,South America,Silver,Electric,Automatic,3.1,69384,151245,1168,Low
12/31/2010,X6,2010,North America,White,Hybrid,Automatic,1.9,152567,56723,3231,Low
12/31/2011,X3,2011,Africa,Blue,Hybrid,Manual,3.7,186066,39187,4171,Low
12/31/2023,7 Series,2023,Middle East,Silver,Diesel,Automatic,2.2,40656,133515,1262,Low
12/31/2024,i3,2024,Middle East,White,Hybrid,Manual,1.8,75184,97824,4780,Low
12/31/2021,M3,2021,Middle East,Grey,Electric,Automatic,5,197997,115156,2700,Low
12/31/2023,i8,2023,Middle East,Grey,Hybrid,Manual,2.4,55767,181573,311,Low
12/31/2018,i3,2018,Asia,Red,Diesel,Manual,2,116557,57728,5705,High
12/31/2022,M5,2022,South America,Red,Diesel,Automatic,3.9,42486,150324,751,Low
12/31/2011,X3,2011,Africa,White,Hybrid,Manual,4.4,67964,62559,4373,Low
12/31/2011,X6,2011,Europe,Grey,Petrol,Manual,1.7,37766,99756,3291,Low
12/31/2015,M5,2015,Middle East,Red,Electric,Automatic,1.9,194338,99871,646,Low
12/31/2016,X5,2016,Middle East,Black,Diesel,Automatic,1.8,154300,64143,4541,Low
12/31/2022,i8,2022,Europe,Red,Hybrid,Manual,1.7,101413,160009,640,Low
12/31/2016,M5,2016,Africa,Silver,Electric,Automatic,3.8,176873,110787,315,Low
12/31/2024,7 Series,2024,South America,Red,Electric,Manual,3.6,43684,152856,1537,Low
12/31/2022,i8,2022,Asia,Blue,Diesel,Automatic,3.8,15348,177264,76,Low
12/31/2018,X3,2018,Middle East,White,Diesel,Automatic,3.3,34268,91671,6034,High
12/31/2015,X1,2015,Europe,Blue,Electric,Manual,4.4,18648,88139,7602,High
12/31/2023,5 Series,2023,Africa,White,Petrol,Automatic,3.4,42052,120275,3666,Low
12/31/2017,M5,2017,Africa,Black,Electric,Manual,4.7,63872,133790,140,Low
12/31/2020,X3,2020,South America,Blue,Electric,Manual,3.2,146532,90003,5056,High
12/31/2015,3 Series,2015,Africa,Black,Electric,Automatic,4.3,152146,72582,5200,High
12/31/2011,i8,2011,North America,Blue,Electric,Automatic,2.9,115567,123435,50,Low
12/31/2010,X1,2010,Africa,White,Diesel,Manual,3,17457,38390,3895,Low
12/31/2014,i8,2014,Europe,Silver,Hybrid,Manual,4.5,81586,150266,50,Low
12/31/2023,i8,2023,South America,White,Petrol,Automatic,1.9,20457,159308,50,Low
12/31/2018,X3,2018,South America,Silver,Petrol,Automatic,3.5,134008,73363,6138,High
12/31/2017,7 Series,2017,North America,Red,Electric,Manual,4,96312,124685,1124,Low
12/31/2023,M3,2023,North America,Red,Petrol,Manual,4.1,62913,119605,2996,Low
12/31/2022,5 Series,2022,Asia,Grey,Electric,Automatic,3.6,90558,121582,7245,High
12/31/2013,M5,2013,Africa,White,Petrol,Automatic,3.1,15912,113865,50,Low
12/31/2014,5 Series,2014,Europe,Black,Hybrid,Manual,2.4,190699,51058,6180,High
12/31/2022,X5,2022,North America,Red,Electric,Manual,4.7,30754,142273,6991,High
12/31/2014,X3,2014,Africa,Blue,Diesel,Automatic,2.8,111839,50982,4440,Low
12/31/2015,7 Series,2015,South America,Blue,Hybrid,Manual,4.3,8116,131792,50,Low
12/31/2012,i8,2012,Africa,Silver,Diesel,Automatic,1.6,73292,102771,50,Low
12/31/2014,X3,2014,South America,White,Electric,Automatic,2.3,118755,62847,4741,Low
12/31/2011,M5,2011,South America,Blue,Petrol,Manual,2.7,141088,75005,320,Low
12/31/2019,i8,2019,South America,Blue,Electric,Manual,3.9,165556,147215,128,Low
12/31/2010,7 Series,2010,Middle East,Red,Electric,Manual,2.6,39939,99901,50,Low
12/31/2020,M3,2020,Africa,Silver,Electric,Manual,1.6,15479,116827,1719,Low
12/31/2010,i3,2010,Asia,Blue,Hybrid,Automatic,2.1,15105,53962,12763,High
12/31/2019,i8,2019,Asia,Silver,Electric,Manual,2.4,181767,141010,593,Low
12/31/2016,5 Series,2016,South America,Silver,Hybrid,Manual,2.1,61007,76490,3762,Low
12/31/2011,M3,2011,Asia,White,Hybrid,Automatic,2.2,190024,50477,2468,Low
12/31/2013,X3,2013,Middle East,Black,Hybrid,Manual,4.2,160634,64113,5542,High
12/31/2014,X5,2014,South America,Silver,Petrol,Manual,2.9,124661,63375,3009,Low
12/31/2016,5 Series,2016,North America,Silver,Petrol,Manual,2.9,20711,86535,6887,High
12/31/2011,5 Series,2011,Asia,Grey,Hybrid,Automatic,4.9,168316,62689,6846,High
12/31/2023,M5,2023,Middle East,Silver,Electric,Manual,3.1,51408,162217,1407,Low
12/31/2015,7 Series,2015,Africa,White,Petrol,Manual,4.7,168874,96275,200,Low
12/31/2010,X6,2010,Europe,Blue,Diesel,Automatic,2.5,43190,63709,3448,Low
12/31/2016,i8,2016,Europe,Blue,Petrol,Manual,2.9,87366,135578,50,Low
12/31/2018,3 Series,2018,Europe,Red,Electric,Automatic,2.9,9026,96550,10715,High
12/31/2014,X6,2014,South America,Silver,Diesel,Automatic,3.4,108314,74199,1951,Low
12/31/2014,i3,2014,North America,Silver,Electric,Automatic,3.5,144303,66058,4538,Low
12/31/2013,M3,2013,Africa,Black,Electric,Manual,2.4,30652,86597,853,Low
12/31/2012,i8,2012,North America,Grey,Electric,Automatic,4.3,38415,156572,50,Low
12/31/2018,M5,2018,Africa,Black,Petrol,Manual,3.2,80469,116647,514,Low
12/31/2014,5 Series,2014,Asia,White,Hybrid,Manual,1.5,113521,61253,7974,High
12/31/2017,X3,2017,Asia,Red,Diesel,Automatic,3.6,161683,64898,8177,High
12/31/2018,M3,2018,Africa,Black,Diesel,Manual,4.3,170761,81914,1569,Low
12/31/2014,M5,2014,North America,Red,Hybrid,Automatic,2.4,86812,109381,1315,Low
12/31/2019,i8,2019,Africa,Grey,Electric,Manual,1.6,177630,123524,376,Low
12/31/2018,5 Series,2018,Europe,Silver,Diesel,Automatic,4.3,138628,86440,7092,High
12/31/2011,M3,2011,South America,Silver,Hybrid,Automatic,4.9,195621,65666,1110,Low
12/31/2018,7 Series,2018,Asia,Silver,Petrol,Manual,1.8,10819,123920,1317,Low
12/31/2020,M5,2020,Middle East,Blue,Petrol,Automatic,4.8,37066,152932,689,Low
12/31/2013,i8,2013,Europe,White,Petrol,Manual,2.8,135541,111936,50,Low
12/31/2015,5 Series,2015,North America,Red,Diesel,Automatic,4.8,149976,70263,6397,High
12/31/2015,M3,2015,Africa,Red,Hybrid,Automatic,3.8,198155,73572,1144,Low
12/31/2015,X3,2015,Europe,Blue,Electric,Automatic,4.6,118835,82968,7851,High
12/31/2011,X6,2011,Europe,Blue,Electric,Manual,4.3,104798,85139,2782,Low
12/31/2016,X1,2016,South America,Red,Electric,Automatic,1.6,26591,72061,5004,High
12/31/2022,X6,2022,North America,Silver,Electric,Manual,1.7,197450,99309,5708,High
12/31/2015,5 Series,2015,Asia,Blue,Hybrid,Automatic,3.3,74822,89022,6652,High
12/31/2020,M5,2020,North America,Grey,Electric,Manual,2,196471,119796,2518,Low
12/31/2023,i8,2023,Asia,Black,Diesel,Manual,3.1,151361,155716,483,Low
12/31/2010,7 Series,2010,South America,Silver,Hybrid,Manual,4.8,46680,104825,50,Low
12/31/2011,X1,2011,South America,Silver,Hybrid,Automatic,2.5,160584,29305,4166,Low
12/31/2016,X5,2016,Africa,Black,Petrol,Automatic,3.2,163885,69350,3242,Low
12/31/2010,X1,2010,Africa,Black,Diesel,Automatic,2.8,127603,25000,3540,Low
12/31/2024,3 Series,2024,Africa,Grey,Electric,Automatic,3.7,78172,122019,6009,High
12/31/2010,3 Series,2010,South America,Grey,Electric,Automatic,2.2,61705,53503,4626,Low
12/31/2010,M3,2010,South America,Silver,Petrol,Manual,2.4,185946,33511,1251,Low
12/31/2017,i8,2017,Europe,Grey,Hybrid,Manual,4.5,71698,156544,50,Low
12/31/2013,X3,2013,South America,Black,Diesel,Automatic,4.3,52050,65570,4828,Low
12/31/2013,i3,2013,Asia,White,Hybrid,Automatic,4.3,93812,72417,4252,Low
12/31/2022,3 Series,2022,North America,Red,Electric,Manual,4.2,195859,94866,9808,High
12/31/2011,5 Series,2011,Europe,Silver,Hybrid,Manual,3.1,178588,46088,6114,High
12/31/2020,i8,2020,North America,Silver,Petrol,Automatic,4.1,138868,144364,235,Low
12/31/2020,i8,2020,North America,Blue,Electric,Automatic,2.9,121794,162041,438,Low
12/31/2020,i3,2020,Europe,White,Petrol,Manual,1.9,87317,68965,4711,Low
12/31/2010,i3,2010,South America,Red,Hybrid,Automatic,2.9,167607,32478,2431,Low
12/31/2021,3 Series,2021,Middle East,Red,Diesel,Automatic,2.1,174549,64548,6731,High
12/31/2019,M5,2019,Africa,Black,Electric,Automatic,2.9,147932,119895,1323,Low
12/31/2018,M5,2018,North America,Red,Petrol,Automatic,2.5,77735,120926,1444,Low
12/31/2016,X3,2016,South America,Silver,Diesel,Manual,3.6,129398,59566,5577,High
12/31/2013,X5,2013,Africa,Blue,Electric,Automatic,2.8,160473,64037,2573,Low
12/31/2021,3 Series,2021,South America,White,Electric,Manual,4,185262,82221,7445,High
12/31/2015,3 Series,2015,Middle East,White,Hybrid,Automatic,3.3,186996,54830,7163,High
12/31/2023,M5,2023,South America,Black,Diesel,Automatic,4.7,163518,129751,1354,Low
12/31/2011,X5,2011,Europe,White,Electric,Automatic,1.8,19285,79523,4442,Low
12/31/2016,3 Series,2016,North America,Red,Electric,Manual,3.9,160677,69129,9498,High
12/31/2011,7 Series,2011,Asia,Black,Petrol,Automatic,3.9,27272,100943,490,Low
12/31/2019,X3,2019,Europe,Blue,Hybrid,Manual,4.8,73315,98661,7731,High
12/31/2017,X6,2017,Asia,White,Petrol,Manual,2.8,5809,107621,3605,Low
12/31/2017,i8,2017,South America,Red,Diesel,Automatic,2.6,136687,116332,50,Low
12/31/2010,M5,2010,Middle East,White,Petrol,Manual,2.1,119523,79675,271,Low
12/31/2022,i3,2022,South America,White,Electric,Automatic,2.4,150367,84672,4281,Low
12/31/2017,5 Series,2017,Europe,Black,Diesel,Manual,3.3,125279,73052,6328,High
12/31/2011,X3,2011,Africa,Silver,Petrol,Automatic,4.4,28797,65300,3334,Low
12/31/2015,7 Series,2015,South America,Red,Diesel,Manual,2.5,11068,98913,362,Low
12/31/2022,X6,2022,Asia,White,Electric,Automatic,2.1,128918,118022,5248,High
12/31/2010,3 Series,2010,North America,Silver,Petrol,Manual,2.5,135705,25125,8373,High
12/31/2014,X6,2014,North America,Black,Petrol,Automatic,1.9,41077,86330,3292,Low
12/31/2020,M3,2020,North America,Black,Petrol,Manual,4.7,44495,121418,2781,Low
12/31/2016,X1,2016,Europe,Black,Diesel,Manual,4.6,138469,55660,8482,High
12/31/2022,M3,2022,Middle East,White,Diesel,Automatic,2.6,18672,124192,2031,Low
12/31/2019,X3,2019,Europe,Blue,Hybrid,Automatic,2.4,110594,82981,8847,High
12/31/2010,3 Series,2010,South America,Black,Hybrid,Automatic,4.7,156140,44938,4632,Low
12/31/2024,7 Series,2024,South America,Silver,Diesel,Manual,1.5,121025,111016,1579,Low
12/31/2011,M3,2011,South America,White,Hybrid,Automatic,3.6,93347,74650,819,Low
12/31/2016,i8,2016,South America,Blue,Petrol,Automatic,4.7,100168,137334,50,Low
12/31/2015,M3,2015,North America,White,Electric,Automatic,3.3,167802,80998,3014,Low
12/31/2012,M5,2012,Europe,White,Hybrid,Automatic,1.5,59607,98993,241,Low
12/31/2023,M5,2023,South America,Silver,Electric,Automatic,2.3,95728,140228,1881,Low
12/31/2019,i8,2019,South America,Grey,Diesel,Automatic,4.7,27611,161093,50,Low
12/31/2011,3 Series,2011,Asia,Red,Diesel,Automatic,1.6,198598,25000,8910,High
12/31/2019,7 Series,2019,Africa,Silver,Electric,Manual,2.9,179289,141125,700,Low
12/31/2013,7 Series,2013,Asia,White,Electric,Manual,4.3,17728,128865,363,Low
12/31/2012,X1,2012,Europe,Grey,Hybrid,Manual,4.4,89704,59025,5915,High
12/31/2016,X5,2016,Middle East,Red,Diesel,Manual,3.2,10092,98082,3290,Low
12/31/2017,5 Series,2017,Africa,Red,Hybrid,Manual,2.3,18024,92880,3317,Low
12/31/2011,i8,2011,North America,Blue,Petrol,Automatic,3.6,116642,110825,50,Low
12/31/2019,5 Series,2019,South America,Black,Hybrid,Manual,2.4,168785,73788,5345,High
12/31/2016,i8,2016,Middle East,Red,Petrol,Manual,2.4,48119,137052,50,Low
12/31/2017,M5,2017,Africa,Black,Hybrid,Automatic,4.3,185045,111367,466,Low
12/31/2015,X6,2015,Middle East,Black,Hybrid,Manual,2,104847,89845,2712,Low
12/31/2015,M5,2015,Asia,Black,Diesel,Automatic,1.5,49710,104672,1583,Low
12/31/2019,5 Series,2019,North America,White,Diesel,Manual,2.7,90226,84621,7021,High
12/31/2010,M3,2010,Middle East,Blue,Petrol,Manual,3.2,178012,44785,1597,Low
12/31/2013,i3,2013,North America,Silver,Diesel,Manual,4,171796,40419,4764,Low
12/31/2023,M5,2023,North America,Black,Electric,Automatic,4.2,55273,176199,2184,Low
12/31/2010,M5,2010,South America,Silver,Diesel,Manual,3.8,69000,89016,50,Low
12/31/2013,M3,2013,Asia,White,Electric,Manual,3.7,169948,74287,2560,Low
12/31/2011,M3,2011,South America,White,Hybrid,Automatic,3.8,151243,63906,988,Low
12/31/2020,X6,2020,Africa,Red,Hybrid,Automatic,2.5,49481,121399,2806,Low
12/31/2022,M3,2022,Middle East,Grey,Electric,Manual,2.8,153774,108997,3059,Low
12/31/2014,X1,2014,Middle East,White,Electric,Automatic,3.7,38099,84439,4236,Low
12/31/2019,X1,2019,South America,Red,Hybrid,Manual,1.7,64425,69148,5999,High
12/31/2023,7 Series,2023,Europe,Silver,Diesel,Manual,2.5,78188,128560,1516,Low
12/31/2018,i3,2018,South America,Silver,Electric,Automatic,2.9,158264,72677,3660,Low
12/31/2020,M3,2020,Africa,Blue,Hybrid,Automatic,3.4,57071,112238,1720,Low
12/31/2024,X5,2024,Africa,Blue,Diesel,Manual,3.2,112990,107042,3183,Low
12/31/2021,7 Series,2021,North America,Blue,Hybrid,Automatic,4,188286,132142,1792,Low
12/31/2019,X6,2019,Middle East,Red,Petrol,Automatic,3.2,88487,109725,2726,Low
12/31/2012,5 Series,2012,Middle East,Silver,Electric,Automatic,4.7,29426,97453,4088,Low
12/31/2017,M5,2017,South America,Black,Petrol,Manual,2.8,147105,95472,841,Low
12/31/2012,i3,2012,Europe,Silver,Hybrid,Manual,3.3,22915,67861,3633,Low
12/31/2015,5 Series,2015,South America,Black,Electric,Automatic,1.5,174769,56275,4680,Low
12/31/2013,M3,2013,Middle East,Red,Hybrid,Automatic,2.6,163065,69215,1622,Low
12/31/2017,5 Series,2017,Asia,Grey,Hybrid,Manual,4.5,127791,89242,6599,High
12/31/2020,i3,2020,South America,Silver,Petrol,Automatic,2.7,65919,81083,3092,Low
12/31/2015,X6,2015,Europe,White,Petrol,Manual,2.4,152677,69625,4359,Low
12/31/2017,i3,2017,North America,Blue,Hybrid,Manual,3.4,30144,94363,5359,High
12/31/2010,M3,2010,North America,White,Hybrid,Manual,1.8,3889,74980,1935,Low
12/31/2015,i8,2015,Middle East,Silver,Electric,Automatic,3.4,179833,142071,50,Low
12/31/2010,i8,2010,Middle East,White,Hybrid,Manual,2.6,101933,119326,50,Low
12/31/2010,5 Series,2010,Middle East,Red,Hybrid,Manual,2.8,88105,58503,4201,Low
12/31/2017,M3,2017,North America,White,Hybrid,Automatic,4.3,186459,94804,2793,Low
12/31/2024,i8,2024,Africa,Blue,Hybrid,Automatic,3.8,83788,170389,483,Low
12/31/2016,i8,2016,North America,Grey,Hybrid,Manual,3.1,154393,134051,50,Low
12/31/2012,i8,2012,Asia,Blue,Hybrid,Manual,3.5,159613,117932,50,Low
12/31/2015,3 Series,2015,Europe,White,Hybrid,Automatic,4.2,89473,79063,8656,High
12/31/2024,7 Series,2024,Asia,Grey,Petrol,Manual,4.1,72928,145910,1937,Low
12/31/2018,M3,2018,Asia,Silver,Diesel,Automatic,2.1,76485,84524,3511,Low
12/31/2016,M3,2016,Europe,Black,Petrol,Automatic,2.6,152252,71073,3135,Low
12/31/2021,X6,2021,Europe,Black,Electric,Manual,2.7,199097,103515,5279,High
12/31/2012,5 Series,2012,Asia,Blue,Diesel,Automatic,2.2,64762,58871,6100,High
12/31/2023,7 Series,2023,Africa,Silver,Petrol,Manual,1.5,113202,109518,1207,Low
12/31/2023,X3,2023,Asia,Red,Electric,Manual,2.1,127568,97050,10771,High
12/31/2022,i8,2022,Africa,Black,Diesel,Automatic,4.3,146687,145045,50,Low
12/31/2015,X3,2015,Europe,Blue,Petrol,Manual,3.4,57824,70592,7397,High
12/31/2020,3 Series,2020,Middle East,Grey,Diesel,Manual,2.7,42157,87331,6323,High
12/31/2013,7 Series,2013,South America,Blue,Electric,Automatic,3.6,171849,89902,168,Low
12/31/2023,X1,2023,Asia,Blue,Electric,Manual,4.1,89948,104097,8129,High
12/31/2022,i8,2022,South America,White,Petrol,Automatic,2.7,58950,161873,50,Low
12/31/2012,7 Series,2012,South America,White,Diesel,Automatic,3.1,191793,65099,349,Low
12/31/2018,5 Series,2018,Europe,Black,Hybrid,Manual,1.7,140835,75042,6719,High
12/31/2019,X1,2019,Africa,Black,Electric,Manual,3.6,76467,87786,4286,Low
12/31/2011,X1,2011,North America,White,Hybrid,Automatic,2.7,128043,37814,7764,High
12/31/2010,i8,2010,Asia,Silver,Diesel,Manual,3,135646,94074,50,Low
12/31/2024,X1,2024,Asia,White,Petrol,Automatic,3,63757,93169,7971,High
12/31/2023,X5,2023,Asia,Red,Petrol,Automatic,3.7,102341,118310,6590,High
12/31/2011,3 Series,2011,South America,Silver,Diesel,Automatic,3.5,26194,54212,4737,Low
12/31/2016,X3,2016,North America,Red,Petrol,Manual,3,66714,73154,8276,High
12/31/2019,X1,2019,Africa,White,Diesel,Automatic,1.6,131073,48176,5195,High
12/31/2010,X1,2010,North America,Black,Diesel,Automatic,3.7,70134,40829,7445,High
12/31/2015,X3,2015,North America,Black,Diesel,Manual,4.6,174126,57266,7981,High
12/31/2023,7 Series,2023,Middle East,Blue,Diesel,Manual,4.2,17596,154290,908,Low
12/31/2016,X6,2016,Middle East,Blue,Diesel,Manual,4.9,25895,117870,2127,Low
12/31/2018,7 Series,2018,Middle East,Red,Diesel,Manual,2,106253,106316,701,Low
12/31/2024,i8,2024,North America,Blue,Diesel,Manual,2.3,57566,173391,376,Low
12/31/2023,i8,2023,Africa,Silver,Hybrid,Manual,3.4,171096,144733,735,Low
12/31/2017,5 Series,2017,North America,Blue,Diesel,Manual,2.3,82629,71503,7220,High
12/31/2015,5 Series,2015,Africa,Grey,Petrol,Manual,1.6,30027,65318,3273,Low
12/31/2012,X1,2012,North America,Red,Petrol,Automatic,2.9,86466,41495,6542,High
12/31/2017,i8,2017,Middle East,Red,Diesel,Automatic,2.5,101998,131522,50,Low
12/31/2016,X5,2016,Europe,Grey,Electric,Automatic,2.4,71921,92304,6003,High
12/31/2012,i8,2012,Africa,Silver,Hybrid,Automatic,4.8,103574,125157,50,Low
12/31/2018,7 Series,2018,South America,Red,Petrol,Automatic,2.3,36288,119240,444,Low
12/31/2021,X5,2021,North America,Grey,Electric,Automatic,2,83022,115214,7058,High
12/31/2011,X1,2011,Middle East,Blue,Diesel,Automatic,1.9,120560,25000,4474,Low
12/31/2012,M3,2012,Africa,White,Petrol,Automatic,4.3,71143,78166,635,Low
12/31/2011,M3,2011,Asia,Red,Electric,Automatic,4,161356,72991,2301,Low
12/31/2022,3 Series,2022,Africa,Grey,Diesel,Manual,2,135589,64714,5466,High
12/31/2010,X5,2010,North America,Black,Diesel,Manual,2.3,156301,36490,5419,High
12/31/2013,7 Series,2013,North America,Grey,Electric,Automatic,4.1,164754,98604,674,Low
12/31/2014,X5,2014,North America,Red,Petrol,Automatic,2.5,130395,64290,5884,High
12/31/2022,X3,2022,Africa,Silver,Hybrid,Automatic,4.9,199668,90479,5997,High
12/31/2015,i8,2015,South America,Blue,Electric,Automatic,3.4,118560,139577,50,Low
12/31/2014,i8,2014,South America,White,Hybrid,Manual,2.2,169900,106942,50,Low
12/31/2010,X5,2010,Asia,Grey,Diesel,Manual,4.5,134659,52220,4785,Low
12/31/2012,3 Series,2012,Europe,Silver,Diesel,Manual,2.6,130841,33068,7873,High
12/31/2010,X1,2010,Middle East,Blue,Diesel,Manual,2.5,136216,25000,4751,Low
12/31/2020,X1,2020,Europe,Blue,Diesel,Automatic,2.6,149730,60191,7143,High
12/31/2014,7 Series,2014,Middle East,Silver,Diesel,Manual,4.2,133365,101315,319,Low
12/31/2014,5 Series,2014,North America,Red,Electric,Automatic,2.1,181457,64178,7451,High
12/31/2021,3 Series,2021,Asia,White,Hybrid,Manual,2.8,169847,79685,9380,High
12/31/2020,i3,2020,Europe,Grey,Hybrid,Manual,1.6,197532,57872,6843,High
12/31/2022,X5,2022,Asia,Silver,Electric,Manual,4.4,164584,120738,6597,High
12/31/2015,X6,2015,Asia,Red,Diesel,Manual,2.7,123271,70393,4404,Low
12/31/2017,i8,2017,South America,White,Hybrid,Automatic,2.4,128451,130342,50,Low
12/31/2019,i3,2019,Europe,White,Hybrid,Automatic,3.5,142670,83666,5250,High
12/31/2021,3 Series,2021,South America,Grey,Electric,Manual,4,35015,115405,5541,High
12/31/2010,3 Series,2010,Africa,Blue,Electric,Manual,4.3,56413,66295,3797,Low
12/31/2013,X1,2013,Asia,White,Hybrid,Manual,2.7,33070,58446,7522,High
12/31/2019,X6,2019,Africa,Grey,Electric,Automatic,4.3,109176,121672,1979,Low
12/31/2020,X3,2020,South America,Black,Petrol,Automatic,3.1,117926,78774,6308,High
12/31/2010,i3,2010,Europe,White,Diesel,Manual,1.9,172247,25000,4855,Low
12/31/2018,7 Series,2018,North America,White,Diesel,Automatic,4.5,101055,53419,2137,Low
12/31/2020,3 Series,2020,Europe,Blue,Diesel,Automatic,3.4,124147,76986,9838,High
12/31/2016,M5,2016,Middle East,Silver,Electric,Automatic,3.6,150667,129974,377,Low
12/31/2016,7 Series,2016,Middle East,Blue,Petrol,Automatic,4.8,101411,126138,194,Low
12/31/2021,3 Series,2021,Europe,Red,Hybrid,Automatic,3.5,55274,103199,9959,High
12/31/2014,M5,2014,Africa,Blue,Electric,Automatic,1.5,11058,119021,50,Low
12/31/2016,M5,2016,Europe,White,Diesel,Manual,4.5,18587,127851,923,Low
12/31/2021,5 Series,2021,Middle East,Silver,Hybrid,Manual,2.5,109715,100876,5041,High
12/31/2024,i3,2024,North America,Blue,Diesel,Manual,3.3,75148,99537,6455,High
12/31/2011,M5,2011,South America,White,Diesel,Automatic,2.2,16557,148895,50,Low
12/31/2023,5 Series,2023,Asia,White,Diesel,Manual,2.5,7084,117859,7605,High
12/31/2022,X1,2022,North America,Silver,Hybrid,Automatic,3.9,9296,116407,7922,High
12/31/2013,X1,2013,South America,Blue,Electric,Automatic,3,81949,57792,3653,Low
12/31/2023,X6,2023,Asia,Black,Diesel,Manual,3.7,172463,103373,5047,High
12/31/2023,3 Series,2023,South America,White,Hybrid,Automatic,4.4,7568,129632,6583,High
12/31/2016,M5,2016,North America,Silver,Petrol,Manual,2.7,189407,88460,1842,Low
12/31/2012,i8,2012,Asia,Grey,Hybrid,Manual,3.5,25387,136576,50,Low
12/31/2011,X5,2011,North America,Black,Electric,Manual,4.2,115323,75730,5518,High
12/31/2019,i3,2019,Middle East,White,Diesel,Automatic,4,26194,97847,3505,Low
12/31/2011,X3,2011,Middle East,White,Electric,Manual,3.4,27720,73740,5062,High
12/31/2022,M5,2022,Europe,Red,Electric,Manual,2.8,166058,140970,2344,Low
12/31/2010,M5,2010,Asia,White,Electric,Automatic,2.9,122431,95757,790,Low
12/31/2014,X6,2014,Europe,Grey,Electric,Manual,3,76761,90747,3479,Low
12/31/2021,M3,2021,Europe,Grey,Diesel,Manual,2.7,127611,96054,2926,Low
12/31/2015,5 Series,2015,Middle East,Blue,Hybrid,Automatic,3.9,157824,81045,4827,Low
12/31/2015,X5,2015,North America,Blue,Electric,Automatic,1.9,183088,67662,5133,High
12/31/2018,X6,2018,Middle East,Blue,Hybrid,Manual,4.9,143122,117210,2688,Low
12/31/2013,M3,2013,Middle East,Blue,Electric,Manual,4.2,16492,110330,187,Low
12/31/2010,5 Series,2010,Europe,Silver,Petrol,Manual,2.5,22646,57525,6385,High
12/31/2015,i3,2015,South America,White,Electric,Manual,1.6,20507,70959,2686,Low
12/31/2024,i3,2024,Africa,Blue,Diesel,Manual,4,101349,96484,3397,Low
12/31/2014,5 Series,2014,Middle East,White,Petrol,Manual,4.1,19870,91563,3865,Low
12/31/2019,5 Series,2019,Europe,Silver,Petrol,Automatic,4.9,176443,89143,6467,High
12/31/2015,X3,2015,South America,Blue,Hybrid,Manual,2.4,175722,52176,4734,Low
12/31/2012,M5,2012,Africa,Black,Electric,Manual,1.8,30260,108916,50,Low
12/31/2011,5 Series,2011,Middle East,Grey,Petrol,Automatic,4.7,130996,64198,3405,Low
12/31/2015,i8,2015,Asia,Red,Hybrid,Manual,2.4,18954,150897,50,Low
12/31/2022,X3,2022,North America,Grey,Electric,Automatic,4,18315,125561,8601,High
12/31/2010,X3,2010,Africa,Black,Petrol,Manual,1.7,196822,25000,3666,Low
12/31/2016,7 Series,2016,Asia,Silver,Petrol,Manual,4.2,175673,100924,1384,Low
12/31/2016,5 Series,2016,South America,White,Diesel,Manual,1.9,97838,62730,4825,Low
12/31/2019,X6,2019,South America,Red,Hybrid,Automatic,3.9,123484,112424,2881,Low
12/31/2022,7 Series,2022,North America,Silver,Electric,Manual,3.4,55309,158769,1551,Low
12/31/2016,i8,2016,South America,Black,Electric,Manual,4.8,132063,138725,50,Low
12/31/2024,X1,2024,North America,Grey,Electric,Automatic,1.6,54143,103802,8657,High
12/31/2021,X6,2021,North America,Grey,Electric,Manual,2.5,84486,116286,5177,High
12/31/2020,M3,2020,North America,Blue,Diesel,Manual,1.7,163766,74620,3808,Low
12/31/2019,i8,2019,Asia,Grey,Petrol,Manual,4.6,158107,145208,91,Low
12/31/2010,5 Series,2010,Europe,Black,Electric,Automatic,3.6,103190,64743,5064,High
12/31/2024,X6,2024,Middle East,Red,Hybrid,Manual,3.4,99209,132337,3716,Low
12/31/2013,5 Series,2013,Asia,Grey,Petrol,Manual,2,32080,66699,7349,High
12/31/2022,5 Series,2022,North America,Silver,Electric,Manual,3.2,143157,61373,1052,Low
12/31/2016,X5,2016,Africa,Black,Hybrid,Automatic,2.9,113725,86758,3112,Low
12/31/2020,i8,2020,North America,White,Electric,Manual,2.6,99086,156184,503,Low
12/31/2018,X5,2018,Asia,Grey,Electric,Manual,4.2,48525,123006,5437,High
12/31/2014,X1,2014,South America,White,Diesel,Manual,1.7,67382,38768,5202,High
12/31/2022,3 Series,2022,Europe,Silver,Diesel,Manual,3.8,63580,93844,10618,High
12/31/2011,7 Series,2011,North America,White,Petrol,Automatic,4.4,186257,82383,671,Low
12/31/2016,X5,2016,North America,Black,Electric,Automatic,4.7,136217,102869,4717,Low
12/31/2019,X1,2019,Asia,Silver,Hybrid,Manual,4.1,31790,96900,8483,High
12/31/2010,M3,2010,Middle East,Red,Diesel,Automatic,2.5,58072,60812,1176,Low
12/31/2016,X5,2016,South America,White,Petrol,Manual,3.6,50087,88407,3120,Low
12/31/2015,X5,2015,South America,Grey,Electric,Manual,2,51626,90219,2951,Low
12/31/2016,7 Series,2016,South America,White,Petrol,Manual,1.9,159168,81637,704,Low
12/31/2023,i3,2023,Middle East,Grey,Hybrid,Automatic,3.7,188162,95302,3920,Low
12/31/2022,7 Series,2022,Africa,Grey,Hybrid,Automatic,4.5,14610,155681,943,Low
12/31/2019,X3,2019,North America,Silver,Hybrid,Manual,1.7,113034,72384,10862,High
12/31/2012,M5,2012,Middle East,Red,Petrol,Automatic,1.9,17279,110904,95,Low
12/31/2024,M3,2024,Europe,Blue,Hybrid,Automatic,3.5,8562,146376,3747,Low
12/31/2012,i3,2012,Middle East,Black,Petrol,Automatic,2.3,128180,39028,3507,Low
12/31/2016,X3,2016,South America,Grey,Hybrid,Automatic,3.6,4077,91742,12281,High
12/31/2022,X3,2022,Europe,Blue,Diesel,Automatic,2.3,47954,96568,8020,High
12/31/2011,i8,2011,North America,Blue,Petrol,Automatic,1.9,60203,107600,50,Low
12/31/2010,5 Series,2010,South America,Silver,Petrol,Manual,3.4,84402,49735,3357,Low
12/31/2018,X6,2018,Middle East,Silver,Petrol,Manual,4.5,196639,88832,2578,Low
12/31/2018,M5,2018,Africa,Grey,Petrol,Automatic,3.9,810,143948,144,Low
12/31/2016,3 Series,2016,North America,Grey,Diesel,Manual,4.4,82437,73150,9916,High
12/31/2016,X5,2016,North America,Silver,Petrol,Automatic,2.4,169117,68090,5496,High
12/31/2012,3 Series,2012,South America,Red,Diesel,Manual,4.6,80457,53250,4814,Low
12/31/2019,7 Series,2019,North America,Black,Hybrid,Automatic,2.8,29341,134212,1510,Low
12/31/2024,X6,2024,North America,Black,Electric,Manual,4.5,125000,142656,4372,Low
12/31/2011,7 Series,2011,South America,Black,Diesel,Manual,3.1,103557,73660,95,Low
12/31/2020,X5,2020,Asia,White,Electric,Automatic,2.4,48876,119212,6173,High
12/31/2016,X5,2016,South America,Grey,Electric,Automatic,2.4,126277,85827,2972,Low
12/31/2018,3 Series,2018,Asia,White,Electric,Manual,3.5,9939,108183,11306,High
12/31/2010,3 Series,2010,Europe,Silver,Petrol,Manual,1.8,7553,44882,8158,High
12/31/2022,X3,2022,Asia,Silver,Hybrid,Automatic,4.8,27137,129932,10560,High
12/31/2023,M3,2023,Europe,Black,Diesel,Manual,2.5,68617,109991,3366,Low
12/31/2013,7 Series,2013,South America,Black,Electric,Manual,2.7,50236,110107,50,Low
12/31/2015,M5,2015,Middle East,Silver,Hybrid,Automatic,2.3,74240,120380,409,Low
12/31/2016,5 Series,2016,Middle East,White,Electric,Manual,1.5,18721,92028,3931,Low
12/31/2019,i3,2019,Middle East,Black,Diesel,Manual,3.9,176878,66004,3453,Low
12/31/2016,X6,2016,South America,White,Petrol,Automatic,3.6,12020,100034,2272,Low
12/31/2019,i3,2019,Middle East,Black,Electric,Manual,4.3,915,114465,4052,Low
12/31/2011,X5,2011,Middle East,White,Electric,Manual,1.6,74975,69230,3564,Low
12/31/2023,i3,2023,Africa,Red,Petrol,Manual,4.8,5687,114797,3025,Low
12/31/2013,X1,2013,Africa,Grey,Hybrid,Automatic,2.7,180240,36270,4379,Low
12/31/2014,i8,2014,Africa,Black,Electric,Automatic,4.7,118438,200000,50,Low
12/31/2023,X3,2023,South America,Blue,Petrol,Automatic,1.9,132565,82144,6304,High
12/31/2021,7 Series,2021,Asia,Grey,Petrol,Automatic,4.1,32900,148005,1336,Low
12/31/2010,7 Series,2010,South America,Red,Hybrid,Automatic,3.5,142144,81408,50,Low
12/31/2010,X1,2010,South America,White,Petrol,Manual,2.8,117470,25000,4799,Low
12/31/2019,i8,2019,Europe,Silver,Petrol,Automatic,1.8,91153,134623,180,Low
12/31/2012,M5,2012,Asia,White,Diesel,Automatic,3.6,88132,101896,950,Low
12/31/2024,7 Series,2024,South America,Black,Electric,Manual,1.6,139325,132424,1560,Low
12/31/2024,M5,2024,South America,White,Petrol,Manual,3.3,130904,137890,1404,Low
12/31/2019,M5,2019,Europe,Blue,Hybrid,Automatic,3.6,21830,145433,1869,Low
12/31/2012,X3,2012,Asia,Grey,Hybrid,Manual,4.1,166285,54606,8662,High
12/31/2021,X6,2021,Europe,Grey,Diesel,Automatic,5,15238,129977,4241,Low
12/31/2017,7 Series,2017,Africa,Black,Diesel,Manual,2.4,154717,80057,684,Low
12/31/2018,M5,2018,Asia,White,Diesel,Automatic,2.6,53648,129130,1681,Low
12/31/2024,X6,2024,Europe,Red,Diesel,Automatic,2.7,192995,103252,4580,Low
12/31/2023,X1,2023,Middle East,Silver,Petrol,Manual,4.1,123710,91713,6428,High
12/31/2020,7 Series,2020,Middle East,White,Diesel,Automatic,4.8,163723,123344,723,Low
12/31/2021,X1,2021,South America,Black,Electric,Manual,4.9,93841,99812,5849,High
12/31/2010,X6,2010,Europe,Red,Hybrid,Manual,4.8,187542,33656,3276,Low
12/31/2023,X6,2023,Africa,Blue,Petrol,Automatic,4.6,67096,135377,2346,Low
12/31/2020,5 Series,2020,Africa,Red,Diesel,Manual,5,40747,105458,3395,Low
12/31/2011,i3,2011,Middle East,Silver,Petrol,Manual,2.8,188003,25000,2746,Low
12/31/2019,i3,2019,Middle East,Black,Petrol,Manual,4.8,74644,91560,3567,Low
12/31/2011,5 Series,2011,South America,Grey,Electric,Automatic,4.2,188015,57639,3420,Low
12/31/2024,i8,2024,North America,Blue,Petrol,Manual,2.1,36845,171045,362,Low
12/31/2013,X6,2013,Africa,White,Electric,Automatic,1.7,140060,71437,1632,Low
12/31/2011,M5,2011,North America,White,Hybrid,Manual,2.3,110139,88535,964,Low
12/31/2016,X5,2016,Africa,White,Hybrid,Automatic,4.2,171911,79585,2503,Low
12/31/2022,X6,2022,South America,Black,Diesel,Automatic,3.7,28789,131022,2369,Low
12/31/2024,M3,2024,North America,Grey,Petrol,Automatic,2.3,113156,110843,4037,Low
12/31/2018,M3,2018,Middle East,Black,Electric,Manual,4.1,33473,125145,2159,Low
12/31/2016,i8,2016,Europe,Black,Hybrid,Manual,2,188595,115357,50,Low
12/31/2021,i3,2021,Europe,Blue,Electric,Manual,4.4,67990,107365,4610,Low
12/31/2015,X5,2015,Africa,Black,Electric,Manual,4.3,192897,76655,2391,Low
12/31/2024,X5,2024,North America,Black,Hybrid,Automatic,4.9,197845,117555,6471,High
12/31/2019,M5,2019,Africa,White,Petrol,Automatic,2,176980,97918,977,Low
12/31/2010,3 Series,2010,Middle East,Black,Electric,Automatic,4.7,88171,68941,4952,Low
12/31/2020,5 Series,2020,Middle East,Silver,Petrol,Manual,2.7,181883,72468,5257,High
12/31/2019,X5,2019,Middle East,Red,Diesel,Automatic,3,79280,100207,4098,Low
12/31/2018,M3,2018,Middle East,Red,Electric,Automatic,3.1,138704,105653,2416,Low
12/31/2014,X6,2014,Africa,White,Petrol,Automatic,3.7,170151,69316,1774,Low
12/31/2020,i3,2020,South America,Silver,Diesel,Manual,5,160956,79008,3413,Low
12/31/2014,X1,2014,Africa,Blue,Diesel,Manual,3.6,59166,54317,3436,Low
12/31/2015,7 Series,2015,South America,Black,Hybrid,Manual,4.7,172120,97466,369,Low
12/31/2018,X6,2018,Middle East,Blue,Electric,Manual,2.4,20504,126228,3072,Low
12/31/2022,X1,2022,South America,Black,Electric,Manual,2.9,146385,83085,6278,High
12/31/2017,X6,2017,Asia,Grey,Petrol,Manual,3.3,141407,83639,4577,Low
12/31/2017,i3,2017,North America,Red,Hybrid,Automatic,2.6,198777,58080,5502,High
12/31/2023,M5,2023,North America,Black,Petrol,Automatic,4.9,76473,154337,1568,Low
12/31/2017,7 Series,2017,Middle East,White,Hybrid,Automatic,4,132668,127060,392,Low
12/31/2010,X1,2010,South America,Blue,Electric,Manual,3.2,132423,35400,3843,Low
12/31/2010,5 Series,2010,Africa,Silver,Diesel,Automatic,4.1,194542,34940,3178,Low
12/31/2017,i3,2017,Europe,Black,Diesel,Automatic,3.1,187759,48425,4783,Low
12/31/2014,X5,2014,Africa,White,Petrol,Automatic,1.6,49285,69548,2394,Low
12/31/2018,3 Series,2018,North America,White,Hybrid,Automatic,3.4,117878,82611,11455,High
12/31/2011,5 Series,2011,Middle East,Black,Petrol,Automatic,3.7,83478,64412,3541,Low
12/31/2018,X3,2018,North America,Grey,Diesel,Automatic,4.9,117838,84272,7945,High
12/31/2021,M3,2021,Africa,Red,Diesel,Automatic,1.6,133077,80927,1835,Low
12/31/2023,i8,2023,Middle East,Silver,Petrol,Manual,3.3,107171,157152,141,Low
12/31/2017,X5,2017,South America,White,Hybrid,Manual,1.8,33730,88803,3248,Low
12/31/2018,M5,2018,Europe,Black,Hybrid,Manual,2,80299,119257,2073,Low
12/31/2013,i3,2013,South America,Silver,Electric,Manual,3.6,57052,70474,2645,Low
12/31/2010,X6,2010,North America,Grey,Petrol,Automatic,2.3,36928,70531,2864,Low
12/31/2010,X6,2010,Middle East,Grey,Electric,Automatic,4.1,36576,97229,1760,Low
12/31/2014,i8,2014,Asia,Black,Diesel,Manual,3.3,97463,123097,50,Low
12/31/2011,X6,2011,North America,Black,Electric,Manual,2.3,50877,80022,3143,Low
12/31/2023,X6,2023,North America,Silver,Electric,Automatic,3.2,78868,136896,4333,Low
12/31/2017,i3,2017,North America,White,Diesel,Manual,1.5,51802,61925,5743,High
12/31/2019,i8,2019,Middle East,Silver,Electric,Manual,4.5,127489,174646,50,Low
12/31/2020,i8,2020,North America,Grey,Hybrid,Automatic,1.5,44423,165598,406,Low
12/31/2014,M5,2014,South America,Blue,Diesel,Manual,1.5,113035,84163,691,Low
12/31/2014,i3,2014,Africa,Blue,Diesel,Automatic,3.6,79509,56325,2649,Low
12/31/2011,X6,2011,North America,Silver,Diesel,Automatic,4.9,157704,67137,3094,Low
12/31/2016,M5,2016,South America,Black,Petrol,Manual,4.5,94117,116153,500,Low
12/31/2022,i8,2022,Asia,Black,Electric,Manual,2.4,188252,150230,926,Low
12/31/2017,X1,2017,Africa,White,Petrol,Manual,2.2,27394,65698,4124,Low
12/31/2019,i3,2019,North America,White,Diesel,Manual,3.7,193365,59480,4822,Low
12/31/2022,X3,2022,Middle East,Black,Electric,Automatic,4.4,10051,136256,5340,High
12/31/2010,i3,2010,Asia,Grey,Diesel,Automatic,2.8,169948,25000,4634,Low
12/31/2011,i8,2011,Asia,Silver,Electric,Manual,3,13288,139565,50,Low
12/31/2019,3 Series,2019,North America,Grey,Electric,Manual,1.9,182732,65332,10810,High
12/31/2013,X6,2013,Africa,White,Electric,Manual,2,81535,79524,1596,Low
12/31/2014,3 Series,2014,Africa,Silver,Diesel,Manual,3.5,177538,35359,5091,High
12/31/2022,i3,2022,Asia,Blue,Petrol,Manual,1.9,1751,91237,5136,High
12/31/2011,3 Series,2011,Africa,Silver,Hybrid,Automatic,2.2,145543,34200,5279,High
12/31/2010,3 Series,2010,South America,White,Petrol,Manual,2.3,3687,43913,4975,Low
12/31/2018,i3,2018,Europe,Black,Petrol,Manual,3.1,109550,65403,4660,Low
12/31/2023,M3,2023,Africa,White,Electric,Manual,1.7,39623,122554,2087,Low
12/31/2010,M3,2010,North America,Grey,Diesel,Automatic,3.2,37037,68349,2088,Low
12/31/2022,M5,2022,Asia,Black,Diesel,Manual,4.8,27686,154328,1515,Low
12/31/2024,X6,2024,Asia,Grey,Petrol,Automatic,1.6,57147,117940,4422,Low
12/31/2013,X6,2013,Middle East,Silver,Diesel,Manual,3.7,39037,87335,2441,Low
12/31/2011,X1,2011,Middle East,Blue,Electric,Manual,4.4,26567,73211,4935,Low
12/31/2020,X1,2020,South America,White,Electric,Automatic,2.6,178938,66513,5934,High
12/31/2013,X6,2013,Middle East,Grey,Diesel,Automatic,2,164991,58621,2913,Low
12/31/2017,5 Series,2017,North America,White,Petrol,Automatic,1.7,79308,76451,7857,High
12/31/2017,7 Series,2017,North America,Black,Diesel,Automatic,3.8,146360,105620,1428,Low
12/31/2024,5 Series,2024,Asia,Grey,Diesel,Manual,3.4,58539,119501,6488,High
12/31/2020,X6,2020,Middle East,White,Petrol,Manual,2.3,184654,84024,3435,Low
12/31/2021,M5,2021,South America,Grey,Electric,Manual,4.4,108844,153353,1185,Low
12/31/2018,i8,2018,Europe,Grey,Petrol,Automatic,4.1,20655,166819,50,Low
12/31/2022,X3,2022,South America,Red,Petrol,Manual,2.5,154845,71325,5162,High
12/31/2024,3 Series,2024,Asia,Red,Petrol,Manual,4.1,136718,97921,11352,High
12/31/2020,X6,2020,Middle East,White,Petrol,Automatic,2.4,116615,102026,2964,Low
12/31/2024,7 Series,2024,North America,Blue,Diesel,Automatic,3.9,114349,145694,223,Low
12/31/2021,X3,2021,Africa,Black,Diesel,Automatic,1.9,8700,91360,4190,Low
12/31/2014,X6,2014,Middle East,Black,Petrol,Automatic,3.9,137550,81424,2170,Low
12/31/2016,5 Series,2016,Africa,Silver,Electric,Automatic,2.3,155365,67982,3834,Low
12/31/2012,X1,2012,South America,Silver,Petrol,Manual,3.5,32166,51047,4364,Low
12/31/2019,M3,2019,South America,Blue,Electric,Automatic,2.1,112289,98887,2417,Low
12/31/2013,7 Series,2013,Middle East,Silver,Electric,Manual,4,152867,100214,137,Low
12/31/2019,M3,2019,North America,Blue,Hybrid,Manual,1.7,21523,109973,3227,Low
12/31/2018,i8,2018,Middle East,Silver,Hybrid,Manual,2.1,75627,147202,61,Low
12/31/2019,5 Series,2019,South America,Silver,Electric,Automatic,2.1,88588,93318,4566,Low
12/31/2019,X1,2019,Africa,Red,Hybrid,Automatic,1.6,69163,71770,4319,Low
12/31/2023,7 Series,2023,South America,Silver,Hybrid,Automatic,4.1,1580,164455,1014,Low
12/31/2021,7 Series,2021,Middle East,Red,Diesel,Manual,4.9,154132,122868,1112,Low
12/31/2010,M5,2010,Asia,Blue,Diesel,Manual,4.2,137070,85014,1145,Low
12/31/2011,X1,2011,Middle East,Silver,Petrol,Automatic,4.5,25133,63662,3785,Low
12/31/2014,X1,2014,Africa,Red,Hybrid,Manual,1.5,17154,56733,3642,Low
12/31/2012,7 Series,2012,Africa,Black,Electric,Automatic,1.9,178901,73954,97,Low
12/31/2011,7 Series,2011,Asia,Red,Hybrid,Automatic,3.5,71260,98038,551,Low
12/31/2010,i3,2010,Africa,Silver,Petrol,Manual,4.9,97703,44930,1893,Low
12/31/2019,X3,2019,Europe,Blue,Petrol,Automatic,3.8,102109,83622,9034,High
12/31/2012,i3,2012,Africa,Black,Petrol,Manual,2.8,48471,49441,2456,Low
12/31/2010,5 Series,2010,Asia,Silver,Electric,Automatic,2,166232,44576,6610,High
12/31/2021,i3,2021,South America,Silver,Electric,Automatic,2,147889,77823,4607,Low
12/31/2010,3 Series,2010,South America,Silver,Electric,Manual,2.8,1171,30551,4749,Low
12/31/2021,i8,2021,South America,Grey,Diesel,Automatic,4,98086,157547,50,Low
12/31/2010,M3,2010,South America,Blue,Hybrid,Automatic,1.6,134293,50323,2778,Low
12/31/2017,7 Series,2017,Europe,Blue,Petrol,Manual,4.5,52604,118074,1010,Low
12/31/2024,5 Series,2024,Asia,White,Diesel,Manual,4.8,97362,112684,7945,High
12/31/2012,X6,2012,Asia,White,Electric,Manual,4.6,93215,91068,3808,Low
12/31/2020,5 Series,2020,Asia,White,Petrol,Automatic,4.7,86388,106120,8074,High
12/31/2010,X5,2010,North America,White,Electric,Manual,1.6,92914,58542,4947,Low
12/31/2016,M5,2016,Africa,Red,Electric,Manual,4.9,1049,141886,50,Low
12/31/2019,X1,2019,Asia,Silver,Petrol,Manual,2.8,16683,77037,8254,High
12/31/2012,M5,2012,South America,Blue,Hybrid,Automatic,4.5,57607,119935,50,Low
12/31/2017,X3,2017,North America,Black,Electric,Manual,2.2,187708,62999,8770,High
12/31/2013,X3,2013,Asia,Red,Diesel,Manual,3.1,85770,51085,9871,High
12/31/2013,i3,2013,North America,White,Petrol,Manual,1.7,84711,41588,5083,High
12/31/2014,7 Series,2014,Africa,Silver,Diesel,Manual,1.6,16911,86679,219,Low
12/31/2015,5 Series,2015,Africa,Grey,Hybrid,Automatic,4.8,129992,84988,3533,Low
12/31/2016,i3,2016,Middle East,White,Hybrid,Automatic,4.3,82792,88248,2910,Low
12/31/2023,i8,2023,Asia,Silver,Electric,Manual,3.4,159683,158205,1001,Low
12/31/2023,X1,2023,South America,Blue,Diesel,Automatic,3.3,88778,85462,5257,High
12/31/2013,i8,2013,Africa,Red,Diesel,Manual,4.1,19209,124752,50,Low
12/31/2017,X6,2017,South America,Blue,Electric,Manual,2.7,175354,82662,2791,Low
12/31/2022,3 Series,2022,Africa,Black,Diesel,Manual,4.2,85562,87281,5778,High
12/31/2015,X3,2015,Europe,White,Diesel,Automatic,3.2,138716,52273,9386,High
12/31/2023,7 Series,2023,Europe,Blue,Petrol,Automatic,3.7,59944,144343,1343,Low
12/31/2010,i3,2010,Middle East,White,Diesel,Automatic,4.9,27140,66614,2811,Low
12/31/2010,i8,2010,Europe,Blue,Petrol,Manual,3.1,86018,105619,50,Low
12/31/2018,M5,2018,Middle East,Silver,Hybrid,Manual,3,113100,130608,1173,Low
12/31/2019,7 Series,2019,Middle East,Silver,Hybrid,Manual,4.7,73167,137379,874,Low
12/31/2015,X1,2015,Middle East,Grey,Electric,Automatic,4.7,166760,70734,5584,High
12/31/2019,X6,2019,Africa,Grey,Diesel,Manual,5,173339,52499,2583,Low
12/31/2017,M3,2017,North America,White,Diesel,Automatic,3.4,138135,86057,3114,Low
12/31/2022,M3,2022,South America,White,Petrol,Manual,2.7,127141,96850,1972,Low
12/31/2016,3 Series,2016,South America,Grey,Diesel,Manual,2.3,184897,33861,6924,High
12/31/2021,X1,2021,Europe,Grey,Petrol,Manual,1.6,112957,61571,7463,High
12/31/2015,X3,2015,Asia,Black,Electric,Automatic,4,138501,76811,7918,High
12/31/2013,i3,2013,Asia,Red,Hybrid,Manual,2.3,70418,56150,4811,Low
12/31/2016,7 Series,2016,Asia,White,Petrol,Automatic,3.6,174117,91513,1396,Low
12/31/2018,X6,2018,Middle East,Blue,Petrol,Manual,4.7,20951,124198,2608,Low
12/31/2023,M5,2023,Europe,White,Electric,Manual,4.8,79142,165284,2065,Low
12/31/2020,X6,2020,Europe,Red,Electric,Manual,1.5,106259,104164,4241,Low
12/31/2019,M3,2019,Europe,Black,Diesel,Automatic,2.6,62167,100150,3019,Low
12/31/2019,X5,2019,Africa,Silver,Electric,Automatic,4.4,105015,115056,3293,Low
12/31/2023,5 Series,2023,Middle East,White,Electric,Manual,3.4,182710,105908,5502,High
12/31/2016,X3,2016,Africa,Grey,Hybrid,Manual,4.3,148858,68499,3843,Low
12/31/2010,X6,2010,North America,Red,Petrol,Automatic,4.5,167041,61991,3372,Low
12/31/2019,7 Series,2019,Africa,Red,Electric,Manual,3,113379,116622,1078,Low
12/31/2018,7 Series,2018,South America,Silver,Petrol,Manual,2.8,141922,98906,815,Low
12/31/2022,i8,2022,Africa,Black,Electric,Manual,3.1,90246,161088,282,Low
12/31/2013,X5,2013,Europe,Black,Petrol,Manual,3.8,81565,72970,5167,High
12/31/2024,X6,2024,Europe,Black,Petrol,Manual,2.8,169254,107693,4615,Low
12/31/2012,i3,2012,Asia,Blue,Petrol,Automatic,4.2,125866,50931,5060,High
12/31/2013,X5,2013,Middle East,Black,Hybrid,Automatic,4.7,42903,101500,2659,Low
12/31/2013,M5,2013,Middle East,Silver,Hybrid,Automatic,2.5,156045,96749,452,Low
12/31/2022,i8,2022,North America,Black,Petrol,Manual,4.9,29711,182754,50,Low
12/31/2019,X5,2019,Asia,Blue,Electric,Automatic,3.7,54559,117721,6803,High
12/31/2020,M3,2020,Africa,Black,Diesel,Automatic,4.6,148915,92956,1744,Low
12/31/2011,5 Series,2011,Africa,Blue,Hybrid,Automatic,1.9,38726,66436,2462,Low
12/31/2023,5 Series,2023,South America,Grey,Hybrid,Automatic,2.4,16216,127681,4664,Low
12/31/2021,7 Series,2021,Africa,Red,Hybrid,Automatic,2.6,140374,116630,1451,Low
12/31/2023,X6,2023,Middle East,Grey,Diesel,Automatic,2.6,63745,126975,2963,Low
12/31/2010,7 Series,2010,Middle East,Red,Electric,Automatic,2.1,138184,83426,50,Low
12/31/2021,i3,2021,Asia,Black,Diesel,Automatic,4.5,64489,94451,6192,High
12/31/2019,i3,2019,Africa,Silver,Electric,Manual,3,95274,84905,3194,Low
12/31/2021,M3,2021,North America,Blue,Electric,Automatic,4.9,160469,123352,2986,Low
12/31/2010,3 Series,2010,South America,Grey,Hybrid,Automatic,3.5,10257,63703,4907,Low
12/31/2022,X5,2022,North America,Grey,Petrol,Manual,2,44457,107338,5992,High
12/31/2023,X3,2023,South America,Silver,Diesel,Automatic,3.4,24188,105481,4897,Low
12/31/2017,i3,2017,Africa,Silver,Electric,Manual,5,40126,103046,2396,Low
12/31/2023,i8,2023,Europe,Grey,Diesel,Automatic,3.5,194669,151475,597,Low
12/31/2011,7 Series,2011,North America,Red,Diesel,Manual,1.5,176214,56841,1114,Low
12/31/2021,M3,2021,North America,Black,Electric,Manual,4.8,65288,136916,3143,Low
12/31/2019,X5,2019,Europe,Red,Diesel,Automatic,2.3,176346,72066,6646,High
12/31/2014,X3,2014,North America,Grey,Petrol,Manual,3.9,35809,75825,7344,High
12/31/2021,X3,2021,North America,Grey,Diesel,Manual,3.3,77448,85613,9903,High
12/31/2013,M3,2013,Europe,Silver,Petrol,Automatic,2.6,68752,70427,2220,Low
12/31/2017,i8,2017,Africa,White,Petrol,Manual,2.5,139012,113754,50,Low
12/31/2011,M3,2011,Asia,Red,Petrol,Automatic,4.8,139661,70641,2202,Low
12/31/2019,X5,2019,North America,Silver,Electric,Manual,4.7,78545,187472,5045,High
12/31/2018,3 Series,2018,Africa,Red,Hybrid,Automatic,3.3,14999,92310,5899,High
12/31/2016,3 Series,2016,Asia,Blue,Hybrid,Manual,2.4,62110,73277,11044,High
12/31/2024,5 Series,2024,South America,Grey,Diesel,Automatic,1.9,197310,126814,4231,Low
12/31/2022,i3,2022,Asia,Blue,Hybrid,Automatic,2,162969,81145,6855,High
12/31/2016,7 Series,2016,Asia,Black,Hybrid,Automatic,3.3,17919,134491,861,Low
12/31/2010,M5,2010,Middle East,Black,Electric,Manual,2.6,90896,101211,50,Low
12/31/2023,X5,2023,Middle East,Grey,Diesel,Automatic,1.6,184579,81139,4887,Low
12/31/2021,i3,2021,North America,Red,Electric,Automatic,3.1,29830,111434,6236,High
12/31/2011,5 Series,2011,Middle East,White,Hybrid,Automatic,4.1,40578,87358,3732,Low
12/31/2013,X5,2013,North America,Blue,Diesel,Automatic,4.6,28584,88288,4933,Low
12/31/2013,3 Series,2013,Asia,White,Electric,Automatic,3.5,138974,59267,9864,High
12/31/2020,7 Series,2020,South America,Blue,Electric,Manual,4,144276,128948,1250,Low
12/31/2023,M3,2023,Asia,Silver,Electric,Manual,2.8,50235,139225,3806,Low
12/31/2012,M5,2012,North America,Silver,Hybrid,Manual,3.2,100346,106986,914,Low
12/31/2016,5 Series,2016,South America,Blue,Electric,Automatic,4.1,108797,90232,4257,Low
12/31/2021,i3,2021,Middle East,Red,Hybrid,Manual,4,131917,98116,4420,Low
12/31/2017,i3,2017,Europe,Red,Diesel,Manual,3,173611,46741,4945,Low
12/31/2011,7 Series,2011,South America,Grey,Hybrid,Automatic,3.4,180681,79459,50,Low
12/31/2013,M3,2013,Middle East,Silver,Petrol,Manual,4.7,63853,89994,232,Low
12/31/2023,X6,2023,North America,Blue,Petrol,Automatic,3.7,78012,128956,4882,Low
12/31/2012,7 Series,2012,Middle East,Blue,Hybrid,Manual,3.7,90671,106383,50,Low
12/31/2011,X5,2011,North America,Blue,Electric,Automatic,4.2,101260,85887,5470,High
12/31/2021,M3,2021,Europe,Grey,Petrol,Manual,1.9,29832,104774,3186,Low
12/31/2022,X5,2022,South America,Black,Electric,Manual,3.3,19150,135535,4484,Low
12/31/2023,i3,2023,North America,Grey,Diesel,Manual,4.9,70322,110589,4586,Low
12/31/2015,i8,2015,South America,Red,Hybrid,Automatic,2.8,46529,138503,50,Low
12/31/2022,X6,2022,North America,Black,Electric,Automatic,2.5,141260,112414,5132,High
12/31/2013,X6,2013,North America,Silver,Petrol,Manual,3.6,108375,75247,3424,Low
12/31/2015,5 Series,2015,Asia,Blue,Electric,Automatic,2.3,150305,73917,7491,High
12/31/2011,3 Series,2011,North America,White,Diesel,Automatic,3.4,59597,52515,8733,High
12/31/2021,X3,2021,Europe,Black,Electric,Manual,2,38553,104611,9103,High
12/31/2013,M5,2013,North America,White,Diesel,Manual,3.5,182588,87022,1516,Low
12/31/2020,X6,2020,Asia,Silver,Hybrid,Manual,3.6,144064,105338,5569,High
12/31/2015,X6,2015,Asia,White,Petrol,Automatic,3,65628,91900,4153,Low
12/31/2023,M5,2023,Africa,Grey,Electric,Manual,2.8,131595,140020,1644,Low
12/31/2014,X3,2014,Asia,Grey,Electric,Automatic,2.4,103684,65708,7562,High
12/31/2012,M5,2012,Asia,Red,Hybrid,Automatic,2.7,132411,99717,1157,Low
12/31/2017,i3,2017,Middle East,Black,Petrol,Manual,3.2,82738,68400,3037,Low
12/31/2016,X1,2016,Asia,Black,Hybrid,Automatic,2.4,195379,46936,7783,High
12/31/2012,X5,2012,Europe,Red,Diesel,Manual,4.2,127208,63995,4489,Low
12/31/2015,X5,2015,South America,Silver,Electric,Automatic,4,162870,81734,3065,Low
12/31/2013,X5,2013,North America,Blue,Electric,Manual,2.4,108102,75388,5990,High
12/31/2020,X6,2020,Africa,Silver,Hybrid,Manual,1.8,175714,88218,2686,Low
12/31/2014,3 Series,2014,North America,Grey,Electric,Automatic,1.5,45894,69127,10010,High
12/31/2020,X6,2020,South America,Red,Diesel,Manual,3.6,139054,97184,2469,Low
12/31/2014,X3,2014,Europe,Blue,Electric,Automatic,2.2,27608,83185,6818,High
12/31/2016,i8,2016,Asia,White,Hybrid,Automatic,1.5,59487,138428,50,Low
12/31/2020,X3,2020,Middle East,Blue,Diesel,Manual,2.8,119934,75204,6969,High
12/31/2014,M5,2014,Africa,Silver,Electric,Manual,4.9,62363,129056,50,Low
12/31/2020,X1,2020,South America,Silver,Electric,Automatic,3.9,117930,88068,6089,High
12/31/2024,X6,2024,North America,Blue,Petrol,Manual,4.5,132091,130832,4815,Low
12/31/2012,M5,2012,Africa,White,Petrol,Automatic,2,34777,98325,50,Low
12/31/2019,X6,2019,North America,Blue,Hybrid,Automatic,1.8,158776,88351,5032,High
12/31/2014,X1,2014,North America,Blue,Hybrid,Manual,1.5,195785,27672,8106,High
12/31/2016,X1,2016,Africa,Black,Electric,Manual,4.8,45280,88498,3160,Low
12/31/2014,i3,2014,Middle East,Silver,Hybrid,Automatic,2.6,178760,49382,3374,Low
12/31/2014,X6,2014,Africa,Red,Hybrid,Automatic,3.1,140706,81748,1458,Low
12/31/2018,i3,2018,North America,Grey,Diesel,Manual,2.9,195269,47259,5402,High
12/31/2024,i3,2024,Africa,White,Electric,Automatic,4.1,120771,109705,4068,Low
12/31/2012,X1,2012,Middle East,Grey,Petrol,Manual,2.6,186565,25000,4675,Low
12/31/2022,i3,2022,Asia,Black,Hybrid,Automatic,3.4,102496,97896,5261,High
12/31/2015,X1,2015,Africa,Grey,Diesel,Automatic,5,135107,56109,4234,Low
12/31/2010,i3,2010,Middle East,Grey,Hybrid,Manual,3.1,35552,60316,2410,Low
12/31/2019,X6,2019,Middle East,Black,Petrol,Manual,3.4,92464,102347,2393,Low
12/31/2014,i8,2014,Africa,Silver,Petrol,Manual,3.3,34819,176779,50,Low
12/31/2017,7 Series,2017,Asia,Silver,Electric,Manual,4.3,104148,123527,1126,Low
12/31/2014,M5,2014,Europe,Red,Electric,Manual,2.4,67611,114656,841,Low
12/31/2018,M5,2018,Africa,White,Diesel,Manual,2.1,149567,89988,1070,Low
12/31/2020,3 Series,2020,Asia,Silver,Electric,Manual,4.1,106246,101551,9714,High
12/31/2015,X6,2015,North America,Silver,Hybrid,Automatic,3,107079,138562,2623,Low
12/31/2017,X1,2017,Middle East,Silver,Petrol,Automatic,4.7,173195,62514,5251,High
12/31/2019,7 Series,2019,Asia,Blue,Hybrid,Automatic,3.8,122706,133678,1642,Low
12/31/2017,X5,2017,Europe,Silver,Electric,Manual,3.5,42153,104732,6032,High
12/31/2022,X3,2022,Europe,Grey,Hybrid,Manual,1.7,5363,110070,8036,High
12/31/2012,M3,2012,Asia,Red,Diesel,Manual,4.1,138661,63883,2714,Low
12/31/2016,X6,2016,Asia,Black,Hybrid,Manual,3.9,68881,110112,4157,Low
12/31/2023,X1,2023,Africa,Black,Petrol,Manual,3.7,153279,77737,4501,Low
12/31/2016,7 Series,2016,Europe,Red,Electric,Manual,2.4,22309,121236,785,Low
12/31/2023,X1,2023,Europe,Red,Electric,Automatic,4.8,135263,103009,8398,High
12/31/2019,M3,2019,Europe,Grey,Petrol,Automatic,2.6,120378,90617,3242,Low
12/31/2021,i8,2021,South America,Red,Hybrid,Manual,2,85853,151786,385,Low
12/31/2015,X5,2015,South America,White,Hybrid,Manual,5,65439,99634,3046,Low
12/31/2021,5 Series,2021,Europe,Black,Electric,Automatic,4.1,17969,127984,7044,High
12/31/2016,5 Series,2016,Africa,Silver,Diesel,Manual,3,75460,74505,3827,Low
12/31/2023,M3,2023,Africa,Red,Petrol,Manual,4.8,111994,113918,2074,Low
12/31/2011,i3,2011,North America,Red,Diesel,Automatic,1.8,137194,25000,4849,Low
12/31/2018,M3,2018,South America,Black,Electric,Automatic,1.8,30408,104447,2137,Low
12/31/2019,X5,2019,South America,Silver,Diesel,Manual,3.9,92034,96137,3390,Low
12/31/2019,M5,2019,Middle East,White,Electric,Manual,2.1,27574,148994,1010,Low
12/31/2010,i3,2010,Asia,Silver,Petrol,Automatic,4.7,150290,41906,5071,High
12/31/2010,3 Series,2010,Asia,Blue,Diesel,Automatic,4.4,187115,29601,10391,High
12/31/2012,X1,2012,Asia,Silver,Hybrid,Manual,2.6,61457,52225,7824,High
12/31/2023,X3,2023,Middle East,White,Petrol,Manual,4.6,17053,127767,6198,High
12/31/2024,X1,2024,Europe,Silver,Petrol,Automatic,1.7,174062,64966,8872,High
12/31/2012,i3,2012,South America,Black,Diesel,Manual,3.4,144435,33301,2918,Low
12/31/2010,i3,2010,Africa,Blue,Diesel,Automatic,4.8,95483,45240,2004,Low
12/31/2021,X3,2021,Asia,Grey,Diesel,Manual,4.5,45559,107381,7870,High
12/31/2016,M5,2016,North America,Blue,Petrol,Automatic,2.7,33607,124532,1226,Low
12/31/2013,7 Series,2013,South America,Red,Diesel,Manual,2.1,160757,64600,581,Low
12/31/2019,M3,2019,Europe,Black,Diesel,Automatic,2.2,189072,68738,3737,Low
12/31/2022,M5,2022,South America,Red,Hybrid,Automatic,3.3,47762,149618,1199,Low
12/31/2011,7 Series,2011,North America,Black,Electric,Manual,3.6,90295,99222,506,Low
12/31/2019,M5,2019,North America,Red,Hybrid,Manual,1.6,199693,100798,2727,Low
12/31/2014,5 Series,2014,Asia,Silver,Diesel,Manual,2.9,136975,57204,6233,High
12/31/2015,7 Series,2015,Middle East,Silver,Petrol,Automatic,4.4,91838,113078,525,Low
12/31/2018,7 Series,2018,North America,Red,Hybrid,Automatic,3.1,43598,132977,1438,Low
12/31/2013,5 Series,2013,Africa,Red,Diesel,Automatic,2.1,69137,59016,3278,Low
12/31/2011,X1,2011,South America,Red,Petrol,Manual,4.8,26599,57778,3438,Low
12/31/2014,3 Series,2014,South America,Grey,Petrol,Manual,2.4,167646,32990,5593,High
12/31/2012,i3,2012,Middle East,Grey,Electric,Automatic,4.3,103664,74102,2356,Low
12/31/2011,X1,2011,Middle East,Black,Hybrid,Manual,2.2,171559,26026,4913,Low
12/31/2021,M5,2021,Asia,Red,Electric,Manual,3,25928,162644,1928,Low
12/31/2010,7 Series,2010,Africa,Black,Diesel,Manual,3.2,130935,62724,50,Low
12/31/2019,i3,2019,Europe,White,Hybrid,Manual,3.3,27455,95019,4728,Low
12/31/2011,X1,2011,Middle East,Silver,Electric,Manual,3.3,179829,35208,5303,High
12/31/2015,3 Series,2015,North America,Red,Petrol,Automatic,2.3,17893,72951,9932,High
12/31/2017,i8,2017,Middle East,Black,Petrol,Manual,3.3,1862,163631,50,Low
12/31/2022,X6,2022,Africa,Blue,Hybrid,Manual,3.2,196759,102144,3044,Low
12/31/2012,X1,2012,Middle East,Grey,Hybrid,Automatic,2.2,165347,32973,5146,High
12/31/2020,X5,2020,Asia,Red,Petrol,Automatic,5,6426,134100,5400,High
12/31/2024,X3,2024,Africa,Blue,Electric,Automatic,4.5,131059,121617,13015,High
12/31/2018,X3,2018,South America,Black,Diesel,Automatic,4.6,40234,88572,5181,High
12/31/2024,i8,2024,Middle East,Silver,Diesel,Manual,3.9,68233,182972,50,Low
12/31/2021,X6,2021,Middle East,Red,Petrol,Automatic,2.1,49918,111814,3254,Low
12/31/2018,i3,2018,South America,Silver,Electric,Automatic,3.5,97292,87579,3286,Low
12/31/2011,i8,2011,Africa,Black,Petrol,Manual,4.4,199027,91333,50,Low
12/31/2017,3 Series,2017,Middle East,Silver,Petrol,Automatic,1.6,153532,50740,7293,High
12/31/2019,X3,2019,North America,Blue,Petrol,Manual,3.2,184085,62386,8722,High
12/31/2020,X3,2020,Middle East,Red,Petrol,Automatic,2.9,145900,76776,6828,High
12/31/2021,i3,2021,Middle East,Grey,Diesel,Automatic,2.2,189829,61878,4205,Low
12/31/2014,X6,2014,Asia,Silver,Electric,Manual,2.8,19761,108855,3862,Low
12/31/2013,X6,2013,Asia,Grey,Petrol,Automatic,4.9,60378,92085,3506,Low
12/31/2019,5 Series,2019,Europe,Black,Electric,Manual,4,156459,98729,7310,High
12/31/2014,M3,2014,Asia,Black,Petrol,Manual,2.5,160006,59119,2698,Low
12/31/2013,3 Series,2013,South America,Red,Petrol,Automatic,3.6,1525,36502,6505,High
12/31/2017,M5,2017,Middle East,White,Petrol,Automatic,2.4,198178,99554,1019,Low
12/31/2013,X3,2013,North America,White,Hybrid,Automatic,3.6,107613,65207,8909,High
12/31/2022,7 Series,2022,Middle East,White,Electric,Automatic,4.6,27466,170574,1056,Low
12/31/2019,3 Series,2019,Africa,Silver,Hybrid,Manual,3.4,156413,70442,5079,High
12/31/2021,7 Series,2021,Africa,Black,Petrol,Automatic,4.1,151581,120371,737,Low
12/31/2022,X1,2022,Africa,Red,Hybrid,Automatic,3.1,84409,89648,5023,High
12/31/2023,M5,2023,Africa,White,Electric,Manual,3.3,74297,154995,1389,Low
12/31/2015,X6,2015,Middle East,Grey,Petrol,Automatic,3.9,185748,76030,2944,Low
12/31/2011,7 Series,2011,North America,Blue,Hybrid,Manual,4.3,133002,94382,536,Low
12/31/2014,7 Series,2014,Asia,White,Hybrid,Manual,3.8,50245,117242,763,Low
12/31/2015,7 Series,2015,Asia,Silver,Diesel,Manual,4.9,91858,106181,1104,Low
12/31/2014,i8,2014,South America,Silver,Electric,Manual,4.4,29998,146024,50,Low
12/31/2021,5 Series,2021,North America,Silver,Electric,Manual,4.2,178328,99837,8741,High
12/31/2011,5 Series,2011,North America,Red,Hybrid,Automatic,4.5,154797,65402,5637,High
12/31/2023,X6,2023,North America,Black,Hybrid,Automatic,2.5,128779,119751,5691,High
12/31/2016,i3,2016,Europe,White,Diesel,Manual,3,97988,55295,4502,Low
12/31/2013,M3,2013,Middle East,Red,Petrol,Manual,3.5,130827,69364,1525,Low
12/31/2017,X5,2017,Europe,Black,Electric,Automatic,3.1,91568,101787,5885,High
12/31/2016,7 Series,2016,Middle East,White,Electric,Manual,4.5,143321,126114,220,Low
12/31/2016,7 Series,2016,Middle East,Red,Diesel,Manual,1.6,4466,109644,487,Low
12/31/2018,i3,2018,Asia,Grey,Petrol,Manual,2.2,30114,74155,5884,High
12/31/2010,X6,2010,North America,Grey,Diesel,Manual,4.6,121297,65741,3635,Low
12/31/2019,i3,2019,North America,White,Electric,Automatic,1.7,1512,95315,5809,High
12/31/2015,5 Series,2015,Africa,Silver,Petrol,Manual,2.3,85501,61625,3836,Low
12/31/2015,X3,2015,North America,Red,Hybrid,Manual,2.7,45506,78353,7591,High
12/31/2015,M5,2015,Asia,Grey,Hybrid,Automatic,4.1,198617,105687,1292,Low
12/31/2022,7 Series,2022,North America,White,Petrol,Automatic,3.5,30195,153107,1249,Low
12/31/2021,M5,2021,South America,Blue,Hybrid,Automatic,4.8,77615,151907,1211,Low
12/31/2015,M3,2015,Africa,Grey,Electric,Automatic,2.3,133477,81196,1047,Low
12/31/2021,X3,2021,Africa,Black,Petrol,Manual,4.6,79769,100620,5360,High
12/31/2019,3 Series,2019,North America,Silver,Hybrid,Automatic,2.5,121704,79443,10567,High
12/31/2016,M5,2016,South America,Silver,Electric,Automatic,2.4,82880,119094,357,Low
12/31/2023,X1,2023,North America,Blue,Petrol,Manual,3.2,9165,102331,8432,High
12/31/2019,X5,2019,South America,Black,Electric,Automatic,1.7,104370,92654,4346,Low
12/31/2015,M5,2015,Asia,Blue,Electric,Manual,2.8,12642,131022,1133,Low
12/31/2010,X5,2010,Asia,Silver,Diesel,Automatic,2.7,82933,29362,5949,High
12/31/2012,5 Series,2012,South America,Grey,Diesel,Automatic,2.1,61320,52553,3576,Low
12/31/2011,i8,2011,North America,White,Electric,Automatic,4.5,91610,137329,50,Low
12/31/2015,M5,2015,Middle East,Silver,Hybrid,Manual,2.9,13032,132958,224,Low
12/31/2017,X6,2017,Middle East,White,Electric,Automatic,4.9,151711,111752,2418,Low
12/31/2012,X5,2012,Africa,Silver,Diesel,Manual,4.6,39492,74727,2283,Low
12/31/2019,3 Series,2019,Middle East,Grey,Petrol,Automatic,2.2,182840,57666,6824,High
12/31/2017,i8,2017,South America,Silver,Electric,Automatic,3.3,182367,134961,50,Low
12/31/2017,M5,2017,Europe,Black,Petrol,Automatic,3.6,188062,105172,1394,Low
12/31/2014,M5,2014,South America,Red,Diesel,Manual,4.4,182324,85358,615,Low
12/31/2017,5 Series,2017,Africa,Silver,Hybrid,Automatic,4.6,98142,101569,3682,Low
12/31/2015,X6,2015,Asia,White,Diesel,Manual,3.7,130621,81122,4603,Low
12/31/2014,5 Series,2014,North America,White,Diesel,Manual,1.6,76966,58894,5861,High
12/31/2018,X1,2018,South America,Red,Electric,Automatic,3.2,104454,81733,4509,Low
12/31/2023,5 Series,2023,South America,Black,Electric,Automatic,4.6,147145,114725,5411,High
12/31/2016,X5,2016,South America,Black,Hybrid,Manual,4,76271,91334,3700,Low
12/31/2017,X5,2017,Europe,Red,Electric,Automatic,4.5,84732,109846,5075,High
12/31/2010,M5,2010,South America,White,Hybrid,Automatic,3.9,184926,81645,70,Low
12/31/2020,X5,2020,North America,Silver,Electric,Manual,1.7,169772,84745,6993,High
12/31/2011,7 Series,2011,North America,Grey,Petrol,Manual,4.9,146052,88620,648,Low
12/31/2017,X6,2017,Asia,Black,Electric,Automatic,4.7,126751,115359,4027,Low
12/31/2021,X1,2021,North America,Red,Electric,Manual,1.9,97933,80153,9095,High
12/31/2018,X5,2018,North America,Silver,Petrol,Manual,1.9,185479,63660,5395,High
12/31/2013,3 Series,2013,North America,Silver,Hybrid,Manual,3.4,122601,56770,8758,High
12/31/2021,M5,2021,South America,Black,Electric,Automatic,4.1,16552,162924,977,Low
12/31/2019,M5,2019,Middle East,White,Hybrid,Manual,2.8,90613,134686,1354,Low
12/31/2020,3 Series,2020,North America,Silver,Petrol,Automatic,2,185958,56930,11616,High
12/31/2019,X5,2019,Middle East,Red,Electric,Automatic,3.3,145929,99881,5146,High
12/31/2023,X5,2023,Africa,Grey,Petrol,Manual,2.7,39417,112188,3246,Low
12/31/2018,X3,2018,North America,White,Petrol,Manual,2.7,44551,83869,7650,High
12/31/2013,X6,2013,Europe,Blue,Electric,Automatic,3.8,13008,114163,2568,Low
12/31/2019,3 Series,2019,Middle East,Grey,Petrol,Manual,4.6,26675,97155,5688,High
12/31/2019,i3,2019,South America,Silver,Diesel,Manual,3.5,40805,85301,3473,Low
12/31/2019,X3,2019,Europe,Blue,Hybrid,Automatic,3.9,165106,82121,9231,High
12/31/2018,5 Series,2018,Europe,Black,Hybrid,Automatic,3.8,13004,113908,6295,High
12/31/2020,X3,2020,South America,Silver,Electric,Manual,3.4,132899,90869,6104,High
12/31/2016,X5,2016,Europe,Black,Petrol,Manual,2.6,119723,67475,5504,High
12/31/2011,M3,2011,Europe,Red,Electric,Manual,2.8,190382,57819,2425,Low
12/31/2018,X3,2018,Europe,Black,Hybrid,Manual,2.6,129089,73160,10045,High
12/31/2013,X6,2013,South America,Grey,Diesel,Automatic,4.7,27229,94888,1448,Low
12/31/2017,5 Series,2017,Africa,Red,Petrol,Manual,4.4,192914,65621,3204,Low
12/31/2023,X6,2023,Asia,Red,Hybrid,Manual,3.5,86759,136078,4572,Low
12/31/2016,i8,2016,Middle East,Grey,Diesel,Automatic,4.7,168526,137584,50,Low
12/31/2022,5 Series,2022,North America,Blue,Petrol,Automatic,4.6,85655,120256,6719,High
12/31/2024,X3,2024,South America,Grey,Petrol,Manual,4.7,104297,102985,6599,High
12/31/2016,X6,2016,Europe,Blue,Diesel,Manual,2.3,192460,57554,3755,Low
12/31/2017,X1,2017,North America,Silver,Electric,Automatic,4,170674,73457,7428,High
12/31/2010,M5,2010,Asia,Blue,Hybrid,Manual,3.6,77056,99430,694,Low
12/31/2014,X1,2014,Africa,Grey,Hybrid,Automatic,4.1,182378,49063,4194,Low
12/31/2011,X3,2011,Africa,Grey,Hybrid,Manual,2.4,72465,49781,4551,Low
12/31/2011,X1,2011,Asia,Blue,Electric,Manual,3.9,21106,65131,7429,High
12/31/2024,X5,2024,Asia,Red,Diesel,Manual,2.9,25297,128266,5952,High
12/31/2010,X1,2010,South America,Silver,Petrol,Manual,4.4,92082,37627,4012,Low
12/31/2014,i3,2014,North America,Silver,Hybrid,Automatic,4.3,40742,85934,4696,Low
12/31/2011,M5,2011,Asia,Red,Electric,Automatic,2.2,156644,89670,1110,Low
12/31/2013,X6,2013,Europe,White,Diesel,Manual,2.1,66746,72121,3519,Low
12/31/2012,7 Series,2012,North America,Silver,Electric,Manual,4,102666,109667,450,Low
12/31/2012,X1,2012,North America,Red,Diesel,Automatic,3.4,94363,42295,6219,High
12/31/2011,i8,2011,Africa,Black,Electric,Automatic,3.5,22154,141812,50,Low
12/31/2022,7 Series,2022,Middle East,White,Hybrid,Automatic,4.1,187231,130013,1360,Low
12/31/2015,i8,2015,Middle East,Silver,Diesel,Automatic,4.5,150689,129501,50,Low
12/31/2011,X3,2011,Europe,White,Hybrid,Automatic,2.3,37560,60242,7466,High
12/31/2023,M3,2023,Middle East,Grey,Hybrid,Manual,3.4,57600,128948,2688,Low
12/31/2023,X1,2023,South America,Red,Petrol,Automatic,4.4,132238,87971,4912,Low
12/31/2017,X6,2017,South America,Black,Electric,Manual,4.6,68503,113469,1792,Low
12/31/2017,X6,2017,North America,White,Electric,Automatic,2.5,100263,108099,4084,Low
12/31/2022,3 Series,2022,South America,Red,Petrol,Automatic,1.9,186365,63829,7384,High
12/31/2023,X5,2023,Africa,White,Hybrid,Manual,2.3,147393,103084,3928,Low
12/31/2021,7 Series,2021,Africa,Silver,Electric,Manual,4.8,199749,132242,1152,Low
12/31/2014,7 Series,2014,North America,White,Hybrid,Manual,3.1,86977,106057,820,Low
12/31/2019,X1,2019,Africa,Black,Electric,Automatic,3,35782,93084,4542,Low
12/31/2016,M3,2016,Africa,Blue,Hybrid,Manual,1.5,64050,82117,1328,Low
12/31/2013,7 Series,2013,North America,Black,Diesel,Automatic,1.7,123773,79737,1079,Low
12/31/2010,5 Series,2010,Asia,Grey,Diesel,Manual,3.8,183243,34813,7322,High
12/31/2020,X5,2020,Europe,Grey,Hybrid,Automatic,3.6,695,126187,5150,High
12/31/2011,7 Series,2011,Europe,Black,Hybrid,Manual,3.5,38727,106795,241,Low
12/31/2019,i3,2019,Middle East,Red,Diesel,Manual,1.9,104747,64543,3521,Low
12/31/2019,7 Series,2019,Europe,Silver,Diesel,Manual,2.7,197052,91346,1496,Low
12/31/2013,i8,2013,North America,Red,Hybrid,Automatic,4.3,1817,162342,50,Low
12/31/2010,M5,2010,Africa,White,Hybrid,Automatic,2.1,69952,90063,50,Low
12/31/2024,i3,2024,North America,Black,Diesel,Automatic,4.6,83712,109163,5568,High
12/31/2022,5 Series,2022,Asia,Red,Petrol,Automatic,1.9,199938,73653,6832,High
12/31/2017,3 Series,2017,South America,Blue,Electric,Manual,2.1,119401,66249,5658,High
12/31/2018,M5,2018,South America,Black,Hybrid,Manual,3.2,111811,116170,1371,Low
12/31/2013,X3,2013,North America,White,Diesel,Automatic,4.8,108247,61343,9394,High
12/31/2019,7 Series,2019,Asia,Black,Diesel,Manual,2.7,180427,91722,1710,Low
12/31/2012,i3,2012,Africa,Black,Diesel,Automatic,3.8,173133,34644,2590,Low
12/31/2011,X1,2011,South America,Blue,Diesel,Automatic,3.6,48599,46959,4077,Low
12/31/2014,3 Series,2014,Asia,Blue,Electric,Manual,2,29597,74069,8688,High
12/31/2023,5 Series,2023,Asia,Blue,Hybrid,Automatic,2.4,198246,48036,8109,High
12/31/2012,5 Series,2012,Europe,Black,Electric,Manual,4.8,138864,73832,6687,High
12/31/2019,5 Series,2019,South America,Silver,Electric,Manual,2.1,180878,78803,5145,High
12/31/2016,3 Series,2016,Europe,Blue,Electric,Automatic,3.9,111934,81381,7731,High
12/31/2020,X3,2020,South America,Silver,Diesel,Manual,4.9,154555,78384,6398,High
12/31/2015,X5,2015,North America,White,Electric,Automatic,1.9,60974,88833,5408,High
12/31/2010,X5,2010,Asia,Red,Diesel,Manual,2.9,4831,64075,4680,Low
12/31/2021,3 Series,2021,Europe,Red,Hybrid,Automatic,2.3,42740,100595,10301,High
12/31/2017,M5,2017,Africa,Silver,Electric,Automatic,2.3,106078,115943,458,Low
12/31/2011,3 Series,2011,South America,Grey,Petrol,Manual,1.9,79552,33409,5144,High
12/31/2014,7 Series,2014,South America,Blue,Diesel,Manual,3.8,133089,87920,353,Low
12/31/2018,M5,2018,Asia,Silver,Petrol,Manual,4.1,131562,114032,1565,Low
12/31/2017,M5,2017,South America,Black,Diesel,Automatic,3.9,166858,101602,846,Low
12/31/2011,i8,2011,North America,Grey,Petrol,Automatic,4.7,26599,139716,50,Low
12/31/2018,M5,2018,North America,Silver,Electric,Automatic,2,68596,137113,1601,Low
12/31/2014,5 Series,2014,Middle East,White,Petrol,Automatic,2.6,177633,52765,4180,Low
12/31/2019,i8,2019,Asia,Blue,Hybrid,Automatic,2.7,155934,143751,602,Low
12/31/2023,5 Series,2023,Europe,White,Electric,Automatic,2.3,1692,132447,6440,High
12/31/2015,i3,2015,South America,White,Petrol,Automatic,2,51532,58319,2692,Low
12/31/2022,i8,2022,North America,Silver,Hybrid,Automatic,3.2,157833,159349,916,Low
12/31/2012,3 Series,2012,Asia,Blue,Hybrid,Manual,4.4,144520,57004,10287,High
12/31/2022,M3,2022,Europe,Red,Hybrid,Automatic,4.8,162092,120147,3130,Low
12/31/2012,M5,2012,Middle East,White,Electric,Automatic,2,98050,107196,172,Low
12/31/2019,X3,2019,North America,Silver,Electric,Automatic,4.4,85658,103849,9625,High
12/31/2017,3 Series,2017,Africa,White,Hybrid,Manual,4.4,415,103191,4055,Low
12/31/2020,M3,2020,Middle East,Blue,Petrol,Automatic,2.9,41223,118677,1777,Low
12/31/2019,X1,2019,Asia,Blue,Electric,Manual,1.9,36812,86064,9623,High
12/31/2019,X5,2019,Europe,Black,Electric,Manual,5,133777,113924,6352,High
12/31/2024,X6,2024,Middle East,Black,Hybrid,Manual,3.8,85657,133032,3592,Low
12/31/2021,i8,2021,Asia,Red,Petrol,Automatic,4.9,9453,190415,50,Low
12/31/2011,i3,2011,Asia,Silver,Diesel,Manual,3.2,47576,47211,4722,Low
12/31/2020,7 Series,2020,Asia,Black,Hybrid,Automatic,2.9,130363,127137,1770,Low
12/31/2021,X5,2021,Europe,Black,Petrol,Manual,2.4,137964,85955,5621,High
12/31/2021,3 Series,2021,Asia,Blue,Electric,Automatic,4.9,79226,111754,8922,High
12/31/2011,i8,2011,North America,Grey,Diesel,Automatic,2.4,69408,110016,50,Low
12/31/2022,M3,2022,Europe,Red,Electric,Manual,1.6,147421,102513,4123,Low
12/31/2014,X6,2014,Africa,Blue,Hybrid,Automatic,3.3,184862,73426,2047,Low
12/31/2015,M5,2015,Europe,Black,Hybrid,Automatic,2.8,126880,112366,1077,Low
12/31/2021,M5,2021,Africa,Blue,Hybrid,Manual,2.4,15941,150329,1043,Low
12/31/2011,X1,2011,South America,Silver,Hybrid,Automatic,3.7,99494,47978,3488,Low
12/31/2024,i8,2024,North America,Red,Diesel,Automatic,2.8,111774,166248,433,Low
12/31/2014,5 Series,2014,North America,Blue,Diesel,Automatic,2.9,11848,77970,6830,High
12/31/2016,7 Series,2016,South America,White,Electric,Manual,1.6,29563,119269,159,Low
12/31/2019,M5,2019,Europe,White,Electric,Manual,3.6,181228,125440,2027,Low
12/31/2019,X3,2019,Africa,Blue,Petrol,Automatic,1.9,173887,55691,4884,Low
12/31/2017,i3,2017,Europe,White,Petrol,Automatic,2.2,30373,72623,4599,Low
12/31/2021,X1,2021,Middle East,White,Electric,Automatic,4,118953,101651,6478,High
12/31/2016,i3,2016,Asia,Grey,Diesel,Manual,2.6,141780,49913,5333,High
12/31/2017,7 Series,2017,South America,Black,Diesel,Manual,2.1,193588,75570,937,Low
12/31/2023,M3,2023,Asia,Silver,Hybrid,Automatic,3.5,117643,122089,3674,Low
12/31/2021,7 Series,2021,Africa,Red,Electric,Manual,2.3,157346,117856,1410,Low
12/31/2018,3 Series,2018,Europe,Grey,Hybrid,Automatic,2.4,80206,78000,10418,High
12/31/2024,M3,2024,Middle East,Red,Electric,Manual,3.7,173875,120069,2684,Low
12/31/2014,M3,2014,Africa,White,Petrol,Manual,4.1,111210,75239,980,Low
12/31/2022,X5,2022,South America,Grey,Hybrid,Manual,4.1,169563,107211,4532,Low
12/31/2014,X3,2014,Middle East,Red,Electric,Manual,3.2,166239,61208,5616,High
12/31/2020,M5,2020,North America,Blue,Electric,Manual,3.1,115826,137385,2041,Low
12/31/2019,5 Series,2019,South America,White,Petrol,Manual,4.3,183513,73103,4652,Low
12/31/2013,X6,2013,North America,Grey,Petrol,Automatic,2.2,197565,52331,8646,High
12/31/2022,5 Series,2022,Africa,Black,Petrol,Automatic,2,69321,92125,4561,Low
12/31/2018,5 Series,2018,South America,White,Diesel,Automatic,3.8,44392,94538,3483,Low
12/31/2014,5 Series,2014,North America,Red,Hybrid,Manual,2.9,147606,63169,15000,High
12/31/2023,M3,2023,Asia,Black,Hybrid,Manual,4,146816,58818,4896,Low
12/31/2011,7 Series,2011,South America,Red,Hybrid,Manual,2.4,178767,70066,160,Low
12/31/2024,5 Series,2024,South America,Silver,Hybrid,Manual,2.6,128442,104023,5869,High
12/31/2019,i8,2019,Middle East,Red,Petrol,Automatic,4.6,53972,169931,50,Low
12/31/2017,X1,2017,Africa,Silver,Petrol,Automatic,3,161966,47591,3962,Low
12/31/2024,7 Series,2024,Africa,Black,Hybrid,Automatic,3.6,32464,152835,1204,Low
12/31/2016,X5,2016,Europe,Grey,Hybrid,Automatic,1.9,103443,81679,4770,Low
12/31/2017,M5,2017,Asia,Grey,Diesel,Automatic,2.1,120537,103272,1930,Low
12/31/2021,7 Series,2021,Asia,White,Petrol,Automatic,1.6,135440,104483,1778,Low
12/31/2012,7 Series,2012,Africa,Grey,Hybrid,Manual,3,191960,72364,101,Low
12/31/2024,7 Series,2024,Asia,Black,Diesel,Manual,5,63512,146857,1855,Low
12/31/2024,3 Series,2024,Europe,Red,Hybrid,Automatic,4.6,144475,112120,8791,High
12/31/2013,i3,2013,Middle East,Grey,Petrol,Automatic,3.7,27072,68114,2790,Low
12/31/2014,M3,2014,Asia,Silver,Hybrid,Automatic,4.5,159868,86890,2860,Low
12/31/2015,M3,2015,Middle East,Red,Hybrid,Manual,3.6,18509,107580,1255,Low
12/31/2010,M5,2010,North America,Silver,Electric,Manual,2.8,138445,88671,734,Low
12/31/2013,7 Series,2013,Africa,White,Diesel,Automatic,2.1,199438,57206,507,Low
12/31/2020,X5,2020,Asia,Blue,Petrol,Manual,3.8,154948,90576,6780,High
12/31/2021,M5,2021,South America,White,Diesel,Manual,2.2,185742,98382,1257,Low
12/31/2019,X3,2019,Africa,Silver,Diesel,Automatic,3,4467,93125,4908,Low
12/31/2022,5 Series,2022,Asia,Grey,Electric,Manual,4.4,10814,136710,8507,High
12/31/2014,X5,2014,South America,Grey,Electric,Manual,2,172449,62951,3760,Low
12/31/2016,3 Series,2016,North America,Black,Electric,Automatic,2,92764,75898,10545,High
12/31/2022,i8,2022,Africa,Blue,Diesel,Manual,2.3,10325,150776,50,Low
12/31/2014,5 Series,2014,Asia,Black,Petrol,Automatic,3.4,89615,75653,6563,High
12/31/2022,i8,2022,Asia,Blue,Hybrid,Automatic,2.4,155718,153918,1786,Low
12/31/2022,7 Series,2022,Africa,Grey,Hybrid,Manual,3.3,38080,149815,914,Low
12/31/2010,3 Series,2010,Europe,Grey,Petrol,Manual,2.6,3378,76803,9196,High
12/31/2020,5 Series,2020,South America,Silver,Hybrid,Manual,3.3,64518,102478,5384,High
12/31/2016,M3,2016,South America,Red,Electric,Automatic,2.5,174825,77261,1814,Low
12/31/2017,M3,2017,North America,Grey,Petrol,Manual,4.9,155605,91268,2830,Low
12/31/2022,i8,2022,North America,Silver,Electric,Manual,3.2,69895,173247,570,Low
12/31/2016,M3,2016,Asia,Red,Hybrid,Manual,4.1,101349,102728,2774,Low
12/31/2020,X6,2020,Middle East,Blue,Hybrid,Manual,4,118016,123229,3345,Low
12/31/2023,7 Series,2023,Africa,Red,Electric,Manual,3.2,194518,124631,1268,Low
12/31/2022,X3,2022,Europe,White,Diesel,Automatic,2.3,129695,77385,8267,High
12/31/2024,M3,2024,North America,Silver,Hybrid,Automatic,3.3,77912,140777,3611,Low
12/31/2013,3 Series,2013,South America,Red,Petrol,Manual,3.9,14459,67698,5831,High
12/31/2017,7 Series,2017,North America,Black,Electric,Automatic,3.1,191404,108309,1401,Low
12/31/2024,M5,2024,Africa,Blue,Diesel,Automatic,1.8,63367,140907,1123,Low
12/31/2014,X3,2014,Asia,Silver,Electric,Manual,1.6,48502,69388,9313,High
12/31/2019,5 Series,2019,Middle East,Blue,Electric,Manual,2.6,146935,89185,5184,High
12/31/2018,5 Series,2018,Middle East,Red,Electric,Manual,2,73534,100154,5056,High
12/31/2021,5 Series,2021,North America,Silver,Electric,Manual,4.7,186211,105031,8135,High
12/31/2021,3 Series,2021,Europe,Red,Hybrid,Automatic,2.1,63780,91134,10349,High
12/31/2019,X3,2019,South America,Grey,Petrol,Manual,2.9,111063,73184,5151,High
12/31/2014,i8,2014,Africa,Silver,Petrol,Automatic,4,115433,126663,50,Low
12/31/2010,X5,2010,Africa,Blue,Diesel,Manual,4.4,184826,39436,2415,Low
12/31/2021,M3,2021,Asia,White,Electric,Automatic,3.2,47208,136103,3198,Low
12/31/2018,M3,2018,Middle East,Silver,Electric,Automatic,2.1,154426,91456,2378,Low
12/31/2021,X6,2021,North America,Red,Hybrid,Manual,2.4,110279,113444,4546,Low
12/31/2014,7 Series,2014,North America,Silver,Hybrid,Manual,3,178426,89806,1040,Low
12/31/2015,X6,2015,Middle East,White,Hybrid,Automatic,2.8,53889,104188,2471,Low
12/31/2013,X1,2013,Europe,Silver,Electric,Automatic,2.7,118879,53284,6982,High
12/31/2015,5 Series,2015,Middle East,Blue,Hybrid,Manual,2,71711,78559,4638,Low
12/31/2021,X5,2021,Asia,Silver,Electric,Automatic,4.7,78831,138203,6715,High
12/31/2017,X1,2017,North America,Blue,Diesel,Manual,1.6,95697,46375,7737,High
12/31/2012,i8,2012,South America,Grey,Diesel,Manual,3,160617,98890,50,Low
12/31/2014,X1,2014,Asia,White,Petrol,Automatic,4.9,171889,47795,7025,High
12/31/2011,X5,2011,Asia,Grey,Electric,Manual,3.8,102882,76391,5065,High
12/31/2023,M5,2023,Europe,Red,Petrol,Manual,2.7,189019,113979,2481,Low
12/31/2011,i3,2011,South America,Grey,Petrol,Automatic,2,68051,39916,414,Low
12/31/2022,X5,2022,Africa,Silver,Diesel,Manual,4.9,105365,107508,3630,Low
12/31/2016,i8,2016,South America,Black,Petrol,Automatic,1.5,8832,130105,50,Low
12/31/2019,X3,2019,North America,Silver,Petrol,Automatic,3.9,82345,92755,9343,High
12/31/2022,X5,2022,North America,White,Hybrid,Automatic,4.6,61383,140286,6983,High
12/31/2019,7 Series,2019,Africa,Black,Hybrid,Manual,1.6,40583,114876,928,Low
12/31/2023,i3,2023,North America,Blue,Diesel,Manual,4,13267,115691,5441,High
12/31/2020,i3,2020,South America,Silver,Hybrid,Manual,5,79120,103710,4008,Low
12/31/2019,5 Series,2019,North America,Grey,Hybrid,Manual,3.7,133098,95062,6311,High
12/31/2015,X1,2015,North America,Blue,Diesel,Automatic,3,79535,53406,7084,High
12/31/2013,M3,2013,North America,White,Hybrid,Automatic,4.6,83413,99851,1816,Low
12/31/2014,5 Series,2014,North America,Silver,Diesel,Manual,3.4,28022,79382,7305,High
12/31/2010,X1,2010,Africa,Grey,Diesel,Manual,4.1,90967,33706,3091,Low
12/31/2016,5 Series,2016,South America,Red,Diesel,Automatic,3.6,33952,86926,3641,Low
12/31/2017,M3,2017,Asia,Grey,Diesel,Automatic,1.6,109144,74005,3445,Low
12/31/2018,5 Series,2018,Europe,Black,Hybrid,Manual,2.2,136365,80978,6917,High
12/31/2017,i3,2017,Africa,Grey,Petrol,Automatic,1.8,47351,66200,2834,Low
12/31/2014,i8,2014,Asia,Red,Electric,Automatic,1.9,160504,116218,50,Low
12/31/2012,X6,2012,South America,Grey,Hybrid,Manual,1.6,166563,52725,1840,Low
12/31/2019,M5,2019,Asia,Red,Electric,Automatic,3,167111,121556,2529,Low
12/31/2020,7 Series,2020,Europe,Silver,Petrol,Automatic,2.1,40541,129246,1141,Low
12/31/2018,X5,2018,Europe,White,Diesel,Manual,4.5,35535,101756,4931,Low
12/31/2024,X5,2024,North America,Black,Electric,Manual,4.1,111143,133527,5991,High
12/31/2015,X6,2015,North America,Blue,Electric,Manual,3.5,7886,116141,3088,Low
12/31/2024,M3,2024,Africa,Grey,Hybrid,Automatic,3.2,175130,110608,2636,Low
12/31/2014,5 Series,2014,Africa,Red,Diesel,Automatic,2.4,146673,49922,3110,Low
12/31/2022,M3,2022,South America,Silver,Diesel,Automatic,3.2,69705,111238,1690,Low
12/31/2012,M3,2012,Africa,Grey,Petrol,Automatic,3.7,142743,59638,1028,Low
12/31/2015,i8,2015,North America,Black,Diesel,Manual,4.2,117790,134677,50,Low
12/31/2012,X3,2012,Asia,Blue,Hybrid,Manual,1.8,123154,47197,8017,High
12/31/2019,i8,2019,Asia,Black,Diesel,Manual,4,25399,160697,50,Low
12/31/2021,X6,2021,Europe,Silver,Electric,Manual,4.1,121086,129469,4757,Low
12/31/2015,M5,2015,Middle East,Blue,Petrol,Automatic,3.5,40256,130268,298,Low
12/31/2013,X6,2013,Middle East,Grey,Hybrid,Automatic,2.3,79233,84151,2459,Low
12/31/2024,i3,2024,Asia,Silver,Petrol,Automatic,3.4,113190,95456,5069,High
12/31/2011,M3,2011,South America,Silver,Hybrid,Automatic,3.3,22411,83666,855,Low
12/31/2017,7 Series,2017,Asia,Blue,Diesel,Automatic,3.2,60317,119709,1184,Low
12/31/2013,M3,2013,Africa,Red,Petrol,Automatic,3.1,193447,51094,1457,Low
12/31/2018,X5,2018,Africa,Silver,Petrol,Automatic,1.9,14988,90784,3029,Low
12/31/2016,i3,2016,Asia,Blue,Petrol,Manual,2.1,109528,53402,4575,Low
12/31/2021,X6,2021,South America,Black,Diesel,Automatic,1.8,160992,82082,3236,Low
12/31/2011,M5,2011,South America,White,Electric,Automatic,2.3,183640,82882,217,Low
12/31/2013,X5,2013,Middle East,Silver,Hybrid,Automatic,2.4,162577,62988,3483,Low
12/31/2014,X3,2014,Africa,Black,Electric,Automatic,2.4,112711,65583,4152,Low
12/31/2012,X6,2012,Asia,Silver,Diesel,Automatic,2.2,112565,62938,4435,Low
12/31/2018,X5,2018,Europe,Silver,Electric,Automatic,4.1,125877,109198,5355,High
12/31/2022,X3,2022,South America,Grey,Hybrid,Automatic,4.4,153298,97202,5652,High
12/31/2014,3 Series,2014,North America,Red,Diesel,Manual,2.6,50644,54162,7993,High
12/31/2011,7 Series,2011,South America,Blue,Petrol,Manual,2.6,34091,88945,50,Low
12/31/2020,M5,2020,Middle East,White,Petrol,Automatic,4.5,28481,149680,775,Low
12/31/2012,X5,2012,Asia,Red,Petrol,Manual,3.7,127796,60250,4981,Low
12/31/2023,M5,2023,Africa,Grey,Electric,Automatic,2.5,97262,84406,2340,Low
12/31/2024,5 Series,2024,Middle East,Black,Petrol,Manual,4,14271,133229,4729,Low
12/31/2018,M3,2018,Middle East,Blue,Diesel,Manual,2.7,193083,74293,1987,Low
12/31/2016,3 Series,2016,South America,Silver,Electric,Automatic,3.6,49354,88705,5692,High
12/31/2011,M3,2011,North America,Black,Petrol,Automatic,5,166488,67121,2429,Low
12/31/2018,M5,2018,Europe,Blue,Electric,Automatic,2.6,122496,128809,1651,Low
12/31/2023,X1,2023,Africa,White,Hybrid,Automatic,4.8,92640,111779,4623,Low
12/31/2013,M5,2013,Middle East,Black,Petrol,Manual,2.6,116840,95583,945,Low
12/31/2022,X6,2022,South America,Red,Electric,Manual,3.4,3674,144020,2747,Low
12/31/2018,5 Series,2018,Middle East,White,Hybrid,Manual,3.1,13972,105482,5557,High
12/31/2024,X1,2024,North America,Black,Petrol,Manual,4.2,58061,107765,8801,High
12/31/2022,X1,2022,North America,White,Diesel,Automatic,1.7,36662,79659,9240,High
12/31/2011,3 Series,2011,North America,Grey,Electric,Automatic,3.7,37871,76099,7795,High
12/31/2024,5 Series,2024,Europe,Grey,Electric,Manual,4.2,8066,139865,8279,High
12/31/2021,i8,2021,Asia,Black,Diesel,Manual,3.2,86120,155179,231,Low
12/31/2019,M3,2019,North America,Grey,Petrol,Manual,1.9,111166,84244,3521,Low
12/31/2021,i8,2021,Europe,Blue,Diesel,Manual,2.4,55836,150485,212,Low
12/31/2013,3 Series,2013,Asia,Red,Diesel,Manual,3.9,16656,64542,10216,High
12/31/2014,M3,2014,Asia,White,Diesel,Manual,4.6,48825,94212,2188,Low
12/31/2011,i8,2011,South America,Silver,Diesel,Automatic,3,189552,91133,50,Low
12/31/2019,M3,2019,South America,Grey,Hybrid,Manual,3.5,77035,106317,1999,Low
12/31/2010,M3,2010,South America,Blue,Hybrid,Automatic,2.3,24941,77286,705,Low
12/31/2016,X5,2016,Africa,Silver,Electric,Automatic,2.9,112597,137823,1781,Low
12/31/2019,5 Series,2019,North America,Red,Petrol,Automatic,2.7,37325,102783,6116,High
12/31/2010,3 Series,2010,Middle East,Silver,Hybrid,Manual,3.8,176495,38758,6785,High
12/31/2020,i8,2020,South America,Black,Hybrid,Automatic,4.9,128440,166214,50,Low
12/31/2020,M3,2020,Africa,Grey,Hybrid,Automatic,4.3,34376,124556,1537,Low
12/31/2017,i8,2017,Europe,Black,Petrol,Manual,2.2,185153,108532,252,Low
12/31/2012,i8,2012,Middle East,White,Hybrid,Manual,3.5,126692,125940,50,Low
12/31/2023,i8,2023,Africa,Blue,Hybrid,Automatic,1.7,183556,144523,622,Low
12/31/2019,X5,2019,South America,Black,Diesel,Automatic,2.4,162193,72169,3374,Low
12/31/2015,5 Series,2015,Europe,White,Electric,Automatic,2.1,15274,90493,6618,High
12/31/2016,M5,2016,South America,Red,Electric,Manual,2.7,171432,100593,632,Low
12/31/2019,5 Series,2019,Europe,Black,Hybrid,Manual,3.9,67976,109972,6823,High
12/31/2010,3 Series,2010,South America,Silver,Petrol,Automatic,3.2,9323,51334,5199,High
12/31/2023,X1,2023,Africa,Silver,Petrol,Manual,4.8,68034,102681,4413,Low
12/31/2015,X1,2015,Africa,Silver,Hybrid,Automatic,2.2,42615,64592,4024,Low
12/31/2016,X1,2016,Middle East,Silver,Petrol,Manual,2.8,128941,47093,5053,High
12/31/2015,5 Series,2015,Asia,Grey,Petrol,Manual,2.7,189149,52420,7532,High
12/31/2013,X5,2013,North America,Grey,Petrol,Automatic,2.3,158948,56160,5591,High
12/31/2010,X1,2010,Africa,Silver,Hybrid,Manual,5,190807,34683,3467,Low
12/31/2020,M5,2020,Asia,Red,Diesel,Manual,2.9,67215,126674,1600,Low
12/31/2018,X1,2018,North America,Silver,Diesel,Manual,4.8,16381,91196,7766,High
12/31/2013,X3,2013,Middle East,Black,Petrol,Manual,2.9,48733,62073,6116,High
12/31/2016,i3,2016,North America,Blue,Diesel,Automatic,2.2,42070,69266,5501,High
12/31/2016,5 Series,2016,North America,Red,Electric,Manual,1.9,116385,80220,5877,High
12/31/2011,M3,2011,North America,White,Petrol,Manual,4.5,137201,63823,2493,Low
12/31/2010,M3,2010,Asia,White,Hybrid,Automatic,1.6,3684,79150,1960,Low
12/31/2017,5 Series,2017,Asia,Blue,Hybrid,Automatic,4.9,145659,94428,6496,High
12/31/2017,M3,2017,Africa,Black,Petrol,Automatic,3,196330,64790,1456,Low
12/31/2016,M5,2016,Europe,Blue,Diesel,Manual,2.4,151647,91062,1807,Low
12/31/2023,X6,2023,Africa,Grey,Petrol,Automatic,3.7,114522,116532,2618,Low
12/31/2024,7 Series,2024,Asia,Black,Hybrid,Manual,2,115906,139112,2292,Low
12/31/2024,X6,2024,Europe,White,Diesel,Manual,1.8,143166,103540,4568,Low
12/31/2024,5 Series,2024,Asia,Silver,Electric,Automatic,4.4,63351,136404,7060,High
12/31/2024,X1,2024,South America,Red,Diesel,Manual,3,111937,84771,4671,Low
12/31/2017,7 Series,2017,South America,Black,Petrol,Manual,3.3,77900,110694,428,Low
12/31/2012,X5,2012,South America,Black,Hybrid,Manual,2.1,88197,66582,2657,Low
12/31/2020,M5,2020,Middle East,White,Electric,Manual,1.7,181325,125917,1452,Low
12/31/2011,i3,2011,Asia,Blue,Hybrid,Automatic,2.8,155528,42282,5441,High
12/31/2016,X1,2016,South America,White,Petrol,Manual,3.3,3633,69682,3894,Low
12/31/2017,M5,2017,Europe,White,Diesel,Manual,4.2,112482,117206,1583,Low
12/31/2010,X3,2010,Middle East,Black,Diesel,Manual,3.3,155115,30120,6146,High
12/31/2021,7 Series,2021,Middle East,White,Petrol,Automatic,4.2,155199,133487,785,Low
12/31/2019,X5,2019,Europe,White,Hybrid,Automatic,1.9,168882,79947,7332,High
12/31/2018,i3,2018,North America,Black,Hybrid,Manual,1.7,70605,78119,5257,High
12/31/2024,M3,2024,North America,White,Petrol,Manual,2.1,70599,114030,3456,Low
12/31/2022,i8,2022,Asia,Black,Diesel,Automatic,4.2,43252,180492,50,Low
12/31/2024,M3,2024,South America,White,Diesel,Automatic,4.2,125612,112785,1971,Low
12/31/2020,X5,2020,North America,Grey,Petrol,Manual,2,28670,97490,6491,High
12/31/2013,i3,2013,North America,Black,Diesel,Manual,1.6,110878,33213,4628,Low
12/31/2023,X3,2023,North America,Blue,Diesel,Manual,3.9,174151,83580,8025,High
12/31/2021,X5,2021,Middle East,Blue,Petrol,Manual,4.5,58275,115840,4183,Low
12/31/2023,3 Series,2023,Middle East,White,Electric,Manual,4.1,82653,113364,7161,High
12/31/2013,M5,2013,North America,Grey,Hybrid,Manual,2.2,56079,112623,1092,Low
12/31/2012,i3,2012,Europe,Grey,Diesel,Manual,3.5,2228,59606,4194,Low
12/31/2015,M5,2015,North America,Silver,Electric,Manual,4.2,23929,146854,835,Low
12/31/2010,X5,2010,South America,Grey,Diesel,Automatic,2.4,89566,48037,2657,Low
12/31/2015,X3,2015,Middle East,Grey,Diesel,Manual,3.3,182946,49484,6533,High
12/31/2011,X3,2011,Asia,Black,Hybrid,Manual,2.6,123300,48515,8565,High
12/31/2018,X5,2018,Asia,Blue,Hybrid,Manual,2.3,24525,105423,6444,High
12/31/2011,M3,2011,Africa,Grey,Hybrid,Manual,4.9,105720,74609,669,Low
12/31/2016,X1,2016,South America,Black,Petrol,Automatic,4.7,50237,75374,4368,Low
12/31/2021,7 Series,2021,South America,Black,Petrol,Manual,3.1,82086,124554,800,Low
12/31/2010,5 Series,2010,Middle East,Blue,Diesel,Automatic,2,128509,36367,4887,Low
12/31/2021,5 Series,2021,Asia,White,Electric,Automatic,4,111543,113188,8707,High
12/31/2016,7 Series,2016,Africa,Grey,Electric,Automatic,2.4,39128,120991,50,Low
12/31/2014,5 Series,2014,Middle East,Black,Petrol,Manual,2.1,48576,72377,4091,Low
12/31/2017,M5,2017,Middle East,White,Petrol,Automatic,2.8,62910,128941,606,Low
12/31/2013,X3,2013,Africa,White,Petrol,Automatic,3.4,154268,43571,4806,Low
12/31/2024,5 Series,2024,Europe,Black,Hybrid,Manual,1.8,124763,99336,7574,High
12/31/2021,X5,2021,Middle East,Black,Diesel,Automatic,3.5,134911,100329,4710,Low
12/31/2024,X3,2024,Middle East,Red,Petrol,Automatic,1.6,80988,97021,7293,High
12/31/2019,X3,2019,Africa,Red,Petrol,Automatic,4.6,195017,69475,4283,Low
12/31/2016,X1,2016,Middle East,Red,Petrol,Manual,4.7,152583,55903,5595,High
12/31/2015,i8,2015,Europe,Black,Hybrid,Automatic,4.1,58727,157624,50,Low
12/31/2014,M3,2014,Europe,Silver,Electric,Automatic,3.1,10589,101889,2104,Low
12/31/2013,7 Series,2013,Africa,Grey,Electric,Automatic,2.4,69021,103167,50,Low
12/31/2024,i3,2024,Europe,Grey,Electric,Manual,4.1,8616,133209,5883,High
12/31/2016,M3,2016,Asia,Silver,Diesel,Manual,4.8,128709,86252,2576,Low
12/31/2021,X6,2021,Africa,Grey,Hybrid,Automatic,2.1,51854,114464,2534,Low
12/31/2014,X1,2014,Asia,Black,Petrol,Manual,3.1,163543,34252,8310,High
12/31/2014,3 Series,2014,Europe,Silver,Petrol,Automatic,2.6,171340,37970,9121,High
12/31/2024,X1,2024,Europe,Blue,Hybrid,Manual,2.7,158344,88133,9046,High
12/31/2010,7 Series,2010,Africa,Black,Electric,Automatic,2.9,59377,95506,50,Low
12/31/2011,5 Series,2011,North America,White,Petrol,Manual,4.8,112147,63776,6906,High
12/31/2014,i8,2014,North America,Grey,Diesel,Automatic,2.4,191907,56700,661,Low
12/31/2022,X5,2022,North America,Red,Electric,Automatic,3.2,175731,112504,6473,High
12/31/2012,7 Series,2012,Asia,Red,Diesel,Automatic,4.8,165808,83099,1063,Low
12/31/2023,5 Series,2023,Asia,Silver,Diesel,Manual,3.2,20492,115280,7350,High
12/31/2022,X5,2022,Africa,Red,Petrol,Manual,4.5,76506,114320,3781,Low
12/31/2011,X5,2011,Asia,White,Electric,Manual,1.7,19985,80293,4943,Low
12/31/2023,M3,2023,Asia,Black,Petrol,Manual,4.8,188344,112847,3220,Low
12/31/2023,X1,2023,Africa,Blue,Electric,Automatic,2.2,33799,106625,4490,Low
12/31/2013,i8,2013,Europe,Silver,Diesel,Automatic,4.9,145833,123601,50,Low
12/31/2013,i3,2013,Asia,Silver,Hybrid,Automatic,2.1,40711,67341,4403,Low
12/31/2013,i3,2013,Middle East,Grey,Hybrid,Manual,3.1,1083,76284,3138,Low
12/31/2013,M3,2013,Asia,Blue,Diesel,Manual,2.6,186994,48062,569,Low
12/31/2012,7 Series,2012,Asia,Black,Diesel,Automatic,3,41515,94090,711,Low
12/31/2022,X1,2022,Europe,Black,Electric,Manual,2.4,82023,89115,8120,High
12/31/2021,i8,2021,Africa,White,Electric,Automatic,4.9,194522,162144,123,Low
12/31/2016,X3,2016,South America,Silver,Electric,Automatic,2.6,181682,61062,5280,High
12/31/2018,X3,2018,South America,White,Hybrid,Automatic,3.8,165075,77733,5207,High
12/31/2021,M5,2021,Africa,Red,Hybrid,Manual,2,115938,120851,1593,Low
12/31/2014,i8,2014,Europe,Blue,Hybrid,Manual,4.4,175613,123069,50,Low
12/31/2013,X6,2013,Asia,Black,Electric,Manual,3.4,136327,86879,4263,Low
12/31/2020,3 Series,2020,Middle East,Red,Diesel,Manual,4.9,47575,102038,7102,High
12/31/2011,X5,2011,North America,Grey,Hybrid,Manual,3,66983,75478,5282,High
12/31/2011,5 Series,2011,Middle East,Grey,Petrol,Automatic,2.2,11260,70540,3970,Low
12/31/2014,M3,2014,Middle East,White,Electric,Automatic,2.7,116462,91123,1364,Low
12/31/2016,M3,2016,Asia,Blue,Petrol,Automatic,4.1,194976,76856,3158,Low
12/31/2019,X1,2019,Middle East,Grey,Diesel,Manual,3.8,146509,60817,5037,High
12/31/2019,X3,2019,South America,Blue,Diesel,Automatic,4.2,10644,99992,4564,Low
12/31/2018,i8,2018,Asia,Blue,Hybrid,Automatic,1.8,28520,157086,265,Low
12/31/2022,X3,2022,Africa,Black,Hybrid,Manual,3.5,132972,89233,6400,High
12/31/2016,X5,2016,South America,Blue,Electric,Automatic,4.8,37630,115660,3151,Low
12/31/2014,X1,2014,North America,Grey,Diesel,Automatic,1.9,141120,31142,8105,High
12/31/2019,i3,2019,South America,Silver,Electric,Automatic,1.8,150840,73610,3648,Low
12/31/2019,X5,2019,Asia,Red,Hybrid,Manual,4,35141,114625,6819,High
12/31/2019,M5,2019,Europe,Red,Petrol,Manual,2.6,184461,105387,1804,Low
12/31/2015,X5,2015,Asia,Black,Hybrid,Manual,3.8,73947,96241,5565,High
12/31/2020,5 Series,2020,Africa,Blue,Hybrid,Manual,3.4,56856,110575,3955,Low
12/31/2021,X6,2021,Europe,Silver,Petrol,Manual,5,127615,116701,4605,Low
12/31/2012,X1,2012,North America,Blue,Hybrid,Manual,4.6,67494,66659,7466,High
12/31/2014,7 Series,2014,Asia,Blue,Petrol,Automatic,3.9,115990,103822,920,Low
12/31/2017,7 Series,2017,Asia,Grey,Hybrid,Manual,2.4,182954,92136,1530,Low
12/31/2010,M5,2010,Europe,Silver,Electric,Manual,2.4,74598,101569,499,Low
12/31/2021,3 Series,2021,Europe,Blue,Electric,Automatic,4.6,165008,99511,9099,High
12/31/2010,X3,2010,Asia,White,Electric,Manual,3.5,144542,47631,8516,High
12/31/2016,X5,2016,North America,White,Diesel,Manual,4.3,110643,86536,6124,High
12/31/2023,i8,2023,Middle East,White,Electric,Automatic,3.1,136987,182781,265,Low
12/31/2014,X1,2014,North America,Black,Electric,Manual,1.9,76934,59049,7049,High
12/31/2023,M5,2023,South America,Red,Diesel,Manual,2.7,133137,128612,1422,Low
12/31/2014,7 Series,2014,Asia,Black,Hybrid,Automatic,2.1,165071,87118,1139,Low
12/31/2010,5 Series,2010,Asia,Black,Diesel,Manual,4.2,125061,51502,7151,High
12/31/2018,i3,2018,Africa,Red,Electric,Manual,4,78785,89575,3156,Low
12/31/2010,X3,2010,Middle East,Black,Electric,Automatic,1.8,198035,32214,5712,High
12/31/2014,X3,2014,Africa,Red,Diesel,Manual,3.7,184956,39202,4485,Low
12/31/2019,i8,2019,Europe,Silver,Hybrid,Automatic,4.6,136046,152512,425,Low
12/31/2018,X5,2018,North America,Silver,Hybrid,Automatic,3.9,154501,91854,5964,High
12/31/2023,M3,2023,Europe,White,Diesel,Manual,3.3,86759,112322,3069,Low
12/31/2024,M3,2024,Africa,White,Electric,Automatic,2.6,114844,122388,2219,Low
12/31/2013,X1,2013,South America,White,Petrol,Automatic,4.6,88072,58489,3801,Low
12/31/2022,X3,2022,North America,Blue,Petrol,Manual,3,52365,98890,9085,High
12/31/2017,M5,2017,Africa,Blue,Petrol,Manual,4.5,105388,112547,533,Low
12/31/2015,M5,2015,Middle East,Blue,Hybrid,Automatic,4.2,112301,129816,255,Low
12/31/2020,X6,2020,Asia,Grey,Hybrid,Manual,4.4,112975,118924,4709,Low
12/31/2024,i8,2024,Africa,Blue,Petrol,Manual,5,169839,159352,104,Low
12/31/2012,5 Series,2012,Asia,Grey,Petrol,Manual,4.1,70514,65910,7141,High
12/31/2013,M3,2013,Middle East,White,Hybrid,Automatic,1.6,121132,71022,1338,Low
12/31/2011,i8,2011,South America,Black,Hybrid,Automatic,2.2,181439,96413,50,Low
12/31/2010,X1,2010,Middle East,Red,Diesel,Automatic,1.6,151851,25000,5232,High
12/31/2022,i3,2022,Africa,Red,Hybrid,Manual,2.2,69128,95462,3042,Low
12/31/2023,i3,2023,North America,Red,Hybrid,Automatic,1.7,109379,90195,6718,High
12/31/2017,X6,2017,South America,Red,Diesel,Manual,3.3,68071,89332,2135,Low
12/31/2010,3 Series,2010,Europe,White,Hybrid,Manual,1.6,132747,28542,8841,High
12/31/2023,i8,2023,Middle East,Grey,Hybrid,Manual,3.2,145621,163902,568,Low
12/31/2022,i3,2022,North America,Black,Hybrid,Automatic,4.6,76672,145246,5065,High
12/31/2020,7 Series,2020,South America,Blue,Petrol,Manual,4.1,112555,119105,772,Low
12/31/2010,i3,2010,North America,White,Diesel,Automatic,4.8,162471,37577,3836,Low
12/31/2013,X6,2013,Africa,Blue,Petrol,Manual,2.3,103803,62244,1722,Low
12/31/2019,M5,2019,Asia,Red,Hybrid,Manual,3.4,129411,123908,2514,Low
12/31/2021,i8,2021,North America,Silver,Hybrid,Manual,2.6,63785,171797,414,Low
12/31/2019,i8,2019,Africa,Black,Diesel,Manual,3.2,99027,129367,50,Low
12/31/2024,7 Series,2024,Asia,Grey,Hybrid,Automatic,3.4,10606,162836,1786,Low
12/31/2015,X3,2015,Europe,Silver,Diesel,Automatic,1.6,164745,37953,8567,High
12/31/2018,X3,2018,Asia,Grey,Electric,Manual,2.3,11847,94891,8810,High
12/31/2010,3 Series,2010,Asia,Black,Hybrid,Manual,4,107917,52895,9202,High
12/31/2016,3 Series,2016,Asia,Black,Electric,Manual,4.2,127804,77554,8648,High
12/31/2019,i8,2019,Europe,Red,Diesel,Automatic,3.5,60698,154694,50,Low
12/31/2020,3 Series,2020,Middle East,Blue,Petrol,Manual,2.4,133196,66977,6850,High
12/31/2014,M3,2014,Europe,Silver,Hybrid,Automatic,2.9,13644,97929,1892,Low
12/31/2021,3 Series,2021,Middle East,White,Petrol,Automatic,1.8,136732,71516,8140,High
12/31/2024,X1,2024,Europe,Red,Hybrid,Automatic,4.8,184535,98683,8634,High
12/31/2017,i8,2017,North America,Silver,Electric,Manual,4.5,118212,155847,50,Low
12/31/2023,i8,2023,Africa,Red,Petrol,Automatic,1.7,155099,132627,352,Low
12/31/2016,7 Series,2016,Middle East,White,Petrol,Manual,2.1,51265,108861,404,Low
12/31/2013,i3,2013,North America,Red,Diesel,Automatic,3.5,183764,25000,4627,Low
12/31/2013,X6,2013,North America,Grey,Hybrid,Automatic,2.3,92773,79768,3401,Low
12/31/2015,5 Series,2015,Asia,White,Petrol,Manual,4.8,101338,84466,7635,High
12/31/2015,i3,2015,Africa,Blue,Diesel,Automatic,4.1,192199,44632,2509,Low
12/31/2018,M5,2018,Europe,White,Diesel,Automatic,2.5,193099,94475,1777,Low
12/31/2021,X6,2021,Middle East,Red,Hybrid,Automatic,1.5,127433,101860,3344,Low
12/31/2014,X1,2014,South America,Red,Diesel,Manual,4.3,177841,35569,4722,Low
12/31/2017,i8,2017,Europe,Grey,Hybrid,Automatic,3,140998,131945,50,Low
12/31/2014,X5,2014,Europe,White,Hybrid,Manual,3.7,122280,83183,5703,High
12/31/2011,M5,2011,Africa,Black,Diesel,Automatic,2.5,56969,87158,50,Low
12/31/2024,i8,2024,Europe,Black,Diesel,Manual,2,20249,169333,420,Low
12/31/2015,X6,2015,Middle East,Grey,Hybrid,Manual,3.9,19059,112726,1882,Low
12/31/2018,i3,2018,Middle East,Silver,Hybrid,Automatic,3.1,98757,80576,3372,Low
12/31/2022,i8,2022,Africa,Black,Hybrid,Automatic,2.3,176981,138925,718,Low
12/31/2012,3 Series,2012,Europe,Grey,Electric,Automatic,2,9574,67580,7614,High
12/31/2010,X1,2010,Africa,White,Petrol,Manual,3.5,195001,25000,4030,Low
12/31/2010,3 Series,2010,Africa,Blue,Diesel,Manual,4,157593,27827,5228,High
12/31/2022,X5,2022,North America,White,Hybrid,Automatic,2.5,103180,113506,7575,High
12/31/2012,X3,2012,North America,Black,Diesel,Manual,4.1,86097,55445,8439,High
12/31/2019,M5,2019,Africa,White,Diesel,Automatic,2.1,189124,95467,1002,Low
12/31/2014,M5,2014,Africa,Silver,Diesel,Manual,2.7,82974,97456,254,Low
12/31/2012,X3,2012,Europe,Blue,Electric,Manual,4.1,96016,69463,8301,High
12/31/2018,5 Series,2018,South America,White,Diesel,Manual,3.8,115086,78290,4176,Low
12/31/2017,3 Series,2017,Asia,Blue,Electric,Manual,2.4,85985,78275,9590,High
12/31/2012,5 Series,2012,Europe,Blue,Diesel,Automatic,1.9,192021,30431,6713,High
12/31/2018,5 Series,2018,Europe,Red,Electric,Automatic,1.6,34807,102284,7760,High
12/31/2024,X6,2024,Asia,Black,Hybrid,Automatic,4.4,196879,119601,5490,High
12/31/2022,3 Series,2022,North America,Silver,Hybrid,Automatic,1.8,87931,91140,10029,High
12/31/2015,5 Series,2015,Middle East,White,Petrol,Automatic,1.9,81056,69526,4906,Low
12/31/2022,X5,2022,North America,Black,Diesel,Manual,2.3,39208,111902,5635,High
12/31/2016,i3,2016,Europe,Black,Electric,Automatic,3.1,166752,64619,4294,Low
12/31/2013,X6,2013,South America,Blue,Electric,Automatic,4.3,184667,77169,1925,Low
12/31/2013,X6,2013,Asia,Black,Electric,Automatic,2.4,22730,94912,3593,Low
12/31/2021,X6,2021,North America,Grey,Diesel,Manual,3.4,64446,117082,4122,Low
12/31/2022,X3,2022,North America,Silver,Petrol,Automatic,1.8,188228,68746,8889,High
12/31/2011,7 Series,2011,Europe,Red,Electric,Manual,3.1,199593,80865,603,Low
12/31/2014,M5,2014,Europe,Silver,Electric,Automatic,2.1,122758,105639,1131,Low
12/31/2017,X3,2017,Europe,Grey,Hybrid,Automatic,2.2,56434,83592,8925,High
12/31/2016,3 Series,2016,South America,Blue,Petrol,Automatic,2.8,168471,46313,6540,High
12/31/2016,X6,2016,Middle East,Blue,Petrol,Automatic,4.2,152107,92216,2217,Low
12/31/2015,X5,2015,North America,Silver,Petrol,Automatic,4.1,38641,96364,4920,Low
12/31/2012,3 Series,2012,Asia,Silver,Hybrid,Manual,3,88715,56825,10171,High
12/31/2014,X1,2014,Europe,Red,Petrol,Automatic,1.9,87222,40628,6879,High
12/31/2022,5 Series,2022,South America,Silver,Hybrid,Automatic,2.5,178008,87918,5209,High
12/31/2010,5 Series,2010,Middle East,Blue,Electric,Manual,3.3,78800,68306,4215,Low
12/31/2016,7 Series,2016,Middle East,Red,Electric,Automatic,4.5,75834,142777,50,Low
12/31/2018,X5,2018,Middle East,Grey,Petrol,Automatic,4.9,17164,115850,3955,Low
12/31/2010,M3,2010,South America,Grey,Electric,Automatic,3.7,144516,70166,754,Low
12/31/2022,M5,2022,Africa,White,Electric,Automatic,2.7,167422,130075,1456,Low
12/31/2011,X3,2011,South America,Blue,Electric,Automatic,3.9,93562,66893,3929,Low
12/31/2012,X6,2012,South America,Black,Electric,Automatic,2.7,186491,63225,2088,Low
12/31/2012,M5,2012,North America,Grey,Diesel,Automatic,3.7,147516,94773,1201,Low
12/31/2017,i8,2017,Middle East,White,Diesel,Manual,2.4,25419,140504,50,Low
12/31/2016,X5,2016,Middle East,White,Hybrid,Automatic,2.4,91099,85881,3753,Low
12/31/2015,3 Series,2015,Asia,Grey,Diesel,Automatic,1.8,120265,44187,10590,High
12/31/2024,7 Series,2024,Africa,Red,Diesel,Manual,3,1408,144651,736,Low
12/31/2019,i8,2019,Africa,Red,Hybrid,Manual,3.7,169378,142133,142,Low
12/31/2019,i3,2019,Europe,Grey,Diesel,Automatic,4.3,173723,66283,5237,High
12/31/2020,X6,2020,South America,Black,Hybrid,Manual,4.3,154049,106665,3100,Low
12/31/2013,5 Series,2013,Asia,Red,Electric,Automatic,5,49732,105066,5692,High
12/31/2018,X1,2018,Asia,Black,Hybrid,Automatic,1.8,60576,76791,8962,High
12/31/2010,i8,2010,Asia,Red,Petrol,Manual,3.2,176094,95432,50,Low
12/31/2020,X6,2020,Africa,Black,Hybrid,Automatic,3.3,51520,117693,2694,Low
12/31/2024,i8,2024,Europe,Blue,Electric,Automatic,4.3,146012,174934,920,Low
12/31/2011,5 Series,2011,South America,Silver,Hybrid,Automatic,2.4,150295,47985,3874,Low
12/31/2024,7 Series,2024,Middle East,Black,Hybrid,Manual,1.7,25096,155675,1680,Low
12/31/2023,i8,2023,North America,Black,Petrol,Automatic,2.6,138942,147293,603,Low
12/31/2013,i3,2013,North America,Silver,Hybrid,Manual,4.9,174498,56867,5177,High
12/31/2012,X1,2012,North America,Red,Electric,Automatic,4.6,20796,80980,7073,High
12/31/2010,M3,2010,Middle East,White,Petrol,Automatic,2.9,179855,48302,1363,Low
12/31/2014,3 Series,2014,Europe,Black,Electric,Manual,4.6,192327,60703,10014,High
12/31/2016,i8,2016,Europe,Grey,Hybrid,Manual,1.6,139798,124990,50,Low
12/31/2011,M5,2011,Africa,White,Hybrid,Manual,2.6,78269,126530,50,Low
12/31/2014,X3,2014,South America,Red,Diesel,Automatic,4,187886,44932,4847,Low
12/31/2015,X6,2015,Africa,Blue,Petrol,Automatic,2.3,94635,77581,2152,Low
12/31/2020,X1,2020,Asia,Red,Hybrid,Manual,2.2,125114,74122,7530,High
12/31/2016,3 Series,2016,Asia,Red,Diesel,Manual,4.5,74448,70961,11058,High
12/31/2010,M5,2010,South America,Red,Petrol,Automatic,3.7,5852,100056,50,Low
12/31/2016,X3,2016,Asia,Black,Diesel,Automatic,5,170302,66816,9630,High
12/31/2013,M3,2013,Middle East,Blue,Petrol,Manual,2,93450,66338,1545,Low
12/31/2017,M5,2017,Middle East,Black,Hybrid,Manual,2.7,183894,107646,977,Low
12/31/2022,7 Series,2022,Europe,Blue,Hybrid,Manual,2.6,79043,137119,2038,Low
12/31/2013,X6,2013,North America,Blue,Diesel,Manual,4.6,177488,70078,4335,Low
12/31/2015,X1,2015,Europe,White,Diesel,Automatic,2.4,69127,50981,8415,High
12/31/2018,M3,2018,South America,Grey,Electric,Manual,2.7,102489,100205,1787,Low
12/31/2014,5 Series,2014,North America,Grey,Diesel,Automatic,2,55804,67254,6077,High
12/31/2023,i8,2023,Africa,Blue,Diesel,Automatic,4.2,23283,180576,50,Low
12/31/2021,X1,2021,Asia,Red,Diesel,Manual,2.3,81072,73965,8909,High
12/31/2013,5 Series,2013,Asia,Red,Diesel,Automatic,1.7,195527,32959,8281,High
12/31/2017,i8,2017,North America,Grey,Petrol,Automatic,3,139783,135653,50,Low
12/31/2022,X3,2022,Middle East,Black,Petrol,Automatic,2.9,120351,87736,7144,High
12/31/2018,X1,2018,Asia,White,Petrol,Automatic,2.1,96076,62484,7013,High
12/31/2013,X6,2013,South America,Black,Petrol,Automatic,2,52323,77057,1824,Low
12/31/2012,3 Series,2012,South America,Grey,Hybrid,Manual,4.6,193617,44683,5246,High
12/31/2017,i8,2017,Middle East,Red,Electric,Manual,1.7,74572,155747,50,Low
12/31/2023,X3,2023,Asia,Black,Electric,Automatic,1.8,140670,96418,9028,High
12/31/2014,M5,2014,Africa,Silver,Hybrid,Manual,2.4,3776,113014,50,Low
12/31/2011,X3,2011,North America,Red,Electric,Automatic,4.8,39230,86089,6575,High
12/31/2019,X1,2019,Europe,Silver,Electric,Manual,1.8,24116,86795,7804,High
12/31/2018,X3,2018,Middle East,White,Diesel,Manual,4.4,15970,97980,5328,High
12/31/2012,X1,2012,Africa,Silver,Diesel,Manual,4.6,22594,59268,3867,Low
12/31/2021,X3,2021,North America,Black,Petrol,Manual,2.8,140445,77781,10187,High
12/31/2011,3 Series,2011,South America,Silver,Diesel,Automatic,2.5,23098,47058,5101,High
12/31/2010,5 Series,2010,South America,Silver,Diesel,Manual,3.9,113519,48456,3186,Low
12/31/2023,M5,2023,Asia,Blue,Petrol,Manual,4,85400,142386,2055,Low
12/31/2017,X6,2017,Europe,Silver,Diesel,Manual,4.2,20640,107106,3336,Low
12/31/2020,X3,2020,Africa,Red,Diesel,Automatic,4.4,164367,76105,4842,Low
12/31/2012,7 Series,2012,North America,Black,Hybrid,Manual,2.4,32002,104897,472,Low
12/31/2016,X6,2016,Asia,Black,Hybrid,Automatic,3.9,57838,109334,3371,Low
12/31/2010,M5,2010,South America,Blue,Diesel,Automatic,2,133916,70108,238,Low
12/31/2010,X3,2010,Asia,Red,Petrol,Manual,3.3,47338,28208,8303,High
12/31/2024,5 Series,2024,North America,Grey,Electric,Automatic,3.6,76012,129555,6660,High
12/31/2021,5 Series,2021,Middle East,White,Petrol,Manual,2.1,170180,75775,5322,High
12/31/2018,X6,2018,Europe,Grey,Petrol,Automatic,1.8,32572,100611,4034,Low
12/31/2024,3 Series,2024,North America,Black,Electric,Automatic,2.2,127979,100579,10697,High
12/31/2021,X1,2021,Middle East,Black,Diesel,Manual,3,120784,70885,5366,High
12/31/2017,7 Series,2017,Africa,White,Petrol,Automatic,4.6,97308,117697,178,Low
12/31/2021,X3,2021,Africa,Grey,Hybrid,Automatic,3.4,178324,84056,5993,High
12/31/2022,3 Series,2022,North America,Red,Electric,Manual,4.1,44933,118935,9321,High
12/31/2012,5 Series,2012,North America,Red,Diesel,Manual,2.1,175511,33608,6338,High
12/31/2015,7 Series,2015,Asia,Silver,Diesel,Automatic,1.9,14619,105049,1064,Low
12/31/2020,X5,2020,South America,Blue,Diesel,Manual,2.3,103608,81017,3987,Low
12/31/2012,7 Series,2012,Europe,Black,Electric,Manual,2.6,10618,106678,367,Low
12/31/2022,X1,2022,Africa,Blue,Diesel,Automatic,3.4,157368,70622,4271,Low
12/31/2021,X3,2021,North America,White,Hybrid,Manual,4.6,58832,114167,8733,High
12/31/2013,5 Series,2013,Africa,Grey,Petrol,Automatic,3,82025,62212,3481,Low
12/31/2010,X5,2010,Asia,Blue,Hybrid,Automatic,3.3,164885,57059,5657,High
12/31/2014,7 Series,2014,Africa,Blue,Petrol,Manual,1.5,55063,89030,172,Low
12/31/2010,X3,2010,Middle East,Grey,Electric,Manual,1.6,45927,55956,5866,High
12/31/2022,X5,2022,Europe,Grey,Diesel,Manual,1.8,143633,87634,6124,High
12/31/2010,M5,2010,Europe,Red,Petrol,Manual,3.9,188315,69630,924,Low
12/31/2019,i3,2019,North America,Red,Diesel,Manual,3.2,168248,93058,4851,Low
12/31/2024,i3,2024,North America,Blue,Petrol,Automatic,2.2,63049,98599,5836,High
12/31/2020,X5,2020,Africa,Black,Petrol,Automatic,3.6,134912,89118,2918,Low
12/31/2020,M3,2020,North America,White,Petrol,Manual,3.4,58212,108776,2706,Low
12/31/2023,X6,2023,Middle East,Red,Diesel,Manual,1.8,188185,87927,4010,Low
12/31/2016,i3,2016,North America,Grey,Petrol,Manual,3.7,187889,52408,5585,High
12/31/2021,i8,2021,Middle East,Grey,Diesel,Manual,4.2,108377,155330,50,Low
12/31/2015,X1,2015,Africa,Red,Electric,Manual,2.5,105596,55617,3830,Low
12/31/2011,X3,2011,Africa,Blue,Hybrid,Manual,3.9,84662,60762,4219,Low
12/31/2023,X3,2023,North America,Grey,Petrol,Automatic,2.2,163144,81884,9884,High
12/31/2020,7 Series,2020,South America,White,Diesel,Automatic,4.1,141329,113558,806,Low
12/31/2021,X6,2021,Africa,Black,Hybrid,Manual,4.7,64631,123958,2309,Low
12/31/2011,M5,2011,South America,Black,Diesel,Manual,3,24405,92086,54,Low
12/31/2020,X6,2020,South America,Red,Hybrid,Manual,2.4,53001,117501,3192,Low
12/31/2016,i3,2016,South America,Silver,Diesel,Manual,2.9,118947,53604,3573,Low
12/31/2010,5 Series,2010,Asia,Black,Diesel,Manual,2.4,20274,53028,7313,High
12/31/2022,M3,2022,Europe,Black,Electric,Automatic,1.5,81841,114714,3905,Low
12/31/2011,7 Series,2011,Asia,Black,Petrol,Automatic,3.8,116590,88623,658,Low
12/31/2021,i8,2021,South America,White,Electric,Manual,1.6,193166,138518,593,Low
12/31/2017,M5,2017,Africa,White,Hybrid,Manual,2.2,70048,111532,498,Low
12/31/2015,X5,2015,South America,Red,Diesel,Automatic,4,103887,80983,3025,Low
12/31/2024,X1,2024,Asia,Grey,Hybrid,Manual,3.8,42819,117438,9193,High
12/31/2023,3 Series,2023,North America,Black,Hybrid,Manual,1.8,15285,102750,10121,High
12/31/2011,7 Series,2011,Africa,Black,Diesel,Automatic,3.8,12594,98922,50,Low
12/31/2016,X6,2016,Asia,Red,Petrol,Manual,4.8,66167,104234,4115,Low
12/31/2013,X1,2013,Africa,Silver,Electric,Manual,1.8,159844,35991,4447,Low
12/31/2011,7 Series,2011,Europe,Grey,Electric,Manual,3,168609,82619,649,Low
12/31/2021,M5,2021,Asia,Blue,Petrol,Automatic,4.1,18217,160224,1511,Low
12/31/2015,i8,2015,Asia,White,Diesel,Automatic,3.8,26376,152493,50,Low
12/31/2020,X6,2020,Middle East,Red,Petrol,Manual,2.3,176747,89125,3599,Low
12/31/2024,5 Series,2024,Africa,Grey,Hybrid,Automatic,2.1,141807,100351,4413,Low
12/31/2018,5 Series,2018,Middle East,Red,Electric,Manual,4.2,155749,100179,5499,High
12/31/2020,X3,2020,Asia,Grey,Hybrid,Manual,4.8,107908,107260,8602,High
12/31/2018,X6,2018,Asia,Red,Hybrid,Manual,4.2,151794,100830,4586,Low
12/31/2023,X1,2023,Middle East,Black,Petrol,Manual,4.9,130414,90648,5155,High
12/31/2017,X3,2017,South America,Silver,Diesel,Automatic,3.6,61787,76256,4488,Low
12/31/2024,X5,2024,North America,White,Hybrid,Manual,4.8,188496,117858,6450,High
12/31/2012,i8,2012,South America,White,Diesel,Automatic,3.9,105556,111187,50,Low
12/31/2012,M5,2012,South America,Silver,Diesel,Automatic,4.7,18594,112660,50,Low
12/31/2011,i8,2011,Middle East,Silver,Diesel,Manual,2.1,111302,107611,50,Low
12/31/2014,M3,2014,Middle East,White,Petrol,Manual,4.4,77319,88810,1358,Low
12/31/2023,X3,2023,Middle East,Grey,Hybrid,Manual,2.2,93554,96219,7522,High
12/31/2021,X1,2021,North America,Silver,Petrol,Automatic,1.6,125419,61511,7145,High
12/31/2023,5 Series,2023,South America,Black,Hybrid,Automatic,3.3,177705,95681,5644,High
12/31/2013,X3,2013,North America,Black,Electric,Manual,2.6,59870,68687,8972,High
12/31/2016,i3,2016,Europe,White,Hybrid,Automatic,1.7,23172,74703,4919,Low
12/31/2013,X3,2013,North America,Blue,Diesel,Automatic,4.9,22459,79485,7820,High
12/31/2018,5 Series,2018,Asia,Grey,Diesel,Automatic,3.8,102404,83511,7980,High
12/31/2021,M3,2021,Asia,Silver,Electric,Manual,4.7,32983,138043,5980,High
12/31/2021,7 Series,2021,Middle East,White,Petrol,Automatic,5,145653,136151,721,Low
12/31/2011,X3,2011,Asia,Silver,Diesel,Automatic,2.9,104405,41070,9576,High
12/31/2020,X5,2020,Europe,Silver,Electric,Automatic,2.4,103339,103485,6313,High
12/31/2023,X3,2023,Asia,Grey,Diesel,Manual,2.1,44669,95961,8263,High
12/31/2015,X5,2015,North America,Silver,Diesel,Automatic,3.3,134860,69076,5088,High
12/31/2024,X6,2024,Middle East,Red,Electric,Manual,3.6,101077,144368,3203,Low
12/31/2016,3 Series,2016,Africa,White,Electric,Automatic,3.2,601,90268,5045,High
12/31/2013,5 Series,2013,South America,Black,Electric,Manual,2.9,46144,81572,3228,Low
12/31/2022,i3,2022,South America,Blue,Hybrid,Manual,2.1,116560,83274,4676,Low
12/31/2015,M3,2015,South America,Black,Hybrid,Automatic,3,190546,68943,1731,Low
12/31/2016,i3,2016,Middle East,Red,Electric,Automatic,1.8,195969,54925,3878,Low
12/31/2013,7 Series,2013,South America,White,Hybrid,Automatic,4.5,55608,115493,50,Low
12/31/2024,i3,2024,Middle East,Grey,Petrol,Automatic,1.7,17075,104170,3437,Low
12/31/2017,X3,2017,South America,Blue,Petrol,Automatic,2.8,136842,61493,5982,High
12/31/2018,5 Series,2018,South America,Silver,Diesel,Automatic,1.9,18461,89175,4352,Low
12/31/2010,X1,2010,Europe,Black,Hybrid,Automatic,4.2,169645,35710,5817,High
12/31/2016,X3,2016,Asia,Grey,Diesel,Manual,2.6,90838,59334,9083,High
12/31/2018,X6,2018,North America,Blue,Hybrid,Manual,1.9,87417,94753,4196,Low
12/31/2024,7 Series,2024,Africa,Black,Electric,Manual,3.4,186427,132411,1685,Low
12/31/2021,X5,2021,Europe,Red,Petrol,Manual,4.7,77654,111200,6439,High
12/31/2019,3 Series,2019,South America,Blue,Electric,Manual,4.7,48523,159177,5242,High
12/31/2014,M3,2014,Asia,Grey,Hybrid,Manual,2.4,167514,67331,2629,Low
12/31/2021,7 Series,2021,Middle East,Red,Hybrid,Manual,4,149509,70481,2002,Low
12/31/2011,X3,2011,South America,Blue,Hybrid,Automatic,1.6,190173,27609,5115,High
12/31/2019,i8,2019,South America,Black,Hybrid,Manual,2,182276,130189,364,Low
12/31/2015,i8,2015,South America,Black,Electric,Automatic,3.2,111533,141708,50,Low
12/31/2021,3 Series,2021,North America,Black,Hybrid,Manual,2.3,160933,77438,9562,High
12/31/2021,X6,2021,North America,White,Diesel,Automatic,4.3,143423,106574,4217,Low
12/31/2016,X3,2016,Middle East,White,Hybrid,Manual,4.8,82957,94664,5119,High
12/31/2011,X6,2011,Africa,Silver,Electric,Automatic,1.5,13489,78516,1380,Low
12/31/2011,X5,2011,Middle East,Grey,Electric,Automatic,2.3,3344,86579,3074,Low
12/31/2019,X5,2019,Asia,Blue,Electric,Automatic,3,155528,101939,6335,High
12/31/2024,3 Series,2024,North America,Silver,Electric,Automatic,3.5,180903,102464,9521,High
12/31/2023,7 Series,2023,Europe,Silver,Hybrid,Automatic,4.7,154147,146666,1965,Low
12/31/2021,X1,2021,Middle East,Black,Diesel,Manual,4.6,86362,84178,5345,High
12/31/2019,i3,2019,Europe,Red,Hybrid,Automatic,3.7,103984,92789,5527,High
12/31/2010,i8,2010,North America,Silver,Diesel,Manual,2.4,187827,87370,50,Low
12/31/2013,X1,2013,North America,Silver,Petrol,Manual,4.2,101584,48540,6931,High
12/31/2016,X1,2016,Asia,White,Hybrid,Manual,2.2,134174,53076,6887,High
12/31/2023,i8,2023,Africa,White,Petrol,Manual,4.9,73912,167194,50,Low
12/31/2018,X3,2018,Middle East,Silver,Hybrid,Automatic,1.5,21069,89535,6551,High
12/31/2024,3 Series,2024,Asia,Silver,Petrol,Automatic,3.5,86486,102783,9043,High
12/31/2012,3 Series,2012,Asia,Red,Electric,Automatic,1.8,184156,37311,10746,High
12/31/2021,i8,2021,Asia,Black,Electric,Automatic,2.9,26214,186443,301,Low
12/31/2020,X1,2020,North America,Black,Electric,Automatic,3.7,79566,101366,6937,High
12/31/2016,i3,2016,Middle East,Red,Hybrid,Manual,3.9,182702,63253,3720,Low
12/31/2016,3 Series,2016,North America,White,Petrol,Automatic,4.2,147040,64096,8737,High
12/31/2016,5 Series,2016,South America,Grey,Electric,Manual,3.6,17339,104030,3423,Low
12/31/2011,X1,2011,Europe,Black,Hybrid,Automatic,2.4,32504,54197,6843,High
12/31/2015,X3,2015,North America,Black,Electric,Automatic,4.6,143225,85778,7674,High
12/31/2011,7 Series,2011,Europe,Blue,Petrol,Automatic,4.3,194279,73753,714,Low
12/31/2015,M5,2015,Africa,Black,Electric,Automatic,2.1,40541,120796,50,Low
12/31/2022,M3,2022,South America,White,Electric,Manual,4.4,199957,105963,2539,Low
12/31/2019,M3,2019,South America,Silver,Hybrid,Automatic,4.9,192797,96298,2392,Low
12/31/2012,X5,2012,South America,Silver,Electric,Automatic,3.7,22943,92393,2710,Low
12/31/2023,X3,2023,Africa,White,Petrol,Manual,2.5,31699,100150,4363,Low
12/31/2011,X6,2011,Europe,White,Petrol,Automatic,3.6,27813,84747,3086,Low
12/31/2021,M3,2021,North America,White,Hybrid,Automatic,2.7,198394,93854,3935,Low
12/31/2024,X1,2024,Europe,White,Hybrid,Automatic,3.9,56449,118413,7831,High
12/31/2023,X3,2023,Europe,Red,Electric,Manual,3.4,169848,100361,9687,High
12/31/2015,X1,2015,Africa,Grey,Diesel,Automatic,4.8,130270,54168,3545,Low
12/31/2011,3 Series,2011,North America,Black,Diesel,Automatic,3.7,72255,49740,9001,High
12/31/2014,i8,2014,South America,Silver,Petrol,Automatic,2.2,67577,122022,50,Low
12/31/2011,M5,2011,Europe,Grey,Electric,Manual,4,65201,118642,423,Low
12/31/2012,M5,2012,North America,White,Diesel,Manual,2.6,28342,99142,914,Low
12/31/2012,X1,2012,Asia,White,Electric,Automatic,2.5,115202,46999,8423,High
12/31/2015,i3,2015,Africa,Red,Petrol,Manual,2.9,189882,35095,2623,Low
12/31/2015,M5,2015,Middle East,Red,Electric,Automatic,1.5,30867,132703,262,Low
12/31/2019,M5,2019,Middle East,Blue,Diesel,Automatic,4.9,33890,147913,543,Low
12/31/2012,X5,2012,North America,Blue,Diesel,Manual,3.4,107965,59623,5874,High
12/31/2012,X5,2012,Europe,Blue,Petrol,Automatic,4.2,18878,82812,5352,High
12/31/2022,M5,2022,Africa,Blue,Electric,Automatic,2.4,101906,136891,1398,Low
12/31/2021,M5,2021,North America,Red,Diesel,Automatic,4.1,115589,132223,1666,Low
12/31/2022,X1,2022,Africa,Black,Hybrid,Manual,3.5,154058,77814,4801,Low
12/31/2010,i8,2010,Europe,Grey,Hybrid,Manual,3,147244,103507,50,Low
12/31/2016,X1,2016,South America,Silver,Petrol,Automatic,4.9,122949,61467,4527,Low
12/31/2022,5 Series,2022,Asia,Blue,Hybrid,Automatic,3.2,155601,105079,9136,High
12/31/2017,X1,2017,Middle East,Grey,Hybrid,Automatic,3.8,9710,90702,4953,Low
12/31/2011,7 Series,2011,Asia,Blue,Petrol,Manual,1.6,3149,90952,569,Low
12/31/2013,X3,2013,Middle East,White,Hybrid,Automatic,2.6,93197,67701,5901,High
12/31/2019,X5,2019,Middle East,Blue,Diesel,Automatic,4.6,33984,113960,4337,Low
12/31/2016,3 Series,2016,North America,Black,Hybrid,Automatic,4.2,145845,70020,8054,High
12/31/2017,X3,2017,South America,Red,Diesel,Manual,3.4,108924,64878,4614,Low
12/31/2010,X6,2010,South America,Black,Diesel,Manual,4.7,129872,61212,1682,Low
12/31/2013,5 Series,2013,North America,Red,Petrol,Manual,3.2,56507,67961,7085,High
12/31/2015,5 Series,2015,Europe,Red,Hybrid,Manual,3.5,5965,97362,600,Low
12/31/2012,X6,2012,South America,Grey,Electric,Manual,2.8,95262,80315,1729,Low
12/31/2014,X3,2014,Europe,White,Diesel,Automatic,3.7,27180,73330,8864,High
12/31/2019,X5,2019,Asia,Blue,Hybrid,Manual,2.6,187593,84393,6043,High
12/31/2018,7 Series,2018,Asia,Blue,Hybrid,Automatic,2.8,42725,131788,1631,Low
12/31/2020,i8,2020,Europe,White,Diesel,Automatic,4.9,193760,141690,482,Low
12/31/2022,X3,2022,Europe,Black,Diesel,Automatic,1.9,23364,91838,9920,High
12/31/2012,i3,2012,Africa,Black,Electric,Manual,1.9,82511,51271,1892,Low
12/31/2014,5 Series,2014,Asia,White,Hybrid,Manual,1.7,152595,54713,6995,High
12/31/2017,X6,2017,South America,White,Diesel,Manual,2.6,128935,73720,2896,Low
12/31/2015,M5,2015,Europe,Red,Petrol,Automatic,2.9,159184,96457,1526,Low
12/31/2013,7 Series,2013,South America,Blue,Petrol,Manual,1.8,102577,75130,327,Low
12/31/2017,X5,2017,South America,Grey,Hybrid,Automatic,3.4,102321,98339,2991,Low
12/31/2020,X1,2020,Europe,Red,Petrol,Automatic,3.5,85768,79033,6603,High
12/31/2012,X6,2012,Africa,Blue,Diesel,Automatic,4.1,170597,61257,1650,Low
12/31/2012,X3,2012,Asia,Blue,Electric,Manual,4.9,87017,78650,8988,High
12/31/2013,X6,2013,Africa,Grey,Hybrid,Automatic,3.7,79048,92939,1456,Low
12/31/2018,M3,2018,Africa,Grey,Electric,Manual,1.9,178510,80725,1889,Low
12/31/2014,i8,2014,South America,Black,Hybrid,Manual,1.8,80173,125991,50,Low
12/31/2017,X3,2017,Europe,Silver,Diesel,Automatic,4.2,45133,90721,8206,High
12/31/2015,i8,2015,Europe,Red,Hybrid,Manual,3.8,166536,131595,50,Low
12/31/2012,i8,2012,Middle East,Silver,Electric,Manual,2.1,8608,136717,50,Low
12/31/2024,M3,2024,North America,Grey,Petrol,Manual,2.4,152632,97012,3613,Low
12/31/2017,X5,2017,South America,White,Hybrid,Manual,4.1,21236,105718,3527,Low
12/31/2021,i3,2021,Africa,White,Diesel,Manual,3.5,104190,80889,3237,Low
12/31/2018,i8,2018,Middle East,White,Diesel,Automatic,3.5,85662,146021,50,Low
12/31/2017,i3,2017,North America,Grey,Diesel,Automatic,2.2,31689,69103,4386,Low
12/31/2022,X5,2022,North America,White,Electric,Automatic,3.7,94153,123632,5696,High
12/31/2013,M5,2013,Middle East,Black,Electric,Automatic,4.2,38650,136830,50,Low
12/31/2023,i3,2023,Middle East,Blue,Petrol,Automatic,4.6,131366,103082,3937,Low
12/31/2023,M3,2023,North America,Silver,Electric,Manual,4.1,120500,125285,3433,Low
12/31/2022,X6,2022,Asia,Blue,Petrol,Manual,3.5,53600,123941,5029,High
12/31/2020,3 Series,2020,Africa,Grey,Electric,Automatic,3.9,50544,109358,4765,Low
12/31/2015,i8,2015,South America,Silver,Petrol,Manual,3.2,98641,126117,50,Low
12/31/2010,X1,2010,South America,White,Electric,Automatic,2.3,196211,25000,3856,Low
12/31/2013,i8,2013,Africa,White,Hybrid,Manual,4.6,84299,132837,50,Low
12/31/2017,i8,2017,South America,Silver,Hybrid,Manual,3.4,188888,122189,50,Low
12/31/2010,i3,2010,Middle East,Blue,Electric,Manual,3.6,17215,68426,2205,Low
12/31/2012,M3,2012,South America,Black,Petrol,Manual,5,189301,61326,1046,Low
12/31/2010,X5,2010,North America,Silver,Electric,Automatic,4.9,123930,76575,4424,Low
12/31/2018,3 Series,2018,Africa,Silver,Petrol,Automatic,3.6,107112,73480,5352,High
12/31/2011,X6,2011,Europe,Blue,Electric,Automatic,1.6,98548,68081,3676,Low
12/31/2018,X1,2018,South America,Blue,Electric,Manual,2.9,66224,79459,5320,High
12/31/2022,X6,2022,Asia,Blue,Petrol,Automatic,4.8,26815,142041,4105,Low
12/31/2013,X3,2013,North America,Black,Electric,Manual,2.5,192716,47845,8136,High
12/31/2011,i3,2011,South America,Grey,Electric,Automatic,5,119358,65910,2015,Low
12/31/2013,7 Series,2013,Africa,Silver,Electric,Automatic,1.8,90736,97994,50,Low
12/31/2021,i3,2021,South America,White,Diesel,Manual,3.5,40341,87901,2986,Low
12/31/2020,M3,2020,South America,Grey,Electric,Automatic,3.3,110593,109868,2409,Low
12/31/2020,i3,2020,South America,White,Hybrid,Manual,2.4,183151,67114,4162,Low
12/31/2019,M3,2019,Middle East,Blue,Diesel,Automatic,4.8,39118,116471,1540,Low
12/31/2015,M5,2015,Asia,Red,Hybrid,Manual,3.7,188054,100462,1378,Low
12/31/2024,X1,2024,North America,White,Electric,Manual,2.3,132413,90837,8632,High
12/31/2020,M5,2020,South America,White,Petrol,Automatic,2.8,127756,114631,1120,Low
12/31/2016,i8,2016,South America,Red,Electric,Automatic,4,160632,131845,50,Low
12/31/2012,X6,2012,Africa,Blue,Hybrid,Manual,2.5,178284,54031,1892,Low
12/31/2012,i3,2012,Africa,Red,Diesel,Manual,4.6,100654,48473,2402,Low
12/31/2021,i8,2021,Africa,Blue,Diesel,Automatic,2.1,93708,140493,50,Low
12/31/2019,i8,2019,Asia,Blue,Petrol,Automatic,2.4,176282,124389,473,Low
12/31/2021,X1,2021,South America,Black,Hybrid,Automatic,2,160873,70793,4963,Low
12/31/2017,M3,2017,Asia,Silver,Petrol,Manual,1.9,178128,63704,3148,Low
12/31/2014,3 Series,2014,South America,Black,Petrol,Automatic,2.6,144798,43511,5886,High
12/31/2013,X3,2013,Middle East,Blue,Diesel,Manual,5,197465,45929,5528,High
12/31/2016,X5,2016,Europe,Grey,Diesel,Automatic,1.8,21013,83359,5815,High
12/31/2016,5 Series,2016,Africa,White,Hybrid,Automatic,2.2,188392,59366,3428,Low
12/31/2022,X3,2022,Europe,White,Hybrid,Manual,2.5,59711,106901,8811,High
12/31/2018,5 Series,2018,South America,Black,Diesel,Automatic,3.7,22205,99810,7206,High
12/31/2018,X1,2018,North America,White,Electric,Manual,4.1,987,103622,8235,High
12/31/2014,i8,2014,Middle East,Silver,Petrol,Automatic,4.1,152566,122088,50,Low
12/31/2022,X3,2022,Asia,Silver,Electric,Manual,1.5,51689,104999,10841,High
12/31/2021,X6,2021,Middle East,Red,Hybrid,Automatic,3.8,5166,147892,2696,Low
12/31/2022,M5,2022,North America,Grey,Diesel,Automatic,3.7,188416,123751,1927,Low
12/31/2017,X1,2017,Europe,Blue,Diesel,Automatic,3.3,84931,66029,7206,High
12/31/2019,X5,2019,North America,Red,Diesel,Automatic,2.8,3535,104632,6483,High
12/31/2010,3 Series,2010,Africa,Red,Petrol,Manual,4.3,113834,39106,3915,Low
12/31/2018,X1,2018,Europe,Grey,Electric,Automatic,2.7,173480,65494,6986,High
12/31/2017,M3,2017,North America,Black,Hybrid,Manual,2.3,117219,89482,3072,Low
12/31/2015,X5,2015,South America,Blue,Petrol,Manual,2.6,55693,73671,3760,Low
12/31/2022,i8,2022,Africa,Black,Petrol,Automatic,3,6378,174118,50,Low
12/31/2012,5 Series,2012,Africa,White,Petrol,Manual,2.2,181762,31761,3894,Low
12/31/2012,i3,2012,Middle East,White,Diesel,Automatic,3.6,16192,67574,3100,Low
12/31/2017,X3,2017,Africa,Silver,Diesel,Automatic,4.6,191787,62397,5053,High
12/31/2014,X3,2014,Africa,Black,Petrol,Automatic,3.6,120967,57443,4235,Low
12/31/2019,3 Series,2019,Middle East,Black,Diesel,Manual,3.1,183380,55344,7427,High
12/31/2020,X6,2020,Africa,White,Petrol,Automatic,4.3,111933,104199,2132,Low
12/31/2023,5 Series,2023,Asia,Red,Hybrid,Manual,4.1,165633,109170,8718,High
12/31/2016,M3,2016,Africa,Red,Electric,Automatic,2.8,30795,107064,1027,Low
12/31/2014,i3,2014,Asia,Silver,Hybrid,Manual,3.6,65229,74026,4150,Low
12/31/2017,i3,2017,Middle East,Grey,Petrol,Manual,4.1,119893,69649,2979,Low
12/31/2019,7 Series,2019,Europe,Black,Diesel,Manual,2.4,46992,118250,1136,Low
12/31/2019,3 Series,2019,South America,Silver,Hybrid,Manual,2.8,7356,93785,6635,High
12/31/2013,X5,2013,Asia,Silver,Hybrid,Manual,1.9,22790,81299,6382,High
12/31/2011,M3,2011,North America,Grey,Electric,Automatic,5,155425,86432,1864,Low
12/31/2012,i8,2012,South America,Grey,Petrol,Automatic,1.8,73749,105052,50,Low
12/31/2017,5 Series,2017,Asia,Blue,Diesel,Manual,2.1,111509,63768,7453,High
12/31/2024,X1,2024,Asia,Black,Diesel,Manual,3.2,163711,71749,9625,High
12/31/2020,X3,2020,South America,Red,Petrol,Automatic,4.5,184828,76537,5946,High
12/31/2022,i8,2022,Europe,Silver,Petrol,Automatic,2.7,111628,155831,358,Low
12/31/2016,i8,2016,North America,Black,Electric,Manual,4.2,67820,153315,50,Low
12/31/2022,M3,2022,Asia,Red,Petrol,Manual,3.9,140997,108305,2911,Low
12/31/2011,X1,2011,South America,Blue,Electric,Manual,3.7,182910,34740,3926,Low
12/31/2015,X1,2015,Africa,Red,Electric,Manual,4.5,110635,67265,3859,Low
12/31/2018,3 Series,2018,Asia,Grey,Diesel,Manual,1.5,139166,49987,10781,High
12/31/2024,X6,2024,Africa,White,Petrol,Automatic,4.8,139544,117997,2420,Low
12/31/2013,X1,2013,Africa,Silver,Electric,Automatic,4.4,93535,68174,3989,Low
12/31/2018,X3,2018,Asia,White,Diesel,Automatic,4.8,82998,90208,8798,High
12/31/2011,M5,2011,South America,Silver,Hybrid,Automatic,4.3,32284,119159,50,Low
12/31/2011,X1,2011,Europe,Silver,Electric,Manual,4.6,177903,46337,6625,High
12/31/2018,X6,2018,Middle East,White,Hybrid,Automatic,2.2,136994,93548,3020,Low
12/31/2021,i8,2021,Africa,Red,Hybrid,Manual,2.6,35919,165139,84,Low
12/31/2016,M3,2016,Asia,Black,Petrol,Automatic,2.6,187900,66887,3298,Low
12/31/2016,i3,2016,Africa,Blue,Electric,Manual,1.9,64075,70505,2524,Low
12/31/2010,i3,2010,North America,Red,Diesel,Automatic,4.1,11609,57243,3840,Low
12/31/2022,M3,2022,South America,Grey,Petrol,Manual,2,3574,113846,1817,Low
12/31/2020,5 Series,2020,Africa,Blue,Petrol,Manual,1.7,142734,72641,3687,Low
12/31/2015,i8,2015,Asia,Blue,Diesel,Automatic,4.2,76592,136472,50,Low
12/31/2022,7 Series,2022,Europe,Black,Electric,Manual,4.7,182985,143157,2058,Low
12/31/2016,i3,2016,Asia,White,Diesel,Manual,4.2,106021,64707,5679,High
12/31/2020,i8,2020,Europe,Black,Electric,Automatic,4.4,178287,153736,556,Low
12/31/2023,M5,2023,Middle East,Red,Electric,Manual,3.6,145675,155883,1765,Low
12/31/2015,X1,2015,Asia,Silver,Diesel,Manual,4.6,165179,47598,7444,High
12/31/2015,X1,2015,Asia,Blue,Diesel,Manual,3.2,9429,66546,8322,High
12/31/2011,7 Series,2011,South America,Grey,Hybrid,Automatic,5,24255,112891,50,Low
12/31/2015,3 Series,2015,South America,Silver,Electric,Manual,1.9,91642,61613,6331,High
12/31/2013,M5,2013,Africa,Black,Hybrid,Manual,4.3,184334,96943,117,Low
12/31/2018,i3,2018,South America,Silver,Petrol,Manual,3.7,83747,74224,3292,Low
12/31/2024,M5,2024,Asia,Red,Diesel,Manual,3.5,64504,150883,2369,Low
12/31/2021,5 Series,2021,South America,Grey,Electric,Manual,4,105028,114878,907,Low
12/31/2010,X5,2010,North America,Silver,Diesel,Manual,4.4,52976,69993,5225,High
12/31/2022,i3,2022,Middle East,Red,Diesel,Automatic,4.5,70826,98760,4023,Low
12/31/2017,M3,2017,South America,Red,Diesel,Automatic,2.1,60690,83747,1700,Low
12/31/2014,i8,2014,North America,Black,Hybrid,Manual,2.2,92749,130510,50,Low
12/31/2010,X5,2010,Asia,Black,Hybrid,Automatic,1.6,165210,45118,5438,High
12/31/2013,X1,2013,North America,Red,Petrol,Automatic,2,18551,54042,6583,High
12/31/2010,5 Series,2010,Middle East,Red,Diesel,Manual,2.4,127257,38468,4438,Low
12/31/2015,5 Series,2015,Africa,Silver,Hybrid,Manual,4,21718,95692,2718,Low
12/31/2011,X6,2011,North America,Blue,Petrol,Manual,3.2,172529,51830,3843,Low
12/31/2024,i3,2024,South America,White,Electric,Automatic,4.2,84327,121361,3620,Low
12/31/2014,X6,2014,Europe,Red,Diesel,Manual,3.2,102179,72860,3964,Low
12/31/2016,M5,2016,Middle East,Black,Diesel,Automatic,3.4,102338,118151,563,Low
12/31/2011,i8,2011,Middle East,Black,Petrol,Manual,1.9,117571,103538,50,Low
12/31/2015,7 Series,2015,Asia,Red,Hybrid,Automatic,4.2,151454,109587,1080,Low
12/31/2015,5 Series,2015,Europe,Grey,Diesel,Manual,4.2,149288,67991,6801,High
12/31/2014,3 Series,2014,North America,Black,Diesel,Manual,2.6,76443,51677,9299,High
12/31/2014,7 Series,2014,North America,White,Hybrid,Manual,2.7,40423,109543,697,Low
12/31/2023,i3,2023,Europe,Grey,Hybrid,Manual,2.3,93898,93509,5174,High
12/31/2012,3 Series,2012,North America,Grey,Electric,Automatic,4.3,51118,80928,8963,High
12/31/2024,X6,2024,Middle East,Red,Petrol,Automatic,4.1,1463,154784,2366,Low
12/31/2019,3 Series,2019,Middle East,Grey,Electric,Automatic,3.6,58090,105660,7713,High
12/31/2024,M3,2024,South America,Blue,Hybrid,Automatic,2.3,19407,131866,2613,Low
12/31/2019,5 Series,2019,Middle East,White,Electric,Automatic,2.1,175388,38321,6516,High
12/31/2020,X6,2020,North America,Red,Hybrid,Manual,1.7,126292,98189,4291,Low
12/31/2021,X5,2021,Africa,Black,Electric,Automatic,1.7,151693,92022,3985,Low
12/31/2011,X1,2011,South America,Silver,Petrol,Automatic,2.2,154255,25000,4294,Low
12/31/2016,7 Series,2016,South America,Red,Hybrid,Manual,1.9,45530,113415,277,Low
12/31/2010,X5,2010,Middle East,White,Petrol,Automatic,3.4,120823,55956,3131,Low
12/31/2015,X1,2015,Europe,Silver,Hybrid,Automatic,2.8,196891,43638,7665,High
12/31/2015,7 Series,2015,Asia,Silver,Petrol,Manual,3.1,133837,95332,1185,Low
12/31/2012,5 Series,2012,Asia,Silver,Diesel,Manual,3.6,19491,71011,6854,High
12/31/2011,3 Series,2011,South America,Blue,Electric,Automatic,3.8,161161,47181,5956,High
12/31/2021,7 Series,2021,Middle East,Grey,Petrol,Manual,3.8,166069,117448,1005,Low
12/31/2011,M3,2011,Africa,Silver,Petrol,Manual,2.4,75144,58507,766,Low
12/31/2023,i3,2023,North America,Red,Hybrid,Automatic,4.3,75995,117801,6008,High
12/31/2022,3 Series,2022,Asia,White,Petrol,Manual,4.7,143741,89672,11727,High
12/31/2018,5 Series,2018,Middle East,Red,Electric,Automatic,2.6,13759,110871,4378,Low
12/31/2020,M5,2020,Asia,White,Diesel,Manual,1.6,191570,96883,2066,Low
12/31/2014,i3,2014,Middle East,White,Hybrid,Automatic,4.6,52280,82183,2676,Low
12/31/2016,M5,2016,Middle East,Grey,Hybrid,Automatic,4.7,105036,130807,357,Low
12/31/2021,3 Series,2021,South America,Silver,Hybrid,Manual,1.7,126842,72999,5996,High
12/31/2014,M3,2014,Middle East,Blue,Petrol,Manual,1.5,169911,49947,1929,Low
12/31/2016,i3,2016,North America,Black,Hybrid,Automatic,4.4,36790,98948,4810,Low
12/31/2022,M5,2022,North America,Red,Hybrid,Automatic,2.6,7012,163140,1759,Low
12/31/2013,i3,2013,North America,Blue,Petrol,Manual,4.7,45862,72150,4912,Low
12/31/2017,3 Series,2017,Africa,Blue,Electric,Automatic,2.3,26419,90415,4425,Low
12/31/2022,X5,2022,Africa,Grey,Electric,Manual,4.5,14654,146274,3183,Low
12/31/2020,M5,2020,North America,Black,Petrol,Manual,1.7,18748,126664,1574,Low
12/31/2023,7 Series,2023,Asia,Red,Hybrid,Manual,2.4,161819,131769,2494,Low
12/31/2019,7 Series,2019,Africa,Red,Diesel,Automatic,4.9,81933,129976,341,Low
12/31/2022,M5,2022,Middle East,Black,Petrol,Manual,2.3,34468,150422,982,Low
12/31/2020,i8,2020,Middle East,Grey,Electric,Manual,2,83567,164310,92,Low
12/31/2019,X1,2019,Europe,Silver,Diesel,Manual,4.5,127667,100461,6262,High
12/31/2016,i3,2016,Middle East,Blue,Diesel,Manual,1.9,43230,65499,2997,Low
12/31/2019,M5,2019,South America,Silver,Petrol,Manual,1.8,109824,105887,1042,Low
12/31/2024,X6,2024,Africa,Red,Petrol,Automatic,2.6,58327,119749,2595,Low
12/31/2014,M3,2014,Asia,Grey,Diesel,Manual,3.7,95285,80153,423,Low
12/31/2020,X3,2020,Middle East,Blue,Electric,Automatic,4,77485,115734,6091,High
12/31/2015,i8,2015,South America,Red,Hybrid,Manual,4.6,41434,148128,50,Low
12/31/2014,X6,2014,Asia,White,Diesel,Manual,3.4,180175,61202,3757,Low
12/31/2016,3 Series,2016,Asia,Black,Petrol,Manual,2.9,169044,49426,10720,High
12/31/2021,M5,2021,Asia,Silver,Diesel,Manual,2.8,198391,105761,2362,Low
12/31/2011,M5,2011,North America,Silver,Hybrid,Manual,4.5,184446,93378,897,Low
12/31/2014,3 Series,2014,South America,Grey,Hybrid,Manual,4,8385,86078,5379,High
12/31/2024,M3,2024,South America,Silver,Diesel,Manual,4.7,26580,131037,1861,Low
12/31/2019,X1,2019,Europe,Silver,Diesel,Manual,4.9,67684,86450,8119,High
12/31/2024,X1,2024,Middle East,Grey,Electric,Automatic,2.6,144454,100403,6766,High
12/31/2012,M5,2012,Middle East,Grey,Petrol,Automatic,3.4,25665,110053,105,Low
12/31/2018,i8,2018,Europe,Blue,Electric,Automatic,3.7,164736,143871,417,Low
12/31/2022,i3,2022,Middle East,Red,Hybrid,Automatic,2.1,182402,77274,4746,Low
12/31/2015,X5,2015,Europe,White,Electric,Manual,1.7,136192,73117,4961,Low
12/31/2022,i3,2022,Middle East,Black,Petrol,Manual,4.5,18466,115213,3957,Low
12/31/2019,X6,2019,North America,Silver,Diesel,Automatic,3.4,41743,114977,4589,Low
12/31/2012,M3,2012,Asia,Grey,Hybrid,Manual,3.5,111090,77748,2592,Low
12/31/2016,5 Series,2016,North America,Grey,Electric,Manual,3.4,190100,75158,6458,High
12/31/2013,X3,2013,Middle East,Silver,Hybrid,Manual,4.1,189426,57165,5601,High
12/31/2023,7 Series,2023,Europe,Silver,Diesel,Manual,2,68868,132633,1711,Low
12/31/2012,7 Series,2012,Asia,Grey,Hybrid,Automatic,3.6,194553,88706,967,Low
12/31/2017,3 Series,2017,Africa,Grey,Electric,Manual,3.1,107806,72446,4951,Low
12/31/2022,X1,2022,Middle East,White,Electric,Automatic,4.6,98042,109987,6009,High
12/31/2013,3 Series,2013,Asia,Black,Hybrid,Automatic,3.3,78937,68558,10672,High
12/31/2020,M3,2020,Europe,Grey,Diesel,Automatic,4.8,107776,103443,2772,Low
12/31/2010,5 Series,2010,Asia,Grey,Diesel,Manual,2.7,36566,57037,5903,High
12/31/2015,M5,2015,Europe,White,Electric,Manual,4.9,169503,120959,889,Low
12/31/2019,5 Series,2019,North America,Black,Petrol,Manual,4.6,69060,108100,1469,Low
12/31/2020,X6,2020,Europe,Blue,Petrol,Automatic,3.5,92755,106990,3913,Low
12/31/2020,7 Series,2020,North America,Grey,Petrol,Manual,2.7,19547,135218,1215,Low
12/31/2010,X5,2010,North America,Red,Petrol,Manual,2.8,107910,52633,5509,High
12/31/2014,3 Series,2014,Africa,Black,Hybrid,Manual,4.2,69068,73088,4744,Low
12/31/2016,i3,2016,Africa,Silver,Hybrid,Automatic,3.5,193823,57075,2399,Low
12/31/2024,i8,2024,Asia,Silver,Hybrid,Automatic,2.9,118801,164336,1101,Low
12/31/2015,M5,2015,North America,White,Electric,Automatic,3.7,30893,134322,861,Low
12/31/2023,M5,2023,North America,Red,Hybrid,Manual,4.1,11116,179308,1827,Low
12/31/2011,7 Series,2011,South America,Grey,Electric,Automatic,1.6,157916,71851,113,Low
12/31/2020,M3,2020,Africa,Red,Electric,Automatic,1.8,121683,97878,1975,Low
12/31/2013,i8,2013,Asia,Silver,Diesel,Automatic,1.8,174361,94745,50,Low
12/31/2020,7 Series,2020,Africa,White,Petrol,Manual,2.3,105340,107570,715,Low
12/31/2024,3 Series,2024,South America,Silver,Hybrid,Manual,3,99969,103382,7498,High
12/31/2011,7 Series,2011,South America,Silver,Electric,Manual,4.3,10218,113833,50,Low
12/31/2020,X6,2020,South America,Black,Hybrid,Automatic,2.7,106937,104591,2832,Low
12/31/2010,i3,2010,Europe,Black,Petrol,Automatic,1.6,82529,29689,4653,Low
12/31/2024,X3,2024,Europe,Blue,Petrol,Manual,3.2,6623,112007,8769,High
12/31/2012,7 Series,2012,North America,Black,Petrol,Automatic,5,186776,83622,883,Low
12/31/2012,i3,2012,Africa,Silver,Petrol,Manual,2.7,49862,49423,1915,Low
12/31/2024,X3,2024,Asia,Red,Hybrid,Manual,4.9,125517,118680,10750,High
12/31/2021,X1,2021,Africa,Blue,Diesel,Manual,1.9,184476,46298,4962,Low
12/31/2016,3 Series,2016,North America,Black,Diesel,Automatic,2.1,42980,66177,10522,High
12/31/2010,5 Series,2010,Europe,Silver,Electric,Automatic,4,197604,53460,6207,High
12/31/2018,7 Series,2018,Europe,Grey,Electric,Manual,3.3,125446,116523,1884,Low
12/31/2020,M3,2020,Africa,Red,Petrol,Automatic,4.2,173024,88051,1552,Low
12/31/2015,i8,2015,Africa,Silver,Petrol,Automatic,4.5,119167,128332,50,Low
12/31/2013,i8,2013,Asia,Black,Electric,Manual,2.4,73426,134915,50,Low
12/31/2012,i3,2012,Africa,Red,Hybrid,Automatic,3.9,161048,48127,2113,Low
12/31/2024,5 Series,2024,Middle East,White,Diesel,Automatic,3.6,190983,92933,5567,High
12/31/2012,X3,2012,Africa,Silver,Diesel,Automatic,4.5,47390,68061,4342,Low
12/31/2011,X1,2011,Africa,White,Electric,Automatic,3,85739,48853,3868,Low
12/31/2011,X3,2011,Africa,Blue,Hybrid,Manual,1.7,172487,27136,4752,Low
12/31/2023,M5,2023,North America,Grey,Hybrid,Manual,3.5,130115,149566,2168,Low
12/31/2021,X1,2021,Europe,Blue,Hybrid,Automatic,4.9,140063,95153,8032,High
12/31/2022,X6,2022,South America,White,Diesel,Manual,1.6,75910,99546,2879,Low
12/31/2019,M5,2019,Middle East,White,Diesel,Automatic,2.3,188557,110213,1109,Low
12/31/2014,M5,2014,South America,Black,Electric,Manual,2.6,120225,105569,341,Low
12/31/2018,X3,2018,Asia,White,Electric,Automatic,4.2,83140,102890,8685,High
12/31/2011,i3,2011,Asia,Black,Electric,Manual,2.6,30219,64777,4314,Low
12/31/2011,i8,2011,Asia,Silver,Petrol,Manual,2.3,135252,96532,50,Low
12/31/2021,X1,2021,Africa,White,Diesel,Automatic,3.8,153976,66237,5372,High
12/31/2015,i3,2015,South America,Black,Electric,Automatic,1.7,86604,64429,2627,Low
12/31/2022,X1,2022,Asia,Black,Hybrid,Manual,2.1,121432,78479,8945,High
12/31/2024,i3,2024,Middle East,Blue,Petrol,Manual,2.9,31265,109355,4333,Low
12/31/2019,X6,2019,South America,Silver,Electric,Manual,2.7,9001,122147,2429,Low
12/31/2011,i3,2011,Europe,Silver,Electric,Automatic,2.7,149311,45964,4836,Low
12/31/2021,X6,2021,South America,White,Diesel,Manual,1.9,36587,100683,3011,Low
12/31/2013,7 Series,2013,Africa,Blue,Diesel,Manual,2.8,147448,74316,204,Low
12/31/2015,M5,2015,South America,Silver,Hybrid,Automatic,4.3,5679,141109,50,Low
12/31/2014,X1,2014,Africa,Silver,Electric,Automatic,2.9,140304,52899,4025,Low
12/31/2010,X6,2010,Asia,Grey,Electric,Manual,3.6,77460,84890,3315,Low
12/31/2024,X6,2024,Middle East,Black,Hybrid,Manual,2.1,134414,122340,3266,Low
12/31/2015,M5,2015,Asia,Black,Hybrid,Manual,1.7,66073,114902,1281,Low
12/31/2010,5 Series,2010,Asia,Silver,Diesel,Automatic,4.6,104546,60295,6663,High
12/31/2012,i8,2012,Middle East,Red,Petrol,Automatic,2.7,97113,115131,50,Low
12/31/2019,7 Series,2019,North America,Blue,Hybrid,Automatic,2.7,173195,108763,2032,Low
12/31/2014,3 Series,2014,Africa,Black,Hybrid,Manual,4.6,164347,57153,4577,Low
12/31/2023,3 Series,2023,Europe,Grey,Diesel,Automatic,4,124949,94413,10484,High
12/31/2019,X6,2019,Africa,Red,Diesel,Manual,4.1,100297,101857,2437,Low
12/31/2022,5 Series,2022,Asia,Red,Petrol,Manual,3.9,59619,114309,7506,High
12/31/2014,7 Series,2014,Africa,Blue,Hybrid,Automatic,1.9,182113,75814,322,Low
12/31/2022,X5,2022,North America,Silver,Electric,Manual,4.9,171220,64020,7297,High
12/31/2019,7 Series,2019,Africa,Red,Diesel,Automatic,4.7,154976,107337,680,Low
12/31/2015,i3,2015,North America,Blue,Hybrid,Manual,2.3,172972,46385,4621,Low
12/31/2024,X5,2024,Middle East,Grey,Diesel,Automatic,4.3,49854,135615,4726,Low
12/31/2021,M5,2021,Middle East,Blue,Hybrid,Manual,2.9,75291,146465,1238,Low
12/31/2019,3 Series,2019,Africa,Silver,Diesel,Manual,3.9,131022,68906,5384,High
12/31/2017,X5,2017,South America,Black,Diesel,Manual,2.1,13917,84912,3091,Low
12/31/2014,X1,2014,Europe,White,Diesel,Automatic,3.4,175064,33898,8187,High
12/31/2023,i3,2023,Middle East,Black,Petrol,Manual,1.9,30652,99676,3505,Low
12/31/2024,X6,2024,Africa,Blue,Diesel,Manual,3.4,121713,112983,5798,High
12/31/2020,M5,2020,Africa,Black,Electric,Automatic,2.4,13775,150580,731,Low
12/31/2010,3 Series,2010,North America,Grey,Diesel,Automatic,3.1,197897,25000,8990,High
12/31/2014,X5,2014,Asia,White,Electric,Manual,3.8,144152,84016,4974,Low
12/31/2012,5 Series,2012,Europe,White,Hybrid,Automatic,4.6,34699,87921,4901,Low
12/31/2013,X1,2013,Middle East,Grey,Diesel,Manual,2.1,149991,25825,5643,High
12/31/2024,X6,2024,Asia,Grey,Petrol,Automatic,4.6,181320,124223,5244,High
12/31/2024,X1,2024,Africa,Red,Electric,Manual,2.9,74963,100402,4868,Low
12/31/2022,3 Series,2022,North America,Black,Diesel,Automatic,4.5,95013,96860,11316,High
12/31/2017,M5,2017,Africa,Black,Hybrid,Automatic,3.3,101969,124816,270,Low
12/31/2016,M3,2016,Asia,Red,Petrol,Manual,4.5,23260,101957,2960,Low
12/31/2020,X6,2020,North America,Red,Hybrid,Automatic,3.8,29860,138397,4173,Low
12/31/2014,X1,2014,Middle East,Red,Diesel,Automatic,3.3,143802,42338,5314,High
12/31/2011,7 Series,2011,North America,Silver,Hybrid,Manual,2.6,132976,79914,646,Low
12/31/2015,M5,2015,North America,Blue,Diesel,Manual,4.9,395,132796,1027,Low
12/31/2020,3 Series,2020,North America,Blue,Diesel,Manual,4.3,179108,69848,10274,High
12/31/2015,X1,2015,Asia,Grey,Electric,Automatic,2.8,110175,61951,7963,High
12/31/2019,i8,2019,Asia,White,Diesel,Manual,2.1,27147,152751,50,Low
12/31/2019,i3,2019,Africa,Black,Hybrid,Manual,4.2,2982,109539,2813,Low
12/31/2023,7 Series,2023,Asia,Red,Petrol,Manual,5,109771,142140,1620,Low
12/31/2020,7 Series,2020,Asia,Grey,Electric,Manual,2.5,175072,114253,1861,Low
12/31/2015,M3,2015,Africa,Black,Electric,Manual,4.7,165175,85198,1107,Low
12/31/2023,X6,2023,South America,Red,Petrol,Manual,1.9,95738,102772,3260,Low
12/31/2018,5 Series,2018,North America,Silver,Petrol,Automatic,4.8,194666,80684,7166,High
12/31/2020,7 Series,2020,Asia,Red,Diesel,Automatic,4.1,188319,113092,1904,Low
12/31/2017,7 Series,2017,Europe,Red,Hybrid,Automatic,2.7,119703,141055,634,Low
12/31/2017,X5,2017,Middle East,Grey,Diesel,Automatic,2.6,60062,90682,3875,Low
12/31/2010,X5,2010,Asia,Blue,Petrol,Automatic,3.8,74941,68173,5126,High
12/31/2014,X1,2014,Asia,Blue,Diesel,Manual,3.6,109550,44613,7989,High
12/31/2016,5 Series,2016,Middle East,Silver,Electric,Automatic,4.7,87513,102119,4621,Low
12/31/2015,M3,2015,Asia,Blue,Petrol,Manual,4.2,134657,77294,2484,Low
12/31/2014,X3,2014,Africa,Red,Hybrid,Automatic,3.4,119859,67260,4026,Low
12/31/2017,X5,2017,North America,Blue,Diesel,Automatic,4.7,195152,77531,5569,High
12/31/2012,M5,2012,Africa,Red,Electric,Manual,3.6,37504,65276,445,Low
12/31/2015,X1,2015,Asia,Blue,Diesel,Manual,4.5,64307,63258,8209,High
12/31/2024,i3,2024,Asia,Grey,Petrol,Automatic,4.4,17758,116650,6051,High
12/31/2014,X5,2014,Asia,Grey,Electric,Manual,4.7,188795,78527,6191,High
12/31/2017,5 Series,2017,Asia,Grey,Diesel,Manual,1.7,122972,59848,7985,High
12/31/2013,i3,2013,South America,Red,Diesel,Automatic,3.5,25068,61595,2911,Low
12/31/2017,3 Series,2017,North America,Blue,Electric,Manual,3.1,103267,77951,9855,High
12/31/2019,X6,2019,Europe,Blue,Electric,Manual,3.2,176135,96282,5225,High
12/31/2023,5 Series,2023,Europe,White,Diesel,Automatic,3.1,61795,114335,6755,High
12/31/2024,3 Series,2024,Europe,Red,Petrol,Manual,4.4,99246,104775,9535,High
12/31/2011,3 Series,2011,Africa,White,Electric,Automatic,2.6,49812,62550,3914,Low
12/31/2018,7 Series,2018,Middle East,Blue,Diesel,Automatic,3.1,162122,107594,799,Low
12/31/2022,X1,2022,Middle East,White,Hybrid,Automatic,2.2,189835,70696,6489,High
12/31/2018,5 Series,2018,Asia,Grey,Diesel,Automatic,2.4,146649,67703,7634,High
12/31/2024,i8,2024,South America,Silver,Diesel,Manual,3.8,95578,170095,50,Low
12/31/2023,X5,2023,Africa,Grey,Diesel,Automatic,1.9,180001,42740,5131,High
12/31/2019,i8,2019,North America,Grey,Electric,Manual,2.2,42697,157491,361,Low
12/31/2019,M3,2019,Europe,White,Petrol,Automatic,3.3,24058,110892,2610,Low
12/31/2022,X5,2022,Africa,Black,Hybrid,Manual,1.7,9977,121495,4075,Low
12/31/2015,i8,2015,South America,Silver,Electric,Automatic,1.9,188360,117478,50,Low
12/31/2013,X3,2013,North America,Red,Electric,Automatic,4.5,111974,81451,6989,High
12/31/2013,M5,2013,Africa,Blue,Electric,Manual,4.5,11979,129254,50,Low
12/31/2022,M3,2022,Middle East,Blue,Electric,Manual,2.7,22608,132484,2251,Low
12/31/2015,i3,2015,South America,Grey,Electric,Automatic,2.7,155432,58460,3290,Low
12/31/2014,M5,2014,North America,Blue,Hybrid,Automatic,4.8,52727,139941,729,Low
12/31/2015,X1,2015,Europe,Silver,Diesel,Manual,1.6,112098,34592,7976,High
12/31/2016,5 Series,2016,Asia,Red,Diesel,Automatic,3.5,92636,79928,6325,High
12/31/2016,X3,2016,North America,Black,Petrol,Manual,3.6,74030,75757,8531,High
12/31/2018,5 Series,2018,Europe,Black,Hybrid,Manual,4.3,43790,105916,7597,High
12/31/2017,7 Series,2017,Africa,White,Hybrid,Manual,4.8,65374,131210,50,Low
12/31/2022,M3,2022,Middle East,Black,Electric,Manual,2.7,52427,128553,2446,Low
12/31/2015,X3,2015,Asia,White,Petrol,Automatic,3,35887,72341,8875,High
12/31/2021,3 Series,2021,Europe,Grey,Hybrid,Automatic,3.8,25039,107280,10119,High
12/31/2015,X1,2015,Africa,Grey,Hybrid,Manual,4.9,81574,76420,3325,Low
12/31/2024,X3,2024,North America,Black,Petrol,Manual,4.6,89093,116336,9549,High
12/31/2023,5 Series,2023,South America,Silver,Hybrid,Automatic,3.8,42327,126876,5437,High
12/31/2014,M3,2014,Asia,White,Diesel,Automatic,4.5,129207,81533,2295,Low
12/31/2010,X6,2010,Asia,Blue,Electric,Automatic,1.8,70507,71846,3250,Low
12/31/2018,i3,2018,North America,Silver,Diesel,Automatic,2.8,107977,65755,6003,High
12/31/2018,X6,2018,Africa,Blue,Hybrid,Manual,1.5,87772,86706,2599,Low
12/31/2018,M5,2018,Africa,Silver,Diesel,Automatic,2.1,153096,92314,980,Low
12/31/2024,5 Series,2024,Africa,Grey,Diesel,Automatic,3.7,170892,95063,4124,Low
12/31/2020,M5,2020,Middle East,Silver,Petrol,Manual,4.6,113906,134521,827,Low
12/31/2017,X1,2017,Africa,Blue,Hybrid,Automatic,3.7,63514,44216,3868,Low
12/31/2022,X3,2022,Asia,Silver,Diesel,Automatic,3.8,179812,81510,10708,High
12/31/2019,5 Series,2019,Europe,Red,Electric,Manual,1.9,173703,77519,6872,High
12/31/2022,X5,2022,Middle East,Grey,Hybrid,Manual,3.8,44212,136643,3777,Low
12/31/2012,5 Series,2012,South America,Grey,Electric,Automatic,3.1,67305,76210,3088,Low
12/31/2010,M3,2010,Africa,Red,Electric,Manual,3.8,105475,74153,463,Low
12/31/2020,X6,2020,Middle East,Red,Diesel,Automatic,2.6,162249,89468,2885,Low
12/31/2021,X1,2021,Africa,Red,Diesel,Manual,3.5,31400,84838,5004,High
12/31/2021,5 Series,2021,Middle East,Grey,Diesel,Automatic,3,94669,102357,4192,Low
12/31/2017,5 Series,2017,North America,Grey,Electric,Manual,3.5,156873,86303,5908,High
12/31/2016,i8,2016,North America,Grey,Diesel,Manual,2,64199,127128,50,Low
12/31/2022,X6,2022,South America,Blue,Hybrid,Automatic,2.9,6789,141906,2685,Low
12/31/2014,X6,2014,North America,Red,Electric,Manual,2.8,132868,84789,3589,Low
12/31/2019,5 Series,2019,Middle East,White,Petrol,Automatic,4.1,103316,101218,4746,Low
12/31/2016,3 Series,2016,Europe,Grey,Electric,Manual,4,199574,64237,9815,High
12/31/2019,i3,2019,Middle East,Black,Diesel,Manual,4.7,109364,84626,3105,Low
12/31/2013,7 Series,2013,Africa,Red,Petrol,Manual,3.7,7379,108508,50,Low
12/31/2018,3 Series,2018,South America,White,Hybrid,Manual,2.6,176766,56804,6602,High
12/31/2020,X3,2020,North America,White,Hybrid,Manual,4.2,188041,87266,10761,High
12/31/2019,X3,2019,North America,Blue,Electric,Manual,3.2,60625,97060,9188,High
12/31/2023,i8,2023,Middle East,Red,Petrol,Manual,2.2,22419,175249,50,Low
12/31/2011,X5,2011,Europe,Black,Petrol,Manual,4.1,50095,72101,5416,High
12/31/2018,7 Series,2018,Africa,Grey,Petrol,Manual,2,22623,115320,370,Low
12/31/2018,i8,2018,Europe,Silver,Electric,Automatic,2.1,102620,150935,266,Low
12/31/2014,i3,2014,South America,White,Electric,Automatic,4.2,294,93654,2508,Low
12/31/2020,M5,2020,Middle East,Red,Petrol,Automatic,4.2,123264,142937,775,Low
12/31/2010,M5,2010,Africa,Silver,Hybrid,Automatic,4.3,86591,101609,50,Low
12/31/2016,i8,2016,Middle East,Blue,Electric,Manual,2.5,33326,150670,50,Low
12/31/2019,7 Series,2019,Asia,Blue,Hybrid,Automatic,4.5,79706,141640,1377,Low
12/31/2019,i8,2019,Africa,Silver,Hybrid,Automatic,4,118754,151972,50,Low
12/31/2013,X5,2013,Europe,Grey,Diesel,Automatic,4.4,194685,59586,5370,High
12/31/2018,5 Series,2018,Africa,Blue,Hybrid,Automatic,4,94555,100980,3489,Low
12/31/2015,X3,2015,Europe,Grey,Hybrid,Manual,3.5,110383,71782,9007,High
12/31/2022,X6,2022,North America,Grey,Hybrid,Manual,1.9,167925,100268,5657,High
12/31/2012,X3,2012,South America,Grey,Diesel,Automatic,4,30825,68113,5035,High
12/31/2015,3 Series,2015,Middle East,Red,Diesel,Manual,3.9,103273,63081,6978,High
12/31/2022,i8,2022,Europe,Blue,Diesel,Manual,2.6,167889,135665,659,Low
12/31/2019,M3,2019,South America,Red,Electric,Manual,4.1,80253,112696,1712,Low
12/31/2015,5 Series,2015,Europe,Grey,Hybrid,Automatic,3.4,92385,82632,5898,High
12/31/2014,X6,2014,North America,Grey,Diesel,Automatic,3.5,24178,95480,3562,Low
12/31/2011,i3,2011,Asia,Grey,Petrol,Automatic,2.8,135570,35734,5401,High
12/31/2019,M5,2019,Europe,White,Hybrid,Automatic,1.9,73815,132973,1834,Low
12/31/2019,M5,2019,Asia,White,Diesel,Automatic,2.3,96481,121412,1790,Low
12/31/2011,X6,2011,Africa,Blue,Petrol,Automatic,4.2,79839,77897,1242,Low
12/31/2016,M5,2016,Middle East,Black,Diesel,Automatic,2.5,133441,101769,847,Low
12/31/2011,7 Series,2011,South America,Silver,Electric,Manual,1.5,7743,93010,50,Low
12/31/2021,5 Series,2021,North America,Silver,Hybrid,Manual,5,153439,106560,7717,High
12/31/2015,7 Series,2015,South America,Grey,Electric,Manual,2.2,194375,89145,477,Low
12/31/2014,5 Series,2014,Asia,Grey,Hybrid,Manual,3.8,13420,92871,5874,High
12/31/2013,M3,2013,North America,Red,Hybrid,Manual,4.7,89021,96358,2212,Low
12/31/2016,M3,2016,South America,Red,Hybrid,Manual,3.6,150452,84071,1545,Low
12/31/2017,X1,2017,South America,Silver,Electric,Manual,4.3,109768,81505,4991,Low
12/31/2013,i3,2013,Europe,Silver,Hybrid,Manual,4.9,81814,72693,4298,Low
12/31/2010,X3,2010,Africa,Grey,Diesel,Automatic,4.5,96630,48354,3622,Low
12/31/2010,i3,2010,Europe,Blue,Electric,Automatic,3.5,58140,60134,3544,Low
12/31/2010,X6,2010,Middle East,White,Diesel,Manual,2.8,42054,68954,1797,Low
12/31/2020,M5,2020,Middle East,Red,Electric,Manual,3.2,44420,159299,952,Low
12/31/2010,X3,2010,Asia,Grey,Electric,Automatic,4.4,48423,79244,7007,High
12/31/2014,X5,2014,Middle East,Blue,Hybrid,Manual,4.5,144543,87883,3353,Low
12/31/2013,5 Series,2013,Asia,Black,Hybrid,Automatic,4.5,177511,72482,5947,High
12/31/2022,X6,2022,Africa,Black,Electric,Automatic,3.6,86786,124492,2510,Low
12/31/2023,i3,2023,North America,Black,Petrol,Manual,3.2,114109,87817,6436,High
12/31/2018,i3,2018,Europe,Grey,Petrol,Manual,2.6,7335,81263,4902,Low
12/31/2024,i8,2024,South America,Blue,Electric,Manual,1.5,35756,179117,446,Low
12/31/2012,i8,2012,Asia,Blue,Electric,Automatic,4.2,52818,142530,50,Low
12/31/2023,X6,2023,South America,Blue,Electric,Automatic,2.5,192856,107023,3881,Low
12/31/2016,X3,2016,North America,Red,Hybrid,Automatic,2.7,122835,72900,7270,High
12/31/2020,X3,2020,North America,Silver,Diesel,Automatic,4.5,130798,88825,9558,High
12/31/2017,X5,2017,Africa,White,Petrol,Automatic,1.7,98789,72436,3413,Low
12/31/2015,i8,2015,Europe,Red,Diesel,Manual,4.7,52362,136268,50,Low
12/31/2021,i8,2021,South America,Grey,Petrol,Manual,1.5,71885,139784,50,Low
12/31/2022,3 Series,2022,South America,Grey,Electric,Manual,4.8,108210,103517,7334,High
12/31/2019,X5,2019,Asia,Black,Diesel,Automatic,3.1,154590,81654,5542,High
12/31/2022,5 Series,2022,Africa,Black,Petrol,Automatic,1.9,122779,85030,3914,Low
12/31/2010,M5,2010,Europe,Silver,Electric,Automatic,3.9,171040,96336,734,Low
12/31/2017,3 Series,2017,South America,Grey,Hybrid,Manual,4.6,34945,97650,4996,Low
12/31/2024,X1,2024,North America,Black,Hybrid,Automatic,3,87669,100969,9489,High
12/31/2019,M5,2019,Middle East,Blue,Electric,Automatic,3.9,77905,146638,1055,Low
12/31/2012,7 Series,2012,North America,White,Electric,Manual,4.9,28781,130663,146,Low
12/31/2017,M5,2017,North America,Grey,Electric,Automatic,2.3,106505,120770,1280,Low
12/31/2021,X5,2021,Europe,Black,Hybrid,Manual,4.4,109285,113133,5503,High
12/31/2013,X5,2013,Africa,Red,Hybrid,Manual,2.5,181646,50652,3041,Low
12/31/2017,X3,2017,North America,White,Petrol,Automatic,3,41685,85831,7855,High
12/31/2020,X6,2020,Europe,Blue,Hybrid,Manual,2.5,195482,89144,4390,Low
12/31/2010,M5,2010,Africa,White,Diesel,Manual,3.1,189909,36340,636,Low
12/31/2012,X5,2012,South America,Silver,Hybrid,Manual,1.5,199316,38369,3531,Low
12/31/2015,3 Series,2015,North America,White,Petrol,Manual,2.6,189854,38715,8917,High
12/31/2024,i8,2024,North America,Red,Electric,Automatic,3.1,152703,181403,733,Low
12/31/2024,X1,2024,Asia,Black,Electric,Manual,3.7,17889,120013,1118,Low
12/31/2018,7 Series,2018,Africa,Blue,Electric,Automatic,3.7,4519,137234,555,Low
12/31/2011,i8,2011,Asia,Silver,Hybrid,Automatic,3.5,167438,117190,50,Low
12/31/2020,X1,2020,Asia,Silver,Electric,Manual,2.5,175983,66210,9770,High
12/31/2010,i3,2010,Asia,Grey,Hybrid,Automatic,4.8,197033,40954,4092,Low
12/31/2024,M5,2024,Middle East,Black,Diesel,Manual,2.9,98966,142133,1462,Low
12/31/2019,X6,2019,Africa,Blue,Electric,Manual,2.3,35647,111548,5133,High
12/31/2012,M3,2012,South America,Grey,Petrol,Manual,3.4,137525,57565,1104,Low
12/31/2013,5 Series,2013,Asia,Red,Diesel,Manual,4.1,42503,76686,7098,High
12/31/2020,i8,2020,Africa,Grey,Hybrid,Manual,1.5,198752,123965,611,Low
12/31/2014,i3,2014,North America,Blue,Electric,Automatic,2.5,122523,60385,5147,High
12/31/2012,X6,2012,Asia,Blue,Petrol,Automatic,4.4,82502,81094,3649,Low
12/31/2022,X5,2022,Middle East,Silver,Diesel,Manual,3.3,5091,128443,4268,Low
12/31/2019,X5,2019,Middle East,White,Petrol,Automatic,2.9,44522,103144,3422,Low
12/31/2020,5 Series,2020,Africa,White,Petrol,Manual,4.8,78220,99167,3668,Low
12/31/2011,M5,2011,South America,Silver,Hybrid,Manual,1.8,121001,81188,204,Low
12/31/2011,M5,2011,Middle East,Black,Diesel,Automatic,3.7,99486,93241,219,Low
12/31/2016,X5,2016,Asia,Grey,Electric,Automatic,2.7,182284,108468,5694,High
12/31/2018,i8,2018,North America,Red,Electric,Manual,1.7,23671,161685,168,Low
12/31/2019,7 Series,2019,Middle East,Red,Petrol,Manual,2.2,144689,52731,1746,Low
12/31/2011,7 Series,2011,South America,Grey,Hybrid,Manual,3.7,41286,98903,50,Low
12/31/2016,5 Series,2016,North America,White,Petrol,Manual,1.6,53159,75947,6270,High
12/31/2016,5 Series,2016,Africa,Blue,Electric,Automatic,3.6,157619,78252,3256,Low
12/31/2020,X6,2020,South America,Silver,Diesel,Automatic,4.8,122337,112705,2531,Low
12/31/2016,M3,2016,Europe,Blue,Hybrid,Manual,4.3,117896,92762,2820,Low
12/31/2012,7 Series,2012,South America,Red,Diesel,Manual,2.7,53151,82117,121,Low
12/31/2021,7 Series,2021,South America,Red,Hybrid,Automatic,2,166370,107999,1795,Low
12/31/2016,3 Series,2016,Africa,Silver,Petrol,Manual,3.1,94722,59501,4681,Low
12/31/2010,X6,2010,Africa,Silver,Petrol,Manual,2.9,114367,50068,1319,Low
12/31/2019,i8,2019,Asia,Grey,Hybrid,Automatic,4.9,126845,169504,249,Low
12/31/2010,7 Series,2010,Europe,Red,Hybrid,Automatic,5,67832,105330,155,Low
12/31/2014,i3,2014,North America,Blue,Electric,Automatic,2.9,77388,70255,4209,Low
12/31/2024,i3,2024,Middle East,Grey,Electric,Manual,2,22880,116924,4462,Low
12/31/2011,X6,2011,North America,Black,Hybrid,Manual,4.7,142243,77269,3721,Low
12/31/2018,i8,2018,Middle East,Red,Petrol,Automatic,4.3,133385,152308,50,Low
12/31/2024,X6,2024,North America,White,Electric,Manual,3.3,157411,121671,5738,High
12/31/2016,5 Series,2016,South America,Blue,Hybrid,Automatic,2.8,42718,87574,7517,High
12/31/2013,7 Series,2013,Asia,Grey,Petrol,Automatic,3.1,21760,103025,894,Low
12/31/2013,X6,2013,Europe,Silver,Petrol,Automatic,4.7,140190,77404,3974,Low
12/31/2011,3 Series,2011,Asia,Blue,Electric,Manual,2.1,118681,46063,8848,High
12/31/2014,M3,2014,Africa,Red,Diesel,Automatic,4.3,8741,94411,901,Low
12/31/2013,7 Series,2013,Middle East,Silver,Hybrid,Automatic,1.6,55990,107952,50,Low
12/31/2021,M3,2021,Asia,Silver,Hybrid,Automatic,4.7,23115,136865,3650,Low
12/31/2022,X3,2022,North America,Grey,Diesel,Automatic,3.3,107562,88268,7907,High
12/31/2010,M3,2010,Asia,Blue,Petrol,Manual,2.3,31794,65638,2272,Low
12/31/2021,i3,2021,Asia,Blue,Hybrid,Automatic,1.5,113756,79632,6209,High
12/31/2017,i8,2017,Africa,White,Diesel,Manual,3.5,107451,129178,50,Low
12/31/2012,M3,2012,Asia,Blue,Hybrid,Manual,2.4,133945,65373,2733,Low
12/31/2023,X3,2023,Asia,Black,Petrol,Manual,3.7,65083,103530,9241,High
12/31/2015,X1,2015,Europe,White,Electric,Automatic,2.5,26315,74947,7132,High
12/31/2013,5 Series,2013,Middle East,Blue,Hybrid,Manual,1.8,93188,64501,3827,Low
12/31/2018,X6,2018,South America,White,Electric,Automatic,3.3,193577,91181,347,Low
12/31/2016,M3,2016,Africa,Silver,Electric,Manual,3.5,48385,101179,988,Low
12/31/2018,X1,2018,Asia,Blue,Electric,Automatic,3.1,3515,95658,7396,High
12/31/2019,X6,2019,Asia,Black,Petrol,Automatic,3.1,126349,95412,4891,Low
12/31/2012,7 Series,2012,Middle East,Blue,Hybrid,Automatic,3.6,148014,96736,55,Low
12/31/2010,7 Series,2010,Asia,Blue,Diesel,Manual,3.3,41525,87731,566,Low
12/31/2014,X5,2014,North America,Black,Hybrid,Automatic,2,73693,82975,4735,Low
12/31/2012,X3,2012,Asia,Blue,Diesel,Automatic,2.2,164898,30295,9390,High
12/31/2015,i3,2015,North America,Blue,Hybrid,Automatic,2,40494,35819,5918,High
12/31/2017,X5,2017,South America,Blue,Diesel,Manual,3.9,141691,72816,4120,Low
12/31/2020,M5,2020,South America,Red,Petrol,Manual,3.4,143746,117573,995,Low
12/31/2022,3 Series,2022,Europe,Blue,Electric,Manual,3,59324,109723,11271,High
12/31/2013,i8,2013,Middle East,Red,Petrol,Automatic,4.3,157702,122594,50,Low
12/31/2014,M5,2014,Europe,Black,Petrol,Manual,2.6,27509,107172,1068,Low
12/31/2014,i8,2014,Middle East,Grey,Diesel,Automatic,3.5,160061,118574,50,Low
12/31/2013,X5,2013,Middle East,Red,Petrol,Manual,1.8,121756,55464,3438,Low
12/31/2013,7 Series,2013,Asia,Black,Diesel,Automatic,4.1,197295,76498,1167,Low
12/31/2013,M5,2013,Middle East,Red,Hybrid,Manual,3.9,59161,124018,68,Low
12/31/2013,7 Series,2013,North America,Red,Electric,Automatic,4.3,95869,114536,458,Low
12/31/2013,M5,2013,Middle East,Silver,Petrol,Automatic,4.6,179162,101776,352,Low
12/31/2014,X3,2014,Europe,Blue,Hybrid,Manual,4.2,169106,60269,7280,High
12/31/2011,7 Series,2011,Asia,White,Petrol,Manual,4.5,115642,90936,616,Low
12/31/2011,X3,2011,Middle East,Grey,Hybrid,Automatic,2.7,193253,40022,4727,Low
12/31/2018,M3,2018,South America,Black,Electric,Manual,2.7,63059,109879,1926,Low
12/31/2011,7 Series,2011,Asia,Blue,Diesel,Manual,4.8,147287,86049,673,Low
12/31/2015,M3,2015,Asia,Red,Diesel,Automatic,4.7,23436,101150,2193,Low
12/31/2011,X1,2011,Europe,Red,Hybrid,Automatic,3.4,19973,63883,6738,High
12/31/2014,X5,2014,North America,White,Hybrid,Automatic,2.8,122407,76096,5323,High
12/31/2013,X1,2013,Middle East,Grey,Hybrid,Manual,4.5,179364,47563,5449,High
12/31/2021,M3,2021,Europe,Red,Electric,Automatic,2.6,4216,127926,2793,Low
12/31/2016,3 Series,2016,Africa,Grey,Diesel,Automatic,2,91200,51230,5604,High
12/31/2024,3 Series,2024,South America,Grey,Diesel,Automatic,3.7,133427,92631,5866,High
12/31/2016,i3,2016,Middle East,Silver,Diesel,Manual,1.6,180993,35495,3296,Low
12/31/2022,X6,2022,South America,White,Electric,Automatic,2.8,134373,117836,2921,Low
12/31/2015,i8,2015,South America,Grey,Petrol,Manual,4.3,51240,140046,50,Low
12/31/2019,X6,2019,North America,Blue,Electric,Manual,2.5,103511,107073,4026,Low
12/31/2014,X5,2014,Asia,White,Hybrid,Manual,4.8,31450,106770,6006,High
12/31/2010,5 Series,2010,Middle East,Silver,Hybrid,Automatic,4.8,67709,84295,3485,Low
12/31/2021,X3,2021,Africa,Silver,Hybrid,Manual,4.4,103048,96851,5574,High
12/31/2024,X3,2024,Asia,Black,Diesel,Manual,5,65525,121140,8372,High
12/31/2012,X3,2012,Middle East,Silver,Diesel,Automatic,3.4,197220,35784,6554,High
12/31/2018,i8,2018,South America,Red,Petrol,Manual,3.5,182543,123984,50,Low
12/31/2024,M3,2024,Africa,Blue,Electric,Automatic,4.4,16290,148841,1797,Low
12/31/2023,X3,2023,Europe,Grey,Electric,Automatic,3.2,124763,109911,1837,Low
12/31/2010,3 Series,2010,Africa,White,Hybrid,Automatic,2.9,843,63464,4045,Low
12/31/2014,M5,2014,Europe,Grey,Hybrid,Automatic,3.7,25419,132922,670,Low
12/31/2011,M3,2011,Africa,Red,Petrol,Manual,3.8,195634,42698,1095,Low
12/31/2013,7 Series,2013,Middle East,Blue,Electric,Automatic,4.1,45048,128546,50,Low
12/31/2023,X5,2023,Middle East,Silver,Electric,Automatic,3.8,18332,146350,4556,Low
12/31/2023,X6,2023,Middle East,Red,Petrol,Manual,4.1,193906,109198,3573,Low
12/31/2020,X6,2020,Asia,Red,Petrol,Automatic,3.9,187058,91588,4445,Low
12/31/2010,X6,2010,Middle East,Grey,Electric,Automatic,3.2,41172,91615,1569,Low
12/31/2012,i3,2012,Middle East,Blue,Petrol,Manual,2,25232,50872,2716,Low
12/31/2019,X5,2019,Europe,Silver,Electric,Automatic,4.2,52896,118003,5751,High
12/31/2016,X5,2016,Middle East,Blue,Diesel,Manual,1.6,14113,82744,3841,Low
12/31/2019,X1,2019,Africa,Silver,Petrol,Manual,5,195061,61383,4078,Low
12/31/2024,7 Series,2024,Africa,Blue,Petrol,Automatic,4.4,148369,136673,1042,Low
12/31/2012,M5,2012,Asia,White,Hybrid,Automatic,3.8,187745,90968,1064,Low
12/31/2013,X3,2013,Middle East,Red,Hybrid,Manual,4.9,99941,75055,5829,High
12/31/2011,X3,2011,Africa,Grey,Electric,Manual,3.6,99928,57868,3653,Low
12/31/2012,i3,2012,Asia,Black,Hybrid,Automatic,1.7,23475,59337,4548,Low
12/31/2018,i8,2018,Middle East,Red,Petrol,Automatic,3.5,128946,143349,50,Low
12/31/2012,X6,2012,Middle East,Silver,Hybrid,Manual,2.5,82145,77588,2323,Low
12/31/2020,X5,2020,Europe,Blue,Petrol,Automatic,2.8,45691,107290,5162,High
12/31/2014,i3,2014,Middle East,Blue,Electric,Manual,3.1,20529,83779,2922,Low
12/31/2011,5 Series,2011,South America,Silver,Petrol,Manual,4.2,79148,63458,2931,Low
12/31/2013,X6,2013,North America,Blue,Hybrid,Automatic,3.3,38742,103434,3630,Low
12/31/2021,M3,2021,Middle East,White,Petrol,Manual,3.2,83500,109461,2324,Low
12/31/2022,3 Series,2022,South America,Grey,Diesel,Manual,2.6,156485,67318,7115,High
12/31/2016,i3,2016,South America,Grey,Petrol,Automatic,3.4,123750,61688,2971,Low
12/31/2023,3 Series,2023,South America,Silver,Diesel,Manual,2.4,180114,67570,7688,High
12/31/2016,M3,2016,North America,Black,Diesel,Automatic,2.4,188324,62563,3111,Low
12/31/2021,X5,2021,Europe,Silver,Electric,Manual,4.2,48301,136237,5255,High
12/31/2012,X1,2012,Middle East,White,Petrol,Manual,2.7,75350,40199,4507,Low
12/31/2014,X6,2014,Europe,Red,Hybrid,Manual,1.7,142926,70878,4270,Low
12/31/2010,3 Series,2010,Asia,White,Electric,Automatic,2.7,22145,64104,9831,High
12/31/2019,i3,2019,North America,Silver,Diesel,Automatic,3.7,37720,93950,5538,High
12/31/2019,i3,2019,Middle East,Red,Diesel,Manual,4.3,87019,84066,3118,Low
12/31/2019,7 Series,2019,Europe,Black,Hybrid,Automatic,4.9,184135,123146,1851,Low
12/31/2020,i3,2020,Middle East,Silver,Hybrid,Automatic,4.1,192571,81766,4543,Low
12/31/2010,X6,2010,Middle East,Black,Petrol,Manual,3,70724,70297,2202,Low
12/31/2014,X1,2014,Africa,White,Electric,Automatic,2.5,112292,55444,3995,Low
12/31/2022,M3,2022,Asia,Silver,Diesel,Manual,2,12883,110434,3264,Low
12/31/2019,X3,2019,Europe,White,Diesel,Manual,3.7,89423,79327,9529,High
12/31/2018,M3,2018,Europe,Blue,Hybrid,Automatic,3.3,340,126888,2439,Low
12/31/2010,X1,2010,North America,Silver,Hybrid,Manual,3.9,165540,33159,7890,High
12/31/2010,X3,2010,North America,Silver,Diesel,Automatic,2.3,198329,25000,8153,High
12/31/2013,M3,2013,North America,Red,Petrol,Automatic,2.6,141878,62476,2528,Low
12/31/2013,X3,2013,Middle East,Silver,Electric,Manual,2.5,157204,55367,5791,High
12/31/2011,i8,2011,Asia,White,Petrol,Automatic,4.3,56545,132074,50,Low
12/31/2018,X6,2018,Middle East,Black,Petrol,Automatic,2.1,72071,94595,2622,Low
12/31/2023,X1,2023,Europe,White,Electric,Automatic,3.6,51565,116936,7675,High
12/31/2018,M3,2018,Middle East,Grey,Electric,Manual,1.7,132446,46604,3466,Low
12/31/2022,X1,2022,South America,Black,Petrol,Automatic,3.4,146580,71986,5565,High
12/31/2022,X1,2022,Europe,Blue,Electric,Manual,1.7,102210,87077,1207,Low
12/31/2011,5 Series,2011,Europe,White,Hybrid,Automatic,2.1,21690,68560,5325,High
12/31/2023,i8,2023,South America,Blue,Petrol,Manual,1.9,129148,136459,423,Low
12/31/2018,X5,2018,Middle East,Grey,Electric,Manual,2.7,118702,93443,4569,Low
12/31/2024,X1,2024,Middle East,Grey,Petrol,Manual,2.7,86356,88205,5164,High
12/31/2015,M3,2015,Middle East,Black,Hybrid,Automatic,4.4,81116,104086,1171,Low
12/31/2017,X6,2017,North America,Red,Electric,Manual,2.3,139039,93780,4619,Low
12/31/2019,X5,2019,Middle East,Blue,Hybrid,Manual,1.8,150201,81945,4675,Low
12/31/2022,X5,2022,South America,Black,Petrol,Automatic,3.6,139888,100350,4159,Low
12/31/2024,X1,2024,Europe,Grey,Hybrid,Manual,3.9,159897,94106,9358,High
12/31/2022,M5,2022,Middle East,Black,Petrol,Automatic,2.5,67084,140395,1182,Low
12/31/2013,7 Series,2013,Asia,White,Electric,Automatic,3.6,179982,98449,801,Low
12/31/2011,X6,2011,Asia,Red,Petrol,Automatic,4.2,196848,60110,3959,Low
12/31/2011,X3,2011,Asia,Grey,Electric,Manual,2.7,10400,75203,8333,High
12/31/2018,5 Series,2018,Middle East,Blue,Petrol,Automatic,3.3,73151,89980,5098,High
12/31/2010,M5,2010,South America,Silver,Electric,Automatic,2,96437,94676,50,Low
12/31/2021,X5,2021,Asia,Black,Electric,Automatic,1.6,137844,95262,6510,High
12/31/2016,3 Series,2016,South America,Red,Electric,Manual,4.9,71822,87717,6119,High
12/31/2020,X6,2020,North America,Blue,Diesel,Manual,2.5,46419,110500,4102,Low
12/31/2023,i3,2023,Africa,Silver,Electric,Manual,2.5,99507,100377,3982,Low
12/31/2012,i8,2012,Asia,Blue,Diesel,Manual,4.9,52550,126511,50,Low
12/31/2012,M5,2012,South America,Grey,Diesel,Manual,4,90211,91599,209,Low
12/31/2011,X3,2011,Middle East,Grey,Electric,Automatic,3.5,66730,74635,4522,Low
12/31/2023,X3,2023,North America,Blue,Electric,Manual,3.9,72908,118829,8038,High
12/31/2019,X1,2019,Europe,White,Petrol,Manual,4,113156,69972,6523,High
12/31/2015,5 Series,2015,South America,Red,Hybrid,Manual,4.2,148613,77168,4175,Low
12/31/2022,i8,2022,Middle East,White,Hybrid,Automatic,1.7,126468,200000,50,Low
12/31/2019,X3,2019,Europe,Blue,Hybrid,Manual,2.9,151980,75813,9044,High
12/31/2011,M3,2011,Asia,Blue,Hybrid,Automatic,2.5,61990,78282,2081,Low
12/31/2019,X1,2019,North America,Blue,Electric,Manual,1.7,162666,58634,8224,High
12/31/2024,i8,2024,North America,Grey,Electric,Manual,2.9,70389,187981,669,Low
12/31/2013,i3,2013,Europe,Black,Hybrid,Manual,3.7,118149,58270,4408,Low
12/31/2019,5 Series,2019,Middle East,White,Petrol,Manual,2.1,165706,66956,4650,Low
12/31/2018,5 Series,2018,Middle East,Blue,Electric,Automatic,2.6,50650,104481,5391,High
12/31/2018,i8,2018,Africa,Blue,Diesel,Automatic,3.7,64015,146153,50,Low
12/31/2015,i8,2015,Asia,Silver,Petrol,Manual,3.5,185196,108998,50,Low
12/31/2022,X5,2022,North America,White,Petrol,Automatic,4.5,73410,117544,6531,High
12/31/2013,3 Series,2013,South America,Black,Petrol,Manual,4.3,2005,74206,4641,Low
12/31/2016,X3,2016,Africa,Red,Electric,Manual,4.9,55121,100055,3672,Low
12/31/2023,X5,2023,Africa,Red,Hybrid,Automatic,3.6,53330,132945,3289,Low
12/31/2010,3 Series,2010,North America,Red,Petrol,Automatic,3.9,118639,43195,7834,High
12/31/2021,M5,2021,South America,White,Hybrid,Manual,4.5,110045,146235,1364,Low
12/31/2013,5 Series,2013,Europe,Red,Hybrid,Manual,4.4,54818,87664,6718,High
12/31/2014,X6,2014,North America,Blue,Diesel,Manual,4,1709,99712,3886,Low
12/31/2017,i3,2017,North America,Blue,Hybrid,Automatic,3.3,67519,84951,5443,High
12/31/2021,i8,2021,North America,Black,Hybrid,Manual,2.5,178997,141588,988,Low
12/31/2011,5 Series,2011,Europe,Silver,Petrol,Automatic,4.6,94234,66990,6380,High
12/31/2021,i8,2021,Europe,Red,Diesel,Automatic,4.2,174545,147405,248,Low
12/31/2014,3 Series,2014,Middle East,Blue,Electric,Manual,4.4,9228,95901,5987,High
12/31/2015,M3,2015,Europe,Black,Petrol,Automatic,2,88692,75462,2444,Low
12/31/2014,M5,2014,Europe,White,Diesel,Automatic,2.6,182722,81075,1590,Low
12/31/2024,5 Series,2024,Asia,Grey,Hybrid,Automatic,3,159774,110120,7536,High
12/31/2022,X3,2022,Asia,Blue,Petrol,Automatic,4.4,104663,99595,10612,High
12/31/2018,X1,2018,Middle East,Silver,Diesel,Automatic,4.6,172221,63293,4966,Low
12/31/2019,5 Series,2019,Africa,Silver,Hybrid,Automatic,2.5,171766,74854,4651,Low
12/31/2010,i3,2010,Middle East,Red,Diesel,Automatic,3.9,29988,56639,2238,Low
12/31/2023,M5,2023,Africa,Black,Petrol,Automatic,1.8,99680,123648,1364,Low
12/31/2012,5 Series,2012,Europe,Red,Petrol,Manual,2.9,93868,57281,6734,High
12/31/2023,3 Series,2023,Asia,Silver,Diesel,Manual,3.2,64654,97594,9502,High
12/31/2011,X6,2011,Middle East,Red,Electric,Manual,4.2,117605,88928,1573,Low
12/31/2021,X3,2021,South America,White,Diesel,Manual,4.6,72698,97883,4877,Low
12/31/2022,X5,2022,South America,Blue,Electric,Manual,2.7,63549,115549,3812,Low
12/31/2012,X5,2012,Europe,Black,Petrol,Manual,3.3,1641,76409,5384,High
12/31/2019,X3,2019,Asia,Red,Hybrid,Automatic,3.8,172237,79975,9607,High
12/31/2018,X1,2018,South America,White,Electric,Automatic,2.7,158843,64725,5179,High
12/31/2022,M3,2022,Asia,Black,Diesel,Automatic,4.9,27150,131563,3450,Low
12/31/2023,3 Series,2023,North America,Red,Electric,Automatic,4.6,166391,105406,10564,High
12/31/2018,M3,2018,Middle East,Red,Hybrid,Automatic,2.5,119580,100637,2352,Low
12/31/2019,5 Series,2019,Europe,Silver,Hybrid,Manual,3.3,86553,98586,6951,High
12/31/2011,7 Series,2011,Asia,Red,Petrol,Manual,2.3,166677,64140,970,Low
12/31/2023,X3,2023,Europe,Blue,Hybrid,Manual,3.3,32032,121855,8705,High
12/31/2012,i8,2012,South America,Red,Electric,Manual,3.9,182968,115972,50,Low
12/31/2023,i8,2023,South America,Silver,Petrol,Automatic,1.8,101444,149841,168,Low
12/31/2013,X5,2013,Europe,Grey,Electric,Manual,4.5,2075,107348,4112,Low
12/31/2018,M5,2018,Africa,Grey,Electric,Automatic,3.6,26750,139587,614,Low
12/31/2012,i3,2012,Middle East,Black,Petrol,Automatic,5,76322,68561,3115,Low
12/31/2022,M3,2022,South America,Silver,Hybrid,Manual,1.6,130473,97792,2406,Low
12/31/2016,7 Series,2016,Europe,Black,Hybrid,Automatic,4.4,61855,124291,675,Low
12/31/2021,i3,2021,Middle East,Grey,Diesel,Automatic,4.3,47964,103451,4078,Low
12/31/2012,M5,2012,Middle East,Grey,Hybrid,Manual,2,26797,116330,50,Low
12/31/2016,X6,2016,North America,Red,Hybrid,Manual,2.7,44311,101267,3860,Low
12/31/2016,3 Series,2016,North America,Silver,Petrol,Automatic,4.6,70749,83025,15000,High
12/31/2018,X5,2018,North America,Black,Petrol,Automatic,3.3,197502,71554,6536,High
12/31/2011,7 Series,2011,North America,White,Hybrid,Manual,2.9,198319,74008,834,Low
12/31/2022,M5,2022,Asia,Silver,Petrol,Manual,4.7,125877,136380,2267,Low
12/31/2015,i8,2015,North America,Silver,Electric,Manual,1.8,7057,148849,50,Low
12/31/2018,X3,2018,Middle East,Silver,Petrol,Manual,3.2,161546,65032,6431,High
12/31/2021,X6,2021,South America,Grey,Hybrid,Automatic,3.8,111765,120655,2770,Low
12/31/2024,i3,2024,Europe,Silver,Hybrid,Automatic,3.6,169436,96335,6334,High
12/31/2021,i3,2021,Africa,Blue,Petrol,Automatic,2.4,126924,70204,3208,Low
12/31/2024,X6,2024,Middle East,Blue,Hybrid,Manual,3.5,77151,134925,3402,Low
12/31/2011,X5,2011,Europe,Blue,Electric,Manual,4,13113,93315,4050,Low
12/31/2011,X1,2011,South America,Grey,Diesel,Manual,3.5,158827,25000,3941,Low
12/31/2022,X6,2022,Asia,Blue,Hybrid,Automatic,3.9,101577,135156,5057,High
12/31/2023,M3,2023,Africa,Red,Electric,Automatic,2.4,88431,115891,2018,Low
12/31/2014,M3,2014,South America,White,Petrol,Automatic,4.4,153300,74961,1522,Low
12/31/2019,i8,2019,Middle East,Grey,Hybrid,Automatic,3.1,22402,172201,50,Low
12/31/2019,X6,2019,South America,Red,Petrol,Automatic,5,49748,119553,2524,Low
12/31/2021,M5,2021,Middle East,Silver,Diesel,Manual,1.6,190833,109074,1331,Low
12/31/2019,i3,2019,Asia,White,Electric,Automatic,2.8,68266,92625,6352,High
12/31/2017,M5,2017,Europe,Black,Petrol,Automatic,2.1,192770,90652,1629,Low
12/31/2020,X6,2020,Asia,Grey,Electric,Manual,3.4,95404,119543,5379,High
12/31/2024,M3,2024,North America,White,Diesel,Automatic,2.4,52327,114823,3708,Low
12/31/2018,5 Series,2018,Asia,Black,Petrol,Manual,4.1,53630,101953,6308,High
12/31/2011,M3,2011,Middle East,Grey,Petrol,Manual,4.6,160420,63255,1170,Low
12/31/2014,X6,2014,North America,Red,Petrol,Automatic,2.2,104836,76939,4035,Low
12/31/2023,M5,2023,South America,Grey,Electric,Manual,2.1,128970,131609,1521,Low
12/31/2016,X6,2016,North America,Red,Diesel,Manual,4.6,41919,109915,3828,Low
12/31/2024,3 Series,2024,South America,White,Diesel,Automatic,2.8,139792,84873,6649,High
12/31/2015,M5,2015,Asia,Black,Diesel,Automatic,3,49159,173208,409,Low
12/31/2015,3 Series,2015,Europe,White,Petrol,Automatic,2.3,175144,42069,10401,High
12/31/2016,5 Series,2016,Africa,Grey,Electric,Manual,3,105326,80489,3705,Low
12/31/2012,M3,2012,North America,Black,Diesel,Automatic,2.3,152597,53365,2576,Low
12/31/2022,X6,2022,Europe,Grey,Hybrid,Automatic,3.8,66330,133989,4234,Low
12/31/2012,3 Series,2012,North America,Grey,Diesel,Automatic,3.2,77881,51052,9376,High
12/31/2019,i3,2019,South America,Blue,Petrol,Manual,4.3,56965,90771,3335,Low
12/31/2018,7 Series,2018,Middle East,White,Diesel,Automatic,2.6,22686,119388,588,Low
12/31/2023,7 Series,2023,Asia,Red,Electric,Automatic,3.3,135738,138590,2010,Low
12/31/2017,3 Series,2017,South America,Red,Diesel,Manual,2.4,34563,69135,6573,High
12/31/2014,X6,2014,South America,Red,Petrol,Automatic,4.8,44462,98916,1965,Low
12/31/2015,M5,2015,Africa,Grey,Petrol,Manual,3.3,112742,97942,364,Low
12/31/2020,X3,2020,North America,Silver,Electric,Manual,2.1,83114,94940,8202,High
12/31/2021,M3,2021,Asia,Grey,Petrol,Manual,2.5,103796,99967,3256,Low
12/31/2019,M3,2019,South America,Blue,Electric,Automatic,1.8,167264,90918,2321,Low
12/31/2010,X3,2010,Europe,Blue,Hybrid,Manual,1.6,41822,47335,8150,High
12/31/2019,X6,2019,Africa,Black,Petrol,Manual,3.3,127803,88871,2656,Low
12/31/2021,i3,2021,Africa,Blue,Petrol,Manual,2.7,98203,79380,3390,Low
12/31/2010,i3,2010,Asia,Red,Electric,Automatic,4.9,158168,56820,4652,Low
12/31/2013,5 Series,2013,Europe,Red,Diesel,Manual,2.1,192496,34877,6085,High
12/31/2011,X3,2011,Africa,Black,Diesel,Manual,4.3,148030,38251,4562,Low
12/31/2020,X3,2020,Africa,Black,Diesel,Manual,2.6,111504,68688,4370,Low
12/31/2016,X1,2016,Middle East,Grey,Diesel,Automatic,2.3,154360,41950,5435,High
12/31/2011,7 Series,2011,Africa,White,Electric,Manual,4.9,145502,97952,50,Low
12/31/2019,M3,2019,Middle East,Silver,Electric,Automatic,4.3,38253,135724,2188,Low
12/31/2011,i3,2011,Europe,Black,Petrol,Automatic,3.7,108266,45135,4453,Low
12/31/2014,X1,2014,Europe,Red,Diesel,Manual,3.9,61456,55101,6444,High
12/31/2013,X5,2013,Middle East,Blue,Hybrid,Manual,5,109449,87377,3294,Low
12/31/2017,M3,2017,Middle East,Blue,Electric,Manual,3.6,151855,94011,1793,Low
12/31/2013,X6,2013,Africa,Red,Petrol,Manual,1.9,31039,74500,1549,Low
12/31/2023,7 Series,2023,Europe,Blue,Petrol,Automatic,1.7,145118,113485,1913,Low
12/31/2021,X1,2021,Europe,Grey,Petrol,Manual,3.8,168349,67766,7662,High
12/31/2015,i3,2015,Europe,Blue,Electric,Manual,3.8,151315,65255,4016,Low
12/31/2014,M3,2014,North America,White,Electric,Automatic,4.1,5645,111806,1992,Low
12/31/2020,X6,2020,Africa,Red,Diesel,Automatic,1.9,161532,81911,2708,Low
12/31/2023,5 Series,2023,Middle East,Red,Diesel,Automatic,4.8,47402,122289,4420,Low
12/31/2011,M5,2011,Europe,Grey,Hybrid,Automatic,3.4,20792,112224,637,Low
12/31/2020,i8,2020,Asia,Black,Diesel,Manual,3.8,12690,166710,50,Low
12/31/2024,i8,2024,South America,Red,Hybrid,Manual,1.6,128436,153731,866,Low
12/31/2022,5 Series,2022,Africa,White,Petrol,Automatic,4.9,5214,122270,3938,Low
12/31/2021,7 Series,2021,Asia,Red,Hybrid,Automatic,3.5,140182,133241,2104,Low
12/31/2023,X1,2023,South America,Grey,Hybrid,Manual,3.5,119801,93567,6477,High
12/31/2017,3 Series,2017,Middle East,Black,Hybrid,Manual,4.8,60109,92540,5431,High
12/31/2011,i8,2011,Africa,Black,Diesel,Manual,4.8,48149,121380,50,Low
12/31/2018,X3,2018,Europe,White,Diesel,Manual,2.3,104669,67169,9128,High
12/31/2024,5 Series,2024,South America,Silver,Hybrid,Automatic,4.8,68847,135259,5280,High
12/31/2018,7 Series,2018,Asia,Black,Petrol,Automatic,4.1,184519,108058,1319,Low
12/31/2012,X5,2012,Europe,Grey,Hybrid,Automatic,1.6,100894,62855,4600,Low
12/31/2013,X6,2013,Africa,Black,Petrol,Automatic,2.3,5391,82088,1573,Low
12/31/2017,M3,2017,Europe,Black,Hybrid,Automatic,2.9,26677,111512,2131,Low
12/31/2018,i3,2018,Asia,White,Petrol,Automatic,3.5,185190,61708,6202,High
12/31/2012,M3,2012,Middle East,White,Petrol,Automatic,4,112023,74051,1272,Low
12/31/2014,X1,2014,South America,Grey,Hybrid,Automatic,2.2,102932,50734,3859,Low
12/31/2020,i8,2020,South America,Silver,Electric,Automatic,4.4,98631,163355,50,Low
12/31/2024,X5,2024,Middle East,White,Diesel,Manual,4.5,31697,128457,4592,Low
12/31/2017,i8,2017,Asia,Blue,Hybrid,Automatic,3.7,86341,151581,50,Low
12/31/2012,i8,2012,Africa,Grey,Hybrid,Automatic,4.7,191629,118569,50,Low
12/31/2016,X6,2016,North America,White,Diesel,Automatic,4.3,139894,86271,3697,Low
12/31/2020,M5,2020,North America,Blue,Diesel,Automatic,2.3,28934,131111,1677,Low
12/31/2017,M5,2017,Asia,White,Diesel,Automatic,4.3,136568,112941,1704,Low
12/31/2019,7 Series,2019,North America,White,Diesel,Automatic,4.8,163410,114985,1408,Low
12/31/2020,X5,2020,Asia,Silver,Diesel,Automatic,2,9618,108093,6590,High
12/31/2023,X5,2023,Africa,Red,Petrol,Manual,4.9,188189,98296,4050,Low
12/31/2012,X3,2012,Africa,Black,Electric,Automatic,1.6,101546,49766,4510,Low
12/31/2011,X5,2011,Africa,White,Diesel,Manual,3.3,26973,68762,2284,Low
12/31/2019,M3,2019,Europe,White,Electric,Manual,4.2,7694,131847,2811,Low
12/31/2022,5 Series,2022,Middle East,White,Electric,Automatic,4.3,80815,131416,5536,High
12/31/2016,X1,2016,Africa,Red,Diesel,Automatic,4.1,5916,76248,3795,Low
12/31/2021,X6,2021,South America,Black,Petrol,Automatic,3.4,193184,96213,2625,Low
12/31/2018,X5,2018,Asia,Blue,Hybrid,Manual,3.8,122662,95467,5670,High
12/31/2010,i8,2010,Middle East,Red,Electric,Automatic,3.9,96039,131965,50,Low
12/31/2012,X3,2012,North America,Grey,Electric,Automatic,3.2,113686,66245,8491,High
12/31/2014,X1,2014,North America,Silver,Petrol,Automatic,3.6,54781,63397,6549,High
12/31/2012,3 Series,2012,North America,Silver,Electric,Manual,4.5,192982,54640,7919,High
12/31/2010,3 Series,2010,Asia,Black,Petrol,Automatic,2.6,119101,30757,10739,High
12/31/2024,M5,2024,Middle East,Black,Electric,Automatic,3.3,140991,155856,1767,Low
12/31/2016,X6,2016,Africa,Grey,Electric,Automatic,1.5,131172,83653,1987,Low
12/31/2016,X6,2016,North America,Red,Petrol,Automatic,3.9,64118,98319,3777,Low
12/31/2019,M5,2019,Europe,Silver,Electric,Automatic,2.2,20777,149371,1892,Low
12/31/2021,7 Series,2021,Asia,Red,Hybrid,Automatic,3.2,78173,141820,1914,Low
12/31/2017,i8,2017,Middle East,White,Petrol,Manual,2.2,23375,143450,50,Low
12/31/2014,3 Series,2014,Africa,Grey,Hybrid,Manual,1.6,29018,64479,4551,Low
12/31/2019,i8,2019,Africa,White,Diesel,Manual,3.2,36233,200000,50,Low
12/31/2021,5 Series,2021,Europe,Red,Petrol,Automatic,3,196670,76900,6582,High
12/31/2014,5 Series,2014,North America,Blue,Diesel,Automatic,3,106115,62903,6616,High
12/31/2014,M5,2014,South America,Grey,Electric,Manual,2.2,192509,89027,606,Low
12/31/2010,X1,2010,North America,White,Petrol,Manual,4.8,173523,28687,6655,High
12/31/2019,3 Series,2019,Europe,Black,Hybrid,Manual,1.5,86158,72941,10037,High
12/31/2014,M3,2014,North America,Blue,Electric,Automatic,4.6,55013,113142,1839,Low
12/31/2015,i3,2015,North America,Red,Hybrid,Manual,4.1,42254,82033,5223,High
12/31/2024,M3,2024,Asia,Red,Electric,Automatic,2.1,91054,123194,3884,Low
12/31/2022,X6,2022,Africa,Blue,Diesel,Manual,3.2,12688,126426,2473,Low
12/31/2021,i3,2021,Asia,Silver,Diesel,Automatic,5,73171,99028,5068,High
12/31/2010,7 Series,2010,South America,Red,Hybrid,Manual,3.8,148733,77703,50,Low
12/31/2020,X3,2020,South America,White,Petrol,Automatic,1.9,77104,76998,5692,High
12/31/2016,7 Series,2016,Africa,Black,Hybrid,Manual,3.1,56848,110592,152,Low
12/31/2010,i3,2010,Europe,Grey,Electric,Automatic,3.1,195060,37134,4094,Low
12/31/2020,i3,2020,Europe,Black,Hybrid,Manual,4.3,5899,110201,4692,Low
12/31/2011,X3,2011,North America,Red,Petrol,Manual,4.7,73226,63509,7070,High
12/31/2011,X6,2011,North America,Grey,Diesel,Automatic,1.8,126173,52636,3277,Low
12/31/2014,M3,2014,Africa,Red,Hybrid,Manual,2.6,134809,66710,1342,Low
12/31/2023,3 Series,2023,Middle East,Red,Hybrid,Manual,2.5,94328,94929,6860,High
12/31/2019,M3,2019,South America,Grey,Diesel,Manual,5,42863,109497,1624,Low
12/31/2022,i8,2022,Africa,White,Petrol,Manual,3.5,76120,160891,50,Low
12/31/2016,7 Series,2016,Asia,Blue,Electric,Manual,4.6,34220,146043,607,Low
12/31/2010,7 Series,2010,South America,Blue,Petrol,Manual,3,70608,78029,50,Low
12/31/2019,X6,2019,Europe,Red,Electric,Automatic,4,197045,100850,4111,Low
12/31/2010,i8,2010,South America,Silver,Diesel,Automatic,2.5,106344,92357,50,Low
12/31/2010,M5,2010,South America,Blue,Hybrid,Automatic,4.7,35834,112176,50,Low
12/31/2015,3 Series,2015,North America,Red,Diesel,Manual,3.1,107505,55982,10482,High
12/31/2011,M3,2011,Europe,Silver,Electric,Manual,4.3,158782,69726,2144,Low
12/31/2010,X1,2010,Africa,Blue,Hybrid,Manual,2.4,104985,32191,3375,Low
12/31/2015,i8,2015,North America,Black,Electric,Manual,3.9,167618,139504,50,Low
12/31/2023,X3,2023,Europe,Blue,Electric,Automatic,2.9,148724,103680,7880,High
12/31/2011,M3,2011,Asia,Blue,Electric,Manual,1.6,36922,76775,1994,Low
12/31/2015,i8,2015,Asia,Red,Hybrid,Automatic,2.9,18041,156722,50,Low
12/31/2019,7 Series,2019,Asia,Grey,Hybrid,Automatic,3.4,53546,133562,1554,Low
12/31/2017,i3,2017,Middle East,White,Petrol,Manual,2,197751,40616,4345,Low
12/31/2011,M3,2011,North America,Red,Diesel,Manual,2.1,115611,49903,2177,Low
12/31/2020,X1,2020,South America,Grey,Petrol,Manual,3.1,192283,52784,4759,Low
12/31/2018,M5,2018,Asia,Silver,Hybrid,Manual,2.7,41378,133458,1968,Low
12/31/2017,3 Series,2017,Europe,Red,Diesel,Manual,3,35206,70706,10378,High
12/31/2021,7 Series,2021,Asia,Red,Electric,Manual,3.1,37984,152181,1917,Low
12/31/2019,X6,2019,Europe,Silver,Petrol,Automatic,2,199663,73688,4117,Low
12/31/2010,3 Series,2010,South America,Red,Diesel,Manual,2.1,109466,25000,4702,Low
12/31/2016,7 Series,2016,South America,Blue,Diesel,Manual,4.5,59241,115849,208,Low
12/31/2023,i8,2023,Africa,Black,Petrol,Automatic,2.1,132190,144459,216,Low
12/31/2022,X3,2022,Middle East,White,Petrol,Automatic,3.8,104622,99178,6302,High
12/31/2019,X1,2019,Europe,Red,Petrol,Manual,3,152196,55246,7812,High
12/31/2015,X5,2015,Europe,Blue,Diesel,Manual,4.9,96804,80582,5697,High
12/31/2023,7 Series,2023,South America,Black,Diesel,Automatic,1.7,152921,109890,1317,Low
12/31/2015,i8,2015,Middle East,White,Hybrid,Manual,4.4,182901,140127,50,Low
12/31/2015,M5,2015,Middle East,Red,Diesel,Automatic,3.2,152810,102126,646,Low
12/31/2015,M3,2015,Africa,Silver,Hybrid,Manual,1.5,87108,71041,1162,Low
12/31/2019,i3,2019,Africa,Silver,Petrol,Automatic,2.4,18528,84590,2925,Low
12/31/2016,i8,2016,Middle East,Silver,Petrol,Manual,2.9,1342,157035,50,Low
12/31/2021,i8,2021,Europe,Blue,Electric,Automatic,2.6,190591,143881,851,Low
12/31/2012,7 Series,2012,North America,White,Hybrid,Automatic,2.8,155626,84682,876,Low
12/31/2023,X3,2023,North America,Grey,Electric,Manual,4.7,187228,104478,9411,High
12/31/2015,X5,2015,Middle East,Silver,Electric,Manual,2.8,130449,86255,3399,Low
12/31/2012,X1,2012,Africa,Grey,Petrol,Automatic,3,190882,25000,4124,Low
12/31/2016,3 Series,2016,Asia,Black,Hybrid,Automatic,4.2,172425,66531,10780,High
12/31/2016,X1,2016,South America,Silver,Electric,Manual,4.3,195494,57941,5037,High
12/31/2017,X1,2017,Europe,Black,Electric,Automatic,1.8,22112,78400,8052,High
12/31/2011,X1,2011,South America,Black,Diesel,Manual,4,53023,45543,4723,Low
12/31/2018,5 Series,2018,South America,White,Electric,Manual,3.2,198889,75513,4230,Low
12/31/2022,7 Series,2022,North America,Black,Electric,Manual,2,178646,121625,2160,Low
12/31/2014,X3,2014,South America,Silver,Hybrid,Manual,2.4,128960,52726,5092,High
12/31/2018,X6,2018,Asia,Blue,Diesel,Manual,1.7,106861,78717,4678,Low
12/31/2019,X5,2019,Europe,Red,Diesel,Manual,2.8,104995,87636,6262,High
12/31/2014,X5,2014,North America,Grey,Petrol,Manual,2.4,102554,67474,6244,High
12/31/2016,X6,2016,Africa,Red,Petrol,Manual,2.8,16431,93463,1608,Low
12/31/2020,X1,2020,Asia,Red,Hybrid,Automatic,3.5,145574,75867,8115,High
12/31/2018,7 Series,2018,Middle East,Silver,Electric,Automatic,4.1,161728,128583,1020,Low
12/31/2024,i8,2024,Middle East,Black,Hybrid,Automatic,3.6,104869,185577,362,Low
12/31/2013,i8,2013,North America,Black,Diesel,Automatic,3.9,7997,138248,50,Low
12/31/2011,i3,2011,Africa,Red,Hybrid,Manual,4.5,189325,41711,2352,Low
12/31/2018,M5,2018,Africa,Silver,Diesel,Manual,4.6,50627,129012,319,Low
12/31/2022,X3,2022,Europe,White,Electric,Manual,4.5,92127,115815,9034,High
12/31/2011,X6,2011,South America,Red,Hybrid,Manual,2,194004,48560,2369,Low
12/31/2012,i3,2012,Europe,Red,Electric,Automatic,2.4,180142,43699,5115,High
12/31/2019,3 Series,2019,Middle East,Grey,Electric,Manual,3.3,79658,98000,7362,High
12/31/2011,X1,2011,Africa,Grey,Hybrid,Automatic,2.8,181873,27020,3825,Low
12/31/2012,M3,2012,Middle East,Blue,Petrol,Manual,2,165249,49557,1516,Low
12/31/2015,i3,2015,Africa,Silver,Hybrid,Manual,2.5,158585,50191,2894,Low
12/31/2012,i3,2012,Europe,Red,Petrol,Automatic,4.9,134232,52043,4858,Low
12/31/2024,M3,2024,Asia,Blue,Hybrid,Automatic,2.7,123301,115177,4600,Low
12/31/2019,X6,2019,Asia,White,Electric,Manual,3,78522,115902,4409,Low
12/31/2017,X3,2017,Middle East,Black,Petrol,Automatic,1.5,125615,57464,6584,High
12/31/2020,5 Series,2020,North America,Red,Petrol,Manual,4,146572,86923,7529,High
12/31/2015,5 Series,2015,Africa,Black,Hybrid,Automatic,2.9,108715,75482,3264,Low
12/31/2016,3 Series,2016,Africa,White,Electric,Automatic,1.9,78731,67912,5663,High
12/31/2010,i3,2010,Middle East,Grey,Hybrid,Manual,4.9,26683,75206,2598,Low
12/31/2012,X5,2012,Africa,Silver,Hybrid,Manual,4.2,54942,84443,1974,Low
12/31/2012,X1,2012,Middle East,Blue,Petrol,Manual,4,31265,60903,4197,Low
12/31/2011,7 Series,2011,South America,Red,Hybrid,Manual,4.9,54166,107597,50,Low
12/31/2016,X5,2016,Asia,Red,Electric,Automatic,2.9,174536,82861,6103,High
12/31/2018,5 Series,2018,South America,Black,Hybrid,Automatic,4,127703,88497,4408,Low
12/31/2013,X6,2013,Middle East,Silver,Hybrid,Automatic,2.2,179783,67593,2501,Low
12/31/2021,X5,2021,South America,Grey,Electric,Manual,3.9,196894,99551,4903,Low
12/31/2014,i3,2014,Africa,White,Hybrid,Manual,1.5,34742,58531,2242,Low
12/31/2012,X3,2012,South America,Red,Petrol,Manual,1.9,182132,25000,5987,High
12/31/2020,X1,2020,South America,White,Petrol,Automatic,3,128169,63626,5335,High
12/31/2018,3 Series,2018,Africa,Blue,Petrol,Manual,1.5,126230,52257,5699,High
12/31/2023,i8,2023,Middle East,Grey,Petrol,Automatic,3.1,83621,177036,50,Low
12/31/2013,M5,2013,Africa,White,Hybrid,Manual,3.3,27491,117203,50,Low
12/31/2014,X3,2014,Europe,Red,Electric,Manual,3.7,71007,82758,7573,High
12/31/2010,M5,2010,Asia,Silver,Diesel,Manual,1.9,183807,59770,1452,Low
12/31/2020,X1,2020,Middle East,Blue,Hybrid,Manual,2.1,136086,66952,5915,High
12/31/2021,M5,2021,Africa,Grey,Hybrid,Automatic,3.6,184662,126583,1500,Low
12/31/2024,3 Series,2024,Africa,Silver,Petrol,Manual,3.8,79097,99807,6027,High
12/31/2022,i8,2022,Asia,Black,Hybrid,Manual,1.6,189822,143180,921,Low
12/31/2011,M3,2011,Europe,Blue,Diesel,Manual,3.4,63976,69592,2156,Low
12/31/2021,X1,2021,Asia,Silver,Diesel,Manual,4.2,107417,76206,7919,High
12/31/2022,X1,2022,Asia,Grey,Hybrid,Manual,1.7,106279,76777,8751,High
12/31/2018,5 Series,2018,Middle East,Red,Electric,Manual,2.9,5378,109722,5435,High
12/31/2011,7 Series,2011,South America,Red,Diesel,Manual,2.6,34764,86830,50,Low
12/31/2014,X3,2014,North America,Blue,Petrol,Automatic,4.7,42417,80090,7889,High
12/31/2022,i8,2022,Europe,Blue,Petrol,Automatic,2.2,92698,145485,405,Low
12/31/2017,X1,2017,Europe,Black,Petrol,Manual,2.6,12587,72147,6454,High
12/31/2012,5 Series,2012,Middle East,Blue,Hybrid,Automatic,4.6,163382,67498,3806,Low
12/31/2015,X3,2015,North America,Grey,Electric,Automatic,2.7,172746,62719,8795,High
12/31/2013,i8,2013,Europe,Red,Hybrid,Automatic,3.4,77454,130293,50,Low
12/31/2020,i3,2020,Africa,Blue,Diesel,Manual,1.6,144593,56566,2956,Low
12/31/2016,X1,2016,North America,Blue,Electric,Automatic,4.9,159787,73535,6560,High
12/31/2019,3 Series,2019,Asia,White,Hybrid,Automatic,4.4,147927,88159,8986,High
12/31/2023,X6,2023,Europe,White,Petrol,Automatic,3.7,75103,121892,4249,Low
12/31/2022,M5,2022,South America,Blue,Hybrid,Automatic,1.7,149717,123278,1644,Low
12/31/2012,X6,2012,South America,White,Hybrid,Automatic,1.8,101572,67644,1692,Low
12/31/2015,X1,2015,North America,Blue,Diesel,Automatic,3.4,1685,70109,6699,High
12/31/2024,X3,2024,Africa,Blue,Hybrid,Manual,2.5,15343,121051,6073,High
12/31/2021,X3,2021,South America,Red,Diesel,Manual,3.7,85938,84359,4910,Low
12/31/2024,X1,2024,North America,Red,Diesel,Automatic,3.6,185749,77927,9130,High
12/31/2019,i8,2019,Asia,Red,Hybrid,Automatic,4.4,70193,172459,170,Low
12/31/2018,i8,2018,South America,Silver,Hybrid,Automatic,2.5,115964,133810,184,Low
12/31/2020,X5,2020,Europe,Blue,Diesel,Manual,3.5,153525,86557,6852,High
12/31/2019,M5,2019,South America,Red,Electric,Automatic,4.2,169954,136186,1200,Low
12/31/2010,M3,2010,North America,Black,Electric,Manual,3.2,126793,69183,2108,Low
12/31/2012,i3,2012,South America,White,Electric,Manual,4.4,96881,69104,2517,Low
12/31/2011,5 Series,2011,Middle East,Grey,Hybrid,Automatic,2,113291,55953,4420,Low
12/31/2017,i8,2017,South America,Black,Diesel,Automatic,4.1,84925,136000,50,Low
12/31/2016,X1,2016,Asia,Black,Petrol,Automatic,4.8,11620,88987,6956,High
12/31/2011,X1,2011,Asia,Blue,Hybrid,Manual,2.7,139990,34791,6465,High
12/31/2015,M5,2015,Europe,White,Hybrid,Automatic,2.8,162725,106832,1080,Low
12/31/2024,5 Series,2024,Middle East,Black,Diesel,Manual,1.8,177730,80162,4873,Low
12/31/2012,X3,2012,Africa,Grey,Diesel,Manual,3.7,99933,46588,3723,Low
12/31/2017,X1,2017,Europe,Blue,Diesel,Automatic,3.4,44584,67863,8078,High
12/31/2019,i3,2019,North America,Red,Diesel,Manual,1.6,137922,53008,5294,High
12/31/2022,i8,2022,North America,Blue,Hybrid,Automatic,4.1,156033,172264,627,Low
12/31/2012,X6,2012,Middle East,Black,Diesel,Manual,4.4,116536,72372,2250,Low
12/31/2019,M3,2019,South America,Silver,Diesel,Automatic,4.7,34106,111572,1342,Low
12/31/2023,7 Series,2023,South America,Grey,Diesel,Automatic,3.4,137117,118100,1248,Low
12/31/2018,X6,2018,Europe,Grey,Electric,Manual,3.1,8380,128455,3672,Low
12/31/2010,5 Series,2010,Africa,White,Petrol,Automatic,4.6,54107,66943,2709,Low
12/31/2014,i3,2014,Middle East,Silver,Petrol,Automatic,2.9,50420,64884,3004,Low
12/31/2012,i3,2012,Europe,Red,Petrol,Manual,3.8,82608,30736,5044,High
12/31/2015,i8,2015,Africa,Grey,Petrol,Automatic,3.7,147320,112551,50,Low
12/31/2019,M5,2019,Middle East,Blue,Hybrid,Automatic,2.8,158439,126973,1388,Low
12/31/2011,X1,2011,Africa,Grey,Electric,Manual,1.8,190433,25000,4326,Low
12/31/2018,i3,2018,North America,Red,Petrol,Manual,1.6,183134,46492,6182,High
12/31/2015,X1,2015,Middle East,Silver,Hybrid,Automatic,3,73872,70427,4885,Low
12/31/2016,i8,2016,North America,Blue,Electric,Manual,3.2,48697,153120,50,Low
12/31/2014,X6,2014,Europe,Blue,Hybrid,Automatic,4.4,113352,97360,3615,Low
12/31/2018,X1,2018,Europe,Black,Electric,Automatic,3,42316,88504,7811,High
12/31/2010,i3,2010,North America,Grey,Diesel,Automatic,2.5,10202,50248,4001,Low
12/31/2014,i8,2014,Asia,Silver,Hybrid,Automatic,3.1,127971,124137,50,Low
12/31/2020,i3,2020,Europe,Red,Diesel,Manual,2.3,72761,75883,4777,Low
12/31/2019,M5,2019,North America,White,Diesel,Automatic,1.8,96003,113558,1667,Low
12/31/2020,7 Series,2020,North America,Blue,Electric,Automatic,1.9,55367,141481,1641,Low
12/31/2015,X6,2015,North America,Grey,Hybrid,Automatic,2.6,57791,101157,3363,Low
12/31/2016,i3,2016,North America,Silver,Diesel,Manual,1.5,131796,42618,5638,High
12/31/2021,X6,2021,South America,Grey,Diesel,Automatic,2.3,41762,104730,3058,Low
12/31/2013,M5,2013,Asia,Red,Petrol,Manual,4.3,137596,94768,1380,Low
12/31/2021,M5,2021,South America,Black,Diesel,Automatic,2.3,146074,112982,1103,Low
12/31/2022,M5,2022,South America,Black,Diesel,Manual,1.9,106182,119497,1263,Low
12/31/2010,M3,2010,Europe,Silver,Electric,Automatic,4.8,145585,76572,1905,Low
12/31/2024,X1,2024,Middle East,Blue,Petrol,Manual,3.7,21985,111693,6099,High
12/31/2020,M3,2020,South America,Red,Diesel,Manual,1.7,153709,74024,2031,Low
12/31/2017,X6,2017,Middle East,Black,Hybrid,Manual,1.7,69688,96410,2408,Low
12/31/2019,3 Series,2019,Africa,White,Electric,Manual,3.6,6008,110637,5479,High
12/31/2013,7 Series,2013,Europe,Black,Hybrid,Manual,3.4,41788,111064,485,Low
12/31/2012,3 Series,2012,Middle East,Blue,Electric,Automatic,1.7,159956,44711,6390,High
12/31/2021,M5,2021,Europe,Grey,Electric,Manual,2.3,77499,142887,2031,Low
12/31/2016,M3,2016,Middle East,White,Electric,Manual,4.8,45168,123260,1230,Low
12/31/2021,X6,2021,South America,Silver,Electric,Manual,3.5,103474,118283,3151,Low
12/31/2011,5 Series,2011,Europe,Grey,Petrol,Automatic,3,139785,46997,5999,High
12/31/2017,5 Series,2017,North America,Grey,Diesel,Manual,2.4,150359,61610,7950,High
12/31/2023,M5,2023,South America,Black,Electric,Automatic,2,93786,140001,1496,Low
12/31/2015,3 Series,2015,Middle East,Grey,Diesel,Manual,2.9,155698,45132,6913,High
12/31/2016,5 Series,2016,Asia,White,Electric,Manual,4.7,43250,111154,7299,High
12/31/2023,7 Series,2023,South America,Blue,Petrol,Automatic,1.7,65887,128808,1036,Low
12/31/2014,X5,2014,Asia,White,Electric,Manual,5,119276,90737,6009,High
12/31/2018,7 Series,2018,Middle East,Grey,Electric,Automatic,2.2,3030,145593,635,Low
12/31/2014,M3,2014,Europe,Red,Electric,Automatic,2.9,133807,82329,2394,Low
12/31/2020,M3,2020,Europe,White,Electric,Manual,1.7,86072,103003,3018,Low
12/31/2014,X3,2014,Middle East,Red,Hybrid,Automatic,3.5,149739,65215,5066,High
12/31/2012,3 Series,2012,Europe,Black,Electric,Automatic,3.2,2360,82908,7044,High
12/31/2020,X5,2020,Europe,Red,Electric,Automatic,3.8,133972,107734,6971,High
12/31/2010,M5,2010,North America,Black,Electric,Manual,3.4,107349,103890,572,Low
12/31/2011,7 Series,2011,Europe,White,Petrol,Automatic,2.9,168662,70630,874,Low
12/31/2017,X5,2017,North America,Red,Petrol,Manual,4.1,93045,91375,4923,Low
12/31/2024,3 Series,2024,Asia,Silver,Electric,Manual,1.6,150539,85973,10724,High
12/31/2010,i8,2010,North America,Silver,Petrol,Automatic,3.4,192972,93653,50,Low
12/31/2016,X1,2016,Europe,Blue,Electric,Manual,1.9,31521,72663,6884,High
12/31/2023,5 Series,2023,Europe,Red,Petrol,Automatic,3,30168,122353,7128,High
12/31/2023,M3,2023,South America,Red,Hybrid,Automatic,4.3,39420,140778,2021,Low
12/31/2014,X3,2014,Middle East,Grey,Diesel,Automatic,2,139028,45561,5731,High
12/31/2012,X1,2012,North America,Red,Hybrid,Manual,4.8,55646,66869,6340,High
12/31/2021,X1,2021,Africa,Red,Diesel,Automatic,4.6,12689,99885,3618,Low
12/31/2021,X6,2021,North America,Red,Diesel,Automatic,3,25551,117499,4175,Low
12/31/2024,X3,2024,Europe,Blue,Hybrid,Manual,1.5,35277,105396,9166,High
12/31/2020,i8,2020,Africa,Silver,Diesel,Automatic,4.3,96096,151534,50,Low
12/31/2016,5 Series,2016,Africa,Silver,Petrol,Automatic,4.6,97581,86250,3440,Low
12/31/2018,X5,2018,Middle East,Silver,Diesel,Automatic,2.1,149254,71172,4818,Low
12/31/2011,X3,2011,North America,Silver,Diesel,Automatic,4.7,173989,44014,8065,High
12/31/2017,X1,2017,Europe,White,Petrol,Manual,4.7,43795,82229,7250,High
12/31/2018,X3,2018,Africa,Blue,Hybrid,Automatic,3.1,189315,69445,5070,High
12/31/2020,M5,2020,Middle East,Grey,Petrol,Manual,4.3,144133,134773,1071,Low
12/31/2012,X1,2012,Europe,Black,Electric,Automatic,3.1,114022,50965,7279,High
12/31/2011,X3,2011,Africa,Blue,Petrol,Manual,3.5,180465,28908,3757,Low
12/31/2016,5 Series,2016,North America,White,Petrol,Automatic,2.6,182301,58027,7490,High
12/31/2014,5 Series,2014,North America,Black,Electric,Manual,2.1,65494,80897,5441,High
12/31/2014,7 Series,2014,Asia,Blue,Petrol,Automatic,4.1,74267,112406,724,Low
12/31/2019,i3,2019,North America,Red,Diesel,Manual,1.5,18789,78920,4757,Low
12/31/2014,X5,2014,North America,Blue,Diesel,Automatic,3.5,173794,58495,6561,High
12/31/2013,M5,2013,Middle East,White,Electric,Automatic,4.5,77367,135488,50,Low
12/31/2022,i3,2022,North America,Red,Hybrid,Automatic,2.3,66688,103152,5073,High
12/31/2014,7 Series,2014,Middle East,Blue,Hybrid,Automatic,2.7,43351,116191,57,Low
12/31/2022,M3,2022,North America,Grey,Petrol,Manual,3.6,134459,107470,3047,Low
12/31/2013,3 Series,2013,Europe,Silver,Petrol,Manual,2.4,122907,50548,9018,High
12/31/2024,3 Series,2024,Middle East,Silver,Electric,Automatic,4.5,16566,137905,6344,High
12/31/2022,M3,2022,Europe,Red,Electric,Automatic,2.8,63824,128749,3063,Low
12/31/2015,X6,2015,Asia,Grey,Electric,Automatic,3.5,157783,87335,4306,Low
12/31/2013,i8,2013,Europe,Blue,Electric,Automatic,2.3,165306,111013,50,Low
12/31/2011,i8,2011,North America,Black,Hybrid,Automatic,1.6,87580,110797,50,Low
12/31/2018,5 Series,2018,North America,Silver,Hybrid,Automatic,2.1,192283,70735,8220,High
12/31/2011,M5,2011,Europe,White,Diesel,Manual,1.7,53951,80390,1170,Low
12/31/2018,X1,2018,Africa,Red,Petrol,Manual,3.1,175995,46246,4150,Low
12/31/2019,i3,2019,Middle East,Red,Hybrid,Automatic,3.6,98969,93239,4126,Low
12/31/2015,3 Series,2015,Europe,Blue,Diesel,Manual,1.7,39946,56482,1131,Low
12/31/2018,i3,2018,Africa,Black,Hybrid,Manual,1.8,13967,79499,3043,Low
12/31/2018,i3,2018,Europe,White,Hybrid,Manual,3.2,66979,84299,5501,High
12/31/2012,M3,2012,Africa,Red,Hybrid,Automatic,4.3,77146,88510,501,Low
12/31/2010,X3,2010,Africa,Grey,Electric,Manual,3.7,24348,31964,4161,Low
12/31/2010,3 Series,2010,South America,White,Electric,Automatic,1.9,99227,42236,4829,Low
12/31/2012,X1,2012,Asia,Grey,Petrol,Automatic,4.6,175711,39763,7542,High
12/31/2014,X3,2014,Middle East,Black,Hybrid,Manual,4.7,57610,83975,6020,High
12/31/2022,X3,2022,Europe,Red,Petrol,Manual,2.6,121516,85914,8100,High
12/31/2012,5 Series,2012,South America,Grey,Electric,Manual,3.7,11463,90942,3503,Low
12/31/2021,X6,2021,Middle East,Grey,Hybrid,Automatic,3.2,166576,112896,3031,Low
12/31/2018,i3,2018,Asia,Grey,Hybrid,Automatic,4.8,178996,82265,5143,High
12/31/2018,X3,2018,Middle East,Blue,Electric,Manual,3.3,158058,83186,7233,High
12/31/2012,X6,2012,South America,Silver,Petrol,Manual,4.9,133443,72843,1942,Low
12/31/2012,i3,2012,Africa,White,Diesel,Manual,2.2,95667,33029,2767,Low
12/31/2021,X5,2021,Middle East,Silver,Diesel,Manual,2.7,9336,108250,3998,Low
12/31/2023,X1,2023,Europe,Black,Electric,Manual,4.2,75962,108554,7352,High
12/31/2014,X1,2014,North America,Blue,Petrol,Manual,4.2,38591,64496,7543,High
12/31/2011,X5,2011,Africa,Grey,Electric,Automatic,4.1,6967,99299,1879,Low
12/31/2015,3 Series,2015,South America,Red,Diesel,Manual,4.5,140184,56688,5769,High
12/31/2016,3 Series,2016,Africa,White,Petrol,Automatic,4,36947,79570,4210,Low
12/31/2022,i8,2022,Europe,White,Petrol,Automatic,3.7,86321,160079,274,Low
12/31/2018,i8,2018,Middle East,Red,Hybrid,Automatic,3.1,20713,168524,50,Low
12/31/2024,X5,2024,Asia,Red,Diesel,Manual,3.1,50182,118234,5887,High
12/31/2015,7 Series,2015,Asia,Black,Petrol,Automatic,2.9,194399,86470,1149,Low
12/31/2012,X5,2012,Africa,Silver,Hybrid,Automatic,3.7,111109,73917,2562,Low
12/31/2021,5 Series,2021,Europe,White,Diesel,Automatic,2.9,135378,90579,6061,High
12/31/2014,7 Series,2014,South America,Grey,Hybrid,Automatic,2,116275,92474,223,Low
12/31/2013,X1,2013,North America,Silver,Electric,Manual,1.9,158442,38473,6604,High
12/31/2024,X5,2024,Europe,Black,Petrol,Manual,4.7,197230,106557,7000,High
12/31/2014,X3,2014,Africa,Blue,Diesel,Automatic,1.6,37540,57399,4333,Low
12/31/2017,X6,2017,Asia,Grey,Electric,Manual,1.9,136457,89993,4494,Low
12/31/2017,i3,2017,Europe,Red,Diesel,Manual,3.1,83798,63589,5595,High
12/31/2015,X1,2015,Asia,Blue,Electric,Manual,2.4,89041,64789,8077,High
12/31/2010,X3,2010,Asia,White,Diesel,Automatic,2.9,110612,36682,7782,High
12/31/2017,7 Series,2017,Asia,Grey,Petrol,Manual,1.9,39861,110523,1450,Low
12/31/2017,i3,2017,South America,Black,Electric,Manual,2,153461,60569,3282,Low
12/31/2011,M3,2011,Middle East,Red,Hybrid,Manual,4.3,102337,78790,973,Low
12/31/2013,M5,2013,Middle East,Blue,Diesel,Manual,4.2,92413,105007,356,Low
12/31/2021,M3,2021,Middle East,Black,Hybrid,Manual,1.9,46657,110626,2333,Low
12/31/2011,M5,2011,North America,Grey,Diesel,Automatic,3.8,7825,115110,607,Low
12/31/2013,3 Series,2013,Asia,Red,Hybrid,Manual,3.6,68386,41274,8693,High
12/31/2021,i8,2021,South America,White,Hybrid,Manual,4,150383,145463,428,Low
12/31/2022,M5,2022,Europe,White,Electric,Automatic,3.2,116833,151114,2093,Low
12/31/2022,X5,2022,Africa,Red,Hybrid,Automatic,2.4,90344,107149,3982,Low
12/31/2019,X5,2019,North America,Grey,Diesel,Manual,3.8,98404,94705,6423,High
12/31/2016,3 Series,2016,Africa,Black,Diesel,Automatic,2.8,8095,72582,5628,High
12/31/2018,X6,2018,South America,Red,Hybrid,Automatic,2.3,120600,90102,2837,Low
12/31/2023,5 Series,2023,South America,Silver,Diesel,Manual,2.9,136343,87396,4296,Low
12/31/2023,i3,2023,Asia,White,Diesel,Automatic,4.2,130875,91847,5420,High
12/31/2017,X3,2017,South America,Grey,Electric,Manual,3.2,41697,95276,4899,Low
12/31/2024,3 Series,2024,Africa,White,Hybrid,Automatic,2.5,28185,66480,6792,High
12/31/2021,M5,2021,Europe,Red,Petrol,Manual,4.4,4862,148712,1638,Low
12/31/2018,X1,2018,Middle East,Silver,Petrol,Manual,4.6,71465,76712,6073,High
12/31/2017,5 Series,2017,South America,Grey,Petrol,Manual,3,125734,66767,3794,Low
12/31/2011,X1,2011,Asia,Grey,Electric,Manual,2.8,85572,48146,6458,High
12/31/2016,3 Series,2016,Africa,Grey,Electric,Automatic,3.6,116549,77283,4407,Low
12/31/2011,M5,2011,Africa,Black,Petrol,Automatic,1.7,38184,88192,50,Low
12/31/2022,i3,2022,Europe,Grey,Diesel,Manual,3.9,162463,78089,6083,High
12/31/2021,X5,2021,Asia,Black,Hybrid,Manual,4.2,64007,129914,6489,High
12/31/2020,5 Series,2020,South America,Blue,Diesel,Automatic,2.9,4793,100013,4063,Low
12/31/2011,X5,2011,Africa,Red,Electric,Manual,2.1,12149,74780,2290,Low
12/31/2024,i8,2024,Africa,Blue,Electric,Manual,1.6,68224,161631,508,Low
12/31/2013,3 Series,2013,Middle East,White,Petrol,Manual,3.7,25424,66492,5836,High
12/31/2010,7 Series,2010,Europe,Red,Diesel,Manual,2.4,10814,87673,386,Low
12/31/2024,i8,2024,Africa,Blue,Electric,Automatic,3.1,123793,169464,511,Low
12/31/2014,M5,2014,Africa,White,Hybrid,Manual,2.9,64915,109885,66,Low
12/31/2015,M5,2015,Europe,Red,Petrol,Manual,2.1,180337,86979,1624,Low
12/31/2018,X3,2018,Europe,Black,Electric,Manual,3.3,13533,105604,9069,High
12/31/2019,X1,2019,Asia,Red,Diesel,Manual,3.1,111716,60192,9482,High
12/31/2017,7 Series,2017,Africa,Blue,Hybrid,Automatic,3.7,69030,126373,52,Low
12/31/2011,i3,2011,Europe,Red,Diesel,Automatic,2.4,30742,49626,4181,Low
12/31/2010,3 Series,2010,Middle East,Grey,Hybrid,Automatic,2.3,86361,48901,5000,High
12/31/2011,X5,2011,South America,White,Hybrid,Automatic,4.4,58372,87789,2358,Low
12/31/2016,M5,2016,Europe,Silver,Electric,Automatic,4,192525,111971,1262,Low
12/31/2013,M5,2013,Asia,Red,Electric,Manual,4.2,115810,120399,862,Low
12/31/2019,5 Series,2019,Middle East,White,Diesel,Automatic,1.9,84596,79441,5282,High
12/31/2014,M5,2014,Asia,Black,Electric,Automatic,2.3,25311,126537,943,Low
12/31/2021,X1,2021,Africa,Black,Petrol,Manual,3.5,135596,72344,5141,High
12/31/2016,M3,2016,Africa,Silver,Electric,Manual,4.5,29123,119843,684,Low
12/31/2012,M5,2012,Europe,Red,Hybrid,Automatic,4.6,139797,103637,785,Low
12/31/2019,i3,2019,Asia,Silver,Petrol,Manual,4.4,154736,70428,5512,High
12/31/2011,7 Series,2011,Middle East,Grey,Petrol,Automatic,1.7,143116,68868,318,Low
12/31/2022,X1,2022,Middle East,Grey,Electric,Automatic,4.4,155975,95800,6340,High
12/31/2016,M3,2016,Europe,Grey,Hybrid,Manual,4.6,99941,97768,2128,Low
12/31/2014,X5,2014,North America,Red,Electric,Manual,1.7,69832,80423,5577,High
12/31/2023,X6,2023,Middle East,Red,Electric,Manual,3,156601,184612,2747,Low
12/31/2024,5 Series,2024,North America,White,Hybrid,Manual,3.4,104555,115450,8886,High
12/31/2010,7 Series,2010,Europe,Black,Petrol,Manual,2.3,70043,74760,556,Low
12/31/2010,X5,2010,South America,Silver,Electric,Manual,3.3,143488,60232,3078,Low
12/31/2018,X5,2018,North America,White,Electric,Manual,4.6,47246,124024,6373,High
12/31/2014,i8,2014,Africa,Silver,Electric,Automatic,4.5,19334,156222,50,Low
12/31/2010,3 Series,2010,Africa,White,Petrol,Manual,4.8,167371,32475,4074,Low
12/31/2016,X5,2016,Europe,Blue,Hybrid,Manual,3.2,101686,88448,5596,High
12/31/2018,M3,2018,Middle East,Silver,Diesel,Automatic,2.9,26558,105069,1948,Low
12/31/2020,i8,2020,North America,Silver,Hybrid,Automatic,3.8,42204,170120,290,Low
12/31/2010,M3,2010,Africa,White,Diesel,Automatic,3,96055,51532,731,Low
12/31/2019,M3,2019,Asia,Grey,Electric,Manual,1.6,165452,82835,4356,Low
12/31/2023,5 Series,2023,Middle East,Black,Petrol,Automatic,4,4212,128458,4996,Low
12/31/2022,X6,2022,South America,Black,Petrol,Manual,2.5,68663,112636,2350,Low
12/31/2013,X1,2013,Asia,Silver,Electric,Automatic,1.7,39839,58372,6773,High
12/31/2023,X6,2023,South America,Black,Electric,Manual,1.6,55017,123709,2939,Low
12/31/2012,3 Series,2012,North America,Red,Petrol,Automatic,4.8,192636,43590,8929,High
12/31/2014,X1,2014,North America,Silver,Hybrid,Manual,2.4,67444,56101,8385,High
12/31/2016,5 Series,2016,Middle East,Blue,Electric,Manual,3.1,129048,88623,3932,Low
12/31/2017,3 Series,2017,Middle East,White,Diesel,Automatic,4.8,106074,78229,6167,High
12/31/2022,M3,2022,Africa,White,Hybrid,Manual,3.1,177036,97956,2127,Low
12/31/2011,X5,2011,Africa,Blue,Petrol,Manual,1.8,88156,48802,2384,Low
12/31/2016,M3,2016,Europe,White,Electric,Automatic,3.4,112797,98002,2635,Low
12/31/2023,M3,2023,North America,Silver,Electric,Manual,1.8,74970,117649,4140,Low
12/31/2023,M5,2023,Europe,Blue,Hybrid,Automatic,1.8,52742,151662,2356,Low
12/31/2010,i8,2010,Asia,Red,Electric,Manual,4.5,176268,117761,50,Low
12/31/2016,X3,2016,North America,Red,Diesel,Automatic,2.5,60038,69858,9140,High
12/31/2017,M5,2017,Middle East,Silver,Electric,Automatic,3.9,46690,143465,357,Low
12/31/2011,M5,2011,Europe,White,Petrol,Automatic,3.3,99013,96491,915,Low
12/31/2018,7 Series,2018,Asia,Grey,Diesel,Manual,2.3,189973,88716,1558,Low
12/31/2010,5 Series,2010,North America,Red,Petrol,Manual,3.3,190861,35593,6155,High
12/31/2022,X5,2022,South America,White,Hybrid,Manual,1.7,32276,117114,3972,Low
12/31/2015,X1,2015,South America,White,Petrol,Automatic,2.7,46609,60931,4894,Low
12/31/2010,M3,2010,South America,Grey,Hybrid,Manual,3.3,87087,65044,934,Low
12/31/2012,M3,2012,Europe,Blue,Hybrid,Automatic,2.3,147548,62555,2120,Low
12/31/2020,5 Series,2020,Africa,Blue,Diesel,Automatic,3.8,147481,80288,3657,Low
12/31/2015,5 Series,2015,Europe,Red,Hybrid,Automatic,1.7,76838,72761,5952,High
12/31/2012,3 Series,2012,Africa,Grey,Hybrid,Manual,3.2,159908,41733,5423,High
12/31/2017,i3,2017,South America,Grey,Diesel,Manual,4,147133,59214,2901,Low
12/31/2014,5 Series,2014,Africa,Silver,Petrol,Manual,3,176575,44702,3637,Low
12/31/2011,i8,2011,Africa,Grey,Hybrid,Manual,4.6,117617,118028,50,Low
12/31/2013,X1,2013,North America,Grey,Electric,Automatic,3.7,492,78548,1357,Low
12/31/2018,7 Series,2018,North America,Grey,Hybrid,Manual,4.9,37309,152343,1134,Low
12/31/2013,M3,2013,South America,Blue,Petrol,Automatic,2.5,127643,61801,1279,Low
12/31/2019,M5,2019,Middle East,Red,Petrol,Manual,4.8,6026,149957,621,Low
12/31/2019,M5,2019,Africa,Blue,Electric,Manual,3.6,60816,137988,961,Low
12/31/2017,i8,2017,Asia,Black,Diesel,Manual,4.1,176907,123212,132,Low
12/31/2014,i3,2014,Middle East,Black,Diesel,Automatic,4.7,54487,72218,330,Low
12/31/2020,M3,2020,Middle East,Black,Hybrid,Manual,3.4,119838,112348,2253,Low
12/31/2020,M5,2020,South America,Grey,Petrol,Automatic,4.5,48100,146458,639,Low
12/31/2019,3 Series,2019,Middle East,Silver,Petrol,Automatic,3.4,101303,80776,7414,High
12/31/2022,3 Series,2022,Middle East,Silver,Hybrid,Manual,3.6,55792,106453,7480,High
12/31/2022,X6,2022,South America,Red,Diesel,Manual,3.1,175287,87648,3560,Low
12/31/2023,M5,2023,North America,Black,Petrol,Automatic,2,17284,149673,1763,Low
12/31/2024,i8,2024,Europe,Red,Petrol,Manual,3.4,124534,154587,569,Low
12/31/2010,X6,2010,South America,Silver,Hybrid,Manual,4.9,130850,72695,1586,Low
12/31/2016,5 Series,2016,Europe,Black,Petrol,Manual,4.3,190332,66514,6290,High
12/31/2012,i8,2012,Africa,Blue,Diesel,Automatic,4.1,37004,128265,50,Low
12/31/2019,i3,2019,Africa,White,Petrol,Manual,3.8,101960,74280,2701,Low
12/31/2017,M5,2017,Africa,White,Hybrid,Manual,2.7,14750,196261,50,Low
12/31/2023,i3,2023,Europe,Red,Electric,Manual,2.1,103290,94690,5298,High
12/31/2021,X1,2021,Middle East,Black,Electric,Manual,2.3,68239,91627,6604,High
12/31/2012,X3,2012,North America,Red,Electric,Automatic,1.5,155573,46436,8910,High
12/31/2010,M5,2010,Middle East,Red,Diesel,Automatic,3.9,168915,81517,262,Low
12/31/2014,5 Series,2014,South America,Grey,Hybrid,Automatic,4.3,114222,76702,4024,Low
12/31/2011,X3,2011,Africa,Silver,Hybrid,Manual,2.4,84655,47552,3501,Low
12/31/2020,M5,2020,Africa,Silver,Petrol,Automatic,1.8,117456,107888,1093,Low
12/31/2013,M3,2013,South America,White,Petrol,Automatic,2.7,71985,70309,1093,Low
12/31/2010,i3,2010,Asia,Grey,Diesel,Automatic,2.5,12434,47851,5099,High
12/31/2018,M3,2018,Middle East,Red,Petrol,Automatic,3.1,37930,108246,1683,Low
12/31/2015,i3,2015,Middle East,Black,Petrol,Manual,2.4,92132,56335,2871,Low
12/31/2017,X6,2017,North America,Black,Petrol,Manual,2.7,180588,72160,4007,Low
12/31/2020,3 Series,2020,South America,Red,Petrol,Automatic,4.7,104026,92909,6753,High
12/31/2013,i8,2013,Middle East,White,Electric,Automatic,2.7,24151,143375,50,Low
12/31/2018,i8,2018,Europe,Blue,Petrol,Manual,4.2,136372,139836,50,Low
12/31/2011,X1,2011,Asia,White,Petrol,Automatic,3.7,167086,29613,7033,High
12/31/2018,M3,2018,North America,Red,Electric,Manual,2.7,139320,97227,3787,Low
12/31/2021,X6,2021,Middle East,Grey,Petrol,Manual,4.4,43272,125226,2730,Low
12/31/2014,X1,2014,Europe,Silver,Petrol,Automatic,3.6,138072,47476,6996,High
12/31/2022,i3,2022,Europe,White,Hybrid,Automatic,1.5,197262,72373,6555,High
12/31/2015,X1,2015,Middle East,Silver,Petrol,Manual,1.7,1562,60735,5394,High
12/31/2012,7 Series,2012,South America,Silver,Hybrid,Manual,4.1,130490,92722,50,Low
12/31/2013,X1,2013,Africa,Blue,Petrol,Automatic,3.1,197804,25134,4584,Low
12/31/2015,X3,2015,North America,White,Diesel,Manual,2.9,143365,51598,9000,High
12/31/2016,X5,2016,Africa,Grey,Petrol,Manual,2,52774,73733,2986,Low
12/31/2010,X1,2010,Middle East,Silver,Diesel,Manual,2.1,124943,25000,4564,Low
12/31/2016,i3,2016,Asia,Silver,Petrol,Manual,4.3,62207,77332,4807,Low
12/31/2010,X5,2010,North America,Blue,Hybrid,Automatic,4.4,72498,76933,4282,Low
12/31/2014,i3,2014,North America,White,Electric,Automatic,3.5,12060,92442,4669,Low
12/31/2015,M3,2015,North America,Blue,Electric,Automatic,2.5,100576,91421,4849,Low
12/31/2022,5 Series,2022,Asia,Grey,Electric,Manual,4.8,74833,126982,8574,High
12/31/2011,X3,2011,South America,White,Petrol,Automatic,3.7,125795,43628,5241,High
12/31/2024,5 Series,2024,Asia,Red,Hybrid,Automatic,4.3,131048,124021,7966,High
12/31/2024,M3,2024,Africa,Grey,Hybrid,Automatic,1.5,119040,112915,2299,Low
12/31/2022,i3,2022,Asia,White,Petrol,Manual,3.1,69772,93112,4941,Low
12/31/2019,7 Series,2019,Middle East,Black,Diesel,Manual,4.5,193413,112450,949,Low
12/31/2018,M3,2018,Africa,Red,Electric,Manual,2.7,110099,98288,1875,Low
12/31/2023,X1,2023,Asia,Grey,Petrol,Automatic,4,60517,97385,9048,High
12/31/2019,i8,2019,South America,White,Hybrid,Manual,3.8,88929,157146,50,Low
12/31/2015,M5,2015,Europe,Red,Electric,Automatic,2,79953,122894,919,Low
12/31/2016,X1,2016,Europe,Blue,Hybrid,Automatic,4.2,25213,83770,6645,High
12/31/2023,3 Series,2023,Asia,Blue,Electric,Automatic,1.9,43974,112864,9383,High
12/31/2024,7 Series,2024,Africa,Grey,Electric,Automatic,4,168484,142265,1464,Low
12/31/2019,3 Series,2019,Middle East,Red,Petrol,Automatic,5,63989,95012,7384,High
12/31/2024,3 Series,2024,North America,Silver,Hybrid,Automatic,4.9,461,137089,9279,High
12/31/2017,M5,2017,South America,Black,Electric,Manual,4.3,191437,118276,615,Low
12/31/2020,5 Series,2020,Asia,Silver,Diesel,Manual,3.4,170048,80698,6878,High
12/31/2024,X3,2024,Europe,White,Diesel,Automatic,3.9,38199,110404,8381,High
12/31/2022,i3,2022,South America,Red,Hybrid,Manual,4,20384,112234,8101,High
12/31/2019,X6,2019,Asia,Black,Petrol,Manual,1.5,85191,93711,5174,High
12/31/2010,X5,2010,Africa,Red,Electric,Automatic,1.9,50522,69905,2145,Low
12/31/2023,X3,2023,North America,Blue,Hybrid,Manual,3.6,31481,116592,8952,High
12/31/2017,X3,2017,Asia,Grey,Petrol,Automatic,1.5,35193,75795,9637,High
12/31/2013,M3,2013,Europe,Red,Petrol,Manual,4.7,114013,77401,2583,Low
12/31/2019,7 Series,2019,Africa,Black,Petrol,Manual,3.2,69011,119437,412,Low
12/31/2017,X1,2017,Asia,Grey,Diesel,Manual,2.4,123400,46485,7380,High
12/31/2022,X6,2022,Asia,Silver,Electric,Automatic,2.9,183136,107638,4670,Low
12/31/2024,i3,2024,Africa,Silver,Hybrid,Manual,4.5,65273,115485,3921,Low
12/31/2015,M5,2015,Middle East,Silver,Diesel,Manual,4.7,18961,139201,114,Low
12/31/2020,7 Series,2020,Asia,White,Electric,Manual,1.9,158910,119562,1948,Low
12/31/2018,i8,2018,Europe,Grey,Electric,Manual,4.2,166674,152018,301,Low
12/31/2020,7 Series,2020,Asia,Grey,Electric,Automatic,3.5,153732,127274,2167,Low
12/31/2013,3 Series,2013,South America,Red,Electric,Automatic,3.5,163127,53105,4998,Low
12/31/2011,X6,2011,Europe,Grey,Electric,Automatic,4.2,174219,78297,2865,Low
12/31/2023,X1,2023,South America,Blue,Petrol,Manual,2.3,145856,69396,5104,High
12/31/2011,M5,2011,Asia,Black,Diesel,Manual,3.4,100549,90849,996,Low
12/31/2014,i8,2014,Africa,Silver,Hybrid,Automatic,2.6,5328,146824,50,Low
12/31/2019,7 Series,2019,Europe,Blue,Diesel,Manual,1.8,8583,116694,1247,Low
12/31/2018,X5,2018,Africa,Red,Electric,Manual,1.9,195204,74521,3557,Low
12/31/2021,7 Series,2021,Middle East,White,Hybrid,Automatic,2,59163,137070,1138,Low
12/31/2012,X1,2012,Middle East,Grey,Diesel,Automatic,3.7,185806,30031,5653,High
12/31/2017,X3,2017,North America,Grey,Hybrid,Manual,1.9,181339,57706,8727,High
12/31/2013,M5,2013,Asia,Grey,Petrol,Automatic,3.5,115031,49717,1961,Low
12/31/2015,X6,2015,Europe,Silver,Diesel,Automatic,3.6,55385,93253,9308,High
12/31/2019,X3,2019,South America,White,Hybrid,Automatic,4.7,111687,97382,5767,High
12/31/2015,X1,2015,Europe,Blue,Hybrid,Manual,3.7,164194,51703,8330,High
12/31/2012,i3,2012,North America,Red,Hybrid,Manual,4.9,76879,73403,4582,Low
12/31/2023,7 Series,2023,Middle East,Blue,Petrol,Manual,1.6,113222,124231,1183,Low
12/31/2014,M3,2014,Africa,Red,Electric,Manual,4,111120,84329,1031,Low
12/31/2021,X3,2021,North America,Red,Electric,Manual,1.6,43570,99610,8155,High
12/31/2012,M3,2012,Africa,Grey,Electric,Manual,4.1,3510,98334,421,Low
12/31/2020,X6,2020,Europe,White,Diesel,Manual,2.9,49054,107808,3525,Low
12/31/2024,7 Series,2024,Europe,Grey,Electric,Automatic,3.6,170682,144962,2244,Low
12/31/2020,X1,2020,Africa,Silver,Diesel,Manual,2.6,117318,61755,4756,Low
12/31/2024,3 Series,2024,North America,Silver,Diesel,Manual,2.1,148290,76832,9891,High
12/31/2010,7 Series,2010,Asia,Black,Electric,Automatic,4,180241,88722,500,Low
12/31/2016,X3,2016,South America,Silver,Hybrid,Automatic,4.7,154228,80554,5559,High
12/31/2013,X5,2013,Africa,Grey,Petrol,Automatic,2.1,36048,71576,2315,Low
12/31/2023,3 Series,2023,Africa,Blue,Petrol,Manual,4.7,82079,99938,6342,High
12/31/2016,i3,2016,Europe,Black,Electric,Manual,2,4170,86758,4296,Low
12/31/2012,X6,2012,Middle East,Black,Petrol,Automatic,4.1,61131,85313,2303,Low
12/31/2021,X1,2021,South America,Grey,Petrol,Manual,4.9,173741,72468,5471,High
12/31/2024,5 Series,2024,Africa,Black,Electric,Manual,2,164515,102069,5156,High
12/31/2024,7 Series,2024,Asia,Silver,Electric,Automatic,3,163915,134668,2343,Low
12/31/2020,5 Series,2020,South America,Silver,Hybrid,Manual,2.7,188043,77906,5720,High
12/31/2014,i8,2014,Africa,Red,Petrol,Manual,2.9,167226,105249,50,Low
12/31/2014,7 Series,2014,North America,White,Electric,Automatic,4.1,126633,119253,633,Low
12/31/2024,X5,2024,Asia,Blue,Petrol,Automatic,3.8,49474,128988,6954,High
12/31/2022,X1,2022,South America,Grey,Hybrid,Manual,4.9,105043,97641,5947,High
12/31/2011,7 Series,2011,South America,Silver,Hybrid,Automatic,2.1,13031,103017,50,Low
12/31/2020,X1,2020,Asia,Blue,Hybrid,Manual,3.4,72042,88666,8266,High
12/31/2019,X1,2019,Africa,Blue,Petrol,Manual,3.1,23214,78645,4191,Low
12/31/2021,i8,2021,Europe,Grey,Petrol,Manual,4.7,17065,181632,50,Low
12/31/2011,M5,2011,Africa,White,Hybrid,Manual,1.5,16128,96597,50,Low
12/31/2013,X5,2013,Europe,White,Petrol,Manual,5,90250,82876,4737,Low
12/31/2024,X1,2024,Middle East,Black,Hybrid,Automatic,3.2,14060,114954,6524,High
12/31/2013,i3,2013,North America,Grey,Petrol,Automatic,3.7,144163,49155,4255,Low
12/31/2013,M5,2013,North America,Silver,Petrol,Manual,2.8,37498,110462,1026,Low
12/31/2015,X1,2015,Middle East,Blue,Electric,Automatic,4.5,122142,72618,4747,Low
12/31/2011,M5,2011,North America,Black,Petrol,Automatic,3.5,25918,108649,738,Low
12/31/2015,X5,2015,Middle East,Black,Hybrid,Automatic,3.8,183383,78029,3360,Low
12/31/2016,X3,2016,Asia,Red,Electric,Manual,3.8,40894,93835,9619,High
12/31/2020,3 Series,2020,Asia,Silver,Petrol,Automatic,2.8,185742,60688,9963,High
12/31/2019,7 Series,2019,North America,Black,Hybrid,Automatic,1.8,183096,107287,1778,Low
12/31/2012,X5,2012,Middle East,Grey,Petrol,Manual,4.3,57729,76653,3298,Low
12/31/2020,X6,2020,Africa,White,Electric,Automatic,2.5,164124,99919,3164,Low
12/31/2021,X5,2021,North America,Silver,Diesel,Manual,4.5,106792,104872,6874,High
12/31/2017,X3,2017,Africa,Silver,Hybrid,Manual,3.6,2901,98383,3798,Low
12/31/2011,M5,2011,Africa,Red,Diesel,Automatic,2.7,94248,82181,50,Low
12/31/2020,3 Series,2020,Middle East,Silver,Electric,Manual,3.6,190714,84740,7853,High
12/31/2017,7 Series,2017,Middle East,Red,Electric,Manual,3.8,138,150645,50,Low
12/31/2022,5 Series,2022,Africa,Blue,Diesel,Manual,4,24158,116435,3969,Low
12/31/2020,5 Series,2020,South America,Black,Petrol,Manual,4.4,192467,81228,4239,Low
12/31/2014,X5,2014,Middle East,Grey,Diesel,Manual,2.1,77674,101526,2841,Low
12/31/2011,X6,2011,Africa,Silver,Electric,Manual,4.8,18126,101055,829,Low
12/31/2016,X1,2016,Asia,Black,Electric,Automatic,2.9,117891,64505,6829,High
12/31/2023,M5,2023,Africa,Grey,Hybrid,Manual,4.5,172787,139539,1372,Low
12/31/2011,X6,2011,Middle East,Grey,Petrol,Manual,2.3,157726,53229,2104,Low
12/31/2023,i3,2023,Middle East,Blue,Electric,Automatic,1.6,168668,83461,4633,Low
12/31/2015,M3,2015,Africa,Silver,Petrol,Manual,3.5,96700,75025,1165,Low
12/31/2019,X5,2019,Europe,White,Petrol,Manual,2.6,96708,84257,6212,High
12/31/2012,X1,2012,North America,Red,Hybrid,Manual,4.9,28252,76796,6259,High
12/31/2018,X6,2018,Middle East,Grey,Electric,Manual,1.9,28179,120948,3130,Low
12/31/2012,X5,2012,Middle East,Blue,Electric,Manual,1.7,47972,76613,2965,Low
12/31/2020,i8,2020,South America,Grey,Diesel,Manual,1.7,72822,132673,50,Low
12/31/2024,M3,2024,Middle East,Grey,Hybrid,Automatic,2.3,54315,133836,2490,Low
12/31/2021,X3,2021,South America,White,Electric,Manual,3.5,162321,92473,6324,High
12/31/2021,5 Series,2021,Asia,White,Petrol,Manual,3.3,116656,89091,6472,High
12/31/2012,M3,2012,Middle East,Blue,Petrol,Manual,2.7,11472,80901,1201,Low
12/31/2014,X1,2014,Asia,Blue,Petrol,Automatic,1.8,11856,55348,8783,High
12/31/2016,i3,2016,Middle East,Grey,Diesel,Manual,2.3,165628,44542,3574,Low
12/31/2023,X3,2023,Africa,Red,Electric,Automatic,2.1,145221,92308,5084,High
12/31/2017,3 Series,2017,South America,Grey,Hybrid,Automatic,4.1,128276,76524,6293,High
12/31/2021,i3,2021,Asia,Red,Diesel,Automatic,4.2,112376,88788,5054,High
12/31/2020,X1,2020,Asia,Blue,Petrol,Manual,4.2,162485,68432,9010,High
12/31/2016,X5,2016,Africa,Silver,Diesel,Automatic,4.9,15341,106635,2219,Low
12/31/2018,X1,2018,Asia,White,Petrol,Automatic,4.6,5385,91413,6633,High
12/31/2014,M5,2014,Europe,Black,Diesel,Manual,3.2,98651,99998,1030,Low
12/31/2019,i3,2019,Europe,Black,Petrol,Manual,3,199268,53705,5910,High
12/31/2020,M3,2020,South America,Red,Petrol,Manual,4.7,140076,97446,2002,Low
12/31/2024,M3,2024,Europe,Black,Petrol,Manual,3.6,179382,102170,3442,Low
12/31/2012,3 Series,2012,Middle East,Silver,Electric,Manual,2.5,192448,38154,5569,High
12/31/2015,M3,2015,South America,Blue,Petrol,Automatic,3.5,178472,63398,1581,Low
12/31/2014,X5,2014,Middle East,Silver,Petrol,Automatic,5,75331,151986,2406,Low
12/31/2021,X6,2021,North America,Silver,Diesel,Manual,4.5,18942,125310,3636,Low
12/31/2013,X3,2013,Asia,Black,Electric,Manual,2.5,26547,74957,7519,High
12/31/2021,X6,2021,Middle East,Black,Hybrid,Manual,4.8,60527,136156,3249,Low
12/31/2011,X1,2011,South America,Grey,Petrol,Manual,4.9,72728,51231,4125,Low
12/31/2016,X3,2016,Europe,Grey,Diesel,Automatic,2.3,52288,31959,7763,High
12/31/2022,M5,2022,Middle East,Red,Petrol,Manual,4.6,191203,138959,1092,Low
12/31/2014,5 Series,2014,North America,Silver,Diesel,Manual,4.6,82173,74526,6786,High
12/31/2013,X5,2013,South America,Blue,Petrol,Automatic,1.6,195842,37746,3707,Low
12/31/2021,X5,2021,South America,Blue,Petrol,Manual,3.8,2155,113792,3786,Low
12/31/2023,X5,2023,Asia,Red,Hybrid,Automatic,2.6,38695,125804,7391,High
12/31/2017,5 Series,2017,North America,Black,Hybrid,Manual,3.9,8255,113832,6833,High
12/31/2018,M5,2018,Middle East,White,Diesel,Manual,4.7,100950,125352,694,Low
12/31/2018,M3,2018,Europe,Silver,Hybrid,Manual,3.2,24665,117612,2781,Low
12/31/2012,X6,2012,Africa,Black,Electric,Automatic,3,545,101526,939,Low
12/31/2012,5 Series,2012,Middle East,Blue,Electric,Automatic,4.7,128244,83582,3630,Low
12/31/2014,3 Series,2014,Asia,Black,Diesel,Manual,4.9,129459,56016,8316,High
12/31/2014,3 Series,2014,North America,Grey,Electric,Manual,1.7,97997,55769,8536,High
12/31/2019,M3,2019,Middle East,White,Petrol,Manual,4.7,22295,124820,1632,Low
12/31/2011,M3,2011,Middle East,Black,Diesel,Automatic,1.8,145917,46102,1378,Low
12/31/2010,i3,2010,South America,Grey,Electric,Manual,2.7,105341,42601,2415,Low
12/31/2017,7 Series,2017,Africa,Red,Diesel,Automatic,4.2,63141,117120,191,Low
12/31/2012,M5,2012,Asia,Silver,Electric,Manual,4.2,116576,110134,180,Low
12/31/2010,i8,2010,North America,White,Hybrid,Manual,4,54452,181334,50,Low
12/31/2010,X3,2010,Africa,Black,Diesel,Manual,1.6,60432,32255,3960,Low
12/31/2020,7 Series,2020,Asia,Black,Diesel,Manual,2,29152,116397,1511,Low
12/31/2024,M5,2024,Middle East,Blue,Hybrid,Manual,4.8,170219,152534,2015,Low
12/31/2011,X1,2011,Middle East,Silver,Diesel,Manual,1.8,146667,25000,5379,High
12/31/2015,5 Series,2015,North America,White,Diesel,Automatic,1.8,145762,51098,7462,High
12/31/2015,i3,2015,Africa,Grey,Diesel,Automatic,4.4,72717,68751,2245,Low
12/31/2023,X1,2023,North America,Grey,Diesel,Automatic,3.7,181948,77764,9530,High
12/31/2012,X5,2012,Asia,Black,Petrol,Automatic,2.7,53184,69855,4776,Low
12/31/2021,3 Series,2021,Asia,White,Petrol,Manual,2.1,105389,75876,11237,High
12/31/2013,5 Series,2013,North America,Black,Diesel,Automatic,4.6,122381,69172,6851,High
12/31/2021,5 Series,2021,North America,Red,Electric,Manual,5,79205,123572,7510,High
12/31/2022,X6,2022,Africa,Black,Diesel,Manual,1.7,168684,82322,2766,Low
12/31/2011,M3,2011,Middle East,Blue,Diesel,Manual,3.4,152228,52292,1638,Low
12/31/2011,7 Series,2011,North America,Silver,Hybrid,Manual,2.4,32331,97565,463,Low
12/31/2024,i8,2024,North America,White,Petrol,Manual,4.4,56692,178424,275,Low
12/31/2016,i8,2016,Africa,Black,Diesel,Manual,2.7,58594,130685,50,Low
12/31/2022,X1,2022,Middle East,Black,Petrol,Manual,4,144927,83394,6115,High
12/31/2010,3 Series,2010,Middle East,Grey,Hybrid,Manual,3.4,171521,36295,6723,High
12/31/2016,X3,2016,South America,Black,Diesel,Automatic,3.4,170385,55277,4604,Low
12/31/2023,i8,2023,South America,Grey,Electric,Manual,4.5,169070,170046,379,Low
12/31/2021,M5,2021,South America,Red,Diesel,Manual,3.1,156815,115452,1253,Low
12/31/2023,X1,2023,Middle East,Black,Petrol,Automatic,4.5,94553,98500,5797,High
12/31/2021,5 Series,2021,Africa,Grey,Electric,Manual,2.8,194820,89206,5161,High
12/31/2023,M3,2023,Europe,White,Electric,Automatic,2.1,158863,105971,4299,Low
12/31/2010,X1,2010,Middle East,Grey,Diesel,Automatic,3.1,139371,25000,4744,Low
12/31/2023,3 Series,2023,North America,Red,Petrol,Manual,3.2,169295,82481,1771,Low
12/31/2015,i8,2015,Africa,White,Petrol,Manual,3.2,107018,113714,50,Low
12/31/2012,5 Series,2012,Africa,Blue,Diesel,Manual,4.3,114183,55412,3565,Low
12/31/2017,M3,2017,Africa,Red,Petrol,Automatic,3.5,77620,88220,1363,Low
12/31/2015,X1,2015,North America,Red,Hybrid,Manual,4.6,87355,71160,8320,High
12/31/2020,X6,2020,Africa,Silver,Electric,Manual,3.3,133327,111899,2795,Low
12/31/2011,i3,2011,Asia,Black,Electric,Automatic,2.3,57862,59684,4817,Low
12/31/2017,X6,2017,Asia,Black,Petrol,Automatic,2,180955,69054,4362,Low
12/31/2014,X6,2014,South America,Silver,Diesel,Manual,4.5,30337,93483,1621,Low
12/31/2017,M3,2017,North America,White,Petrol,Automatic,1.7,12146,97156,2811,Low
12/31/2017,X5,2017,Asia,Black,Diesel,Automatic,1.9,67426,77349,6704,High
12/31/2015,M5,2015,Middle East,Blue,Hybrid,Manual,1.7,188446,88832,970,Low
12/31/2011,5 Series,2011,Asia,Black,Hybrid,Automatic,3,122634,62316,6958,High
12/31/2017,X1,2017,Europe,Silver,Diesel,Manual,3.4,173288,44783,8128,High
12/31/2024,X3,2024,South America,Blue,Hybrid,Manual,1.6,175050,78334,6414,High
12/31/2024,7 Series,2024,Asia,Silver,Electric,Automatic,3.3,65596,155084,2179,Low
12/31/2020,i8,2020,Africa,Red,Petrol,Automatic,2.9,111288,144120,50,Low
12/31/2015,3 Series,2015,Africa,Red,Diesel,Manual,4.2,188509,25000,5148,High
12/31/2015,M5,2015,Asia,Black,Electric,Manual,4.4,192093,116569,1227,Low
12/31/2017,X3,2017,Europe,Blue,Petrol,Automatic,3.9,1824,98197,7689,High
12/31/2010,i8,2010,North America,White,Hybrid,Automatic,3.2,34955,130367,50,Low
12/31/2011,3 Series,2011,Middle East,Blue,Electric,Automatic,2.3,182729,40599,5442,High
12/31/2021,7 Series,2021,Asia,Grey,Hybrid,Manual,4.5,74934,142824,1946,Low
12/31/2021,i8,2021,Middle East,Black,Petrol,Automatic,2.7,197611,134445,229,Low
12/31/2018,X1,2018,Asia,Silver,Petrol,Manual,2.7,169709,49986,7344,High
12/31/2020,X1,2020,Europe,Grey,Diesel,Automatic,4.7,49450,90957,7604,High
12/31/2021,5 Series,2021,Asia,Black,Diesel,Automatic,4.9,128963,104326,6704,High
12/31/2017,X3,2017,North America,White,Diesel,Manual,4.6,189033,65098,7893,High
12/31/2021,M5,2021,Europe,Blue,Diesel,Automatic,5,129143,143441,1419,Low
12/31/2016,M3,2016,Asia,Black,Hybrid,Manual,4.5,33264,112571,2172,Low
12/31/2016,M3,2016,Asia,Grey,Petrol,Manual,4,171488,75477,3346,Low
12/31/2014,5 Series,2014,South America,White,Electric,Manual,2.5,192101,53349,3739,Low
12/31/2011,7 Series,2011,South America,Grey,Hybrid,Automatic,4.8,105822,98547,50,Low
12/31/2020,7 Series,2020,North America,Red,Petrol,Automatic,4.6,65758,138595,1393,Low
12/31/2015,7 Series,2015,Asia,White,Electric,Manual,2.3,144644,100808,1175,Low
12/31/2019,X1,2019,Africa,Silver,Diesel,Automatic,3.2,157652,54166,4288,Low
12/31/2012,i8,2012,South America,Grey,Electric,Automatic,1.7,96785,112056,50,Low
12/31/2013,3 Series,2013,Middle East,White,Hybrid,Manual,4.8,83075,72037,5110,High
12/31/2022,i8,2022,Europe,Grey,Diesel,Manual,3.5,117681,148376,470,Low
12/31/2019,X6,2019,Africa,Grey,Petrol,Automatic,2.4,190099,78621,2174,Low
12/31/2021,M3,2021,Middle East,Silver,Petrol,Manual,2.5,64751,102800,2320,Low
12/31/2020,i3,2020,Middle East,Black,Electric,Manual,4.9,161333,96157,4417,Low
12/31/2011,X6,2011,Asia,Silver,Electric,Automatic,3.7,98331,91209,3118,Low
12/31/2023,3 Series,2023,Middle East,Black,Petrol,Automatic,3,14574,110617,6701,High
12/31/2011,X6,2011,Middle East,White,Diesel,Automatic,3.2,8268,88979,1674,Low
12/31/2021,X5,2021,Asia,Black,Hybrid,Automatic,1.8,74641,112767,7713,High
12/31/2017,7 Series,2017,Europe,Red,Hybrid,Automatic,1.8,33184,126154,845,Low
12/31/2017,7 Series,2017,Asia,White,Electric,Automatic,3.6,43235,140151,927,Low
12/31/2019,X1,2019,Middle East,Red,Electric,Manual,3.3,147993,78595,5171,High
12/31/2015,X1,2015,Asia,Black,Hybrid,Automatic,2.8,194712,45302,8360,High
12/31/2022,5 Series,2022,Europe,Silver,Petrol,Manual,3.5,79959,106869,7323,High
12/31/2014,5 Series,2014,Europe,Silver,Hybrid,Automatic,1.8,20125,79832,5813,High
12/31/2017,X5,2017,South America,White,Electric,Automatic,4.8,64041,110280,2923,Low
12/31/2013,M5,2013,North America,Red,Diesel,Manual,2.5,126027,91541,1178,Low
12/31/2020,5 Series,2020,South America,Black,Electric,Manual,1.8,145643,87984,5469,High
12/31/2013,X1,2013,Middle East,Silver,Electric,Manual,2.1,180474,37382,4661,Low
12/31/2014,M5,2014,Asia,Grey,Diesel,Manual,1.8,11662,110918,1123,Low
12/31/2010,M5,2010,Africa,Grey,Diesel,Automatic,2.1,159450,61521,212,Low
12/31/2010,X1,2010,North America,Grey,Diesel,Automatic,3,111708,28621,7380,High
12/31/2011,X5,2011,South America,Red,Electric,Manual,4.1,47425,83088,2731,Low
12/31/2023,i3,2023,North America,White,Diesel,Manual,2.5,105998,79596,6206,High
12/31/2017,X6,2017,Asia,Silver,Diesel,Manual,3,122552,81125,3863,Low
12/31/2016,X1,2016,Europe,Blue,Hybrid,Automatic,4.8,111009,72991,8022,High
12/31/2024,3 Series,2024,Africa,White,Electric,Automatic,2.5,26119,121068,6660,High
12/31/2024,X1,2024,Asia,White,Diesel,Manual,4.3,198329,79696,9681,High
12/31/2019,X1,2019,Africa,White,Diesel,Automatic,2.1,13376,71790,4627,Low
12/31/2018,i3,2018,Africa,Grey,Diesel,Manual,2.1,159999,48102,2939,Low
12/31/2014,i3,2014,Middle East,White,Electric,Automatic,3.1,159886,61439,2898,Low
12/31/2011,i8,2011,South America,Red,Diesel,Automatic,2.3,94403,137358,50,Low
12/31/2016,5 Series,2016,North America,Red,Diesel,Manual,4.7,182722,68435,7292,High
12/31/2024,3 Series,2024,Middle East,Black,Hybrid,Automatic,1.7,80876,101244,7126,High
12/31/2017,X6,2017,South America,Grey,Diesel,Automatic,3.6,15913,102386,1846,Low
12/31/2021,5 Series,2021,Europe,Black,Diesel,Manual,3.6,81025,103280,7246,High
12/31/2016,M3,2016,Europe,Black,Electric,Automatic,1.7,187794,72092,2683,Low
12/31/2023,M5,2023,Africa,White,Electric,Manual,4.1,61330,163950,1187,Low
12/31/2016,i3,2016,Middle East,Black,Petrol,Automatic,3.1,16744,78589,2795,Low
12/31/2021,X3,2021,South America,White,Diesel,Automatic,4,100435,86543,5867,High
12/31/2024,M3,2024,South America,Red,Diesel,Manual,4.4,92848,116615,2334,Low
12/31/2023,M3,2023,Africa,Black,Petrol,Automatic,2.6,188663,88165,2383,Low
12/31/2014,M5,2014,North America,Blue,Petrol,Automatic,3.2,54457,112721,1031,Low
12/31/2011,X3,2011,Asia,Blue,Petrol,Manual,2.4,89508,43442,9244,High
12/31/2015,X6,2015,Europe,White,Electric,Manual,2.2,91928,86030,3743,Low
12/31/2013,X5,2013,South America,White,Petrol,Automatic,1.5,169830,40885,3924,Low
12/31/2019,i3,2019,North America,Blue,Diesel,Automatic,4.9,43477,93743,5377,High
12/31/2011,5 Series,2011,Africa,Red,Hybrid,Automatic,3,129953,53488,2891,Low
12/31/2021,5 Series,2021,Europe,White,Electric,Automatic,1.5,178005,81940,6910,High
12/31/2018,7 Series,2018,Africa,Red,Petrol,Automatic,1.5,145611,93414,614,Low
12/31/2016,X1,2016,South America,Grey,Electric,Manual,2.5,134893,59126,4288,Low
12/31/2015,X1,2015,South America,Black,Electric,Automatic,1.5,153581,45686,4816,Low
12/31/2021,i3,2021,Europe,Silver,Hybrid,Manual,2.8,132235,85960,6352,High
12/31/2014,X1,2014,Asia,Grey,Diesel,Manual,1.7,95919,35829,9143,High
12/31/2012,3 Series,2012,Middle East,Red,Petrol,Manual,1.6,108141,35629,7288,High
12/31/2021,M5,2021,Europe,White,Electric,Manual,3.8,37876,167456,1701,Low
12/31/2024,X5,2024,North America,Red,Electric,Automatic,4.7,121310,132811,7605,High
12/31/2024,M5,2024,Middle East,Red,Diesel,Manual,2.9,33595,152399,1376,Low
12/31/2019,X1,2019,Africa,Blue,Electric,Manual,4.4,6111,109850,3924,Low
12/31/2019,X3,2019,Asia,Grey,Petrol,Manual,1.6,174435,53234,10572,High
12/31/2013,i3,2013,Middle East,Black,Electric,Manual,4.2,94361,74316,309,Low
12/31/2012,i8,2012,South America,Blue,Electric,Manual,1.7,110592,115345,50,Low
12/31/2021,5 Series,2021,North America,Blue,Electric,Automatic,4.4,152713,112317,6656,High
12/31/2020,X6,2020,South America,Grey,Electric,Manual,4.6,58786,132499,2742,Low
12/31/2017,i8,2017,Europe,Black,Petrol,Automatic,4.3,105012,148165,50,Low
12/31/2012,i3,2012,South America,Black,Hybrid,Automatic,4.4,189356,49377,2654,Low
12/31/2016,X6,2016,Africa,Black,Hybrid,Manual,3.5,21127,107116,1460,Low
12/31/2016,i3,2016,Africa,Red,Petrol,Manual,2.4,128513,49758,2622,Low
12/31/2016,5 Series,2016,Africa,Black,Petrol,Automatic,3.8,132499,71928,3860,Low
12/31/2022,X3,2022,Europe,Red,Hybrid,Manual,3,92328,101949,10061,High
12/31/2016,X1,2016,North America,Red,Petrol,Automatic,1.5,144234,38551,8894,High
12/31/2023,i3,2023,Africa,Blue,Diesel,Manual,3.2,37916,97890,3074,Low
12/31/2011,7 Series,2011,Middle East,Red,Electric,Automatic,3.8,30526,123413,50,Low
12/31/2019,5 Series,2019,Europe,Blue,Petrol,Automatic,1.5,117672,71669,7743,High
12/31/2012,i3,2012,Asia,Silver,Petrol,Manual,3.7,159659,37358,5004,High
12/31/2019,i3,2019,Africa,Blue,Electric,Automatic,3.8,11698,104287,2745,Low
12/31/2018,M5,2018,Europe,White,Diesel,Automatic,2.1,184270,91604,2064,Low
12/31/2012,i3,2012,North America,Silver,Electric,Manual,3,7732,76283,4818,Low
12/31/2011,7 Series,2011,Europe,Grey,Petrol,Manual,4.9,7491,113025,153,Low
12/31/2018,M3,2018,North America,Black,Electric,Manual,4.6,62441,118488,2946,Low
12/31/2022,X1,2022,Africa,Blue,Petrol,Manual,2.9,123129,68917,5475,High
12/31/2019,X5,2019,Asia,Black,Petrol,Automatic,2.7,147099,81732,6060,High
12/31/2018,M3,2018,North America,Grey,Electric,Automatic,1.9,135159,95744,3741,Low
12/31/2013,7 Series,2013,Africa,Red,Electric,Automatic,1.6,147751,84333,89,Low
12/31/2023,3 Series,2023,Asia,Black,Hybrid,Automatic,2.5,128618,95157,12587,High
12/31/2021,X3,2021,South America,Red,Petrol,Manual,4.8,2510,108097,5984,High
12/31/2018,X6,2018,North America,Red,Electric,Manual,4.9,144189,117061,3723,Low
12/31/2012,X3,2012,Asia,White,Diesel,Automatic,4.3,196896,42039,9829,High
12/31/2016,3 Series,2016,South America,Red,Electric,Automatic,2.7,97972,76331,4810,Low
12/31/2016,3 Series,2016,Asia,Blue,Hybrid,Automatic,2,145648,56175,10510,High
12/31/2024,5 Series,2024,Europe,Silver,Diesel,Automatic,3.6,141515,99796,7892,High
12/31/2020,7 Series,2020,North America,Silver,Electric,Manual,3.8,111389,136568,1578,Low
12/31/2017,i8,2017,South America,Grey,Hybrid,Automatic,3,50726,148372,50,Low
12/31/2019,5 Series,2019,North America,Grey,Diesel,Automatic,3.9,57994,95577,6777,High
12/31/2024,X3,2024,Europe,Grey,Petrol,Automatic,4.1,52079,120823,7594,High
12/31/2013,X3,2013,Asia,Red,Hybrid,Manual,4.2,107985,70731,8593,High
12/31/2012,5 Series,2012,Asia,Black,Diesel,Manual,3.3,91597,56383,7196,High
12/31/2012,7 Series,2012,Europe,Black,Diesel,Automatic,4.3,146062,84222,765,Low
12/31/2024,5 Series,2024,Asia,Red,Petrol,Manual,1.6,172592,84467,6929,High
12/31/2021,i8,2021,Asia,Grey,Diesel,Automatic,3.9,184737,145479,378,Low
12/31/2014,7 Series,2014,Asia,Blue,Hybrid,Manual,2.3,214,119940,642,Low
12/31/2020,X6,2020,Middle East,Red,Hybrid,Manual,2.4,141248,104550,3368,Low
12/31/2024,3 Series,2024,North America,White,Petrol,Manual,1.8,28889,103011,9814,High
12/31/2023,X3,2023,South America,Black,Electric,Manual,2.2,84105,105527,5363,High
12/31/2010,5 Series,2010,Europe,White,Electric,Automatic,5,105038,75925,5551,High
12/31/2019,M5,2019,Africa,White,Electric,Automatic,3,186153,114986,1207,Low
12/31/2012,X1,2012,Africa,Blue,Electric,Manual,4.7,98647,62604,3573,Low
12/31/2023,7 Series,2023,North America,White,Diesel,Manual,2.1,89379,121710,1763,Low
12/31/2015,i3,2015,South America,Blue,Diesel,Manual,2.2,185900,29327,3748,Low
12/31/2012,X1,2012,Middle East,Red,Diesel,Automatic,3.5,182793,26818,4470,Low
12/31/2014,X1,2014,Africa,Red,Diesel,Automatic,2.7,150881,31825,3989,Low
12/31/2018,M3,2018,Middle East,Blue,Diesel,Manual,3.8,167783,79972,2014,Low
12/31/2011,3 Series,2011,South America,Grey,Hybrid,Automatic,3,137593,42797,5519,High
12/31/2020,X3,2020,Europe,Grey,Hybrid,Manual,4.3,96653,101085,9653,High
12/31/2011,i3,2011,South America,White,Diesel,Manual,3,56516,42491,2737,Low
12/31/2021,M3,2021,North America,Silver,Electric,Automatic,3.5,111121,127003,3108,Low
12/31/2015,i8,2015,South America,Silver,Diesel,Automatic,2.6,146296,111788,50,Low
12/31/2015,3 Series,2015,Europe,Blue,Petrol,Manual,4,14955,78159,7600,High
12/31/2020,3 Series,2020,Europe,Black,Hybrid,Automatic,3.8,27195,111745,8883,High
12/31/2020,7 Series,2020,Middle East,Silver,Hybrid,Manual,2.9,76113,128554,1218,Low
12/31/2017,X1,2017,North America,Black,Diesel,Automatic,2.5,4236,71419,8679,High
12/31/2021,M5,2021,Europe,White,Hybrid,Manual,3.6,11492,158260,2119,Low
12/31/2022,M5,2022,Africa,Silver,Petrol,Manual,4.8,50314,147362,627,Low
12/31/2020,M3,2020,Middle East,Grey,Diesel,Manual,2,69890,95084,2002,Low
12/31/2023,M5,2023,South America,White,Petrol,Automatic,4.3,164751,131547,1319,Low
12/31/2011,7 Series,2011,North America,Grey,Diesel,Automatic,3.4,122439,78622,711,Low
12/31/2018,M3,2018,North America,Grey,Electric,Automatic,3.3,48848,113958,2708,Low
12/31/2024,X1,2024,Africa,Black,Hybrid,Manual,4.9,34616,122158,4500,Low
12/31/2011,7 Series,2011,Asia,Red,Hybrid,Manual,3.6,12517,113428,304,Low
12/31/2022,M3,2022,Middle East,Black,Hybrid,Automatic,4.4,149040,128065,2593,Low
12/31/2010,M5,2010,Africa,Black,Petrol,Manual,3.3,48940,89075,50,Low
12/31/2019,X5,2019,Middle East,Black,Electric,Automatic,2.4,359,122374,3838,Low
12/31/2011,X1,2011,Africa,Silver,Electric,Manual,3.9,199303,34269,3558,Low
12/31/2021,7 Series,2021,Asia,White,Petrol,Automatic,4.7,105298,139964,1521,Low
12/31/2016,X1,2016,South America,Grey,Diesel,Automatic,4.4,189097,48325,4346,Low
12/31/2017,X6,2017,North America,Grey,Electric,Automatic,2.2,131703,96310,4494,Low
12/31/2014,X6,2014,Middle East,Grey,Diesel,Manual,2.6,125006,68056,2489,Low
12/31/2015,M3,2015,South America,White,Electric,Automatic,3.3,196341,73615,1649,Low
12/31/2021,i3,2021,Africa,Black,Hybrid,Manual,3.5,110910,92517,3806,Low
12/31/2010,X3,2010,Europe,Red,Electric,Manual,2.2,90566,50045,8203,High
12/31/2024,i3,2024,South America,White,Petrol,Manual,2.3,130432,78451,4268,Low
12/31/2015,5 Series,2015,Africa,Grey,Hybrid,Automatic,4.2,48204,92498,2850,Low
12/31/2021,M5,2021,Europe,White,Petrol,Automatic,4.1,17328,160470,1280,Low
12/31/2024,i8,2024,North America,White,Diesel,Manual,4.4,49938,181028,308,Low
12/31/2017,7 Series,2017,Africa,Black,Petrol,Manual,4.8,8118,128014,50,Low
12/31/2022,X6,2022,Europe,Blue,Hybrid,Manual,2.6,44088,131963,4814,Low
12/31/2012,X1,2012,Asia,Blue,Hybrid,Automatic,4.5,19518,77421,7166,High
12/31/2020,M3,2020,Asia,Grey,Electric,Manual,3.8,123900,117390,3109,Low
12/31/2010,M5,2010,Africa,Blue,Hybrid,Automatic,4.9,1473,119507,50,Low
12/31/2020,X1,2020,Europe,Red,Diesel,Automatic,2.5,127381,65336,8041,High
12/31/2013,M3,2013,Middle East,Black,Diesel,Automatic,2.4,195591,49660,1622,Low
12/31/2010,3 Series,2010,North America,Red,Petrol,Manual,4,103576,43527,8497,High
12/31/2023,7 Series,2023,South America,Blue,Diesel,Manual,4.7,187161,121482,1230,Low
12/31/2017,X6,2017,Africa,Red,Electric,Manual,4.4,162251,102403,2050,Low
12/31/2014,X6,2014,South America,Silver,Hybrid,Manual,4,98050,86424,2179,Low
12/31/2010,3 Series,2010,North America,Black,Petrol,Manual,2.9,126740,31280,8899,High
12/31/2023,X6,2023,Asia,Black,Diesel,Manual,4,15812,130616,4901,Low
12/31/2017,7 Series,2017,Africa,Silver,Petrol,Manual,4.3,83994,117691,200,Low
12/31/2018,X3,2018,Asia,Silver,Petrol,Automatic,4.1,148727,75180,7818,High
12/31/2019,M5,2019,South America,Red,Petrol,Manual,3.9,126848,187499,50,Low
12/31/2011,5 Series,2011,Africa,Grey,Petrol,Manual,1.7,193706,28117,3283,Low
12/31/2018,7 Series,2018,North America,Grey,Hybrid,Manual,3.8,19394,140925,3176,Low
12/31/2017,M3,2017,North America,Red,Hybrid,Automatic,3.2,42165,106292,2326,Low
12/31/2016,3 Series,2016,South America,Grey,Petrol,Automatic,4.9,81461,77454,5831,High
12/31/2012,i3,2012,Middle East,Grey,Petrol,Automatic,3.6,31155,62158,2747,Low
12/31/2011,M3,2011,Europe,Grey,Hybrid,Manual,3.6,114292,31259,2455,Low
12/31/2016,X3,2016,Africa,Blue,Electric,Automatic,5,194889,71785,3816,Low
12/31/2024,X3,2024,South America,Blue,Diesel,Manual,1.8,165644,71262,6356,High
12/31/2014,M5,2014,North America,White,Diesel,Automatic,2.5,76050,98858,1211,Low
12/31/2015,5 Series,2015,Africa,Silver,Diesel,Automatic,3.8,78686,74012,3029,Low
12/31/2013,X6,2013,Africa,White,Petrol,Manual,2.6,125900,61168,2051,Low
12/31/2011,i8,2011,South America,Silver,Electric,Manual,2.7,4723,130260,50,Low
12/31/2018,i3,2018,Africa,Blue,Hybrid,Automatic,4.6,66653,98787,3176,Low
12/31/2012,M3,2012,Africa,Black,Diesel,Automatic,3.5,160825,54595,194,Low
12/31/2021,X3,2021,Asia,Black,Diesel,Automatic,1.9,78879,84382,9774,High
12/31/2023,X1,2023,Africa,Silver,Hybrid,Automatic,2.6,97129,47028,6347,High
12/31/2016,M5,2016,North America,Red,Diesel,Manual,1.8,177712,86920,1916,Low
12/31/2023,5 Series,2023,Middle East,Red,Electric,Automatic,3.4,35429,139210,5505,High
12/31/2017,M5,2017,Europe,Silver,Electric,Manual,2.1,141156,110466,1633,Low
12/31/2011,X6,2011,Middle East,White,Petrol,Automatic,4.5,177805,69209,1965,Low
12/31/2023,i8,2023,Europe,Red,Diesel,Manual,3.5,164909,144521,669,Low
12/31/2015,X5,2015,Europe,Blue,Electric,Automatic,1.7,141915,72102,5010,High
12/31/2020,X5,2020,North America,Black,Petrol,Manual,2.6,91667,90274,5894,High
12/31/2017,X6,2017,South America,Black,Hybrid,Automatic,3.7,169624,91220,2117,Low
12/31/2016,i8,2016,Europe,Red,Petrol,Automatic,2.7,77258,139568,50,Low
12/31/2020,X5,2020,North America,Blue,Electric,Automatic,3.3,198332,96316,6583,High
12/31/2012,X1,2012,Africa,Silver,Hybrid,Automatic,4.7,180250,46585,3835,Low
12/31/2010,i3,2010,North America,White,Electric,Manual,2.7,166136,55044,4596,Low
12/31/2023,X3,2023,South America,Silver,Diesel,Manual,2.7,119620,84508,5077,High
12/31/2015,X5,2015,South America,Red,Hybrid,Manual,4.4,155606,81940,3548,Low
12/31/2017,5 Series,2017,South America,White,Diesel,Automatic,2.6,108270,66939,3676,Low
12/31/2015,X3,2015,Asia,Black,Diesel,Manual,1.8,109616,47250,9853,High
12/31/2014,X3,2014,Europe,White,Electric,Automatic,2.1,106000,64480,8180,High
12/31/2020,3 Series,2020,Europe,White,Diesel,Automatic,4.8,57474,102148,8569,High
12/31/2021,7 Series,2021,Africa,White,Petrol,Automatic,4.8,169970,119527,718,Low
12/31/2017,5 Series,2017,South America,Red,Hybrid,Automatic,2.3,60343,84901,3856,Low
12/31/2011,X1,2011,Middle East,Red,Hybrid,Manual,3.4,50357,56139,4192,Low
12/31/2024,7 Series,2024,Asia,White,Diesel,Automatic,2,22070,137157,1852,Low
12/31/2021,M3,2021,Africa,White,Petrol,Automatic,3.9,45005,114898,1335,Low
12/31/2024,7 Series,2024,Europe,Black,Electric,Automatic,2.1,117161,138575,2177,Low
12/31/2010,i3,2010,South America,Silver,Electric,Automatic,1.7,178951,27255,2388,Low
12/31/2010,7 Series,2010,Africa,Red,Hybrid,Automatic,4.4,198976,79215,50,Low
12/31/2024,X3,2024,South America,Red,Petrol,Manual,2.6,158066,81809,6781,High
12/31/2023,M5,2023,Middle East,White,Diesel,Automatic,1.9,139750,124526,1377,Low
12/31/2013,X6,2013,Europe,White,Petrol,Manual,4.4,62497,86197,3637,Low
12/31/2015,X5,2015,North America,White,Hybrid,Automatic,4.2,119534,94149,5000,High
12/31/2022,M5,2022,Asia,Blue,Petrol,Manual,3.9,153600,131609,1806,Low
12/31/2018,i3,2018,Asia,Red,Electric,Manual,4.7,144189,90707,4980,Low
12/31/2010,X1,2010,South America,White,Petrol,Automatic,3.2,133093,25000,4685,Low
12/31/2021,X5,2021,Africa,Grey,Electric,Manual,1.9,65317,108189,4065,Low
12/31/2010,X5,2010,Asia,Blue,Petrol,Automatic,1.7,103245,44987,6144,High
12/31/2022,X1,2022,Europe,Grey,Petrol,Manual,2.6,22023,89316,7017,High
12/31/2022,i8,2022,Asia,Silver,Diesel,Automatic,1.8,30812,164799,254,Low
12/31/2014,5 Series,2014,South America,Grey,Petrol,Manual,3.4,133668,56555,3418,Low
12/31/2019,X3,2019,North America,White,Petrol,Automatic,1.6,54484,78374,10167,High
12/31/2014,X1,2014,Africa,Grey,Petrol,Manual,3.1,39966,56337,3516,Low
12/31/2014,7 Series,2014,South America,Blue,Diesel,Automatic,2.1,46189,121087,50,Low
12/31/2019,X5,2019,Middle East,Grey,Hybrid,Manual,2.8,94121,100506,4949,Low
12/31/2015,M3,2015,South America,Silver,Petrol,Manual,3.9,144535,73389,1378,Low
12/31/2017,7 Series,2017,Middle East,Silver,Hybrid,Manual,2.7,64872,129239,290,Low
12/31/2012,X1,2012,Europe,Grey,Petrol,Automatic,2.7,115028,34005,6160,High
12/31/2018,7 Series,2018,South America,Blue,Petrol,Manual,5,143358,112959,559,Low
12/31/2022,7 Series,2022,Middle East,Red,Electric,Manual,4,94687,158617,2309,Low
12/31/2010,M3,2010,Asia,White,Diesel,Manual,3.3,58557,64719,2422,Low
12/31/2013,5 Series,2013,North America,Red,Hybrid,Manual,3.5,131717,71407,7028,High
12/31/2018,M5,2018,Asia,Silver,Electric,Manual,3.7,69574,149488,1856,Low
12/31/2024,7 Series,2024,Africa,Grey,Hybrid,Manual,1.6,148530,121223,1439,Low
12/31/2023,i3,2023,Africa,Grey,Petrol,Automatic,1.8,18830,93376,2992,Low
12/31/2017,7 Series,2017,Middle East,Red,Petrol,Automatic,3.8,128417,107902,552,Low
12/31/2019,i3,2019,North America,Red,Diesel,Manual,2.8,187839,51490,6415,High
12/31/2018,M5,2018,Europe,Grey,Electric,Manual,1.7,168877,106754,2465,Low
12/31/2010,M5,2010,Middle East,Silver,Hybrid,Automatic,2.5,166637,85461,211,Low
12/31/2018,X5,2018,South America,Red,Petrol,Automatic,2,142411,73574,4213,Low
12/31/2012,i3,2012,Europe,Black,Electric,Automatic,4.7,73980,80523,3788,Low
12/31/2020,X1,2020,Asia,Silver,Petrol,Automatic,2.2,173777,56131,9451,High
12/31/2021,X1,2021,Africa,Silver,Electric,Manual,2,179109,68492,4633,Low
12/31/2019,3 Series,2019,South America,Grey,Electric,Automatic,3.7,80573,93904,5906,High
12/31/2018,5 Series,2018,Africa,White,Petrol,Manual,3.3,87617,79627,4190,Low
12/31/2010,X1,2010,Africa,Black,Electric,Automatic,3.5,190998,32136,3120,Low
12/31/2010,7 Series,2010,South America,Black,Electric,Manual,3,161696,72676,50,Low
12/31/2018,X6,2018,Europe,Grey,Diesel,Manual,3.1,152602,85621,3928,Low
12/31/2020,M3,2020,Asia,Grey,Hybrid,Manual,4.2,18748,126546,3230,Low
12/31/2023,i3,2023,Europe,Black,Diesel,Manual,2.3,174058,69561,6135,High
12/31/2015,5 Series,2015,North America,Red,Electric,Automatic,2.9,184476,72921,6490,High
12/31/2013,M3,2013,Middle East,Blue,Hybrid,Automatic,4.9,121390,92011,2514,Low
12/31/2016,X1,2016,North America,Red,Petrol,Automatic,2.2,163109,39131,8589,High
12/31/2014,M5,2014,South America,Silver,Diesel,Manual,2.5,97104,91104,575,Low
12/31/2019,5 Series,2019,Asia,Red,Electric,Manual,2.2,162887,79796,7805,High
12/31/2023,7 Series,2023,Middle East,Red,Petrol,Manual,1.6,192060,112936,1454,Low
12/31/2016,3 Series,2016,North America,White,Electric,Manual,2.4,104214,70197,9143,High
12/31/2017,M3,2017,Europe,Grey,Petrol,Automatic,1.7,51891,85544,2822,Low
12/31/2017,5 Series,2017,North America,Silver,Petrol,Manual,2,52369,81528,7165,High
12/31/2010,5 Series,2010,South America,Black,Petrol,Automatic,2.8,7239,65300,3391,Low
12/31/2017,7 Series,2017,South America,Grey,Hybrid,Automatic,1.6,182451,86599,724,Low
12/31/2015,5 Series,2015,Africa,White,Hybrid,Manual,4.1,114621,76971,2947,Low
12/31/2013,X1,2013,Africa,Silver,Electric,Manual,4.3,171528,47904,4331,Low
12/31/2022,X6,2022,Middle East,Blue,Petrol,Automatic,2.9,108490,112806,2729,Low
12/31/2023,X1,2023,North America,Blue,Petrol,Automatic,4.9,98348,97008,9145,High
12/31/2021,X1,2021,Asia,Red,Hybrid,Manual,3.9,11171,112450,9577,High
12/31/2017,M5,2017,North America,Grey,Electric,Automatic,4.1,27463,151408,837,Low
12/31/2012,7 Series,2012,South America,Silver,Petrol,Manual,2.2,25795,84557,181,Low
12/31/2022,X5,2022,Middle East,Black,Hybrid,Manual,4.4,170797,117656,4766,Low
12/31/2013,X3,2013,South America,White,Electric,Manual,4.8,193111,59168,5233,High
12/31/2024,i3,2024,North America,Silver,Hybrid,Automatic,2.3,89291,105110,5830,High
12/31/2015,M5,2015,Europe,Black,Petrol,Manual,3.9,118681,109634,1241,Low
12/31/2020,X1,2020,North America,Grey,Petrol,Automatic,4.1,161777,69965,7580,High
12/31/2016,X1,2016,South America,Silver,Electric,Manual,2.6,3033,80174,3803,Low
12/31/2013,M3,2013,North America,Silver,Petrol,Manual,3.2,54615,76124,2298,Low
12/31/2013,M3,2013,North America,Grey,Electric,Automatic,1.8,181182,66114,2856,Low
12/31/2016,3 Series,2016,Europe,Grey,Electric,Automatic,2.1,125242,67197,7893,High
12/31/2015,X3,2015,Middle East,Red,Electric,Manual,1.7,7192,82310,4948,Low
12/31/2022,M3,2022,South America,Grey,Diesel,Manual,3.5,165864,96418,2186,Low
12/31/2020,X5,2020,Africa,Red,Diesel,Manual,3.7,64911,103198,3267,Low
12/31/2017,M3,2017,Africa,Red,Electric,Manual,4.7,84221,109238,875,Low
12/31/2010,X6,2010,Middle East,Grey,Electric,Manual,3.4,118175,77241,2110,Low
12/31/2019,3 Series,2019,North America,Black,Electric,Manual,2.4,84399,89283,11048,High
12/31/2022,i3,2022,Asia,Red,Diesel,Manual,1.7,178940,62924,5582,High
12/31/2020,M3,2020,South America,Silver,Petrol,Manual,4.6,108344,108818,1699,Low
12/31/2016,X1,2016,Middle East,Red,Diesel,Automatic,3.2,161687,45856,5915,High
12/31/2021,5 Series,2021,Europe,Black,Electric,Manual,4.1,150759,101448,8283,High
12/31/2016,X3,2016,Africa,Blue,Electric,Manual,1.6,111090,66745,5031,High
12/31/2020,X3,2020,Middle East,Black,Electric,Automatic,3.2,70305,112301,5948,High
12/31/2016,X3,2016,Middle East,Blue,Diesel,Automatic,2.6,104113,64536,5098,High
12/31/2016,M3,2016,South America,Silver,Electric,Automatic,1.6,175830,73829,3346,Low
12/31/2019,X3,2019,Africa,Red,Hybrid,Automatic,4.2,19507,108792,5377,High
12/31/2023,i8,2023,Middle East,Silver,Petrol,Manual,3.3,36433,178924,50,Low
12/31/2019,X1,2019,Asia,Black,Diesel,Automatic,2.7,130143,59406,8781,High
12/31/2017,X1,2017,Asia,Black,Petrol,Automatic,4.3,38461,79291,7539,High
12/31/2018,X1,2018,Europe,Blue,Diesel,Automatic,3.1,167284,53319,8675,High
12/31/2018,M3,2018,Asia,Blue,Diesel,Manual,1.5,142519,70673,3481,Low
12/31/2011,X3,2011,South America,Black,Hybrid,Manual,4.8,108028,59658,4715,Low
12/31/2022,X6,2022,South America,White,Electric,Manual,2.4,150566,106680,3566,Low
12/31/2022,M5,2022,Europe,Red,Hybrid,Manual,4.4,158246,145601,2200,Low
12/31/2016,i3,2016,South America,Silver,Diesel,Manual,4.4,3000,84962,2585,Low
12/31/2016,7 Series,2016,Asia,Blue,Hybrid,Manual,2.1,71451,115138,1193,Low
12/31/2013,i8,2013,South America,Silver,Hybrid,Manual,3.2,13145,133352,50,Low
12/31/2018,i8,2018,South America,Grey,Petrol,Manual,1.6,150746,116840,50,Low
12/31/2017,X5,2017,Middle East,Black,Diesel,Automatic,2.7,15851,95287,3723,Low
12/31/2021,X1,2021,Africa,Blue,Diesel,Manual,4.1,78014,84602,4501,Low
12/31/2010,X6,2010,North America,Silver,Petrol,Automatic,2.3,81144,62836,3228,Low
12/31/2011,i3,2011,Africa,Red,Petrol,Automatic,1.9,167802,25000,2572,Low
12/31/2022,X5,2022,South America,Red,Diesel,Automatic,3.3,96666,98663,4244,Low
12/31/2024,5 Series,2024,Europe,Silver,Diesel,Manual,3.4,116602,104964,8057,High
12/31/2022,7 Series,2022,Africa,Black,Petrol,Automatic,3.9,122832,130721,760,Low
12/31/2011,3 Series,2011,South America,Blue,Diesel,Automatic,4.2,74126,48705,5254,High
12/31/2021,M5,2021,Middle East,Grey,Electric,Manual,3.9,70511,164678,1248,Low
12/31/2021,X5,2021,Africa,Red,Petrol,Automatic,4.5,118668,105844,3123,Low
12/31/2020,i8,2020,Middle East,Silver,Petrol,Manual,2.3,122965,135088,50,Low
12/31/2024,5 Series,2024,South America,Red,Hybrid,Manual,3.5,195882,98544,5847,High
12/31/2024,3 Series,2024,Africa,Silver,Diesel,Manual,2.8,135138,79150,6010,High
12/31/2017,3 Series,2017,Europe,Red,Petrol,Manual,4.9,51911,85503,10310,High
12/31/2024,3 Series,2024,Europe,Silver,Petrol,Automatic,3,187252,78309,10224,High
12/31/2010,M3,2010,Africa,Red,Diesel,Manual,4.9,176068,50507,820,Low
12/31/2013,M5,2013,Asia,Black,Petrol,Manual,4.2,167590,95678,1168,Low
12/31/2019,3 Series,2019,Africa,Grey,Hybrid,Manual,4,111677,81791,5806,High
12/31/2021,3 Series,2021,Africa,Blue,Hybrid,Manual,3.2,76542,98270,5114,High
12/31/2014,M5,2014,Asia,Silver,Petrol,Manual,3.1,14198,111806,1028,Low
12/31/2018,i8,2018,North America,Silver,Hybrid,Automatic,3.3,17250,200000,50,Low
12/31/2016,5 Series,2016,Europe,Grey,Hybrid,Automatic,2.5,82613,85678,7099,High
12/31/2017,M3,2017,Asia,Silver,Hybrid,Manual,4.7,80104,113948,2631,Low
12/31/2023,M5,2023,Asia,Red,Electric,Automatic,4.3,104577,161697,2163,Low
12/31/2020,X5,2020,Africa,Silver,Petrol,Manual,4.3,129272,93448,2981,Low
12/31/2018,5 Series,2018,Asia,Red,Petrol,Manual,3,159634,42620,7642,High
12/31/2022,X1,2022,Asia,White,Electric,Automatic,1.7,110537,89995,7823,High
12/31/2016,M3,2016,South America,Black,Diesel,Automatic,3.9,47937,90649,1546,Low
12/31/2014,X5,2014,North America,Silver,Hybrid,Automatic,2.8,137516,76630,5972,High
12/31/2022,M5,2022,Europe,Silver,Hybrid,Manual,4.5,19853,166451,1759,Low
12/31/2024,i8,2024,Asia,Grey,Electric,Automatic,4.2,64262,192464,649,Low
12/31/2014,M5,2014,South America,Red,Petrol,Manual,2,118656,86020,627,Low
12/31/2019,X3,2019,Asia,White,Hybrid,Manual,3.6,114236,86965,8667,High
12/31/2020,X5,2020,Africa,Blue,Electric,Manual,3.9,140694,102628,3354,Low
12/31/2015,5 Series,2015,Middle East,Blue,Petrol,Automatic,3.5,47676,86468,3703,Low
12/31/2014,i3,2014,Asia,Blue,Diesel,Automatic,3.3,155557,44920,5060,High
12/31/2022,X5,2022,South America,Blue,Petrol,Automatic,2.3,144891,90458,3625,Low
12/31/2021,X5,2021,Asia,White,Petrol,Manual,2.3,151979,82529,7264,High
12/31/2020,i8,2020,Middle East,Grey,Diesel,Manual,4.2,154633,143193,50,Low
12/31/2018,i8,2018,Middle East,White,Electric,Manual,1.6,143262,138601,206,Low
12/31/2012,i8,2012,Africa,Silver,Hybrid,Manual,4.2,11680,142292,50,Low
12/31/2012,X1,2012,Middle East,Blue,Diesel,Automatic,3.3,154519,30200,5436,High
12/31/2024,3 Series,2024,South America,Blue,Electric,Manual,4.8,144140,116269,6069,High
12/31/2016,M5,2016,North America,Black,Hybrid,Manual,5,13025,146403,1006,Low
12/31/2016,i3,2016,Asia,White,Petrol,Automatic,3.8,154868,59328,5017,High
12/31/2015,M5,2015,Africa,Blue,Hybrid,Manual,2.9,126994,99398,423,Low
12/31/2012,7 Series,2012,Middle East,Silver,Diesel,Manual,3.2,179261,75263,317,Low
12/31/2023,X1,2023,Middle East,Blue,Petrol,Manual,2.2,70338,86891,5698,High
12/31/2022,i8,2022,Asia,Silver,Diesel,Automatic,1.8,128594,137409,611,Low
12/31/2016,X5,2016,Middle East,Red,Electric,Automatic,3.5,177070,51545,3718,Low
12/31/2014,i8,2014,Asia,Black,Diesel,Manual,4.3,67102,133290,50,Low
12/31/2016,3 Series,2016,Asia,Black,Petrol,Automatic,2.4,165929,48028,9505,High
12/31/2011,i3,2011,North America,Black,Hybrid,Automatic,3,130343,48182,5091,High
12/31/2015,M3,2015,North America,Grey,Hybrid,Manual,3.4,175946,78267,2679,Low
12/31/2023,X3,2023,Asia,White,Diesel,Automatic,4.7,3536,121065,9215,High
12/31/2017,i3,2017,Europe,Blue,Electric,Automatic,2,143201,66834,4164,Low
12/31/2010,3 Series,2010,Europe,Silver,Petrol,Automatic,2.3,156360,25000,7597,High
12/31/2013,3 Series,2013,Asia,White,Electric,Manual,4.7,27046,91697,9802,High
12/31/2020,M5,2020,Asia,Blue,Diesel,Manual,1.6,116054,107008,2479,Low
12/31/2010,X1,2010,South America,Black,Petrol,Manual,3.8,74665,37948,3859,Low
12/31/2023,M3,2023,South America,Black,Hybrid,Manual,3.7,185007,104979,2489,Low
12/31/2010,i8,2010,Europe,White,Diesel,Manual,2.8,189726,82856,50,Low
12/31/2019,i3,2019,Africa,Grey,Petrol,Automatic,3.1,12335,89366,2714,Low
12/31/2021,i3,2021,North America,White,Hybrid,Manual,4.5,111793,101729,5244,High
12/31/2023,X5,2023,Africa,Silver,Electric,Manual,2.1,146722,106292,3671,Low
12/31/2023,7 Series,2023,South America,White,Petrol,Manual,2.3,34851,137618,1060,Low
12/31/2020,X3,2020,North America,Grey,Diesel,Automatic,3.3,16793,95118,8118,High
12/31/2017,X5,2017,Europe,White,Petrol,Manual,2.9,179929,64422,6520,High
12/31/2016,5 Series,2016,Middle East,Blue,Electric,Manual,3.5,149630,80876,4666,Low
12/31/2021,i8,2021,Africa,Black,Electric,Automatic,4.7,70195,184702,50,Low
12/31/2019,X3,2019,South America,Blue,Hybrid,Automatic,4.7,25879,108533,4985,Low
12/31/2022,i3,2022,Asia,Black,Electric,Automatic,2.3,3333,117670,6517,High
12/31/2010,X5,2010,Africa,Black,Petrol,Manual,2.6,184134,29394,3074,Low
12/31/2020,M5,2020,Asia,Black,Diesel,Automatic,2.1,185651,103553,2459,Low
12/31/2023,5 Series,2023,Africa,Black,Electric,Automatic,4.7,4123,146864,3883,Low
12/31/2022,3 Series,2022,Africa,Silver,Petrol,Automatic,2.9,165932,75043,6309,High
12/31/2011,X6,2011,South America,Black,Petrol,Manual,3.1,150093,51056,2202,Low
12/31/2013,i3,2013,Asia,Blue,Petrol,Automatic,4.3,108070,58834,5147,High
12/31/2010,7 Series,2010,South America,White,Petrol,Automatic,3.3,82570,81557,50,Low
12/31/2012,M5,2012,Africa,Grey,Hybrid,Manual,1.9,181963,71949,374,Low
12/31/2017,i3,2017,South America,Silver,Hybrid,Automatic,3,79096,81913,2848,Low
12/31/2017,X1,2017,North America,Black,Hybrid,Manual,3.7,112305,71613,723,Low
12/31/2017,5 Series,2017,South America,Grey,Electric,Manual,4,40443,108941,3619,Low
12/31/2015,i8,2015,South America,Black,Diesel,Manual,3.8,96417,130318,50,Low
12/31/2015,X6,2015,Asia,White,Electric,Automatic,1.9,140066,79625,4156,Low
12/31/2014,3 Series,2014,Europe,Black,Diesel,Automatic,2.6,111219,45133,9202,High
12/31/2022,X6,2022,Asia,Black,Electric,Manual,4.1,77254,139721,4722,Low
12/31/2018,X3,2018,Europe,Silver,Petrol,Manual,4.6,111382,83226,9224,High
12/31/2013,5 Series,2013,Asia,Red,Hybrid,Manual,1.7,16512,76592,7238,High
12/31/2019,X5,2019,Africa,Black,Hybrid,Manual,1.6,116627,85310,3214,Low
12/31/2024,X1,2024,North America,Blue,Petrol,Manual,3.8,47775,99755,7811,High
12/31/2021,5 Series,2021,Middle East,White,Diesel,Automatic,3.4,86113,98065,5359,High
12/31/2021,X1,2021,Middle East,Silver,Electric,Automatic,2,101045,86820,5832,High
12/31/2021,i8,2021,Europe,Black,Hybrid,Manual,3.4,197745,139847,992,Low
12/31/2016,5 Series,2016,Africa,Red,Diesel,Automatic,4.9,53139,93355,2801,Low
12/31/2010,M5,2010,Europe,Blue,Electric,Automatic,3.7,183629,87397,795,Low
12/31/2024,X6,2024,Asia,Grey,Diesel,Automatic,3.1,45764,129667,4067,Low
12/31/2018,M3,2018,Middle East,White,Petrol,Manual,4.4,130452,100344,1971,Low
12/31/2016,7 Series,2016,Middle East,Silver,Hybrid,Manual,2.2,134987,102586,518,Low
12/31/2019,i3,2019,Europe,Red,Diesel,Automatic,3,174913,61373,5306,High
12/31/2021,3 Series,2021,South America,Silver,Hybrid,Automatic,3.3,198014,78595,7572,High
12/31/2018,7 Series,2018,North America,Blue,Diesel,Manual,3.3,174220,101590,1555,Low
12/31/2016,X1,2016,Africa,White,Hybrid,Automatic,4.7,199390,59504,3468,Low
12/31/2011,7 Series,2011,Asia,Silver,Electric,Automatic,2.5,113559,89208,614,Low
12/31/2024,5 Series,2024,Asia,Red,Hybrid,Automatic,1.7,12185,120969,15000,High
12/31/2015,i8,2015,South America,Blue,Hybrid,Manual,4.7,7200,160164,50,Low
12/31/2019,5 Series,2019,North America,Red,Electric,Automatic,2.3,58920,104841,6947,High
12/31/2021,M5,2021,Middle East,Blue,Diesel,Manual,2.8,104151,128999,1318,Low
12/31/2020,3 Series,2020,Europe,Black,Diesel,Automatic,3.4,148992,73109,9621,High
12/31/2013,i3,2013,Europe,White,Electric,Automatic,4.9,44296,89930,4167,Low
12/31/2012,X5,2012,Europe,White,Diesel,Automatic,3.4,54238,72651,5291,High
12/31/2011,7 Series,2011,Asia,Grey,Hybrid,Automatic,3.1,91256,99407,455,Low
12/31/2015,i3,2015,North America,Blue,Petrol,Automatic,3.5,110679,63516,5125,High
12/31/2017,X1,2017,Europe,Black,Electric,Automatic,4.9,72618,95676,6419,High
12/31/2015,i3,2015,Africa,White,Diesel,Manual,4.4,153113,51387,2875,Low
12/31/2018,i8,2018,South America,Blue,Electric,Automatic,2.1,6694,163229,50,Low
12/31/2023,3 Series,2023,Africa,Blue,Electric,Automatic,4.3,42356,180797,4396,Low
12/31/2014,M5,2014,Asia,Red,Hybrid,Manual,4.4,176277,107389,1190,Low
12/31/2011,X5,2011,Asia,Grey,Petrol,Manual,3.9,110047,60501,5323,High
12/31/2017,X5,2017,Middle East,White,Diesel,Automatic,3.8,59104,99592,4226,Low
12/31/2018,i8,2018,North America,Grey,Hybrid,Manual,3,178062,138271,541,Low
12/31/2023,7 Series,2023,Middle East,Grey,Electric,Manual,3.7,78293,158998,1239,Low
12/31/2019,X1,2019,Africa,Silver,Diesel,Automatic,4.1,96719,74888,8082,High
12/31/2013,7 Series,2013,Europe,White,Petrol,Manual,1.9,191842,62746,1237,Low
12/31/2015,M3,2015,South America,Grey,Petrol,Automatic,2.4,4440,91905,1221,Low
12/31/2024,M3,2024,Asia,White,Petrol,Automatic,2.2,42594,123402,3858,Low
12/31/2020,X6,2020,Africa,White,Diesel,Automatic,4.4,97816,109982,2356,Low
12/31/2019,X6,2019,Asia,Red,Hybrid,Manual,3.9,83565,117080,5050,High
12/31/2017,i8,2017,South America,Silver,Hybrid,Manual,3.1,17776,160095,50,Low
12/31/2018,X3,2018,Africa,Black,Diesel,Manual,4.4,72826,127148,3819,Low
12/31/2021,i3,2021,Asia,Blue,Diesel,Manual,4,21940,100164,5383,High
12/31/2014,M5,2014,South America,Silver,Diesel,Automatic,4.7,62729,120082,97,Low
12/31/2021,5 Series,2021,South America,Red,Hybrid,Automatic,1.8,1743,109544,4167,Low
12/31/2015,i3,2015,North America,Blue,Electric,Automatic,3.3,77932,78080,4351,Low
12/31/2020,M3,2020,South America,Red,Petrol,Automatic,4,102193,108779,1643,Low
12/31/2013,i8,2013,Asia,Blue,Petrol,Automatic,2.2,60956,126665,50,Low
12/31/2014,X1,2014,South America,Blue,Hybrid,Manual,2.6,157584,40294,4864,Low
12/31/2016,X6,2016,Asia,White,Electric,Automatic,3,23865,119155,3829,Low
12/31/2018,X6,2018,Africa,Silver,Diesel,Automatic,4.3,51198,105568,2093,Low
12/31/2019,5 Series,2019,North America,White,Electric,Automatic,3.2,56067,110017,7778,High
12/31/2020,i3,2020,Middle East,Grey,Diesel,Manual,3.2,151619,66880,3369,Low
12/31/2022,i3,2022,North America,Grey,Hybrid,Automatic,3,6068,113755,6450,High
12/31/2015,5 Series,2015,Middle East,Blue,Petrol,Manual,2.3,18510,78692,4324,Low
12/31/2023,5 Series,2023,Europe,Black,Hybrid,Manual,4.7,115454,118537,7908,High
12/31/2015,X3,2015,Africa,Blue,Petrol,Manual,2.6,100995,52852,4605,Low
12/31/2017,X1,2017,Africa,Grey,Electric,Manual,3.5,193548,56195,3898,Low
12/31/2020,X1,2020,Asia,Silver,Petrol,Automatic,2,69809,73674,8410,High
12/31/2013,7 Series,2013,North America,White,Diesel,Manual,3,159557,75060,1134,Low
12/31/2012,7 Series,2012,North America,Silver,Diesel,Manual,4.7,175428,81935,982,Low
12/31/2023,5 Series,2023,Middle East,Silver,Diesel,Manual,5,79926,121265,4781,Low
12/31/2016,5 Series,2016,Africa,Red,Hybrid,Automatic,2.8,129824,72082,3435,Low
12/31/2014,X1,2014,Asia,Red,Petrol,Manual,2,185285,25000,9248,High
12/31/2011,5 Series,2011,Middle East,Black,Petrol,Manual,2.6,31137,60939,4249,Low
12/31/2011,M5,2011,Africa,Black,Petrol,Automatic,2.6,123460,77558,100,Low
12/31/2020,i8,2020,Africa,Red,Electric,Manual,3.8,40687,171192,50,Low
12/31/2015,3 Series,2015,Asia,Red,Diesel,Automatic,3.2,100921,57971,10094,High
12/31/2017,5 Series,2017,Africa,Silver,Diesel,Manual,4.2,146211,73059,3918,Low
12/31/2010,7 Series,2010,Asia,Grey,Petrol,Automatic,4,45836,95239,399,Low
12/31/2024,X1,2024,Asia,White,Electric,Manual,2.4,133979,87780,9603,High
12/31/2020,M5,2020,South America,Red,Hybrid,Automatic,4.2,24710,149693,2858,Low
12/31/2015,X5,2015,Middle East,Black,Petrol,Automatic,4.5,141368,81427,3821,Low
12/31/2021,X3,2021,Middle East,Grey,Electric,Automatic,3.6,76569,113285,5857,High
12/31/2011,i3,2011,Middle East,Silver,Hybrid,Automatic,4.7,161632,52660,2445,Low
12/31/2011,X6,2011,Asia,Black,Electric,Manual,4.2,136502,81118,3973,Low
12/31/2016,X5,2016,South America,Red,Hybrid,Manual,3.6,116246,82499,3259,Low
12/31/2019,X3,2019,North America,Red,Petrol,Automatic,4.7,132964,85009,9311,High
12/31/2010,X6,2010,Africa,Silver,Hybrid,Manual,3.6,64183,76192,1309,Low
12/31/2015,M3,2015,Africa,Red,Petrol,Manual,3.3,18585,93267,959,Low
12/31/2023,X3,2023,Europe,Silver,Electric,Manual,2.7,113267,105381,8280,High
12/31/2016,3 Series,2016,Europe,Black,Electric,Manual,4.6,88496,83220,9022,High
12/31/2023,X3,2023,North America,Grey,Petrol,Manual,1.9,174668,75794,9462,High
12/31/2017,5 Series,2017,Middle East,Red,Hybrid,Manual,3.2,62913,96117,4112,Low
12/31/2016,5 Series,2016,South America,Grey,Petrol,Automatic,3.4,57020,79648,3982,Low
12/31/2015,5 Series,2015,North America,Black,Electric,Automatic,3.4,20751,103372,5339,High
12/31/2018,3 Series,2018,South America,White,Hybrid,Manual,3.8,9202,101757,6016,High
12/31/2022,i8,2022,Middle East,Red,Hybrid,Manual,3.3,180060,151967,641,Low
12/31/2012,7 Series,2012,Africa,Grey,Hybrid,Automatic,2.4,19039,100585,50,Low
12/31/2020,7 Series,2020,Asia,Red,Electric,Manual,4.5,144342,135784,1751,Low
12/31/2015,3 Series,2015,Africa,Silver,Diesel,Manual,3.8,137521,48507,4831,Low
12/31/2013,X6,2013,Africa,Silver,Hybrid,Manual,4.5,188014,74978,1656,Low
12/31/2011,X1,2011,Europe,Blue,Hybrid,Manual,2.5,192387,25000,7365,High
12/31/2010,X3,2010,Asia,White,Hybrid,Automatic,3.7,3055,70951,8119,High
12/31/2021,i3,2021,Middle East,Red,Diesel,Manual,4,40138,100120,3886,Low
12/31/2021,M5,2021,North America,Blue,Hybrid,Manual,2.8,98523,139126,2381,Low
12/31/2023,i3,2023,North America,Blue,Electric,Manual,4.3,158859,101522,6783,High
12/31/2010,3 Series,2010,Africa,Grey,Hybrid,Automatic,1.5,103975,35134,4121,Low
12/31/2020,3 Series,2020,Europe,Black,Diesel,Automatic,3.6,27604,94448,10623,High
12/31/2019,X5,2019,Asia,Black,Electric,Automatic,3.6,32503,118481,6807,High
12/31/2012,X6,2012,Africa,Red,Petrol,Manual,3.4,62177,71375,1600,Low
12/31/2013,i3,2013,Europe,Red,Hybrid,Automatic,3.7,153009,56398,4910,Low
12/31/2011,X1,2011,Asia,Black,Hybrid,Manual,2.1,98101,36392,8090,High
12/31/2022,i3,2022,Middle East,Silver,Electric,Manual,3.9,152514,103172,3846,Low
12/31/2021,M5,2021,Asia,Silver,Diesel,Automatic,2.7,15910,146762,1944,Low
12/31/2020,3 Series,2020,North America,Silver,Diesel,Manual,3.1,21893,88922,10340,High
12/31/2020,i3,2020,Middle East,Red,Hybrid,Automatic,2.7,128320,83070,4220,Low
12/31/2023,X5,2023,South America,Red,Diesel,Manual,3.2,162280,91458,4064,Low
12/31/2020,3 Series,2020,North America,Silver,Petrol,Manual,3.7,98827,79756,9834,High
12/31/2010,M5,2010,Europe,Black,Electric,Automatic,4.4,15334,125507,215,Low
12/31/2013,i3,2013,Europe,Red,Electric,Automatic,3.2,138493,60474,4978,Low
12/31/2024,X6,2024,Europe,Silver,Petrol,Manual,2.6,187904,98128,4746,Low
12/31/2016,7 Series,2016,Middle East,Blue,Electric,Manual,3.2,19539,139732,50,Low
12/31/2019,5 Series,2019,Asia,Black,Diesel,Automatic,3.9,135331,89759,7045,High
12/31/2020,X6,2020,Europe,Red,Hybrid,Manual,2.7,100005,111837,3865,Low
12/31/2015,X6,2015,North America,Black,Hybrid,Manual,2.9,119215,83224,3491,Low
12/31/2015,i8,2015,Asia,Blue,Diesel,Manual,3.5,150446,114046,50,Low
12/31/2020,M5,2020,Africa,White,Diesel,Manual,2.5,121340,111580,879,Low
12/31/2018,M3,2018,South America,Grey,Petrol,Manual,2.2,129713,71737,1983,Low
12/31/2023,3 Series,2023,South America,Silver,Hybrid,Automatic,2,2994,113724,6143,High
12/31/2024,M3,2024,Asia,Blue,Hybrid,Manual,2.7,90861,123927,3837,Low
12/31/2011,X3,2011,Middle East,Red,Hybrid,Automatic,1.7,44717,56206,4947,Low
12/31/2013,X3,2013,South America,Silver,Petrol,Automatic,3.5,193674,40533,4865,Low
12/31/2014,X3,2014,Asia,Blue,Petrol,Automatic,2.1,126827,47932,9983,High
12/31/2010,5 Series,2010,Middle East,Red,Hybrid,Manual,2.8,142775,51634,4395,Low
12/31/2017,M3,2017,Middle East,Blue,Diesel,Automatic,2.4,198528,67325,1878,Low
12/31/2017,M3,2017,Africa,Blue,Electric,Automatic,3.7,121373,98394,1068,Low
12/31/2015,5 Series,2015,South America,Black,Diesel,Manual,4.5,10299,85838,3695,Low
12/31/2021,X1,2021,Europe,Red,Electric,Manual,3.7,187304,77245,8312,High
12/31/2014,X3,2014,Asia,Grey,Diesel,Manual,3.4,7347,72504,9688,High
12/31/2017,X1,2017,Asia,Red,Hybrid,Automatic,3.8,57293,82682,7295,High
12/31/2012,3 Series,2012,Europe,Black,Diesel,Automatic,1.6,79981,38255,8479,High
12/31/2012,X3,2012,South America,White,Hybrid,Manual,1.9,21789,61164,3996,Low
12/31/2011,7 Series,2011,Asia,Grey,Petrol,Manual,1.8,40139,82367,850,Low
12/31/2014,3 Series,2014,South America,Grey,Electric,Automatic,1.8,32115,68584,6105,High
12/31/2012,X1,2012,Middle East,Grey,Petrol,Automatic,2.4,90918,40853,5136,High
12/31/2012,X3,2012,Africa,Blue,Diesel,Manual,3.4,117825,40610,4438,Low
12/31/2024,X6,2024,Middle East,Red,Electric,Manual,1.9,87254,133159,3375,Low
12/31/2015,M5,2015,Middle East,Red,Hybrid,Manual,4.8,177017,118423,458,Low
12/31/2017,7 Series,2017,Asia,White,Diesel,Automatic,4.5,62410,120132,1041,Low
12/31/2011,3 Series,2011,Europe,Grey,Electric,Manual,4.9,144047,58125,9075,High
12/31/2013,X1,2013,Asia,Black,Electric,Manual,1.6,140556,37538,8230,High
12/31/2020,M3,2020,Asia,Grey,Diesel,Manual,4.5,133949,95551,3492,Low
12/31/2016,X5,2016,Africa,White,Petrol,Manual,4.3,100881,84620,2566,Low
12/31/2010,5 Series,2010,Asia,Silver,Hybrid,Automatic,4.7,4242,91196,6352,High
12/31/2010,3 Series,2010,Europe,Black,Petrol,Automatic,3.3,79002,44744,9334,High
12/31/2021,3 Series,2021,North America,Red,Diesel,Manual,4.3,152458,77504,11325,High
12/31/2022,X3,2022,Europe,Red,Diesel,Automatic,1.7,104948,82520,9626,High
12/31/2019,X6,2019,Asia,Silver,Hybrid,Manual,1.8,128029,89783,4428,Low
12/31/2016,i3,2016,South America,Black,Petrol,Automatic,1.9,78464,59360,3033,Low
12/31/2023,X5,2023,Africa,Red,Electric,Automatic,4.7,119943,130658,3461,Low
12/31/2016,X5,2016,North America,Silver,Electric,Manual,1.7,18069,97791,5111,High
12/31/2010,7 Series,2010,Africa,Silver,Electric,Manual,1.9,145555,68957,50,Low
12/31/2010,X3,2010,Middle East,Blue,Electric,Manual,4.8,13133,87066,4136,Low
12/31/2013,7 Series,2013,Middle East,Blue,Diesel,Manual,1.9,142989,78037,409,Low
12/31/2014,X6,2014,Europe,Grey,Petrol,Manual,4.5,142159,80471,3889,Low
12/31/2014,5 Series,2014,North America,Blue,Petrol,Manual,4.3,145190,67594,6958,High
12/31/2013,X5,2013,North America,Red,Hybrid,Manual,1.6,54139,72339,5729,High
12/31/2017,i8,2017,Asia,White,Hybrid,Automatic,1.6,48732,147525,50,Low
12/31/2016,5 Series,2016,Africa,Red,Diesel,Automatic,3.4,142629,63344,3185,Low
12/31/2018,3 Series,2018,Africa,Red,Petrol,Automatic,5,193841,67200,5392,High
12/31/2016,i3,2016,South America,Blue,Diesel,Manual,4.6,88089,68577,3062,Low
12/31/2024,X6,2024,South America,Silver,Diesel,Automatic,2.6,164528,105095,3128,Low
12/31/2019,X6,2019,Europe,Black,Hybrid,Manual,2.9,33891,114042,4518,Low
12/31/2010,X5,2010,North America,Blue,Petrol,Manual,2.9,75416,54985,5955,High
12/31/2022,X6,2022,Middle East,Black,Petrol,Manual,4.1,76398,180618,2259,Low
12/31/2023,X5,2023,North America,Silver,Electric,Manual,2.7,144487,111322,6300,High
12/31/2016,X1,2016,Middle East,White,Diesel,Manual,2,136602,39140,5385,High
12/31/2010,X1,2010,North America,Blue,Diesel,Manual,4.1,127615,28790,6730,High
12/31/2016,i8,2016,South America,Black,Electric,Automatic,3.1,154826,136844,50,Low
12/31/2019,X1,2019,Asia,Black,Electric,Manual,1.8,87948,76477,9688,High
12/31/2017,X6,2017,Asia,Grey,Hybrid,Manual,4.3,58244,121593,3808,Low
12/31/2020,7 Series,2020,Africa,Red,Petrol,Automatic,3.5,135238,115157,705,Low
12/31/2018,7 Series,2018,Europe,Blue,Petrol,Automatic,3.2,165516,96982,1664,Low
12/31/2021,5 Series,2021,Europe,Grey,Petrol,Manual,3.9,131823,96484,7105,High
12/31/2012,5 Series,2012,South America,Blue,Hybrid,Automatic,3.3,174679,54636,4125,Low
12/31/2024,i3,2024,North America,Silver,Petrol,Manual,3.8,106863,98199,6469,High
12/31/2013,M5,2013,Asia,Black,Electric,Manual,4.5,127127,115608,1067,Low
12/31/2013,X6,2013,Asia,White,Diesel,Manual,3.6,115425,68689,4344,Low
12/31/2021,i8,2021,North America,Blue,Electric,Automatic,3.8,128707,171737,469,Low
12/31/2018,5 Series,2018,Asia,Black,Hybrid,Automatic,3.6,83,116398,7437,High
12/31/2022,X5,2022,South America,Silver,Electric,Manual,3.4,4664,135949,3364,Low
12/31/2016,X3,2016,Asia,Blue,Hybrid,Automatic,2.1,53563,81276,8841,High
12/31/2012,i3,2012,South America,Red,Electric,Manual,2.7,77789,55558,2835,Low
12/31/2019,X3,2019,Asia,White,Diesel,Manual,3.9,154468,68321,8455,High
12/31/2014,X6,2014,Asia,Silver,Diesel,Automatic,3,195734,58476,3918,Low
12/31/2016,X3,2016,Middle East,White,Hybrid,Manual,2.9,171691,61017,6340,High
12/31/2017,X1,2017,Asia,Black,Petrol,Manual,4.2,145341,59983,7045,High
12/31/2010,5 Series,2010,Africa,Black,Electric,Automatic,1.5,78924,54858,2791,Low
12/31/2021,M5,2021,South America,Silver,Petrol,Automatic,3.9,8047,155188,689,Low
12/31/2011,3 Series,2011,Asia,Blue,Hybrid,Automatic,3.2,151973,42715,8418,High
12/31/2016,3 Series,2016,North America,Black,Diesel,Manual,2.8,69945,63513,10214,High
12/31/2020,i3,2020,North America,White,Petrol,Manual,2.7,136054,72648,4798,Low
12/31/2024,i3,2024,South America,Grey,Hybrid,Automatic,2.1,63340,108804,4133,Low
12/31/2022,X5,2022,Europe,White,Petrol,Manual,2.7,77709,99661,5893,High
12/31/2023,X1,2023,Europe,Red,Electric,Automatic,2.9,179363,82690,8572,High
12/31/2022,7 Series,2022,North America,White,Hybrid,Manual,3,105400,135562,1847,Low
12/31/2024,M3,2024,Africa,Silver,Hybrid,Automatic,3.9,173623,115453,2502,Low
12/31/2011,M5,2011,Europe,Blue,Petrol,Automatic,3.1,115880,89513,845,Low
12/31/2016,M5,2016,Africa,Grey,Electric,Manual,4.3,150916,114654,284,Low
12/31/2024,X1,2024,Africa,White,Hybrid,Manual,3.7,141823,94379,5894,High
12/31/2018,M3,2018,Asia,Black,Hybrid,Manual,2.2,106639,97224,2974,Low
12/31/2020,X5,2020,Asia,White,Diesel,Automatic,2.5,31051,100047,5888,High
12/31/2011,X3,2011,Africa,White,Hybrid,Manual,1.8,77584,43860,3936,Low
12/31/2016,M5,2016,Asia,White,Diesel,Automatic,4.8,70814,123868,1328,Low
12/31/2013,5 Series,2013,Asia,Red,Hybrid,Automatic,4.6,68491,85637,6185,High
12/31/2020,5 Series,2020,North America,Red,Electric,Automatic,1.8,10119,119931,7779,High
12/31/2022,5 Series,2022,Asia,Red,Hybrid,Manual,3.5,34060,117314,7058,High
12/31/2011,X1,2011,Europe,White,Electric,Automatic,4.9,171268,47953,6815,High
12/31/2022,i8,2022,North America,White,Diesel,Automatic,4.1,132039,162067,294,Low
12/31/2016,X6,2016,South America,Black,Diesel,Manual,3.2,163074,71171,2298,Low
12/31/2022,X1,2022,Africa,Black,Petrol,Automatic,2.3,168574,61740,4190,Low
12/31/2014,5 Series,2014,South America,White,Electric,Automatic,2.5,68586,78511,3669,Low
12/31/2010,7 Series,2010,Middle East,Black,Hybrid,Manual,4.1,185796,83528,50,Low
12/31/2014,5 Series,2014,Africa,Silver,Hybrid,Manual,4.2,73711,83702,3122,Low
12/31/2021,i3,2021,Middle East,White,Hybrid,Manual,3.4,47913,102110,4257,Low
12/31/2021,i8,2021,Middle East,Red,Petrol,Automatic,1.9,86296,160362,50,Low
12/31/2012,X6,2012,South America,Black,Electric,Manual,4.8,180831,75121,1792,Low
12/31/2016,M3,2016,North America,Silver,Diesel,Manual,4.5,127567,84355,2610,Low
12/31/2015,7 Series,2015,South America,White,Electric,Manual,2,21578,112262,107,Low
12/31/2017,i3,2017,South America,Black,Hybrid,Automatic,1.7,96919,64459,3302,Low
12/31/2022,M3,2022,South America,White,Diesel,Manual,3.4,170600,86598,2374,Low
12/31/2014,3 Series,2014,North America,Black,Hybrid,Manual,2.5,164439,47667,10572,High
12/31/2011,5 Series,2011,Europe,Black,Petrol,Automatic,2.5,78261,53648,5690,High
12/31/2018,i3,2018,North America,Blue,Electric,Automatic,1.8,103846,77237,5048,High
12/31/2023,3 Series,2023,Africa,Red,Electric,Manual,4.8,167227,102308,6195,High
12/31/2020,M3,2020,Africa,Grey,Diesel,Manual,4.4,35196,109633,1500,Low
12/31/2017,X6,2017,Europe,Grey,Hybrid,Automatic,1.9,131117,88566,4039,Low
12/31/2015,M3,2015,Asia,Blue,Diesel,Manual,4.6,134573,76939,2848,Low
12/31/2022,M5,2022,South America,Grey,Hybrid,Automatic,3.9,33685,161544,1141,Low
12/31/2019,X3,2019,North America,Blue,Hybrid,Manual,2.6,160081,71862,9521,High
12/31/2016,3 Series,2016,Asia,White,Diesel,Automatic,4.5,141776,66222,8978,High
12/31/2018,X3,2018,Africa,White,Petrol,Manual,3.6,119360,69941,4199,Low
12/31/2016,X3,2016,Middle East,Red,Diesel,Automatic,4.5,175755,63056,6777,High
12/31/2012,i8,2012,Middle East,White,Hybrid,Automatic,3.1,47879,142499,50,Low
12/31/2015,M3,2015,North America,Red,Petrol,Automatic,3.3,196875,64206,2980,Low
12/31/2020,M3,2020,Africa,Black,Petrol,Automatic,2.5,25958,104898,1549,Low
12/31/2022,7 Series,2022,South America,Silver,Hybrid,Automatic,2.9,106572,128974,1339,Low
12/31/2020,X6,2020,Europe,Black,Electric,Manual,3.5,101819,114292,4712,Low
12/31/2016,M3,2016,Europe,Grey,Hybrid,Automatic,4.8,175228,95352,2716,Low
12/31/2011,X5,2011,Africa,Blue,Diesel,Manual,3.6,159736,42066,2597,Low
12/31/2012,X6,2012,Asia,Red,Electric,Automatic,2,113150,78000,3179,Low
12/31/2013,M3,2013,Asia,Silver,Hybrid,Manual,1.5,86646,70278,2462,Low
12/31/2019,i3,2019,Asia,Black,Petrol,Automatic,4.5,113148,85923,5131,High
12/31/2015,X1,2015,Asia,Black,Petrol,Manual,2.8,96425,48227,8239,High
12/31/2010,5 Series,2010,Asia,White,Hybrid,Automatic,2.6,28973,70124,6091,High
12/31/2018,i8,2018,South America,Silver,Electric,Automatic,4.3,64319,162901,50,Low
12/31/2014,5 Series,2014,Europe,Silver,Diesel,Automatic,4.8,166294,67381,7223,High
12/31/2022,i8,2022,South America,Red,Electric,Manual,4.1,54708,178173,130,Low
12/31/2021,i3,2021,Middle East,Black,Electric,Automatic,2.1,172608,84759,3915,Low
12/31/2023,i3,2023,Europe,Grey,Hybrid,Manual,2.9,167734,82401,6888,High
12/31/2016,7 Series,2016,Asia,Grey,Diesel,Manual,4.2,149926,102191,1391,Low
12/31/2018,X5,2018,Middle East,Grey,Petrol,Automatic,4.7,89810,110182,4120,Low
12/31/2018,X5,2018,South America,Red,Petrol,Automatic,5,5123,122728,3403,Low
12/31/2010,M5,2010,North America,Red,Electric,Automatic,3.3,6150,125488,276,Low
12/31/2024,7 Series,2024,Europe,Red,Diesel,Automatic,4.4,169372,127561,1662,Low
12/31/2010,X3,2010,Asia,Red,Electric,Manual,1.7,25199,57764,9230,High
12/31/2012,M3,2012,Africa,White,Electric,Manual,2.5,169446,58424,967,Low
12/31/2015,X6,2015,Europe,Silver,Diesel,Automatic,2.8,95050,81798,3301,Low
12/31/2011,i3,2011,North America,White,Electric,Automatic,4.9,45660,80452,3886,Low
12/31/2019,X6,2019,North America,Blue,Petrol,Manual,1.5,195836,71581,4200,Low
12/31/2021,5 Series,2021,Middle East,Silver,Petrol,Manual,2.6,199431,76792,5574,High
12/31/2020,M3,2020,Africa,Blue,Diesel,Automatic,4.8,163116,94082,1612,Low
12/31/2010,X1,2010,Africa,Silver,Hybrid,Automatic,2.6,53508,46399,3436,Low
12/31/2010,X1,2010,Asia,White,Diesel,Manual,2.3,137790,25000,6553,High
12/31/2022,X5,2022,Middle East,Black,Hybrid,Manual,4.1,136521,113028,5001,High
12/31/2014,5 Series,2014,Asia,Red,Electric,Manual,4.1,54442,97498,6227,High
12/31/2013,M3,2013,Asia,White,Petrol,Manual,3.2,62039,77833,2301,Low
12/31/2010,7 Series,2010,South America,Black,Hybrid,Manual,4.8,112878,126462,50,Low
12/31/2013,X6,2013,Asia,Silver,Petrol,Manual,2.2,61985,70690,3484,Low
12/31/2012,i8,2012,South America,Red,Electric,Automatic,4.7,181079,53564,50,Low
12/31/2011,i3,2011,South America,Black,Hybrid,Manual,4.1,153848,46997,2611,Low
12/31/2018,M3,2018,Middle East,Silver,Electric,Manual,2.8,95659,105195,2171,Low
12/31/2023,X3,2023,Europe,White,Petrol,Automatic,4.3,43415,111043,8821,High
12/31/2024,i3,2024,Africa,Black,Hybrid,Manual,2,164993,83266,4465,Low
12/31/2020,3 Series,2020,Africa,Silver,Hybrid,Manual,2,58247,85450,6491,High
12/31/2010,X5,2010,South America,Grey,Electric,Manual,4.8,135467,67417,2894,Low
12/31/2016,5 Series,2016,North America,Red,Hybrid,Manual,1.8,175673,60373,6437,High
12/31/2023,3 Series,2023,South America,White,Diesel,Manual,1.5,151555,64099,7427,High
12/31/2022,X3,2022,Middle East,Silver,Electric,Manual,2.9,62155,107076,7055,High
12/31/2013,i8,2013,Asia,Black,Diesel,Automatic,1.9,11382,120052,50,Low
12/31/2014,X6,2014,Middle East,Blue,Petrol,Automatic,4.5,128358,86429,2446,Low
12/31/2019,i8,2019,Europe,White,Diesel,Manual,4.7,141391,145531,50,Low
12/31/2014,X6,2014,Middle East,Blue,Diesel,Manual,3.2,98512,76714,2685,Low
12/31/2010,i3,2010,South America,Black,Electric,Manual,3,27608,58079,1968,Low
12/31/2015,5 Series,2015,Africa,Silver,Petrol,Manual,3.4,167410,58233,3941,Low
12/31/2022,i3,2022,North America,Grey,Petrol,Automatic,2.3,114873,83877,4871,Low
12/31/2018,X5,2018,Middle East,Blue,Diesel,Manual,2.5,99987,80175,4064,Low
12/31/2011,7 Series,2011,Europe,White,Diesel,Manual,1.9,50462,76579,687,Low
12/31/2016,i8,2016,Asia,White,Electric,Automatic,3.1,7409,159463,50,Low
12/31/2015,X6,2015,South America,White,Electric,Manual,3.6,154333,84905,2188,Low
12/31/2014,X5,2014,Asia,Grey,Hybrid,Manual,4.8,73909,100108,5990,High
12/31/2013,7 Series,2013,Africa,Grey,Petrol,Manual,4.1,37621,104737,50,Low
12/31/2013,i3,2013,North America,White,Petrol,Manual,4,122074,50260,4570,Low
12/31/2015,M3,2015,Middle East,Blue,Hybrid,Automatic,2.6,194957,75668,1947,Low
12/31/2013,i8,2013,South America,White,Diesel,Manual,4.6,144336,112327,50,Low
12/31/2014,X5,2014,Africa,White,Hybrid,Manual,4.8,184451,75100,2337,Low
12/31/2022,X5,2022,Middle East,Red,Hybrid,Manual,4.8,119273,127640,4090,Low
12/31/2015,M3,2015,Asia,Silver,Diesel,Automatic,1.6,76354,71947,3297,Low
12/31/2014,X1,2014,Middle East,Black,Electric,Automatic,3.6,76659,74756,4630,Low
12/31/2016,3 Series,2016,Europe,Silver,Diesel,Automatic,3.8,294,84454,9548,High
12/31/2018,X6,2018,Europe,Silver,Petrol,Manual,2.5,149218,80449,4127,Low
12/31/2019,X1,2019,Africa,Silver,Electric,Automatic,5,157516,86576,5156,High
12/31/2016,i3,2016,Africa,White,Diesel,Manual,2.5,19506,68550,2812,Low
12/31/2016,X6,2016,Africa,Grey,Electric,Automatic,2.3,13603,108877,1538,Low
12/31/2013,X1,2013,Asia,Red,Petrol,Automatic,3.2,59502,51509,6989,High
12/31/2010,i8,2010,Africa,Black,Electric,Automatic,2.6,11995,122766,50,Low
12/31/2023,5 Series,2023,Africa,Red,Diesel,Manual,4.7,172531,93215,3863,Low
12/31/2017,i3,2017,Asia,Blue,Diesel,Manual,3,144671,56044,4823,Low
12/31/2013,5 Series,2013,North America,White,Hybrid,Automatic,2.9,35563,81675,5960,High
12/31/2010,X6,2010,North America,Red,Electric,Automatic,3.7,46285,89670,2753,Low
12/31/2014,M5,2014,Europe,Grey,Electric,Automatic,1.8,112290,110300,937,Low
12/31/2023,X1,2023,Middle East,White,Diesel,Manual,4.1,34149,97708,5889,High
12/31/2023,i8,2023,Asia,White,Electric,Manual,4.2,151679,170192,735,Low
12/31/2017,M5,2017,Middle East,Grey,Petrol,Automatic,3.2,5422,134421,491,Low
12/31/2013,i8,2013,North America,Blue,Petrol,Automatic,4.8,55236,148248,50,Low
12/31/2022,X5,2022,North America,Silver,Diesel,Automatic,3.5,123391,106872,6162,High
12/31/2021,M5,2021,North America,White,Petrol,Automatic,3.9,172421,124249,2249,Low
12/31/2017,7 Series,2017,North America,Blue,Electric,Manual,4.7,151667,119950,1055,Low
12/31/2017,3 Series,2017,Middle East,Black,Electric,Manual,3.8,111805,82918,5458,High
12/31/2012,X5,2012,North America,Blue,Hybrid,Manual,3,93546,73313,5140,High
12/31/2018,X1,2018,North America,Grey,Petrol,Automatic,1.6,129528,50893,7321,High
12/31/2012,X3,2012,North America,Grey,Hybrid,Automatic,4,13488,82327,7411,High
12/31/2010,i3,2010,Asia,White,Hybrid,Manual,4.9,146443,51962,4809,Low
12/31/2011,7 Series,2011,Asia,Red,Diesel,Automatic,3.1,182855,64237,943,Low
12/31/2024,3 Series,2024,Europe,Red,Hybrid,Automatic,2.7,63084,111622,9205,High
12/31/2015,X3,2015,South America,Black,Petrol,Manual,3.3,83793,60334,4544,Low
12/31/2021,3 Series,2021,Africa,Blue,Diesel,Manual,4,145778,71830,6388,High
12/31/2019,X5,2019,Africa,Blue,Hybrid,Automatic,1.5,132753,78816,4346,Low
12/31/2011,i8,2011,North America,Red,Diesel,Manual,4.6,53065,125318,50,Low
12/31/2015,3 Series,2015,Europe,Blue,Hybrid,Manual,4.6,138437,71138,8642,High
12/31/2023,3 Series,2023,Asia,Blue,Hybrid,Manual,3.4,2820,115097,11028,High
12/31/2010,X5,2010,South America,Grey,Hybrid,Automatic,1.9,186476,37287,3125,Low
12/31/2020,3 Series,2020,Middle East,Grey,Diesel,Automatic,3.9,115798,115721,6216,High
12/31/2022,i3,2022,Asia,White,Petrol,Automatic,2,43096,90024,5695,High
12/31/2010,M5,2010,Asia,White,Hybrid,Automatic,3.3,44806,109467,689,Low
12/31/2014,X6,2014,Asia,Red,Petrol,Manual,1.8,159530,58433,4119,Low
12/31/2019,7 Series,2019,Europe,Grey,Petrol,Manual,3.6,91436,118726,1475,Low
12/31/2022,7 Series,2022,Middle East,Black,Petrol,Automatic,2.6,193220,108655,1182,Low
12/31/2020,M3,2020,Europe,Silver,Electric,Manual,4.4,92541,128777,3217,Low
12/31/2018,3 Series,2018,Asia,Grey,Petrol,Manual,4.3,59026,82421,8908,High
12/31/2023,5 Series,2023,Middle East,Grey,Electric,Manual,5,103907,130250,4628,Low
12/31/2017,M5,2017,Asia,Silver,Hybrid,Automatic,2.4,81451,126615,1362,Low
12/31/2012,X6,2012,Middle East,Silver,Petrol,Manual,1.7,59505,72171,2362,Low
12/31/2024,X1,2024,Middle East,White,Electric,Manual,3.1,13994,121679,6574,High
12/31/2012,X1,2012,Middle East,Silver,Hybrid,Automatic,1.8,97528,41415,4846,Low
12/31/2024,X6,2024,Africa,Grey,Hybrid,Automatic,2.1,130939,118205,3595,Low
12/31/2010,X1,2010,South America,Grey,Diesel,Automatic,3.6,144529,25000,4298,Low
12/31/2023,X6,2023,Africa,Blue,Diesel,Automatic,3.6,120636,114505,2494,Low
12/31/2012,M5,2012,North America,Grey,Diesel,Manual,1.7,194219,62162,1382,Low
12/31/2024,X5,2024,Africa,Red,Diesel,Manual,3.1,53064,118677,4030,Low
12/31/2023,7 Series,2023,Middle East,Silver,Hybrid,Automatic,3.4,29876,166130,992,Low
12/31/2021,7 Series,2021,Africa,Silver,Hybrid,Automatic,2.4,67383,127133,1088,Low
12/31/2021,M3,2021,Middle East,Silver,Electric,Automatic,4.6,176229,120967,2193,Low
12/31/2021,M5,2021,North America,Red,Diesel,Automatic,2.1,191136,105323,2546,Low
12/31/2022,X3,2022,Middle East,Blue,Hybrid,Automatic,2.4,160515,92090,7541,High
12/31/2020,3 Series,2020,Asia,Grey,Hybrid,Manual,2,13718,98853,9935,High
12/31/2010,M3,2010,Africa,White,Petrol,Manual,1.9,98211,44902,983,Low
12/31/2017,M3,2017,Middle East,Silver,Petrol,Automatic,4.6,7897,113683,1613,Low
12/31/2010,i8,2010,Asia,Blue,Petrol,Manual,2.5,1706,117247,50,Low
12/31/2014,X3,2014,Africa,White,Hybrid,Manual,4,50112,76821,4335,Low
12/31/2018,i3,2018,Europe,Black,Hybrid,Manual,3,95146,82179,5654,High
12/31/2016,M5,2016,Africa,Black,Diesel,Manual,3.7,79903,111843,324,Low
12/31/2013,7 Series,2013,South America,Black,Hybrid,Manual,4.7,159983,91704,110,Low
12/31/2020,X5,2020,North America,White,Hybrid,Automatic,4.5,190578,99630,6229,High
12/31/2018,X6,2018,North America,Red,Diesel,Manual,1.7,109403,85404,4477,Low
12/31/2018,M3,2018,Africa,Blue,Electric,Automatic,4.5,56407,119746,1394,Low
12/31/2011,i8,2011,Africa,Black,Petrol,Manual,3.1,55820,106938,50,Low
12/31/2019,i8,2019,Africa,Blue,Petrol,Automatic,2.7,167867,118689,50,Low
12/31/2019,i8,2019,Asia,Silver,Electric,Manual,3.9,189792,150931,591,Low
12/31/2020,7 Series,2020,Middle East,White,Petrol,Automatic,4.8,47115,140038,628,Low
12/31/2021,3 Series,2021,Africa,Blue,Electric,Manual,1.8,180860,73009,6446,High
12/31/2015,X3,2015,Europe,Silver,Diesel,Automatic,4.2,160909,54768,9288,High
12/31/2013,i3,2013,Middle East,Blue,Hybrid,Automatic,2.2,44044,66358,2683,Low
12/31/2017,7 Series,2017,Europe,Red,Electric,Manual,2.8,57007,130840,728,Low
12/31/2021,X1,2021,South America,Blue,Hybrid,Automatic,4.6,165948,83259,5015,High
12/31/2020,X6,2020,Asia,Blue,Diesel,Automatic,3.4,18360,121282,4293,Low
12/31/2016,X1,2016,North America,Blue,Petrol,Automatic,1.7,56666,54502,8077,High
12/31/2016,7 Series,2016,Asia,Silver,Diesel,Automatic,3.3,118403,103125,1262,Low
12/31/2020,X6,2020,Europe,Black,Petrol,Manual,4.3,58599,120130,4450,Low
12/31/2019,X5,2019,Europe,Red,Diesel,Automatic,3.4,143544,116127,5007,High
12/31/2018,X3,2018,Europe,Silver,Diesel,Manual,2.1,185710,50046,9192,High
12/31/2022,7 Series,2022,Europe,Silver,Petrol,Manual,3.1,141350,120585,1613,Low
12/31/2014,3 Series,2014,South America,Blue,Hybrid,Automatic,4.7,122686,68028,4661,Low
12/31/2015,i3,2015,North America,Silver,Electric,Manual,3.8,85863,83299,4625,Low
12/31/2010,M3,2010,South America,Grey,Petrol,Manual,4.1,104017,58537,899,Low
12/31/2015,X5,2015,North America,Black,Hybrid,Manual,4.3,153262,87415,5226,High
12/31/2011,X5,2011,Middle East,Blue,Petrol,Manual,1.8,59870,56715,3747,Low
12/31/2015,X3,2015,North America,Red,Electric,Automatic,3.5,94425,79199,9464,High
12/31/2018,i3,2018,Europe,Black,Petrol,Manual,2.8,116758,62373,5342,High
12/31/2017,X1,2017,Middle East,Silver,Electric,Manual,2,47027,79959,5653,High
12/31/2018,X6,2018,Middle East,Silver,Electric,Automatic,2.2,119415,104080,3295,Low
12/31/2022,M5,2022,Africa,Red,Petrol,Manual,4.2,75129,141508,881,Low
12/31/2024,M3,2024,Middle East,Silver,Electric,Manual,2.1,51575,138315,2832,Low
12/31/2019,5 Series,2019,North America,Blue,Diesel,Automatic,2.6,85103,88864,6997,High
12/31/2017,i8,2017,South America,Grey,Hybrid,Automatic,2.5,87745,140246,50,Low
12/31/2012,M5,2012,Middle East,Grey,Electric,Manual,1.7,63653,107783,160,Low
12/31/2017,X3,2017,Asia,Grey,Electric,Automatic,3.1,72650,90202,7869,High
12/31/2015,X1,2015,Middle East,Red,Diesel,Manual,4.2,105988,57335,5217,High
12/31/2022,M5,2022,North America,Grey,Petrol,Manual,1.6,166797,112401,2443,Low
12/31/2015,X5,2015,Middle East,White,Electric,Manual,1.9,112847,83449,4179,Low
12/31/2015,7 Series,2015,Europe,Grey,Electric,Automatic,4,11311,138550,363,Low
12/31/2012,3 Series,2012,Europe,Black,Hybrid,Manual,3.6,23080,69928,8488,High
12/31/2019,X6,2019,South America,Red,Petrol,Manual,4,131108,97818,2194,Low
12/31/2010,X1,2010,Middle East,Black,Hybrid,Manual,2.3,31892,48313,4835,Low
12/31/2021,X6,2021,Europe,Blue,Electric,Manual,4.3,6535,151657,4122,Low
12/31/2023,3 Series,2023,Middle East,Red,Petrol,Manual,3.2,61645,103336,6215,High
12/31/2013,7 Series,2013,Africa,Silver,Diesel,Automatic,3.6,149640,75746,218,Low
12/31/2019,3 Series,2019,Europe,Red,Hybrid,Manual,1.8,170379,61554,9418,High
12/31/2021,M3,2021,Asia,White,Petrol,Manual,2.2,13848,114675,3597,Low
12/31/2015,M3,2015,Middle East,Blue,Electric,Automatic,4.2,150292,95833,1302,Low
12/31/2020,i8,2020,Africa,White,Hybrid,Automatic,2.3,74925,144891,203,Low
12/31/2021,3 Series,2021,Africa,Red,Diesel,Automatic,1.8,40161,81189,6262,High
12/31/2019,X5,2019,Asia,Black,Electric,Manual,3.6,122393,110079,6415,High
12/31/2011,3 Series,2011,South America,White,Diesel,Manual,3.4,124157,34324,6236,High
12/31/2016,3 Series,2016,Asia,Silver,Electric,Automatic,3.6,114805,79672,11011,High
12/31/2016,X6,2016,North America,Red,Hybrid,Manual,3.7,34968,114178,3515,Low
12/31/2020,7 Series,2020,Asia,Blue,Diesel,Automatic,3.3,179623,103023,1820,Low
12/31/2013,3 Series,2013,South America,White,Diesel,Manual,3.2,7229,58966,6066,High
12/31/2013,X6,2013,South America,Silver,Diesel,Manual,4.7,55324,85417,1772,Low
12/31/2024,X1,2024,Europe,Grey,Hybrid,Automatic,3.4,27605,114442,8295,High
12/31/2010,i3,2010,North America,Blue,Petrol,Automatic,3.7,6241,59432,4744,Low
12/31/2022,M5,2022,Europe,White,Electric,Manual,2.4,52242,156216,2076,Low
12/31/2011,5 Series,2011,South America,Red,Diesel,Manual,4.5,92337,57172,4060,Low
12/31/2018,7 Series,2018,Africa,Black,Diesel,Automatic,1.6,156997,83045,929,Low
12/31/2019,5 Series,2019,Europe,Grey,Hybrid,Manual,3.5,3023,114026,6447,High
12/31/2017,3 Series,2017,Middle East,Black,Petrol,Automatic,2.8,92768,66251,5930,High
12/31/2017,M3,2017,Europe,Silver,Diesel,Automatic,3.6,49493,133278,1875,Low
12/31/2018,M3,2018,South America,White,Hybrid,Automatic,2.8,39918,104934,2032,Low
12/31/2024,X1,2024,Europe,Grey,Petrol,Manual,4,127607,92235,8560,High
12/31/2016,X3,2016,North America,Blue,Diesel,Manual,1.6,107240,52570,7971,High
12/31/2022,7 Series,2022,Europe,Grey,Electric,Manual,2.9,92227,135455,1962,Low
12/31/2018,i3,2018,Middle East,White,Hybrid,Automatic,4.4,110276,90246,3737,Low
12/31/2019,X3,2019,Middle East,Silver,Diesel,Manual,2.4,91467,76108,6419,High
12/31/2021,3 Series,2021,Europe,Grey,Diesel,Manual,1.7,153184,60150,11135,High
12/31/2011,i8,2011,Asia,Blue,Electric,Automatic,3.2,39986,138525,50,Low
12/31/2015,3 Series,2015,Asia,Blue,Diesel,Automatic,4.9,187450,53577,9537,High
12/31/2024,5 Series,2024,Middle East,White,Hybrid,Automatic,1.7,81864,116988,5432,High
12/31/2012,7 Series,2012,Africa,Black,Electric,Manual,1.7,148414,78102,50,Low
12/31/2020,7 Series,2020,Middle East,Black,Electric,Manual,3.6,75390,145685,1079,Low
12/31/2024,X1,2024,North America,Grey,Diesel,Automatic,2.4,126123,83123,7264,High
12/31/2015,X3,2015,South America,Silver,Petrol,Automatic,2.9,60279,67986,4911,Low
12/31/2012,7 Series,2012,Africa,Blue,Diesel,Automatic,4.4,109021,90081,50,Low
12/31/2017,X1,2017,Africa,Black,Hybrid,Automatic,2.2,14428,78902,3685,Low
12/31/2024,M5,2024,Middle East,Black,Diesel,Manual,4,64172,152742,1396,Low
12/31/2020,3 Series,2020,Africa,Blue,Hybrid,Automatic,3.3,2227,103892,5895,High
12/31/2024,i8,2024,Africa,Grey,Petrol,Automatic,4.7,141840,155807,162,Low
12/31/2022,X1,2022,Asia,White,Petrol,Automatic,4.9,98850,135357,8621,High
12/31/2013,5 Series,2013,Asia,Silver,Electric,Manual,3.2,87085,82532,6401,High
12/31/2021,7 Series,2021,South America,Blue,Diesel,Automatic,3.5,171939,109977,1075,Low
12/31/2019,X1,2019,North America,Grey,Hybrid,Automatic,4.1,175107,70731,8988,High
12/31/2015,i8,2015,North America,Red,Diesel,Automatic,2.6,80700,134465,50,Low
12/31/2024,i8,2024,Europe,Blue,Electric,Automatic,2.3,175296,163565,1095,Low
12/31/2018,M5,2018,South America,Silver,Petrol,Automatic,4.9,170469,118959,697,Low
12/31/2011,X3,2011,Middle East,Silver,Hybrid,Manual,3,117802,50821,5491,High
12/31/2011,M5,2011,Middle East,Silver,Diesel,Manual,1.5,78618,81777,407,Low
12/31/2016,X3,2016,Africa,Blue,Petrol,Automatic,4.4,149211,65191,5153,High
12/31/2024,3 Series,2024,Asia,White,Electric,Automatic,3.6,154712,102191,12311,High
12/31/2011,X1,2011,Africa,Grey,Petrol,Manual,2.1,25559,39468,3999,Low
12/31/2011,X6,2011,South America,Silver,Petrol,Manual,1.6,77249,54911,2191,Low
12/31/2013,i3,2013,Middle East,Grey,Petrol,Manual,2.5,155954,34947,3451,Low
12/31/2018,5 Series,2018,Africa,Silver,Diesel,Automatic,4.7,99669,89634,3503,Low
12/31/2017,M3,2017,Africa,White,Diesel,Automatic,4.8,17745,108174,938,Low
12/31/2011,X5,2011,Africa,Blue,Diesel,Automatic,2.6,149557,40597,2569,Low
12/31/2017,M3,2017,Europe,Silver,Electric,Automatic,4.4,96479,108454,2132,Low
12/31/2013,X6,2013,Asia,Silver,Petrol,Manual,3,181570,61025,3990,Low
12/31/2011,5 Series,2011,North America,Red,Diesel,Manual,3.8,9708,72242,5917,High
12/31/2020,i3,2020,Africa,Grey,Petrol,Automatic,2.7,19353,91310,3095,Low
12/31/2019,5 Series,2019,Africa,Grey,Electric,Automatic,3.3,106939,49963,4787,Low
12/31/2016,X6,2016,Middle East,Grey,Diesel,Manual,2.5,87533,86493,2246,Low
12/31/2015,X1,2015,North America,Silver,Petrol,Manual,1.7,62763,49792,7246,High
12/31/2023,7 Series,2023,Europe,Silver,Electric,Automatic,2,68616,146048,1985,Low
12/31/2019,M3,2019,Europe,Grey,Electric,Manual,2.5,145950,99800,3214,Low
12/31/2014,i8,2014,North America,Silver,Electric,Automatic,4.9,140483,140474,50,Low
12/31/2020,5 Series,2020,Middle East,Grey,Hybrid,Manual,4.9,52549,64171,5322,High
12/31/2010,M3,2010,Middle East,Grey,Diesel,Automatic,4.4,32458,83744,967,Low
12/31/2011,M5,2011,Africa,Grey,Petrol,Manual,2.3,191079,60968,294,Low
12/31/2017,i8,2017,Europe,White,Electric,Manual,3,133836,142177,50,Low
12/31/2010,M3,2010,Africa,Silver,Petrol,Automatic,3,69170,59047,752,Low
12/31/2012,M5,2012,Middle East,Black,Diesel,Manual,2.9,25981,110762,94,Low
12/31/2011,X1,2011,Middle East,Red,Petrol,Manual,1.7,38545,38394,4717,Low
12/31/2014,X1,2014,South America,Silver,Diesel,Automatic,3.4,120857,41698,4167,Low
12/31/2013,X5,2013,Middle East,Silver,Electric,Manual,1.8,40406,88322,3574,Low
12/31/2022,i3,2022,North America,Blue,Electric,Automatic,4.3,32470,130173,4652,Low
12/31/2016,X3,2016,South America,Silver,Diesel,Manual,3.9,158770,54739,6069,High
12/31/2014,3 Series,2014,South America,Grey,Diesel,Automatic,2.7,87428,52602,4920,Low
12/31/2017,M3,2017,North America,Red,Diesel,Automatic,3.8,175241,81911,3022,Low
12/31/2013,i3,2013,Middle East,White,Petrol,Manual,2.3,91566,47187,2749,Low
12/31/2024,X5,2024,North America,Black,Hybrid,Automatic,2.4,192210,102182,7745,High
12/31/2021,5 Series,2021,Europe,Grey,Electric,Manual,2.6,37646,114266,8075,High
12/31/2015,M5,2015,Asia,Grey,Diesel,Automatic,4.3,51602,126025,1257,Low
12/31/2013,X5,2013,North America,Blue,Hybrid,Automatic,2.2,165730,64333,6389,High
12/31/2011,7 Series,2011,North America,Grey,Electric,Automatic,3.5,65700,108324,300,Low
12/31/2010,i3,2010,Middle East,Silver,Petrol,Automatic,2.2,97054,35328,2488,Low
12/31/2023,3 Series,2023,Asia,Silver,Diesel,Manual,2.5,154559,74218,10961,High
12/31/2023,X1,2023,North America,Silver,Hybrid,Automatic,2.3,124391,85769,9801,High
12/31/2010,7 Series,2010,Africa,Silver,Electric,Automatic,3.8,82260,93156,50,Low
12/31/2017,7 Series,2017,Europe,White,Diesel,Automatic,3.3,95414,108357,1196,Low
12/31/2023,M5,2023,Middle East,Grey,Diesel,Automatic,4,42323,162350,920,Low
12/31/2013,M5,2013,North America,Red,Electric,Manual,2.3,149307,98042,1001,Low
12/31/2014,7 Series,2014,Africa,Blue,Petrol,Automatic,1.5,102521,83020,270,Low
12/31/2020,5 Series,2020,Europe,Red,Hybrid,Automatic,3.9,39089,118709,7270,High
12/31/2017,X1,2017,South America,White,Petrol,Manual,1.9,107819,47365,4313,Low
12/31/2021,X5,2021,Middle East,Black,Petrol,Manual,2.4,192135,76849,4593,Low
12/31/2024,X6,2024,Asia,Silver,Hybrid,Manual,2.6,146183,118277,5004,High
12/31/2016,3 Series,2016,Middle East,Red,Hybrid,Automatic,4.1,137760,72862,7072,High
12/31/2022,5 Series,2022,Europe,White,Diesel,Manual,3.7,179162,87168,6734,High
12/31/2017,5 Series,2017,South America,White,Hybrid,Automatic,2.1,176157,67936,4782,Low
12/31/2022,3 Series,2022,Africa,Silver,Diesel,Automatic,3.6,116315,82200,4923,Low
12/31/2017,i8,2017,South America,Grey,Hybrid,Manual,4,51687,159949,50,Low
12/31/2015,7 Series,2015,North America,Silver,Petrol,Automatic,2.9,83665,101345,1131,Low
12/31/2019,X6,2019,Africa,Grey,Diesel,Manual,2.4,23034,101104,2294,Low
12/31/2011,X3,2011,Europe,Black,Hybrid,Manual,3.9,198777,42893,7872,High
12/31/2015,M3,2015,North America,Red,Petrol,Automatic,3.6,177319,67525,3015,Low
12/31/2023,5 Series,2023,South America,White,Hybrid,Manual,1.8,126220,96585,5469,High
12/31/2010,5 Series,2010,North America,Black,Hybrid,Manual,3.8,147428,57360,6559,High
12/31/2010,3 Series,2010,South America,Blue,Hybrid,Automatic,3.2,121788,44696,5457,High
12/31/2020,X6,2020,Middle East,Red,Diesel,Automatic,4.1,135850,110980,2550,Low
12/31/2012,5 Series,2012,Europe,White,Diesel,Manual,2.2,48182,59473,6041,High
12/31/2012,X6,2012,Europe,Grey,Petrol,Manual,2.4,133607,55107,3740,Low
12/31/2020,7 Series,2020,Africa,Grey,Petrol,Automatic,3.4,157106,103491,948,Low
12/31/2022,X5,2022,Asia,Silver,Hybrid,Manual,3.2,177238,99365,6933,High
12/31/2014,3 Series,2014,Asia,Silver,Electric,Automatic,2.9,131702,63148,8975,High
12/31/2010,3 Series,2010,Middle East,Blue,Hybrid,Automatic,4.1,168850,46839,6244,High
12/31/2019,i8,2019,North America,Black,Hybrid,Automatic,3.5,110645,163996,315,Low
12/31/2015,X6,2015,Asia,Silver,Petrol,Manual,4,13334,105883,3336,Low
12/31/2016,X1,2016,Africa,Grey,Petrol,Manual,2,19261,56621,4284,Low
12/31/2019,X3,2019,Europe,Grey,Electric,Manual,4.1,33192,110619,8626,High
12/31/2021,X6,2021,Africa,Grey,Hybrid,Automatic,3.1,35070,127117,2379,Low
12/31/2022,X1,2022,South America,Red,Electric,Automatic,1.6,157579,71893,6637,High
12/31/2020,X5,2020,North America,Grey,Electric,Automatic,2.3,63203,112416,6598,High
12/31/2012,X1,2012,Asia,White,Electric,Automatic,1.6,55427,51875,6838,High
12/31/2013,X3,2013,Middle East,Black,Hybrid,Automatic,3.1,35851,81681,9789,High
12/31/2019,5 Series,2019,Europe,Black,Electric,Automatic,2.6,180237,83253,7686,High
12/31/2020,X3,2020,Europe,Silver,Electric,Automatic,5,183311,101003,7946,High
12/31/2019,i3,2019,Asia,Black,Electric,Automatic,4.5,3060,114596,4698,Low
12/31/2023,X1,2023,Middle East,Grey,Electric,Manual,4.4,33884,120916,5544,High
12/31/2021,X1,2021,Asia,Blue,Electric,Manual,3.3,34187,106521,8487,High
12/31/2024,3 Series,2024,Europe,Blue,Petrol,Manual,4.3,110862,97674,10841,High
12/31/2019,X1,2019,Europe,White,Petrol,Manual,2.4,118784,58440,8297,High
12/31/2023,M3,2023,Africa,Blue,Electric,Manual,3.5,160539,108183,2594,Low
12/31/2019,X6,2019,Asia,Blue,Hybrid,Manual,2.9,139015,101413,5126,High
12/31/2019,7 Series,2019,Africa,Silver,Diesel,Manual,2.1,81247,99781,689,Low
12/31/2012,M5,2012,Middle East,White,Hybrid,Automatic,1.8,102263,99302,293,Low
12/31/2010,5 Series,2010,Europe,White,Diesel,Automatic,3.5,132696,47180,5544,High
12/31/2017,M5,2017,North America,Silver,Electric,Manual,1.8,14411,138763,1211,Low
12/31/2022,X6,2022,Middle East,Grey,Hybrid,Automatic,4,146107,129260,3424,Low
12/31/2019,5 Series,2019,Africa,White,Petrol,Manual,4.7,132229,90741,3541,Low
12/31/2019,i3,2019,Europe,White,Electric,Automatic,2.1,186364,68770,5239,High
12/31/2011,3 Series,2011,Asia,Red,Petrol,Manual,3.1,103102,41285,9634,High
12/31/2010,X5,2010,Middle East,Black,Diesel,Manual,4.1,128222,54259,3807,Low
12/31/2023,3 Series,2023,Asia,Blue,Electric,Manual,2.5,9210,113475,11646,High
12/31/2017,X5,2017,Middle East,Black,Petrol,Automatic,4.7,66056,103222,3885,Low
12/31/2016,5 Series,2016,South America,Grey,Hybrid,Automatic,4.6,19763,103492,3702,Low
12/31/2016,5 Series,2016,Middle East,Grey,Petrol,Manual,1.9,2520,80839,4375,Low
12/31/2013,X3,2013,North America,Red,Electric,Manual,1.6,81619,61902,15000,High
12/31/2020,M3,2020,Middle East,White,Electric,Manual,4.9,182245,118968,2442,Low
12/31/2018,3 Series,2018,Africa,Red,Diesel,Automatic,4.8,37966,88368,5542,High
12/31/2015,X3,2015,Africa,White,Petrol,Automatic,3,36661,69476,3928,Low
12/31/2011,i3,2011,Middle East,White,Diesel,Automatic,1.7,108195,29891,2913,Low
12/31/2023,7 Series,2023,Asia,Blue,Diesel,Automatic,3.7,169369,120403,2258,Low
12/31/2010,5 Series,2010,Europe,Silver,Petrol,Automatic,2.5,41828,55927,5463,High
12/31/2010,X1,2010,South America,Silver,Diesel,Manual,4.8,166896,25532,4792,Low
12/31/2018,5 Series,2018,Africa,Black,Petrol,Automatic,4.3,116392,83911,4041,Low
12/31/2013,M5,2013,Asia,Black,Electric,Automatic,3.8,6666,137345,700,Low
12/31/2014,X5,2014,South America,Silver,Hybrid,Manual,2.5,153638,61508,3260,Low
12/31/2012,3 Series,2012,South America,White,Hybrid,Manual,4,172820,43248,4785,Low
12/31/2013,5 Series,2013,Africa,White,Diesel,Manual,2.5,65140,54971,3749,Low
12/31/2021,i8,2021,Asia,Black,Diesel,Manual,1.6,64650,139692,552,Low
12/31/2017,X5,2017,Africa,Red,Electric,Manual,3.3,70445,100660,3161,Low
12/31/2022,X6,2022,Europe,White,Electric,Automatic,3.2,132510,116910,4523,Low
12/31/2013,X1,2013,Asia,Red,Petrol,Automatic,4.2,151114,42048,7478,High
12/31/2018,X1,2018,Middle East,Blue,Petrol,Automatic,4.5,18028,95567,5397,High
12/31/2018,M5,2018,Middle East,Red,Electric,Manual,2.7,188498,117935,1471,Low
12/31/2015,7 Series,2015,South America,Blue,Petrol,Automatic,3.1,105951,93605,414,Low
12/31/2011,5 Series,2011,North America,Black,Petrol,Manual,3.1,37081,66486,6236,High
12/31/2021,i8,2021,North America,Red,Diesel,Manual,2.6,158445,133609,499,Low
12/31/2019,M3,2019,Europe,Black,Petrol,Automatic,4.1,47076,117862,2796,Low
12/31/2020,i8,2020,North America,Black,Diesel,Automatic,3.3,95402,157937,50,Low
12/31/2016,X6,2016,Africa,Black,Diesel,Automatic,4.7,166772,81512,2191,Low
12/31/2018,X3,2018,Europe,White,Hybrid,Automatic,3.8,123425,83725,9094,High
12/31/2015,M5,2015,South America,Grey,Petrol,Automatic,2.2,27919,108893,417,Low
12/31/2012,X6,2012,Europe,Blue,Petrol,Automatic,2.1,191200,48562,3417,Low
12/31/2023,7 Series,2023,Europe,Black,Diesel,Automatic,2.8,141539,118662,1711,Low
12/31/2024,X1,2024,Middle East,Grey,Electric,Manual,2.7,72022,45063,6122,High
12/31/2016,X6,2016,South America,White,Hybrid,Manual,2.9,181046,77883,2694,Low
12/31/2014,X5,2014,Asia,Black,Electric,Automatic,2.1,34940,88912,5564,High
12/31/2010,i3,2010,South America,Blue,Hybrid,Automatic,4.9,166191,48326,2410,Low
12/31/2012,M3,2012,Africa,Blue,Diesel,Manual,2,120808,48754,1301,Low
12/31/2014,7 Series,2014,North America,Black,Petrol,Manual,3.8,58627,107012,856,Low
12/31/2016,7 Series,2016,Middle East,Silver,Electric,Manual,1.5,50235,119905,266,Low
12/31/2012,X6,2012,Middle East,Grey,Diesel,Manual,2.9,2514,88507,2007,Low
12/31/2015,X5,2015,Middle East,Grey,Hybrid,Manual,2.6,12073,102802,2891,Low
12/31/2014,M3,2014,Middle East,Red,Electric,Automatic,2.8,149993,85170,1214,Low
12/31/2022,7 Series,2022,South America,Blue,Hybrid,Automatic,3.2,84533,138934,1345,Low
12/31/2010,3 Series,2010,Asia,Black,Hybrid,Automatic,3.6,76467,56569,9978,High
12/31/2019,X6,2019,Asia,Red,Petrol,Automatic,3.5,8612,126429,3628,Low
12/31/2015,i3,2015,South America,Black,Petrol,Manual,3.7,2925,74133,2850,Low
12/31/2023,X3,2023,Africa,Silver,Hybrid,Automatic,4.5,161609,100807,4925,Low
12/31/2017,M3,2017,Asia,Blue,Hybrid,Manual,4.6,147490,97210,3181,Low
12/31/2022,X3,2022,Africa,Black,Diesel,Manual,4.1,78845,98233,4511,Low
12/31/2022,M3,2022,Europe,Grey,Hybrid,Automatic,1.8,74166,116306,3574,Low
12/31/2010,5 Series,2010,South America,Grey,Petrol,Manual,4.9,171160,43425,3928,Low
12/31/2011,i3,2011,South America,Black,Diesel,Automatic,4.8,166759,39255,2616,Low
12/31/2023,X5,2023,Middle East,Grey,Electric,Manual,4,176494,113520,5242,High
12/31/2024,5 Series,2024,Europe,White,Electric,Automatic,3.3,110957,118346,7644,High
12/31/2013,3 Series,2013,Africa,Blue,Hybrid,Automatic,2.4,179714,39642,4232,Low
12/31/2021,i3,2021,South America,Grey,Hybrid,Manual,4.1,5140,118242,3552,Low
12/31/2011,X5,2011,Middle East,White,Petrol,Manual,4.6,57312,77934,2689,Low
12/31/2020,M5,2020,Middle East,White,Petrol,Automatic,3.8,145062,130996,867,Low
12/31/2018,X5,2018,Africa,Blue,Petrol,Manual,3.7,129946,77914,3680,Low
12/31/2019,M3,2019,Africa,Black,Hybrid,Automatic,2.2,37645,108112,1983,Low
12/31/2017,M5,2017,South America,Silver,Diesel,Automatic,2.8,150819,95860,978,Low
12/31/2017,7 Series,2017,North America,Blue,Electric,Manual,4,91368,123749,1142,Low
12/31/2013,X5,2013,Africa,Black,Electric,Manual,1.6,64151,74930,2698,Low
12/31/2014,7 Series,2014,Asia,Blue,Petrol,Automatic,3.7,64905,103440,1010,Low
12/31/2013,i8,2013,Africa,Silver,Hybrid,Manual,4.2,46174,135114,50,Low
12/31/2022,3 Series,2022,Asia,Black,Petrol,Automatic,2.7,180070,73235,10527,High
12/31/2018,M5,2018,Europe,Red,Petrol,Automatic,1.8,131566,102397,1627,Low
12/31/2022,M3,2022,North America,Silver,Diesel,Automatic,4.4,97947,115325,3496,Low
12/31/2011,X6,2011,North America,Blue,Electric,Manual,2,153411,61061,3383,Low
12/31/2022,5 Series,2022,Middle East,Grey,Diesel,Automatic,2.8,184049,87948,4634,Low
12/31/2020,5 Series,2020,Africa,Blue,Petrol,Manual,4,13743,112278,3240,Low
12/31/2017,i8,2017,Middle East,Red,Diesel,Automatic,4.4,103954,148680,50,Low
12/31/2011,i8,2011,South America,Blue,Diesel,Automatic,4.5,17639,127556,50,Low
12/31/2010,X6,2010,North America,Grey,Electric,Manual,3.4,138639,68251,3880,Low
12/31/2019,i8,2019,South America,White,Hybrid,Automatic,3.2,124997,150034,85,Low
12/31/2012,7 Series,2012,North America,Red,Diesel,Automatic,4.5,10674,108241,519,Low
12/31/2018,X1,2018,Africa,Silver,Electric,Automatic,3.5,154953,71029,5016,High
12/31/2021,3 Series,2021,South America,Black,Diesel,Manual,3.5,196026,60309,5860,High
12/31/2012,i8,2012,Asia,Red,Electric,Manual,3,197391,105570,50,Low
12/31/2018,M5,2018,North America,White,Electric,Automatic,2.8,109313,132780,2174,Low
12/31/2016,X6,2016,Europe,Grey,Diesel,Automatic,3.2,122567,83618,3872,Low
12/31/2022,7 Series,2022,South America,Red,Electric,Automatic,2.8,43686,143895,1038,Low
12/31/2019,7 Series,2019,Middle East,Blue,Hybrid,Automatic,2.7,97092,131173,3278,Low
12/31/2010,3 Series,2010,Middle East,Silver,Hybrid,Automatic,5,51421,70595,6163,High
12/31/2019,i3,2019,Asia,Grey,Diesel,Automatic,2.7,165895,62034,5891,High
12/31/2014,X1,2014,Middle East,Silver,Electric,Automatic,2.4,46172,69473,5049,High
12/31/2018,X6,2018,Europe,Silver,Diesel,Manual,2.7,4610,107261,3578,Low
12/31/2021,3 Series,2021,South America,Silver,Petrol,Automatic,3.6,32588,95633,5805,High
12/31/2024,i8,2024,South America,White,Diesel,Manual,4.7,130842,156930,233,Low
12/31/2024,X3,2024,South America,Grey,Hybrid,Automatic,4.3,185778,101998,6218,High
12/31/2012,X1,2012,North America,Red,Diesel,Manual,4.4,107964,44681,7230,High
12/31/2018,M3,2018,Africa,Red,Hybrid,Automatic,4.5,150311,101562,1631,Low
12/31/2014,M3,2014,Europe,Grey,Diesel,Manual,4.7,150277,70893,2508,Low
12/31/2018,X6,2018,Asia,Black,Petrol,Manual,2.3,35430,102528,4772,Low
12/31/2019,5 Series,2019,North America,Silver,Diesel,Manual,3.1,154766,75005,7397,High
12/31/2015,3 Series,2015,North America,Silver,Petrol,Manual,2.8,134829,51281,8183,High
12/31/2018,M3,2018,North America,Red,Hybrid,Manual,2.8,54650,110724,3236,Low
12/31/2016,M3,2016,Asia,Silver,Electric,Manual,3.8,174183,84611,2788,Low
12/31/2016,X3,2016,North America,Red,Diesel,Automatic,2.9,116858,64480,8795,High
12/31/2017,7 Series,2017,Asia,Red,Hybrid,Manual,3.7,135127,117293,1209,Low
12/31/2016,3 Series,2016,North America,White,Diesel,Manual,2.8,21302,73783,10674,High
12/31/2021,X3,2021,North America,Black,Diesel,Manual,2.6,140162,74100,8683,High
12/31/2018,3 Series,2018,Middle East,Silver,Petrol,Manual,2.7,166319,85174,5965,High
12/31/2020,M3,2020,Asia,Silver,Hybrid,Automatic,4.3,8930,136651,3309,Low
12/31/2018,i8,2018,North America,White,Diesel,Manual,3.6,185740,122901,212,Low
12/31/2015,X1,2015,South America,Silver,Petrol,Manual,4.9,63994,93698,3898,Low
12/31/2016,3 Series,2016,Asia,White,Petrol,Manual,4.4,189567,52548,11414,High
12/31/2011,3 Series,2011,Europe,Red,Electric,Automatic,3.2,109241,57354,8064,High
12/31/2024,X1,2024,Africa,Silver,Hybrid,Automatic,2.3,108073,89395,5550,High
12/31/2018,M3,2018,Asia,Black,Hybrid,Manual,3.9,69881,110177,3545,Low
12/31/2021,7 Series,2021,South America,White,Petrol,Manual,4,105870,127211,857,Low
12/31/2022,M3,2022,Asia,White,Electric,Manual,3.1,179609,109419,4229,Low
12/31/2010,i3,2010,Asia,Red,Diesel,Manual,2.3,29323,42384,4987,Low
12/31/2010,i3,2010,North America,Red,Petrol,Manual,3.5,199419,25000,4052,Low
12/31/2012,X5,2012,Africa,Blue,Diesel,Automatic,2.4,60120,61966,2194,Low
12/31/2021,M5,2021,South America,Grey,Diesel,Automatic,4.8,55954,140338,905,Low
12/31/2015,i8,2015,Europe,Grey,Diesel,Manual,3.7,168392,109183,50,Low
12/31/2014,i8,2014,Africa,Blue,Petrol,Manual,2.5,78946,116665,50,Low
12/31/2024,X1,2024,South America,Silver,Hybrid,Automatic,2.3,53676,98945,5422,High
12/31/2011,7 Series,2011,Africa,Blue,Electric,Manual,4,61731,104052,50,Low
12/31/2018,5 Series,2018,Africa,Blue,Electric,Manual,4,31876,107343,3377,Low
12/31/2023,X1,2023,North America,Blue,Petrol,Manual,3.6,190440,70771,7404,High
12/31/2022,X3,2022,Asia,Silver,Electric,Manual,3.7,37969,118071,10312,High
12/31/2019,X6,2019,North America,Red,Petrol,Manual,3.6,55977,110048,3746,Low
12/31/2023,M5,2023,South America,Black,Electric,Automatic,2.8,90487,156001,1277,Low
12/31/2013,M3,2013,Middle East,Grey,Hybrid,Automatic,4.8,161074,88266,1143,Low
12/31/2013,X3,2013,Middle East,White,Diesel,Manual,3.2,97742,51291,5530,High
12/31/2014,M5,2014,Europe,Grey,Hybrid,Manual,1.6,54488,105166,1219,Low
12/31/2024,X6,2024,Europe,Grey,Hybrid,Automatic,2.7,454,142911,4998,Low
12/31/2017,X1,2017,Africa,Black,Hybrid,Automatic,2,113941,60796,4429,Low
12/31/2019,i3,2019,Asia,Silver,Hybrid,Automatic,2.8,32983,99260,5427,High
12/31/2013,i3,2013,North America,Red,Electric,Automatic,3.6,67618,75899,3773,Low
12/31/2014,X6,2014,Europe,Grey,Hybrid,Automatic,1.6,199578,62688,3962,Low
12/31/2021,X5,2021,North America,Silver,Electric,Automatic,4.5,50561,131558,11954,High
12/31/2013,i8,2013,Europe,Red,Petrol,Automatic,3.6,131786,119887,50,Low
12/31/2023,X1,2023,Europe,Blue,Diesel,Automatic,2.5,146044,69120,7527,High
12/31/2015,i8,2015,Africa,Red,Hybrid,Automatic,2.6,146030,116587,50,Low
12/31/2021,X5,2021,North America,White,Electric,Manual,3.1,196946,93234,6098,High
12/31/2012,7 Series,2012,North America,Grey,Diesel,Manual,2.4,10953,94574,678,Low
12/31/2017,X3,2017,Africa,Silver,Electric,Automatic,1.5,169198,61016,4144,Low
12/31/2015,7 Series,2015,Middle East,Red,Electric,Manual,1.6,64478,117458,183,Low
12/31/2019,i3,2019,Middle East,Red,Electric,Manual,2.8,53056,99616,3354,Low
12/31/2014,i3,2014,Europe,Grey,Petrol,Manual,1.9,15651,58609,4060,Low
12/31/2022,i3,2022,Africa,Grey,Electric,Automatic,1.6,17296,101850,3311,Low
12/31/2024,5 Series,2024,Asia,Blue,Diesel,Automatic,4.5,93099,116921,7550,High
12/31/2011,M3,2011,North America,Grey,Diesel,Automatic,2.5,15665,73454,2345,Low
12/31/2019,5 Series,2019,North America,Silver,Electric,Automatic,3.3,43797,120381,6224,High
12/31/2019,X3,2019,North America,Red,Hybrid,Manual,2.1,89521,80457,8513,High
12/31/2016,3 Series,2016,Europe,Silver,Diesel,Manual,1.7,38468,59879,10023,High
12/31/2011,5 Series,2011,Asia,Black,Hybrid,Automatic,4.1,38146,86308,5461,High
12/31/2010,X6,2010,Africa,Grey,Electric,Automatic,1.9,94800,65876,1466,Low
12/31/2016,5 Series,2016,North America,Grey,Hybrid,Automatic,1.6,43504,89865,7042,High
12/31/2014,3 Series,2014,Africa,White,Petrol,Automatic,3.6,184629,42220,5011,High
12/31/2010,X1,2010,Europe,Red,Electric,Manual,1.5,5141,51038,6314,High
12/31/2024,X1,2024,North America,Black,Electric,Automatic,3,50138,119277,9449,High
12/31/2013,X3,2013,Africa,White,Electric,Manual,2.5,74784,66646,4440,Low
12/31/2021,X1,2021,Europe,Grey,Hybrid,Automatic,2.6,178580,73493,7199,High
12/31/2022,5 Series,2022,Asia,Grey,Electric,Automatic,1.5,71808,112407,7508,High
12/31/2013,3 Series,2013,Asia,White,Diesel,Automatic,4.9,32424,76414,8961,High
12/31/2019,7 Series,2019,Europe,Grey,Diesel,Automatic,3.3,81029,123740,1047,Low
12/31/2016,X6,2016,South America,Red,Petrol,Automatic,3.5,164299,72905,2409,Low
12/31/2018,M3,2018,North America,Red,Electric,Automatic,3.8,137068,108585,2893,Low
12/31/2011,5 Series,2011,Middle East,White,Petrol,Automatic,4.3,100339,62796,3868,Low
12/31/2021,7 Series,2021,Africa,Black,Hybrid,Manual,3.6,37881,139984,961,Low
12/31/2023,X5,2023,North America,White,Diesel,Manual,4.2,153611,106012,6413,High
12/31/2010,7 Series,2010,Africa,Grey,Diesel,Manual,3.1,108649,68377,50,Low
12/31/2011,7 Series,2011,North America,Grey,Diesel,Manual,2.8,13487,89704,587,Low
12/31/2016,X6,2016,Middle East,Red,Petrol,Manual,4.4,171193,87277,2741,Low
12/31/2022,7 Series,2022,North America,Red,Petrol,Manual,4.5,184944,120601,1669,Low
12/31/2019,7 Series,2019,Europe,White,Hybrid,Manual,2,89900,121670,1511,Low
12/31/2015,M3,2015,South America,Red,Electric,Manual,3.4,7316,105487,1113,Low
12/31/2013,X6,2013,Middle East,Red,Electric,Manual,3.9,23414,105109,1962,Low
12/31/2010,X3,2010,Middle East,Grey,Hybrid,Manual,1.8,28776,55606,4714,Low
12/31/2022,M3,2022,Europe,Grey,Diesel,Automatic,4.8,66808,121677,2569,Low
12/31/2010,i3,2010,Asia,Black,Electric,Manual,3.3,159033,39883,5262,High
12/31/2014,7 Series,2014,Middle East,Red,Hybrid,Manual,3.8,68583,116842,50,Low
12/31/2024,i3,2024,Asia,Grey,Petrol,Manual,2.1,74801,92754,6748,High
12/31/2010,X5,2010,Europe,Black,Electric,Automatic,2.4,193887,47441,5680,High
12/31/2021,X3,2021,Middle East,White,Electric,Manual,1.9,6144,106704,6603,High
12/31/2024,i8,2024,South America,Grey,Electric,Manual,2.4,145951,155472,662,Low
12/31/2016,M5,2016,Middle East,Blue,Hybrid,Manual,3.2,54466,128342,505,Low
12/31/2022,5 Series,2022,South America,Blue,Hybrid,Automatic,4.4,112736,115413,4979,Low
12/31/2020,X6,2020,Europe,Black,Electric,Manual,3.4,119319,116557,4124,Low
12/31/2010,X5,2010,North America,Red,Electric,Manual,2.4,124050,58925,4623,Low
12/31/2010,5 Series,2010,Middle East,Blue,Diesel,Automatic,1.7,150623,31692,4886,Low
12/31/2011,7 Series,2011,Europe,Blue,Petrol,Automatic,3.7,141739,81989,690,Low
12/31/2022,M5,2022,Middle East,White,Petrol,Manual,3,196816,123884,1331,Low
12/31/2023,M3,2023,Africa,Grey,Electric,Manual,4.9,174091,118048,2293,Low
12/31/2020,7 Series,2020,Asia,Silver,Petrol,Manual,4.2,97953,129074,1484,Low
12/31/2021,3 Series,2021,Africa,Black,Petrol,Automatic,4.3,98406,92846,5748,High
12/31/2019,X6,2019,North America,Blue,Hybrid,Automatic,1.5,194625,83022,5285,High
12/31/2012,X1,2012,Asia,White,Electric,Manual,4.2,40339,72696,6574,High
12/31/2022,i8,2022,Asia,White,Diesel,Manual,2.2,138195,142077,686,Low
12/31/2020,i3,2020,North America,Silver,Hybrid,Automatic,3.6,126647,88100,13918,High
12/31/2024,X3,2024,Europe,Grey,Hybrid,Manual,3.1,81326,115200,8757,High
12/31/2010,5 Series,2010,Asia,Grey,Diesel,Automatic,3.5,16694,69557,5594,High
12/31/2024,i3,2024,South America,Silver,Diesel,Manual,2,111672,78868,3426,Low
12/31/2018,X1,2018,Africa,White,Diesel,Manual,3.1,51506,66275,3669,Low
12/31/2019,X5,2019,Europe,White,Diesel,Manual,1.6,11839,40959,6976,High
12/31/2017,X3,2017,North America,White,Diesel,Manual,1.6,8543,74145,7968,High
12/31/2014,X3,2014,Europe,Blue,Diesel,Manual,3.8,59481,68503,9069,High
12/31/2022,3 Series,2022,Africa,White,Electric,Manual,4.8,194178,96176,5208,High
12/31/2020,X5,2020,Europe,Silver,Electric,Manual,4.2,81096,115729,6768,High
12/31/2011,3 Series,2011,Middle East,Grey,Diesel,Automatic,3.1,34052,52456,6836,High
12/31/2014,M3,2014,North America,Red,Petrol,Automatic,1.7,138440,61755,2394,Low
12/31/2015,X1,2015,Asia,White,Electric,Automatic,1.7,175030,58677,15000,High
12/31/2023,M5,2023,South America,Blue,Electric,Automatic,2.1,179693,126954,1697,Low
12/31/2024,5 Series,2024,North America,Silver,Hybrid,Automatic,4.9,78177,138121,6400,High
12/31/2010,X3,2010,Africa,Black,Diesel,Automatic,2.9,129561,29862,4285,Low
12/31/2020,X5,2020,South America,Black,Electric,Manual,4.5,157690,102979,3584,Low
12/31/2013,M5,2013,Middle East,Grey,Hybrid,Manual,4,190718,97670,410,Low
12/31/2018,3 Series,2018,Middle East,Blue,Petrol,Automatic,3.6,167733,63312,6672,High
12/31/2011,M5,2011,Africa,Grey,Diesel,Manual,4.8,26722,109159,50,Low
12/31/2014,7 Series,2014,Europe,Black,Hybrid,Automatic,2.3,74618,103132,822,Low
12/31/2010,X5,2010,South America,Grey,Hybrid,Automatic,3.1,43980,75547,2306,Low
12/31/2013,3 Series,2013,North America,Silver,Hybrid,Automatic,4.5,9063,84988,8342,High
12/31/2013,M5,2013,North America,Blue,Electric,Automatic,3.4,189364,98475,1088,Low
12/31/2015,7 Series,2015,Middle East,Red,Diesel,Automatic,2.4,9748,115978,226,Low
12/31/2019,X6,2019,North America,Black,Diesel,Automatic,2.2,55249,100341,4504,Low
12/31/2018,M5,2018,Asia,Black,Petrol,Automatic,4.1,91731,134672,1555,Low
12/31/2012,5 Series,2012,North America,Silver,Hybrid,Manual,1.5,16003,71806,6231,High
12/31/2018,i8,2018,Africa,Blue,Petrol,Manual,4.7,147551,132328,50,Low
12/31/2015,i3,2015,North America,Grey,Hybrid,Manual,1.6,6810,72754,4241,Low
12/31/2016,M3,2016,Asia,Blue,Diesel,Automatic,3.7,191832,69454,3437,Low
12/31/2021,i3,2021,North America,Grey,Electric,Manual,3.6,107846,98261,5133,High
12/31/2019,X5,2019,Europe,Red,Electric,Automatic,3.5,90973,111195,6493,High
12/31/2011,X3,2011,North America,Silver,Petrol,Automatic,3.2,90454,50933,8300,High
12/31/2020,X3,2020,Middle East,Black,Electric,Manual,4.5,185464,92247,6212,High
12/31/2019,X5,2019,Middle East,Silver,Hybrid,Manual,3.8,45752,120498,3618,Low
12/31/2023,3 Series,2023,Middle East,Silver,Hybrid,Automatic,4.2,75232,117778,6286,High
12/31/2015,X3,2015,Middle East,Grey,Petrol,Manual,1.9,169553,68809,4973,Low
12/31/2015,i3,2015,Africa,White,Diesel,Automatic,1.7,183578,29577,2550,Low
12/31/2011,X1,2011,Europe,White,Diesel,Automatic,1.6,61133,31059,7437,High
12/31/2011,X1,2011,Asia,Blue,Hybrid,Manual,2,12839,50934,6658,High
12/31/2023,X6,2023,Asia,Grey,Electric,Manual,3.8,100766,135506,4838,Low
12/31/2011,X1,2011,Africa,White,Electric,Automatic,3.2,188137,33906,4125,Low
12/31/2019,X3,2019,Asia,White,Diesel,Automatic,4.1,100615,85943,9851,High
12/31/2021,M3,2021,Africa,Blue,Diesel,Manual,2.2,20092,104518,1926,Low
12/31/2010,M5,2010,North America,Blue,Electric,Manual,2.8,962,119550,402,Low
12/31/2014,3 Series,2014,Asia,Silver,Petrol,Manual,4.6,162,84075,10072,High
12/31/2017,5 Series,2017,Africa,Red,Petrol,Manual,4.8,14181,100419,2878,Low
12/31/2011,i3,2011,North America,Red,Petrol,Automatic,4.7,131402,47119,4831,Low
12/31/2022,i3,2022,North America,Silver,Diesel,Automatic,4.4,42739,103654,4730,Low
12/31/2024,X6,2024,North America,Grey,Electric,Automatic,3.9,187498,180328,4570,Low
12/31/2014,M3,2014,Middle East,White,Petrol,Automatic,4.7,174195,78686,1339,Low
12/31/2021,M3,2021,Asia,Black,Petrol,Manual,4,192353,89136,3334,Low
12/31/2017,i3,2017,Middle East,Black,Petrol,Automatic,4.8,10838,96279,2754,Low
12/31/2019,i3,2019,Europe,Black,Petrol,Manual,1.6,144068,56729,4717,Low
12/31/2023,M3,2023,Europe,Silver,Petrol,Automatic,4.7,140196,121028,3424,Low
12/31/2014,M3,2014,Middle East,Black,Diesel,Automatic,3.4,54541,91011,1215,Low
12/31/2011,i8,2011,Europe,Blue,Diesel,Manual,1.9,167366,81965,50,Low
12/31/2012,M3,2012,Asia,Silver,Electric,Automatic,2.3,70260,86169,2032,Low
12/31/2024,i3,2024,North America,Silver,Electric,Automatic,4.5,72800,123488,6384,High
12/31/2015,X5,2015,Europe,Grey,Hybrid,Manual,3.3,42751,98888,5215,High
12/31/2020,i8,2020,Asia,Blue,Hybrid,Automatic,4.9,43009,178285,218,Low
12/31/2020,7 Series,2020,North America,White,Petrol,Automatic,1.9,149677,108984,1779,Low
12/31/2014,i3,2014,Asia,Grey,Hybrid,Manual,2.9,67588,67464,5149,High
12/31/2020,X6,2020,Europe,White,Electric,Automatic,2.7,57900,120035,4928,Low
12/31/2013,5 Series,2013,Asia,Black,Electric,Manual,3.3,76518,84284,7033,High
12/31/2013,7 Series,2013,South America,Silver,Hybrid,Automatic,3.7,9212,122979,50,Low
12/31/2014,X3,2014,Europe,Red,Diesel,Manual,3.8,24379,70055,7870,High
12/31/2011,M5,2011,Middle East,White,Diesel,Manual,1.5,57723,87330,350,Low
12/31/2018,X6,2018,South America,White,Hybrid,Manual,1.8,188969,73011,3368,Low
12/31/2011,X6,2011,North America,Silver,Diesel,Automatic,1.6,18817,72534,3107,Low
12/31/2019,M3,2019,South America,Red,Electric,Automatic,4.5,172503,105877,2405,Low
12/31/2011,5 Series,2011,North America,Black,Petrol,Manual,2.6,139868,41044,6420,High
12/31/2019,i3,2019,South America,Red,Petrol,Automatic,2.8,82644,75759,3112,Low
12/31/2023,3 Series,2023,Europe,White,Diesel,Manual,3.1,91541,93390,9130,High
12/31/2018,X5,2018,North America,Silver,Hybrid,Automatic,4.5,94546,116215,6335,High
12/31/2023,i8,2023,North America,Blue,Petrol,Manual,1.5,114555,146760,724,Low
12/31/2012,3 Series,2012,Europe,Grey,Petrol,Automatic,1.9,43660,47335,9063,High
12/31/2024,X6,2024,Europe,Grey,Diesel,Manual,3.9,178365,103527,4530,Low
12/31/2019,i3,2019,Asia,Black,Petrol,Manual,4.9,16293,103941,5388,High
12/31/2016,i8,2016,South America,Grey,Diesel,Manual,3.7,9599,150286,50,Low
12/31/2013,X5,2013,South America,Red,Diesel,Manual,2.4,199864,36495,3117,Low
12/31/2022,X6,2022,South America,Blue,Electric,Manual,3.3,92448,131022,3071,Low
12/31/2022,X5,2022,Asia,White,Electric,Automatic,4.9,132350,130348,6294,High
12/31/2015,X5,2015,Africa,Silver,Electric,Manual,3.3,198967,66539,3322,Low
12/31/2023,X3,2023,Asia,Red,Petrol,Automatic,2.8,185046,77112,10154,High
12/31/2013,i8,2013,South America,Black,Hybrid,Manual,2.8,194474,104225,50,Low
12/31/2019,5 Series,2019,Africa,Red,Electric,Manual,4.9,134203,107288,4493,Low
12/31/2024,i8,2024,Europe,Blue,Hybrid,Manual,4,11415,195686,467,Low
12/31/2016,X3,2016,Africa,White,Petrol,Manual,3.9,89156,70672,4203,Low
12/31/2010,3 Series,2010,Europe,Grey,Diesel,Automatic,2.3,111032,29503,9466,High
12/31/2012,X5,2012,Africa,Silver,Petrol,Manual,3.5,63660,68153,2608,Low
12/31/2022,X3,2022,North America,White,Electric,Automatic,2.7,161420,97871,8172,High
12/31/2012,X5,2012,Asia,Black,Petrol,Manual,2.3,153759,48840,5150,High
12/31/2010,X6,2010,South America,Red,Hybrid,Automatic,4.6,116406,77612,1582,Low
12/31/2015,X3,2015,South America,Blue,Diesel,Automatic,2.8,158569,47391,4672,Low
12/31/2024,X1,2024,Middle East,Silver,Hybrid,Automatic,2.5,118400,91021,6412,High
12/31/2022,i3,2022,Africa,Silver,Electric,Manual,4.8,25918,123980,3475,Low
12/31/2020,X1,2020,Middle East,White,Diesel,Automatic,2.2,61100,73582,5801,High
12/31/2023,X5,2023,North America,White,Electric,Manual,4.1,95317,127689,6497,High
12/31/2018,M5,2018,Asia,Grey,Electric,Automatic,3.8,35524,154215,1650,Low
12/31/2017,5 Series,2017,Africa,Silver,Diesel,Manual,4.7,197162,65663,3251,Low
12/31/2020,X3,2020,Middle East,Blue,Hybrid,Manual,4.4,186324,85771,6552,High
12/31/2016,5 Series,2016,North America,Silver,Diesel,Automatic,4,132218,75512,6927,High
12/31/2019,X5,2019,North America,Red,Electric,Automatic,2.6,197643,86973,7349,High
12/31/2017,X1,2017,Middle East,Blue,Hybrid,Automatic,3.2,156635,62688,5550,High
12/31/2015,i8,2015,North America,Silver,Hybrid,Manual,4.8,182986,137574,50,Low
12/31/2018,i8,2018,North America,Silver,Petrol,Automatic,1.6,177294,61410,1037,Low
12/31/2012,X3,2012,South America,Black,Petrol,Automatic,4.3,184444,42339,4803,Low
12/31/2024,X6,2024,Africa,Red,Diesel,Automatic,2.4,168229,102875,2914,Low
12/31/2019,X1,2019,Asia,Silver,Petrol,Manual,2.1,63805,69482,7302,High
12/31/2019,3 Series,2019,Europe,Red,Hybrid,Automatic,2.3,90402,82257,10531,High
12/31/2018,M3,2018,North America,White,Hybrid,Manual,1.7,120047,84205,3727,Low
12/31/2013,X1,2013,Asia,Red,Diesel,Automatic,5,12396,73023,6553,High
12/31/2016,i8,2016,Middle East,Red,Petrol,Manual,4.5,37135,200000,50,Low
12/31/2024,7 Series,2024,Europe,Grey,Electric,Manual,3.3,148452,138784,316,Low
12/31/2022,X5,2022,Middle East,White,Hybrid,Automatic,4,5823,139273,4727,Low
12/31/2018,X6,2018,Middle East,Blue,Hybrid,Manual,3.4,83167,109517,3023,Low
12/31/2011,X6,2011,Asia,Blue,Diesel,Manual,4.3,181311,55303,3943,Low
12/31/2011,i3,2011,South America,Grey,Petrol,Manual,4.5,76729,51460,2705,Low
12/31/2018,3 Series,2018,North America,White,Hybrid,Manual,2.3,145658,67795,11642,High
12/31/2021,i3,2021,Europe,Black,Petrol,Manual,3.1,133711,79182,4720,Low
12/31/2022,M5,2022,Asia,Grey,Petrol,Manual,3.7,54112,147396,2032,Low
12/31/2012,M3,2012,Middle East,Silver,Electric,Automatic,4.9,180903,86106,1048,Low
12/31/2018,M3,2018,Asia,Black,Hybrid,Automatic,3.9,28051,124311,2665,Low
12/31/2022,7 Series,2022,Middle East,Grey,Diesel,Manual,4.6,123556,130351,914,Low
12/31/2024,7 Series,2024,Middle East,Red,Hybrid,Manual,4.5,81439,163077,1251,Low
12/31/2014,i8,2014,Middle East,Black,Electric,Manual,3.5,35401,158517,50,Low
12/31/2015,7 Series,2015,Africa,Blue,Diesel,Manual,4.6,131471,96285,221,Low
12/31/2011,X1,2011,South America,Red,Hybrid,Manual,2.8,176004,25151,4748,Low
12/31/2017,i8,2017,Asia,Red,Diesel,Manual,2.8,196479,115785,264,Low
12/31/2020,X6,2020,Europe,White,Diesel,Automatic,4.2,91923,108165,4517,Low
12/31/2018,i3,2018,South America,Blue,Hybrid,Manual,2,184375,54405,4363,Low
12/31/2011,i8,2011,Middle East,Black,Hybrid,Manual,2.6,25898,138964,50,Low
12/31/2015,5 Series,2015,Africa,Silver,Petrol,Automatic,3.6,171902,59567,3023,Low
12/31/2015,i8,2015,Middle East,Black,Petrol,Automatic,3,131061,126740,50,Low
12/31/2017,i3,2017,Europe,White,Electric,Automatic,4.8,122938,85978,4424,Low
12/31/2019,X1,2019,Asia,Silver,Diesel,Manual,4.9,73811,82244,7110,High
12/31/2021,X6,2021,Europe,Red,Hybrid,Manual,3.3,199564,96264,4571,Low
12/31/2014,X6,2014,Europe,Grey,Petrol,Manual,3.4,55698,86825,3936,Low
12/31/2018,i3,2018,South America,White,Petrol,Manual,4,40043,82567,3276,Low
12/31/2010,X6,2010,Asia,Blue,Hybrid,Automatic,3.1,82929,72850,3850,Low
12/31/2018,5 Series,2018,Middle East,Grey,Electric,Automatic,2.2,158670,86765,5208,High
12/31/2019,X6,2019,Asia,Grey,Diesel,Automatic,4.1,80677,112966,4765,Low
12/31/2016,5 Series,2016,North America,Grey,Electric,Manual,4.1,48794,46792,6933,High
12/31/2013,X1,2013,Africa,Red,Hybrid,Automatic,2.4,73065,50878,4055,Low
12/31/2012,7 Series,2012,Asia,Silver,Diesel,Automatic,4.4,29648,110915,515,Low
12/31/2023,7 Series,2023,Asia,Blue,Electric,Manual,3.6,152521,146013,2054,Low
12/31/2019,M3,2019,South America,Silver,Diesel,Automatic,2.3,199971,70988,2277,Low
12/31/2024,M3,2024,Europe,Red,Hybrid,Manual,3.8,97895,125935,3283,Low
12/31/2020,M3,2020,South America,Grey,Diesel,Manual,2.3,152114,78552,2409,Low
12/31/2023,X1,2023,Africa,White,Electric,Manual,2.4,23409,104992,4700,Low
12/31/2015,7 Series,2015,Africa,Silver,Petrol,Manual,4.5,67610,109803,50,Low
12/31/2021,X6,2021,South America,Red,Electric,Automatic,4.8,9525,149878,2889,Low
12/31/2022,3 Series,2022,Asia,Blue,Hybrid,Manual,2.4,37787,100414,10607,High
12/31/2010,X3,2010,South America,Blue,Electric,Automatic,4.7,45894,78750,3786,Low
12/31/2012,X3,2012,Africa,Grey,Electric,Manual,2.3,118535,48487,4496,Low
12/31/2011,X6,2011,Middle East,Red,Diesel,Manual,1.9,44046,66838,1872,Low
12/31/2020,3 Series,2020,Europe,Black,Diesel,Automatic,1.7,10216,84385,10094,High
12/31/2022,i8,2022,South America,Blue,Electric,Automatic,2.3,132380,149899,559,Low
12/31/2018,i8,2018,Africa,Red,Electric,Manual,2.8,66278,146710,50,Low
12/31/2012,X6,2012,North America,Red,Hybrid,Manual,4.7,30920,104213,3216,Low
12/31/2022,5 Series,2022,Middle East,Red,Electric,Automatic,2.3,182163,95976,5626,High
12/31/2011,i3,2011,Middle East,Silver,Hybrid,Automatic,2.8,158912,41233,2791,Low
12/31/2013,X6,2013,Europe,Silver,Petrol,Manual,4.1,151046,69844,3842,Low
12/31/2024,X5,2024,North America,Red,Diesel,Automatic,2.6,64673,114613,5823,High
12/31/2023,X1,2023,North America,Silver,Petrol,Manual,3.9,10237,111144,8098,High
12/31/2011,3 Series,2011,Asia,Black,Hybrid,Automatic,3,13103,66246,9777,High
12/31/2010,M5,2010,Africa,Silver,Electric,Automatic,2.2,48024,101867,50,Low
12/31/2015,M5,2015,Asia,Grey,Diesel,Automatic,4.1,112487,109369,1279,Low
12/31/2024,M5,2024,South America,Black,Electric,Automatic,1.6,81704,142511,1540,Low
12/31/2019,X5,2019,Europe,White,Diesel,Automatic,2.5,34893,93713,6545,High
12/31/2017,M3,2017,North America,Grey,Petrol,Manual,2.7,182666,67491,3296,Low
12/31/2019,X3,2019,Asia,Grey,Petrol,Automatic,3.1,30475,92190,9641,High
12/31/2019,X3,2019,South America,Red,Hybrid,Manual,3.9,108242,89766,5808,High
12/31/2011,3 Series,2011,Africa,Grey,Petrol,Automatic,3.1,162473,29424,4998,Low
12/31/2023,5 Series,2023,Europe,Red,Petrol,Automatic,3.6,129243,98865,8052,High
12/31/2018,X1,2018,Europe,Black,Hybrid,Manual,3.6,7220,95265,7334,High
12/31/2024,3 Series,2024,Middle East,White,Electric,Manual,2.8,159644,99657,8592,High
12/31/2022,X3,2022,Europe,Black,Petrol,Manual,4.8,133676,91901,9849,High
12/31/2012,X3,2012,Europe,Red,Hybrid,Manual,4.8,181346,54540,7955,High
12/31/2017,3 Series,2017,South America,Grey,Hybrid,Automatic,3.5,27670,89094,5763,High
12/31/2021,i8,2021,Middle East,Grey,Petrol,Manual,1.8,72635,159425,50,Low
12/31/2017,X5,2017,Africa,Silver,Electric,Manual,3.2,9295,109866,2663,Low
12/31/2024,M5,2024,Asia,White,Petrol,Automatic,2.1,160484,127257,2192,Low
12/31/2012,X6,2012,Middle East,Grey,Diesel,Manual,3.2,68155,77552,2424,Low
12/31/2012,X6,2012,Middle East,Blue,Diesel,Manual,2.2,160788,50973,2708,Low
12/31/2021,7 Series,2021,Middle East,Grey,Diesel,Manual,4,175674,112097,1179,Low
12/31/2024,3 Series,2024,Asia,Silver,Petrol,Automatic,1.8,113831,88911,11310,High
12/31/2015,i8,2015,South America,Black,Petrol,Automatic,4.8,12516,153209,50,Low
12/31/2010,5 Series,2010,Africa,Silver,Electric,Manual,2.2,30616,67043,2690,Low
12/31/2013,3 Series,2013,Europe,Grey,Diesel,Automatic,3.8,125967,47194,8261,High
12/31/2010,5 Series,2010,Africa,Black,Hybrid,Automatic,4.7,125912,62938,2419,Low
12/31/2023,M5,2023,Middle East,Black,Diesel,Manual,2.4,139074,122443,1584,Low
12/31/2012,i8,2012,North America,White,Petrol,Manual,4.8,154818,120566,50,Low
12/31/2018,X1,2018,Middle East,Black,Electric,Automatic,2.9,74282,87043,6057,High
12/31/2023,X5,2023,Europe,Red,Electric,Automatic,4.9,163763,129390,7138,High
12/31/2023,X1,2023,North America,Red,Hybrid,Automatic,4.9,163902,102272,7391,High
12/31/2014,X3,2014,South America,Red,Petrol,Automatic,2.2,107883,51912,4812,Low
12/31/2021,X6,2021,Europe,White,Petrol,Manual,4.4,44568,119513,3760,Low
12/31/2014,M3,2014,Africa,Silver,Diesel,Automatic,2.2,5413,78414,1039,Low
12/31/2020,7 Series,2020,Europe,Black,Electric,Automatic,2.3,51892,137407,1890,Low
12/31/2013,5 Series,2013,South America,Blue,Petrol,Automatic,1.8,132831,43697,3689,Low
12/31/2012,7 Series,2012,Europe,Silver,Hybrid,Manual,2,33372,100131,588,Low
12/31/2014,5 Series,2014,North America,Blue,Hybrid,Manual,3.7,52168,87696,6363,High
12/31/2024,M5,2024,Africa,Blue,Hybrid,Manual,3.1,22921,166900,1272,Low
12/31/2023,M3,2023,Africa,White,Electric,Manual,4.3,51638,138039,1689,Low
12/31/2020,M5,2020,North America,Grey,Diesel,Automatic,2.7,24461,133459,1749,Low
12/31/2013,M3,2013,Africa,Grey,Petrol,Automatic,4.9,185852,63447,1070,Low
12/31/2017,X3,2017,Africa,Black,Hybrid,Automatic,1.7,112110,63547,5242,High
12/31/2013,i3,2013,Asia,Blue,Hybrid,Manual,1.7,102758,46106,4995,Low
12/31/2020,X1,2020,Africa,Grey,Diesel,Automatic,4,10052,93909,3545,Low
12/31/2021,i8,2021,Middle East,Silver,Diesel,Automatic,4.6,70470,179155,50,Low
12/31/2017,X6,2017,South America,Black,Hybrid,Automatic,4.3,131431,103827,2294,Low
12/31/2015,3 Series,2015,Asia,Silver,Diesel,Automatic,3.2,192309,39899,10013,High
12/31/2024,5 Series,2024,Middle East,Red,Diesel,Manual,2.4,168759,91058,5890,High
12/31/2023,i3,2023,South America,Black,Petrol,Manual,1.5,63118,122322,3398,Low
12/31/2021,i3,2021,Africa,Red,Diesel,Manual,3.3,42365,90602,2747,Low
12/31/2020,i8,2020,Middle East,Silver,Electric,Manual,3.2,178387,145316,340,Low
12/31/2014,X3,2014,Middle East,White,Diesel,Automatic,2.7,20200,37864,6521,High
12/31/2013,5 Series,2013,Middle East,Grey,Hybrid,Manual,3.5,153236,62831,4036,Low
12/31/2013,7 Series,2013,Africa,Blue,Diesel,Manual,4.1,182090,72079,237,Low
12/31/2021,X1,2021,North America,Red,Electric,Automatic,4,112280,101525,8747,High
12/31/2013,5 Series,2013,North America,Blue,Electric,Automatic,2.4,162625,65483,10674,High
12/31/2020,X3,2020,Africa,Grey,Hybrid,Manual,3.5,44762,105410,4724,Low
12/31/2022,7 Series,2022,Middle East,Red,Diesel,Automatic,2,94814,123704,1004,Low
12/31/2022,5 Series,2022,Europe,Blue,Petrol,Automatic,1.9,120943,89610,8047,High
12/31/2018,M3,2018,Africa,White,Petrol,Automatic,4.3,12181,113146,1103,Low
12/31/2013,M3,2013,South America,Blue,Electric,Manual,3.9,13674,100267,770,Low
12/31/2021,i3,2021,Middle East,Grey,Diesel,Manual,4.2,80580,92307,4079,Low
12/31/2018,3 Series,2018,Asia,Red,Petrol,Automatic,2,184743,48228,11823,High
12/31/2022,X1,2022,North America,Blue,Petrol,Automatic,4.7,40495,103390,7526,High
12/31/2019,i3,2019,Asia,Red,Hybrid,Automatic,2,84645,78877,5164,High
12/31/2015,3 Series,2015,Europe,Red,Hybrid,Automatic,4.5,115014,77722,9542,High
12/31/2019,X3,2019,Middle East,Silver,Hybrid,Manual,2.7,172568,70354,7053,High
12/31/2022,5 Series,2022,Europe,White,Petrol,Automatic,1.9,25154,102742,6955,High
12/31/2016,X3,2016,Asia,White,Diesel,Automatic,2.5,46168,73887,9948,High
12/31/2021,X3,2021,Africa,Red,Diesel,Manual,2.1,53241,78075,5221,High
12/31/2019,X6,2019,South America,Blue,Petrol,Automatic,3.2,127070,94994,2415,Low
12/31/2012,X6,2012,Asia,Grey,Hybrid,Automatic,4.8,5997,107472,3009,Low
12/31/2017,M3,2017,Asia,Red,Petrol,Manual,2.6,97584,82451,3374,Low
12/31/2012,X1,2012,South America,Blue,Petrol,Manual,3.6,42409,48493,4274,Low
12/31/2010,X3,2010,North America,Grey,Petrol,Automatic,4.6,127283,47545,8215,High
12/31/2022,5 Series,2022,Africa,Grey,Petrol,Automatic,3.7,172351,92523,4715,Low
12/31/2022,i8,2022,Europe,Black,Electric,Manual,2.8,46194,176968,486,Low
12/31/2019,7 Series,2019,North America,Black,Diesel,Manual,5,154332,115254,1328,Low
12/31/2021,7 Series,2021,South America,White,Hybrid,Automatic,2.2,38603,130363,1292,Low
12/31/2014,i8,2014,Europe,Silver,Electric,Manual,3.3,184749,124510,50,Low
12/31/2011,3 Series,2011,Asia,White,Diesel,Automatic,4.3,99370,50827,9805,High
12/31/2019,i3,2019,Africa,Silver,Electric,Manual,1.5,74558,76822,3207,Low
12/31/2023,X3,2023,Middle East,Grey,Electric,Automatic,4,192896,103821,6896,High
12/31/2015,3 Series,2015,Africa,Black,Electric,Automatic,2.4,116377,62756,4683,Low
12/31/2022,M5,2022,North America,Silver,Hybrid,Automatic,2.1,60414,155451,2020,Low
12/31/2019,X5,2019,South America,Silver,Hybrid,Automatic,2.5,172120,87537,3767,Low
12/31/2018,7 Series,2018,South America,Grey,Electric,Automatic,4.9,108163,141525,708,Low
12/31/2010,M5,2010,South America,White,Diesel,Automatic,4.6,159569,82567,50,Low
12/31/2023,X1,2023,Middle East,White,Electric,Automatic,2.2,161851,85155,7334,High
12/31/2022,7 Series,2022,Asia,Grey,Diesel,Manual,1.9,193834,97332,2478,Low
12/31/2013,M5,2013,Middle East,White,Petrol,Manual,2.8,99590,98558,89,Low
12/31/2024,X6,2024,Asia,Black,Diesel,Automatic,3.6,133509,116964,4805,Low
12/31/2010,7 Series,2010,Asia,White,Diesel,Manual,4.5,133033,82217,546,Low
12/31/2010,M3,2010,Asia,Silver,Hybrid,Automatic,4.9,53675,91320,2078,Low
12/31/2017,7 Series,2017,Africa,White,Hybrid,Manual,4.1,89484,119929,144,Low
12/31/2023,M3,2023,Europe,Red,Diesel,Automatic,3.6,95948,117403,3456,Low
12/31/2023,M3,2023,Africa,Silver,Petrol,Manual,2,87580,104132,2192,Low
12/31/2022,i3,2022,South America,Red,Diesel,Manual,1.8,111221,70629,4190,Low
12/31/2023,i3,2023,Europe,White,Hybrid,Automatic,3.6,11772,122931,5622,High
12/31/2020,7 Series,2020,North America,Grey,Diesel,Manual,3.4,132069,119374,1370,Low
12/31/2024,X6,2024,North America,Red,Diesel,Automatic,4.5,89711,134014,4835,Low
12/31/2011,X3,2011,Africa,Black,Petrol,Automatic,2.6,31185,51999,4067,Low
12/31/2010,X6,2010,South America,Red,Hybrid,Manual,1.6,65491,61446,1885,Low
12/31/2020,i8,2020,Africa,Grey,Hybrid,Automatic,3,168334,135580,335,Low
12/31/2017,7 Series,2017,Europe,Grey,Diesel,Manual,4.9,146875,105960,1255,Low
12/31/2013,X3,2013,Middle East,Silver,Petrol,Automatic,4.3,176840,50284,5834,High
12/31/2012,i3,2012,Africa,Blue,Hybrid,Manual,1.6,173995,27902,2704,Low
12/31/2022,i8,2022,Middle East,Silver,Petrol,Automatic,4.6,129517,200000,50,Low
12/31/2021,i8,2021,North America,White,Hybrid,Automatic,3.2,77690,170218,480,Low
12/31/2013,X3,2013,Africa,Silver,Diesel,Automatic,2.8,176490,34049,4068,Low
12/31/2023,i8,2023,Middle East,Black,Hybrid,Manual,2.7,126592,169043,462,Low
12/31/2020,3 Series,2020,South America,Silver,Diesel,Automatic,3.6,47655,89385,6508,High
12/31/2014,X3,2014,North America,White,Hybrid,Automatic,3.4,141172,65100,7507,High
12/31/2010,X5,2010,Asia,Red,Hybrid,Manual,3.8,33352,83522,5102,High
12/31/2024,7 Series,2024,Africa,Silver,Diesel,Automatic,3.5,5141,149315,748,Low
12/31/2023,X1,2023,Africa,Blue,Diesel,Automatic,2,189730,60699,4363,Low
12/31/2020,i8,2020,Europe,White,Petrol,Automatic,2.4,117280,147608,134,Low
12/31/2010,i8,2010,Europe,Black,Hybrid,Manual,4.4,86537,124891,50,Low
12/31/2012,i8,2012,Europe,Blue,Electric,Manual,3.8,77500,134175,50,Low
12/31/2015,M5,2015,Europe,Red,Diesel,Manual,3.1,132730,100842,1501,Low
12/31/2010,X3,2010,Asia,Silver,Hybrid,Manual,2.1,72594,45995,7411,High
12/31/2023,X3,2023,South America,Grey,Electric,Automatic,1.5,37059,109017,6396,High
12/31/2020,X1,2020,Europe,White,Electric,Manual,2.6,176978,71244,8773,High
12/31/2021,3 Series,2021,North America,Blue,Hybrid,Automatic,1.7,132747,81235,10397,High
12/31/2024,M3,2024,Asia,White,Petrol,Automatic,3.2,19871,131457,3084,Low
12/31/2011,X5,2011,North America,Black,Petrol,Manual,4.4,57114,75438,4934,Low
12/31/2024,X6,2024,South America,White,Electric,Automatic,2.5,62904,142609,2695,Low
12/31/2021,7 Series,2021,North America,Black,Hybrid,Automatic,4.5,110901,149217,1601,Low
12/31/2023,i8,2023,North America,Grey,Diesel,Automatic,4,20420,188255,50,Low
12/31/2016,7 Series,2016,Middle East,Black,Electric,Manual,1.9,170322,101575,584,Low
12/31/2023,3 Series,2023,North America,Blue,Electric,Manual,3.8,77938,113905,9614,High
12/31/2023,M3,2023,North America,Black,Petrol,Manual,2,52211,117691,2826,Low
12/31/2010,X1,2010,Middle East,Grey,Petrol,Automatic,3.8,193908,25000,4379,Low
12/31/2022,i3,2022,Asia,Red,Diesel,Manual,2,52742,85971,5649,High
12/31/2023,X6,2023,Africa,Red,Hybrid,Manual,2.9,124237,110258,2662,Low
12/31/2024,i8,2024,Europe,Blue,Diesel,Automatic,3.5,73416,172122,390,Low
12/31/2016,i8,2016,Europe,Red,Petrol,Automatic,1.7,82980,121230,50,Low
12/31/2024,7 Series,2024,Asia,Black,Hybrid,Automatic,2,165169,128343,2322,Low
12/31/2013,5 Series,2013,North America,Blue,Hybrid,Automatic,2.6,174460,55162,6150,High
12/31/2019,X6,2019,Asia,White,Electric,Manual,3.1,144264,108265,4489,Low
12/31/2023,3 Series,2023,Asia,Red,Petrol,Automatic,4.5,99716,107357,10580,High
12/31/2015,i8,2015,Europe,Blue,Electric,Automatic,2.2,152111,123713,50,Low
12/31/2023,i8,2023,Asia,Blue,Diesel,Automatic,2.7,164104,142015,796,Low
12/31/2017,i8,2017,Asia,Black,Hybrid,Manual,3.2,51891,147460,50,Low
12/31/2018,i8,2018,Middle East,White,Electric,Manual,2.5,112669,147791,50,Low
12/31/2015,X6,2015,Africa,White,Electric,Manual,3.7,109755,98622,1528,Low
12/31/2021,X1,2021,North America,Black,Electric,Manual,2.4,173314,34533,7982,High
12/31/2020,7 Series,2020,Europe,Blue,Diesel,Manual,4.2,59059,129190,1261,Low
12/31/2022,M5,2022,North America,Blue,Diesel,Automatic,3.3,42651,150458,1976,Low
12/31/2024,X6,2024,Europe,Silver,Electric,Manual,1.8,49994,130114,4419,Low
12/31/2023,7 Series,2023,South America,Black,Electric,Manual,3.7,189648,135142,1385,Low
12/31/2018,i8,2018,Asia,Grey,Hybrid,Automatic,3.5,134225,153080,340,Low
12/31/2013,7 Series,2013,Asia,White,Electric,Manual,2.7,144882,98200,748,Low
12/31/2015,X6,2015,Asia,Grey,Petrol,Manual,1.5,664,86706,3845,Low
12/31/2017,5 Series,2017,Middle East,Black,Electric,Automatic,2.2,179560,75661,4201,Low
12/31/2018,i3,2018,North America,Grey,Petrol,Automatic,2.9,80141,77288,5038,High
12/31/2012,X1,2012,South America,Blue,Electric,Automatic,2.2,197076,29872,3852,Low
12/31/2011,X1,2011,Middle East,Blue,Electric,Automatic,3.5,69898,60287,4911,Low
12/31/2015,X1,2015,Asia,Red,Diesel,Automatic,4,169646,47236,8539,High
12/31/2013,X5,2013,South America,Grey,Petrol,Automatic,4.5,112922,72780,2607,Low
12/31/2010,i8,2010,North America,Grey,Electric,Automatic,3.8,26627,148784,50,Low
12/31/2017,X6,2017,South America,Grey,Diesel,Manual,3.9,52146,99401,2077,Low
12/31/2018,i8,2018,Asia,Grey,Diesel,Automatic,3.6,43624,159880,50,Low
12/31/2023,7 Series,2023,Middle East,Red,Hybrid,Manual,4.9,194849,134911,1795,Low
12/31/2018,X1,2018,South America,Black,Petrol,Manual,2.4,118183,29586,5181,High
12/31/2011,5 Series,2011,North America,Grey,Petrol,Automatic,2.4,110662,47368,5587,High
12/31/2018,M5,2018,Asia,Red,Petrol,Automatic,1.9,75025,114198,2004,Low
12/31/2016,X6,2016,Middle East,Grey,Electric,Automatic,3.2,79355,108482,2397,Low
12/31/2014,X6,2014,South America,White,Hybrid,Automatic,1.8,32721,90103,1831,Low
12/31/2016,3 Series,2016,North America,White,Diesel,Automatic,2.4,56462,64679,9302,High
12/31/2022,M5,2022,South America,Silver,Diesel,Manual,3.2,169546,115336,1556,Low
12/31/2018,i8,2018,Asia,Red,Diesel,Manual,4.9,120971,146677,50,Low
12/31/2017,X1,2017,Africa,Silver,Diesel,Automatic,4.9,56098,73894,3574,Low
12/31/2015,3 Series,2015,Asia,Blue,Hybrid,Automatic,4.1,25123,87247,9061,High
12/31/2022,7 Series,2022,North America,Blue,Hybrid,Manual,2.9,197364,125497,2299,Low
12/31/2013,3 Series,2013,Africa,Blue,Electric,Manual,4.5,70897,78288,4097,Low
12/31/2022,M3,2022,Africa,Grey,Petrol,Manual,4.6,121227,104841,1621,Low
12/31/2024,i8,2024,Middle East,Silver,Diesel,Manual,4.7,136335,173816,71,Low
12/31/2010,7 Series,2010,North America,White,Diesel,Automatic,3.7,127995,78135,695,Low
12/31/2015,i3,2015,South America,Silver,Electric,Manual,2.2,94379,61616,3190,Low
12/31/2012,M3,2012,North America,Red,Electric,Manual,1.8,165163,59841,226,Low
12/31/2015,i3,2015,Middle East,Blue,Hybrid,Manual,4.7,58275,85651,3082,Low
12/31/2015,M3,2015,Africa,Grey,Diesel,Manual,1.7,116154,59309,1473,Low
12/31/2023,7 Series,2023,Africa,White,Petrol,Manual,2.5,66973,125851,910,Low
12/31/2013,M5,2013,Asia,Black,Diesel,Manual,3.2,56335,100662,1369,Low
12/31/2011,7 Series,2011,South America,Red,Diesel,Manual,1.6,184143,47444,494,Low
12/31/2024,i8,2024,South America,Black,Petrol,Manual,4.7,105072,161761,177,Low
12/31/2018,i8,2018,South America,White,Petrol,Automatic,2.5,49747,146155,50,Low
12/31/2011,3 Series,2011,Middle East,Blue,Hybrid,Manual,1.6,78856,42765,5289,High
12/31/2012,3 Series,2012,Europe,Grey,Hybrid,Manual,5,163964,52736,9635,High
12/31/2019,7 Series,2019,South America,Blue,Petrol,Manual,2.6,28717,117415,625,Low
12/31/2010,i8,2010,Africa,Silver,Petrol,Automatic,4.6,111492,112811,50,Low
12/31/2016,i3,2016,Middle East,White,Petrol,Automatic,3.1,5854,79607,2942,Low
12/31/2024,7 Series,2024,Europe,Red,Hybrid,Manual,3.8,107733,153334,1971,Low
12/31/2010,i8,2010,Africa,Black,Electric,Manual,2.3,13121,126786,50,Low
12/31/2020,M3,2020,Europe,Red,Diesel,Manual,3.3,633,118427,2798,Low
12/31/2018,X3,2018,North America,Silver,Hybrid,Automatic,2.4,83441,88571,8465,High
12/31/2020,i3,2020,Africa,White,Electric,Automatic,4.8,91577,100513,2848,Low
12/31/2020,M5,2020,Middle East,Black,Hybrid,Manual,1.7,85314,126556,1384,Low
12/31/2010,i8,2010,North America,Red,Hybrid,Automatic,2.5,165723,99572,50,Low
12/31/2014,i3,2014,Europe,Silver,Electric,Manual,4.6,88906,77691,4850,Low
12/31/2016,X3,2016,Europe,Grey,Diesel,Manual,3.2,16969,79830,7532,High
12/31/2012,X1,2012,Middle East,Grey,Diesel,Manual,3.6,185427,25733,5428,High
12/31/2018,i8,2018,Europe,White,Petrol,Automatic,3.8,172638,174228,50,Low
12/31/2017,i8,2017,South America,Red,Electric,Manual,1.7,79796,133661,50,Low
12/31/2022,X5,2022,South America,Black,Hybrid,Manual,1.6,103986,94462,4968,Low
12/31/2024,X6,2024,Middle East,Grey,Petrol,Automatic,4.8,65964,136716,2868,Low
12/31/2012,X6,2012,Middle East,Silver,Hybrid,Manual,2.5,166319,40439,2340,Low
12/31/2024,M3,2024,Middle East,Black,Diesel,Automatic,2.8,161523,104443,2481,Low
12/31/2014,i8,2014,Europe,Blue,Diesel,Manual,3.9,132177,120022,50,Low
12/31/2016,X5,2016,Asia,Red,Hybrid,Manual,2.3,173067,68162,5892,High
12/31/2021,3 Series,2021,Africa,Grey,Electric,Automatic,4.1,93110,108181,5464,High
12/31/2023,7 Series,2023,Asia,Red,Petrol,Automatic,3.1,26977,145145,1452,Low
12/31/2013,i8,2013,Middle East,Silver,Hybrid,Manual,4.5,180268,129211,50,Low
12/31/2014,X5,2014,Middle East,Silver,Hybrid,Manual,2.5,68187,83482,4021,Low
12/31/2012,i8,2012,Europe,White,Petrol,Manual,2.2,91582,108668,50,Low
12/31/2018,7 Series,2018,South America,Red,Diesel,Manual,4.4,33451,122084,439,Low
12/31/2019,X5,2019,North America,Silver,Hybrid,Manual,2.6,102158,97167,12714,High
12/31/2018,X3,2018,North America,White,Diesel,Automatic,2.9,15739,86965,7503,High
12/31/2016,X3,2016,Europe,White,Electric,Manual,4.3,80610,94853,8489,High
12/31/2019,X6,2019,South America,Black,Petrol,Manual,3.7,75152,108072,2343,Low
12/31/2011,5 Series,2011,Middle East,White,Hybrid,Automatic,3,109541,67305,3350,Low
12/31/2016,5 Series,2016,Asia,Grey,Diesel,Manual,2.4,24138,76355,6865,High
12/31/2016,X1,2016,Middle East,Grey,Diesel,Automatic,4.2,150844,57354,5364,High
12/31/2020,3 Series,2020,Middle East,Grey,Petrol,Manual,2.1,55708,81331,6051,High
12/31/2014,5 Series,2014,Asia,Red,Petrol,Manual,4.7,25331,86273,7386,High
12/31/2018,3 Series,2018,Europe,Blue,Diesel,Automatic,2,189528,44386,9157,High
12/31/2022,7 Series,2022,Africa,Blue,Electric,Automatic,4.3,121859,141733,1189,Low
12/31/2021,X3,2021,Asia,Grey,Diesel,Manual,3,185897,64955,8742,High
12/31/2020,X1,2020,Asia,Grey,Electric,Manual,2.2,78037,79836,8875,High
12/31/2012,X3,2012,Asia,Red,Electric,Manual,2.9,163991,50348,7797,High
12/31/2013,X5,2013,Africa,Grey,Electric,Automatic,2.3,40948,84299,2231,Low
12/31/2010,X1,2010,South America,White,Electric,Automatic,2,59410,45971,4031,Low
12/31/2015,3 Series,2015,Asia,Red,Hybrid,Manual,2.3,116434,56362,11336,High
12/31/2013,3 Series,2013,Europe,Silver,Diesel,Automatic,4.5,78318,64673,8876,High
12/31/2010,M5,2010,Asia,Black,Diesel,Manual,1.9,20840,86111,971,Low
12/31/2011,M5,2011,Middle East,Silver,Electric,Automatic,4.9,92300,123827,50,Low
12/31/2024,i8,2024,North America,White,Hybrid,Manual,1.5,198721,145144,1472,Low
12/31/2012,3 Series,2012,Asia,Blue,Hybrid,Manual,3.8,157530,46678,9712,High
12/31/2018,X3,2018,Asia,Silver,Electric,Manual,4.5,165951,90431,10489,High
12/31/2022,7 Series,2022,Europe,Black,Petrol,Manual,4.8,72135,200000,576,Low
12/31/2017,M5,2017,Middle East,White,Electric,Automatic,2,81035,129950,608,Low
12/31/2016,X5,2016,Africa,Blue,Hybrid,Automatic,3.9,194076,73328,3169,Low
12/31/2022,7 Series,2022,Europe,Grey,Petrol,Manual,1.9,58780,122210,1797,Low
12/31/2024,7 Series,2024,South America,Blue,Petrol,Manual,2.7,73941,139971,1172,Low
12/31/2020,i8,2020,Middle East,Blue,Hybrid,Automatic,4.1,115997,174425,50,Low
12/31/2021,M3,2021,South America,Blue,Petrol,Automatic,2.7,182980,82581,2058,Low
12/31/2023,i3,2023,Europe,Blue,Diesel,Manual,2.6,6013,99300,5811,High
12/31/2013,X1,2013,Africa,Silver,Electric,Automatic,1.9,148067,38906,3793,Low
12/31/2010,5 Series,2010,North America,Blue,Petrol,Automatic,1.7,80643,47211,6518,High
12/31/2017,M3,2017,South America,Grey,Hybrid,Automatic,1.9,106935,87810,1574,Low
12/31/2013,7 Series,2013,Middle East,Black,Hybrid,Manual,4.6,154185,98919,189,Low
12/31/2012,i3,2012,South America,Silver,Petrol,Automatic,1.5,76216,36818,2804,Low
12/31/2018,i3,2018,Africa,Grey,Petrol,Manual,3.9,58208,82449,2736,Low
12/31/2019,X5,2019,Africa,Red,Diesel,Automatic,4.2,127100,91481,3140,Low
12/31/2013,M5,2013,Africa,Grey,Electric,Manual,3.5,22206,122288,50,Low
12/31/2013,5 Series,2013,South America,Silver,Petrol,Manual,4.1,35595,73144,3140,Low
12/31/2023,M3,2023,Middle East,Silver,Petrol,Manual,3.8,13455,200000,942,Low
12/31/2018,3 Series,2018,South America,Grey,Electric,Automatic,3.1,26683,95354,6844,High
12/31/2022,i8,2022,South America,Black,Electric,Automatic,2.8,40162,174144,166,Low
12/31/2021,7 Series,2021,Asia,Grey,Diesel,Manual,4.8,166327,119376,1860,Low
12/31/2020,5 Series,2020,South America,Red,Hybrid,Manual,4.9,113480,108559,5314,High
12/31/2021,X1,2021,Middle East,Blue,Electric,Automatic,3.8,104578,103139,6348,High
12/31/2023,i3,2023,Europe,Red,Hybrid,Automatic,2.2,5299,117491,5862,High
12/31/2011,X1,2011,Europe,Blue,Petrol,Automatic,3.1,25103,51507,6209,High
12/31/2023,M5,2023,Africa,White,Petrol,Automatic,3.2,38375,141819,1052,Low
12/31/2021,M5,2021,Africa,Grey,Electric,Manual,4.2,74450,150132,1026,Low
12/31/2014,X3,2014,Africa,Blue,Petrol,Manual,3.8,91594,58469,3927,Low
12/31/2024,i8,2024,Asia,Black,Electric,Automatic,3.3,129253,174702,783,Low
12/31/2013,7 Series,2013,South America,Black,Petrol,Manual,3.9,107693,91225,135,Low
12/31/2018,M3,2018,Middle East,Grey,Electric,Automatic,1.6,172318,89536,2299,Low
12/31/2021,X3,2021,Africa,Blue,Petrol,Automatic,4.2,149504,83078,4551,Low
12/31/2014,X3,2014,South America,Silver,Diesel,Manual,2.2,21942,58404,5483,High
12/31/2018,X1,2018,Middle East,Red,Electric,Manual,3.8,164381,75244,5973,High
12/31/2020,i3,2020,North America,Blue,Hybrid,Manual,1.9,118740,72926,5502,High
12/31/2018,X1,2018,Middle East,White,Hybrid,Manual,1.9,93271,68825,5933,High
12/31/2023,M5,2023,Asia,White,Diesel,Manual,1.6,124921,116657,2435,Low
12/31/2011,X3,2011,Middle East,Blue,Hybrid,Automatic,4.7,113653,67316,4464,Low
12/31/2023,X1,2023,North America,Black,Petrol,Manual,3.6,35609,104676,8201,High
12/31/2024,M3,2024,Middle East,Blue,Diesel,Manual,2.8,113442,108779,2289,Low
12/31/2018,i8,2018,South America,White,Hybrid,Automatic,4.3,462,176910,50,Low
12/31/2012,7 Series,2012,Europe,Grey,Diesel,Manual,3.7,112014,85023,818,Low
12/31/2013,i3,2013,Middle East,Blue,Diesel,Manual,3.7,59802,62202,2640,Low
12/31/2010,i8,2010,Middle East,Blue,Diesel,Manual,3.2,116039,102152,50,Low
12/31/2023,3 Series,2023,South America,Grey,Petrol,Manual,1.5,44276,84903,6544,High
12/31/2010,3 Series,2010,North America,Red,Electric,Manual,2.4,147086,38478,9219,High
12/31/2010,X5,2010,South America,Blue,Electric,Manual,1.9,3527,76445,2171,Low
12/31/2018,X5,2018,South America,Black,Hybrid,Manual,3.8,175090,81178,3994,Low
12/31/2020,i3,2020,North America,Black,Hybrid,Manual,2.4,103683,84744,5303,High
12/31/2017,X5,2017,North America,Silver,Diesel,Automatic,3.1,174528,72024,6937,High
12/31/2014,3 Series,2014,Europe,Blue,Electric,Automatic,2.7,482,86809,9099,High
12/31/2014,5 Series,2014,Middle East,White,Petrol,Automatic,2,179335,50268,4335,Low
12/31/2018,X5,2018,Middle East,Blue,Petrol,Automatic,4.9,11664,125598,3984,Low
12/31/2012,X1,2012,Africa,Grey,Electric,Manual,4.8,145435,55420,3441,Low
12/31/2012,7 Series,2012,Asia,Silver,Petrol,Manual,1.8,145349,66806,1314,Low
12/31/2016,X1,2016,South America,Black,Diesel,Manual,4.4,189307,43697,4244,Low
12/31/2018,i8,2018,Middle East,Black,Electric,Automatic,3.2,177002,140166,165,Low
12/31/2015,i8,2015,Africa,Grey,Electric,Automatic,4.2,69125,147420,50,Low
12/31/2023,i8,2023,North America,Silver,Electric,Automatic,2,198454,159667,892,Low
12/31/2011,X5,2011,North America,Red,Hybrid,Automatic,2,128896,57151,5016,High
12/31/2010,X5,2010,North America,Black,Electric,Manual,4.6,26690,94206,15000,High
12/31/2011,X3,2011,Africa,Red,Petrol,Automatic,4.6,190643,39646,4675,Low
12/31/2023,3 Series,2023,Europe,Blue,Hybrid,Manual,3.1,146382,89650,10516,High
12/31/2023,X3,2023,North America,White,Hybrid,Automatic,4.5,171047,101178,10857,High
12/31/2010,i3,2010,Europe,Black,Hybrid,Manual,3.8,79443,52692,3945,Low
12/31/2019,X6,2019,Asia,Red,Electric,Automatic,2.1,192143,94910,4522,Low
12/31/2019,X3,2019,South America,White,Hybrid,Manual,2.7,140361,75523,6021,High
12/31/2018,3 Series,2018,Middle East,Grey,Electric,Automatic,2,31821,95868,7844,High
12/31/2024,5 Series,2024,South America,White,Diesel,Automatic,4.2,79886,120993,4578,Low
12/31/2019,7 Series,2019,Africa,Blue,Diesel,Manual,4.9,197288,101185,682,Low
12/31/2024,i3,2024,Asia,Blue,Diesel,Manual,3.4,119641,93854,6785,High
12/31/2021,M5,2021,Africa,Silver,Electric,Manual,3.8,47625,160125,896,Low
12/31/2023,5 Series,2023,South America,Red,Electric,Manual,4.1,81895,128237,4856,Low
12/31/2022,M3,2022,Asia,Red,Hybrid,Manual,2.3,184123,94320,4617,Low
12/31/2017,X5,2017,Africa,Grey,Hybrid,Automatic,2.7,145700,81702,3246,Low
12/31/2024,3 Series,2024,North America,Silver,Petrol,Automatic,2.9,183565,82719,9562,High
12/31/2016,X1,2016,Middle East,Blue,Diesel,Manual,3.6,90520,59733,5970,High
12/31/2024,X5,2024,South America,Red,Diesel,Manual,4.5,51933,120306,4259,Low
12/31/2012,M5,2012,North America,White,Petrol,Automatic,2.4,138676,83416,1154,Low
12/31/2017,5 Series,2017,South America,Black,Hybrid,Manual,3.1,34973,93559,4211,Low
12/31/2011,X6,2011,Asia,Silver,Electric,Automatic,4.1,69562,97293,3719,Low
12/31/2011,X6,2011,Asia,Red,Hybrid,Automatic,1.8,20414,85799,3326,Low
12/31/2020,X1,2020,South America,Blue,Diesel,Manual,3.3,65378,76959,4445,Low
12/31/2019,X1,2019,Middle East,Blue,Electric,Manual,2,15310,92439,4898,Low
12/31/2012,5 Series,2012,South America,Silver,Electric,Manual,3.4,49374,78230,3494,Low
12/31/2016,i8,2016,Middle East,Black,Diesel,Manual,4.2,13179,159789,50,Low
12/31/2010,5 Series,2010,South America,White,Diesel,Manual,2.3,62962,43445,3530,Low
12/31/2017,M3,2017,Middle East,Grey,Petrol,Manual,4.5,88721,103263,1488,Low
12/31/2021,M3,2021,North America,Black,Diesel,Manual,2.7,77181,103942,3331,Low
12/31/2016,X6,2016,Africa,Grey,Petrol,Automatic,2.2,128838,70604,2068,Low
12/31/2013,X5,2013,Europe,Black,Hybrid,Automatic,3.1,39362,86838,4358,Low
12/31/2023,X5,2023,Middle East,Blue,Electric,Manual,4.6,13400,154459,4042,Low
12/31/2024,X6,2024,South America,Grey,Petrol,Automatic,1.7,184079,96719,3123,Low
12/31/2014,7 Series,2014,Africa,Blue,Hybrid,Automatic,2.6,58574,107421,50,Low
12/31/2019,3 Series,2019,North America,White,Hybrid,Automatic,3.8,2899,105560,10618,High
12/31/2022,X3,2022,Europe,Silver,Petrol,Automatic,2.8,195259,76488,8874,High
12/31/2010,M3,2010,Asia,Red,Electric,Automatic,1.7,20565,79750,1882,Low
12/31/2013,M3,2013,Middle East,Black,Electric,Manual,2.7,59810,91452,1215,Low
12/31/2024,X6,2024,North America,Silver,Diesel,Automatic,4.4,145690,121580,4379,Low
12/31/2010,X5,2010,Asia,Black,Hybrid,Manual,4.9,70923,82102,4433,Low
12/31/2010,3 Series,2010,Middle East,White,Hybrid,Manual,1.6,180640,25000,5984,High
12/31/2019,X1,2019,Middle East,White,Hybrid,Automatic,3.5,149655,113112,5024,High
12/31/2010,i8,2010,North America,Blue,Electric,Manual,1.9,170137,138514,50,Low
12/31/2016,X5,2016,Europe,Blue,Electric,Automatic,3.9,106867,94914,5008,High
12/31/2016,i3,2016,North America,White,Petrol,Automatic,1.5,15835,70638,4574,Low
12/31/2013,i8,2013,South America,Red,Hybrid,Manual,1.6,65223,65997,50,Low
12/31/2024,3 Series,2024,Asia,Black,Diesel,Manual,4.2,158897,89835,11625,High
12/31/2022,X1,2022,Middle East,Red,Hybrid,Manual,1.8,31861,91573,6951,High
12/31/2021,7 Series,2021,North America,Silver,Electric,Automatic,2.6,54991,152429,1615,Low
12/31/2011,X5,2011,Middle East,Black,Electric,Manual,4.9,9823,101545,2928,Low
12/31/2021,X5,2021,Africa,Red,Petrol,Manual,4.9,22813,121624,3279,Low
12/31/2012,M5,2012,Middle East,Silver,Hybrid,Manual,2.1,182754,87928,394,Low
12/31/2017,i3,2017,Africa,Silver,Diesel,Automatic,3.5,131727,59306,2808,Low
12/31/2022,X5,2022,Europe,Red,Petrol,Manual,3.5,152239,99939,6932,High
12/31/2017,7 Series,2017,Asia,Red,Hybrid,Manual,3.1,155016,101976,1577,Low
12/31/2020,X6,2020,Europe,Red,Petrol,Automatic,4.7,187061,103384,4202,Low
12/31/2020,7 Series,2020,Africa,Silver,Petrol,Manual,4.1,97950,118777,638,Low
12/31/2015,i3,2015,Africa,White,Electric,Manual,4.2,182674,60588,2830,Low
12/31/2024,X1,2024,Asia,Blue,Diesel,Automatic,2.4,108093,86745,15000,High
12/31/2019,7 Series,2019,Europe,Blue,Electric,Manual,3,94927,130781,1771,Low
12/31/2018,7 Series,2018,South America,White,Petrol,Automatic,3.2,131671,103118,661,Low
12/31/2020,M5,2020,South America,Silver,Electric,Automatic,2.5,122910,66640,2338,Low
12/31/2021,X3,2021,Middle East,Grey,Petrol,Manual,1.8,449,98610,6771,High
12/31/2018,i3,2018,South America,Black,Petrol,Manual,1.9,158438,49876,3186,Low
12/31/2013,3 Series,2013,Asia,Black,Hybrid,Manual,2.1,180184,38122,8446,High
12/31/2021,5 Series,2021,Europe,Silver,Hybrid,Manual,2.2,152829,87023,7026,High
12/31/2010,X5,2010,Asia,Blue,Diesel,Automatic,2.3,20875,61048,5922,High
12/31/2010,X3,2010,Asia,Black,Electric,Automatic,2.4,39027,64076,8838,High
12/31/2024,X1,2024,South America,Red,Hybrid,Automatic,3.1,134770,90158,6486,High
12/31/2021,i3,2021,Middle East,Black,Petrol,Manual,3.3,128653,104613,3145,Low
12/31/2019,X5,2019,Africa,Black,Hybrid,Manual,2.6,59681,99099,3798,Low
12/31/2024,3 Series,2024,Asia,Grey,Electric,Manual,4.7,18669,141608,9395,High
12/31/2014,X3,2014,Africa,Red,Hybrid,Automatic,3.4,82750,68364,3853,Low
12/31/2023,X5,2023,Middle East,Grey,Petrol,Manual,4.3,122957,114044,4150,Low
12/31/2022,M5,2022,North America,Red,Hybrid,Manual,4.7,44369,162026,1972,Low
12/31/2011,X3,2011,Africa,White,Electric,Automatic,2.1,12322,66852,3298,Low
12/31/2024,X3,2024,Europe,Blue,Diesel,Manual,3,86078,93951,7751,High
12/31/2015,X1,2015,Asia,Blue,Diesel,Manual,3,98128,46737,8858,High
12/31/2016,7 Series,2016,North America,White,Diesel,Automatic,2.7,15023,116409,960,Low
12/31/2010,7 Series,2010,Asia,Red,Electric,Manual,1.5,171180,70330,772,Low
12/31/2015,i3,2015,Middle East,Grey,Hybrid,Manual,4.4,49878,83095,2980,Low
12/31/2017,5 Series,2017,Europe,Silver,Electric,Automatic,1.9,130773,78341,6284,High
12/31/2021,M3,2021,South America,Black,Electric,Manual,5,53168,138733,1742,Low
12/31/2014,X3,2014,Europe,Black,Electric,Manual,4.2,54552,83061,8482,High
12/31/2023,5 Series,2023,North America,Black,Hybrid,Manual,3.5,112863,115359,8510,High
12/31/2021,i8,2021,Middle East,White,Petrol,Automatic,2,116958,87834,959,Low
12/31/2016,i8,2016,Asia,White,Electric,Manual,3.3,190725,126276,50,Low
12/31/2019,M3,2019,Europe,Blue,Diesel,Manual,2.4,124452,82224,2918,Low
12/31/2015,5 Series,2015,Asia,Grey,Petrol,Manual,2.4,11246,46153,7298,High
12/31/2013,X5,2013,South America,Blue,Hybrid,Manual,4.4,120094,80622,3347,Low
12/31/2024,M5,2024,Middle East,Grey,Diesel,Manual,2.8,93588,145140,1406,Low
12/31/2024,7 Series,2024,North America,Grey,Hybrid,Automatic,3.1,5382,168031,1705,Low
12/31/2016,7 Series,2016,Asia,Silver,Petrol,Manual,4.5,148629,105110,1336,Low
12/31/2019,X3,2019,Middle East,Silver,Electric,Automatic,1.8,102403,85909,6641,High
12/31/2018,5 Series,2018,North America,White,Hybrid,Manual,3.6,104410,98538,7380,High
12/31/2019,i3,2019,Middle East,Red,Petrol,Manual,3.5,59890,82143,3900,Low
12/31/2019,i8,2019,Africa,White,Petrol,Automatic,3,62764,151112,50,Low
12/31/2022,M5,2022,Europe,White,Petrol,Manual,4.4,39903,156769,1320,Low
12/31/2016,X1,2016,Asia,Grey,Petrol,Manual,4.8,145506,61133,7893,High
12/31/2021,3 Series,2021,North America,Grey,Hybrid,Automatic,3.1,86728,101192,11234,High
12/31/2023,M5,2023,Middle East,White,Hybrid,Automatic,3.1,86107,158866,1536,Low
12/31/2014,X1,2014,North America,Silver,Hybrid,Automatic,3.3,26101,74822,7973,High
12/31/2016,X1,2016,South America,Black,Petrol,Manual,4,85641,61543,4086,Low
12/31/2012,7 Series,2012,Europe,Silver,Petrol,Manual,3.8,10609,102081,559,Low
12/31/2011,7 Series,2011,Europe,Silver,Diesel,Automatic,2.3,142999,68792,908,Low
12/31/2020,7 Series,2020,Europe,Blue,Petrol,Automatic,1.7,165359,96816,1594,Low
12/31/2024,X3,2024,Asia,Black,Hybrid,Automatic,4.8,163459,112201,9795,High
12/31/2014,X3,2014,Asia,Red,Hybrid,Manual,2.4,164015,51711,8140,High
12/31/2013,5 Series,2013,North America,White,Diesel,Manual,3.7,47319,70143,6961,High
12/31/2014,i8,2014,Asia,Silver,Hybrid,Automatic,4.4,32128,152525,50,Low
12/31/2017,M3,2017,Middle East,Black,Petrol,Automatic,2.6,47460,102165,1429,Low
12/31/2021,X6,2021,Europe,White,Electric,Manual,3.7,81089,126222,4866,Low
12/31/2013,X1,2013,Europe,Black,Hybrid,Automatic,1.9,95791,46572,6612,High
12/31/2024,M5,2024,Middle East,Blue,Diesel,Automatic,4.9,84148,167541,910,Low
12/31/2018,X5,2018,Europe,Blue,Petrol,Manual,1.7,123141,73426,6294,High
12/31/2016,X3,2016,South America,Black,Hybrid,Manual,3,146317,60768,5725,High
12/31/2019,X5,2019,Europe,Grey,Electric,Manual,3.4,36598,115748,5392,High
12/31/2022,3 Series,2022,Europe,White,Electric,Automatic,4.3,71741,119170,10099,High
12/31/2021,5 Series,2021,Africa,Red,Electric,Automatic,1.9,140323,90212,4021,Low
12/31/2016,i3,2016,Middle East,Red,Diesel,Automatic,3,194200,46122,3274,Low
12/31/2024,i3,2024,South America,White,Diesel,Automatic,2.5,165319,73164,3730,Low
12/31/2022,X3,2022,North America,Grey,Diesel,Automatic,2.6,189043,72806,8504,High
12/31/2022,i8,2022,North America,Black,Petrol,Manual,4.2,116250,168394,184,Low
12/31/2017,X5,2017,Middle East,Black,Hybrid,Manual,1.5,183373,65469,4522,Low
12/31/2021,5 Series,2021,Europe,Red,Petrol,Manual,4.1,22147,119691,5785,High
12/31/2015,7 Series,2015,Europe,Blue,Hybrid,Automatic,4.3,124679,110215,786,Low
12/31/2017,M3,2017,Asia,Red,Electric,Manual,4.7,177618,101428,2394,Low
12/31/2012,5 Series,2012,Asia,Red,Hybrid,Manual,3.7,14301,82496,1424,Low
12/31/2019,X3,2019,Africa,Red,Diesel,Manual,2.7,190427,55693,5630,High
12/31/2019,i3,2019,Middle East,Silver,Electric,Manual,3,74970,96620,4405,Low
12/31/2023,X6,2023,North America,White,Diesel,Automatic,4.9,44988,143059,3936,Low
12/31/2010,3 Series,2010,Asia,Silver,Hybrid,Manual,4.6,63403,60777,10094,High
12/31/2015,M3,2015,Asia,Black,Hybrid,Automatic,3.1,135810,83971,8868,High
12/31/2010,M3,2010,North America,Red,Electric,Automatic,4.8,101040,87537,1556,Low
12/31/2018,7 Series,2018,Europe,Grey,Petrol,Automatic,4.4,165659,111995,1181,Low
12/31/2023,M5,2023,South America,Silver,Electric,Manual,4.7,160210,149593,1475,Low
12/31/2011,i8,2011,North America,Red,Diesel,Manual,3.9,55909,117741,50,Low
12/31/2020,3 Series,2020,Asia,Grey,Hybrid,Manual,4.5,76502,100275,9449,High
12/31/2011,i8,2011,North America,Grey,Hybrid,Automatic,4.6,117586,131087,50,Low
12/31/2016,X5,2016,North America,Blue,Electric,Automatic,1.8,53560,92807,5394,High
12/31/2011,i3,2011,Europe,Black,Electric,Automatic,4.9,163496,55266,4742,Low
12/31/2019,X1,2019,Middle East,Red,Petrol,Automatic,2.7,109681,68882,5151,High
12/31/2017,X5,2017,Europe,White,Petrol,Manual,3,163437,67378,5287,High
12/31/2015,3 Series,2015,Europe,Blue,Petrol,Manual,4.3,135082,58085,8298,High
12/31/2023,M5,2023,Africa,White,Hybrid,Manual,3.8,81201,153542,1407,Low
12/31/2016,7 Series,2016,Middle East,Grey,Hybrid,Automatic,4.6,90926,126596,197,Low
12/31/2016,X5,2016,North America,Black,Hybrid,Automatic,2.9,51255,98068,5538,High
12/31/2015,3 Series,2015,North America,Silver,Electric,Manual,2.8,8336,87797,8531,High
12/31/2019,M3,2019,Asia,Grey,Hybrid,Automatic,1.6,80924,101558,3354,Low
12/31/2020,i3,2020,Asia,Red,Diesel,Manual,3.1,112695,76093,4889,Low
12/31/2018,5 Series,2018,Europe,White,Diesel,Manual,4,34023,92340,6993,High
12/31/2022,7 Series,2022,Europe,White,Petrol,Manual,2.6,79791,120639,1879,Low
12/31/2018,X3,2018,Middle East,Grey,Diesel,Automatic,3.1,14849,93339,6142,High
12/31/2024,M5,2024,Europe,Blue,Diesel,Manual,2.3,97568,132534,2308,Low
12/31/2016,X5,2016,Middle East,Silver,Hybrid,Automatic,4.2,191142,82275,4401,Low
12/31/2018,M5,2018,North America,Red,Diesel,Automatic,1.7,20022,119058,1446,Low
12/31/2022,i8,2022,Europe,Red,Electric,Automatic,4,182258,159546,729,Low
12/31/2019,X5,2019,Africa,White,Electric,Automatic,2.8,10014,119840,3149,Low
12/31/2012,X3,2012,Africa,Black,Hybrid,Automatic,1.6,29721,62781,4392,Low
12/31/2012,3 Series,2012,Africa,Grey,Hybrid,Automatic,4.5,747,80072,4363,Low
12/31/2010,X6,2010,Africa,Blue,Diesel,Automatic,3.2,92895,60664,1191,Low
12/31/2014,i3,2014,Africa,Blue,Hybrid,Manual,3.6,113968,61055,2424,Low
12/31/2024,X1,2024,South America,Black,Diesel,Manual,4.1,132411,85732,5360,High
12/31/2013,M5,2013,North America,Red,Diesel,Automatic,3.8,155888,96739,1265,Low
12/31/2011,M3,2011,South America,Red,Petrol,Manual,4.1,9009,79870,787,Low
12/31/2018,i3,2018,Europe,Black,Petrol,Manual,4.2,41081,89697,4748,Low
12/31/2012,3 Series,2012,Africa,Black,Hybrid,Manual,3.6,7867,69292,3928,Low
12/31/2024,X5,2024,Europe,White,Hybrid,Manual,2.8,159379,108221,6324,High
12/31/2017,3 Series,2017,Asia,Black,Diesel,Manual,2.4,191415,41803,10477,High
12/31/2015,i8,2015,North America,Blue,Diesel,Manual,4.7,34676,155492,50,Low
12/31/2023,X5,2023,North America,Black,Hybrid,Manual,4.9,120494,126841,7171,High
12/31/2022,X5,2022,North America,Black,Diesel,Automatic,2.8,45057,113620,7032,High
12/31/2014,M5,2014,Asia,White,Petrol,Automatic,1.9,156902,84877,1480,Low
12/31/2010,X3,2010,Africa,Red,Hybrid,Manual,2.3,21495,54671,4250,Low
12/31/2013,5 Series,2013,Europe,Black,Electric,Manual,3.8,197182,60640,5814,High
12/31/2012,i8,2012,Europe,Silver,Petrol,Manual,2.1,152940,96915,50,Low
12/31/2010,i8,2010,Asia,Red,Diesel,Manual,4.2,197836,89472,50,Low
12/31/2021,7 Series,2021,Middle East,Red,Diesel,Manual,4.7,72668,144819,712,Low
12/31/2024,X1,2024,South America,Blue,Diesel,Automatic,4.9,149950,92022,5538,High
12/31/2014,X6,2014,North America,Black,Petrol,Manual,1.5,65842,72301,3835,Low
12/31/2015,3 Series,2015,Middle East,Blue,Hybrid,Manual,4.9,124457,79912,6715,High
12/31/2011,X6,2011,Africa,Red,Diesel,Automatic,4.1,152839,57549,1628,Low
12/31/2024,X5,2024,Asia,Red,Hybrid,Automatic,1.8,119577,112353,6909,High
12/31/2023,i8,2023,Asia,Silver,Hybrid,Automatic,3,5045,187104,510,Low
12/31/2012,i3,2012,Asia,White,Hybrid,Automatic,4,10313,77175,4462,Low
12/31/2020,7 Series,2020,North America,White,Diesel,Automatic,4.8,192421,121059,1497,Low
12/31/2023,i3,2023,Middle East,Silver,Electric,Automatic,2.1,167095,94744,4824,Low
12/31/2024,X1,2024,Asia,Black,Petrol,Automatic,1.9,52288,89260,9073,High
12/31/2015,M5,2015,Africa,Black,Diesel,Automatic,3.2,187562,83563,666,Low
12/31/2013,7 Series,2013,Asia,White,Petrol,Automatic,4.9,191010,93078,816,Low
12/31/2018,M5,2018,Asia,Black,Hybrid,Manual,4.9,27843,153676,1655,Low
12/31/2014,X1,2014,Middle East,Grey,Petrol,Manual,2.3,172119,28798,6221,High
12/31/2013,X3,2013,Middle East,Blue,Petrol,Automatic,2.6,105782,50318,6275,High
12/31/2011,X3,2011,North America,White,Petrol,Automatic,4.7,90879,60864,8668,High
12/31/2015,X3,2015,Africa,Grey,Hybrid,Automatic,4.1,53584,88721,4240,Low
12/31/2019,i3,2019,Asia,White,Electric,Automatic,4.9,36154,111041,5129,High
12/31/2011,5 Series,2011,Africa,Black,Petrol,Automatic,4.6,18899,78049,2343,Low
12/31/2021,X5,2021,Asia,Black,Diesel,Manual,2.3,27174,106340,6452,High
12/31/2022,5 Series,2022,Africa,White,Petrol,Manual,4.2,71531,142690,3792,Low
12/31/2016,X3,2016,Europe,Grey,Hybrid,Manual,1.7,146973,56029,7516,High
12/31/2012,3 Series,2012,South America,Grey,Petrol,Automatic,4.4,115653,53295,5838,High
12/31/2018,X3,2018,North America,Blue,Petrol,Manual,3.6,154906,68761,7613,High
12/31/2020,i8,2020,Asia,White,Hybrid,Automatic,4.8,114820,175600,290,Low
12/31/2014,X1,2014,South America,Silver,Hybrid,Manual,4.9,189081,50140,4005,Low
12/31/2017,5 Series,2017,Europe,Blue,Hybrid,Automatic,1.7,133027,70319,6135,High
12/31/2020,X3,2020,Asia,Blue,Diesel,Automatic,2.1,49034,86141,9929,High
12/31/2015,M5,2015,Asia,White,Electric,Automatic,3.2,161525,112750,1351,Low
12/31/2023,i3,2023,Asia,Silver,Electric,Automatic,4.6,4969,139518,4781,Low
12/31/2021,i8,2021,Middle East,White,Diesel,Manual,4.4,94614,170938,50,Low
12/31/2019,X1,2019,South America,Red,Hybrid,Automatic,4.9,60290,98115,12594,High
12/31/2017,M3,2017,Middle East,Silver,Petrol,Automatic,3.7,14833,113829,1620,Low
12/31/2022,7 Series,2022,Africa,Black,Electric,Automatic,2.4,156878,127429,1418,Low
12/31/2022,X5,2022,Asia,White,Petrol,Automatic,1.6,77753,101770,6796,High
12/31/2020,X1,2020,Asia,Blue,Electric,Manual,2.3,1579,100198,7676,High
12/31/2021,i8,2021,Europe,White,Diesel,Automatic,3.9,110836,153122,213,Low
12/31/2012,X6,2012,Asia,Grey,Diesel,Automatic,4.7,12888,98236,3128,Low
12/31/2012,5 Series,2012,Middle East,White,Diesel,Manual,2.6,141647,43553,5094,High
12/31/2014,5 Series,2014,North America,Silver,Electric,Automatic,4.6,162298,86031,1183,Low
12/31/2020,X1,2020,Africa,Silver,Petrol,Automatic,2.9,133215,62823,5157,High
12/31/2019,3 Series,2019,South America,White,Diesel,Manual,2.6,7236,85078,5891,High
12/31/2012,i3,2012,Europe,Silver,Petrol,Automatic,3.3,99849,47893,4103,Low
12/31/2017,M3,2017,Asia,Blue,Diesel,Manual,3,68682,86863,3281,Low
12/31/2019,5 Series,2019,Europe,Grey,Electric,Automatic,4.7,154976,100542,7283,High
12/31/2022,X5,2022,South America,Black,Petrol,Manual,3.1,25563,113107,3835,Low
12/31/2021,3 Series,2021,Middle East,Silver,Electric,Manual,2.5,86351,100305,7209,High
12/31/2023,M3,2023,Asia,Grey,Hybrid,Manual,4.4,109212,129383,4133,Low
12/31/2017,3 Series,2017,Middle East,Black,Diesel,Manual,5,66433,81263,7145,High
12/31/2011,X1,2011,Asia,Silver,Petrol,Manual,3.8,64085,46644,7852,High
12/31/2021,X3,2021,Asia,Black,Petrol,Automatic,2.4,197471,69996,9358,High
12/31/2013,7 Series,2013,Europe,Red,Petrol,Automatic,2.3,60388,97016,816,Low
12/31/2019,X3,2019,Europe,Silver,Diesel,Automatic,1.7,76654,70063,8210,High
12/31/2022,5 Series,2022,Europe,Blue,Hybrid,Automatic,1.8,959,114370,8343,High
12/31/2010,i3,2010,North America,Black,Electric,Manual,4.7,9348,81461,3688,Low
12/31/2013,i8,2013,Asia,White,Hybrid,Manual,1.8,139226,108305,50,Low
12/31/2021,M5,2021,Middle East,Grey,Electric,Automatic,3.2,121650,142563,1681,Low
12/31/2022,7 Series,2022,Asia,Red,Hybrid,Manual,3.9,150407,134277,2158,Low
12/31/2022,X3,2022,South America,Red,Hybrid,Manual,4.5,174204,90982,6006,High
12/31/2020,i3,2020,Asia,Grey,Electric,Manual,2.1,79490,87021,6488,High
12/31/2022,X5,2022,Middle East,Grey,Electric,Automatic,3,66783,128214,4700,Low
12/31/2013,X1,2013,Africa,Grey,Diesel,Automatic,2.4,135957,28375,4360,Low
12/31/2019,7 Series,2019,Middle East,Black,Petrol,Automatic,2.4,21721,132547,68,Low
12/31/2018,3 Series,2018,Asia,Silver,Petrol,Automatic,2.6,105004,70691,10049,High
12/31/2024,X3,2024,North America,Black,Diesel,Automatic,3.6,96148,106705,9712,High
12/31/2012,i8,2012,North America,Blue,Petrol,Automatic,1.6,95338,113115,50,Low
12/31/2024,3 Series,2024,North America,Silver,Electric,Manual,2.9,83206,115780,10637,High
12/31/2011,i3,2011,South America,Red,Diesel,Automatic,2.2,75493,35203,2928,Low
12/31/2018,M3,2018,Asia,White,Petrol,Automatic,4.9,54634,109779,2610,Low
12/31/2018,M5,2018,Europe,White,Hybrid,Automatic,3.5,158536,121926,1814,Low
12/31/2010,X1,2010,Middle East,Grey,Petrol,Manual,4.5,56442,51097,4473,Low
12/31/2015,7 Series,2015,Middle East,Silver,Petrol,Automatic,2.2,167290,83498,684,Low
12/31/2019,M3,2019,North America,Blue,Petrol,Automatic,4.3,26922,116869,2619,Low
12/31/2017,M5,2017,South America,Blue,Diesel,Manual,3,26649,116467,567,Low
12/31/2012,3 Series,2012,South America,White,Diesel,Automatic,2.1,54603,42085,6282,High
12/31/2020,5 Series,2020,Asia,Grey,Hybrid,Manual,4.2,49017,114080,7394,High
12/31/2018,7 Series,2018,Africa,Grey,Electric,Automatic,4.2,36604,147386,388,Low
12/31/2011,X3,2011,North America,Black,Diesel,Manual,5,151460,45016,7031,High
12/31/2015,M3,2015,Europe,Red,Diesel,Automatic,4.2,179832,72259,2598,Low
12/31/2010,X3,2010,North America,Silver,Petrol,Manual,2,69681,40466,9215,High
12/31/2022,M5,2022,South America,White,Diesel,Automatic,2.6,26486,137531,1126,Low
12/31/2016,X1,2016,Africa,Silver,Petrol,Manual,3.1,41250,62108,3431,Low
12/31/2012,i8,2012,North America,Blue,Hybrid,Manual,1.9,99651,119820,50,Low
12/31/2016,M5,2016,Europe,Grey,Electric,Manual,4.3,27057,137550,962,Low
12/31/2013,i3,2013,Middle East,Red,Hybrid,Automatic,3.3,99905,62359,3158,Low
12/31/2018,X3,2018,North America,Red,Electric,Manual,4.8,153099,90179,9588,High
12/31/2014,3 Series,2014,South America,Black,Diesel,Manual,3.6,33906,62915,5649,High
12/31/2012,M5,2012,Middle East,White,Hybrid,Automatic,3.3,12487,122706,50,Low
12/31/2024,M3,2024,South America,Blue,Petrol,Manual,1.7,29946,118407,2188,Low
12/31/2017,M3,2017,Europe,Silver,Petrol,Manual,2,77992,80280,2638,Low
12/31/2015,M3,2015,Asia,Black,Diesel,Automatic,4.5,121275,85557,2846,Low
12/31/2011,7 Series,2011,South America,Blue,Hybrid,Automatic,5,184734,85343,50,Low
12/31/2012,M3,2012,Africa,Silver,Hybrid,Automatic,3,175700,57205,950,Low
12/31/2017,X5,2017,Africa,Black,Electric,Automatic,4.3,153310,93901,2574,Low
12/31/2024,7 Series,2024,Europe,Silver,Diesel,Automatic,3.7,50463,141751,1587,Low
12/31/2019,M3,2019,Africa,Grey,Hybrid,Manual,4.9,48878,127567,1517,Low
12/31/2016,X1,2016,Middle East,Red,Diesel,Manual,2.3,145490,38467,5357,High
12/31/2019,X3,2019,Asia,Black,Diesel,Manual,3.4,138414,73784,8498,High
12/31/2015,X5,2015,North America,Red,Electric,Automatic,2.9,75997,100017,6110,High
12/31/2023,i3,2023,Africa,Grey,Electric,Automatic,3.4,32840,116221,2903,Low
12/31/2010,X1,2010,South America,Black,Diesel,Automatic,2.4,110225,25000,4240,Low
12/31/2018,i8,2018,North America,Silver,Petrol,Manual,3.2,98927,143655,50,Low
12/31/2012,M3,2012,Asia,White,Diesel,Manual,3.7,196381,50706,2447,Low
12/31/2023,i8,2023,Asia,Black,Diesel,Automatic,1.8,159214,140726,803,Low
12/31/2014,i3,2014,Africa,Black,Hybrid,Manual,4.1,59164,72883,2407,Low
12/31/2016,7 Series,2016,Africa,Blue,Hybrid,Manual,4,114482,110247,148,Low
12/31/2024,5 Series,2024,South America,White,Electric,Manual,4.6,117917,131567,4304,Low
12/31/2016,X6,2016,Asia,White,Petrol,Automatic,3,44782,101443,4010,Low
12/31/2012,i8,2012,Africa,Grey,Diesel,Manual,1.7,169649,84834,50,Low
12/31/2024,M5,2024,North America,Grey,Hybrid,Manual,3.1,93754,155742,2792,Low
12/31/2013,7 Series,2013,Asia,Silver,Petrol,Automatic,2,34334,142781,181,Low
12/31/2019,i3,2019,Middle East,White,Petrol,Manual,3.8,166560,66435,3816,Low
12/31/2016,X3,2016,Middle East,Silver,Diesel,Manual,1.7,138992,47198,6714,High
12/31/2017,i3,2017,Asia,Grey,Diesel,Automatic,2.8,75584,66690,4634,Low
12/31/2011,5 Series,2011,Asia,Grey,Diesel,Manual,1.8,9234,59176,6742,High
12/31/2018,i3,2018,Middle East,Silver,Electric,Manual,1.5,40334,87248,3687,Low
12/31/2016,X3,2016,South America,Red,Hybrid,Automatic,4.9,114499,87454,4236,Low
12/31/2022,X6,2022,Africa,Silver,Hybrid,Automatic,5,56066,136798,2824,Low
12/31/2017,7 Series,2017,Middle East,Blue,Diesel,Manual,3.4,143530,104427,638,Low
12/31/2015,M3,2015,Middle East,Red,Electric,Manual,2.3,71220,90655,1671,Low
12/31/2015,5 Series,2015,Middle East,Blue,Electric,Manual,4.7,26437,113864,3813,Low
12/31/2018,X6,2018,South America,Blue,Diesel,Manual,4.7,89598,104010,2174,Low
12/31/2013,7 Series,2013,North America,White,Petrol,Manual,4.5,151446,94684,833,Low
12/31/2020,3 Series,2020,South America,Grey,Hybrid,Manual,3.4,46700,99381,5425,High
12/31/2020,X6,2020,North America,Red,Electric,Automatic,1.8,165806,99598,5615,High
12/31/2014,7 Series,2014,Europe,Red,Diesel,Automatic,1.8,109681,83407,962,Low
12/31/2018,M3,2018,Asia,Red,Hybrid,Manual,4.6,25608,130166,3122,Low
12/31/2010,X3,2010,Europe,Blue,Diesel,Automatic,4.6,86833,53644,7637,High
12/31/2013,i3,2013,Middle East,Blue,Diesel,Manual,3,48564,56257,2861,Low
12/31/2016,X5,2016,Asia,Silver,Electric,Automatic,2.6,190568,75707,5465,High
12/31/2020,M3,2020,Europe,Silver,Diesel,Automatic,3.8,5468,123358,2670,Low
12/31/2024,3 Series,2024,Asia,Black,Petrol,Automatic,4.3,191913,88581,9410,High
12/31/2018,M5,2018,South America,Blue,Diesel,Manual,4.1,58285,128565,525,Low
12/31/2024,7 Series,2024,North America,Red,Diesel,Manual,3.7,183262,119983,2054,Low
12/31/2023,X6,2023,South America,White,Petrol,Manual,2.3,111455,106410,2619,Low
12/31/2022,M3,2022,North America,Silver,Petrol,Automatic,2.4,759,125715,2702,Low
12/31/2020,X5,2020,Middle East,White,Diesel,Automatic,4,132701,103416,4471,Low
12/31/2021,i3,2021,Middle East,Grey,Petrol,Automatic,4.3,51035,101108,3292,Low
12/31/2022,M3,2022,Europe,Silver,Hybrid,Automatic,1.9,158460,95291,3918,Low
12/31/2019,X5,2019,Africa,Black,Petrol,Manual,2.2,138457,77062,3515,Low
12/31/2015,5 Series,2015,Middle East,Black,Petrol,Manual,3.9,98385,74738,4494,Low
12/31/2021,X6,2021,North America,White,Electric,Automatic,2.9,165623,107155,4793,Low
12/31/2017,3 Series,2017,Africa,Red,Petrol,Manual,3.5,88435,69816,5125,High
12/31/2022,i8,2022,North America,White,Hybrid,Manual,3.7,22994,191469,355,Low
12/31/2018,X5,2018,South America,White,Diesel,Manual,4.2,71522,130853,3318,Low
12/31/2019,X3,2019,North America,White,Petrol,Manual,4.3,194336,68726,8078,High
12/31/2013,X6,2013,Africa,Silver,Diesel,Automatic,2.5,22087,75636,1748,Low
12/31/2010,5 Series,2010,Asia,Blue,Petrol,Automatic,3.4,198643,36911,5868,High
12/31/2023,X3,2023,North America,Blue,Hybrid,Automatic,1.9,136176,95936,10634,High
12/31/2017,X3,2017,Europe,Silver,Petrol,Manual,4.4,107354,74364,7578,High
12/31/2011,i3,2011,Asia,Silver,Electric,Automatic,4.5,28516,77360,4726,Low
12/31/2020,7 Series,2020,Africa,Blue,Diesel,Manual,2.5,41129,114743,694,Low
12/31/2010,5 Series,2010,Asia,Silver,Electric,Manual,2.1,105351,56935,5885,High
12/31/2022,i8,2022,Asia,White,Electric,Manual,1.7,52921,173590,583,Low
12/31/2016,i3,2016,North America,Red,Electric,Automatic,3.5,78959,84111,4376,Low
12/31/2021,3 Series,2021,Middle East,Blue,Diesel,Manual,1.8,131295,70063,8214,High
12/31/2019,X1,2019,North America,Black,Petrol,Automatic,3.9,142034,71106,7369,High
12/31/2018,X3,2018,Middle East,White,Diesel,Automatic,3.9,194717,64577,6893,High
12/31/2020,5 Series,2020,South America,Red,Electric,Manual,3.6,90595,109568,4939,Low
12/31/2024,7 Series,2024,Asia,Silver,Diesel,Manual,4.6,157631,130526,2024,Low
12/31/2021,7 Series,2021,Middle East,White,Hybrid,Manual,2.8,8099,151429,962,Low
12/31/2021,X6,2021,Europe,Grey,Petrol,Manual,4.7,121359,108163,3973,Low
12/31/2018,M3,2018,Africa,Silver,Hybrid,Automatic,1.6,109397,89071,1999,Low
12/31/2012,3 Series,2012,Middle East,White,Petrol,Automatic,1.9,180308,26815,5867,High
12/31/2015,M5,2015,South America,Blue,Electric,Automatic,2.9,82909,114949,337,Low
12/31/2016,X3,2016,Europe,Silver,Diesel,Manual,3.6,45722,74756,8348,High
12/31/2023,X5,2023,Africa,White,Diesel,Automatic,1.6,78401,102696,3625,Low
12/31/2019,3 Series,2019,Africa,Black,Electric,Manual,3.5,199623,71245,6299,High
12/31/2018,5 Series,2018,Africa,Blue,Petrol,Manual,2.6,73130,83590,3584,Low
12/31/2024,X6,2024,South America,Blue,Diesel,Automatic,4.6,25750,144343,2533,Low
12/31/2011,7 Series,2011,Middle East,Black,Diesel,Manual,3.4,77350,89693,50,Low
12/31/2017,3 Series,2017,Africa,Red,Petrol,Manual,3.6,81256,70288,5451,High
12/31/2023,X5,2023,Africa,Black,Hybrid,Manual,4.8,158558,116510,3780,Low
12/31/2016,i3,2016,Middle East,Silver,Petrol,Automatic,4.2,87992,78346,3311,Low
12/31/2013,X3,2013,Europe,Black,Electric,Automatic,3,19630,86793,7966,High
12/31/2011,7 Series,2011,Asia,Red,Electric,Automatic,3.2,70941,102987,498,Low
12/31/2017,5 Series,2017,Asia,Grey,Petrol,Manual,3.8,194319,66109,6363,High
12/31/2020,7 Series,2020,Europe,Grey,Petrol,Manual,2.2,136267,109178,1653,Low
12/31/2014,M3,2014,South America,Silver,Hybrid,Automatic,1.8,114239,68957,1556,Low
12/31/2015,M3,2015,Europe,Red,Petrol,Automatic,2.6,47931,82549,2845,Low
12/31/2023,3 Series,2023,North America,Blue,Hybrid,Manual,4.2,180951,90741,11914,High
12/31/2020,M3,2020,Africa,White,Diesel,Manual,2.4,4517,100743,1436,Low
12/31/2016,X3,2016,South America,White,Diesel,Manual,2,128956,47086,5140,High
12/31/2024,i8,2024,North America,Blue,Petrol,Manual,2.3,36063,176740,296,Low
12/31/2024,7 Series,2024,South America,Black,Hybrid,Manual,3.9,106033,146738,358,Low
12/31/2019,M3,2019,Middle East,Red,Hybrid,Automatic,3.6,98066,108402,2656,Low
12/31/2010,5 Series,2010,Africa,Red,Hybrid,Automatic,3.9,180647,48333,2877,Low
12/31/2017,i3,2017,South America,Grey,Diesel,Automatic,2.6,73540,61953,3532,Low
12/31/2013,i3,2013,Africa,White,Electric,Automatic,4.7,57005,80142,1863,Low
12/31/2022,3 Series,2022,North America,White,Electric,Automatic,3.1,98622,48799,12415,High
12/31/2018,3 Series,2018,Middle East,Red,Petrol,Manual,3.3,169006,62047,6459,High
12/31/2010,X6,2010,Africa,White,Petrol,Manual,4.8,156033,58839,1404,Low
12/31/2020,5 Series,2020,South America,Grey,Electric,Manual,4.9,55474,120287,3821,Low
12/31/2011,X1,2011,Europe,Blue,Electric,Manual,3.8,120031,49881,5864,High
12/31/2023,X3,2023,South America,Silver,Petrol,Manual,4.8,23167,112318,4842,Low
12/31/2015,i3,2015,South America,Grey,Hybrid,Manual,3.4,167642,53733,2669,Low
12/31/2020,X6,2020,Europe,White,Diesel,Manual,2.6,148481,85166,4117,Low
12/31/2019,i3,2019,Middle East,Blue,Electric,Automatic,2.6,2488,104982,3818,Low
12/31/2020,X3,2020,Europe,Grey,Hybrid,Manual,3.5,45205,103098,9315,High
12/31/2023,M3,2023,Asia,Black,Diesel,Manual,3.6,132159,108095,3552,Low
12/31/2010,3 Series,2010,Africa,White,Electric,Automatic,3,122448,46710,4420,Low
12/31/2013,X3,2013,North America,Silver,Electric,Automatic,4.6,97190,85529,7425,High
12/31/2017,X1,2017,South America,White,Hybrid,Automatic,3,16982,86942,4143,Low
12/31/2024,5 Series,2024,Asia,Grey,Petrol,Manual,2.5,43593,111475,8811,High
12/31/2019,i8,2019,Middle East,Grey,Diesel,Automatic,1.5,173838,126776,50,Low
12/31/2014,X5,2014,North America,White,Hybrid,Automatic,4.9,89532,98141,5682,High
12/31/2022,X5,2022,Europe,Red,Hybrid,Automatic,4.4,144315,119236,5588,High
12/31/2018,X3,2018,Europe,Blue,Hybrid,Automatic,3.7,155068,77061,7793,High
12/31/2020,M3,2020,North America,Grey,Hybrid,Automatic,4.4,30141,140303,2975,Low
12/31/2020,X6,2020,Africa,Grey,Electric,Manual,4.3,144423,108882,2394,Low
12/31/2015,7 Series,2015,Africa,Black,Petrol,Manual,4.8,138915,102405,126,Low
12/31/2010,X5,2010,South America,Red,Diesel,Automatic,2.9,167274,36147,3362,Low
12/31/2015,X5,2015,North America,Silver,Petrol,Automatic,3.4,145062,70211,5430,High
12/31/2015,7 Series,2015,Europe,Silver,Electric,Automatic,1.8,24694,120869,654,Low
12/31/2022,i3,2022,North America,Grey,Diesel,Manual,4.9,125851,89125,6286,High
12/31/2015,3 Series,2015,Africa,White,Petrol,Automatic,4.9,172834,57285,10629,High
12/31/2017,M5,2017,Africa,Black,Electric,Manual,4.3,26615,145243,50,Low
12/31/2024,X1,2024,Asia,Blue,Electric,Automatic,3.1,66463,111519,8156,High
12/31/2015,X5,2015,Asia,Black,Petrol,Automatic,3.2,83758,83695,5486,High
12/31/2014,M3,2014,South America,Red,Hybrid,Automatic,3,13527,94912,1033,Low
12/31/2024,M5,2024,North America,Black,Petrol,Automatic,2.5,180670,122652,2310,Low
12/31/2020,i3,2020,Europe,White,Electric,Automatic,3.3,38804,109971,5404,High
12/31/2011,7 Series,2011,Europe,Silver,Petrol,Manual,1.7,137042,65012,957,Low
12/31/2013,i8,2013,Africa,Red,Hybrid,Automatic,5,82079,137060,50,Low
12/31/2023,7 Series,2023,South America,Grey,Diesel,Manual,3,183021,115005,1265,Low
12/31/2024,M3,2024,Europe,Black,Hybrid,Automatic,4.7,50977,146895,3006,Low
12/31/2019,X5,2019,Asia,Blue,Electric,Automatic,4,78259,121975,5403,High
12/31/2014,3 Series,2014,Africa,White,Electric,Automatic,2.5,20817,80130,5115,High
12/31/2019,X6,2019,North America,Black,Hybrid,Automatic,2.3,73994,110155,4105,Low
12/31/2013,3 Series,2013,North America,Black,Petrol,Manual,5,53578,67416,9980,High
12/31/2011,i8,2011,Middle East,Grey,Petrol,Automatic,4.2,190459,103854,50,Low
12/31/2016,X1,2016,Middle East,Red,Petrol,Manual,2.4,52049,62144,5752,High
12/31/2019,7 Series,2019,North America,Red,Petrol,Automatic,1.7,199591,89936,1866,Low
12/31/2019,3 Series,2019,Asia,Silver,Petrol,Automatic,3.9,118528,79016,9546,High
12/31/2011,5 Series,2011,South America,Red,Hybrid,Manual,2.6,115752,51704,3144,Low
12/31/2010,M5,2010,Europe,White,Electric,Automatic,2.3,160198,82401,782,Low
12/31/2023,7 Series,2023,Asia,Blue,Hybrid,Manual,4.1,4469,166246,1891,Low
12/31/2014,7 Series,2014,South America,Red,Petrol,Manual,3.9,102352,96517,195,Low
12/31/2021,i3,2021,Middle East,Grey,Diesel,Automatic,3.2,94859,85811,4009,Low
12/31/2022,7 Series,2022,Europe,Blue,Hybrid,Manual,4.8,88768,156469,1744,Low
12/31/2010,X5,2010,Africa,White,Diesel,Automatic,3.9,14446,73000,2343,Low
12/31/2010,5 Series,2010,Middle East,Grey,Hybrid,Automatic,4.6,81757,76435,3135,Low
12/31/2024,X1,2024,South America,Silver,Petrol,Manual,2.2,130774,73567,4820,Low
12/31/2010,X5,2010,South America,White,Petrol,Manual,2.5,122426,41663,3506,Low
12/31/2015,X3,2015,Europe,Grey,Hybrid,Manual,1.9,97863,61147,8580,High
12/31/2018,i3,2018,Asia,Grey,Diesel,Automatic,2.6,193515,51582,5718,High
12/31/2019,X5,2019,South America,White,Diesel,Manual,4.9,30736,112455,3624,Low
12/31/2022,X5,2022,Asia,White,Petrol,Manual,4.9,132229,107317,6474,High
12/31/2020,i3,2020,Europe,Blue,Hybrid,Automatic,4.2,100923,96900,5543,High
12/31/2021,X1,2021,Europe,White,Hybrid,Manual,3.3,1335,105635,8527,High
12/31/2010,X3,2010,Asia,Black,Petrol,Automatic,4.2,196235,33720,7282,High
12/31/2014,M3,2014,South America,White,Petrol,Automatic,3.4,158228,36665,1621,Low
12/31/2024,7 Series,2024,Asia,Grey,Electric,Automatic,1.5,49345,157107,2057,Low
12/31/2018,5 Series,2018,Asia,Silver,Petrol,Automatic,3.3,102270,86624,7505,High
12/31/2023,5 Series,2023,Europe,Red,Electric,Manual,3.6,193171,103306,7647,High
12/31/2018,3 Series,2018,South America,Grey,Petrol,Manual,2.4,161599,50726,5895,High
12/31/2010,X6,2010,North America,Grey,Diesel,Automatic,2.2,114287,54773,3915,Low
12/31/2017,3 Series,2017,Europe,White,Diesel,Manual,2.5,185619,41563,10291,High
12/31/2010,i3,2010,Africa,Blue,Electric,Manual,3.7,157790,42660,2088,Low
12/31/2024,X6,2024,Middle East,Grey,Hybrid,Manual,2,130211,114371,3401,Low
12/31/2017,i8,2017,Middle East,Blue,Hybrid,Automatic,4,56855,160928,50,Low
12/31/2010,i8,2010,Europe,White,Hybrid,Automatic,3,88021,121096,50,Low
12/31/2021,5 Series,2021,Europe,Grey,Electric,Manual,2.7,129928,95204,6811,High
12/31/2014,M3,2014,Asia,Blue,Electric,Manual,4.3,21689,109105,2167,Low
12/31/2017,7 Series,2017,Middle East,Blue,Petrol,Manual,3.3,67632,118893,438,Low
12/31/2015,3 Series,2015,Europe,White,Electric,Automatic,2.8,76001,74844,9705,High
12/31/2018,5 Series,2018,Africa,White,Electric,Automatic,4.6,128180,95903,3734,Low
12/31/2010,5 Series,2010,Asia,Grey,Hybrid,Automatic,2.8,151306,50959,5841,High
12/31/2018,5 Series,2018,Middle East,White,Electric,Manual,4.5,71602,117135,4196,Low
12/31/2010,i8,2010,South America,Silver,Hybrid,Automatic,3.3,116310,109065,50,Low
12/31/2019,5 Series,2019,Asia,White,Diesel,Manual,2.2,180719,65554,7397,High
12/31/2019,X1,2019,South America,Black,Electric,Automatic,3.6,143472,76848,6091,High
12/31/2012,7 Series,2012,Europe,Black,Diesel,Automatic,2.5,91894,78396,762,Low
12/31/2010,X1,2010,Africa,Grey,Hybrid,Automatic,2,175271,25000,3876,Low
12/31/2012,M5,2012,Europe,Blue,Hybrid,Automatic,1.8,119001,90453,899,Low
12/31/2021,X3,2021,Europe,Blue,Petrol,Manual,2.3,19207,95134,7513,High
12/31/2020,M5,2020,Asia,Grey,Electric,Manual,4.1,188595,138683,2000,Low
12/31/2022,7 Series,2022,Asia,Red,Petrol,Automatic,4.4,143853,138044,1575,Low
12/31/2011,i8,2011,Europe,Red,Hybrid,Manual,4.5,197363,110039,50,Low
12/31/2011,M3,2011,Africa,Black,Hybrid,Manual,2.4,1419,79952,509,Low
12/31/2018,X1,2018,South America,Black,Diesel,Manual,3.8,74336,71686,4182,Low
12/31/2017,3 Series,2017,North America,Blue,Hybrid,Automatic,2.3,26092,87780,9967,High
12/31/2010,X6,2010,Middle East,Grey,Diesel,Automatic,3.7,64831,73354,1668,Low
12/31/2021,i3,2021,Asia,White,Diesel,Manual,4.6,190150,76258,6310,High
12/31/2023,X6,2023,Europe,Grey,Petrol,Manual,1.6,34166,116555,3935,Low
12/31/2013,M3,2013,North America,Silver,Electric,Manual,4.9,176975,80464,2154,Low
12/31/2022,X3,2022,Africa,Blue,Electric,Automatic,4.4,123545,110803,5941,High
12/31/2010,X5,2010,North America,White,Electric,Automatic,4.2,12376,92958,5068,High
12/31/2010,X5,2010,North America,Silver,Hybrid,Automatic,3.9,5666,86267,4595,Low
12/31/2021,i8,2021,South America,Blue,Electric,Manual,4.2,130666,165618,166,Low
12/31/2021,i8,2021,Africa,Grey,Electric,Automatic,5,78172,182825,50,Low
12/31/2013,X5,2013,Asia,Blue,Petrol,Automatic,4.2,130481,70102,5859,High
12/31/2011,X5,2011,Europe,Silver,Hybrid,Automatic,2.7,24809,82940,8023,High
12/31/2012,M3,2012,Asia,Red,Petrol,Manual,3.6,84827,69669,2220,Low
12/31/2020,5 Series,2020,Middle East,Black,Petrol,Automatic,2.7,82599,100344,4991,Low
12/31/2018,X5,2018,Middle East,Red,Electric,Automatic,4.9,73306,128275,3569,Low
12/31/2011,M5,2011,Europe,White,Hybrid,Manual,4.7,128066,98754,843,Low
12/31/2013,X6,2013,Africa,Blue,Diesel,Automatic,3.5,24545,85086,1633,Low
12/31/2010,5 Series,2010,Africa,White,Hybrid,Manual,4.2,86815,61463,2540,Low
12/31/2011,X3,2011,South America,Grey,Hybrid,Automatic,4.7,106903,66961,3773,Low
12/31/2014,X5,2014,North America,Blue,Petrol,Manual,2.4,109538,66554,5587,High
12/31/2023,X6,2023,Middle East,Blue,Electric,Manual,3.5,82015,136244,3333,Low
12/31/2019,M3,2019,Europe,Silver,Diesel,Automatic,3.2,101940,97185,2598,Low
12/31/2024,X3,2024,Europe,Grey,Diesel,Automatic,4.2,100219,110071,9225,High
12/31/2010,X3,2010,South America,Blue,Petrol,Automatic,2.8,73614,41229,4533,Low
12/31/2020,5 Series,2020,Asia,Black,Hybrid,Manual,4,69540,116413,7815,High
12/31/2016,M3,2016,Europe,Blue,Petrol,Automatic,2.9,56728,90574,2730,Low
12/31/2013,X1,2013,North America,Red,Petrol,Manual,1.9,99924,33080,7929,High
12/31/2015,X5,2015,Africa,Silver,Electric,Manual,1.9,172438,65167,2956,Low
12/31/2017,M5,2017,Africa,Red,Electric,Manual,1.9,51254,125799,268,Low
12/31/2022,i8,2022,Europe,Grey,Hybrid,Manual,1.6,107526,155754,712,Low
12/31/2015,i3,2015,South America,Red,Hybrid,Automatic,3.4,91396,69602,2812,Low
12/31/2023,X3,2023,Europe,Silver,Petrol,Automatic,3.9,182221,87963,9725,High
12/31/2011,7 Series,2011,Asia,Red,Hybrid,Manual,1.9,98130,83299,814,Low
12/31/2010,M5,2010,Africa,Blue,Hybrid,Automatic,3.6,86726,95676,50,Low
12/31/2017,M3,2017,Africa,Red,Hybrid,Manual,3.6,15939,113282,842,Low
12/31/2017,X6,2017,Asia,Silver,Diesel,Manual,2,56325,92147,4341,Low
12/31/2018,X6,2018,Middle East,Black,Hybrid,Automatic,2.9,42875,118419,3014,Low
12/31/2015,X3,2015,South America,Blue,Petrol,Manual,4.1,147337,57590,5237,High
12/31/2021,7 Series,2021,Europe,Red,Petrol,Manual,1.6,15153,132010,1358,Low
12/31/2010,M5,2010,Asia,Blue,Hybrid,Automatic,2,75259,93097,901,Low
12/31/2023,X6,2023,Europe,Blue,Electric,Manual,5,168816,129300,5321,High
12/31/2018,M3,2018,Asia,Blue,Hybrid,Automatic,4.1,156923,99237,3425,Low
12/31/2021,5 Series,2021,South America,Black,Electric,Manual,3.1,76173,110695,4972,Low
12/31/2022,3 Series,2022,South America,Black,Hybrid,Manual,3.7,181772,84828,7410,High
12/31/2024,M3,2024,Asia,Blue,Diesel,Automatic,4.5,100325,122605,3350,Low
12/31/2023,M3,2023,South America,Blue,Electric,Manual,4.4,183551,58707,3231,Low
12/31/2012,X1,2012,Asia,Black,Hybrid,Automatic,2.6,138310,39070,7854,High
12/31/2020,3 Series,2020,Middle East,White,Hybrid,Manual,3.2,40672,98104,7983,High
12/31/2015,3 Series,2015,Africa,Black,Hybrid,Automatic,3.7,129029,67176,4224,Low
12/31/2019,X3,2019,Asia,Blue,Diesel,Automatic,1.8,82339,74075,10534,High
12/31/2022,X5,2022,Middle East,Silver,Electric,Manual,4.8,15946,146592,3826,Low
12/31/2019,M3,2019,Middle East,White,Electric,Manual,3,49718,118243,1955,Low
12/31/2024,3 Series,2024,Africa,Blue,Hybrid,Manual,2.8,44065,110715,5619,High
12/31/2020,i8,2020,North America,Grey,Electric,Automatic,4.7,174557,156649,582,Low
12/31/2021,X6,2021,Europe,Black,Diesel,Manual,1.9,35654,112205,4681,Low
12/31/2023,M3,2023,Asia,Red,Diesel,Automatic,1.6,151469,90569,4373,Low
12/31/2024,X3,2024,Europe,Blue,Electric,Automatic,3.9,194340,107917,10287,High
12/31/2018,5 Series,2018,Europe,Black,Petrol,Automatic,2.8,159675,68613,7287,High
12/31/2020,7 Series,2020,Africa,Silver,Electric,Automatic,4.2,18321,158948,521,Low
12/31/2022,7 Series,2022,South America,Blue,Hybrid,Manual,1.7,127536,121856,1631,Low
12/31/2012,X3,2012,Europe,White,Petrol,Manual,2.8,74844,49743,8113,High
12/31/2014,i3,2014,Africa,Red,Hybrid,Automatic,2.3,108429,57358,2741,Low
12/31/2022,M5,2022,South America,Blue,Diesel,Automatic,4.1,44815,150641,780,Low
12/31/2023,i8,2023,Europe,Red,Hybrid,Automatic,2.3,21657,181982,531,Low
12/31/2014,3 Series,2014,Middle East,White,Electric,Automatic,3.1,92276,75050,5254,High
12/31/2019,M5,2019,North America,Red,Hybrid,Manual,4.4,74746,144037,1877,Low
12/31/2016,M3,2016,Europe,Black,Diesel,Manual,4.7,11570,110508,1897,Low
12/31/2013,X3,2013,Middle East,Red,Hybrid,Automatic,4,124408,66048,5757,High
12/31/2020,X1,2020,South America,Blue,Petrol,Manual,3,184906,52947,4700,Low
12/31/2013,5 Series,2013,Asia,Grey,Diesel,Automatic,3.5,135519,59806,7802,High
12/31/2016,X3,2016,South America,Silver,Hybrid,Automatic,3.9,11097,99819,5261,High
12/31/2018,X6,2018,Middle East,White,Hybrid,Automatic,4.6,122174,119451,2630,Low
12/31/2024,i8,2024,South America,Silver,Diesel,Manual,4.6,191392,156457,229,Low
12/31/2020,X1,2020,Asia,Black,Diesel,Manual,4.8,159803,68421,7430,High
12/31/2013,M5,2013,Middle East,Grey,Petrol,Automatic,4.3,171684,100225,458,Low
12/31/2013,X1,2013,Asia,Red,Hybrid,Automatic,2,23434,59768,6767,High
12/31/2015,5 Series,2015,Middle East,Black,Diesel,Manual,4.1,123539,69253,4063,Low
12/31/2015,X1,2015,Africa,Silver,Petrol,Automatic,4.4,169676,48460,3568,Low
12/31/2016,X3,2016,Asia,Red,Petrol,Manual,4.6,17825,94228,9791,High
12/31/2024,M5,2024,Asia,Black,Diesel,Manual,4.7,126651,143541,1898,Low
12/31/2010,7 Series,2010,Africa,Blue,Diesel,Automatic,3.3,104288,71337,50,Low
12/31/2022,i3,2022,Africa,Grey,Petrol,Manual,3.8,102713,85618,2802,Low
12/31/2020,i8,2020,Asia,White,Hybrid,Automatic,1.5,128682,149868,603,Low
12/31/2023,X1,2023,Europe,Red,Electric,Automatic,3.5,13507,114001,7338,High
12/31/2012,3 Series,2012,Africa,Red,Hybrid,Manual,3.2,136757,43949,4770,Low
12/31/2018,X3,2018,Asia,Blue,Petrol,Automatic,4.9,181241,77986,8666,High
12/31/2015,7 Series,2015,North America,Silver,Electric,Automatic,4.7,77937,133748,586,Low
12/31/2015,X6,2015,North America,White,Electric,Automatic,4.3,82363,115962,3029,Low
12/31/2014,M3,2014,North America,Black,Petrol,Automatic,1.7,67338,71735,2466,Low
12/31/2020,3 Series,2020,Africa,Black,Diesel,Automatic,2.9,54293,84435,4904,Low
12/31/2012,X3,2012,Middle East,Blue,Electric,Manual,3.9,115715,67197,4594,Low
12/31/2020,i8,2020,South America,Black,Electric,Manual,1.6,124969,147435,241,Low
12/31/2014,3 Series,2014,Middle East,Grey,Hybrid,Automatic,2.3,53803,67006,6774,High
12/31/2023,X1,2023,Africa,Red,Petrol,Automatic,4.6,181105,78711,5360,High
12/31/2010,M3,2010,Africa,Silver,Petrol,Manual,2,171918,32741,1167,Low
12/31/2012,5 Series,2012,South America,Grey,Diesel,Manual,1.7,26187,52477,4041,Low
12/31/2013,7 Series,2013,South America,Grey,Hybrid,Manual,3.5,17248,109056,50,Low
12/31/2014,X6,2014,Europe,Black,Diesel,Manual,4.8,69023,95159,2909,Low
12/31/2019,M5,2019,Europe,Red,Petrol,Manual,4.4,83013,135193,1566,Low
12/31/2018,7 Series,2018,Asia,White,Petrol,Manual,4.9,75882,127209,1280,Low
12/31/2013,i3,2013,Asia,Silver,Petrol,Automatic,4.1,153856,50039,5187,High
12/31/2012,M3,2012,Europe,Black,Diesel,Automatic,3,137701,55763,2504,Low
12/31/2019,X3,2019,Africa,Grey,Electric,Manual,4.8,110183,95542,4328,Low
12/31/2010,i8,2010,North America,Red,Petrol,Manual,3,78961,108065,50,Low
12/31/2022,X5,2022,Europe,Grey,Petrol,Manual,2.7,196967,80224,6299,High
12/31/2019,X1,2019,Europe,Blue,Electric,Manual,3.1,22529,99834,8426,High
12/31/2015,i8,2015,Europe,White,Hybrid,Manual,4.3,177741,131157,50,Low
12/31/2016,5 Series,2016,Middle East,White,Diesel,Automatic,4.7,125328,86274,4099,Low
12/31/2019,3 Series,2019,South America,Red,Diesel,Automatic,2.8,187953,52805,7016,High
12/31/2024,3 Series,2024,Asia,Red,Hybrid,Manual,3.1,40657,111550,10722,High
12/31/2017,X5,2017,North America,Blue,Petrol,Automatic,4.6,171152,87912,5025,High
12/31/2021,7 Series,2021,Europe,Black,Diesel,Automatic,1.7,68199,123833,1553,Low
12/31/2010,X6,2010,South America,Grey,Petrol,Automatic,4.2,64567,76116,3145,Low
12/31/2021,3 Series,2021,Europe,Grey,Diesel,Automatic,3.1,163689,68489,11073,High
12/31/2013,M3,2013,Asia,Blue,Hybrid,Automatic,2.8,33566,92605,2131,Low
12/31/2020,M5,2020,Africa,Black,Diesel,Automatic,3.1,109330,122857,876,Low
12/31/2014,X1,2014,Asia,Blue,Hybrid,Manual,3,13628,74681,7628,High
12/31/2011,5 Series,2011,Europe,White,Diesel,Automatic,4.1,136528,53271,5219,High
12/31/2010,X6,2010,North America,Grey,Hybrid,Manual,4.7,12631,96175,2631,Low
12/31/2017,5 Series,2017,North America,White,Diesel,Manual,3.2,182508,60649,7114,High
12/31/2015,3 Series,2015,North America,Grey,Diesel,Automatic,4.4,170627,55527,9431,High
12/31/2014,i3,2014,Asia,Black,Electric,Automatic,4.1,102724,74189,4163,Low
12/31/2022,i3,2022,South America,Blue,Petrol,Automatic,2.7,180723,68117,3721,Low
12/31/2018,i8,2018,Middle East,White,Hybrid,Manual,3.6,88948,158809,50,Low
12/31/2022,X3,2022,Asia,Blue,Electric,Automatic,3.8,59182,123858,9361,High
12/31/2020,X6,2020,Middle East,Red,Electric,Manual,1.6,150014,103734,3228,Low
12/31/2022,3 Series,2022,Asia,Grey,Electric,Manual,2.9,11304,54851,12340,High
12/31/2020,3 Series,2020,Middle East,Silver,Petrol,Automatic,5,37248,111976,6386,High
12/31/2011,X1,2011,South America,Blue,Electric,Automatic,3.7,182873,37681,4651,Low
12/31/2019,X5,2019,Europe,Red,Electric,Automatic,2.7,78358,114168,6490,High
12/31/2021,7 Series,2021,South America,Silver,Electric,Manual,2.4,77525,133119,1307,Low
12/31/2017,X6,2017,Africa,Grey,Hybrid,Automatic,2.2,157406,78813,1930,Low
12/31/2020,7 Series,2020,Asia,Blue,Electric,Automatic,2.9,129351,77516,2965,Low
12/31/2023,X6,2023,Europe,Blue,Hybrid,Manual,2.2,61613,127046,4226,Low
12/31/2019,5 Series,2019,Middle East,Black,Petrol,Automatic,2,30667,99670,4859,Low
12/31/2022,3 Series,2022,North America,Silver,Petrol,Automatic,2.8,105557,89038,9870,High
12/31/2018,M5,2018,Europe,White,Petrol,Automatic,3.6,187690,105580,1593,Low
12/31/2010,i3,2010,North America,Silver,Petrol,Manual,2,86030,29880,4976,Low
12/31/2016,M3,2016,Europe,Blue,Electric,Automatic,1.7,28091,102901,2624,Low
12/31/2017,M5,2017,Middle East,Black,Electric,Manual,1.6,129943,119142,651,Low
12/31/2012,i8,2012,Asia,Blue,Hybrid,Automatic,2.4,188528,108684,50,Low
12/31/2023,7 Series,2023,South America,Grey,Hybrid,Automatic,2.2,197656,111132,1974,Low
12/31/2013,M3,2013,North America,Blue,Electric,Automatic,3.4,54068,94857,2320,Low
12/31/2022,M5,2022,South America,Silver,Diesel,Manual,3.1,155577,114030,1437,Low
12/31/2012,X5,2012,North America,White,Diesel,Automatic,2.6,148993,52734,6217,High
12/31/2016,M5,2016,Europe,Blue,Petrol,Automatic,4.4,197696,102536,1657,Low
12/31/2018,X6,2018,South America,Red,Hybrid,Automatic,3.3,12115,121793,2776,Low
12/31/2012,5 Series,2012,North America,White,Electric,Manual,1.8,116652,59717,7295,High
12/31/2022,X1,2022,Europe,Blue,Hybrid,Manual,2.5,37017,95950,9026,High
12/31/2015,X3,2015,South America,Grey,Hybrid,Manual,4.9,168018,69159,5206,High
12/31/2017,5 Series,2017,South America,Grey,Petrol,Automatic,4.9,56654,95133,3813,Low
12/31/2015,M3,2015,North America,Grey,Petrol,Manual,2.4,93801,76546,2493,Low
12/31/2011,7 Series,2011,Europe,Black,Electric,Manual,2.1,55091,95890,456,Low
12/31/2022,i3,2022,North America,Silver,Diesel,Manual,3.2,193281,69284,6452,High
12/31/2016,X1,2016,Middle East,Grey,Petrol,Automatic,3.2,26561,73902,4717,Low
12/31/2011,M3,2011,Europe,Silver,Hybrid,Manual,2.9,60977,75406,1750,Low
12/31/2011,X3,2011,Asia,White,Electric,Manual,3.4,186745,43214,9587,High
12/31/2011,i3,2011,Asia,Blue,Hybrid,Automatic,2.3,55008,55864,4567,Low
12/31/2020,M3,2020,South America,Silver,Hybrid,Manual,1.9,2441,109011,2067,Low
12/31/2024,X5,2024,Asia,White,Petrol,Automatic,3.5,74991,121510,6036,High
12/31/2010,i8,2010,North America,Silver,Hybrid,Automatic,4.8,196653,119316,50,Low
12/31/2023,M5,2023,Europe,Silver,Electric,Manual,2,96953,147453,426,Low
12/31/2020,5 Series,2020,North America,Blue,Petrol,Automatic,4,186452,84898,8287,High
12/31/2010,X1,2010,South America,Black,Electric,Automatic,3,148692,34845,4049,Low
12/31/2023,X6,2023,South America,Grey,Diesel,Automatic,2.5,184554,88694,3200,Low
12/31/2016,5 Series,2016,South America,Red,Electric,Manual,4.5,182540,77596,4253,Low
12/31/2024,M3,2024,Europe,Silver,Electric,Automatic,3.1,132530,122277,4162,Low
12/31/2022,i8,2022,Europe,Red,Electric,Manual,3.5,29007,184954,412,Low
12/31/2023,i8,2023,Africa,White,Hybrid,Automatic,3.1,115671,160636,478,Low
12/31/2023,X1,2023,Middle East,Grey,Hybrid,Manual,1.8,145593,81432,7098,High
12/31/2024,i8,2024,Africa,Blue,Hybrid,Automatic,3.6,128278,165686,570,Low
12/31/2023,M3,2023,Europe,Black,Electric,Manual,3,138237,114182,3503,Low
12/31/2021,5 Series,2021,North America,Blue,Electric,Manual,1.8,119454,99796,6533,High
12/31/2014,M3,2014,South America,Blue,Hybrid,Automatic,3.6,55017,94340,926,Low
12/31/2020,M3,2020,Middle East,Red,Electric,Automatic,1.5,167832,91048,2392,Low
12/31/2012,X3,2012,Middle East,Red,Hybrid,Automatic,2.2,157493,47042,5363,High
12/31/2010,X5,2010,North America,White,Diesel,Automatic,4.2,78892,66930,5158,High
12/31/2020,X5,2020,South America,White,Petrol,Manual,1.6,193622,62211,3740,Low
12/31/2019,X5,2019,Europe,White,Diesel,Automatic,3.8,114220,94216,6155,High
12/31/2015,X3,2015,South America,Silver,Hybrid,Manual,4.8,20411,95925,3924,Low
12/31/2020,X3,2020,South America,White,Petrol,Manual,2.1,128244,69053,5337,High
12/31/2010,X1,2010,South America,Red,Hybrid,Manual,3,198780,25000,4902,Low
12/31/2018,X6,2018,North America,Silver,Hybrid,Manual,3.5,61167,114688,4329,Low
12/31/2011,X6,2011,Middle East,Black,Diesel,Automatic,3.1,72383,70093,1883,Low
12/31/2010,i3,2010,Africa,Silver,Electric,Manual,3.7,182702,36047,2115,Low
12/31/2024,X3,2024,Africa,Black,Hybrid,Automatic,2.9,128828,103911,5620,High
12/31/2021,X6,2021,Europe,Black,Hybrid,Automatic,2,24650,60986,5383,High
12/31/2016,i3,2016,Africa,Silver,Diesel,Manual,1.8,166640,33411,2873,Low
12/31/2015,7 Series,2015,Middle East,Blue,Diesel,Automatic,4.1,117255,110799,322,Low
12/31/2015,i8,2015,Europe,Blue,Electric,Automatic,2.3,63495,141038,50,Low
12/31/2023,i8,2023,Africa,Blue,Petrol,Manual,4.5,129528,150244,108,Low
12/31/2014,3 Series,2014,Middle East,Silver,Electric,Manual,4.1,34867,90985,6452,High
12/31/2020,X3,2020,North America,Blue,Electric,Automatic,1.7,64981,98220,8211,High
12/31/2013,X6,2013,Middle East,White,Electric,Manual,2.2,80391,86486,2194,Low
12/31/2020,5 Series,2020,North America,Silver,Diesel,Automatic,2.5,104765,83856,6172,High
12/31/2013,X1,2013,Middle East,Red,Diesel,Automatic,3.6,23181,61276,5440,High
12/31/2012,M3,2012,South America,Blue,Hybrid,Manual,4.3,171076,66675,1110,Low
12/31/2019,i8,2019,Africa,Silver,Hybrid,Manual,1.7,135514,135605,238,Low
12/31/2017,7 Series,2017,Middle East,Red,Petrol,Automatic,2.4,91055,111066,531,Low
12/31/2016,M3,2016,Africa,White,Diesel,Manual,2.8,61424,77832,1507,Low
12/31/2018,i3,2018,Asia,Silver,Hybrid,Manual,2.1,76886,75122,5631,High
12/31/2010,i8,2010,Europe,Grey,Electric,Automatic,3.4,87691,123995,50,Low
12/31/2016,X6,2016,South America,Silver,Petrol,Automatic,3.2,135999,81276,1999,Low
12/31/2019,X3,2019,North America,Black,Hybrid,Manual,2.6,8179,102279,8697,High
12/31/2013,M5,2013,Asia,Grey,Electric,Manual,3.3,78971,117652,1028,Low
12/31/2016,i3,2016,Africa,Red,Hybrid,Manual,2.7,85127,69788,2327,Low
12/31/2022,i8,2022,South America,Grey,Diesel,Automatic,2.7,11132,164609,50,Low
12/31/2021,X5,2021,South America,Black,Petrol,Automatic,2.4,62660,100908,3806,Low
12/31/2010,i8,2010,Europe,Black,Petrol,Manual,3.4,132816,104082,50,Low
12/31/2014,X3,2014,Asia,Red,Diesel,Automatic,3.1,130466,51555,7953,High
12/31/2012,i8,2012,Asia,Silver,Electric,Automatic,2.2,89166,125538,50,Low
12/31/2014,3 Series,2014,South America,Red,Petrol,Automatic,1.5,91019,42010,6356,High
12/31/2013,X3,2013,Africa,Black,Electric,Automatic,2,159714,49197,4398,Low
12/31/2011,i3,2011,North America,Silver,Hybrid,Automatic,1.6,13417,56832,4928,Low
12/31/2020,i3,2020,Africa,Blue,Petrol,Manual,3,141935,68257,3594,Low
12/31/2013,3 Series,2013,South America,White,Electric,Automatic,2.3,6770,75654,4952,Low
12/31/2012,i8,2012,Europe,Black,Petrol,Automatic,3,14914,134484,50,Low
12/31/2022,7 Series,2022,Asia,White,Diesel,Manual,2.7,126601,122109,1645,Low
12/31/2010,M3,2010,South America,Black,Hybrid,Automatic,3.4,165249,54167,1009,Low
12/31/2021,M5,2021,Europe,White,Electric,Automatic,4,45710,166944,1792,Low
12/31/2019,M5,2019,Middle East,Blue,Electric,Automatic,3.2,56694,153460,997,Low
12/31/2017,i3,2017,Africa,Silver,Hybrid,Automatic,1.7,127166,58314,3124,Low
12/31/2024,X1,2024,Africa,Grey,Diesel,Manual,1.6,71814,81811,5078,High
12/31/2014,X3,2014,Middle East,Silver,Electric,Automatic,2.2,178363,55505,4989,Low
12/31/2013,X1,2013,North America,Grey,Petrol,Manual,3,126318,36287,8148,High
12/31/2019,X1,2019,Middle East,Red,Petrol,Manual,1.7,88153,58699,5927,High
12/31/2021,7 Series,2021,Middle East,Red,Diesel,Manual,2.6,4743,140427,801,Low
12/31/2014,i8,2014,North America,Black,Petrol,Automatic,4.6,135965,127472,50,Low
12/31/2013,3 Series,2013,Africa,Red,Hybrid,Automatic,1.8,162924,35796,4517,Low
12/31/2012,M3,2012,Africa,Red,Hybrid,Automatic,4.8,45907,97846,419,Low
12/31/2014,X3,2014,North America,White,Petrol,Automatic,4.5,157749,58639,9230,High
12/31/2013,X6,2013,Europe,Grey,Hybrid,Automatic,4.4,139957,85019,2927,Low
12/31/2024,5 Series,2024,South America,Silver,Electric,Automatic,4.5,93918,132686,4293,Low
12/31/2010,i8,2010,South America,Blue,Diesel,Manual,1.8,30975,102097,50,Low
12/31/2021,X1,2021,Africa,Red,Hybrid,Manual,2,125596,69277,5826,High
12/31/2012,X6,2012,South America,White,Electric,Automatic,2,146100,70416,1659,Low
12/31/2019,X1,2019,South America,Red,Diesel,Manual,1.9,131805,50274,4909,Low
12/31/2024,5 Series,2024,North America,Black,Hybrid,Manual,2.6,88094,121546,8090,High
12/31/2019,3 Series,2019,Africa,Black,Electric,Manual,4.4,118787,93848,6362,High
12/31/2017,i3,2017,Europe,Blue,Diesel,Manual,2.4,144796,50240,5297,High
12/31/2016,7 Series,2016,Europe,Silver,Hybrid,Manual,2.4,61739,110985,910,Low
12/31/2011,3 Series,2011,Africa,Blue,Petrol,Manual,3.9,87133,46442,3886,Low
12/31/2010,X5,2010,South America,Grey,Diesel,Automatic,1.8,63870,48735,3372,Low
12/31/2012,5 Series,2012,North America,White,Hybrid,Automatic,2.8,164600,57124,6128,High
12/31/2014,X3,2014,Middle East,White,Electric,Automatic,2.5,181781,57615,5074,High
12/31/2019,7 Series,2019,North America,Black,Petrol,Automatic,4.5,12790,145785,2174,Low
12/31/2024,X1,2024,Africa,Grey,Electric,Manual,3.3,173693,88146,4536,Low
12/31/2020,M5,2020,Africa,Blue,Hybrid,Automatic,3.8,21387,158134,772,Low
12/31/2021,M5,2021,South America,Black,Petrol,Manual,2,187933,101111,1230,Low
12/31/2010,M3,2010,North America,Silver,Hybrid,Automatic,4.8,156676,71381,1793,Low
12/31/2012,i3,2012,Middle East,Blue,Petrol,Manual,2.6,177345,27925,11560,High
12/31/2012,3 Series,2012,North America,White,Hybrid,Automatic,4,66426,66523,8581,High
12/31/2014,M3,2014,North America,Blue,Diesel,Automatic,4.8,71877,94183,2013,Low
12/31/2012,X3,2012,Middle East,Grey,Hybrid,Automatic,3.3,166506,54864,5978,High
12/31/2022,5 Series,2022,North America,Silver,Electric,Manual,3.3,106090,111201,6988,High
12/31/2018,M3,2018,South America,White,Electric,Automatic,1.9,133538,91970,1905,Low
12/31/2010,7 Series,2010,North America,Blue,Petrol,Manual,2.9,28233,86157,442,Low
12/31/2013,M5,2013,Asia,Blue,Petrol,Manual,4.5,15695,126003,932,Low
12/31/2022,3 Series,2022,Africa,White,Hybrid,Manual,2,110639,80772,6234,High
12/31/2022,X1,2022,Asia,Silver,Electric,Manual,4.7,120277,103822,7509,High
12/31/2019,M5,2019,Europe,Grey,Diesel,Manual,3.8,54194,131112,1399,Low
12/31/2019,X3,2019,North America,Red,Hybrid,Automatic,3,157327,76427,8343,High
12/31/2013,M5,2013,Middle East,Black,Hybrid,Automatic,3.4,177199,106280,373,Low
12/31/2010,X1,2010,South America,Grey,Electric,Manual,2,146342,25000,4703,Low
12/31/2023,X1,2023,Africa,White,Petrol,Automatic,2.3,193664,62400,4904,Low
12/31/2011,5 Series,2011,Middle East,Black,Electric,Manual,2.5,79228,69676,4244,Low
12/31/2020,X3,2020,South America,Red,Petrol,Manual,2.8,6671,92881,6037,High
12/31/2010,7 Series,2010,South America,Red,Hybrid,Manual,4.7,50707,104034,50,Low
12/31/2015,X1,2015,Asia,Blue,Electric,Manual,2.8,127391,59989,8083,High
12/31/2012,X6,2012,Asia,Grey,Diesel,Automatic,3.3,133505,63022,3563,Low
12/31/2016,X3,2016,Africa,White,Petrol,Automatic,2.1,128058,54827,4814,Low
12/31/2014,7 Series,2014,Africa,Red,Petrol,Manual,4.1,121274,95628,60,Low
12/31/2018,X6,2018,South America,Red,Electric,Manual,3.5,9685,127897,2266,Low
12/31/2016,5 Series,2016,Asia,Black,Diesel,Manual,3,182532,55680,7234,High
12/31/2013,i3,2013,North America,Red,Hybrid,Manual,4.8,101569,70413,5041,High
12/31/2014,M5,2014,Europe,White,Hybrid,Manual,4.6,19622,134497,619,Low
12/31/2014,X5,2014,North America,Black,Diesel,Automatic,3.8,198699,56502,4969,Low
12/31/2020,M3,2020,South America,Grey,Diesel,Automatic,4.7,155816,99221,1857,Low
12/31/2024,M5,2024,North America,Grey,Hybrid,Manual,3.5,58207,169655,2497,Low
12/31/2014,7 Series,2014,South America,Blue,Diesel,Automatic,4.4,111480,93692,220,Low
12/31/2019,5 Series,2019,South America,Blue,Diesel,Manual,2.9,71754,84399,4548,Low
12/31/2018,i8,2018,North America,Silver,Diesel,Automatic,1.8,33561,141687,50,Low
12/31/2019,X1,2019,North America,Red,Petrol,Manual,5,101426,83177,6812,High
12/31/2012,X6,2012,North America,Red,Electric,Manual,2.1,141707,68652,3226,Low
12/31/2015,7 Series,2015,Europe,Silver,Diesel,Automatic,2.4,45813,103591,807,Low
12/31/2017,5 Series,2017,Europe,White,Diesel,Automatic,2.1,139182,66543,7272,High
12/31/2020,X6,2020,Middle East,White,Diesel,Manual,2.7,178480,84673,3012,Low
12/31/2018,3 Series,2018,North America,White,Diesel,Automatic,2.5,150858,59194,9737,High
12/31/2022,M3,2022,South America,Black,Petrol,Manual,3.6,86384,109049,2233,Low
12/31/2024,5 Series,2024,South America,Silver,Petrol,Manual,5,145109,107694,4630,Low
12/31/2016,i3,2016,Asia,Grey,Electric,Automatic,1.7,122731,64126,4703,Low
12/31/2021,i8,2021,Asia,Silver,Electric,Automatic,4.2,7093,184163,286,Low
12/31/2012,X5,2012,Asia,Black,Diesel,Manual,1.9,80713,52544,5876,High
12/31/2010,M5,2010,Asia,Black,Electric,Automatic,1.6,154917,80563,1027,Low
12/31/2013,i8,2013,Middle East,Silver,Petrol,Automatic,3.7,37400,138443,50,Low
12/31/2022,X1,2022,Europe,Silver,Petrol,Manual,4.6,191373,77168,8434,High
12/31/2015,7 Series,2015,North America,Blue,Petrol,Manual,2.1,190191,74263,1370,Low
12/31/2012,X6,2012,Africa,Grey,Diesel,Automatic,2.7,153160,50739,1854,Low
12/31/2023,3 Series,2023,North America,Grey,Petrol,Manual,2.1,156837,72811,11226,High
12/31/2010,M5,2010,North America,Silver,Diesel,Manual,4.7,199101,76959,1141,Low
12/31/2015,X5,2015,South America,Red,Diesel,Automatic,2.4,183908,54274,3356,Low
12/31/2023,5 Series,2023,Middle East,Black,Hybrid,Manual,3.1,98716,111397,5389,High
12/31/2010,5 Series,2010,Middle East,Silver,Hybrid,Automatic,4.6,166601,62044,4112,Low
12/31/2018,5 Series,2018,South America,Silver,Hybrid,Manual,3.4,15494,111230,4285,Low
12/31/2020,X6,2020,South America,Silver,Petrol,Manual,4.8,59124,115997,2144,Low
12/31/2023,7 Series,2023,Asia,Black,Hybrid,Manual,4.7,40528,160062,1895,Low
12/31/2021,X5,2021,North America,Blue,Hybrid,Automatic,3.1,36297,129663,6419,High
12/31/2010,X5,2010,Asia,Blue,Electric,Manual,3.5,144576,61868,5147,High
12/31/2022,i3,2022,Europe,Red,Electric,Manual,2.3,72041,95790,6120,High
12/31/2015,i3,2015,South America,Red,Electric,Manual,5,188755,64305,2433,Low
12/31/2010,X1,2010,North America,Grey,Electric,Manual,2.5,135622,33569,8202,High
12/31/2021,X1,2021,Europe,Black,Petrol,Automatic,4.2,9992,102322,6386,High
12/31/2016,M5,2016,Middle East,Black,Hybrid,Manual,2.6,171551,108579,810,Low
12/31/2012,X6,2012,Europe,Silver,Petrol,Manual,2.6,149787,55320,4221,Low
12/31/2015,X3,2015,Africa,Grey,Electric,Automatic,1.9,47323,78858,3947,Low
12/31/2016,X3,2016,Asia,Silver,Diesel,Automatic,3.5,19517,81644,8735,High
12/31/2010,X3,2010,Europe,Black,Hybrid,Automatic,2.4,166913,34331,6984,High
12/31/2010,i3,2010,Middle East,Blue,Petrol,Automatic,2,176763,25000,2965,Low
12/31/2022,3 Series,2022,Middle East,Silver,Hybrid,Automatic,2.3,12163,106652,7387,High
12/31/2014,M3,2014,Asia,Silver,Electric,Automatic,2.4,80124,93279,2750,Low
12/31/2015,3 Series,2015,Europe,Blue,Electric,Manual,3.3,113232,68713,9778,High
12/31/2024,X5,2024,South America,White,Petrol,Manual,2.9,51525,157315,2968,Low
12/31/2024,M5,2024,Europe,Blue,Petrol,Automatic,1.8,186887,115995,2812,Low
12/31/2018,i3,2018,Asia,Blue,Electric,Automatic,3.4,192429,69787,6452,High
12/31/2023,i8,2023,South America,Blue,Diesel,Automatic,4.3,150667,159104,56,Low
12/31/2010,3 Series,2010,North America,Silver,Hybrid,Manual,3.5,79486,52312,9411,High
12/31/2022,5 Series,2022,Europe,Black,Diesel,Manual,4.9,140178,104639,7291,High
12/31/2013,5 Series,2013,Europe,Black,Hybrid,Automatic,1.8,35706,75008,5191,High
12/31/2019,7 Series,2019,Africa,Blue,Petrol,Automatic,4.4,142556,117908,459,Low
12/31/2017,M5,2017,Africa,Silver,Hybrid,Automatic,3.3,118495,115380,419,Low
12/31/2019,i3,2019,Middle East,White,Diesel,Automatic,3.3,154794,70353,3686,Low
12/31/2018,7 Series,2018,Africa,Silver,Electric,Automatic,3.3,20848,138039,513,Low
12/31/2024,i3,2024,Middle East,Blue,Diesel,Automatic,2.6,90123,97242,413,Low
12/31/2022,X5,2022,North America,Blue,Diesel,Automatic,2.6,80536,109728,5494,High
12/31/2012,X1,2012,Europe,White,Petrol,Automatic,3.7,59782,49533,6124,High
12/31/2020,X5,2020,Africa,Black,Electric,Automatic,1.7,192668,80694,3978,Low
12/31/2011,i8,2011,Africa,White,Diesel,Manual,3.6,173332,94416,50,Low
12/31/2013,7 Series,2013,Middle East,Blue,Diesel,Manual,4,1079,114393,50,Low
12/31/2011,5 Series,2011,Middle East,Blue,Diesel,Manual,2.7,22038,63591,3475,Low
12/31/2010,X3,2010,North America,Red,Electric,Automatic,2.3,38661,62263,8752,High
12/31/2021,X5,2021,Europe,Grey,Petrol,Automatic,2.2,177893,84650,6216,High
12/31/2012,M5,2012,Middle East,Silver,Petrol,Automatic,1.8,195657,74590,681,Low
12/31/2016,X6,2016,Asia,Black,Hybrid,Manual,1.8,44667,92557,4209,Low
12/31/2022,X6,2022,Africa,Grey,Hybrid,Automatic,2.1,149410,105358,2761,Low
12/31/2022,7 Series,2022,Africa,Red,Petrol,Automatic,1.6,150916,106667,1168,Low
12/31/2010,X1,2010,Asia,Blue,Petrol,Manual,2.4,94459,25560,8318,High
12/31/2011,X5,2011,Middle East,Silver,Electric,Manual,2.6,161085,58414,3713,Low
12/31/2010,5 Series,2010,Middle East,Grey,Diesel,Automatic,5,101204,62403,3363,Low
12/31/2017,i3,2017,Asia,White,Diesel,Automatic,5,176974,63540,6144,High
12/31/2014,M3,2014,Europe,Black,Hybrid,Automatic,2.2,93899,81479,2173,Low
12/31/2017,X5,2017,Africa,Grey,Electric,Manual,2.2,89639,86656,3107,Low
12/31/2012,i8,2012,Africa,Silver,Petrol,Manual,3.2,5372,128444,50,Low
12/31/2022,X3,2022,Middle East,White,Diesel,Manual,2,192125,67726,6166,High
12/31/2021,X3,2021,Africa,Grey,Diesel,Automatic,3.3,182470,67492,5369,High
12/31/2016,i3,2016,South America,Blue,Hybrid,Automatic,2.9,170459,59368,2737,Low
12/31/2017,X6,2017,Middle East,White,Petrol,Automatic,2.6,120802,86972,2925,Low
12/31/2024,X6,2024,Africa,White,Hybrid,Automatic,4.4,127612,135993,3120,Low
12/31/2015,M5,2015,Europe,Black,Hybrid,Automatic,4.4,43654,131240,779,Low
12/31/2022,X5,2022,South America,Black,Diesel,Manual,5,132497,108370,4233,Low
12/31/2022,M5,2022,Asia,Black,Diesel,Automatic,2.3,73427,140342,1979,Low
12/31/2016,X6,2016,Asia,Black,Diesel,Automatic,4.6,120281,97383,4249,Low
12/31/2023,X6,2023,South America,Grey,Hybrid,Manual,3.4,2278,135604,2725,Low
12/31/2021,X6,2021,Africa,Black,Petrol,Manual,3.6,49380,114342,2418,Low
12/31/2011,7 Series,2011,South America,Grey,Petrol,Automatic,4.6,125947,85872,50,Low
12/31/2017,3 Series,2017,Asia,Black,Petrol,Manual,4.8,190157,59552,8773,High
12/31/2014,3 Series,2014,Africa,Grey,Hybrid,Automatic,4,161102,54784,4830,Low
12/31/2016,X5,2016,Asia,Red,Electric,Automatic,2.7,174159,84027,6005,High
12/31/2010,i3,2010,Asia,Silver,Hybrid,Automatic,3.2,102904,50775,4041,Low
12/31/2014,i3,2014,Europe,Grey,Electric,Manual,3.7,146710,60713,4583,Low
12/31/2010,M5,2010,Asia,Black,Petrol,Manual,4.4,3937,107494,740,Low
12/31/2021,X1,2021,North America,Grey,Diesel,Automatic,3.8,123347,77778,8668,High
12/31/2022,5 Series,2022,Middle East,Black,Diesel,Automatic,2.8,153362,87614,6000,High
12/31/2017,M3,2017,South America,Silver,Hybrid,Manual,3,53385,99865,1565,Low
12/31/2024,i8,2024,North America,Blue,Electric,Manual,1.7,170161,156218,1233,Low
12/31/2013,3 Series,2013,Asia,Silver,Hybrid,Manual,4.7,132897,64274,10027,High
12/31/2013,M3,2013,Europe,Grey,Diesel,Manual,1.8,77927,61768,2622,Low
12/31/2011,i8,2011,Europe,Black,Petrol,Automatic,3.5,194789,95767,50,Low
12/31/2014,X1,2014,South America,Blue,Hybrid,Manual,4.6,182706,50813,4335,Low
12/31/2010,M5,2010,Africa,Silver,Hybrid,Automatic,3,150343,80635,50,Low
12/31/2018,X1,2018,Asia,Grey,Electric,Automatic,4.3,140594,84920,8942,High
12/31/2014,X3,2014,South America,Grey,Petrol,Manual,4.3,178132,48324,4481,Low
12/31/2015,M3,2015,Middle East,Black,Hybrid,Manual,1.7,179648,64657,1890,Low
12/31/2011,X5,2011,North America,Red,Diesel,Automatic,2.9,92972,61716,6083,High
12/31/2019,X5,2019,North America,Grey,Petrol,Automatic,3.9,175728,90944,6072,High
12/31/2019,X6,2019,North America,Grey,Diesel,Manual,3,178811,83431,4496,Low
12/31/2010,M3,2010,Asia,Grey,Electric,Manual,3.4,121169,69662,2324,Low
12/31/2013,5 Series,2013,North America,Silver,Petrol,Automatic,3.6,40762,81899,5522,High
12/31/2016,3 Series,2016,Middle East,Grey,Electric,Manual,2,59902,80531,1163,Low
12/31/2015,X6,2015,Africa,Blue,Hybrid,Automatic,2.9,130959,86220,1908,Low
12/31/2019,M5,2019,Middle East,Grey,Electric,Automatic,1.6,18734,145428,1206,Low
12/31/2010,X3,2010,Europe,Black,Petrol,Automatic,2,27817,47799,8182,High
12/31/2010,X5,2010,South America,Grey,Hybrid,Automatic,3.3,167832,25000,3412,Low
12/31/2017,X3,2017,North America,White,Hybrid,Automatic,3.5,77380,90697,9366,High
12/31/2013,i3,2013,Africa,Silver,Diesel,Manual,2,116589,32667,2584,Low
12/31/2014,7 Series,2014,North America,Blue,Electric,Manual,4.1,160389,107345,874,Low
12/31/2022,3 Series,2022,North America,Blue,Hybrid,Manual,2.8,187886,77003,9698,High
12/31/2016,3 Series,2016,Middle East,Black,Electric,Automatic,4.7,184461,78354,5767,High
12/31/2017,5 Series,2017,Asia,Black,Electric,Automatic,2.9,185323,78178,6833,High
12/31/2024,5 Series,2024,Europe,Red,Electric,Manual,2,120857,108311,7522,High
12/31/2019,X1,2019,South America,White,Hybrid,Automatic,4.2,75482,90717,4402,Low
12/31/2016,X6,2016,Middle East,Silver,Diesel,Manual,3.5,162550,80562,3032,Low
12/31/2011,7 Series,2011,Asia,Blue,Diesel,Automatic,2.9,65165,87336,635,Low
12/31/2023,5 Series,2023,Asia,Blue,Diesel,Manual,2.7,88375,103281,6539,High
12/31/2024,X6,2024,Asia,Silver,Hybrid,Automatic,2,95594,121029,5743,High
12/31/2013,7 Series,2013,Middle East,Blue,Diesel,Automatic,2.7,977,110247,50,Low
12/31/2019,M5,2019,Middle East,White,Hybrid,Automatic,1.6,182481,108077,1921,Low
12/31/2021,X1,2021,Asia,Black,Hybrid,Manual,3.3,186573,72744,8388,High
12/31/2010,5 Series,2010,North America,White,Diesel,Manual,4.6,60543,65291,6155,High
12/31/2019,X3,2019,Africa,Red,Electric,Automatic,4.3,145080,90958,4720,Low
12/31/2018,M3,2018,Europe,Red,Electric,Manual,1.6,11509,107324,3495,Low
12/31/2012,M3,2012,Middle East,Grey,Hybrid,Manual,4.6,55110,93596,1088,Low
12/31/2021,M5,2021,Middle East,Grey,Petrol,Automatic,3.1,31579,152319,901,Low
12/31/2012,M3,2012,South America,White,Petrol,Automatic,2.2,4356,73111,1163,Low
12/31/2019,X6,2019,Asia,Silver,Hybrid,Automatic,4.1,50279,124580,4245,Low
12/31/2018,3 Series,2018,North America,Red,Diesel,Manual,2.6,119356,63571,9764,High
12/31/2019,M3,2019,North America,Blue,Electric,Automatic,2.4,138239,100858,3177,Low
12/31/2012,X3,2012,Asia,Red,Electric,Automatic,2.1,27824,69563,9184,High
12/31/2017,M3,2017,Middle East,Black,Hybrid,Manual,3.2,146382,86386,1898,Low
12/31/2011,5 Series,2011,North America,Grey,Electric,Automatic,1.8,196912,44679,6169,High
12/31/2023,M3,2023,Europe,Grey,Electric,Manual,4.2,73825,133601,3414,Low
12/31/2022,7 Series,2022,Asia,White,Diesel,Automatic,3.1,95859,124111,1761,Low
12/31/2012,i8,2012,Europe,Grey,Diesel,Automatic,3.1,192656,93646,50,Low
12/31/2011,X1,2011,Asia,Grey,Diesel,Automatic,1.5,122940,25000,8397,High
12/31/2010,i3,2010,Europe,Black,Diesel,Manual,4.4,170249,29115,4598,Low
12/31/2011,7 Series,2011,Africa,Silver,Diesel,Automatic,3.2,93089,81528,50,Low
12/31/2017,7 Series,2017,North America,White,Diesel,Automatic,3,82620,110838,1147,Low
12/31/2018,M5,2018,Asia,Blue,Electric,Automatic,4.2,29105,162816,1510,Low
12/31/2022,X5,2022,South America,Blue,Hybrid,Manual,1.7,160169,91885,4163,Low
12/31/2011,M5,2011,Middle East,White,Petrol,Automatic,2.8,113242,93670,183,Low
12/31/2016,M3,2016,Africa,White,Diesel,Automatic,3.5,17623,97655,1100,Low
12/31/2024,X5,2024,Africa,White,Diesel,Automatic,3.1,46263,112543,3491,Low
12/31/2014,3 Series,2014,Asia,Red,Hybrid,Manual,2.1,161396,46131,9713,High
12/31/2012,M3,2012,North America,Grey,Hybrid,Manual,2.5,73066,76270,2114,Low
12/31/2018,5 Series,2018,North America,Black,Electric,Manual,2.6,131163,83791,7592,High
12/31/2024,M3,2024,Africa,Red,Petrol,Automatic,5,67777,133186,1747,Low
12/31/2015,M3,2015,South America,Grey,Diesel,Automatic,2.6,71098,79387,1209,Low
12/31/2020,i8,2020,Africa,Silver,Petrol,Automatic,2.2,1196,69832,822,Low
12/31/2010,3 Series,2010,Middle East,Blue,Petrol,Automatic,4.4,2840,70479,5662,High
12/31/2014,X6,2014,South America,Silver,Electric,Automatic,3,8450,110231,1440,Low
12/31/2016,5 Series,2016,Africa,Silver,Petrol,Manual,3.1,45646,80238,3440,Low
12/31/2013,M3,2013,Europe,Black,Diesel,Automatic,3.4,188019,55857,2853,Low
12/31/2017,X6,2017,Africa,Silver,Petrol,Manual,3.6,152120,78446,2228,Low
12/31/2019,3 Series,2019,Europe,Grey,Petrol,Automatic,3.6,100931,80778,9580,High
12/31/2014,X1,2014,Asia,Grey,Electric,Manual,1.6,66689,55414,8308,High
12/31/2018,i3,2018,South America,Grey,Hybrid,Manual,4.4,184440,71947,3186,Low
12/31/2018,7 Series,2018,Middle East,Silver,Diesel,Manual,2.2,138978,94534,1017,Low
12/31/2018,i3,2018,Europe,Grey,Diesel,Automatic,2.5,92449,66759,5457,High
12/31/2010,X3,2010,South America,Silver,Hybrid,Automatic,2.1,177276,29562,4386,Low
12/31/2011,X3,2011,Asia,Grey,Petrol,Automatic,4.2,33142,68897,7823,High
12/31/2012,i8,2012,Asia,Black,Petrol,Manual,3.5,54842,126311,50,Low
12/31/2023,3 Series,2023,North America,Grey,Hybrid,Manual,4.1,177587,95347,11696,High
12/31/2013,i8,2013,Europe,Red,Petrol,Automatic,3.8,103664,124915,50,Low
12/31/2019,X1,2019,Europe,White,Electric,Manual,1.9,154125,62150,8228,High
12/31/2018,i3,2018,North America,White,Diesel,Manual,2.6,152557,52964,4670,Low
12/31/2019,X1,2019,Asia,Blue,Petrol,Automatic,3.3,137129,63519,7525,High
12/31/2022,X6,2022,Asia,Grey,Diesel,Manual,2.6,163312,93487,5312,High
12/31/2015,7 Series,2015,North America,White,Petrol,Automatic,2.2,169798,80349,1272,Low
12/31/2010,X5,2010,Africa,Black,Electric,Automatic,4.5,156356,63772,2291,Low
12/31/2021,X3,2021,Middle East,Silver,Electric,Automatic,4.1,29838,123351,6848,High
12/31/2018,X6,2018,South America,Blue,Electric,Manual,2.7,124979,55329,3021,Low
12/31/2015,X1,2015,Europe,Blue,Petrol,Automatic,4.2,111343,60736,6785,High
12/31/2013,3 Series,2013,Middle East,Red,Diesel,Manual,3.7,162509,39166,7209,High
12/31/2023,X3,2023,South America,White,Electric,Automatic,1.5,179684,86621,7043,High
12/31/2013,X3,2013,North America,Red,Diesel,Manual,2.8,50978,57542,7476,High
12/31/2012,5 Series,2012,Africa,Blue,Electric,Manual,2.5,16188,80086,2985,Low
12/31/2016,3 Series,2016,Middle East,Grey,Electric,Manual,2.3,123760,70157,7217,High
12/31/2012,X5,2012,Asia,Blue,Electric,Automatic,2.4,34168,88347,4754,Low
12/31/2011,i8,2011,South America,Blue,Hybrid,Automatic,4.8,24923,135085,50,Low
12/31/2019,X6,2019,North America,Red,Hybrid,Automatic,3.2,13253,127187,4689,Low
12/31/2017,X3,2017,Europe,White,Electric,Automatic,4.5,110511,96097,7761,High
12/31/2013,5 Series,2013,South America,White,Petrol,Automatic,2.2,44334,65718,3409,Low
12/31/2017,M5,2017,Africa,Red,Petrol,Automatic,2.1,65735,115215,388,Low
12/31/2010,X5,2010,South America,Grey,Hybrid,Manual,4.6,38857,81578,2444,Low
12/31/2024,M5,2024,South America,Black,Hybrid,Automatic,3.2,3373,177463,1366,Low
12/31/2014,5 Series,2014,Middle East,Red,Petrol,Automatic,4.6,97813,77276,4255,Low
12/31/2022,X1,2022,South America,White,Petrol,Automatic,1.7,186057,58044,5245,High
12/31/2018,M5,2018,Asia,White,Diesel,Manual,4.7,173138,115133,1969,Low
12/31/2010,X5,2010,Africa,Grey,Diesel,Automatic,3,131574,45727,2287,Low
12/31/2020,3 Series,2020,Middle East,Silver,Hybrid,Manual,2,100213,84669,8072,High
12/31/2022,5 Series,2022,Middle East,White,Diesel,Manual,3.9,189210,91357,5185,High
12/31/2013,X5,2013,Africa,Silver,Electric,Automatic,4.3,155409,75585,2400,Low
12/31/2015,i3,2015,Africa,Grey,Petrol,Automatic,1.7,155005,38017,3247,Low
12/31/2019,X3,2019,Africa,Blue,Diesel,Manual,5,99651,89242,4499,Low
12/31/2017,7 Series,2017,South America,Silver,Hybrid,Automatic,3.9,134556,108947,473,Low
12/31/2023,M5,2023,Middle East,Blue,Diesel,Automatic,2.6,70786,146185,1299,Low
12/31/2012,i8,2012,Asia,Red,Electric,Automatic,2,134224,117731,50,Low
12/31/2014,X3,2014,North America,White,Electric,Automatic,2.9,192706,54720,9442,High
12/31/2016,i8,2016,Asia,White,Petrol,Automatic,2.3,33606,138917,50,Low
12/31/2010,7 Series,2010,Africa,Silver,Electric,Manual,3.2,191390,70504,50,Low
12/31/2024,7 Series,2024,Asia,Black,Diesel,Manual,4.2,3580,165422,1294,Low
12/31/2016,7 Series,2016,Europe,Black,Diesel,Automatic,3.8,160986,94594,1117,Low
12/31/2022,X3,2022,Middle East,Blue,Diesel,Automatic,3,80357,91729,6638,High
12/31/2021,3 Series,2021,Asia,Black,Hybrid,Manual,1.9,123778,79108,12405,High
12/31/2020,X6,2020,South America,Red,Petrol,Automatic,4.9,39697,122472,2414,Low
12/31/2017,i8,2017,South America,Grey,Electric,Automatic,2.4,100477,144128,50,Low
12/31/2017,X6,2017,Africa,Grey,Petrol,Manual,2.5,149131,70556,2404,Low
12/31/2018,5 Series,2018,South America,Black,Petrol,Automatic,3.8,35878,100191,3396,Low
12/31/2015,i3,2015,South America,Blue,Diesel,Manual,4.2,101297,60467,3241,Low
12/31/2021,M3,2021,Middle East,Red,Electric,Manual,4.9,135869,120588,2518,Low
12/31/2015,i8,2015,Europe,Blue,Petrol,Manual,4.9,21933,147650,50,Low
12/31/2011,7 Series,2011,Africa,Grey,Electric,Manual,4.7,182365,86231,50,Low
12/31/2012,5 Series,2012,Europe,Red,Hybrid,Automatic,3,23092,78826,5277,High
12/31/2013,X1,2013,Asia,Red,Hybrid,Automatic,2.1,50539,54410,7865,High
12/31/2013,M3,2013,South America,White,Petrol,Automatic,3.5,177118,55191,1419,Low
12/31/2017,i8,2017,Europe,Grey,Petrol,Automatic,1.6,92112,125026,50,Low
12/31/2023,5 Series,2023,Africa,Red,Electric,Automatic,2.2,192731,92554,4861,Low
12/31/2010,3 Series,2010,North America,Red,Diesel,Manual,1.5,127720,25000,9065,High
12/31/2019,X3,2019,Asia,Black,Petrol,Manual,2.1,93444,68882,9140,High
12/31/2023,M5,2023,Middle East,White,Diesel,Automatic,3.2,168335,135878,1247,Low
12/31/2013,X5,2013,North America,Grey,Petrol,Automatic,2.9,148569,60824,5705,High
12/31/2020,M3,2020,South America,Silver,Electric,Automatic,2.8,132243,107508,2461,Low
12/31/2021,X3,2021,Asia,White,Petrol,Manual,4.4,135299,92144,10213,High
12/31/2022,M3,2022,Middle East,Blue,Hybrid,Automatic,3.9,110687,125604,2716,Low
12/31/2020,i3,2020,Europe,Blue,Diesel,Manual,4.8,33666,94781,4776,Low
12/31/2020,M5,2020,North America,Red,Hybrid,Manual,3.1,161468,128338,2510,Low
12/31/2013,M5,2013,North America,Grey,Hybrid,Manual,2.5,176756,86421,1387,Low
12/31/2010,X6,2010,South America,Black,Electric,Automatic,1.9,18802,84135,1335,Low
12/31/2012,X3,2012,Africa,Black,Electric,Automatic,3.9,118577,67423,3811,Low
12/31/2014,M3,2014,Africa,Silver,Hybrid,Manual,4.4,118199,82617,853,Low
12/31/2015,5 Series,2015,Europe,Red,Petrol,Automatic,2.1,372,81844,5756,High
12/31/2018,i8,2018,Africa,Blue,Hybrid,Manual,4.6,158939,148472,50,Low
12/31/2018,3 Series,2018,Asia,White,Hybrid,Manual,3.3,66756,90962,9610,High
12/31/2018,i8,2018,Africa,Blue,Hybrid,Automatic,2,83469,144405,50,Low
12/31/2020,7 Series,2020,Middle East,Grey,Diesel,Manual,3.8,95945,123787,797,Low
12/31/2010,7 Series,2010,Asia,Red,Electric,Automatic,3.3,35627,108767,237,Low
12/31/2021,X3,2021,Africa,White,Diesel,Manual,1.6,186853,51854,5834,High
12/31/2018,7 Series,2018,Asia,White,Hybrid,Manual,2.9,154286,108892,1650,Low
12/31/2022,X5,2022,South America,Black,Hybrid,Manual,4.2,81147,125342,3827,Low
12/31/2017,X5,2017,South America,Black,Petrol,Automatic,3.4,76989,89277,3498,Low
12/31/2011,7 Series,2011,North America,Black,Petrol,Automatic,2.5,46722,95424,526,Low
12/31/2022,X6,2022,Middle East,Silver,Electric,Automatic,4.8,113181,141573,2996,Low
12/31/2020,X6,2020,Europe,White,Electric,Automatic,2.3,184695,99554,4359,Low
12/31/2010,M5,2010,North America,White,Hybrid,Automatic,2.4,194147,76126,990,Low
12/31/2010,3 Series,2010,South America,Red,Hybrid,Manual,2.7,75749,44074,5851,High
12/31/2021,3 Series,2021,Europe,Black,Hybrid,Manual,4.6,37433,116546,9533,High
12/31/2015,3 Series,2015,Europe,Red,Electric,Automatic,3.3,166110,63704,8144,High
12/31/2018,5 Series,2018,Europe,Blue,Petrol,Automatic,3.9,137898,81688,6883,High
12/31/2016,i8,2016,Africa,Blue,Hybrid,Manual,4.9,195350,122884,50,Low
12/31/2014,X1,2014,Middle East,Black,Hybrid,Manual,4.2,82157,70813,4894,Low
12/31/2020,X6,2020,South America,Red,Hybrid,Automatic,2.1,119001,98554,3165,Low
12/31/2011,X1,2011,Middle East,Silver,Electric,Manual,4.3,178239,45983,4112,Low
12/31/2010,M3,2010,Europe,White,Hybrid,Manual,4.1,47290,79773,2015,Low
12/31/2011,5 Series,2011,South America,White,Electric,Automatic,2.3,192049,46200,4122,Low
12/31/2010,M3,2010,Africa,White,Hybrid,Automatic,2.6,103567,60876,782,Low
12/31/2012,3 Series,2012,North America,Red,Electric,Manual,4,95568,66459,8599,High
12/31/2015,i3,2015,Africa,Black,Hybrid,Automatic,2.3,29840,70054,2499,Low
12/31/2022,X6,2022,South America,Grey,Electric,Automatic,2.2,155216,106220,3740,Low
12/31/2017,7 Series,2017,Europe,Black,Diesel,Manual,4,147283,99520,1325,Low
12/31/2012,M5,2012,South America,Silver,Hybrid,Automatic,4.6,46198,119914,50,Low
12/31/2019,X1,2019,North America,Black,Hybrid,Automatic,1.8,144803,62884,7913,High
12/31/2018,X3,2018,Europe,White,Diesel,Manual,3.1,134422,64370,7414,High
12/31/2019,X6,2019,South America,Black,Electric,Manual,3.6,41307,123589,2363,Low
12/31/2014,i3,2014,Middle East,Silver,Electric,Automatic,3.9,183769,59657,3499,Low
12/31/2016,X1,2016,Asia,Blue,Electric,Manual,5,45162,95255,7025,High
12/31/2017,X1,2017,Europe,Red,Electric,Manual,3.9,20465,94435,7091,High
12/31/2012,5 Series,2012,Europe,Red,Electric,Manual,3.7,18994,89055,5705,High
12/31/2011,3 Series,2011,Asia,Blue,Petrol,Automatic,5,18763,70427,8075,High
12/31/2011,M5,2011,Africa,Red,Hybrid,Manual,1.7,97616,87128,50,Low
12/31/2014,i3,2014,Middle East,Grey,Electric,Automatic,1.8,149416,51368,2835,Low
12/31/2024,X1,2024,Africa,White,Petrol,Manual,3.5,39387,103197,4383,Low
12/31/2010,5 Series,2010,Europe,White,Petrol,Manual,2.8,181642,31414,5443,High
12/31/2024,X6,2024,Asia,White,Diesel,Manual,1.8,170981,94413,599,Low
12/31/2011,X1,2011,Africa,White,Diesel,Manual,2.6,906,25000,3975,Low
12/31/2022,7 Series,2022,Europe,Red,Electric,Manual,3.9,34766,154837,1777,Low
12/31/2018,3 Series,2018,South America,Silver,Diesel,Manual,4.6,70041,81758,6598,High
12/31/2016,i3,2016,Asia,White,Petrol,Automatic,1.8,40906,63205,4935,Low
12/31/2024,7 Series,2024,Asia,White,Petrol,Manual,3.4,169859,121555,2098,Low
12/31/2024,X3,2024,North America,White,Electric,Automatic,2.5,189129,100170,8519,High
12/31/2015,X1,2015,Asia,Grey,Electric,Manual,3.8,165372,55899,8206,High
12/31/2018,7 Series,2018,Europe,Silver,Electric,Manual,3.4,45500,137199,1497,Low
12/31/2016,i8,2016,South America,Grey,Diesel,Automatic,4.7,193767,121170,50,Low
12/31/2023,7 Series,2023,North America,Blue,Petrol,Automatic,1.6,102432,127747,1714,Low
12/31/2020,X5,2020,Middle East,Black,Hybrid,Manual,3.1,21114,123842,4157,Low
12/31/2014,5 Series,2014,Asia,Black,Diesel,Manual,2.2,120246,52273,7200,High
12/31/2024,M5,2024,South America,White,Petrol,Manual,3.4,85699,149689,1136,Low
12/31/2018,5 Series,2018,Asia,Black,Electric,Automatic,4.5,7175,126565,7901,High
12/31/2015,7 Series,2015,Africa,White,Petrol,Manual,4.7,73848,110999,50,Low
12/31/2015,i3,2015,South America,Silver,Diesel,Manual,2.9,108731,50305,3502,Low
12/31/2020,i8,2020,Middle East,Black,Electric,Automatic,4.3,29357,191390,50,Low
12/31/2013,7 Series,2013,Asia,Blue,Petrol,Manual,2.5,79425,89454,2927,Low
12/31/2022,M3,2022,Europe,Silver,Hybrid,Automatic,1.5,161814,93090,3919,Low
12/31/2021,X6,2021,Asia,Red,Diesel,Manual,4.5,175905,99302,4452,Low
12/31/2010,5 Series,2010,Europe,Blue,Diesel,Automatic,1.9,94399,57496,6328,High
12/31/2014,M5,2014,North America,Black,Hybrid,Manual,1.6,145215,91637,1364,Low
12/31/2020,M5,2020,Africa,Silver,Electric,Automatic,2.7,107931,139287,928,Low
12/31/2018,7 Series,2018,South America,Silver,Diesel,Automatic,2.8,16004,123986,401,Low
12/31/2022,X1,2022,Asia,Blue,Electric,Automatic,1.8,2466,108873,8801,High
12/31/2017,3 Series,2017,South America,Silver,Petrol,Manual,4.3,139400,36569,6900,High
12/31/2017,3 Series,2017,Africa,White,Electric,Manual,2.9,194293,56386,5664,High
12/31/2014,M3,2014,Asia,Silver,Electric,Manual,3.2,90661,93179,2521,Low
12/31/2021,7 Series,2021,South America,Black,Diesel,Manual,2.4,145133,108191,979,Low
12/31/2018,5 Series,2018,Europe,Black,Petrol,Manual,3.3,157352,70401,7542,High
12/31/2012,3 Series,2012,Europe,Grey,Electric,Automatic,4.2,64628,76107,8695,High
12/31/2012,X5,2012,South America,Red,Diesel,Manual,4.7,174617,55993,2731,Low
12/31/2010,M3,2010,Asia,White,Petrol,Manual,4.9,38989,81187,2083,Low
12/31/2018,3 Series,2018,Europe,Black,Petrol,Manual,3,70111,71377,9080,High
12/31/2015,M5,2015,Africa,Silver,Electric,Automatic,5,152137,122820,50,Low
12/31/2011,7 Series,2011,Africa,Grey,Petrol,Automatic,2.5,129537,70587,50,Low
12/31/2017,i8,2017,Africa,Grey,Diesel,Manual,1.5,139045,102967,50,Low
12/31/2021,i3,2021,South America,Silver,Electric,Manual,4.2,119620,95836,3729,Low
12/31/2018,X5,2018,South America,White,Electric,Automatic,2.1,47045,105756,4236,Low
12/31/2018,3 Series,2018,South America,Black,Diesel,Automatic,1.7,154618,46666,5761,High
12/31/2011,X1,2011,Asia,Black,Diesel,Manual,4.7,129307,38753,7468,High
12/31/2011,X5,2011,North America,Blue,Petrol,Manual,4.3,175644,52270,5198,High
12/31/2022,X1,2022,North America,Grey,Diesel,Automatic,1.9,43,90689,9168,High
12/31/2016,M3,2016,Asia,Grey,Hybrid,Automatic,4.2,20983,118291,2526,Low
12/31/2020,X5,2020,Middle East,Silver,Hybrid,Automatic,4.5,120043,119464,4898,Low
12/31/2013,M3,2013,South America,Silver,Petrol,Automatic,4.7,29534,92218,912,Low
12/31/2022,X1,2022,Africa,Grey,Petrol,Manual,3.4,42018,86617,5020,High
12/31/2010,i8,2010,Asia,Silver,Petrol,Automatic,4,133017,112772,50,Low
12/31/2017,i3,2017,Asia,Black,Hybrid,Automatic,4.2,100215,86156,5517,High
12/31/2011,X5,2011,Middle East,Silver,Hybrid,Manual,3.9,72264,82593,2775,Low
12/31/2023,7 Series,2023,North America,Silver,Diesel,Automatic,3.8,198324,121742,2086,Low
12/31/2012,i8,2012,Africa,Grey,Hybrid,Automatic,3.4,56815,124017,50,Low
12/31/2014,7 Series,2014,Africa,White,Diesel,Automatic,3.2,113844,91613,132,Low
12/31/2023,M3,2023,Europe,Black,Electric,Automatic,5,91142,137689,3565,Low
12/31/2012,M5,2012,Middle East,White,Electric,Automatic,2.7,135948,106376,190,Low
12/31/2016,5 Series,2016,North America,Red,Electric,Automatic,1.8,91890,81116,6778,High
12/31/2016,X5,2016,South America,Red,Electric,Automatic,4.2,120541,101253,2889,Low
12/31/2023,i8,2023,South America,Blue,Hybrid,Manual,2.2,75250,155164,626,Low
12/31/2011,X3,2011,North America,Blue,Electric,Automatic,3.4,24794,80573,8466,High
12/31/2022,i8,2022,Europe,Blue,Electric,Manual,1.8,128505,156125,926,Low
12/31/2022,X6,2022,North America,Black,Petrol,Automatic,3.7,164520,108612,4226,Low
12/31/2016,X5,2016,Asia,Grey,Electric,Manual,4.8,67869,116447,5709,High
12/31/2020,3 Series,2020,Europe,Blue,Hybrid,Automatic,4,147840,118727,8489,High
12/31/2015,i8,2015,Africa,Blue,Hybrid,Manual,2.3,133399,113086,50,Low
12/31/2019,3 Series,2019,Africa,Blue,Petrol,Manual,4.9,62227,85930,5429,High
12/31/2018,M5,2018,North America,Black,Diesel,Manual,2.6,19381,125683,1381,Low
12/31/2022,X3,2022,Asia,Black,Electric,Manual,3,139472,94757,11040,High
12/31/2018,i3,2018,Europe,Silver,Electric,Manual,3.2,98398,82761,5508,High
12/31/2011,X6,2011,Middle East,Black,Hybrid,Manual,5,17249,104651,1355,Low
12/31/2016,i3,2016,Middle East,Grey,Petrol,Automatic,1.7,31264,71324,3364,Low
12/31/2014,7 Series,2014,Europe,White,Petrol,Manual,3.9,64220,101100,801,Low
12/31/2022,M3,2022,South America,Grey,Diesel,Automatic,2.8,163955,91834,1978,Low
12/31/2015,X5,2015,North America,Blue,Hybrid,Manual,1.8,195643,80581,4867,Low
12/31/2010,X5,2010,Africa,Black,Petrol,Automatic,4.8,183378,46947,2638,Low
12/31/2016,X1,2016,Africa,Blue,Diesel,Manual,3.6,50560,62843,3663,Low
12/31/2015,X3,2015,Africa,Red,Hybrid,Manual,4.1,118526,69976,3944,Low
12/31/2013,X1,2013,Asia,Red,Electric,Manual,2.3,117626,46195,14154,High
12/31/2010,X5,2010,North America,Silver,Electric,Automatic,4.2,123797,77595,5206,High
12/31/2018,5 Series,2018,Europe,White,Electric,Automatic,4.4,45955,112062,5783,High
12/31/2013,X6,2013,Asia,White,Diesel,Automatic,3,122803,66073,3974,Low
12/31/2011,X1,2011,Africa,Red,Hybrid,Manual,3.5,148066,34264,3461,Low
12/31/2017,X1,2017,Middle East,Black,Hybrid,Automatic,4.9,80561,91007,5361,High
12/31/2011,i8,2011,Europe,White,Electric,Manual,4.5,3315,150214,50,Low
12/31/2014,X5,2014,South America,Red,Diesel,Automatic,3.1,179302,56026,2988,Low
12/31/2020,i3,2020,Europe,Red,Diesel,Automatic,3.8,165600,70507,4761,Low
12/31/2015,i3,2015,Europe,Red,Diesel,Manual,4.2,108815,60448,4774,Low
12/31/2020,M5,2020,Africa,Grey,Petrol,Manual,1.6,120249,103999,1158,Low
12/31/2022,X1,2022,Africa,Grey,Electric,Manual,3.6,144620,83304,5849,High
12/31/2017,5 Series,2017,Africa,Grey,Hybrid,Manual,4.9,156194,83351,3252,Low
12/31/2020,X1,2020,North America,Black,Hybrid,Manual,4.8,188107,77399,7509,High
12/31/2010,5 Series,2010,Africa,Red,Petrol,Manual,4.4,10595,70680,2802,Low
12/31/2010,i3,2010,Africa,White,Petrol,Automatic,1.9,76146,31414,2239,Low
12/31/2021,X1,2021,South America,Black,Electric,Manual,5,28973,115246,4873,Low
12/31/2013,3 Series,2013,South America,White,Petrol,Manual,3.6,142261,40162,5717,High
12/31/2014,X3,2014,Asia,Red,Hybrid,Manual,2.3,58438,66311,9739,High
12/31/2022,i3,2022,Middle East,Red,Hybrid,Automatic,3.9,35459,116001,3869,Low
12/31/2024,5 Series,2024,South America,Silver,Electric,Automatic,4.5,42059,140322,4723,Low
12/31/2022,5 Series,2022,Africa,White,Diesel,Automatic,1.9,188230,74413,4465,Low
12/31/2018,M3,2018,Asia,White,Electric,Manual,4.7,85165,123763,2943,Low
12/31/2020,3 Series,2020,Asia,Grey,Petrol,Automatic,4.7,189253,78107,10923,High
12/31/2023,7 Series,2023,Africa,Grey,Electric,Manual,1.5,177040,116978,1463,Low
12/31/2016,5 Series,2016,Asia,Silver,Hybrid,Manual,4.7,38352,102807,7388,High
12/31/2016,i8,2016,Africa,Red,Petrol,Manual,4.8,113923,136899,50,Low
12/31/2017,i8,2017,Asia,Blue,Diesel,Manual,1.6,41862,135315,50,Low
12/31/2024,M3,2024,Asia,Black,Hybrid,Manual,2.5,168803,113169,3919,Low
12/31/2014,X6,2014,Europe,White,Diesel,Manual,2.8,187718,59147,3567,Low
12/31/2014,X5,2014,Asia,Silver,Hybrid,Automatic,2.7,115365,76662,5758,High
12/31/2010,5 Series,2010,Africa,Red,Petrol,Manual,4.2,113001,50212,9035,High
12/31/2023,i3,2023,Asia,Black,Petrol,Automatic,2.8,85431,90241,6224,High
12/31/2018,3 Series,2018,South America,Black,Petrol,Automatic,4.8,104416,83379,6314,High
12/31/2015,7 Series,2015,Africa,Black,Diesel,Manual,5,197654,82718,388,Low
12/31/2018,5 Series,2018,Asia,Silver,Petrol,Manual,2.6,172251,66515,7190,High
12/31/2012,X3,2012,North America,Grey,Hybrid,Manual,3.3,10267,73032,7391,High
12/31/2014,X3,2014,Middle East,Blue,Petrol,Automatic,3.5,118304,61413,6320,High
12/31/2011,i8,2011,Asia,Red,Hybrid,Manual,3.5,47829,133285,50,Low
12/31/2019,X1,2019,Africa,Blue,Diesel,Automatic,2.8,170517,50121,5114,High
12/31/2014,i3,2014,Europe,Silver,Hybrid,Manual,2.1,100540,54343,4529,Low
12/31/2024,M3,2024,North America,Grey,Petrol,Manual,1.7,21955,125514,3594,Low
12/31/2022,i8,2022,Africa,Grey,Petrol,Automatic,1.9,27479,148762,50,Low
12/31/2022,7 Series,2022,North America,Grey,Petrol,Manual,4.7,21178,146864,1581,Low
12/31/2022,X3,2022,Europe,Silver,Petrol,Automatic,2.5,178679,75972,10238,High
12/31/2024,i8,2024,South America,Red,Petrol,Automatic,1.8,151759,146018,358,Low
12/31/2023,M3,2023,South America,White,Hybrid,Automatic,3.7,103665,128314,2685,Low
12/31/2017,i8,2017,Europe,Grey,Electric,Manual,1.8,61037,144903,50,Low
12/31/2020,X1,2020,Europe,Black,Diesel,Manual,1.7,138300,51757,8150,High
12/31/2011,X1,2011,Middle East,Silver,Petrol,Automatic,3.7,57996,49203,5347,High
12/31/2017,7 Series,2017,Europe,Blue,Hybrid,Automatic,3.6,106190,118316,1006,Low
12/31/2013,7 Series,2013,Asia,Blue,Petrol,Automatic,1.6,18656,102054,745,Low
12/31/2019,X5,2019,North America,White,Petrol,Manual,3.1,39389,99551,6552,High
12/31/2019,M5,2019,Asia,Red,Petrol,Manual,3,166839,108781,2038,Low
12/31/2024,X1,2024,Middle East,Red,Electric,Automatic,3.4,49878,120433,5697,High
12/31/2010,M3,2010,South America,Red,Hybrid,Manual,4.1,121705,68760,755,Low
12/31/2022,X5,2022,Asia,Blue,Electric,Manual,2.5,143290,105287,6195,High
12/31/2014,i8,2014,Middle East,Silver,Petrol,Manual,3,115505,127155,50,Low
12/31/2022,5 Series,2022,Africa,Blue,Hybrid,Automatic,4.3,194756,97519,4789,Low
12/31/2010,i8,2010,Europe,Red,Hybrid,Manual,4.7,97268,130718,50,Low
12/31/2016,i3,2016,North America,Red,Diesel,Automatic,4.6,76966,77665,4311,Low
12/31/2017,i8,2017,Africa,Red,Electric,Manual,3.2,126433,133153,50,Low
12/31/2012,X5,2012,Africa,Grey,Hybrid,Manual,3.3,166056,57209,2802,Low
12/31/2012,X3,2012,North America,White,Hybrid,Automatic,3.4,87416,66777,8520,High
12/31/2016,X5,2016,Europe,Silver,Hybrid,Manual,4.5,199876,82802,5882,High
12/31/2013,7 Series,2013,Asia,Black,Petrol,Automatic,4.4,109114,104835,863,Low
12/31/2012,M5,2012,Asia,Blue,Diesel,Automatic,2.6,21180,99456,997,Low
12/31/2024,i8,2024,Asia,Red,Hybrid,Manual,2.1,14513,191181,616,Low
12/31/2017,i8,2017,North America,Red,Electric,Manual,2.8,99051,152728,50,Low
12/31/2012,X1,2012,Europe,Red,Petrol,Manual,2.5,8374,49293,7356,High
12/31/2022,M3,2022,Middle East,Silver,Hybrid,Manual,4.8,94595,129585,2745,Low
12/31/2023,7 Series,2023,South America,White,Hybrid,Automatic,2.4,89871,130584,1491,Low
12/31/2016,i3,2016,Asia,Silver,Diesel,Manual,2.1,70130,59841,4536,Low
12/31/2011,M3,2011,Asia,Grey,Diesel,Automatic,4.6,99482,71638,2020,Low
12/31/2020,M3,2020,Middle East,Grey,Diesel,Manual,1.8,12182,102346,2230,Low
12/31/2020,i8,2020,North America,Blue,Petrol,Manual,2.4,55776,156201,50,Low
12/31/2010,7 Series,2010,North America,White,Hybrid,Manual,3,116310,87234,493,Low
12/31/2021,X6,2021,Middle East,Black,Petrol,Manual,3.6,39545,128962,2325,Low
12/31/2015,3 Series,2015,Middle East,Silver,Petrol,Manual,2.6,26436,71363,5900,High
12/31/2017,X3,2017,Middle East,Blue,Hybrid,Manual,3.2,38454,95317,5327,High
12/31/2010,7 Series,2010,Asia,Silver,Hybrid,Manual,2.2,151015,73533,775,Low
12/31/2022,5 Series,2022,South America,Black,Diesel,Manual,3.5,128713,92665,4066,Low
12/31/2019,X1,2019,Europe,Silver,Hybrid,Manual,2.9,93390,74225,8747,High
12/31/2021,X3,2021,Middle East,Silver,Diesel,Manual,4.5,123982,95071,5746,High
12/31/2018,X6,2018,Middle East,Silver,Electric,Automatic,3,108347,115365,2749,Low
12/31/2024,X5,2024,Africa,Black,Petrol,Automatic,3.1,18745,130745,3377,Low
12/31/2012,X1,2012,Europe,Silver,Hybrid,Automatic,3.6,78143,59493,6774,High
12/31/2012,i8,2012,Africa,White,Electric,Manual,1.9,99489,116701,50,Low
12/31/2013,X3,2013,North America,White,Electric,Automatic,2,100995,65513,8240,High
12/31/2020,i8,2020,Asia,Grey,Hybrid,Manual,4.3,187381,155359,667,Low
12/31/2024,M5,2024,Middle East,Grey,Electric,Automatic,2.5,195652,200000,1127,Low
12/31/2010,X3,2010,Africa,Black,Electric,Manual,3.9,81803,59113,4231,Low
12/31/2018,3 Series,2018,Europe,Red,Electric,Manual,1.8,12001,137446,10073,High
12/31/2020,i8,2020,South America,Silver,Petrol,Automatic,4.4,19123,170974,50,Low
12/31/2012,X1,2012,North America,White,Hybrid,Automatic,5,9991,81748,7181,High
12/31/2022,5 Series,2022,Asia,Black,Hybrid,Automatic,2.8,182739,98277,8903,High
12/31/2019,i8,2019,South America,Red,Petrol,Automatic,3.3,164623,123925,50,Low
12/31/2013,7 Series,2013,Europe,Red,Petrol,Manual,3,32915,101339,641,Low
12/31/2010,X1,2010,Africa,Black,Electric,Automatic,4.6,49436,61185,2721,Low
12/31/2013,X1,2013,South America,Silver,Diesel,Automatic,1.5,36626,39288,3988,Low
12/31/2022,M3,2022,Middle East,Silver,Electric,Manual,3.8,95155,131910,2719,Low
12/31/2010,7 Series,2010,South America,White,Electric,Automatic,3.8,45993,110009,50,Low
12/31/2014,M3,2014,Africa,Red,Diesel,Automatic,2.8,29912,78842,1009,Low
12/31/2014,M3,2014,Middle East,Red,Diesel,Manual,2.3,129682,64961,1725,Low
12/31/2023,3 Series,2023,Asia,Red,Diesel,Automatic,2.3,193075,69961,10971,High
12/31/2020,X1,2020,Africa,Silver,Diesel,Manual,4.3,126342,73742,3983,Low
12/31/2016,X3,2016,Asia,Silver,Hybrid,Manual,1.7,57863,74932,8427,High
12/31/2023,5 Series,2023,South America,White,Hybrid,Automatic,3.5,71890,62064,5368,High
12/31/2017,7 Series,2017,Middle East,Black,Electric,Automatic,2.6,197063,104392,733,Low
12/31/2013,M5,2013,Africa,Grey,Hybrid,Manual,2.4,54318,105659,50,Low
12/31/2016,3 Series,2016,South America,Silver,Diesel,Automatic,3.3,61761,68312,6201,High
12/31/2013,5 Series,2013,North America,Black,Petrol,Manual,4.6,38283,84832,6765,High
12/31/2012,i3,2012,Europe,Blue,Hybrid,Manual,3.7,85040,57689,4761,Low
12/31/2024,i3,2024,Middle East,Red,Diesel,Automatic,4.3,5440,122602,3769,Low
12/31/2015,7 Series,2015,Asia,Black,Electric,Manual,3.6,12364,136753,549,Low
12/31/2013,X1,2013,Asia,White,Hybrid,Manual,3.9,173158,44903,15000,High
12/31/2023,X3,2023,Asia,Grey,Hybrid,Automatic,3,67194,117829,10545,High
12/31/2012,X5,2012,Middle East,Red,Petrol,Manual,4.7,166811,61445,3999,Low
12/31/2024,X5,2024,Middle East,Blue,Hybrid,Manual,3.3,175625,110148,4511,Low
12/31/2024,X1,2024,South America,Blue,Petrol,Manual,3.4,80560,93588,5291,High
12/31/2018,X6,2018,Middle East,Blue,Hybrid,Manual,3.3,817,174636,2252,Low
12/31/2014,7 Series,2014,North America,Grey,Hybrid,Automatic,2.6,125457,95684,968,Low
12/31/2022,X1,2022,South America,Grey,Petrol,Manual,2.3,98313,74920,5306,High
12/31/2023,M3,2023,Africa,Red,Diesel,Manual,1.8,135124,91538,2322,Low
12/31/2016,i3,2016,Africa,White,Petrol,Manual,4,4673,81743,2472,Low
12/31/2021,3 Series,2021,Africa,Black,Hybrid,Automatic,2.5,75784,89062,5809,High
12/31/2023,5 Series,2023,Middle East,Grey,Hybrid,Manual,2.9,42622,120759,5743,High
12/31/2015,X1,2015,South America,Silver,Diesel,Manual,4.7,77349,59255,4596,Low
12/31/2019,X3,2019,Europe,Red,Petrol,Manual,3.5,61062,91178,8441,High
12/31/2024,7 Series,2024,North America,Silver,Diesel,Automatic,1.8,40706,137963,2049,Low
12/31/2014,M3,2014,Europe,White,Electric,Automatic,4.3,26265,108687,1897,Low
12/31/2016,X5,2016,Middle East,Red,Petrol,Automatic,2.4,14726,91984,3763,Low
12/31/2020,M5,2020,Asia,Grey,Hybrid,Automatic,3.4,123943,143275,2042,Low
12/31/2015,5 Series,2015,South America,Grey,Diesel,Automatic,3.3,106072,67953,3767,Low
12/31/2019,M5,2019,North America,Silver,Hybrid,Automatic,2.3,124260,123073,2174,Low
12/31/2011,X1,2011,Africa,Black,Electric,Manual,1.9,100962,35327,3870,Low
12/31/2022,7 Series,2022,South America,Red,Hybrid,Manual,2.2,85677,135650,1155,Low
12/31/2022,M5,2022,Middle East,Grey,Hybrid,Manual,1.8,162530,132026,1589,Low
12/31/2022,X6,2022,Middle East,White,Electric,Automatic,2.5,112757,121956,3762,Low
12/31/2012,X6,2012,South America,Silver,Electric,Manual,5,155718,85944,1589,Low
12/31/2011,5 Series,2011,Middle East,Black,Electric,Manual,2.9,123557,62210,4323,Low
12/31/2021,i3,2021,Middle East,Blue,Diesel,Automatic,4.5,107377,95665,3769,Low
12/31/2012,X1,2012,Europe,Red,Hybrid,Automatic,3.4,25052,62879,6730,High
12/31/2010,i3,2010,Asia,Blue,Diesel,Manual,3.8,118708,33844,4471,Low
12/31/2017,X3,2017,Asia,Red,Petrol,Automatic,2,128853,60883,8709,High
12/31/2015,i3,2015,Asia,Red,Hybrid,Automatic,2.5,172180,54716,747,Low
12/31/2022,7 Series,2022,Africa,Black,Hybrid,Automatic,3.3,67817,139618,1201,Low
12/31/2011,3 Series,2011,South America,Blue,Hybrid,Manual,4.6,110660,57029,5741,High
12/31/2017,X1,2017,Africa,White,Hybrid,Automatic,1.7,43175,72452,4288,Low
12/31/2015,3 Series,2015,Europe,Silver,Petrol,Manual,3.3,189876,42943,15000,High
12/31/2016,i3,2016,Africa,White,Hybrid,Automatic,1.7,133359,55095,3090,Low
12/31/2020,5 Series,2020,Middle East,Blue,Petrol,Automatic,3.1,35562,102691,4188,Low
12/31/2010,7 Series,2010,Africa,Silver,Petrol,Manual,3.7,178741,62198,50,Low
12/31/2016,X3,2016,North America,Silver,Petrol,Manual,4.1,126921,66356,8538,High
12/31/2012,i8,2012,Europe,Black,Hybrid,Automatic,2,40640,125596,50,Low
12/31/2020,X3,2020,South America,Silver,Hybrid,Manual,2.1,125424,79402,6542,High
12/31/2021,3 Series,2021,North America,Silver,Diesel,Manual,3.1,8035,97974,10812,High
12/31/2017,X3,2017,Africa,Blue,Electric,Automatic,5,132943,94765,3968,Low
12/31/2015,i8,2015,Asia,Red,Petrol,Automatic,2.7,118852,127830,50,Low
12/31/2013,3 Series,2013,North America,Blue,Hybrid,Automatic,3,153238,51810,9444,High
12/31/2020,7 Series,2020,Middle East,Grey,Hybrid,Manual,3,141365,126497,1457,Low
12/31/2017,X5,2017,Africa,Black,Diesel,Automatic,1.8,141058,63561,3554,Low
12/31/2018,M3,2018,Asia,Blue,Petrol,Manual,4.2,158637,85960,3388,Low
12/31/2019,i8,2019,South America,Silver,Diesel,Automatic,2.4,19729,154044,50,Low
12/31/2011,M5,2011,Europe,Silver,Diesel,Automatic,4,111362,96129,924,Low
12/31/2024,X6,2024,Europe,White,Diesel,Manual,3.2,167026,102445,5018,High
12/31/2015,3 Series,2015,Asia,Red,Petrol,Automatic,3.6,18690,76899,10887,High
12/31/2014,7 Series,2014,Europe,Blue,Hybrid,Manual,1.7,129677,86150,1101,Low
12/31/2014,X6,2014,Asia,Grey,Petrol,Manual,4.6,40071,95329,4040,Low
12/31/2019,X3,2019,South America,Blue,Hybrid,Automatic,2.4,42783,91863,6430,High
12/31/2020,7 Series,2020,Europe,White,Diesel,Automatic,3.8,162653,108703,1529,Low
12/31/2012,7 Series,2012,South America,Black,Diesel,Automatic,4.3,150546,81367,144,Low
12/31/2021,5 Series,2021,Middle East,Grey,Diesel,Manual,3.4,122629,90081,5761,High
12/31/2017,5 Series,2017,North America,Red,Petrol,Automatic,2.7,159560,69468,6251,High
12/31/2023,X6,2023,Asia,Black,Hybrid,Automatic,4.9,167133,133797,4366,Low
12/31/2017,X3,2017,Europe,Silver,Hybrid,Automatic,2.5,149829,68137,8230,High
12/31/2021,X6,2021,Middle East,Grey,Petrol,Automatic,4.8,121148,118275,2582,Low
12/31/2014,i3,2014,North America,Silver,Electric,Automatic,2,169129,50706,5506,High
12/31/2017,7 Series,2017,South America,Red,Petrol,Automatic,2.9,68596,110883,418,Low
12/31/2019,X1,2019,Middle East,White,Electric,Manual,2,159956,66436,7015,High
12/31/2024,M3,2024,South America,White,Electric,Automatic,1.5,177486,105490,2945,Low
12/31/2017,X1,2017,North America,Grey,Petrol,Manual,2.4,132842,46727,9154,High
12/31/2012,5 Series,2012,Africa,Blue,Diesel,Automatic,1.8,123156,39058,2960,Low
12/31/2011,7 Series,2011,Middle East,Black,Electric,Automatic,5,18893,129816,50,Low
12/31/2018,X6,2018,South America,White,Petrol,Automatic,4.2,137529,90754,2638,Low
12/31/2011,X6,2011,Africa,White,Hybrid,Manual,1.5,47269,70133,1509,Low
12/31/2018,X6,2018,Europe,Blue,Electric,Manual,2.3,38859,117813,4251,Low
12/31/2013,M5,2013,Middle East,Silver,Electric,Automatic,3.8,146044,116709,160,Low
12/31/2021,i8,2021,North America,White,Electric,Manual,2.9,68284,170352,533,Low
12/31/2022,X5,2022,North America,Blue,Electric,Automatic,4.4,146468,124565,6759,High
12/31/2011,3 Series,2011,North America,Black,Diesel,Manual,3.3,12381,52989,10291,High
12/31/2019,3 Series,2019,Europe,Blue,Hybrid,Manual,3.8,191352,72214,9165,High
12/31/2010,i8,2010,North America,Grey,Electric,Manual,3.6,112634,118620,50,Low
12/31/2013,X1,2013,South America,Blue,Petrol,Manual,3.7,8290,59353,4437,Low
12/31/2018,X1,2018,Europe,White,Diesel,Automatic,2.3,102562,58343,7381,High
12/31/2021,X6,2021,Asia,Grey,Electric,Automatic,2.8,72361,63794,6144,High
12/31/2018,X5,2018,Middle East,Grey,Hybrid,Manual,1.7,16425,100169,3825,Low
12/31/2013,X1,2013,Europe,Black,Petrol,Manual,3.6,36915,56253,6524,High
12/31/2018,X6,2018,Europe,Blue,Diesel,Automatic,3.1,41192,104809,4079,Low
12/31/2024,X3,2024,North America,Grey,Electric,Manual,4.2,162185,111371,10850,High
12/31/2021,5 Series,2021,Middle East,Silver,Hybrid,Automatic,2.2,163018,93400,4856,Low
12/31/2015,5 Series,2015,South America,White,Petrol,Automatic,3,165889,55891,4433,Low
12/31/2010,X3,2010,South America,Black,Electric,Manual,2.1,166273,32811,4605,Low
12/31/2019,7 Series,2019,North America,Grey,Electric,Automatic,3.6,50669,143801,1419,Low
12/31/2022,5 Series,2022,Europe,Silver,Diesel,Manual,4.5,151632,92638,6379,High
12/31/2023,M5,2023,Africa,Black,Hybrid,Manual,4.2,155111,134263,1758,Low
12/31/2015,i3,2015,North America,Blue,Electric,Manual,4.8,142960,73407,5109,High
12/31/2018,X1,2018,Africa,Red,Electric,Automatic,4.9,82380,92629,4047,Low
12/31/2022,5 Series,2022,Middle East,Black,Hybrid,Manual,4.2,139173,106484,5023,High
12/31/2011,X3,2011,Middle East,Red,Petrol,Automatic,2.5,142387,38466,5344,High
12/31/2015,i3,2015,Asia,Silver,Diesel,Manual,2.3,65946,54257,5807,High
12/31/2011,5 Series,2011,Africa,Silver,Hybrid,Automatic,3.1,85748,64661,2808,Low
12/31/2013,5 Series,2013,North America,Blue,Hybrid,Manual,5,25201,99005,5316,High
12/31/2024,X5,2024,Africa,Red,Petrol,Automatic,2.9,40756,115108,3618,Low
12/31/2017,3 Series,2017,Middle East,Red,Hybrid,Automatic,2.2,138150,65039,6292,High
12/31/2022,7 Series,2022,Middle East,Grey,Electric,Automatic,4.8,2468,178457,802,Low
12/31/2016,5 Series,2016,South America,Grey,Hybrid,Automatic,2.9,83896,84286,3552,Low
12/31/2020,7 Series,2020,South America,Blue,Diesel,Manual,3.9,72657,123403,623,Low
12/31/2021,M5,2021,Asia,Silver,Diesel,Manual,4.3,27203,152741,1663,Low
12/31/2022,5 Series,2022,Africa,Silver,Electric,Automatic,4.5,143727,113830,4710,Low
12/31/2018,3 Series,2018,South America,Red,Petrol,Automatic,4.4,24029,90262,5773,High
12/31/2016,X3,2016,Africa,Red,Diesel,Manual,4.4,42405,82279,3984,Low
12/31/2010,7 Series,2010,Middle East,White,Hybrid,Manual,3.8,138832,91418,50,Low
12/31/2011,M3,2011,Africa,Silver,Hybrid,Automatic,2.9,104568,64985,758,Low
12/31/2015,i8,2015,South America,Black,Diesel,Manual,3.8,52655,126868,50,Low
12/31/2016,7 Series,2016,North America,Grey,Petrol,Manual,4.4,8312,131962,763,Low
12/31/2012,i8,2012,South America,Silver,Electric,Automatic,2.7,197388,110360,50,Low
12/31/2018,M3,2018,Middle East,White,Diesel,Automatic,2.5,52408,94154,2100,Low
12/31/2022,X5,2022,Asia,Blue,Diesel,Manual,2.7,44021,110882,7384,High
12/31/2024,X3,2024,Europe,Silver,Electric,Automatic,3.4,136662,106815,8473,High
12/31/2016,X5,2016,North America,Silver,Hybrid,Automatic,1.7,16650,97570,5774,High
12/31/2023,X1,2023,South America,Silver,Hybrid,Manual,4.2,170449,85014,5539,High
12/31/2015,7 Series,2015,North America,Grey,Diesel,Manual,2,64875,91227,1349,Low
12/31/2022,i3,2022,North America,White,Diesel,Automatic,2,115710,74894,5378,High
12/31/2015,7 Series,2015,Europe,Black,Hybrid,Manual,2.2,9524,121137,559,Low
12/31/2010,X3,2010,Africa,Blue,Hybrid,Manual,3.5,105977,46805,3661,Low
12/31/2022,5 Series,2022,South America,Blue,Diesel,Manual,2.5,118210,86392,4684,Low
12/31/2014,X5,2014,Europe,Black,Petrol,Manual,2.8,13162,80482,4976,Low
12/31/2019,7 Series,2019,Middle East,White,Hybrid,Manual,4.8,153998,124258,1032,Low
12/31/2012,i8,2012,Africa,Red,Hybrid,Automatic,4.5,102118,127480,50,Low
12/31/2016,3 Series,2016,Europe,White,Electric,Manual,4.5,24837,93646,9248,High
12/31/2019,i8,2019,Europe,Silver,Petrol,Automatic,3.5,169180,137650,138,Low
12/31/2012,X6,2012,Africa,Grey,Hybrid,Manual,4.5,175962,73498,1458,Low
12/31/2014,X3,2014,Europe,Grey,Electric,Automatic,4.2,92123,81443,7664,High
12/31/2016,X5,2016,Europe,Red,Diesel,Automatic,4.8,180098,72660,5143,High
12/31/2023,i8,2023,Europe,Red,Electric,Automatic,1.7,175254,150806,1153,Low
12/31/2012,3 Series,2012,North America,Red,Hybrid,Manual,1.6,47961,52861,9261,High
12/31/2022,3 Series,2022,Africa,Silver,Hybrid,Manual,2.1,185977,67288,6188,High
12/31/2022,M3,2022,Europe,Blue,Electric,Manual,4.8,133765,132666,3057,Low
12/31/2019,M3,2019,Asia,Silver,Diesel,Manual,3.6,109216,93360,2744,Low
12/31/2011,i8,2011,South America,Black,Electric,Automatic,3,156493,106566,50,Low
12/31/2015,7 Series,2015,Africa,Blue,Electric,Manual,3.3,109159,110546,50,Low
12/31/2017,X5,2017,Europe,Red,Electric,Automatic,4.4,33170,67460,6429,High
12/31/2013,X5,2013,Africa,Blue,Electric,Manual,4.8,197018,67989,2306,Low
12/31/2018,i3,2018,North America,White,Hybrid,Manual,4.1,18353,97203,4984,Low
12/31/2021,i3,2021,South America,Red,Hybrid,Manual,4.2,26098,147288,2806,Low
12/31/2021,i3,2021,Europe,Black,Hybrid,Automatic,2.6,73641,97718,6214,High
12/31/2024,i8,2024,North America,White,Electric,Manual,3.1,92975,187992,677,Low
12/31/2017,M3,2017,South America,Black,Diesel,Manual,4.6,81714,98534,1294,Low
12/31/2016,X3,2016,South America,Silver,Electric,Automatic,4.3,18023,107375,4987,Low
12/31/2023,i3,2023,Africa,Silver,Hybrid,Manual,3.9,160104,94394,3606,Low
12/31/2016,7 Series,2016,Europe,Grey,Electric,Automatic,1.7,34753,120622,878,Low
12/31/2012,M3,2012,North America,Silver,Diesel,Manual,1.6,121260,47576,2327,Low
12/31/2023,X1,2023,North America,White,Electric,Automatic,2,180493,83252,9941,High
12/31/2015,i8,2015,Asia,Silver,Electric,Automatic,3.5,158896,138059,50,Low
12/31/2022,3 Series,2022,South America,Red,Diesel,Manual,3.4,112539,78922,7129,High
12/31/2022,X3,2022,Asia,Silver,Hybrid,Manual,4.8,32569,130257,8234,High
12/31/2014,M3,2014,Asia,White,Petrol,Manual,3.9,130814,74450,2430,Low
12/31/2010,i8,2010,Europe,Grey,Petrol,Manual,2.5,22693,115708,50,Low
12/31/2020,M3,2020,South America,Black,Hybrid,Manual,2.1,1179,120396,2037,Low
12/31/2012,i8,2012,Africa,Blue,Electric,Automatic,4.5,27148,143580,50,Low
12/31/2022,i3,2022,Africa,Blue,Hybrid,Manual,3.1,48632,102932,3899,Low
12/31/2021,M3,2021,South America,Red,Petrol,Manual,3.8,57580,106873,1816,Low
12/31/2010,i3,2010,Asia,Blue,Petrol,Automatic,3.5,121086,37031,4272,Low
12/31/2013,5 Series,2013,Africa,Silver,Electric,Manual,1.9,91006,65997,3528,Low
12/31/2019,7 Series,2019,Asia,Blue,Diesel,Manual,1.7,4782,126281,1466,Low
12/31/2012,i3,2012,Asia,Silver,Petrol,Manual,2.8,40210,53254,5445,High
12/31/2020,3 Series,2020,Asia,Silver,Electric,Manual,2.8,155873,79412,10361,High
12/31/2013,X6,2013,Asia,Blue,Diesel,Automatic,3.9,188136,64653,3805,Low
12/31/2018,X3,2018,Africa,Silver,Hybrid,Manual,3.7,93802,83558,4716,Low
12/31/2012,i3,2012,Middle East,Grey,Electric,Automatic,4.9,934,96762,2223,Low
12/31/2021,M5,2021,North America,Red,Electric,Manual,4.5,49534,167279,1686,Low
12/31/2015,X5,2015,North America,Black,Hybrid,Manual,3.2,192703,65856,6418,High
12/31/2015,X1,2015,Europe,Black,Petrol,Manual,3.3,127326,46587,6349,High
12/31/2016,3 Series,2016,Middle East,White,Petrol,Manual,3.9,84786,71752,6025,High
12/31/2018,i8,2018,Middle East,Blue,Diesel,Manual,1.9,57536,141451,50,Low
12/31/2021,i8,2021,South America,Grey,Electric,Manual,5,164465,159061,235,Low
12/31/2016,M5,2016,Europe,Red,Petrol,Manual,3.3,143573,101188,1354,Low
12/31/2023,5 Series,2023,South America,Grey,Petrol,Automatic,4.7,59631,123525,4961,Low
12/31/2010,i8,2010,Asia,Red,Hybrid,Manual,4.9,90049,130611,50,Low
12/31/2024,i3,2024,South America,Red,Electric,Manual,3.5,87401,116421,3467,Low
12/31/2017,5 Series,2017,Asia,Grey,Hybrid,Manual,1.9,89821,79031,7694,High
12/31/2014,M5,2014,Europe,Red,Electric,Automatic,3.5,109968,113943,907,Low
12/31/2018,5 Series,2018,Asia,Blue,Petrol,Automatic,3.6,42147,100856,6972,High
12/31/2019,M3,2019,South America,Silver,Hybrid,Manual,4.3,67251,112797,2176,Low
12/31/2022,X1,2022,South America,Silver,Diesel,Automatic,1.7,1805,84345,4732,Low
12/31/2024,X3,2024,Asia,Black,Electric,Manual,3.1,182032,95656,9647,High
12/31/2021,5 Series,2021,Asia,Grey,Hybrid,Automatic,4.7,100891,121253,7377,High
12/31/2014,i8,2014,Africa,White,Petrol,Automatic,5,100229,80535,50,Low
12/31/2014,5 Series,2014,South America,Grey,Petrol,Automatic,2.2,129416,52262,4006,Low
12/31/2024,3 Series,2024,Africa,Red,Hybrid,Automatic,4.5,6983,133689,5634,High
12/31/2021,5 Series,2021,Europe,Red,Diesel,Automatic,2,27694,95901,6141,High
12/31/2021,i3,2021,Middle East,Black,Hybrid,Manual,4.4,125685,102074,3857,Low
12/31/2023,3 Series,2023,Africa,White,Electric,Manual,2.5,157637,85449,5482,High
12/31/2011,X6,2011,North America,Blue,Hybrid,Automatic,4.9,181716,111878,2974,Low
12/31/2021,M5,2021,North America,Silver,Hybrid,Automatic,3.9,15270,163776,1639,Low
12/31/2020,5 Series,2020,Middle East,Red,Hybrid,Automatic,2.9,16842,120942,5394,High
12/31/2012,M5,2012,South America,Silver,Electric,Automatic,2.5,45662,114186,50,Low
12/31/2019,X5,2019,Middle East,Red,Diesel,Automatic,2.3,198735,72166,4046,Low
12/31/2018,X6,2018,Asia,Blue,Electric,Manual,3.9,120907,49841,4783,Low
12/31/2016,X1,2016,Africa,Grey,Diesel,Automatic,4.6,159389,54218,3842,Low
12/31/2010,i8,2010,Asia,Red,Electric,Manual,4.1,181144,113431,50,Low
12/31/2012,X1,2012,South America,Red,Diesel,Automatic,4.4,198210,25000,4276,Low
12/31/2021,M5,2021,Africa,Black,Hybrid,Automatic,4.2,153424,136614,1071,Low
12/31/2011,M5,2011,Africa,Silver,Petrol,Automatic,4.9,79028,104280,50,Low
12/31/2010,M3,2010,Asia,Black,Electric,Automatic,4.2,177987,70650,2401,Low
12/31/2018,i8,2018,North America,Red,Diesel,Manual,2.2,68677,143361,50,Low
12/31/2017,5 Series,2017,Asia,Blue,Electric,Manual,4.3,129073,91166,7642,High
12/31/2024,X5,2024,North America,Black,Hybrid,Manual,2.6,92783,125289,5869,High
12/31/2014,3 Series,2014,Europe,Blue,Electric,Manual,5,31502,93393,9296,High
12/31/2020,3 Series,2020,Middle East,Silver,Diesel,Automatic,2.8,81311,80034,6578,High
12/31/2021,i3,2021,South America,Blue,Hybrid,Automatic,2.5,105684,84418,3872,Low
12/31/2011,3 Series,2011,Europe,Silver,Electric,Manual,2.3,6071,62885,8460,High
12/31/2010,5 Series,2010,Middle East,Black,Hybrid,Manual,3.8,67451,68744,3237,Low
12/31/2016,i8,2016,South America,Red,Hybrid,Automatic,1.9,151663,115712,50,Low
12/31/2022,M5,2022,Middle East,Red,Electric,Manual,4.8,165570,151754,1297,Low
12/31/2020,X1,2020,Europe,White,Petrol,Manual,2.5,36760,78881,7593,High
12/31/2020,X5,2020,Asia,Blue,Electric,Manual,2.5,168602,92287,7618,High
12/31/2024,3 Series,2024,North America,Black,Diesel,Manual,1.7,50262,95810,10366,High
12/31/2011,i8,2011,Africa,Grey,Diesel,Manual,2.4,1288,116671,50,Low
12/31/2010,7 Series,2010,North America,Grey,Hybrid,Manual,3,15114,100589,258,Low
12/31/2011,X6,2011,North America,Blue,Diesel,Manual,2.8,31622,75977,8936,High
12/31/2016,X6,2016,South America,Blue,Diesel,Manual,2.5,8460,88237,2352,Low
12/31/2016,3 Series,2016,Africa,Red,Diesel,Automatic,1.6,171974,34810,5090,High
12/31/2019,7 Series,2019,Asia,Grey,Hybrid,Manual,2.6,102889,126581,1980,Low
12/31/2015,i8,2015,Europe,Silver,Diesel,Automatic,4.2,159022,127476,50,Low
12/31/2014,i3,2014,Africa,Grey,Petrol,Automatic,3,67148,56875,2074,Low
12/31/2012,X3,2012,Europe,White,Electric,Manual,2.5,190339,42758,7067,High
12/31/2023,X1,2023,Asia,White,Diesel,Automatic,2.6,145194,71927,9133,High
12/31/2021,7 Series,2021,South America,Red,Hybrid,Automatic,3.4,26648,146387,1049,Low
12/31/2012,M3,2012,Middle East,Silver,Diesel,Automatic,2.6,41171,77659,1250,Low
12/31/2020,M5,2020,Africa,Red,Electric,Manual,3.7,69960,144843,1011,Low
12/31/2022,X3,2022,Middle East,Grey,Petrol,Manual,5,104984,102921,6080,High
12/31/2021,i3,2021,Africa,White,Petrol,Automatic,1.6,38628,83679,2701,Low
12/31/2018,X5,2018,Europe,Silver,Electric,Automatic,2.1,36136,110958,5442,High
12/31/2013,X6,2013,North America,Black,Petrol,Automatic,2.1,36690,85542,3763,Low
12/31/2018,7 Series,2018,Middle East,White,Diesel,Automatic,3.1,187275,154323,94,Low
12/31/2013,3 Series,2013,Europe,White,Petrol,Manual,1.6,13308,53114,9648,High
12/31/2011,M5,2011,Asia,Silver,Petrol,Manual,3.2,97954,93986,1091,Low
12/31/2024,M5,2024,North America,Grey,Electric,Automatic,4.8,173891,156828,2426,Low
12/31/2013,X6,2013,Africa,Silver,Petrol,Automatic,1.5,55,79759,1356,Low
12/31/2015,X1,2015,Middle East,Silver,Hybrid,Automatic,2.8,160210,52904,5454,High
12/31/2015,7 Series,2015,Africa,Red,Electric,Automatic,4.2,3889,139687,50,Low
12/31/2014,7 Series,2014,Middle East,Red,Diesel,Manual,2,81963,89810,420,Low
12/31/2024,X6,2024,South America,Black,Electric,Manual,1.8,56685,129397,3180,Low
12/31/2024,X3,2024,South America,Red,Diesel,Automatic,3.7,67077,104205,6418,High
12/31/2010,i3,2010,Africa,Red,Hybrid,Automatic,1.5,41458,45452,1756,Low
12/31/2012,X3,2012,Middle East,Red,Diesel,Automatic,4.3,30047,72849,5383,High
12/31/2014,X5,2014,Africa,White,Petrol,Manual,1.7,126152,53879,3278,Low
12/31/2015,X5,2015,Middle East,Silver,Petrol,Manual,3.3,97017,79472,3499,Low
12/31/2023,X1,2023,Asia,White,Electric,Manual,4.1,43128,116727,9241,High
12/31/2010,X5,2010,South America,Red,Diesel,Manual,2.3,38447,52805,2670,Low
12/31/2023,X3,2023,North America,Blue,Hybrid,Automatic,1.9,154969,88135,9106,High
12/31/2023,7 Series,2023,Asia,Red,Hybrid,Manual,2.1,163845,117645,2247,Low
12/31/2018,7 Series,2018,Middle East,Black,Electric,Automatic,4.5,12324,156161,638,Low
12/31/2023,7 Series,2023,Europe,Silver,Electric,Manual,4,163306,144388,1909,Low
12/31/2012,X5,2012,South America,White,Diesel,Automatic,2.2,37089,65232,3294,Low
12/31/2019,X6,2019,Asia,White,Hybrid,Manual,4,6514,128016,4255,Low
12/31/2022,i3,2022,North America,Black,Hybrid,Automatic,4,53396,111817,6147,High
12/31/2012,5 Series,2012,South America,Black,Electric,Manual,5,197865,63271,3500,Low
12/31/2020,M5,2020,Europe,Black,Hybrid,Manual,2.9,168794,124324,2210,Low
12/31/2011,i3,2011,South America,Silver,Hybrid,Manual,4.5,120445,52668,2458,Low
12/31/2017,X5,2017,Europe,White,Electric,Automatic,3.1,163379,85400,6092,High
12/31/2024,M5,2024,Europe,Grey,Hybrid,Automatic,4.6,169938,150661,2406,Low
12/31/2022,7 Series,2022,Asia,White,Hybrid,Manual,1.8,16474,146798,1956,Low
12/31/2012,X1,2012,North America,Silver,Electric,Automatic,2.1,129090,41850,6600,High
12/31/2015,3 Series,2015,North America,Red,Hybrid,Automatic,4.5,100385,79786,9659,High
12/31/2011,M3,2011,South America,White,Electric,Manual,4.4,88242,82356,685,Low
12/31/2016,7 Series,2016,South America,Grey,Hybrid,Manual,2.6,53396,109035,330,Low
12/31/2022,i8,2022,Middle East,Grey,Petrol,Manual,3.6,45695,181789,50,Low
12/31/2013,M3,2013,Africa,White,Hybrid,Manual,2.8,104906,69699,995,Low
12/31/2018,X1,2018,Middle East,Silver,Diesel,Manual,1.5,92058,51269,6497,High
12/31/2023,X5,2023,Europe,Grey,Electric,Manual,1.6,125339,111865,6088,High
12/31/2019,X5,2019,Europe,White,Diesel,Automatic,1.7,75779,84830,6277,High
12/31/2018,i8,2018,Asia,White,Electric,Manual,3.6,7019,179873,50,Low
12/31/2016,M5,2016,Europe,Black,Hybrid,Manual,2.5,192815,100953,1426,Low
12/31/2024,7 Series,2024,Europe,Grey,Hybrid,Automatic,2,6105,161289,1811,Low
12/31/2021,M3,2021,Asia,Blue,Hybrid,Automatic,4.8,31683,138306,3123,Low
12/31/2017,7 Series,2017,Middle East,Red,Diesel,Manual,1.9,39140,107656,639,Low
12/31/2012,7 Series,2012,Africa,Blue,Diesel,Manual,3.9,71728,87231,50,Low
12/31/2020,5 Series,2020,Europe,Blue,Petrol,Automatic,4.6,108223,101802,7118,High
12/31/2014,3 Series,2014,Africa,Black,Hybrid,Automatic,2.1,110262,51006,4443,Low
12/31/2011,3 Series,2011,Africa,White,Petrol,Manual,2.3,163946,25000,4891,Low
12/31/2019,7 Series,2019,South America,Black,Electric,Automatic,3.5,86211,133952,767,Low
12/31/2016,X3,2016,North America,Red,Petrol,Manual,3.3,19350,85702,8114,High
12/31/2022,i3,2022,North America,Grey,Hybrid,Automatic,3.3,175287,90654,6552,High
12/31/2017,X6,2017,Asia,Red,Diesel,Automatic,3.4,98663,96951,4101,Low
12/31/2018,i8,2018,Africa,White,Electric,Automatic,4.8,107639,164982,50,Low
12/31/2020,X5,2020,Europe,Silver,Diesel,Automatic,1.7,60444,92323,5192,High
12/31/2020,X1,2020,Europe,Blue,Electric,Manual,4.2,126470,84423,9195,High
12/31/2016,5 Series,2016,Asia,White,Hybrid,Manual,2.3,84369,80876,6632,High
12/31/2019,5 Series,2019,Middle East,Silver,Petrol,Automatic,2.8,114113,83410,741,Low
12/31/2024,7 Series,2024,Asia,Blue,Petrol,Automatic,1.8,17179,149949,1833,Low
12/31/2019,7 Series,2019,South America,Blue,Hybrid,Manual,3.1,194216,101331,1352,Low
12/31/2022,7 Series,2022,Middle East,Grey,Petrol,Automatic,4.3,161598,136221,966,Low
12/31/2017,M3,2017,Asia,Grey,Petrol,Manual,1.8,102940,75679,2704,Low
12/31/2021,X3,2021,South America,White,Diesel,Automatic,2.5,26384,96030,5703,High
12/31/2018,M5,2018,South America,White,Electric,Manual,2.8,50175,138764,872,Low
12/31/2015,X5,2015,Asia,Red,Petrol,Manual,1.9,56926,76349,6760,High
12/31/2021,M5,2021,Africa,Silver,Hybrid,Automatic,4.2,192912,127373,1330,Low
12/31/2021,i8,2021,South America,Red,Electric,Manual,4.3,113822,166839,152,Low
12/31/2019,X1,2019,Middle East,Silver,Petrol,Automatic,4.4,174934,106597,5340,High
12/31/2011,i3,2011,Middle East,Black,Diesel,Automatic,3.5,154505,36313,3134,Low
12/31/2011,i3,2011,Middle East,Black,Hybrid,Automatic,3.3,142789,47828,2790,Low
12/31/2013,X3,2013,Africa,Black,Diesel,Automatic,2.4,121701,42481,3809,Low
12/31/2024,M5,2024,Africa,Blue,Diesel,Automatic,3.8,63898,146654,1123,Low
12/31/2018,i8,2018,Africa,Black,Diesel,Automatic,3.1,76618,134140,50,Low
12/31/2016,M5,2016,Middle East,Blue,Diesel,Manual,4.9,67885,129367,420,Low
12/31/2011,7 Series,2011,Africa,Grey,Petrol,Manual,4.9,21060,101591,50,Low
12/31/2017,i8,2017,North America,Blue,Petrol,Automatic,4.7,91807,151366,50,Low
12/31/2020,i3,2020,North America,Grey,Diesel,Automatic,2.8,43076,83875,5137,High
12/31/2016,5 Series,2016,Asia,Silver,Electric,Manual,2.8,63421,95926,6723,High
12/31/2018,X1,2018,Africa,Red,Electric,Automatic,4.5,37589,46119,5398,High
12/31/2017,i3,2017,North America,Blue,Electric,Automatic,4.1,10688,106529,4364,Low
12/31/2012,X3,2012,Middle East,Red,Hybrid,Manual,4,150397,55030,5017,High
12/31/2010,M3,2010,South America,Blue,Diesel,Manual,2.5,163219,34644,1313,Low
12/31/2011,5 Series,2011,Middle East,Red,Petrol,Manual,4.4,116274,61265,4323,Low
12/31/2024,X6,2024,Europe,Red,Diesel,Manual,3.5,196942,104931,4314,Low
12/31/2023,X6,2023,Asia,Red,Hybrid,Manual,3.1,121085,117142,5603,High
12/31/2022,M5,2022,Europe,Grey,Petrol,Manual,4.5,159050,134490,1756,Low
12/31/2011,X3,2011,Africa,Grey,Electric,Manual,2.9,162335,43337,4520,Low
12/31/2013,7 Series,2013,Europe,White,Electric,Automatic,3.8,127930,107756,554,Low
12/31/2015,M3,2015,Middle East,White,Electric,Manual,3.1,28598,104502,1385,Low
12/31/2013,5 Series,2013,Europe,White,Diesel,Manual,3.6,41104,69644,5779,High
12/31/2018,i3,2018,North America,Red,Petrol,Manual,1.6,9889,75296,5104,High
12/31/2013,X5,2013,South America,Grey,Petrol,Manual,3.1,150459,56070,2833,Low
12/31/2015,X1,2015,Asia,Black,Diesel,Manual,3.4,35515,60152,7454,High
12/31/2015,X1,2015,North America,Blue,Diesel,Automatic,3.2,181975,37115,7371,High
12/31/2019,X6,2019,Asia,White,Diesel,Automatic,4.5,141505,105308,4111,Low
12/31/2020,i3,2020,Middle East,Grey,Diesel,Manual,2.6,155579,60844,3979,Low
12/31/2019,7 Series,2019,Africa,Blue,Diesel,Automatic,4.6,47194,125726,371,Low
12/31/2010,7 Series,2010,Africa,Blue,Diesel,Manual,2.9,80767,72196,50,Low
12/31/2017,X6,2017,Middle East,Black,Hybrid,Automatic,3.9,39250,116515,2424,Low
12/31/2021,i3,2021,Middle East,Black,Electric,Automatic,1.8,34979,108254,4205,Low
12/31/2012,3 Series,2012,Europe,Grey,Petrol,Manual,2.2,76252,40766,9025,High
12/31/2024,X6,2024,Asia,White,Electric,Automatic,4.2,137738,133983,4778,Low
12/31/2022,X6,2022,Asia,Blue,Hybrid,Manual,1.5,30387,121534,4922,Low
12/31/2015,M5,2015,Africa,Red,Diesel,Automatic,4.9,187516,100248,365,Low
12/31/2012,X1,2012,Middle East,Grey,Hybrid,Automatic,2.2,159526,34298,9879,High
12/31/2024,X1,2024,Europe,Black,Petrol,Manual,4.7,192983,79282,8609,High
12/31/2020,i8,2020,Africa,Blue,Petrol,Automatic,3.3,68442,148770,50,Low
12/31/2011,i8,2011,Africa,Silver,Electric,Manual,3.5,172095,107677,50,Low
12/31/2024,X5,2024,Middle East,Silver,Hybrid,Automatic,1.8,97562,117247,5494,High
12/31/2014,M3,2014,Europe,Grey,Petrol,Manual,2.8,143271,62502,2896,Low
12/31/2023,M3,2023,Asia,Blue,Diesel,Manual,2,28011,111864,3683,Low
12/31/2010,i8,2010,Asia,White,Electric,Automatic,3.3,54101,133147,50,Low
12/31/2018,3 Series,2018,Middle East,Grey,Hybrid,Manual,3.4,161914,70064,6990,High
12/31/2020,7 Series,2020,North America,Grey,Hybrid,Automatic,4,121594,130670,1830,Low
12/31/2016,5 Series,2016,Europe,Red,Hybrid,Manual,4.6,137136,86618,6115,High
12/31/2012,i8,2012,North America,Blue,Diesel,Manual,3.1,99706,113868,50,Low
12/31/2013,5 Series,2013,Africa,Red,Petrol,Manual,2.3,36986,60245,2766,Low
12/31/2022,X3,2022,Middle East,Grey,Diesel,Automatic,2.7,64687,98363,6552,High
12/31/2015,5 Series,2015,Asia,White,Petrol,Automatic,4.5,96237,84832,7484,High
12/31/2012,M5,2012,Middle East,Silver,Electric,Automatic,2,8053,118848,50,Low
12/31/2021,M5,2021,Africa,Silver,Diesel,Manual,3.7,170100,116528,1066,Low
12/31/2016,7 Series,2016,Asia,Black,Petrol,Manual,1.5,136481,84857,1380,Low
12/31/2022,M3,2022,Middle East,Red,Petrol,Automatic,2.4,37632,122627,1874,Low
12/31/2015,X6,2015,Asia,Grey,Hybrid,Manual,3.6,164393,79453,4017,Low
12/31/2018,i3,2018,Middle East,Red,Diesel,Automatic,3.1,7995,92752,3697,Low
12/31/2021,7 Series,2021,South America,Silver,Petrol,Manual,3.2,135138,116122,946,Low
12/31/2024,3 Series,2024,South America,Grey,Diesel,Automatic,3.8,136540,89600,6651,High
12/31/2014,i8,2014,South America,Silver,Hybrid,Automatic,2.3,196753,103361,50,Low
12/31/2013,X3,2013,Middle East,Blue,Diesel,Manual,2.5,95429,51349,6239,High
12/31/2012,X1,2012,North America,Red,Diesel,Automatic,3.9,121477,39770,7710,High
12/31/2019,X1,2019,Africa,Blue,Petrol,Manual,3.4,87206,66038,4621,Low
12/31/2010,3 Series,2010,Europe,Blue,Electric,Automatic,1.6,121142,38945,8660,High
12/31/2012,X5,2012,Middle East,White,Diesel,Manual,3.8,156532,54727,3618,Low
12/31/2012,M3,2012,Africa,Black,Petrol,Manual,3.7,23186,79901,800,Low
12/31/2016,M5,2016,North America,Silver,Diesel,Automatic,1.8,158373,92230,1731,Low
12/31/2016,X6,2016,South America,Silver,Hybrid,Manual,4.1,24962,108837,1993,Low
12/31/2022,X6,2022,Africa,Silver,Hybrid,Manual,3.3,138100,114248,2864,Low
12/31/2024,M5,2024,North America,Grey,Diesel,Automatic,2.2,193138,169627,1887,Low
12/31/2021,i8,2021,Middle East,White,Electric,Manual,3.5,165477,164777,260,Low
12/31/2010,M5,2010,North America,Grey,Hybrid,Automatic,3.6,143635,89320,744,Low
12/31/2012,X3,2012,Middle East,Silver,Petrol,Automatic,4.7,46200,72048,4532,Low
12/31/2022,3 Series,2022,North America,Black,Hybrid,Manual,4.1,108358,97328,8956,High
12/31/2017,X1,2017,North America,White,Hybrid,Manual,2.6,107652,65327,8628,High
12/31/2018,X5,2018,Europe,White,Diesel,Manual,1.9,26392,86994,4929,Low
12/31/2016,M5,2016,South America,White,Hybrid,Manual,4.5,149737,115291,518,Low
12/31/2016,5 Series,2016,South America,Grey,Diesel,Manual,4.5,131124,73607,3967,Low
12/31/2021,i3,2021,South America,White,Electric,Automatic,2.1,137420,87147,4055,Low
12/31/2024,X1,2024,South America,Grey,Hybrid,Manual,1.7,153483,76169,5591,High
12/31/2020,5 Series,2020,North America,Silver,Electric,Manual,4,7748,128569,6408,High
12/31/2017,7 Series,2017,Middle East,Blue,Hybrid,Manual,4,68491,133445,244,Low
12/31/2015,7 Series,2015,Europe,Grey,Diesel,Automatic,2.1,196561,76367,1133,Low
12/31/2020,X1,2020,North America,Silver,Hybrid,Manual,3.8,138306,83814,8680,High
12/31/2012,3 Series,2012,South America,White,Petrol,Automatic,2.5,84277,43184,6155,High
12/31/2024,X5,2024,Africa,White,Diesel,Automatic,2.4,161667,97410,3718,Low
12/31/2010,X6,2010,Asia,Silver,Electric,Manual,2.6,84202,75945,3856,Low
12/31/2016,i8,2016,Middle East,Blue,Electric,Automatic,3.3,152404,140367,50,Low
12/31/2010,3 Series,2010,South America,Grey,Hybrid,Automatic,4.3,77784,58587,5570,High
12/31/2010,X5,2010,Africa,Grey,Diesel,Manual,3.2,29832,61979,2260,Low
12/31/2018,i8,2018,Asia,Blue,Petrol,Manual,2.5,47286,146788,50,Low
12/31/2022,M5,2022,Middle East,Grey,Diesel,Manual,4.6,169210,136555,1202,Low
12/31/2019,i3,2019,Africa,White,Diesel,Manual,1.7,119762,53608,2919,Low
12/31/2016,M5,2016,Asia,Red,Petrol,Automatic,4.3,134915,119428,1420,Low
12/31/2022,i8,2022,Africa,Red,Petrol,Manual,4.2,95752,156050,50,Low
12/31/2020,7 Series,2020,Middle East,White,Petrol,Automatic,2.4,75817,121636,800,Low
12/31/2022,X5,2022,Africa,White,Diesel,Manual,2.2,10260,111436,2893,Low
12/31/2013,7 Series,2013,South America,Silver,Diesel,Manual,4.6,40585,105049,50,Low
12/31/2015,X5,2015,North America,Red,Hybrid,Automatic,3.5,34313,101420,5053,High
12/31/2010,3 Series,2010,North America,Blue,Hybrid,Automatic,1.7,163005,28663,9717,High
12/31/2016,X3,2016,South America,Grey,Petrol,Manual,4.6,87744,73766,5702,High
12/31/2021,i3,2021,Middle East,White,Electric,Automatic,2.7,95331,98675,4503,Low
12/31/2024,X3,2024,North America,Blue,Petrol,Manual,2.7,104002,99727,10425,High
12/31/2015,5 Series,2015,Middle East,Grey,Diesel,Automatic,3.8,77154,79389,3895,Low
12/31/2013,X3,2013,South America,Silver,Electric,Manual,3.8,141804,61932,5385,High
12/31/2016,X1,2016,Asia,Red,Petrol,Manual,2.7,119819,47045,8129,High
12/31/2012,M3,2012,North America,Silver,Hybrid,Automatic,2,126672,66690,2074,Low
12/31/2010,i8,2010,South America,Silver,Hybrid,Automatic,3.4,2962,132681,50,Low
12/31/2013,i3,2013,North America,Red,Electric,Manual,3.7,74697,75608,4632,Low
12/31/2012,7 Series,2012,Africa,Grey,Petrol,Manual,4.5,75818,95359,50,Low
12/31/2010,7 Series,2010,Africa,Blue,Petrol,Manual,3.2,109145,70768,50,Low
12/31/2011,7 Series,2011,Asia,Grey,Electric,Manual,3.8,74631,104524,492,Low
12/31/2020,X3,2020,South America,Black,Electric,Manual,1.7,3763,105532,5329,High
12/31/2014,i8,2014,South America,Silver,Diesel,Automatic,4.6,58086,132322,50,Low
12/31/2024,M5,2024,Middle East,White,Petrol,Automatic,2.6,130049,145822,1370,Low
12/31/2017,X5,2017,Europe,Grey,Petrol,Automatic,3.7,160075,74666,6505,High
12/31/2010,X6,2010,North America,White,Hybrid,Automatic,4.7,90677,87444,2923,Low
12/31/2013,X1,2013,Asia,Grey,Diesel,Manual,4.3,159607,36901,7799,High
12/31/2023,7 Series,2023,North America,Black,Petrol,Manual,3.7,170055,125052,1696,Low
12/31/2013,X3,2013,Europe,Black,Hybrid,Manual,4,103694,67158,7971,High
12/31/2014,X5,2014,Asia,Black,Electric,Automatic,4.7,165913,84322,5156,High
12/31/2016,X6,2016,Africa,Grey,Electric,Manual,4.3,158127,98515,1723,Low
12/31/2022,7 Series,2022,Asia,Red,Electric,Automatic,3.6,37475,166048,3061,Low
12/31/2021,X6,2021,North America,Silver,Electric,Automatic,3.8,31811,137853,4509,Low
12/31/2017,7 Series,2017,Asia,Red,Hybrid,Manual,2,68209,111316,1317,Low
12/31/2024,M3,2024,North America,Red,Hybrid,Automatic,3.1,128672,125695,4101,Low
12/31/2015,7 Series,2015,South America,Black,Hybrid,Automatic,2.6,178315,90463,490,Low
12/31/2010,X1,2010,Middle East,Red,Electric,Manual,3,127476,38642,4651,Low
12/31/2016,X6,2016,Europe,Grey,Diesel,Automatic,3.8,202,111520,3716,Low
12/31/2012,7 Series,2012,South America,Black,Hybrid,Automatic,2,163892,71922,259,Low
12/31/2024,X3,2024,Africa,Black,Petrol,Manual,1.6,115436,79030,5984,High
12/31/2022,i8,2022,Europe,Blue,Diesel,Manual,2.9,145241,139970,1627,Low
12/31/2022,3 Series,2022,Middle East,Silver,Petrol,Automatic,2.6,33969,96347,7106,High
12/31/2022,3 Series,2022,Europe,Grey,Diesel,Automatic,3,63005,90593,9073,High
12/31/2015,5 Series,2015,North America,Blue,Hybrid,Manual,4.8,90871,89954,5976,High
12/31/2024,7 Series,2024,Asia,White,Diesel,Automatic,4,3552,154545,1889,Low
12/31/2017,7 Series,2017,North America,White,Electric,Manual,2.6,58348,129906,821,Low
12/31/2016,M5,2016,Africa,Blue,Diesel,Automatic,2.1,84382,102321,519,Low
12/31/2019,3 Series,2019,North America,White,Electric,Manual,3.7,174849,77647,11507,High
12/31/2015,5 Series,2015,Asia,White,Hybrid,Manual,3.8,80462,91822,6970,High
12/31/2018,i8,2018,Asia,Silver,Electric,Automatic,3.2,94023,165205,144,Low
12/31/2018,5 Series,2018,Asia,White,Diesel,Automatic,2.2,962,98631,7279,High
12/31/2010,M3,2010,Europe,Black,Hybrid,Manual,1.6,154978,46132,2462,Low
12/31/2010,5 Series,2010,North America,Black,Electric,Manual,2.4,117943,53572,6733,High
12/31/2010,X3,2010,Europe,Grey,Electric,Automatic,3.1,192672,39829,6866,High
12/31/2017,M5,2017,Middle East,Red,Electric,Automatic,4.3,28950,156665,50,Low
12/31/2021,X1,2021,North America,White,Electric,Automatic,4.5,16484,117347,9074,High
12/31/2022,X5,2022,Europe,Silver,Diesel,Automatic,2.9,184062,46467,6906,High
12/31/2023,M3,2023,Middle East,Blue,Electric,Manual,4.3,198434,113837,2763,Low
12/31/2021,5 Series,2021,Europe,White,Hybrid,Automatic,5,15719,129980,6428,High
12/31/2023,X6,2023,Europe,Black,Diesel,Manual,4,165236,111233,4086,Low
12/31/2019,X3,2019,Asia,Blue,Petrol,Automatic,4.1,167616,75357,8661,High
12/31/2016,M3,2016,Asia,Silver,Diesel,Manual,4.7,167810,77823,3161,Low
12/31/2012,7 Series,2012,Middle East,White,Electric,Automatic,2.7,177161,88176,160,Low
12/31/2022,X6,2022,Asia,Grey,Electric,Automatic,1.5,113139,112596,5870,High
12/31/2011,i3,2011,North America,Grey,Electric,Automatic,5,91769,73825,4321,Low
12/31/2013,X1,2013,South America,White,Petrol,Manual,3.2,43291,50629,3863,Low
12/31/2012,X5,2012,Asia,Black,Diesel,Manual,4.2,191567,52088,5541,High
12/31/2016,M3,2016,North America,Grey,Petrol,Manual,4.3,138755,83745,2945,Low
12/31/2019,i3,2019,Middle East,White,Electric,Manual,2.9,16500,108733,3558,Low
12/31/2024,i3,2024,Africa,Blue,Petrol,Automatic,3.4,21359,110454,3054,Low
12/31/2024,i3,2024,North America,Grey,Hybrid,Manual,3.4,63340,116441,6733,High
12/31/2017,3 Series,2017,North America,Silver,Petrol,Automatic,2.3,104120,65378,10727,High
12/31/2015,M5,2015,Middle East,Grey,Hybrid,Manual,1.9,76995,118216,463,Low
12/31/2012,i8,2012,Africa,White,Petrol,Manual,3.4,66070,120203,50,Low
12/31/2015,M3,2015,North America,White,Electric,Automatic,1.9,182631,73779,2840,Low
12/31/2024,i3,2024,Middle East,Silver,Diesel,Manual,2.7,12539,101925,4347,Low
12/31/2011,X6,2011,Asia,White,Petrol,Automatic,2.2,150422,51981,4007,Low
12/31/2024,X3,2024,Africa,Silver,Hybrid,Manual,4,78257,115192,6285,High
12/31/2021,X1,2021,North America,Grey,Petrol,Automatic,4.6,164430,78354,9137,High
12/31/2016,i8,2016,Europe,Silver,Hybrid,Manual,3.5,150272,130717,50,Low
12/31/2023,7 Series,2023,South America,White,Electric,Manual,2.9,126820,138840,1282,Low
12/31/2020,i8,2020,North America,Silver,Hybrid,Manual,5,188951,155491,543,Low
12/31/2019,X6,2019,Middle East,Blue,Petrol,Manual,1.6,72107,100517,2667,Low
12/31/2023,3 Series,2023,Asia,Silver,Diesel,Automatic,2.6,164337,75657,9757,High
12/31/2016,M5,2016,Asia,Black,Electric,Manual,2.5,133484,108669,1517,Low
12/31/2013,7 Series,2013,Middle East,Red,Electric,Automatic,2.7,69324,109524,50,Low
12/31/2022,3 Series,2022,Asia,Silver,Diesel,Manual,2.3,46584,86441,11296,High
12/31/2017,X5,2017,Africa,Red,Electric,Manual,2.4,172965,74012,3185,Low
12/31/2013,X5,2013,North America,Blue,Petrol,Manual,2.4,128976,55567,6302,High
12/31/2016,5 Series,2016,Asia,Red,Diesel,Manual,3.3,151735,65978,6134,High
12/31/2013,i3,2013,Middle East,Grey,Diesel,Automatic,2.9,194738,30813,3106,Low
12/31/2022,i3,2022,Middle East,White,Petrol,Manual,3.7,2333,108674,3505,Low
12/31/2021,7 Series,2021,Middle East,White,Diesel,Automatic,3.3,141139,120304,1079,Low
12/31/2014,7 Series,2014,Africa,White,Petrol,Manual,2.1,14185,96156,56,Low
12/31/2016,5 Series,2016,Africa,White,Electric,Manual,4.3,97796,89075,3691,Low
12/31/2022,M3,2022,North America,Blue,Petrol,Manual,3.2,17384,122251,2692,Low
12/31/2023,X3,2023,Europe,Blue,Petrol,Automatic,2,137028,82267,8617,High
12/31/2023,i3,2023,South America,Red,Petrol,Automatic,2.1,3957,99839,3340,Low
12/31/2022,7 Series,2022,Europe,Silver,Hybrid,Manual,4.3,29933,154611,3520,Low
12/31/2019,X1,2019,South America,Black,Hybrid,Automatic,4,87798,90013,4739,Low
12/31/2012,M5,2012,South America,White,Petrol,Automatic,3.3,94628,91440,228,Low
12/31/2019,X3,2019,North America,White,Diesel,Manual,2.6,166607,60139,9069,High
12/31/2014,i3,2014,Europe,Black,Hybrid,Automatic,3.1,158868,53216,4524,Low
12/31/2020,X3,2020,South America,Blue,Petrol,Manual,3.7,30945,92121,5333,High
12/31/2023,X5,2023,North America,Black,Diesel,Manual,4.6,14061,127404,5789,High
12/31/2012,X1,2012,Asia,Black,Hybrid,Manual,3.4,116337,45596,6869,High
12/31/2014,M3,2014,Europe,Grey,Petrol,Automatic,2.5,90949,76535,2186,Low
12/31/2023,X6,2023,Middle East,Silver,Electric,Automatic,1.6,62185,128164,3124,Low
12/31/2012,i8,2012,North America,White,Petrol,Automatic,2.1,55877,115332,50,Low
12/31/2020,X3,2020,Asia,Grey,Diesel,Manual,3.8,34526,99895,9662,High
12/31/2019,X6,2019,Middle East,Blue,Petrol,Automatic,2.1,150149,90062,3393,Low
12/31/2020,i3,2020,Africa,Red,Diesel,Automatic,3.2,47938,81860,3130,Low
12/31/2016,M3,2016,North America,Grey,Electric,Manual,3.9,185080,89194,2443,Low
12/31/2022,5 Series,2022,South America,Silver,Hybrid,Automatic,2.6,160811,91105,5383,High
12/31/2010,i3,2010,North America,Silver,Petrol,Automatic,3.8,99123,43904,4339,Low
12/31/2018,X6,2018,North America,Silver,Hybrid,Automatic,3.5,124243,109235,3827,Low
12/31/2018,X6,2018,Europe,White,Hybrid,Automatic,3,135906,99639,5046,High
12/31/2014,i3,2014,Africa,Blue,Petrol,Manual,4.6,176576,48453,2341,Low
12/31/2018,7 Series,2018,South America,Silver,Petrol,Manual,3.9,145331,103857,791,Low
12/31/2019,X6,2019,South America,Silver,Diesel,Automatic,2.8,26014,109403,2389,Low
12/31/2022,M3,2022,Europe,Grey,Electric,Automatic,4.3,100604,136380,3479,Low
12/31/2024,i3,2024,Middle East,Blue,Hybrid,Manual,4.1,59458,115208,4044,Low
12/31/2015,7 Series,2015,Europe,Black,Hybrid,Automatic,4.3,76539,126575,504,Low
12/31/2024,X6,2024,Middle East,Black,Hybrid,Manual,3.7,167247,124794,3213,Low
12/31/2014,X1,2014,Africa,Silver,Electric,Manual,2.8,160205,45236,4457,Low
12/31/2022,3 Series,2022,Europe,Black,Hybrid,Automatic,2.7,145029,87045,9477,High
12/31/2012,X6,2012,Europe,Black,Petrol,Automatic,3.8,90600,73922,3086,Low
12/31/2020,M3,2020,South America,Blue,Diesel,Manual,2,152331,73816,2321,Low
12/31/2020,i3,2020,Middle East,White,Diesel,Automatic,4.4,106561,84238,3803,Low
12/31/2017,M3,2017,Asia,White,Hybrid,Manual,2.8,86847,43554,3436,Low
12/31/2013,M5,2013,Africa,Black,Diesel,Automatic,3.7,67882,103518,50,Low
12/31/2019,i8,2019,Asia,Red,Diesel,Manual,3.2,99181,147975,57,Low
12/31/2022,X3,2022,Middle East,Blue,Diesel,Manual,3.3,29115,107788,6977,High
12/31/2024,3 Series,2024,South America,Blue,Electric,Automatic,4.1,99650,121335,6681,High
12/31/2022,X3,2022,Asia,Black,Diesel,Manual,3.7,60446,103285,9518,High
12/31/2012,X3,2012,North America,Red,Diesel,Manual,2.4,81864,46012,8849,High
12/31/2022,X1,2022,Middle East,Black,Hybrid,Automatic,1.8,47271,95845,5994,High
12/31/2015,3 Series,2015,Europe,White,Petrol,Manual,4.4,47943,73199,8940,High
12/31/2017,7 Series,2017,Europe,Red,Diesel,Automatic,4.6,43029,129153,790,Low
12/31/2022,i8,2022,North America,Black,Diesel,Manual,2.1,152312,132357,736,Low
12/31/2024,X3,2024,Europe,Blue,Diesel,Automatic,2.6,27772,112561,7889,High
12/31/2018,X6,2018,Europe,Silver,Hybrid,Manual,2.5,33487,116088,4706,Low
12/31/2023,5 Series,2023,North America,Grey,Diesel,Automatic,4.8,122274,107410,7301,High
12/31/2015,M5,2015,South America,Red,Petrol,Automatic,2.2,20579,112523,299,Low
12/31/2014,i8,2014,North America,Silver,Electric,Automatic,2.1,170688,116627,50,Low
12/31/2021,X5,2021,Europe,Grey,Hybrid,Automatic,2.1,82683,103862,6564,High
12/31/2020,5 Series,2020,Asia,White,Electric,Automatic,4.1,3398,137535,6466,High
12/31/2011,M5,2011,Middle East,Black,Hybrid,Automatic,4.6,159153,101181,104,Low
12/31/2011,M5,2011,Africa,Silver,Electric,Automatic,2.9,104048,99116,50,Low
12/31/2018,i3,2018,Europe,Blue,Petrol,Manual,2,4073,75851,5638,High
12/31/2011,X1,2011,Middle East,Grey,Petrol,Automatic,3.6,17226,59452,4953,Low
12/31/2011,X6,2011,Asia,Red,Hybrid,Manual,2.2,96778,69270,3863,Low
12/31/2012,M3,2012,Africa,Red,Diesel,Manual,1.7,80844,51214,964,Low
12/31/2012,X5,2012,Middle East,Red,Hybrid,Automatic,4.6,187432,74259,3577,Low
12/31/2013,5 Series,2013,Africa,Silver,Petrol,Manual,4.5,10243,82901,2841,Low
12/31/2016,X1,2016,South America,White,Diesel,Manual,4.9,159192,53739,5086,High
12/31/2018,i3,2018,Europe,Grey,Petrol,Manual,3.2,9218,82576,5346,High
12/31/2011,7 Series,2011,Middle East,Grey,Petrol,Automatic,2.5,160119,74863,201,Low
12/31/2013,7 Series,2013,South America,Blue,Hybrid,Manual,4.2,152393,89817,138,Low
12/31/2018,M5,2018,Africa,White,Diesel,Automatic,2.1,146628,94592,937,Low
12/31/2023,X3,2023,Asia,Red,Hybrid,Manual,2.4,84811,98521,9549,High
12/31/2011,M5,2011,North America,Black,Electric,Automatic,2.4,125089,94260,891,Low
12/31/2019,M3,2019,South America,Black,Hybrid,Manual,4.8,80459,115490,2087,Low
12/31/2020,3 Series,2020,Europe,Blue,Petrol,Automatic,4.1,24116,100195,9566,High
12/31/2022,X1,2022,Europe,White,Petrol,Manual,2,90405,73155,8721,High
12/31/2010,X1,2010,Asia,Black,Electric,Automatic,1.8,144846,31076,8541,High
12/31/2019,5 Series,2019,South America,Grey,Petrol,Manual,4.4,60756,104257,3566,Low
12/31/2017,X3,2017,South America,Red,Diesel,Manual,4.3,87798,72085,5305,High
12/31/2018,5 Series,2018,South America,Grey,Diesel,Manual,3.8,5123,103417,3995,Low
12/31/2016,5 Series,2016,Europe,White,Hybrid,Automatic,2.2,77514,83435,7165,High
12/31/2017,X5,2017,Middle East,White,Hybrid,Manual,3.2,183673,77668,4362,Low
12/31/2013,X1,2013,North America,Blue,Electric,Manual,3.6,97865,61986,6819,High
12/31/2013,X3,2013,Asia,Blue,Hybrid,Manual,4.8,93126,79240,8661,High
12/31/2022,M5,2022,Africa,White,Diesel,Manual,2.1,71441,121799,1071,Low
12/31/2011,7 Series,2011,South America,Red,Hybrid,Manual,3.3,167018,79531,50,Low
12/31/2017,i8,2017,Africa,Black,Electric,Automatic,2.1,85275,143883,50,Low
12/31/2024,M5,2024,Asia,Grey,Electric,Manual,3.1,151224,141851,3052,Low
12/31/2020,X1,2020,North America,Blue,Diesel,Manual,2.2,141279,54538,7301,High
12/31/2011,M3,2011,Asia,Red,Electric,Manual,4.4,70217,93589,2038,Low
12/31/2018,3 Series,2018,Middle East,White,Hybrid,Automatic,2.4,49889,92231,7159,High
12/31/2023,X5,2023,Middle East,Red,Electric,Manual,3,150262,119738,4721,Low
12/31/2013,X5,2013,South America,Silver,Hybrid,Manual,2.9,184708,57782,2965,Low
12/31/2010,5 Series,2010,Africa,Grey,Diesel,Manual,4.5,188509,37315,3026,Low
12/31/2022,X6,2022,South America,Blue,Petrol,Manual,4.2,51391,126211,2384,Low
12/31/2013,X5,2013,South America,Blue,Diesel,Automatic,1.7,26258,65102,2958,Low
12/31/2012,3 Series,2012,Asia,Silver,Diesel,Automatic,1.7,122625,32067,8338,High
12/31/2021,X5,2021,Africa,White,Diesel,Automatic,3.4,30417,107811,3272,Low
12/31/2015,i8,2015,Asia,White,Diesel,Automatic,3,30541,137007,50,Low
12/31/2016,i3,2016,Africa,Red,Hybrid,Automatic,2.5,107972,65882,2728,Low
12/31/2017,i3,2017,South America,Black,Electric,Manual,4.3,93241,83224,3010,Low
12/31/2011,3 Series,2011,Europe,Red,Diesel,Automatic,2,4753,48364,8838,High
12/31/2015,i3,2015,North America,Silver,Electric,Automatic,4.9,44274,97508,4673,Low
12/31/2024,M5,2024,Middle East,Blue,Diesel,Automatic,1.6,2710,148729,1180,Low
12/31/2015,i3,2015,Africa,Black,Hybrid,Automatic,1.9,70961,88782,2093,Low
12/31/2019,i3,2019,North America,Grey,Diesel,Manual,2.6,67203,71106,5006,High
12/31/2021,M3,2021,South America,Silver,Petrol,Manual,3.3,10849,116868,1783,Low
12/31/2014,X1,2014,South America,Red,Petrol,Manual,2.3,38923,50785,4191,Low
12/31/2019,5 Series,2019,Middle East,Grey,Petrol,Automatic,4.1,25884,111259,4245,Low
12/31/2019,3 Series,2019,Africa,Blue,Electric,Manual,2.8,78085,84161,5145,High
12/31/2016,X5,2016,Asia,Blue,Hybrid,Automatic,1.6,155543,73436,6516,High
12/31/2012,3 Series,2012,Middle East,White,Electric,Manual,4.6,45653,76933,6094,High
12/31/2013,X5,2013,Middle East,White,Petrol,Manual,4.8,176890,63927,3311,Low
12/31/2019,7 Series,2019,North America,Grey,Electric,Manual,3.7,157727,124978,1696,Low
12/31/2022,X1,2022,Europe,Red,Electric,Manual,4.3,170072,87053,7195,High
12/31/2018,3 Series,2018,Europe,Red,Diesel,Automatic,1.9,187772,44711,10024,High
12/31/2013,X1,2013,Middle East,Blue,Electric,Manual,2.4,83892,54682,4772,Low
12/31/2012,i3,2012,South America,Grey,Diesel,Manual,2.6,195353,25000,3375,Low
12/31/2023,5 Series,2023,Africa,White,Petrol,Manual,4.9,142042,108340,3722,Low
12/31/2011,M3,2011,Africa,Red,Electric,Manual,3.3,37574,86834,430,Low
12/31/2014,X3,2014,Middle East,Grey,Petrol,Manual,1.5,98850,46337,6461,High
12/31/2013,M3,2013,Middle East,Blue,Petrol,Automatic,2.8,156186,64383,1576,Low
12/31/2022,X3,2022,Europe,Red,Hybrid,Manual,1.5,145287,82288,10275,High
12/31/2022,i3,2022,South America,Grey,Hybrid,Manual,2.3,36002,98125,3331,Low
12/31/2017,X3,2017,South America,Blue,Hybrid,Automatic,3.1,94225,79441,4523,Low
12/31/2016,X3,2016,Europe,Grey,Petrol,Manual,2.6,30614,73105,7630,High
12/31/2015,3 Series,2015,North America,Silver,Electric,Automatic,1.6,12637,77704,8997,High
12/31/2020,5 Series,2020,Middle East,White,Petrol,Manual,1.9,182799,72280,5395,High
12/31/2021,M3,2021,North America,White,Hybrid,Manual,3.4,36156,122211,3342,Low
12/31/2011,M3,2011,South America,Red,Diesel,Automatic,3.9,100728,65278,913,Low
12/31/2012,M5,2012,Asia,White,Electric,Automatic,2.9,151933,99065,1198,Low
12/31/2019,M3,2019,North America,Blue,Electric,Automatic,4.1,753,133080,3048,Low
12/31/2018,M3,2018,Europe,White,Petrol,Automatic,2.1,52001,91726,2835,Low
12/31/2022,M3,2022,Asia,Red,Hybrid,Manual,1.9,132224,107476,3846,Low
12/31/2018,M5,2018,North America,Silver,Diesel,Automatic,4.4,120904,123699,1588,Low
12/31/2024,5 Series,2024,Africa,Silver,Hybrid,Manual,2.7,67051,121138,4011,Low
12/31/2014,7 Series,2014,Africa,Blue,Hybrid,Manual,3,135807,92620,106,Low
12/31/2023,3 Series,2023,North America,Silver,Electric,Automatic,4.8,134457,110920,1386,Low
12/31/2012,i3,2012,Asia,Blue,Hybrid,Manual,3,97811,53533,4345,Low
12/31/2011,i8,2011,South America,Grey,Hybrid,Manual,1.5,124396,99094,50,Low
12/31/2017,X5,2017,North America,Blue,Hybrid,Automatic,4.8,178896,94460,5299,High
12/31/2024,M5,2024,North America,Blue,Diesel,Automatic,1.5,139435,129647,2139,Low
12/31/2015,i8,2015,Europe,Grey,Diesel,Automatic,3.8,108425,133625,50,Low
12/31/2019,X5,2019,South America,Red,Electric,Automatic,2.6,12589,123358,3932,Low
12/31/2020,X6,2020,Europe,White,Petrol,Automatic,3.1,101226,108056,3704,Low
12/31/2021,X5,2021,North America,Silver,Electric,Automatic,3.4,78844,118597,6935,High
12/31/2016,X6,2016,Europe,White,Diesel,Automatic,2.9,179581,69540,3515,Low
12/31/2010,X5,2010,North America,White,Petrol,Automatic,4.2,36199,73594,5677,High
12/31/2010,7 Series,2010,North America,Blue,Diesel,Manual,4.8,158392,77462,621,Low
12/31/2019,X5,2019,South America,Silver,Electric,Manual,1.8,175467,77414,4386,Low
12/31/2011,M5,2011,Asia,White,Hybrid,Automatic,4.3,139535,98133,1048,Low
12/31/2019,7 Series,2019,Middle East,Silver,Petrol,Automatic,2,43430,117920,824,Low
12/31/2024,X1,2024,Asia,Blue,Diesel,Automatic,1.8,60768,83113,9139,High
12/31/2012,X6,2012,Middle East,White,Diesel,Manual,4.8,131738,73919,2485,Low
12/31/2021,X6,2021,Middle East,Grey,Petrol,Manual,3.2,155364,101795,2851,Low
12/31/2010,X1,2010,South America,Red,Petrol,Manual,2,177023,25000,4680,Low
12/31/2023,X1,2023,Africa,Black,Electric,Automatic,3.5,164719,87516,5279,High
12/31/2014,M5,2014,Asia,Black,Electric,Automatic,2.4,13007,130714,877,Low
12/31/2024,X3,2024,North America,White,Electric,Manual,3.1,16206,125824,9563,High
12/31/2024,X6,2024,Middle East,Silver,Diesel,Manual,3.7,56911,128601,3629,Low
12/31/2012,X1,2012,North America,Silver,Diesel,Automatic,4.5,191004,33429,8230,High
12/31/2010,i3,2010,Middle East,Black,Diesel,Manual,1.5,162727,25000,3248,Low
12/31/2017,7 Series,2017,South America,Red,Electric,Manual,2.2,45968,123184,236,Low
12/31/2021,X6,2021,South America,Black,Electric,Automatic,1.8,98599,110063,2728,Low
12/31/2020,3 Series,2020,North America,Blue,Hybrid,Manual,1.8,139372,72204,9652,High
12/31/2015,X1,2015,Europe,Silver,Hybrid,Automatic,4.8,152886,64764,7301,High
12/31/2018,M5,2018,North America,Silver,Petrol,Automatic,4.8,47715,140730,1364,Low
12/31/2012,7 Series,2012,Middle East,White,Electric,Automatic,4.1,140057,110755,50,Low
12/31/2018,X1,2018,North America,Blue,Hybrid,Manual,3.8,153625,70944,9029,High
12/31/2018,7 Series,2018,North America,White,Diesel,Automatic,4.5,54517,127325,1075,Low
12/31/2024,7 Series,2024,Asia,Silver,Petrol,Automatic,1.7,29976,143116,1754,Low
12/31/2021,7 Series,2021,Middle East,Red,Petrol,Automatic,1.9,21347,139168,861,Low
12/31/2024,7 Series,2024,Middle East,White,Petrol,Automatic,2.6,26793,150579,929,Low
12/31/2022,M5,2022,Africa,Grey,Hybrid,Manual,4.4,167087,135688,1394,Low
12/31/2021,i3,2021,Europe,Silver,Petrol,Manual,3.2,67073,91992,4749,Low
12/31/2010,i8,2010,Middle East,Silver,Petrol,Manual,3.3,12891,131731,50,Low
12/31/2012,3 Series,2012,Europe,Blue,Hybrid,Automatic,2.3,132352,43664,9285,High
12/31/2015,5 Series,2015,Asia,Silver,Electric,Automatic,3.8,34294,108193,6937,High
12/31/2017,i3,2017,North America,Silver,Hybrid,Manual,4.6,113703,86421,4352,Low
12/31/2013,7 Series,2013,Africa,Blue,Hybrid,Manual,2.7,131363,82790,118,Low
12/31/2014,5 Series,2014,South America,Red,Diesel,Manual,3.7,96512,64158,3661,Low
12/31/2018,i8,2018,South America,Black,Diesel,Automatic,2.7,195056,110208,50,Low
12/31/2015,i3,2015,Middle East,Black,Electric,Manual,4.3,132288,74078,3515,Low
12/31/2021,X1,2021,Asia,Silver,Hybrid,Automatic,3.2,39762,97039,9334,High
12/31/2016,X3,2016,Middle East,Black,Petrol,Automatic,2.7,191053,52901,5993,High
12/31/2016,X5,2016,Asia,Red,Hybrid,Automatic,3,51029,104225,5442,High
12/31/2013,M3,2013,South America,Grey,Petrol,Automatic,1.8,342,77083,1098,Low
12/31/2013,3 Series,2013,Africa,Red,Hybrid,Automatic,4.5,47549,79583,4239,Low
12/31/2013,X5,2013,North America,Silver,Petrol,Automatic,4.9,67654,84682,5987,High
12/31/2023,X5,2023,Europe,Grey,Diesel,Automatic,3.2,114465,102314,7157,High
12/31/2024,i3,2024,Africa,Silver,Hybrid,Automatic,2.3,182538,81553,3914,Low
12/31/2020,M3,2020,North America,Silver,Hybrid,Automatic,3.8,198991,103958,3987,Low
12/31/2014,M5,2014,Asia,White,Hybrid,Automatic,3.1,110574,115184,1094,Low
12/31/2014,M5,2014,Africa,Silver,Electric,Manual,2.4,167205,95339,316,Low
12/31/2017,7 Series,2017,North America,Blue,Petrol,Manual,1.6,32136,109249,1388,Low
12/31/2018,X5,2018,Europe,Grey,Electric,Automatic,4.6,192515,100778,6812,High
12/31/2011,X1,2011,Asia,Grey,Electric,Automatic,4.3,93100,62351,7178,High
12/31/2020,7 Series,2020,Middle East,Grey,Electric,Manual,4.4,117303,146593,879,Low
12/31/2016,i8,2016,Asia,Blue,Hybrid,Manual,3,39714,148181,50,Low
12/31/2010,M3,2010,Asia,Grey,Diesel,Manual,4.1,14486,73312,2394,Low
12/31/2010,X3,2010,North America,Blue,Petrol,Manual,3.5,144151,34067,6976,High
12/31/2013,X6,2013,Asia,Black,Hybrid,Automatic,2.8,14709,101139,3709,Low
12/31/2019,X5,2019,North America,Black,Diesel,Manual,4.4,192935,80074,6769,High
12/31/2016,X5,2016,North America,Silver,Electric,Automatic,5,185085,99140,4767,Low
12/31/2011,3 Series,2011,North America,Black,Hybrid,Automatic,4.6,135162,58746,8379,High
12/31/2020,X5,2020,Europe,Black,Hybrid,Automatic,4.2,197811,101882,5478,High
12/31/2011,X1,2011,Middle East,Grey,Diesel,Automatic,4.1,91365,44988,5197,High
12/31/2010,X6,2010,Europe,Red,Electric,Manual,3.8,73057,86694,2641,Low
12/31/2019,M5,2019,Middle East,Grey,Electric,Automatic,4.5,39483,163271,967,Low
12/31/2011,X5,2011,South America,Red,Hybrid,Manual,3.2,38561,75088,2720,Low
12/31/2022,X1,2022,Asia,Grey,Diesel,Automatic,2.1,30622,84319,8489,High
12/31/2024,i3,2024,Europe,Grey,Hybrid,Manual,4.2,80931,111922,5223,High
12/31/2016,3 Series,2016,North America,Silver,Electric,Manual,4.7,137813,82255,9949,High
12/31/2018,i3,2018,Africa,Red,Hybrid,Automatic,2.7,50066,89383,3278,Low
12/31/2015,i3,2015,Europe,Blue,Petrol,Automatic,4.2,197154,51572,4771,Low
12/31/2019,M5,2019,South America,Silver,Diesel,Manual,2.5,62373,112382,954,Low
12/31/2011,X3,2011,Africa,White,Hybrid,Manual,4.8,25257,74626,3948,Low
12/31/2021,3 Series,2021,Africa,White,Electric,Manual,3.9,154126,90788,5970,High
12/31/2024,X1,2024,South America,Silver,Electric,Manual,3.5,115767,102113,6265,High
12/31/2019,M3,2019,Europe,Blue,Diesel,Manual,4.2,29627,109334,2878,Low
12/31/2024,3 Series,2024,Europe,Grey,Petrol,Manual,4.3,140935,93680,9128,High
12/31/2019,i3,2019,Europe,White,Petrol,Manual,4.6,70371,86332,5547,High
12/31/2022,7 Series,2022,North America,Red,Petrol,Manual,4.7,191844,128082,1636,Low
12/31/2018,5 Series,2018,Asia,White,Hybrid,Automatic,1.7,14045,96908,7839,High
12/31/2016,5 Series,2016,Middle East,Black,Diesel,Automatic,1.9,64754,77340,4733,Low
12/31/2020,M3,2020,North America,Red,Petrol,Automatic,4.4,51183,124250,2680,Low
12/31/2010,M5,2010,Middle East,Black,Petrol,Automatic,4.8,179434,85741,174,Low
12/31/2021,7 Series,2021,Asia,Red,Electric,Manual,2.6,82246,141462,2082,Low
12/31/2018,7 Series,2018,Asia,White,Petrol,Automatic,1.5,142883,50069,2645,Low
12/31/2011,M5,2011,Middle East,White,Diesel,Manual,2.6,134310,81056,356,Low
12/31/2013,X1,2013,Africa,Red,Hybrid,Manual,2.8,188363,30198,3839,Low
12/31/2018,X5,2018,Europe,Black,Diesel,Automatic,4.2,129388,92508,5313,High
12/31/2013,3 Series,2013,Middle East,Blue,Electric,Manual,1.7,192549,37968,6230,High
12/31/2012,M5,2012,Asia,Black,Hybrid,Automatic,2.2,186155,80047,1403,Low
12/31/2010,M3,2010,Asia,Red,Hybrid,Manual,4.6,100771,78166,1839,Low
12/31/2016,X5,2016,Africa,Blue,Hybrid,Manual,2,48276,82560,2515,Low
12/31/2024,i8,2024,South America,Blue,Diesel,Manual,4.2,29973,180492,50,Low
12/31/2015,i3,2015,North America,White,Hybrid,Manual,2.8,125334,61701,4577,Low
12/31/2019,i8,2019,South America,Grey,Petrol,Automatic,3.8,82173,142826,50,Low
12/31/2013,X6,2013,Middle East,Blue,Electric,Automatic,1.8,47366,92167,2344,Low
12/31/2015,M3,2015,Middle East,Blue,Hybrid,Automatic,2.5,67092,92182,1558,Low
12/31/2015,X6,2015,Africa,Blue,Hybrid,Manual,3,35661,102024,1509,Low
12/31/2022,X3,2022,Asia,Black,Electric,Manual,4.5,98884,109932,9657,High
12/31/2013,X3,2013,South America,Silver,Hybrid,Automatic,3.5,22372,75508,4593,Low
12/31/2023,5 Series,2023,Africa,Black,Petrol,Manual,1.7,165010,74025,4676,Low
12/31/2022,M5,2022,Middle East,Red,Petrol,Automatic,4.3,41560,162803,930,Low
12/31/2015,X1,2015,Asia,Black,Electric,Manual,1.7,122763,52759,7838,High
12/31/2019,X1,2019,Africa,Black,Electric,Automatic,4.8,28680,109777,4124,Low
12/31/2020,X3,2020,Middle East,Black,Electric,Manual,2.2,14720,112637,5582,High
12/31/2017,X6,2017,Middle East,Blue,Diesel,Automatic,3.2,171571,79811,3030,Low
12/31/2022,X3,2022,South America,Grey,Hybrid,Manual,1.8,25258,100162,6370,High
12/31/2012,i8,2012,North America,Black,Petrol,Manual,3.5,47964,128245,50,Low
12/31/2013,i8,2013,Middle East,Black,Petrol,Manual,3.2,45290,138434,50,Low
12/31/2019,M5,2019,Europe,Grey,Diesel,Automatic,2.9,193874,101256,1651,Low
12/31/2022,X5,2022,Middle East,Black,Electric,Manual,1.6,164451,102588,5077,High
12/31/2021,X6,2021,Asia,Grey,Petrol,Manual,4.6,85397,116169,5152,High
12/31/2023,M5,2023,South America,White,Petrol,Automatic,4.3,176917,132723,1380,Low
12/31/2024,X1,2024,Middle East,Red,Petrol,Automatic,3.7,162781,82769,6679,High
12/31/2010,X3,2010,North America,White,Diesel,Manual,3.5,162502,29771,7964,High
12/31/2013,i3,2013,Asia,Blue,Hybrid,Manual,3.9,54255,75716,4146,Low
12/31/2020,i8,2020,Africa,Silver,Diesel,Manual,2,150717,126468,50,Low
12/31/2019,5 Series,2019,Europe,Blue,Petrol,Automatic,4.8,73477,109077,6326,High
12/31/2019,X3,2019,South America,Silver,Electric,Automatic,2.5,183820,74020,5477,High
12/31/2021,X5,2021,Asia,Red,Electric,Automatic,3.8,73399,133153,7201,High
12/31/2023,i8,2023,South America,Red,Electric,Manual,3.6,2547,184041,200,Low
12/31/2018,X1,2018,South America,Black,Electric,Manual,3.7,60877,84671,4398,Low
12/31/2017,i3,2017,Europe,White,Diesel,Automatic,4.6,63721,81096,4128,Low
12/31/2020,3 Series,2020,Middle East,Grey,Diesel,Manual,2.5,31526,85250,7087,High
12/31/2013,X6,2013,Middle East,Silver,Petrol,Automatic,4.1,35232,93084,2248,Low
12/31/2021,i8,2021,North America,Black,Hybrid,Automatic,3.6,152960,166850,508,Low
12/31/2016,X5,2016,Europe,White,Petrol,Automatic,1.8,40797,86469,5269,High
12/31/2019,X3,2019,Middle East,White,Hybrid,Manual,2.9,150029,82495,6697,High
12/31/2012,7 Series,2012,Africa,Grey,Hybrid,Automatic,4.4,35748,111753,50,Low
12/31/2018,3 Series,2018,South America,White,Hybrid,Automatic,2.6,90612,76407,5718,High
12/31/2019,7 Series,2019,South America,White,Electric,Automatic,3.2,104418,128489,834,Low
12/31/2013,X3,2013,Asia,Black,Diesel,Manual,3.2,191599,36315,7914,High
12/31/2011,M3,2011,Middle East,Black,Electric,Automatic,3.7,14485,99942,705,Low
12/31/2019,i3,2019,Africa,White,Hybrid,Manual,4.6,62750,42147,3980,Low
12/31/2014,X6,2014,Asia,Red,Electric,Manual,2.1,46673,96297,4242,Low
12/31/2011,X1,2011,South America,Red,Hybrid,Manual,3.3,69961,47174,13248,High
12/31/2023,X1,2023,North America,Red,Petrol,Automatic,3,101527,82761,7904,High
12/31/2019,X1,2019,Africa,Silver,Hybrid,Automatic,2.5,63255,82534,4096,Low
12/31/2015,3 Series,2015,Africa,Black,Hybrid,Manual,4.7,48799,84637,4259,Low
12/31/2020,X6,2020,Africa,Silver,Petrol,Automatic,1.5,185700,72349,2862,Low
12/31/2019,M5,2019,North America,Blue,Petrol,Automatic,1.9,14005,127945,1698,Low
12/31/2010,7 Series,2010,North America,Grey,Petrol,Manual,4.1,185377,70731,686,Low
12/31/2023,X3,2023,North America,Red,Petrol,Manual,2.4,83572,90071,9960,High
12/31/2015,5 Series,2015,South America,Blue,Petrol,Automatic,4,192887,56520,3897,Low
12/31/2013,X1,2013,Middle East,Grey,Hybrid,Automatic,4.4,124845,63324,5340,High
12/31/2012,X3,2012,Europe,White,Hybrid,Automatic,2.4,34765,68210,7688,High
12/31/2011,M5,2011,Asia,Grey,Hybrid,Manual,2.2,175574,79947,1068,Low
12/31/2016,i8,2016,Asia,Black,Electric,Automatic,2,121787,129934,50,Low
12/31/2018,7 Series,2018,Europe,Silver,Hybrid,Automatic,2.2,110894,119136,1777,Low
12/31/2021,5 Series,2021,Africa,Blue,Petrol,Manual,2.4,93822,83614,4012,Low
12/31/2012,5 Series,2012,Europe,Grey,Hybrid,Automatic,4.5,111096,76849,6229,High
12/31/2015,X3,2015,North America,Black,Electric,Automatic,4.2,46632,97201,8514,High
12/31/2018,X5,2018,Africa,Black,Electric,Automatic,1.5,8535,106847,3295,Low
12/31/2011,i3,2011,Europe,Grey,Electric,Automatic,4.6,16417,85524,3973,Low
12/31/2016,X5,2016,Africa,White,Electric,Manual,1.8,34862,89947,2476,Low
12/31/2014,3 Series,2014,North America,Silver,Diesel,Automatic,3.8,61971,99513,9646,High
12/31/2014,X5,2014,Europe,Silver,Electric,Manual,2,189276,59014,6126,High
12/31/2020,i3,2020,Asia,Blue,Petrol,Manual,1.7,130931,62033,6495,High
12/31/2016,5 Series,2016,Middle East,Grey,Diesel,Manual,4.2,195559,62128,4188,Low
12/31/2018,X6,2018,Asia,Blue,Diesel,Automatic,3.1,17841,113410,4069,Low
12/31/2013,5 Series,2013,South America,Red,Diesel,Manual,3.6,95849,57809,4190,Low
12/31/2018,3 Series,2018,Asia,Red,Diesel,Automatic,3,11656,83582,9207,High
12/31/2024,X1,2024,South America,Blue,Diesel,Automatic,1.7,99249,76016,6069,High
12/31/2023,M3,2023,North America,Red,Petrol,Automatic,4.1,8883,143568,2705,Low
12/31/2022,7 Series,2022,Middle East,Blue,Electric,Manual,4.4,121218,150936,1388,Low
12/31/2020,i3,2020,Asia,White,Hybrid,Manual,1.6,36352,91984,6499,High
12/31/2019,i3,2019,Middle East,Silver,Petrol,Automatic,2.8,62902,79270,3314,Low
12/31/2018,5 Series,2018,South America,Red,Petrol,Automatic,3.5,129256,37478,4765,Low
12/31/2022,7 Series,2022,Asia,Red,Diesel,Automatic,3.6,109452,135743,1670,Low
12/31/2013,X1,2013,Middle East,Red,Petrol,Manual,3.5,33273,57463,4374,Low
12/31/2012,X3,2012,Europe,Black,Hybrid,Automatic,3.9,115511,63283,6763,High
12/31/2011,X5,2011,North America,Blue,Electric,Automatic,4.9,49679,94971,4769,Low
12/31/2018,X1,2018,South America,Black,Hybrid,Automatic,2.9,118037,67858,5302,High
12/31/2021,i3,2021,Europe,Grey,Hybrid,Manual,3.4,178437,79557,4972,Low
12/31/2011,3 Series,2011,North America,Red,Petrol,Manual,3.9,41076,55537,8218,High
12/31/2015,M5,2015,Europe,Black,Petrol,Automatic,3.6,6144,124737,925,Low
12/31/2014,7 Series,2014,Africa,White,Hybrid,Manual,2.9,24577,107990,50,Low
12/31/2023,7 Series,2023,Europe,Blue,Electric,Manual,3.7,106202,151980,2161,Low
12/31/2014,X1,2014,North America,Grey,Hybrid,Automatic,3.8,110785,62195,7954,High
12/31/2013,X6,2013,Europe,Grey,Petrol,Automatic,3.5,39972,89484,3285,Low
12/31/2015,7 Series,2015,South America,Silver,Petrol,Automatic,2.2,105488,93455,416,Low
12/31/2014,i3,2014,Africa,Blue,Electric,Automatic,3.3,61072,78340,2371,Low
12/31/2020,i8,2020,Europe,Blue,Hybrid,Automatic,4.6,98309,165467,372,Low
12/31/2013,i8,2013,Africa,Red,Electric,Automatic,4.5,25984,200000,50,Low
12/31/2022,i3,2022,Europe,Silver,Petrol,Manual,4.1,154385,79832,5488,High
12/31/2018,i8,2018,Europe,Silver,Hybrid,Automatic,3.9,3720,167833,50,Low
12/31/2022,X3,2022,Africa,Silver,Electric,Automatic,2,156191,86461,5786,High
12/31/2015,M3,2015,Middle East,Red,Petrol,Manual,3.1,126454,75862,1822,Low
12/31/2020,X5,2020,Asia,Grey,Diesel,Automatic,1.9,176176,76760,5755,High
12/31/2019,M3,2019,Africa,White,Diesel,Manual,4.4,86156,103540,1346,Low
12/31/2019,M3,2019,Africa,Black,Diesel,Automatic,2.5,167424,71920,1871,Low
12/31/2022,i3,2022,Asia,Red,Petrol,Manual,4.2,95084,93410,5463,High
12/31/2019,M3,2019,Africa,Blue,Electric,Manual,4.4,52773,126388,1666,Low
12/31/2022,i3,2022,South America,Black,Electric,Manual,4.6,15083,118132,3852,Low
12/31/2012,M3,2012,Africa,Red,Petrol,Automatic,4.1,65573,77193,647,Low
12/31/2019,X6,2019,Europe,Red,Electric,Automatic,3.5,150051,103771,4240,Low
12/31/2015,3 Series,2015,South America,White,Electric,Manual,3.6,64713,82858,5313,High
12/31/2023,7 Series,2023,Middle East,Red,Diesel,Manual,2.6,90722,135408,1222,Low
12/31/2010,i3,2010,North America,White,Diesel,Manual,2.1,139567,25000,5237,High
12/31/2014,i8,2014,Asia,Black,Petrol,Automatic,2,174944,105310,50,Low
12/31/2019,M3,2019,North America,Blue,Diesel,Manual,2.1,172199,74854,3025,Low
12/31/2015,X1,2015,North America,Silver,Petrol,Automatic,4.8,9398,80644,7892,High
12/31/2024,3 Series,2024,Asia,White,Hybrid,Manual,2.1,161793,87535,9868,High
12/31/2020,i8,2020,North America,Red,Diesel,Automatic,4,94719,160684,50,Low
12/31/2017,i8,2017,Europe,Black,Hybrid,Automatic,2.1,143270,136617,50,Low
12/31/2020,i8,2020,Asia,Grey,Electric,Manual,4.9,16359,181784,195,Low
12/31/2024,X5,2024,Europe,Black,Petrol,Manual,2.8,24052,127731,6333,High
12/31/2024,5 Series,2024,Africa,White,Electric,Automatic,2.9,171992,110356,5309,High
12/31/2018,M3,2018,Asia,Silver,Diesel,Manual,2.9,148569,75699,3577,Low
12/31/2020,M5,2020,Africa,Silver,Hybrid,Manual,4.4,143453,137949,904,Low
12/31/2012,X1,2012,Africa,Black,Diesel,Automatic,2.3,48444,40757,3928,Low
12/31/2011,i3,2011,Europe,Blue,Electric,Manual,4.4,99187,64358,3549,Low
12/31/2022,i3,2022,Europe,Grey,Diesel,Automatic,3.8,21945,102045,5199,High
12/31/2013,5 Series,2013,South America,White,Hybrid,Automatic,2.3,111928,63146,3973,Low
12/31/2017,i8,2017,Middle East,Grey,Diesel,Automatic,1.7,132507,129360,50,Low
12/31/2020,X1,2020,South America,Black,Electric,Automatic,4.2,63069,106379,5048,High
12/31/2017,X3,2017,North America,Blue,Diesel,Automatic,2.3,103948,61729,7887,High
12/31/2012,3 Series,2012,South America,Red,Diesel,Automatic,4.6,173800,41557,13493,High
12/31/2013,X3,2013,Asia,Blue,Petrol,Manual,2,60336,53258,8940,High
12/31/2012,X1,2012,Asia,White,Diesel,Manual,3.7,76436,44293,6971,High
12/31/2019,X1,2019,South America,Black,Petrol,Manual,3.9,23100,86579,4517,Low
12/31/2011,X3,2011,Middle East,Grey,Electric,Manual,3.8,95783,65314,5264,High
12/31/2013,5 Series,2013,Africa,Blue,Hybrid,Automatic,2.6,183690,50521,3474,Low
12/31/2015,7 Series,2015,South America,Black,Diesel,Automatic,4.6,81092,108532,188,Low
12/31/2020,X6,2020,Middle East,Blue,Electric,Automatic,4.2,148391,122228,2863,Low
12/31/2023,7 Series,2023,North America,Silver,Petrol,Automatic,3.3,93277,138238,1628,Low
12/31/2020,7 Series,2020,Europe,White,Hybrid,Manual,3.6,37314,138611,1753,Low
12/31/2014,X6,2014,Middle East,Red,Hybrid,Manual,3.5,99887,94801,1969,Low
12/31/2012,X1,2012,Middle East,Blue,Electric,Manual,4.8,192990,49131,4968,Low
12/31/2011,X1,2011,North America,Red,Electric,Automatic,4.6,645,82928,7213,High
12/31/2018,M5,2018,Europe,Grey,Petrol,Automatic,2.3,197962,41930,2693,Low
12/31/2024,i3,2024,Middle East,Red,Diesel,Manual,2.4,22820,107525,4050,Low
12/31/2010,M5,2010,North America,Black,Electric,Automatic,4.9,194222,94038,783,Low
12/31/2018,5 Series,2018,South America,Black,Petrol,Automatic,2.3,72940,77822,3868,Low
12/31/2010,5 Series,2010,Africa,Grey,Hybrid,Automatic,4.8,21926,81861,2390,Low
12/31/2024,5 Series,2024,Europe,Silver,Electric,Manual,3.8,24441,136047,7018,High
12/31/2023,M5,2023,Middle East,Black,Electric,Automatic,1.7,178546,141838,1959,Low
12/31/2016,3 Series,2016,North America,Silver,Diesel,Manual,2.7,197253,38432,11148,High
12/31/2015,X6,2015,Middle East,Black,Diesel,Automatic,3.2,17041,99315,2355,Low
12/31/2016,5 Series,2016,Middle East,Grey,Hybrid,Manual,4.4,189649,75678,4157,Low
12/31/2024,X1,2024,Middle East,Red,Petrol,Manual,2.7,179635,71013,7039,High
12/31/2012,3 Series,2012,Asia,Red,Petrol,Automatic,2.6,165386,32388,9944,High
12/31/2023,7 Series,2023,Asia,Blue,Hybrid,Automatic,4.7,40169,170976,1928,Low
12/31/2012,X6,2012,Asia,Black,Electric,Automatic,1.8,98181,80255,3153,Low
12/31/2022,i8,2022,Middle East,White,Electric,Automatic,3.4,114682,169903,342,Low
12/31/2020,i8,2020,Europe,Grey,Diesel,Automatic,3.3,18628,155108,50,Low
12/31/2010,X6,2010,Asia,White,Diesel,Automatic,1.7,71703,54233,4240,Low
12/31/2013,7 Series,2013,Europe,Black,Petrol,Automatic,1.8,117825,82618,938,Low
12/31/2021,M5,2021,North America,Silver,Petrol,Manual,2.8,7919,148379,1778,Low
12/31/2011,7 Series,2011,Middle East,Blue,Hybrid,Automatic,2,181026,76435,229,Low
12/31/2019,i8,2019,Middle East,Black,Petrol,Automatic,3.2,165089,135125,50,Low
12/31/2017,3 Series,2017,Africa,White,Hybrid,Automatic,3.6,90473,82820,4431,Low
12/31/2012,i3,2012,Asia,White,Diesel,Manual,3.9,43521,59595,4272,Low
12/31/2016,3 Series,2016,Europe,Silver,Hybrid,Automatic,3.4,158963,64358,10494,High
12/31/2016,i8,2016,Asia,White,Diesel,Manual,2.8,141090,114780,102,Low
12/31/2021,i3,2021,Middle East,Blue,Hybrid,Manual,2,175964,70522,4882,Low
12/31/2018,3 Series,2018,Asia,Red,Petrol,Automatic,2.4,65376,75341,9268,High
12/31/2015,7 Series,2015,Middle East,Red,Electric,Manual,3,149866,105128,411,Low
12/31/2010,X6,2010,North America,Red,Diesel,Automatic,4.7,159859,61730,3585,Low
12/31/2017,5 Series,2017,Asia,Blue,Hybrid,Automatic,2.2,194666,68733,6714,High
12/31/2010,X1,2010,Africa,Grey,Electric,Automatic,2.9,176698,28486,4074,Low
12/31/2012,M3,2012,North America,White,Hybrid,Manual,4.1,192672,64087,2666,Low
12/31/2020,i8,2020,North America,Red,Electric,Manual,4,168550,160272,538,Low
12/31/2014,M3,2014,North America,Black,Hybrid,Automatic,4.9,179916,81800,2726,Low
12/31/2017,5 Series,2017,Asia,Red,Hybrid,Automatic,2.2,57315,89156,6660,High
12/31/2018,X6,2018,North America,Red,Hybrid,Manual,1.6,168216,81211,5524,High
12/31/2024,i8,2024,North America,Silver,Petrol,Manual,2.6,83562,161087,551,Low
12/31/2016,M3,2016,South America,White,Petrol,Automatic,2,126370,65668,1950,Low
12/31/2018,M5,2018,South America,Blue,Diesel,Manual,3.4,176692,102795,986,Low
12/31/2020,X3,2020,North America,Blue,Electric,Manual,4.6,169508,97203,10031,High
12/31/2012,5 Series,2012,South America,Red,Diesel,Manual,3.9,142890,25000,4617,Low
12/31/2022,7 Series,2022,Middle East,Blue,Petrol,Manual,2,103810,121691,1116,Low
12/31/2014,i3,2014,Middle East,White,Hybrid,Manual,1.9,10798,70251,3113,Low
12/31/2019,i3,2019,Middle East,White,Electric,Automatic,4.7,99385,101041,3468,Low
12/31/2017,i3,2017,Middle East,Grey,Hybrid,Manual,3.2,9449,91733,3092,Low
12/31/2021,3 Series,2021,Europe,Black,Hybrid,Manual,4.7,180354,84421,10099,High
12/31/2010,7 Series,2010,Europe,Red,Petrol,Manual,4.1,162374,74448,691,Low
12/31/2017,X1,2017,North America,Red,Diesel,Automatic,5,121164,69783,7441,High
12/31/2016,X3,2016,Asia,Grey,Electric,Manual,4.5,104702,92515,9049,High
12/31/2010,7 Series,2010,Europe,Blue,Hybrid,Automatic,2.9,63800,93864,362,Low
12/31/2022,i8,2022,Africa,White,Electric,Automatic,4.2,83991,184268,50,Low
12/31/2022,X1,2022,South America,Blue,Electric,Automatic,3.1,124893,94224,5151,High
12/31/2019,i8,2019,North America,Blue,Petrol,Manual,2.3,128836,129950,270,Low
12/31/2021,X6,2021,North America,Silver,Hybrid,Manual,2.3,51350,118947,4698,Low
12/31/2019,X1,2019,South America,Blue,Electric,Automatic,2.9,14184,95355,5059,High
12/31/2024,3 Series,2024,Europe,Blue,Electric,Automatic,1.9,31915,120476,10911,High
12/31/2021,i3,2021,Africa,Silver,Hybrid,Automatic,2.1,28570,100603,2910,Low
12/31/2015,M3,2015,Asia,Silver,Electric,Automatic,3.3,123582,95910,2172,Low
12/31/2010,X1,2010,Middle East,White,Electric,Automatic,4.8,8314,78475,3535,Low
12/31/2011,i8,2011,North America,Red,Electric,Automatic,3.5,81150,133455,50,Low
12/31/2014,i3,2014,Africa,Grey,Electric,Manual,2.9,151719,54417,2113,Low
12/31/2011,M3,2011,Asia,White,Hybrid,Manual,2.3,195667,48368,2821,Low
12/31/2023,i8,2023,Asia,Silver,Diesel,Manual,2.2,47837,156332,603,Low
12/31/2019,7 Series,2019,South America,White,Electric,Automatic,3.8,54513,143255,832,Low
12/31/2010,5 Series,2010,Europe,Silver,Petrol,Automatic,4.5,104060,62489,4959,Low
12/31/2015,5 Series,2015,Europe,Grey,Electric,Automatic,2.9,24945,99817,5574,High
12/31/2017,i8,2017,Africa,Red,Petrol,Automatic,3.4,37136,149905,50,Low
12/31/2017,M5,2017,South America,White,Hybrid,Manual,4,11242,142921,172,Low
12/31/2022,i3,2022,Europe,Blue,Diesel,Automatic,1.7,191156,60775,5520,High
12/31/2022,5 Series,2022,Africa,Grey,Hybrid,Automatic,2.7,194467,89783,5113,High
12/31/2017,i3,2017,Middle East,Black,Diesel,Automatic,4.1,157119,66076,3500,Low
12/31/2020,M3,2020,Asia,Blue,Hybrid,Automatic,3.9,67836,117229,3657,Low
12/31/2015,i8,2015,Europe,Red,Hybrid,Automatic,1.7,121550,120778,50,Low
12/31/2020,7 Series,2020,Asia,Black,Electric,Manual,2.3,85811,124541,1836,Low
12/31/2012,i8,2012,South America,Silver,Hybrid,Manual,3.9,191312,102287,50,Low
12/31/2010,5 Series,2010,Asia,Red,Diesel,Automatic,2.4,102424,43595,6867,High
12/31/2011,X3,2011,North America,Blue,Diesel,Manual,4.4,151083,43378,8354,High
12/31/2014,X5,2014,Africa,Red,Hybrid,Automatic,1.6,1501,88891,2505,Low
12/31/2022,i8,2022,Europe,White,Diesel,Manual,2.2,57895,158014,293,Low
12/31/2019,M3,2019,South America,Silver,Diesel,Manual,2.5,2559,101548,1589,Low
12/31/2014,7 Series,2014,South America,Silver,Petrol,Automatic,4.7,185040,85670,334,Low
12/31/2019,X6,2019,Middle East,Grey,Hybrid,Automatic,4.3,60356,132166,2532,Low
12/31/2023,X5,2023,Africa,White,Petrol,Manual,4.6,24442,123189,3805,Low
12/31/2010,M3,2010,North America,Red,Petrol,Manual,3,140719,47205,2715,Low
12/31/2010,3 Series,2010,Africa,Black,Hybrid,Manual,4.4,150968,41346,4121,Low
12/31/2024,M5,2024,Europe,White,Diesel,Manual,4.5,145008,135332,2210,Low
12/31/2018,7 Series,2018,South America,Grey,Diesel,Automatic,2.9,35113,113268,567,Low
12/31/2011,X3,2011,South America,Blue,Petrol,Automatic,5,25577,71714,5006,High
12/31/2016,i3,2016,Europe,Grey,Hybrid,Manual,4.5,151202,73340,5264,High
12/31/2019,i3,2019,Asia,Grey,Electric,Manual,4.9,1162,115305,5829,High
12/31/2013,X6,2013,North America,White,Electric,Manual,4.5,182555,81657,4067,Low
12/31/2016,X3,2016,Middle East,Grey,Electric,Manual,4.2,19627,104866,4704,Low
12/31/2017,M5,2017,South America,Black,Electric,Automatic,4.8,87571,146477,160,Low
12/31/2014,X1,2014,Asia,Black,Hybrid,Manual,3,132223,48722,8717,High
12/31/2022,i3,2022,Asia,Silver,Electric,Manual,4.2,52609,115207,6259,High
12/31/2021,3 Series,2021,Africa,White,Diesel,Automatic,2.2,2664,91746,5803,High
12/31/2021,7 Series,2021,Asia,White,Electric,Automatic,4.1,152227,137202,1826,Low
12/31/2010,i8,2010,Asia,Red,Hybrid,Manual,4.2,60809,134565,50,Low
12/31/2013,X6,2013,North America,Red,Petrol,Manual,4,59323,84506,3373,Low
12/31/2019,X1,2019,North America,White,Hybrid,Manual,4.5,26284,97971,8146,High
12/31/2012,5 Series,2012,Middle East,Red,Petrol,Manual,2.9,185426,40793,4391,Low
12/31/2019,3 Series,2019,Africa,White,Electric,Manual,3.4,21305,96768,5163,High
12/31/2024,X1,2024,Asia,Grey,Electric,Automatic,1.5,7576,116558,9566,High
12/31/2021,M5,2021,Asia,White,Diesel,Manual,2,74274,124367,2058,Low
12/31/2014,X5,2014,Africa,Black,Petrol,Automatic,3.8,13910,85191,2727,Low
12/31/2019,3 Series,2019,Europe,Black,Hybrid,Manual,3.5,127210,80680,10217,High
12/31/2022,i3,2022,South America,Silver,Electric,Manual,2.2,45601,100544,3580,Low
12/31/2019,5 Series,2019,Africa,Black,Petrol,Automatic,2.4,145543,69944,3723,Low
12/31/2022,5 Series,2022,Africa,Black,Hybrid,Manual,2.7,76481,107819,4942,Low
12/31/2015,X1,2015,Asia,Grey,Hybrid,Automatic,4,30808,81227,8391,High
12/31/2011,i3,2011,Middle East,Silver,Petrol,Manual,3.6,185224,29880,3339,Low
12/31/2016,7 Series,2016,North America,Red,Electric,Automatic,1.7,188632,91601,1138,Low
12/31/2022,7 Series,2022,Asia,Grey,Hybrid,Manual,4.2,135724,135817,2179,Low
12/31/2012,M3,2012,North America,Blue,Hybrid,Manual,2.4,59228,74382,2363,Low
12/31/2024,X5,2024,North America,Silver,Hybrid,Automatic,3.9,187157,114566,6651,High
12/31/2010,5 Series,2010,South America,Grey,Petrol,Manual,1.9,16630,50001,3491,Low
12/31/2019,X6,2019,Asia,Black,Hybrid,Automatic,5,90619,123208,4984,Low
12/31/2012,3 Series,2012,Europe,Red,Diesel,Automatic,1.8,37005,45627,9716,High
12/31/2018,i8,2018,North America,Silver,Diesel,Automatic,4.1,186991,129918,140,Low
12/31/2019,X3,2019,North America,Silver,Petrol,Automatic,3.4,25834,98610,7965,High
12/31/2020,i3,2020,South America,Blue,Hybrid,Manual,1.8,168495,66235,3539,Low
12/31/2020,M3,2020,South America,Silver,Electric,Manual,1.6,144625,88303,2834,Low
12/31/2024,i8,2024,Europe,Black,Diesel,Automatic,2.8,91378,160252,584,Low
12/31/2015,M3,2015,North America,Grey,Electric,Manual,4.3,54962,113323,2119,Low
12/31/2020,3 Series,2020,North America,Blue,Electric,Automatic,1.6,124802,80911,9513,High
12/31/2015,M5,2015,Asia,White,Hybrid,Manual,4,101555,51079,2415,Low
12/31/2013,X6,2013,South America,Grey,Electric,Automatic,3.8,152867,86731,1551,Low
12/31/2024,7 Series,2024,Middle East,Silver,Electric,Manual,2.4,80946,151158,1740,Low
12/31/2017,i3,2017,Asia,White,Petrol,Automatic,1.8,78511,65008,5667,High
12/31/2014,X1,2014,Middle East,Silver,Diesel,Manual,4.7,140969,51525,4775,Low
12/31/2016,X3,2016,Europe,White,Diesel,Automatic,2.6,28074,71976,8366,High
12/31/2018,M3,2018,North America,White,Diesel,Automatic,1.9,137954,77830,3365,Low
12/31/2022,i8,2022,Asia,Silver,Electric,Automatic,3.9,22532,200000,232,Low
12/31/2022,5 Series,2022,North America,Blue,Diesel,Automatic,2.3,176523,81767,6615,High
12/31/2023,X5,2023,Middle East,Red,Electric,Manual,3.2,74194,127817,4436,Low
12/31/2014,X1,2014,North America,Black,Electric,Automatic,1.7,107454,55417,8395,High
12/31/2020,X3,2020,South America,Black,Diesel,Manual,5,42748,102739,4816,Low
12/31/2023,5 Series,2023,South America,Blue,Petrol,Manual,3.1,15522,120090,5053,High
12/31/2014,M5,2014,Asia,Black,Hybrid,Manual,5,79730,129258,890,Low
12/31/2023,5 Series,2023,North America,Red,Hybrid,Automatic,2.8,55287,119506,6675,High
12/31/2013,5 Series,2013,Middle East,Red,Electric,Manual,2.7,153115,65517,4021,Low
12/31/2015,3 Series,2015,South America,Silver,Petrol,Manual,4.7,35168,80600,4666,Low
12/31/2011,M3,2011,South America,Grey,Hybrid,Manual,2.7,120750,62079,1064,Low
12/31/2012,X3,2012,Asia,White,Petrol,Automatic,3,150446,41080,8296,High
12/31/2010,X5,2010,North America,White,Petrol,Manual,1.8,62890,49731,5222,High
12/31/2011,X1,2011,North America,Red,Petrol,Automatic,4.8,47907,57828,7423,High
12/31/2011,3 Series,2011,Asia,Red,Diesel,Automatic,1.8,24432,45982,9351,High
12/31/2017,i8,2017,Africa,Red,Electric,Automatic,4.2,127504,152724,50,Low
12/31/2017,X5,2017,Europe,Black,Electric,Manual,3.4,100214,98001,4892,Low
12/31/2011,X3,2011,North America,Blue,Petrol,Manual,1.7,42186,46034,8362,High
12/31/2022,7 Series,2022,Africa,Black,Electric,Manual,1.5,132259,115069,1318,Low
12/31/2023,7 Series,2023,Asia,Silver,Diesel,Automatic,4.8,57892,145576,1520,Low
12/31/2015,X1,2015,Asia,Black,Diesel,Manual,4.1,186513,39515,7984,High
12/31/2024,i8,2024,North America,Blue,Electric,Manual,3.9,168603,178361,172,Low
12/31/2014,X6,2014,Middle East,Black,Petrol,Manual,3,75934,83768,2529,Low
12/31/2012,3 Series,2012,Europe,White,Petrol,Automatic,2.3,98202,42958,9522,High
12/31/2014,i3,2014,Asia,Silver,Hybrid,Automatic,3.9,3111,84539,5074,High
12/31/2014,X5,2014,Asia,Black,Hybrid,Manual,3.6,157978,74871,6381,High
12/31/2014,i3,2014,Asia,Black,Hybrid,Automatic,4,49651,79650,5030,High
12/31/2012,M5,2012,Africa,Grey,Petrol,Manual,2.8,34456,95916,50,Low
12/31/2024,X5,2024,Africa,Grey,Hybrid,Automatic,5,77405,136935,3914,Low
12/31/2012,i3,2012,Europe,Blue,Petrol,Manual,1.7,16009,51482,4871,Low
12/31/2013,5 Series,2013,Europe,Silver,Petrol,Manual,1.8,115047,46589,6148,High
12/31/2016,i8,2016,Asia,Black,Diesel,Automatic,4.7,128014,132850,50,Low
12/31/2021,5 Series,2021,Africa,Silver,Electric,Manual,3.8,26489,117880,3948,Low
12/31/2021,5 Series,2021,Africa,Silver,Electric,Manual,2.6,53390,107177,4634,Low
12/31/2021,M5,2021,South America,Black,Diesel,Automatic,4.2,191482,118264,1325,Low
12/31/2023,X1,2023,North America,Red,Petrol,Automatic,3.1,83726,87823,9080,High
12/31/2011,X6,2011,Middle East,Black,Electric,Automatic,1.6,3574,93555,1696,Low
12/31/2019,X1,2019,Europe,Black,Petrol,Automatic,3.8,82528,75758,7715,High
12/31/2013,X6,2013,Africa,White,Hybrid,Automatic,2.4,113074,73211,1542,Low
12/31/2013,X6,2013,South America,Black,Diesel,Automatic,1.9,71692,69093,1789,Low
12/31/2010,X5,2010,Africa,Black,Hybrid,Manual,2.3,186322,36651,2509,Low
12/31/2019,M5,2019,Asia,Blue,Petrol,Automatic,3.2,155077,111325,1738,Low
12/31/2017,X5,2017,Africa,White,Petrol,Automatic,1.7,83512,75747,2917,Low
12/31/2010,7 Series,2010,Middle East,Grey,Diesel,Automatic,4.6,70325,98614,50,Low
12/31/2017,M5,2017,South America,Black,Petrol,Manual,3.5,100135,117254,615,Low
12/31/2016,i3,2016,Asia,Blue,Petrol,Manual,2.5,142435,51557,1222,Low
12/31/2018,X5,2018,South America,Blue,Hybrid,Automatic,3.9,121780,44817,4616,Low
12/31/2017,i8,2017,Asia,Grey,Hybrid,Manual,4.3,192860,131165,50,Low
12/31/2014,X5,2014,North America,Grey,Diesel,Automatic,3.6,164336,62015,5196,High
12/31/2017,X5,2017,Africa,Red,Electric,Manual,2.2,169015,73473,3351,Low
12/31/2023,X6,2023,South America,White,Petrol,Manual,1.9,45357,113438,3209,Low
12/31/2024,7 Series,2024,Europe,White,Hybrid,Manual,4.5,197377,131830,2442,Low
12/31/2020,3 Series,2020,North America,Silver,Hybrid,Manual,2.3,109365,77029,11165,High
12/31/2019,M3,2019,Middle East,Grey,Electric,Manual,1.6,197199,83045,2307,Low
12/31/2021,3 Series,2021,Europe,Red,Electric,Automatic,3.8,51699,114061,10446,High
12/31/2024,7 Series,2024,Africa,White,Petrol,Manual,2,114123,118583,1108,Low
12/31/2021,M3,2021,Europe,Red,Diesel,Automatic,5,154395,102489,3159,Low
12/31/2012,5 Series,2012,Middle East,White,Hybrid,Manual,4.5,195423,62088,4408,Low
12/31/2024,X6,2024,South America,Red,Diesel,Manual,3.6,50537,125506,2719,Low
12/31/2019,X5,2019,Asia,Grey,Petrol,Manual,4.4,124099,96540,5485,High
12/31/2016,7 Series,2016,Africa,Silver,Diesel,Automatic,3.1,45203,109885,163,Low
12/31/2021,X3,2021,South America,Silver,Petrol,Manual,4.3,122972,85277,6299,High
12/31/2013,X5,2013,South America,Red,Diesel,Automatic,3.8,19928,85475,2484,Low
12/31/2014,3 Series,2014,Asia,Red,Petrol,Automatic,1.6,168529,34438,11159,High
12/31/2018,M3,2018,Africa,Black,Hybrid,Automatic,4.8,17813,119435,1510,Low
12/31/2016,5 Series,2016,Middle East,Silver,Hybrid,Manual,4.5,169780,86232,3942,Low
12/31/2013,X3,2013,North America,Blue,Diesel,Manual,4.8,54087,70884,6999,High
12/31/2015,X6,2015,Middle East,Silver,Petrol,Manual,4.1,102055,89272,2129,Low
12/31/2019,i8,2019,Asia,Red,Petrol,Manual,2.9,148398,139469,185,Low
12/31/2023,X5,2023,Europe,White,Diesel,Manual,2.2,82377,101038,6215,High
12/31/2020,M3,2020,South America,White,Petrol,Automatic,2.1,152109,78797,1979,Low
12/31/2016,i8,2016,South America,Silver,Diesel,Manual,2,109935,107725,50,Low
12/31/2022,5 Series,2022,North America,Silver,Diesel,Manual,2.3,30137,102560,6591,High
12/31/2019,X5,2019,Middle East,Grey,Electric,Manual,3.4,60627,112062,4717,Low
12/31/2022,5 Series,2022,South America,Blue,Diesel,Automatic,3.9,122369,101856,4494,Low
12/31/2018,X3,2018,Middle East,Silver,Diesel,Automatic,2.6,107804,68930,6212,High
12/31/2013,X6,2013,South America,White,Hybrid,Automatic,3.4,74899,87743,1836,Low
12/31/2019,5 Series,2019,Middle East,Grey,Diesel,Automatic,2.7,125394,85357,5229,High
12/31/2012,X1,2012,North America,Grey,Diesel,Automatic,3.9,165706,31279,6417,High
12/31/2017,M5,2017,Middle East,White,Petrol,Automatic,5,183317,121457,618,Low
12/31/2024,M3,2024,Europe,Blue,Diesel,Manual,3.9,170985,109316,3291,Low
12/31/2010,5 Series,2010,Asia,Black,Diesel,Manual,1.7,8568,50822,5650,High
12/31/2018,X3,2018,Middle East,Red,Electric,Automatic,3.2,86533,94309,6429,High
12/31/2022,i3,2022,Europe,Black,Electric,Manual,4.2,175380,97937,15000,High
12/31/2010,7 Series,2010,Africa,Blue,Diesel,Manual,3.4,176959,58736,50,Low
12/31/2011,X5,2011,Europe,Red,Electric,Manual,4.8,7943,103041,4374,Low
12/31/2022,5 Series,2022,Asia,Grey,Diesel,Automatic,1.7,160149,78063,7415,High
12/31/2017,i8,2017,South America,Red,Petrol,Automatic,2.5,134853,124575,50,Low
12/31/2018,5 Series,2018,South America,Blue,Hybrid,Manual,2.3,39542,96727,3952,Low
12/31/2016,5 Series,2016,Africa,Grey,Diesel,Automatic,4.2,101218,74444,3956,Low
12/31/2012,3 Series,2012,Middle East,Silver,Petrol,Automatic,3.3,52405,59175,5793,High
12/31/2016,X1,2016,Africa,Black,Diesel,Automatic,2,26274,60016,3633,Low
12/31/2015,5 Series,2015,North America,Red,Diesel,Manual,2.5,117101,57817,6242,High
12/31/2011,X3,2011,South America,Silver,Hybrid,Automatic,3.3,102700,56218,5156,High
12/31/2012,X5,2012,Africa,Blue,Diesel,Manual,5,62132,73973,2684,Low
12/31/2020,i3,2020,Europe,Grey,Electric,Automatic,2.8,73013,96213,4610,Low
12/31/2022,7 Series,2022,South America,Blue,Petrol,Manual,2,1103,136689,892,Low
12/31/2021,i3,2021,Middle East,Blue,Diesel,Manual,3.2,142538,77238,10446,High
12/31/2022,M5,2022,Asia,Blue,Hybrid,Manual,2.6,174127,121805,2681,Low
12/31/2019,i8,2019,Africa,Silver,Petrol,Manual,3.5,90580,143231,50,Low
12/31/2019,M3,2019,Middle East,Blue,Hybrid,Automatic,3.1,51497,116043,1926,Low
12/31/2022,M3,2022,South America,Grey,Diesel,Automatic,3.9,163094,103203,1962,Low
12/31/2021,i3,2021,Middle East,Grey,Diesel,Manual,4.7,152757,85646,4200,Low
12/31/2024,3 Series,2024,Asia,Black,Hybrid,Manual,2.2,154173,91780,11592,High
12/31/2014,X6,2014,South America,Silver,Diesel,Manual,4.4,77497,83515,1996,Low
12/31/2019,i8,2019,Asia,Blue,Petrol,Manual,4.8,82643,162737,50,Low
12/31/2013,M5,2013,North America,Red,Petrol,Automatic,2.8,173534,89197,1378,Low
12/31/2011,X5,2011,Africa,Black,Diesel,Automatic,1.9,68595,49623,2758,Low
12/31/2013,i3,2013,North America,White,Hybrid,Manual,4.4,119633,92093,4345,Low
12/31/2021,i8,2021,Europe,Blue,Hybrid,Automatic,4,56092,178050,355,Low
12/31/2017,7 Series,2017,South America,Silver,Petrol,Manual,2.2,145839,84534,856,Low
12/31/2014,5 Series,2014,South America,Blue,Diesel,Automatic,3.1,179591,46820,4001,Low
12/31/2014,5 Series,2014,North America,White,Petrol,Manual,3.5,37937,76060,6120,High
12/31/2022,X1,2022,Europe,Grey,Petrol,Manual,2.1,138632,65867,7594,High
12/31/2021,5 Series,2021,Africa,Black,Electric,Manual,4,11897,125948,3432,Low
12/31/2021,5 Series,2021,Middle East,White,Diesel,Automatic,3.9,58157,107066,4748,Low
12/31/2019,X3,2019,Africa,White,Electric,Manual,4.6,124549,93996,4972,Low
12/31/2012,M3,2012,North America,Black,Electric,Automatic,3.5,101700,83485,2368,Low
12/31/2022,X6,2022,Europe,Silver,Hybrid,Manual,3.5,166316,112332,4299,Low
12/31/2017,i3,2017,Middle East,Blue,Electric,Automatic,3.7,161484,74558,3402,Low
12/31/2015,M5,2015,North America,White,Hybrid,Automatic,2.5,151704,109008,1303,Low
12/31/2011,M3,2011,North America,Silver,Petrol,Automatic,4.2,88414,74560,1961,Low
12/31/2011,X1,2011,Europe,Black,Petrol,Automatic,3.8,114401,40388,7334,High
12/31/2018,i8,2018,Africa,Silver,Electric,Manual,4.4,74704,162629,50,Low
12/31/2022,X6,2022,Africa,Black,Diesel,Manual,4.2,137369,109356,2584,Low
12/31/2016,5 Series,2016,South America,Blue,Diesel,Manual,3.7,50801,82420,4471,Low
12/31/2019,3 Series,2019,South America,Blue,Petrol,Manual,2.1,21509,77178,5877,High
12/31/2018,i8,2018,Asia,White,Hybrid,Manual,4.7,92767,155576,311,Low
12/31/2023,X1,2023,South America,White,Diesel,Manual,2.8,11744,96253,5665,High
12/31/2015,7 Series,2015,South America,White,Diesel,Manual,4.9,115258,104260,224,Low
12/31/2024,X5,2024,South America,Black,Hybrid,Automatic,2.9,43475,131302,4689,Low
12/31/2014,M3,2014,Asia,Silver,Diesel,Automatic,2,120814,64917,3087,Low
12/31/2021,M3,2021,Africa,Blue,Electric,Automatic,4.6,111931,120838,1785,Low
12/31/2010,X1,2010,Europe,Black,Hybrid,Manual,4.3,85930,50555,6137,High
12/31/2021,i8,2021,North America,White,Electric,Manual,4.3,9894,190524,162,Low
12/31/2015,i3,2015,Europe,Red,Hybrid,Automatic,1.8,189906,45051,4579,Low
12/31/2015,7 Series,2015,North America,Black,Electric,Automatic,4.6,73114,137028,554,Low
12/31/2012,M5,2012,North America,Blue,Petrol,Manual,3.6,2529,116938,830,Low
12/31/2012,X3,2012,Middle East,White,Hybrid,Automatic,3.1,184099,48472,5245,High
12/31/2024,X3,2024,South America,Black,Electric,Automatic,4.7,127351,125630,6563,High
12/31/2012,7 Series,2012,Africa,Silver,Diesel,Automatic,3.8,159789,78455,50,Low
12/31/2012,5 Series,2012,North America,Red,Hybrid,Automatic,2,49220,71448,6382,High
12/31/2016,X6,2016,Europe,Blue,Hybrid,Automatic,3.3,71241,107579,3720,Low
12/31/2019,X1,2019,Asia,Blue,Petrol,Automatic,3.7,62,89659,7631,High
12/31/2020,M3,2020,Europe,Black,Hybrid,Automatic,4.6,62623,123883,3070,Low
12/31/2011,i8,2011,Europe,Black,Electric,Manual,2.5,28839,128347,50,Low
12/31/2019,5 Series,2019,North America,Grey,Diesel,Automatic,4.3,74407,105173,6902,High
12/31/2022,i3,2022,South America,Black,Electric,Manual,4.3,104539,108315,3701,Low
12/31/2019,i3,2019,Middle East,Silver,Diesel,Manual,1.9,180212,50561,3535,Low
12/31/2011,3 Series,2011,North America,Grey,Electric,Manual,1.6,185327,30126,9304,High
12/31/2012,M5,2012,Europe,White,Hybrid,Automatic,3.5,23829,126555,445,Low
12/31/2019,X5,2019,North America,Grey,Electric,Manual,4.3,117057,115030,5287,High
12/31/2021,7 Series,2021,Middle East,Red,Diesel,Manual,3.4,24602,146079,570,Low
12/31/2016,X3,2016,Asia,Red,Petrol,Manual,4.3,124280,66067,7788,High
12/31/2012,3 Series,2012,Europe,Red,Diesel,Manual,3.7,192540,28154,9616,High
12/31/2016,3 Series,2016,Africa,White,Petrol,Manual,3.8,58530,72573,5273,High
12/31/2018,5 Series,2018,Asia,Blue,Electric,Automatic,1.6,103460,89069,15000,High
12/31/2020,M5,2020,Middle East,Black,Diesel,Manual,1.8,27634,134549,997,Low
12/31/2019,X6,2019,Asia,Blue,Petrol,Manual,4,168601,88228,4524,Low
12/31/2021,3 Series,2021,Africa,Silver,Hybrid,Manual,4.2,109154,91831,5129,High
12/31/2024,X5,2024,Asia,Silver,Petrol,Automatic,3.4,96137,115311,6205,High
12/31/2020,M5,2020,Middle East,Silver,Hybrid,Manual,3.6,92051,142245,1311,Low
12/31/2013,X6,2013,Africa,Blue,Hybrid,Automatic,3.7,52923,93376,1187,Low
12/31/2016,M5,2016,Africa,Blue,Electric,Automatic,1.9,111113,143586,50,Low
12/31/2018,5 Series,2018,Africa,Red,Hybrid,Manual,3.8,33309,108020,3744,Low
12/31/2023,5 Series,2023,Africa,White,Electric,Automatic,3.2,110223,116614,3924,Low
12/31/2017,X5,2017,South America,Red,Electric,Automatic,3.6,157062,86717,3493,Low
12/31/2017,3 Series,2017,Africa,Blue,Diesel,Automatic,3.5,168053,67280,4987,Low
12/31/2018,X3,2018,Middle East,Grey,Hybrid,Automatic,4.2,81920,96494,6029,High
12/31/2023,X6,2023,Europe,Silver,Petrol,Manual,2.6,160044,97426,4140,Low
12/31/2014,3 Series,2014,North America,Blue,Diesel,Manual,2.8,137990,42802,8555,High
12/31/2023,i3,2023,South America,Red,Diesel,Automatic,2.9,82216,87082,3607,Low
12/31/2014,X5,2014,Middle East,Red,Petrol,Automatic,4.2,141635,78798,3794,Low
12/31/2012,M5,2012,North America,Blue,Petrol,Manual,3,85505,93901,938,Low
12/31/2014,X3,2014,Middle East,Black,Hybrid,Manual,2.1,140560,55121,15000,High
12/31/2017,7 Series,2017,Middle East,Silver,Petrol,Automatic,4.9,47591,131836,261,Low
12/31/2021,5 Series,2021,Africa,Black,Hybrid,Automatic,3.2,148872,97544,3948,Low
12/31/2014,3 Series,2014,North America,Blue,Electric,Manual,1.9,136842,52703,9318,High
12/31/2013,i3,2013,South America,White,Diesel,Manual,3.8,25899,63824,2192,Low
12/31/2017,7 Series,2017,Middle East,White,Petrol,Automatic,4.1,80466,123354,407,Low
12/31/2016,M3,2016,North America,White,Hybrid,Automatic,3.3,157111,88253,2392,Low
12/31/2024,7 Series,2024,North America,Grey,Hybrid,Automatic,3.8,179630,147312,2308,Low
12/31/2023,X6,2023,North America,Red,Hybrid,Manual,2.1,98247,119967,5314,High
12/31/2023,X1,2023,North America,Red,Electric,Manual,2.8,116410,90666,9024,High
12/31/2015,i3,2015,Asia,Red,Diesel,Automatic,2.1,63675,54753,5682,High
12/31/2014,M3,2014,Middle East,Red,Diesel,Manual,2.9,81440,77029,1738,Low
12/31/2023,7 Series,2023,South America,Silver,Electric,Manual,3.5,56247,148138,1225,Low
12/31/2014,M5,2014,Africa,Blue,Hybrid,Manual,3,35457,115681,50,Low
12/31/2022,X1,2022,Asia,White,Electric,Manual,3.6,1083,116200,9364,High
12/31/2019,7 Series,2019,Africa,Silver,Electric,Automatic,3.3,93587,123254,1016,Low
12/31/2011,M3,2011,Middle East,Blue,Hybrid,Automatic,2.6,56214,78405,1162,Low
12/31/2022,i3,2022,North America,White,Petrol,Manual,2,15441,97674,5170,High
12/31/2024,5 Series,2024,Asia,Black,Petrol,Manual,2.4,117405,97506,1525,Low
12/31/2013,M5,2013,North America,Black,Electric,Automatic,2.2,102100,108529,992,Low
12/31/2017,5 Series,2017,Europe,Black,Diesel,Automatic,4,62755,91441,5883,High
12/31/2017,i3,2017,South America,Red,Petrol,Manual,4.4,157840,59232,3420,Low
12/31/2020,X5,2020,South America,White,Electric,Automatic,4,42981,129097,3249,Low
12/31/2010,7 Series,2010,Europe,Black,Electric,Manual,3.8,165024,85345,469,Low
12/31/2011,X5,2011,Europe,Blue,Diesel,Manual,2.6,185400,35249,5412,High
12/31/2014,M3,2014,Europe,Red,Electric,Automatic,4,66785,97916,2164,Low
12/31/2018,3 Series,2018,South America,Grey,Diesel,Manual,3.6,178988,53913,5903,High
12/31/2019,7 Series,2019,North America,Blue,Hybrid,Manual,1.7,75066,123899,1877,Low
12/31/2020,7 Series,2020,Middle East,Blue,Electric,Automatic,4.7,16903,166160,812,Low
12/31/2021,M3,2021,North America,Silver,Petrol,Automatic,1.8,127855,89346,3317,Low
12/31/2022,X6,2022,Africa,Black,Petrol,Manual,3.3,104817,107433,2151,Low
12/31/2020,i8,2020,Europe,Silver,Electric,Automatic,3.3,98235,160360,67,Low
12/31/2016,i3,2016,South America,Grey,Diesel,Automatic,4.4,40718,77196,3165,Low
12/31/2019,X3,2019,Middle East,Blue,Electric,Manual,4.7,198302,84087,6846,High
12/31/2014,7 Series,2014,Middle East,Silver,Hybrid,Manual,4.8,168511,105889,224,Low
12/31/2010,X3,2010,South America,Silver,Hybrid,Automatic,3.5,165033,42100,4962,Low
12/31/2024,X5,2024,South America,Black,Diesel,Automatic,3.9,85353,118016,869,Low
12/31/2024,7 Series,2024,North America,Silver,Hybrid,Manual,1.8,156444,121751,2218,Low
12/31/2015,X3,2015,South America,Silver,Electric,Manual,3.2,42893,81292,4297,Low
12/31/2021,5 Series,2021,Africa,White,Petrol,Automatic,4.6,25779,117506,4064,Low
12/31/2017,X6,2017,Europe,Red,Electric,Automatic,3.1,151732,95483,3862,Low
12/31/2016,M3,2016,South America,Grey,Hybrid,Manual,1.7,37900,89051,1377,Low
12/31/2011,3 Series,2011,Africa,White,Hybrid,Automatic,2.2,95163,44417,3970,Low
12/31/2021,X6,2021,South America,Silver,Petrol,Manual,3,9007,123170,2187,Low
12/31/2014,M5,2014,Europe,White,Petrol,Automatic,2.3,183193,86567,1286,Low
12/31/2023,X1,2023,Middle East,Blue,Hybrid,Manual,2.9,181459,76752,5929,High
12/31/2020,7 Series,2020,South America,Black,Electric,Automatic,2.7,109470,129032,1279,Low
12/31/2013,7 Series,2013,North America,Blue,Electric,Manual,2.6,195698,83678,1030,Low
12/31/2018,i3,2018,Africa,Silver,Hybrid,Manual,1.8,47139,76598,3455,Low
12/31/2019,i8,2019,Middle East,Silver,Diesel,Automatic,4.6,26138,169600,50,Low
12/31/2010,X3,2010,Africa,Grey,Petrol,Manual,3.9,133348,35065,4295,Low
12/31/2021,7 Series,2021,North America,White,Diesel,Automatic,3.7,14974,145711,1275,Low
12/31/2015,M5,2015,Asia,White,Diesel,Automatic,3.6,2652,127851,1099,Low
12/31/2012,i3,2012,Europe,White,Hybrid,Automatic,2.9,74842,60831,3914,Low
12/31/2020,3 Series,2020,North America,Black,Diesel,Automatic,4.4,33482,102864,10356,High
12/31/2018,X5,2018,Africa,Blue,Electric,Manual,4.8,146648,97782,3547,Low
12/31/2014,X1,2014,Africa,Red,Petrol,Manual,1.5,10359,51043,3717,Low
12/31/2022,5 Series,2022,Asia,Black,Diesel,Manual,1.8,77956,88624,7312,High
12/31/2015,i3,2015,South America,Grey,Petrol,Manual,3.9,81970,62320,3237,Low
12/31/2020,i8,2020,South America,White,Petrol,Manual,2.3,156225,129383,50,Low
12/31/2018,7 Series,2018,Europe,Silver,Petrol,Automatic,4.7,35879,129518,1064,Low
12/31/2018,X1,2018,North America,Black,Diesel,Manual,3.8,133068,61593,8520,High
12/31/2017,X1,2017,Asia,Black,Petrol,Automatic,2.8,41591,72669,8477,High
12/31/2018,X6,2018,South America,Red,Electric,Manual,3,35322,115204,2945,Low
12/31/2013,i8,2013,Middle East,Black,Diesel,Manual,3.9,104934,128396,50,Low
12/31/2015,X5,2015,Asia,Silver,Diesel,Manual,2,45264,77871,5367,High
12/31/2014,i3,2014,Europe,Silver,Diesel,Manual,4.6,17374,75028,12666,High
12/31/2014,M3,2014,Africa,Black,Petrol,Manual,1.5,127157,52929,1467,Low
12/31/2013,X3,2013,South America,Blue,Electric,Manual,4.9,145674,68805,5300,High
12/31/2011,M5,2011,Europe,Grey,Hybrid,Automatic,2.1,166790,82488,1153,Low
12/31/2021,X6,2021,South America,Blue,Petrol,Automatic,4.1,53317,126583,2522,Low
12/31/2015,i8,2015,North America,Red,Electric,Manual,1.6,161372,125847,50,Low
12/31/2018,X6,2018,South America,Silver,Diesel,Manual,3,470,108184,2253,Low
12/31/2021,X3,2021,North America,White,Hybrid,Manual,3.7,22860,111774,9618,High
12/31/2010,i3,2010,Asia,Black,Electric,Manual,1.7,162933,28749,5343,High
12/31/2023,i8,2023,Africa,Blue,Hybrid,Manual,3.1,60836,169040,347,Low
12/31/2016,3 Series,2016,Asia,Silver,Diesel,Automatic,2.6,35275,70552,10333,High
12/31/2015,X3,2015,Europe,Black,Hybrid,Manual,3.2,126972,64929,7290,High
12/31/2012,X5,2012,Europe,Silver,Hybrid,Automatic,3.3,56651,81395,4212,Low
12/31/2010,M5,2010,South America,Black,Hybrid,Manual,4.2,48378,110120,50,Low
12/31/2022,X6,2022,Middle East,Grey,Petrol,Automatic,1.9,60354,118964,2619,Low
12/31/2013,X5,2013,Europe,Red,Petrol,Automatic,1.8,169443,48617,1028,Low
12/31/2024,i3,2024,Africa,Black,Electric,Automatic,2.9,15732,122188,3182,Low
12/31/2023,i8,2023,Europe,Red,Petrol,Automatic,4.6,50384,177207,126,Low
12/31/2018,i3,2018,Middle East,White,Electric,Automatic,4.5,31497,107293,3035,Low
12/31/2024,i8,2024,Middle East,Black,Hybrid,Automatic,3.5,60556,185819,362,Low
12/31/2011,X1,2011,South America,Silver,Diesel,Manual,4.6,77371,46074,4357,Low
12/31/2012,X6,2012,Africa,Blue,Electric,Automatic,4.3,97046,91411,1134,Low
12/31/2011,X3,2011,Europe,Black,Hybrid,Manual,2.5,113949,46419,7911,High
12/31/2023,M3,2023,Africa,Red,Petrol,Automatic,2.1,175223,92095,2049,Low
12/31/2011,3 Series,2011,Asia,Red,Electric,Manual,2.6,187196,35590,10644,High
12/31/2019,X5,2019,Middle East,Silver,Hybrid,Manual,2.3,112923,97997,4450,Low
12/31/2020,3 Series,2020,South America,Silver,Petrol,Automatic,3.7,162966,68567,5461,High
12/31/2020,i8,2020,Europe,Blue,Hybrid,Automatic,3.5,144324,154812,490,Low
12/31/2017,7 Series,2017,South America,Black,Hybrid,Automatic,3.6,195888,100000,606,Low
12/31/2012,i3,2012,Europe,White,Diesel,Manual,2.2,131485,29945,4533,Low
12/31/2016,i3,2016,Asia,Grey,Hybrid,Manual,4.3,78024,81551,4444,Low
12/31/2017,X3,2017,Middle East,Grey,Electric,Manual,3,161135,72009,6296,High
12/31/2012,X3,2012,Europe,Silver,Petrol,Manual,3.2,379,69284,7578,High
12/31/2011,M5,2011,Africa,White,Electric,Manual,5,156577,103848,50,Low
12/31/2022,X6,2022,North America,Silver,Petrol,Manual,2.5,108099,108847,4957,Low
12/31/2022,7 Series,2022,South America,Grey,Hybrid,Automatic,2.9,126541,124756,1345,Low
12/31/2017,M5,2017,North America,Silver,Electric,Manual,3.9,146689,127361,1470,Low
12/31/2012,7 Series,2012,Africa,Black,Petrol,Automatic,4.6,17199,110749,50,Low
12/31/2016,3 Series,2016,Middle East,Silver,Diesel,Automatic,1.9,159223,44212,6049,High
12/31/2021,7 Series,2021,Middle East,Silver,Electric,Manual,4.1,4552,165270,955,Low
12/31/2010,X1,2010,North America,Silver,Petrol,Manual,4.7,148375,33108,7665,High
12/31/2023,i3,2023,Middle East,White,Petrol,Manual,3,56717,101815,3353,Low
12/31/2024,X1,2024,Asia,Silver,Diesel,Automatic,2.5,15690,99325,7617,High
12/31/2021,M5,2021,North America,Grey,Diesel,Manual,3.9,36455,140674,1716,Low
12/31/2015,X5,2015,Africa,Silver,Electric,Manual,2.4,95005,82921,2442,Low
12/31/2021,i3,2021,North America,Black,Petrol,Manual,2.8,153047,39580,5296,High
12/31/2021,i3,2021,South America,Silver,Petrol,Manual,4.6,175009,73106,3122,Low
12/31/2022,M5,2022,Africa,White,Hybrid,Manual,3.6,186432,130368,1572,Low
12/31/2018,M3,2018,North America,Blue,Hybrid,Manual,1.8,133881,89800,3698,Low
12/31/2021,M3,2021,Africa,White,Petrol,Manual,2.7,60776,100309,1724,Low
12/31/2012,i8,2012,South America,Silver,Diesel,Manual,3.7,43383,122542,50,Low
12/31/2023,X1,2023,North America,Black,Hybrid,Manual,3.2,5037,110035,8276,High
12/31/2016,M5,2016,Asia,Grey,Electric,Manual,3.8,85557,128067,1129,Low
12/31/2022,X5,2022,South America,Silver,Petrol,Automatic,4.2,41313,127493,3388,Low
12/31/2015,M5,2015,Africa,White,Electric,Automatic,3.2,53952,131734,50,Low
12/31/2017,7 Series,2017,Europe,Blue,Hybrid,Automatic,5,160569,124187,941,Low
12/31/2012,X3,2012,Africa,Blue,Hybrid,Automatic,4.7,127668,67089,4363,Low
12/31/2012,5 Series,2012,South America,White,Hybrid,Manual,1.7,72449,56069,4117,Low
12/31/2013,M3,2013,Asia,Black,Diesel,Automatic,2.4,5424,85797,2676,Low
12/31/2012,i3,2012,Europe,Silver,Hybrid,Automatic,2.6,18316,70492,4632,Low
12/31/2018,M5,2018,South America,Blue,Electric,Automatic,2.1,175522,110810,1359,Low
12/31/2020,i3,2020,North America,Silver,Diesel,Automatic,2.6,198164,60566,5329,High
12/31/2013,X3,2013,Middle East,White,Hybrid,Automatic,3,82503,67968,4608,Low
12/31/2015,X5,2015,Europe,Red,Hybrid,Automatic,1.7,148636,66499,4847,Low
12/31/2017,M3,2017,South America,Blue,Hybrid,Manual,1.9,145224,76373,1618,Low
12/31/2020,M5,2020,Middle East,White,Hybrid,Manual,1.8,89652,133770,1656,Low
12/31/2022,3 Series,2022,North America,White,Diesel,Automatic,1.7,61059,88430,11064,High
12/31/2017,5 Series,2017,Middle East,White,Electric,Automatic,3.2,20850,114151,4209,Low
12/31/2024,i3,2024,Asia,White,Petrol,Manual,2.7,74602,93398,5325,High
12/31/2014,3 Series,2014,Middle East,Blue,Hybrid,Manual,4.8,124419,73030,6062,High
12/31/2014,3 Series,2014,North America,Silver,Petrol,Manual,1.9,106586,42042,8642,High
12/31/2015,i8,2015,Middle East,Grey,Hybrid,Manual,4.7,193828,136427,50,Low
12/31/2019,X1,2019,Asia,Silver,Petrol,Automatic,1.8,58477,67540,9154,High
12/31/2016,X5,2016,Middle East,Grey,Petrol,Manual,3.7,106873,80412,3923,Low
12/31/2022,i8,2022,Asia,Grey,Hybrid,Automatic,2.4,161757,148205,884,Low
12/31/2022,X6,2022,Asia,Red,Diesel,Automatic,4.4,130510,119213,4735,Low
12/31/2019,X6,2019,North America,Grey,Petrol,Manual,1.7,47963,96207,4510,Low
12/31/2023,7 Series,2023,South America,Grey,Diesel,Automatic,4.8,165558,132493,1086,Low
12/31/2016,3 Series,2016,South America,Silver,Petrol,Automatic,1.7,17435,66214,6618,High
12/31/2022,X6,2022,South America,Blue,Hybrid,Manual,2.3,46714,116409,3394,Low
12/31/2013,X1,2013,North America,Black,Electric,Automatic,3.1,108603,60711,6823,High
12/31/2015,X6,2015,Europe,Blue,Diesel,Automatic,4.1,165875,75911,4082,Low
12/31/2016,7 Series,2016,North America,Silver,Diesel,Manual,4.8,110964,115302,1018,Low
12/31/2014,5 Series,2014,South America,Blue,Hybrid,Automatic,3,14580,85187,3195,Low
12/31/2014,X3,2014,South America,Black,Electric,Manual,4.2,10093,95707,4354,Low
12/31/2011,i8,2011,Middle East,Blue,Electric,Automatic,4,47747,142881,50,Low
12/31/2016,3 Series,2016,North America,Silver,Electric,Automatic,3.5,105058,82560,8900,High
12/31/2021,X1,2021,South America,Grey,Diesel,Manual,3.9,138662,69018,5967,High
12/31/2015,M3,2015,South America,Grey,Diesel,Manual,1.6,10820,81333,1486,Low
12/31/2020,X5,2020,North America,Black,Petrol,Automatic,3,163057,90287,5428,High
12/31/2010,M5,2010,South America,White,Hybrid,Automatic,4.3,47132,111200,50,Low
12/31/2013,7 Series,2013,Asia,Blue,Electric,Manual,3.2,56848,116620,643,Low
12/31/2012,X1,2012,Middle East,Silver,Hybrid,Manual,4.6,147555,53486,4460,Low
12/31/2021,X3,2021,Middle East,Black,Diesel,Manual,4.4,144222,88285,5750,High
12/31/2024,M3,2024,South America,Red,Diesel,Manual,4.5,78765,125387,2348,Low
12/31/2012,X6,2012,South America,Blue,Diesel,Manual,2,16029,70404,1802,Low
12/31/2016,7 Series,2016,Africa,Grey,Petrol,Automatic,2.4,56223,98191,360,Low
12/31/2020,3 Series,2020,Europe,Black,Electric,Automatic,1.6,148423,76302,9367,High
12/31/2021,X6,2021,North America,Red,Diesel,Manual,4.9,54729,120427,4177,Low
12/31/2019,7 Series,2019,Europe,Grey,Diesel,Automatic,2.3,27914,118795,1141,Low
12/31/2013,5 Series,2013,South America,Blue,Diesel,Manual,2.8,55706,60892,3595,Low
12/31/2024,X5,2024,Europe,Grey,Diesel,Manual,2.5,119557,101993,6319,High
12/31/2021,M3,2021,North America,Red,Electric,Automatic,1.6,73832,112736,3523,Low
12/31/2017,X3,2017,Asia,Silver,Electric,Manual,2.4,19973,90128,9200,High
12/31/2020,i3,2020,Africa,Black,Diesel,Automatic,1.8,49766,75035,2589,Low
12/31/2018,3 Series,2018,South America,Silver,Petrol,Automatic,2.9,49565,77889,6207,High
12/31/2012,X5,2012,South America,Blue,Hybrid,Automatic,4.9,140305,74331,3082,Low
12/31/2014,X1,2014,Middle East,White,Electric,Automatic,3.9,160614,59730,581,Low
12/31/2013,X6,2013,Asia,Blue,Petrol,Automatic,4,66854,89774,3875,Low
12/31/2023,M5,2023,North America,White,Electric,Manual,3.1,4429,173120,2039,Low
12/31/2021,M5,2021,South America,Grey,Electric,Manual,4.3,105406,141417,1148,Low
12/31/2019,i8,2019,South America,Black,Petrol,Manual,4.7,41614,158369,50,Low
12/31/2024,M5,2024,South America,Red,Petrol,Manual,4.9,111921,146227,1201,Low
12/31/2015,i3,2015,South America,Red,Electric,Automatic,1.8,71860,65035,2897,Low
12/31/2020,3 Series,2020,Africa,Black,Petrol,Automatic,4.6,124131,84646,6060,High
12/31/2019,i3,2019,South America,Black,Petrol,Automatic,2.3,50774,74462,2817,Low
12/31/2013,5 Series,2013,Africa,White,Diesel,Automatic,2.9,47651,68413,3171,Low
12/31/2017,X6,2017,Africa,Grey,Electric,Manual,2.7,104152,91971,1874,Low
12/31/2012,i8,2012,Europe,White,Petrol,Manual,3.9,88072,121079,50,Low
12/31/2020,M3,2020,North America,Blue,Electric,Manual,3.6,138340,108747,3116,Low
12/31/2014,X6,2014,South America,Silver,Hybrid,Manual,1.9,20119,85791,2038,Low
12/31/2022,5 Series,2022,Middle East,Black,Diesel,Manual,4.2,194514,90278,5220,High
12/31/2010,M5,2010,South America,Silver,Hybrid,Manual,3,15203,103100,50,Low
12/31/2022,i3,2022,Asia,Red,Petrol,Automatic,1.5,112316,79011,6380,High
12/31/2024,M3,2024,Africa,Silver,Diesel,Manual,3,198497,88178,2296,Low
12/31/2015,X6,2015,North America,Blue,Hybrid,Automatic,3.3,67786,103043,3206,Low
12/31/2020,3 Series,2020,South America,Grey,Petrol,Automatic,1.7,151167,62203,7101,High
12/31/2014,5 Series,2014,Middle East,Silver,Hybrid,Manual,2,196015,50521,4649,Low
12/31/2017,7 Series,2017,Middle East,Black,Electric,Manual,5,25378,149391,50,Low
12/31/2018,7 Series,2018,Asia,Red,Electric,Automatic,4.5,141928,134908,1568,Low
12/31/2017,7 Series,2017,Europe,White,Petrol,Manual,2,5662,111095,1032,Low
12/31/2017,X5,2017,Africa,Blue,Diesel,Manual,3.5,80096,85570,3271,Low
12/31/2021,5 Series,2021,Europe,Black,Electric,Automatic,2.8,120700,105807,7794,High
12/31/2023,X6,2023,Europe,Silver,Hybrid,Automatic,3.4,171150,120938,4819,Low
12/31/2022,X3,2022,Asia,Grey,Hybrid,Manual,3.1,51393,114216,9463,High
12/31/2012,X1,2012,North America,White,Diesel,Automatic,1.7,117374,27300,6938,High
12/31/2013,X5,2013,North America,White,Petrol,Manual,2.6,108798,60880,6321,High
12/31/2024,M5,2024,Europe,Silver,Petrol,Manual,1.9,136177,131783,2426,Low
12/31/2020,X5,2020,Middle East,Silver,Hybrid,Automatic,3.2,111130,109870,3904,Low
12/31/2013,i8,2013,Asia,Black,Petrol,Manual,4.7,187246,114224,50,Low
12/31/2024,3 Series,2024,North America,Grey,Diesel,Automatic,5,194703,95694,10603,High
12/31/2024,3 Series,2024,North America,Black,Hybrid,Manual,4.8,115134,110896,15000,High
12/31/2023,5 Series,2023,Middle East,White,Electric,Manual,4.9,75290,138555,4750,Low
12/31/2020,X5,2020,Middle East,White,Petrol,Automatic,1.6,155551,82675,4007,Low
12/31/2014,X6,2014,North America,Black,Electric,Automatic,4.1,146105,94554,3219,Low
12/31/2022,3 Series,2022,South America,Blue,Diesel,Manual,2.5,122274,74015,6088,High
12/31/2018,X1,2018,Asia,Red,Diesel,Manual,4.5,164720,60563,8769,High
12/31/2021,M3,2021,South America,Grey,Hybrid,Automatic,4.3,164839,112504,2517,Low
12/31/2018,M5,2018,Asia,Silver,Hybrid,Automatic,3,34982,149020,1585,Low
12/31/2019,X3,2019,Africa,Grey,Electric,Manual,3.2,91954,94225,5610,High
12/31/2022,3 Series,2022,Asia,Silver,Diesel,Manual,2.4,115390,79751,11965,High
12/31/2021,X6,2021,Europe,Black,Diesel,Automatic,2.5,126711,94311,4187,Low
12/31/2023,i8,2023,Africa,Blue,Electric,Manual,4.9,10751,189562,50,Low
12/31/2010,M5,2010,Asia,Blue,Petrol,Manual,4.6,102919,99521,868,Low
12/31/2023,5 Series,2023,Middle East,Blue,Hybrid,Manual,2.2,191253,87772,5662,High
12/31/2023,X3,2023,North America,White,Hybrid,Automatic,2.5,5185,124744,8434,High
12/31/2017,i8,2017,South America,Grey,Hybrid,Manual,1.9,58535,139452,50,Low
12/31/2023,3 Series,2023,Europe,Red,Electric,Manual,5,26157,124993,10739,High
12/31/2010,7 Series,2010,North America,Red,Electric,Manual,4.7,120830,105366,198,Low
12/31/2011,X6,2011,Africa,Red,Diesel,Manual,3.4,185865,45531,1549,Low
12/31/2016,i8,2016,South America,Silver,Petrol,Manual,3.9,159569,118962,50,Low
12/31/2024,3 Series,2024,Asia,Blue,Hybrid,Automatic,4.1,33240,124863,10079,High
12/31/2017,M5,2017,Africa,Black,Diesel,Manual,2.2,54897,106459,527,Low
12/31/2010,5 Series,2010,Europe,Grey,Diesel,Automatic,4.8,176591,47801,6260,High
12/31/2024,X3,2024,Asia,Silver,Diesel,Automatic,3.3,41678,112898,9856,High
12/31/2012,M3,2012,Middle East,Grey,Petrol,Manual,1.8,145350,49451,1766,Low
12/31/2016,X5,2016,North America,Grey,Petrol,Manual,2.9,92875,81208,6094,High
12/31/2022,X5,2022,North America,Blue,Diesel,Automatic,3.6,142687,100232,15000,High
12/31/2018,X5,2018,Africa,Blue,Hybrid,Automatic,2.7,171714,77852,3794,Low
12/31/2017,3 Series,2017,South America,Silver,Petrol,Manual,3.9,41856,77489,5799,High
12/31/2017,3 Series,2017,North America,Black,Electric,Automatic,4.6,85815,94226,10119,High
12/31/2024,M3,2024,North America,White,Petrol,Manual,4.2,134954,118063,3582,Low
12/31/2018,X3,2018,Africa,White,Diesel,Automatic,3.7,101846,77745,4021,Low
12/31/2019,X3,2019,North America,Grey,Petrol,Manual,3.3,141474,70357,7838,High
12/31/2012,X3,2012,Asia,Grey,Electric,Manual,2.4,143680,48394,7459,High
12/31/2017,i3,2017,Europe,Grey,Diesel,Manual,3.1,125675,57848,4572,Low
12/31/2010,7 Series,2010,Asia,Red,Diesel,Automatic,2.5,39851,80853,652,Low
12/31/2017,i3,2017,Africa,Silver,Hybrid,Automatic,4.8,90105,87226,2531,Low
12/31/2022,3 Series,2022,Asia,Red,Petrol,Automatic,4.7,8399,117625,10523,High
12/31/2016,5 Series,2016,South America,Blue,Petrol,Automatic,2,85476,71636,4115,Low
12/31/2022,X6,2022,Africa,Blue,Petrol,Automatic,4.4,29218,134988,2036,Low
12/31/2024,7 Series,2024,Africa,White,Hybrid,Automatic,4,1600,172185,988,Low
12/31/2017,3 Series,2017,South America,Grey,Petrol,Manual,4.9,77473,81780,1352,Low
12/31/2010,3 Series,2010,Africa,Silver,Diesel,Manual,3.1,22297,45402,4849,Low
12/31/2015,M5,2015,Asia,Silver,Hybrid,Automatic,4,75789,131484,928,Low
12/31/2016,5 Series,2016,Africa,Blue,Petrol,Manual,3.3,86871,73845,3658,Low
12/31/2023,M5,2023,Asia,Red,Hybrid,Manual,1.7,173602,121922,2546,Low
12/31/2020,M3,2020,Europe,Silver,Electric,Automatic,1.7,161216,97095,3594,Low
12/31/2014,M3,2014,Africa,Silver,Petrol,Manual,1.9,170229,48776,1358,Low
12/31/2023,X3,2023,Europe,Grey,Petrol,Manual,2.5,30223,106196,7722,High
12/31/2014,X5,2014,Europe,Silver,Petrol,Manual,2.4,16956,103574,4558,Low
12/31/2016,X6,2016,North America,Red,Diesel,Manual,4,53613,95221,4125,Low
12/31/2024,7 Series,2024,Africa,White,Hybrid,Automatic,4,2551,167988,1019,Low
12/31/2020,M3,2020,Asia,Grey,Petrol,Automatic,4.9,140134,108460,3163,Low
12/31/2024,X5,2024,South America,Silver,Petrol,Manual,2.6,23060,119124,4210,Low
12/31/2012,7 Series,2012,South America,Silver,Electric,Manual,4.8,197591,90274,50,Low
12/31/2015,i3,2015,South America,Blue,Diesel,Manual,3.6,136217,50657,3361,Low
12/31/2016,X1,2016,Europe,Red,Electric,Manual,3.2,150702,60634,7815,High
12/31/2010,3 Series,2010,Europe,Black,Hybrid,Automatic,3.8,182061,36787,9581,High
12/31/2021,3 Series,2021,Asia,Black,Petrol,Manual,4,120307,81828,9952,High
12/31/2011,M3,2011,Middle East,White,Diesel,Automatic,2.1,126167,51227,1645,Low
12/31/2021,3 Series,2021,Africa,Black,Electric,Manual,4.1,139499,89619,6353,High
12/31/2013,i8,2013,Middle East,Grey,Electric,Manual,4,168795,136856,50,Low
12/31/2022,X1,2022,South America,Red,Petrol,Manual,5,35091,104290,5607,High
12/31/2017,X5,2017,Europe,Silver,Petrol,Manual,4.7,153468,81113,4902,Low
12/31/2020,X1,2020,Middle East,Grey,Hybrid,Manual,3.9,164454,73951,6533,High
12/31/2022,X1,2022,North America,Black,Electric,Automatic,4,59860,115266,7962,High
12/31/2023,M3,2023,Europe,Grey,Hybrid,Automatic,4.8,3313,146298,3098,Low
12/31/2019,i3,2019,Europe,Black,Diesel,Automatic,4.9,121853,85968,5465,High
12/31/2015,X5,2015,North America,Silver,Petrol,Automatic,4.4,16273,46803,5867,High
12/31/2010,5 Series,2010,Europe,Black,Petrol,Automatic,4.2,125603,53082,5592,High
12/31/2019,M3,2019,Asia,Grey,Hybrid,Manual,1.9,58256,104443,3279,Low
12/31/2014,X3,2014,North America,Grey,Hybrid,Manual,4.4,186666,57824,7822,High
12/31/2016,M5,2016,South America,Black,Electric,Automatic,2.4,4677,135766,154,Low
12/31/2024,7 Series,2024,Europe,Red,Electric,Manual,3.5,163234,147162,1858,Low
12/31/2022,5 Series,2022,North America,Red,Petrol,Automatic,2.9,152807,90598,7022,High
12/31/2015,X5,2015,Asia,Silver,Hybrid,Manual,2.7,134583,74963,5779,High
12/31/2022,X3,2022,South America,Black,Electric,Manual,2.6,117717,97508,6466,High
12/31/2022,X1,2022,South America,Silver,Diesel,Automatic,4.5,130399,84971,4404,Low
12/31/2021,M5,2021,Africa,Red,Petrol,Automatic,4.2,114953,138267,691,Low
12/31/2018,i3,2018,Asia,Silver,Hybrid,Automatic,3.3,97605,85133,4927,Low
12/31/2017,M5,2017,North America,Silver,Petrol,Manual,3.8,192837,108345,1669,Low
12/31/2024,X6,2024,North America,White,Petrol,Automatic,4.9,118304,135918,4423,Low
12/31/2013,M3,2013,South America,White,Diesel,Automatic,2.9,82767,69788,1113,Low
12/31/2022,i3,2022,South America,Blue,Diesel,Automatic,3.4,155431,75857,3595,Low
12/31/2020,M3,2020,Africa,Grey,Electric,Manual,3.4,193176,89829,2197,Low
12/31/2021,X6,2021,North America,Red,Electric,Manual,4.8,107226,133409,4408,Low
12/31/2014,X5,2014,Europe,Black,Petrol,Manual,2.7,105261,67433,5385,High
12/31/2016,M5,2016,South America,Red,Diesel,Automatic,5,910,141526,71,Low
12/31/2017,i3,2017,North America,Red,Hybrid,Manual,2.6,46055,80060,4917,Low
12/31/2014,X3,2014,Europe,Grey,Electric,Automatic,1.9,38729,78951,7332,High
12/31/2018,5 Series,2018,Middle East,Grey,Hybrid,Automatic,2.2,110053,85982,4756,Low
12/31/2023,M3,2023,Middle East,Red,Diesel,Automatic,3,40446,122052,2204,Low
12/31/2019,X3,2019,Asia,Silver,Petrol,Automatic,3.8,158938,72929,9880,High
12/31/2021,M5,2021,South America,Grey,Diesel,Manual,3.3,37008,141176,700,Low
12/31/2013,X3,2013,Europe,Silver,Petrol,Manual,2.8,89685,50140,8617,High
12/31/2013,X6,2013,Europe,Grey,Hybrid,Automatic,3.5,149517,81368,3547,Low
12/31/2022,5 Series,2022,South America,Black,Hybrid,Manual,4.4,139888,107345,4366,Low
12/31/2017,M5,2017,Africa,Red,Hybrid,Manual,4.4,137962,121176,298,Low
12/31/2010,i3,2010,South America,Silver,Electric,Manual,4,4507,73667,1847,Low
12/31/2017,M5,2017,South America,Grey,Electric,Manual,4.8,5880,157624,50,Low
12/31/2014,X6,2014,Europe,Silver,Petrol,Manual,3.6,29685,96198,3185,Low
12/31/2022,X3,2022,Middle East,Blue,Petrol,Automatic,1.5,79943,88141,6114,High
12/31/2023,i8,2023,Middle East,White,Petrol,Manual,2.5,94087,155695,196,Low
12/31/2020,5 Series,2020,Africa,Grey,Petrol,Manual,2.6,87836,84518,4226,Low
12/31/2010,M5,2010,Asia,Grey,Diesel,Automatic,3.4,179496,73309,1212,Low
12/31/2013,X6,2013,Asia,Grey,Diesel,Automatic,4.7,39989,91315,3627,Low
12/31/2011,X6,2011,Europe,Red,Diesel,Manual,4.4,7368,91797,2839,Low
12/31/2013,X1,2013,South America,White,Petrol,Automatic,2.3,41347,48678,4686,Low
12/31/2017,M3,2017,Asia,White,Diesel,Automatic,3.3,136916,85121,2622,Low
12/31/2014,M5,2014,North America,White,Petrol,Automatic,3.8,29560,125620,783,Low
12/31/2010,X5,2010,North America,Red,Petrol,Automatic,5,163688,57647,5025,High
12/31/2016,i8,2016,South America,Black,Hybrid,Automatic,1.6,142015,117725,50,Low
12/31/2010,X5,2010,Europe,Black,Electric,Manual,3.1,110137,65237,5582,High
12/31/2018,7 Series,2018,South America,Black,Electric,Automatic,5,18472,151065,482,Low
12/31/2012,5 Series,2012,Middle East,Black,Petrol,Manual,4.9,102905,70888,4206,Low
12/31/2021,X1,2021,South America,Red,Electric,Automatic,2.7,142888,84266,5353,High
12/31/2012,X1,2012,Middle East,White,Electric,Manual,1.5,60901,50332,4747,Low
12/31/2024,i8,2024,North America,Black,Diesel,Automatic,3.6,163002,162073,600,Low
12/31/2024,M3,2024,South America,Red,Electric,Manual,4.5,180418,119676,3045,Low
12/31/2015,7 Series,2015,Europe,Black,Hybrid,Manual,2.6,77578,110520,935,Low
12/31/2019,i3,2019,North America,Blue,Hybrid,Manual,4.8,21755,111137,5434,High
12/31/2015,7 Series,2015,South America,Blue,Petrol,Automatic,2.7,191603,78615,560,Low
12/31/2022,X1,2022,South America,White,Hybrid,Manual,3.6,102274,90362,5471,High
12/31/2020,5 Series,2020,Middle East,Silver,Petrol,Automatic,4,28872,113409,4185,Low
12/31/2020,M3,2020,Asia,Red,Petrol,Automatic,2.7,27871,112774,3220,Low
12/31/2015,5 Series,2015,North America,Silver,Electric,Manual,2.7,95725,85389,7037,High
12/31/2022,X5,2022,Africa,Black,Diesel,Manual,3.1,171081,82134,4115,Low
12/31/2010,X5,2010,South America,Silver,Hybrid,Automatic,4.4,196080,54213,2798,Low
12/31/2014,3 Series,2014,South America,White,Hybrid,Manual,1.9,110219,48108,5470,High
12/31/2021,M5,2021,North America,Grey,Diesel,Automatic,3.7,88235,138348,1752,Low
12/31/2015,i8,2015,Asia,Black,Diesel,Automatic,3.9,52221,137913,50,Low
12/31/2017,X1,2017,Europe,Blue,Diesel,Automatic,3.5,137655,55577,7336,High
12/31/2022,3 Series,2022,Europe,Grey,Electric,Automatic,4.8,38076,129329,8927,High
12/31/2010,i8,2010,Africa,Red,Petrol,Manual,3.6,119720,98411,50,Low
12/31/2014,5 Series,2014,South America,Black,Diesel,Automatic,3.7,175755,51560,3811,Low
12/31/2012,X1,2012,Middle East,Blue,Hybrid,Manual,3.6,131592,47714,4813,Low
12/31/2011,i8,2011,Europe,Red,Hybrid,Automatic,4,122136,121421,50,Low
12/31/2020,X3,2020,Africa,Silver,Hybrid,Automatic,2,161738,73065,4898,Low
12/31/2017,i3,2017,Africa,Red,Petrol,Automatic,4.6,129288,68986,3028,Low
12/31/2016,3 Series,2016,Middle East,Blue,Petrol,Automatic,1.6,16620,70632,7234,High
12/31/2019,i8,2019,Africa,Black,Electric,Manual,3.7,4972,163904,50,Low
12/31/2016,3 Series,2016,Africa,Black,Diesel,Manual,3.7,3212,73936,4160,Low
12/31/2014,M5,2014,Europe,White,Petrol,Manual,2.2,106118,89860,1460,Low
12/31/2021,3 Series,2021,Middle East,Blue,Electric,Automatic,1.6,34443,102287,7160,High
12/31/2022,X5,2022,Asia,White,Petrol,Manual,2,160680,87620,6787,High
12/31/2018,3 Series,2018,Asia,Blue,Electric,Automatic,2.5,92442,80863,9038,High
12/31/2014,7 Series,2014,South America,Grey,Electric,Manual,4.6,63,135430,50,Low
12/31/2011,3 Series,2011,Asia,Blue,Petrol,Automatic,4.5,151863,45442,9658,High
12/31/2012,X3,2012,North America,Blue,Petrol,Manual,1.7,184075,25000,8268,High
12/31/2013,3 Series,2013,Middle East,Silver,Diesel,Automatic,2.5,104003,43717,7039,High
12/31/2024,7 Series,2024,North America,Red,Petrol,Manual,4.6,94483,145651,1764,Low
12/31/2014,M3,2014,Africa,Silver,Hybrid,Manual,2.3,141219,68909,1187,Low
12/31/2022,i3,2022,Asia,Blue,Electric,Automatic,5,199618,96349,6183,High
12/31/2012,3 Series,2012,Africa,Silver,Petrol,Automatic,2.4,141424,33219,5472,High
12/31/2021,M5,2021,Middle East,White,Hybrid,Automatic,4.1,130245,148178,1429,Low
12/31/2023,X3,2023,Asia,White,Hybrid,Manual,3,26692,152603,9017,High
12/31/2016,X1,2016,Asia,Grey,Electric,Manual,2,142910,52543,8029,High
12/31/2014,M3,2014,South America,Blue,Diesel,Manual,2.4,194218,45927,1770,Low
12/31/2014,M5,2014,South America,Grey,Hybrid,Manual,3.9,141666,100553,424,Low
12/31/2015,M5,2015,Africa,Black,Petrol,Automatic,2.7,125067,99689,344,Low
12/31/2016,M5,2016,South America,Grey,Diesel,Manual,3.6,3894,53095,3677,Low
12/31/2019,X3,2019,Asia,Black,Petrol,Automatic,2.2,64357,77495,9908,High
12/31/2019,7 Series,2019,Europe,Grey,Hybrid,Automatic,3.1,197166,110174,2069,Low
12/31/2017,X1,2017,South America,Grey,Hybrid,Automatic,3.3,104915,72890,4186,Low
12/31/2018,5 Series,2018,Africa,Silver,Diesel,Manual,2.9,37215,87626,3504,Low
12/31/2020,M3,2020,North America,Grey,Electric,Manual,2.2,131778,99281,3699,Low
12/31/2013,X3,2013,North America,Silver,Petrol,Manual,3.1,117101,51291,9036,High
12/31/2014,i8,2014,Africa,Grey,Hybrid,Automatic,3.9,189885,120461,50,Low
12/31/2024,7 Series,2024,Asia,Silver,Electric,Manual,4.9,57718,168109,2239,Low
12/31/2014,i3,2014,North America,Grey,Diesel,Automatic,4.3,185590,45518,4814,Low
12/31/2017,X1,2017,Europe,Grey,Electric,Automatic,2.1,64062,75263,7913,High
12/31/2018,5 Series,2018,Europe,Grey,Hybrid,Automatic,2.5,182784,72334,8243,High
12/31/2016,i3,2016,North America,Silver,Diesel,Automatic,1.8,60288,62416,4696,Low
12/31/2024,7 Series,2024,Europe,Red,Hybrid,Automatic,2,154177,126315,2117,Low
12/31/2014,3 Series,2014,North America,White,Electric,Manual,2.4,168041,51852,10184,High
12/31/2012,X3,2012,Europe,Black,Hybrid,Automatic,2.2,191593,35799,7730,High
12/31/2010,i3,2010,Africa,Grey,Electric,Automatic,2.2,88556,46138,1700,Low
12/31/2020,5 Series,2020,Africa,Grey,Electric,Manual,2.3,109505,92900,4413,Low
12/31/2018,X1,2018,Middle East,White,Petrol,Automatic,2.6,97239,66124,6069,High
12/31/2014,5 Series,2014,South America,Grey,Hybrid,Automatic,1.9,108869,64520,3454,Low
12/31/2018,7 Series,2018,Asia,Black,Electric,Manual,2.5,127039,119852,1726,Low
12/31/2019,X5,2019,South America,Red,Hybrid,Manual,3.9,142018,94450,4737,Low
12/31/2024,X5,2024,North America,White,Petrol,Manual,2.3,184909,93214,6258,High
12/31/2021,7 Series,2021,South America,Grey,Diesel,Manual,2.1,170014,100209,1264,Low
12/31/2022,X5,2022,South America,Grey,Electric,Automatic,1.7,92808,113417,4918,Low
12/31/2023,X1,2023,Africa,Grey,Electric,Automatic,3.2,186944,83976,5306,High
12/31/2013,i3,2013,Europe,Red,Diesel,Automatic,4.4,13413,76046,4615,Low
12/31/2014,M3,2014,Europe,Black,Petrol,Manual,1.7,94902,62042,2809,Low
12/31/2013,5 Series,2013,Africa,Silver,Electric,Manual,3.4,98286,71199,2969,Low
12/31/2011,i8,2011,Europe,Silver,Hybrid,Manual,3.8,99612,127165,50,Low
12/31/2021,X1,2021,North America,Black,Petrol,Manual,3.6,190680,61145,9255,High
12/31/2010,X3,2010,Europe,Grey,Petrol,Manual,4.6,1062,69774,8374,High
12/31/2017,5 Series,2017,Europe,Blue,Diesel,Manual,4.5,185377,71351,6237,High
12/31/2013,M5,2013,Asia,Blue,Electric,Manual,1.7,179349,83990,1404,Low
12/31/2014,M5,2014,North America,Red,Hybrid,Automatic,2.8,49899,124729,791,Low
12/31/2015,X6,2015,Middle East,Blue,Diesel,Manual,3.8,136123,80823,2903,Low
12/31/2023,5 Series,2023,South America,Blue,Petrol,Automatic,4.8,120889,107763,5017,High
12/31/2017,i8,2017,Europe,Black,Petrol,Automatic,4.3,197595,129546,50,Low
12/31/2020,M5,2020,North America,White,Diesel,Manual,2.1,160830,104090,2062,Low
12/31/2017,i3,2017,Africa,Silver,Petrol,Manual,2.5,76986,59901,2454,Low
12/31/2016,X1,2016,Asia,Red,Petrol,Manual,4.2,131197,57704,7162,High
12/31/2013,X5,2013,Middle East,Black,Electric,Automatic,3.2,48133,98478,3085,Low
12/31/2015,i3,2015,Middle East,Red,Petrol,Automatic,3.4,51747,75068,3433,Low
12/31/2013,X5,2013,North America,White,Electric,Automatic,3.6,17183,99957,4916,Low
12/31/2024,i8,2024,Europe,Blue,Diesel,Manual,1.9,12524,172333,330,Low
12/31/2023,M5,2023,South America,Blue,Petrol,Manual,4.5,20282,165907,716,Low
12/31/2016,7 Series,2016,North America,Red,Hybrid,Automatic,4.5,153078,117100,833,Low
12/31/2021,M3,2021,Middle East,Silver,Hybrid,Automatic,3.1,20185,129838,2215,Low
12/31/2022,X3,2022,North America,Silver,Hybrid,Manual,3.7,99765,108734,10216,High
12/31/2021,X5,2021,North America,Black,Hybrid,Automatic,3.8,120901,108939,7066,High
12/31/2024,M3,2024,North America,Blue,Electric,Manual,2.2,147489,117968,4415,Low
12/31/2022,M5,2022,North America,White,Petrol,Automatic,1.9,20138,141868,1824,Low
12/31/2022,5 Series,2022,Africa,Red,Hybrid,Automatic,1.6,145969,86790,5401,High
12/31/2020,X3,2020,Europe,Red,Electric,Manual,4.7,30981,116132,9544,High
12/31/2023,M3,2023,North America,Silver,Electric,Automatic,2.7,95623,128831,4107,Low
12/31/2010,M5,2010,Asia,Blue,Petrol,Manual,1.8,152903,65815,1261,Low
12/31/2014,X5,2014,Asia,Black,Petrol,Automatic,3.1,175769,62447,6595,High
12/31/2024,3 Series,2024,North America,Red,Electric,Manual,1.8,168085,85325,11349,High
12/31/2023,i8,2023,South America,Red,Electric,Manual,1.8,2156,168891,352,Low
12/31/2019,X1,2019,Asia,Silver,Hybrid,Automatic,3.2,15887,92070,9165,High
12/31/2021,5 Series,2021,South America,White,Electric,Automatic,3.3,35785,117162,4588,Low
12/31/2024,X3,2024,Europe,Red,Hybrid,Manual,3.5,17040,122163,9755,High
12/31/2019,i3,2019,Africa,White,Diesel,Manual,3.8,76268,73987,3145,Low
12/31/2024,M5,2024,Europe,Grey,Petrol,Automatic,3.8,148807,142319,2066,Low
12/31/2013,X6,2013,North America,Silver,Petrol,Automatic,3,102513,79383,3878,Low
12/31/2020,i8,2020,Middle East,Blue,Diesel,Automatic,3.8,66387,169590,50,Low
12/31/2016,X3,2016,North America,White,Hybrid,Manual,2.6,179124,60283,9224,High
12/31/2022,3 Series,2022,Asia,Grey,Electric,Manual,3,57451,110864,10042,High
12/31/2018,X5,2018,Europe,Black,Hybrid,Automatic,2.9,161851,86642,6296,High
12/31/2014,3 Series,2014,Asia,Blue,Diesel,Automatic,2.7,173437,37639,10931,High
12/31/2013,X3,2013,Europe,White,Petrol,Automatic,2.3,53141,59213,7012,High
12/31/2024,X6,2024,Africa,Red,Petrol,Manual,1.8,70506,115266,2635,Low
12/31/2018,i3,2018,Africa,Red,Diesel,Automatic,3.3,125170,84498,2433,Low
12/31/2014,M3,2014,Asia,Grey,Hybrid,Manual,3.4,184988,70597,2895,Low
12/31/2018,X6,2018,Middle East,Silver,Petrol,Manual,2.7,85313,101691,2890,Low
12/31/2017,3 Series,2017,Africa,Blue,Diesel,Automatic,4.9,29783,91386,4965,Low
12/31/2013,7 Series,2013,Europe,Grey,Electric,Manual,3.4,83054,103548,707,Low
12/31/2020,3 Series,2020,South America,Blue,Petrol,Automatic,4.6,143895,78624,7014,High
12/31/2020,X6,2020,Africa,Blue,Hybrid,Manual,3.5,7938,128432,2125,Low
12/31/2016,i3,2016,Asia,Grey,Diesel,Manual,2.2,128905,45682,5166,High
12/31/2014,3 Series,2014,Middle East,Grey,Electric,Manual,4.9,136487,72866,7002,High
12/31/2019,X6,2019,South America,Blue,Diesel,Manual,4.6,123674,100934,2739,Low
12/31/2013,M3,2013,Europe,Red,Diesel,Manual,3.1,77245,70666,2504,Low
12/31/2014,X5,2014,Europe,Grey,Petrol,Automatic,2.4,32261,81946,5765,High
12/31/2014,i8,2014,Europe,Black,Electric,Automatic,2.3,28837,150089,50,Low
12/31/2020,M3,2020,North America,Black,Electric,Automatic,4.3,197021,110968,3270,Low
12/31/2024,X5,2024,Africa,Grey,Electric,Manual,1.7,180616,94229,3926,Low
12/31/2018,M3,2018,Africa,Black,Hybrid,Manual,3.7,187680,85168,1813,Low
12/31/2021,i8,2021,Middle East,Blue,Hybrid,Automatic,3.7,165782,166872,206,Low
12/31/2018,5 Series,2018,Asia,White,Petrol,Manual,2.1,174325,62556,6940,High
12/31/2015,X3,2015,Europe,Silver,Petrol,Manual,4,65300,72069,7888,High
12/31/2023,M5,2023,Asia,Silver,Diesel,Manual,4,134770,135148,2209,Low
12/31/2013,M3,2013,North America,Grey,Electric,Automatic,2.7,126528,83405,2129,Low
12/31/2024,M3,2024,Europe,Black,Petrol,Manual,3.2,47847,125224,3253,Low
12/31/2011,M3,2011,Asia,Grey,Diesel,Manual,4.4,64075,74639,2481,Low
12/31/2023,X6,2023,Africa,Silver,Hybrid,Automatic,3.3,115874,123792,2943,Low
12/31/2012,5 Series,2012,Africa,Grey,Hybrid,Manual,3.7,193174,50728,3496,Low
12/31/2011,i8,2011,South America,Blue,Diesel,Automatic,2.9,82805,110528,50,Low
12/31/2014,X1,2014,Asia,Black,Petrol,Automatic,2,74337,46124,6944,High
12/31/2015,X1,2015,Africa,Blue,Hybrid,Manual,5,73825,73432,3345,Low
12/31/2020,X3,2020,Middle East,Grey,Hybrid,Automatic,3.4,21599,108636,6832,High
12/31/2014,X3,2014,Europe,Grey,Hybrid,Manual,2.7,108178,28255,7431,High
12/31/2011,M5,2011,Middle East,Grey,Petrol,Manual,4,22737,110811,50,Low
12/31/2021,X5,2021,Europe,Black,Electric,Manual,3.7,67324,121491,5971,High
12/31/2014,X1,2014,South America,Blue,Petrol,Automatic,2.3,27133,55513,4546,Low
12/31/2018,M5,2018,Africa,Silver,Electric,Automatic,4.6,195271,127569,827,Low
12/31/2013,7 Series,2013,Europe,White,Electric,Automatic,1.7,5346,115562,393,Low
12/31/2021,X5,2021,Africa,Silver,Diesel,Manual,3.6,174511,79822,4083,Low
12/31/2019,M3,2019,Asia,Grey,Hybrid,Automatic,3.2,111472,106023,3420,Low
12/31/2011,X3,2011,South America,Black,Hybrid,Automatic,2.6,119920,48187,5311,High
12/31/2012,i8,2012,South America,Blue,Petrol,Manual,4.4,128688,107573,50,Low
12/31/2012,X3,2012,South America,Silver,Hybrid,Manual,3.8,105371,59773,4712,Low
12/31/2018,X3,2018,Middle East,Red,Hybrid,Automatic,4.2,165603,82940,6674,High
12/31/2013,X3,2013,Europe,White,Petrol,Automatic,3,51045,63681,6770,High
12/31/2024,3 Series,2024,South America,Grey,Electric,Manual,4.8,143354,115338,6684,High
12/31/2010,X1,2010,Europe,Red,Petrol,Manual,2.7,41013,36105,6824,High
12/31/2010,3 Series,2010,Middle East,White,Hybrid,Automatic,3.4,153323,43507,5649,High
12/31/2024,i8,2024,Africa,White,Electric,Manual,4.8,13299,200000,50,Low
12/31/2016,3 Series,2016,North America,Red,Diesel,Automatic,1.8,85734,52892,8937,High
12/31/2016,X5,2016,Africa,Grey,Diesel,Automatic,1.9,25848,82509,3217,Low
12/31/2011,M5,2011,Middle East,Blue,Electric,Automatic,5,35588,130200,50,Low
12/31/2018,M5,2018,Middle East,Silver,Diesel,Manual,4.9,127013,128646,732,Low
12/31/2018,5 Series,2018,North America,Black,Petrol,Automatic,4.2,80560,93419,7581,High
12/31/2014,X3,2014,Middle East,White,Diesel,Automatic,3.2,46414,69669,5122,High
12/31/2024,X6,2024,Middle East,Grey,Electric,Automatic,3.3,8643,155295,3279,Low
12/31/2024,i3,2024,Asia,Black,Diesel,Automatic,2.4,194870,70619,6792,High
12/31/2012,X5,2012,Europe,Grey,Petrol,Automatic,3,115941,63080,4614,Low
12/31/2012,i3,2012,Middle East,Grey,Electric,Automatic,3,120222,56830,2570,Low
12/31/2021,i3,2021,Middle East,Grey,Hybrid,Automatic,1.6,36673,99407,4258,Low
12/31/2012,X6,2012,South America,Silver,Petrol,Automatic,3.1,76358,72456,2141,Low
12/31/2015,i3,2015,North America,Black,Hybrid,Automatic,3.2,15741,82840,4446,Low
12/31/2013,i3,2013,North America,Black,Petrol,Automatic,3.8,98588,57347,4410,Low
12/31/2017,X6,2017,Africa,Red,Petrol,Automatic,3.3,93725,90378,2027,Low
12/31/2024,X5,2024,South America,Silver,Electric,Manual,4.5,170194,115404,5229,High
12/31/2022,X6,2022,Europe,Red,Electric,Manual,2.8,116208,117914,4575,Low
12/31/2020,i8,2020,Europe,White,Hybrid,Automatic,2.9,2979,171500,266,Low
12/31/2022,X5,2022,Europe,Red,Hybrid,Automatic,3.5,31156,131809,6435,High
12/31/2020,7 Series,2020,Asia,Black,Hybrid,Automatic,2.2,45496,133174,2012,Low
12/31/2020,X5,2020,Middle East,Blue,Petrol,Manual,2.9,93314,99435,3682,Low
12/31/2014,M3,2014,Europe,Grey,Diesel,Manual,3.9,78365,81753,2670,Low
12/31/2010,i3,2010,Asia,White,Electric,Automatic,2.9,2916,68902,3997,Low
12/31/2018,3 Series,2018,Asia,White,Electric,Automatic,4.7,4111,119646,8999,High
12/31/2010,X6,2010,Asia,Red,Electric,Automatic,3.7,77298,88862,2801,Low
12/31/2015,M5,2015,Africa,Black,Hybrid,Automatic,2,193326,84958,673,Low
12/31/2010,7 Series,2010,North America,Red,Petrol,Automatic,3.2,111004,81463,547,Low
12/31/2012,X6,2012,South America,Silver,Diesel,Automatic,4.2,98970,71848,2111,Low
12/31/2024,X3,2024,Middle East,Grey,Petrol,Manual,3.8,163500,97361,5924,High
12/31/2019,5 Series,2019,Asia,Black,Hybrid,Manual,4.6,55653,163538,6197,High
12/31/2014,i3,2014,Middle East,Blue,Diesel,Manual,4.1,153278,51337,3604,Low
12/31/2024,i3,2024,South America,Blue,Electric,Automatic,1.7,157201,89241,4587,Low
12/31/2019,i3,2019,Asia,Red,Hybrid,Manual,1.9,76839,80404,5024,High
12/31/2016,5 Series,2016,Africa,Blue,Petrol,Automatic,3.8,123716,73507,3556,Low
12/31/2023,X1,2023,Africa,Black,Diesel,Manual,2.3,178313,59487,5008,High
12/31/2019,X5,2019,North America,Black,Diesel,Automatic,3.6,135253,88996,6961,High
12/31/2017,i8,2017,North America,Red,Electric,Automatic,4.3,136936,161959,50,Low
12/31/2021,M3,2021,Europe,White,Electric,Automatic,3.5,64056,127338,3291,Low
12/31/2018,5 Series,2018,North America,Black,Hybrid,Manual,3,191968,77508,8263,High
12/31/2015,i8,2015,North America,White,Hybrid,Manual,3.8,139403,138226,50,Low
12/31/2024,M5,2024,Asia,Black,Petrol,Automatic,2,83664,140374,1960,Low
12/31/2020,M3,2020,Asia,Blue,Diesel,Automatic,4,77371,112524,2945,Low
12/31/2018,M3,2018,Africa,White,Hybrid,Automatic,3.9,33121,113695,1747,Low
12/31/2017,X5,2017,South America,Red,Hybrid,Manual,3.3,169144,42115,4436,Low
12/31/2018,3 Series,2018,Middle East,Silver,Petrol,Manual,2.5,15540,86482,6175,High
12/31/2019,X6,2019,Asia,White,Petrol,Manual,4.3,46606,112500,4559,Low
12/31/2013,X1,2013,Europe,Black,Hybrid,Automatic,3.3,194760,40009,8065,High
12/31/2018,X5,2018,Middle East,Silver,Petrol,Automatic,1.7,89999,80716,4533,Low
12/31/2024,i3,2024,Europe,Grey,Electric,Automatic,4.7,17479,133182,6242,High
12/31/2016,i8,2016,Middle East,Silver,Hybrid,Manual,4.2,132029,200000,50,Low
12/31/2014,i8,2014,Africa,Red,Hybrid,Automatic,3.5,177878,118154,50,Low
12/31/2014,5 Series,2014,North America,Blue,Electric,Automatic,3,111595,82729,7105,High
12/31/2010,M5,2010,Middle East,Blue,Diesel,Automatic,4.9,63110,107132,50,Low
12/31/2011,M5,2011,South America,White,Petrol,Automatic,4.2,87134,99389,50,Low
12/31/2019,i8,2019,Europe,Black,Electric,Manual,3.4,61385,173345,96,Low
12/31/2012,M5,2012,South America,Black,Petrol,Manual,3.8,125582,86667,309,Low
12/31/2023,X1,2023,Middle East,Grey,Petrol,Manual,2.5,168454,67986,6277,High
12/31/2023,X1,2023,Asia,Silver,Hybrid,Automatic,2.2,67817,92146,8236,High
12/31/2017,X6,2017,Asia,Blue,Diesel,Manual,2.5,91384,87809,3982,Low
12/31/2015,3 Series,2015,North America,Black,Electric,Automatic,2.5,102452,72765,9329,High
12/31/2021,3 Series,2021,Asia,White,Hybrid,Automatic,4.1,24725,118389,9660,High
12/31/2019,i8,2019,Europe,Red,Electric,Automatic,2,133478,139738,568,Low
12/31/2020,5 Series,2020,Middle East,Red,Petrol,Manual,4.2,80980,100105,5098,High
12/31/2022,M3,2022,Asia,Blue,Hybrid,Manual,3.3,182676,105373,4280,Low
12/31/2024,X6,2024,Asia,Black,Petrol,Automatic,2.8,49497,131971,4544,Low
12/31/2023,M5,2023,Europe,Black,Petrol,Automatic,2.6,113653,133074,1932,Low
12/31/2014,3 Series,2014,Middle East,Blue,Electric,Manual,3.3,9545,85288,5813,High
12/31/2022,3 Series,2022,Europe,Red,Electric,Manual,2.6,69976,97687,8682,High
12/31/2010,X6,2010,North America,Black,Diesel,Manual,3,13757,77351,3501,Low
12/31/2021,5 Series,2021,Asia,Silver,Diesel,Manual,4.1,75315,102188,7965,High
12/31/2020,M3,2020,North America,Red,Petrol,Automatic,3.7,87631,113399,2647,Low
12/31/2021,5 Series,2021,Europe,White,Petrol,Manual,4.1,94948,102185,7234,High
12/31/2018,X3,2018,South America,Red,Electric,Automatic,4,168131,83993,6521,High
12/31/2012,X6,2012,Middle East,Black,Diesel,Manual,4.4,111356,73046,1975,Low
12/31/2012,3 Series,2012,North America,Black,Hybrid,Manual,2.2,176123,32899,8827,High
12/31/2011,M3,2011,Europe,Silver,Diesel,Automatic,5,147985,64802,2253,Low
12/31/2013,i8,2013,South America,White,Electric,Automatic,3.2,163876,119038,50,Low
12/31/2021,i3,2021,Europe,White,Hybrid,Manual,4,21066,116638,5620,High
12/31/2011,X6,2011,North America,White,Petrol,Manual,3.9,23500,88493,3696,Low
12/31/2022,X3,2022,North America,Red,Diesel,Automatic,3.5,120069,88829,10319,High
12/31/2018,7 Series,2018,North America,Blue,Diesel,Automatic,5,36896,142935,729,Low
12/31/2021,X5,2021,Africa,Blue,Hybrid,Automatic,2.3,65428,112984,4099,Low
12/31/2019,M5,2019,North America,Black,Electric,Automatic,3,83550,149818,1584,Low
12/31/2016,X5,2016,Middle East,White,Hybrid,Manual,1.9,143491,78367,3707,Low
12/31/2017,i3,2017,South America,Red,Petrol,Manual,2.1,54487,63856,8110,High
12/31/2012,X6,2012,North America,Red,Hybrid,Automatic,4,155082,76562,3766,Low
12/31/2015,M5,2015,Europe,Black,Electric,Manual,1.5,152791,93510,1422,Low
12/31/2024,7 Series,2024,Europe,Grey,Petrol,Automatic,4.6,70027,154607,1364,Low
12/31/2019,X5,2019,North America,Blue,Hybrid,Automatic,3.7,78525,108896,6791,High
12/31/2015,M5,2015,South America,Grey,Hybrid,Manual,3,55966,117275,298,Low
12/31/2022,7 Series,2022,Middle East,Grey,Hybrid,Manual,2.7,64707,150062,1196,Low
12/31/2010,i3,2010,Africa,Grey,Petrol,Manual,1.9,130407,25000,5243,High
12/31/2015,X3,2015,Africa,Red,Hybrid,Manual,4.7,1835,99670,3357,Low
12/31/2022,7 Series,2022,Middle East,Black,Petrol,Automatic,4,169235,126653,1022,Low
12/31/2023,7 Series,2023,Asia,Blue,Diesel,Automatic,2.7,182789,115169,1814,Low
12/31/2012,X5,2012,Asia,Black,Hybrid,Automatic,1.7,10540,80004,5972,High
12/31/2020,3 Series,2020,Europe,Silver,Hybrid,Manual,2.6,83652,88814,9842,High
12/31/2012,X3,2012,Africa,Blue,Petrol,Manual,2.1,16464,51632,3935,Low
12/31/2012,3 Series,2012,Europe,Red,Diesel,Manual,4.3,20586,64433,7520,High
12/31/2019,X1,2019,North America,White,Hybrid,Manual,4,125275,80771,9027,High
12/31/2020,M3,2020,North America,Black,Hybrid,Automatic,3.2,180665,97668,3574,Low
12/31/2024,M3,2024,Africa,White,Electric,Manual,4.6,86056,137286,2071,Low
12/31/2020,7 Series,2020,Middle East,Silver,Electric,Automatic,2.1,81699,138432,1061,Low
12/31/2024,X3,2024,Asia,White,Electric,Manual,3.1,132017,103237,9110,High
12/31/2019,7 Series,2019,Europe,Red,Diesel,Manual,4,189282,101025,1638,Low
12/31/2020,i3,2020,North America,Black,Petrol,Automatic,1.7,184268,54580,5650,High
12/31/2017,X6,2017,South America,White,Hybrid,Automatic,2.8,128916,94699,2599,Low
12/31/2022,M3,2022,Middle East,Grey,Electric,Manual,3.5,113148,127375,2256,Low
12/31/2014,X5,2014,South America,Black,Diesel,Automatic,2.8,50350,73015,2962,Low
12/31/2013,X5,2013,Middle East,Silver,Electric,Automatic,3.2,108272,84723,3463,Low
12/31/2022,3 Series,2022,Africa,Blue,Hybrid,Manual,3.6,78963,102632,6077,High
12/31/2018,X6,2018,Europe,Blue,Electric,Manual,2.8,109011,104863,3805,Low
12/31/2018,3 Series,2018,Middle East,Red,Electric,Automatic,1.9,188063,65494,6645,High
12/31/2010,i8,2010,Middle East,White,Electric,Manual,2,94326,114396,50,Low
12/31/2011,X6,2011,Europe,Silver,Electric,Automatic,3.3,73349,91155,3243,Low
12/31/2017,i3,2017,Europe,White,Hybrid,Automatic,2.1,8781,88219,4588,Low
12/31/2014,i3,2014,Middle East,Silver,Petrol,Manual,4.6,188577,50958,2807,Low
12/31/2016,M3,2016,North America,White,Hybrid,Automatic,4.4,87971,105881,2363,Low
12/31/2010,3 Series,2010,Asia,Blue,Electric,Manual,2.7,90827,49144,9478,High
12/31/2021,M3,2021,Middle East,Red,Hybrid,Manual,4.4,127009,121968,2665,Low
12/31/2019,X1,2019,Asia,Silver,Electric,Manual,3.4,7595,99233,7571,High
12/31/2021,M3,2021,South America,Red,Electric,Manual,2.1,100642,110541,2034,Low
12/31/2014,7 Series,2014,North America,Grey,Hybrid,Manual,3.6,145338,102689,891,Low
12/31/2020,5 Series,2020,Africa,Blue,Diesel,Automatic,3.9,2794,107581,3324,Low
12/31/2021,X3,2021,Asia,Blue,Electric,Manual,1.8,66873,98142,10679,High
12/31/2012,i8,2012,North America,White,Electric,Manual,2.6,97269,130936,50,Low
12/31/2019,i3,2019,Middle East,Silver,Diesel,Automatic,1.5,152346,53315,3550,Low
12/31/2021,3 Series,2021,Africa,Black,Petrol,Manual,2.6,162728,64814,5156,High
12/31/2021,M3,2021,Africa,Red,Electric,Automatic,2.7,188445,100248,2482,Low
12/31/2023,X6,2023,South America,Silver,Hybrid,Manual,3.7,66976,126045,3227,Low
12/31/2011,7 Series,2011,North America,White,Hybrid,Manual,2.2,72419,90921,520,Low
12/31/2011,7 Series,2011,Middle East,Silver,Petrol,Manual,1.6,18783,88001,50,Low
12/31/2018,i3,2018,Africa,Black,Electric,Automatic,2.6,8653,100327,2594,Low
12/31/2022,M5,2022,South America,Blue,Electric,Automatic,4.4,19503,172719,901,Low
12/31/2013,5 Series,2013,North America,Blue,Diesel,Manual,2.9,26471,74138,6666,High
12/31/2013,5 Series,2013,Middle East,Grey,Petrol,Automatic,3,171820,51574,4086,Low
12/31/2016,5 Series,2016,Europe,Red,Hybrid,Automatic,3.1,109907,79526,6082,High
12/31/2019,X1,2019,Europe,White,Electric,Automatic,4.1,140798,83901,8951,High
12/31/2019,X3,2019,Middle East,White,Electric,Manual,3.2,169781,85574,5768,High
12/31/2022,3 Series,2022,Asia,White,Electric,Manual,1.8,55258,103043,10713,High
12/31/2011,7 Series,2011,North America,Red,Electric,Manual,2.2,70398,100114,431,Low
12/31/2012,X5,2012,Middle East,White,Electric,Automatic,2.2,69472,83456,2833,Low
12/31/2012,X5,2012,Asia,White,Hybrid,Automatic,3.3,93660,77772,5912,High
12/31/2015,i3,2015,South America,Grey,Hybrid,Automatic,1.6,196131,39790,2803,Low
12/31/2012,M5,2012,Africa,Red,Electric,Automatic,2.5,76678,102403,50,Low
12/31/2020,7 Series,2020,North America,Grey,Petrol,Manual,3.6,143128,111699,1840,Low
12/31/2014,X3,2014,Asia,Red,Petrol,Manual,2.7,177802,39776,10223,High
12/31/2013,X3,2013,South America,Silver,Electric,Manual,4,184066,53676,5350,High
12/31/2012,7 Series,2012,Asia,White,Electric,Manual,2.9,5828,118458,404,Low
12/31/2017,X5,2017,Africa,Black,Electric,Manual,4.9,137142,101757,2918,Low
12/31/2023,X5,2023,Africa,Blue,Electric,Automatic,4.9,28394,145939,455,Low
12/31/2019,M3,2019,South America,Silver,Diesel,Manual,4.3,26592,105895,1708,Low
12/31/2012,i8,2012,Africa,Black,Petrol,Manual,4.8,26923,133464,50,Low
12/31/2015,X1,2015,South America,White,Hybrid,Automatic,2.2,86856,58036,4657,Low
12/31/2022,X3,2022,Asia,White,Diesel,Automatic,4.1,46255,112218,9665,High
12/31/2024,X1,2024,Africa,Black,Diesel,Manual,2.6,51786,89058,4616,Low
12/31/2016,X3,2016,Middle East,Red,Petrol,Manual,4,60280,81134,6422,High
12/31/2016,i8,2016,Middle East,Grey,Hybrid,Automatic,2.8,139010,139253,50,Low
12/31/2011,5 Series,2011,North America,Red,Hybrid,Automatic,2.5,46663,74191,5302,High
12/31/2023,5 Series,2023,North America,Grey,Hybrid,Manual,4.9,19441,138638,8297,High
12/31/2012,7 Series,2012,South America,Blue,Petrol,Automatic,2.2,127331,74848,249,Low
12/31/2021,M5,2021,Middle East,Grey,Diesel,Automatic,4.2,58952,144360,885,Low
12/31/2019,5 Series,2019,North America,Grey,Petrol,Automatic,3.9,197219,78248,6809,High
12/31/2019,M5,2019,Middle East,Black,Petrol,Manual,2.6,16864,133651,842,Low
12/31/2024,i8,2024,Middle East,Blue,Hybrid,Automatic,3.1,171222,173858,611,Low
12/31/2013,7 Series,2013,North America,White,Hybrid,Manual,2,187434,80054,1105,Low
12/31/2016,X6,2016,Africa,White,Diesel,Automatic,4.7,71295,101090,1582,Low
12/31/2011,X3,2011,North America,Silver,Hybrid,Manual,4.9,91321,66626,8892,High
12/31/2012,X5,2012,Asia,Red,Petrol,Automatic,4.1,79288,78651,6015,High
12/31/2016,X6,2016,South America,Black,Electric,Manual,4.5,111465,108947,2193,Low
12/31/2016,X5,2016,Middle East,Black,Hybrid,Automatic,1.8,126712,78954,4321,Low
12/31/2024,i8,2024,South America,White,Diesel,Automatic,2.8,144881,154410,235,Low
12/31/2019,M5,2019,Europe,Red,Petrol,Manual,2.7,64527,127090,1657,Low
12/31/2012,5 Series,2012,North America,Silver,Diesel,Manual,3.5,107835,56946,5968,High
12/31/2021,M3,2021,Europe,Red,Petrol,Manual,2.1,47158,107012,2829,Low
12/31/2010,X6,2010,Africa,White,Diesel,Automatic,3.5,175175,48147,1763,Low
12/31/2021,M3,2021,South America,Black,Hybrid,Automatic,3.8,73002,127112,2126,Low
12/31/2012,X6,2012,South America,White,Petrol,Automatic,2,118826,55994,1814,Low
12/31/2014,X3,2014,Europe,Grey,Electric,Manual,2,87127,63976,7198,High
12/31/2016,X1,2016,Africa,Silver,Electric,Automatic,1.6,153052,49087,4608,Low
12/31/2013,3 Series,2013,Asia,Grey,Diesel,Manual,4.2,150508,46032,10325,High
12/31/2022,7 Series,2022,Asia,Red,Electric,Automatic,2.7,141497,135632,1865,Low
12/31/2022,5 Series,2022,Middle East,Black,Hybrid,Manual,2.3,101313,104652,4912,Low
12/31/2020,M3,2020,Africa,White,Electric,Automatic,4.2,101280,119869,1576,Low
12/31/2020,X1,2020,Africa,Blue,Hybrid,Manual,2,7369,85139,4622,Low
12/31/2024,i3,2024,Middle East,Red,Petrol,Manual,3,76239,103452,3988,Low
12/31/2010,X3,2010,Asia,White,Diesel,Automatic,4.1,40096,57249,7225,High
12/31/2015,3 Series,2015,North America,Black,Petrol,Automatic,3.5,46702,74393,8182,High
12/31/2011,X3,2011,South America,Black,Electric,Manual,3.4,4236,73645,4767,Low
12/31/2021,M3,2021,North America,Black,Electric,Automatic,2.1,182148,94489,3873,Low
12/31/2012,3 Series,2012,Europe,Black,Electric,Manual,2.1,46343,60392,8530,High
12/31/2013,i3,2013,North America,Blue,Hybrid,Manual,3.5,52138,68787,3924,Low
12/31/2015,i8,2015,Asia,White,Petrol,Automatic,1.6,148927,110807,50,Low
12/31/2015,M3,2015,North America,Silver,Diesel,Manual,4.5,104302,89422,2707,Low
12/31/2016,X6,2016,Africa,Silver,Petrol,Manual,2.7,64862,81170,2079,Low
12/31/2014,X6,2014,Africa,Red,Petrol,Manual,3,47864,80941,1891,Low
12/31/2016,i8,2016,North America,White,Electric,Automatic,2.4,191991,126600,50,Low
12/31/2011,i8,2011,South America,Red,Petrol,Automatic,4.6,39188,130630,50,Low
12/31/2010,X5,2010,Africa,Black,Hybrid,Manual,3.7,89398,67075,2155,Low
12/31/2021,X1,2021,North America,Blue,Electric,Manual,3.1,161260,82402,9442,High
12/31/2019,X3,2019,Europe,Red,Diesel,Manual,3.5,163786,68174,9140,High
12/31/2017,5 Series,2017,Africa,White,Hybrid,Manual,2.8,77886,88838,3792,Low
12/31/2010,X1,2010,North America,Blue,Petrol,Manual,3.1,195415,25000,7928,High
12/31/2021,X3,2021,Europe,Blue,Electric,Automatic,2.8,38747,142913,9112,High
12/31/2011,X3,2011,Middle East,White,Electric,Manual,2.9,148555,49308,4686,Low
12/31/2020,X3,2020,Asia,Grey,Petrol,Manual,2.6,188716,95803,8242,High
12/31/2021,X1,2021,Africa,Blue,Electric,Manual,1.8,67134,87920,4264,Low
12/31/2019,X3,2019,Middle East,Blue,Electric,Automatic,1.6,178092,71079,7766,High
12/31/2015,X6,2015,South America,Grey,Hybrid,Manual,2.1,53792,87746,1861,Low
12/31/2010,X5,2010,Africa,Black,Hybrid,Automatic,2.4,117518,56486,2506,Low
12/31/2019,5 Series,2019,Africa,White,Electric,Automatic,4.6,34459,123227,3923,Low
12/31/2012,5 Series,2012,Asia,Red,Diesel,Automatic,3.6,137146,53124,6045,High
12/31/2016,X6,2016,North America,Red,Hybrid,Manual,4.9,89371,113898,3448,Low
12/31/2021,7 Series,2021,North America,Red,Petrol,Manual,2.7,74791,128239,1666,Low
12/31/2017,M3,2017,Europe,Silver,Hybrid,Manual,2.9,48104,99005,2873,Low
12/31/2013,X1,2013,North America,Silver,Hybrid,Automatic,4,37195,74096,7107,High
12/31/2021,X5,2021,Middle East,Red,Diesel,Automatic,3.5,79702,105195,4635,Low
12/31/2012,X3,2012,Middle East,Blue,Diesel,Automatic,3.3,156573,40058,5432,High
12/31/2010,M5,2010,Middle East,Blue,Petrol,Manual,3.5,136535,86709,184,Low
12/31/2021,X1,2021,South America,Red,Electric,Automatic,3.5,94057,95447,5250,High
12/31/2018,X1,2018,South America,White,Petrol,Automatic,4.2,183820,57425,4597,Low
12/31/2019,X5,2019,South America,Red,Electric,Automatic,3.8,20563,120181,3874,Low
12/31/2015,X3,2015,South America,Silver,Diesel,Manual,4.9,151826,59736,5558,High
12/31/2015,i3,2015,North America,White,Hybrid,Manual,4.8,125887,73993,4215,Low
12/31/2018,i8,2018,Europe,Black,Petrol,Automatic,3,13187,156304,50,Low
12/31/2010,7 Series,2010,North America,Silver,Diesel,Automatic,1.6,8217,85556,551,Low
12/31/2015,i8,2015,Europe,Black,Electric,Manual,1.5,170257,113815,50,Low
12/31/2021,X1,2021,Middle East,Silver,Petrol,Manual,1.9,170154,58275,6763,High
12/31/2014,X3,2014,Europe,Blue,Hybrid,Manual,1.8,118206,83965,6718,High
12/31/2022,X6,2022,South America,Black,Hybrid,Manual,2.8,145191,111801,3181,Low
12/31/2020,7 Series,2020,Asia,White,Petrol,Automatic,1.7,13334,131977,1321,Low
12/31/2024,X1,2024,South America,Red,Hybrid,Manual,3.7,3402,117829,6005,High
12/31/2015,i3,2015,Africa,Silver,Petrol,Automatic,2.2,76602,56172,2755,Low
12/31/2023,3 Series,2023,Asia,Black,Electric,Manual,3.3,95621,111257,10823,High
12/31/2020,3 Series,2020,Europe,Red,Hybrid,Automatic,1.9,103658,78044,11369,High
12/31/2017,M5,2017,North America,White,Petrol,Automatic,4.4,27620,141836,1201,Low
12/31/2014,i8,2014,South America,Blue,Electric,Automatic,4.2,62563,151067,50,Low
12/31/2011,M5,2011,Middle East,Blue,Petrol,Manual,2.9,64263,99360,135,Low
12/31/2021,7 Series,2021,Europe,Black,Diesel,Manual,4.7,19799,149363,1125,Low
12/31/2021,i8,2021,Europe,Black,Petrol,Automatic,2.1,38378,154692,193,Low
12/31/2011,X1,2011,Middle East,Red,Diesel,Automatic,4.3,72969,51310,4811,Low
12/31/2019,7 Series,2019,Africa,Blue,Hybrid,Manual,3.4,10218,144491,565,Low
12/31/2014,3 Series,2014,Middle East,Silver,Diesel,Automatic,2.7,151186,41260,5931,High
12/31/2012,X3,2012,North America,Black,Hybrid,Manual,1.8,30871,65032,7594,High
12/31/2019,i8,2019,Europe,Black,Diesel,Automatic,2.1,111732,138124,117,Low
12/31/2012,M5,2012,Asia,Silver,Hybrid,Automatic,4.5,119456,108071,925,Low
12/31/2017,3 Series,2017,Africa,Blue,Hybrid,Manual,3.6,146279,67429,4558,Low
12/31/2016,X6,2016,Europe,Silver,Petrol,Automatic,2.3,183684,69627,3503,Low
12/31/2010,X5,2010,Africa,Blue,Petrol,Manual,3.2,22116,65939,2316,Low
12/31/2021,3 Series,2021,Middle East,White,Petrol,Manual,1.9,73902,81518,7936,High
12/31/2022,7 Series,2022,North America,Grey,Petrol,Manual,1.8,95350,114797,2156,Low
12/31/2021,5 Series,2021,Africa,Blue,Electric,Automatic,4.7,166973,111261,3690,Low
12/31/2014,M3,2014,Middle East,Blue,Petrol,Automatic,3.1,44876,91901,1218,Low
12/31/2018,X5,2018,Middle East,Silver,Hybrid,Manual,2.8,54281,100891,4308,Low
12/31/2013,M3,2013,Middle East,Red,Diesel,Automatic,4.8,166055,72887,1671,Low
12/31/2010,3 Series,2010,North America,Blue,Electric,Manual,2.9,37901,60155,8267,High
12/31/2017,3 Series,2017,South America,Blue,Hybrid,Automatic,2.7,197308,52750,6160,High
12/31/2014,5 Series,2014,Middle East,White,Petrol,Automatic,2.5,21194,77065,4753,Low
12/31/2011,i3,2011,South America,Red,Petrol,Automatic,3.5,4863,62253,2282,Low
12/31/2024,3 Series,2024,North America,Grey,Diesel,Manual,3.5,97965,95074,10397,High
12/31/2021,5 Series,2021,Europe,Black,Diesel,Manual,1.6,165897,66430,8062,High
12/31/2010,3 Series,2010,Middle East,White,Petrol,Manual,3.8,62830,48720,5158,High
12/31/2023,3 Series,2023,Middle East,Grey,Hybrid,Manual,4.3,54317,119242,7158,High
12/31/2021,7 Series,2021,Africa,Grey,Petrol,Manual,3.7,158440,114063,2174,Low
12/31/2021,X1,2021,Europe,Grey,Electric,Manual,4.5,149853,93866,9011,High
12/31/2021,M3,2021,Asia,Black,Diesel,Manual,2.5,7915,108261,2921,Low
12/31/2012,7 Series,2012,Africa,Black,Hybrid,Manual,2.2,68749,87770,50,Low
12/31/2018,M3,2018,Africa,Red,Diesel,Automatic,3.9,98077,93907,1479,Low
12/31/2010,X6,2010,Middle East,Black,Diesel,Automatic,2.2,132611,52244,2123,Low
12/31/2013,M3,2013,North America,Black,Petrol,Manual,1.8,55078,66546,2823,Low
12/31/2017,7 Series,2017,Africa,White,Hybrid,Manual,1.8,134018,93521,591,Low
12/31/2017,X3,2017,Middle East,Black,Diesel,Manual,4.2,174903,62430,5691,High
12/31/2019,M5,2019,North America,Black,Petrol,Automatic,1.6,189204,96581,2209,Low
12/31/2021,3 Series,2021,Europe,Blue,Petrol,Manual,2.5,148117,65434,9265,High
12/31/2020,X6,2020,Asia,Red,Diesel,Manual,2,136259,82209,5494,High
12/31/2022,3 Series,2022,Middle East,Red,Diesel,Automatic,4.1,193302,82271,7317,High
12/31/2020,7 Series,2020,South America,Blue,Electric,Automatic,3.3,9464,143108,943,Low
12/31/2017,M5,2017,South America,Black,Hybrid,Automatic,2.2,159107,103692,752,Low
12/31/2019,X5,2019,North America,Blue,Petrol,Manual,4.1,190462,81618,6373,High
12/31/2017,M3,2017,Europe,Silver,Electric,Manual,4.1,7237,122035,2112,Low
12/31/2013,3 Series,2013,Africa,Grey,Hybrid,Automatic,3.3,18853,71341,4253,Low
12/31/2017,i3,2017,Europe,Silver,Electric,Automatic,2.5,100794,80637,4623,Low
12/31/2018,M5,2018,Europe,Silver,Diesel,Automatic,3.6,141881,114737,1716,Low
12/31/2016,7 Series,2016,Middle East,White,Diesel,Manual,4.8,132832,112830,414,Low
12/31/2023,X6,2023,Asia,Blue,Petrol,Automatic,1.7,20900,125224,4659,Low
12/31/2021,X3,2021,Asia,Grey,Diesel,Manual,2.4,150497,71999,9182,High
12/31/2011,X3,2011,Europe,Silver,Hybrid,Manual,2.5,180185,34149,8337,High
12/31/2018,i3,2018,Europe,Blue,Electric,Automatic,3.7,22804,109209,5644,High
12/31/2020,X1,2020,Africa,White,Electric,Manual,3.8,169680,77096,5099,High
12/31/2017,7 Series,2017,Europe,Silver,Petrol,Automatic,2.2,115310,99696,1448,Low
12/31/2022,i8,2022,Asia,Grey,Diesel,Automatic,2.3,99453,155213,375,Low
12/31/2014,X5,2014,Asia,Silver,Hybrid,Automatic,4.7,58359,106733,5520,High
12/31/2024,3 Series,2024,Asia,Grey,Petrol,Automatic,4.1,162299,90272,10440,High
12/31/2021,M5,2021,South America,Grey,Petrol,Manual,4.8,48495,149729,657,Low
12/31/2012,i8,2012,Asia,White,Hybrid,Automatic,4.4,138311,126830,50,Low
12/31/2016,X6,2016,Middle East,White,Petrol,Automatic,2.9,143430,81655,597,Low
12/31/2023,X6,2023,Europe,Blue,Electric,Manual,1.9,30912,128927,4191,Low
12/31/2023,7 Series,2023,Middle East,White,Hybrid,Automatic,3.7,74242,160632,1179,Low
12/31/2024,M5,2024,Europe,Grey,Electric,Manual,2.7,109045,151702,2102,Low
12/31/2011,3 Series,2011,North America,Grey,Petrol,Manual,3,9765,58529,7710,High
12/31/2022,3 Series,2022,Asia,White,Electric,Manual,3,53093,107731,9295,High
12/31/2012,3 Series,2012,South America,Blue,Hybrid,Manual,4.8,166174,50177,5653,High
12/31/2021,i3,2021,South America,Red,Diesel,Manual,1.7,34119,82176,3088,Low
12/31/2018,X1,2018,Europe,Grey,Electric,Manual,2.2,16408,88393,7156,High
12/31/2013,X1,2013,Africa,Red,Diesel,Automatic,3.6,170779,32413,4204,Low
12/31/2013,M5,2013,North America,Black,Diesel,Automatic,4.6,29174,125455,814,Low
12/31/2012,X6,2012,Africa,White,Electric,Automatic,4.7,131544,85933,1467,Low
12/31/2014,X1,2014,Asia,White,Petrol,Manual,3.5,45308,60419,7999,High
12/31/2012,i3,2012,South America,Black,Hybrid,Automatic,1.6,85327,45834,2783,Low
12/31/2018,3 Series,2018,Africa,Blue,Hybrid,Manual,2.8,56441,79495,6121,High
12/31/2024,i8,2024,Africa,Grey,Diesel,Automatic,4.7,112572,174688,50,Low
12/31/2012,i8,2012,North America,Black,Hybrid,Manual,3.2,184706,113462,50,Low
12/31/2011,7 Series,2011,South America,Blue,Diesel,Automatic,4,95082,88265,50,Low
12/31/2021,i8,2021,Africa,White,Hybrid,Manual,2.4,9263,158427,179,Low
12/31/2014,M5,2014,South America,Grey,Hybrid,Manual,1.6,119652,92776,462,Low
12/31/2015,M3,2015,Africa,Black,Diesel,Automatic,3.5,149133,70778,1320,Low
12/31/2010,M3,2010,Africa,Grey,Diesel,Automatic,4.4,41129,73752,437,Low
12/31/2023,7 Series,2023,Middle East,Grey,Hybrid,Automatic,5,74358,160634,1142,Low
12/31/2021,X1,2021,South America,Black,Diesel,Manual,4.5,128688,72628,5801,High
12/31/2020,i3,2020,Europe,Silver,Hybrid,Manual,3.4,65191,92676,5111,High
12/31/2015,i8,2015,Middle East,Black,Diesel,Manual,3.6,119745,123320,50,Low
12/31/2019,7 Series,2019,North America,Silver,Hybrid,Automatic,4.4,69372,142559,1655,Low
12/31/2012,3 Series,2012,Africa,Silver,Electric,Automatic,1.6,96170,46540,4795,Low
12/31/2013,X6,2013,Africa,White,Petrol,Automatic,4.8,163006,72390,1897,Low
12/31/2015,X5,2015,South America,Silver,Electric,Manual,3.4,53478,99995,3108,Low
12/31/2017,7 Series,2017,North America,Red,Diesel,Manual,4.8,4042,132889,960,Low
12/31/2024,5 Series,2024,South America,Grey,Petrol,Automatic,4.2,115034,115984,4518,Low
12/31/2018,5 Series,2018,Asia,White,Petrol,Manual,2,12949,89249,6822,High
12/31/2015,M3,2015,Asia,Red,Petrol,Manual,2.1,15693,83121,3083,Low
12/31/2016,X1,2016,Asia,Silver,Diesel,Manual,2.7,11574,65440,7046,High
12/31/2024,i8,2024,Europe,White,Electric,Manual,2.4,77624,175975,845,Low
12/31/2023,X3,2023,South America,White,Petrol,Automatic,3,165303,85390,6467,High
12/31/2014,7 Series,2014,South America,Silver,Diesel,Automatic,3.6,87974,97294,211,Low
12/31/2023,X3,2023,Asia,Silver,Petrol,Manual,3,117121,87051,8521,High
12/31/2021,i3,2021,North America,Silver,Diesel,Manual,1.7,135325,61829,5342,High
12/31/2024,X6,2024,Europe,White,Hybrid,Manual,4.9,140572,130923,4966,Low
12/31/2018,M5,2018,Africa,Blue,Electric,Manual,3,141926,119046,1139,Low
12/31/2013,M5,2013,Middle East,Blue,Hybrid,Manual,4.5,2938,143035,50,Low
12/31/2019,M3,2019,Africa,Black,Electric,Automatic,1.8,83953,98475,1835,Low
12/31/2020,X1,2020,Asia,Blue,Diesel,Automatic,4.3,55807,88104,7620,High
12/31/2015,i8,2015,Europe,Grey,Electric,Automatic,2.1,11603,152508,50,Low
12/31/2014,X1,2014,Africa,Grey,Diesel,Manual,3.9,180831,32962,3705,Low
12/31/2010,i8,2010,Asia,Red,Diesel,Manual,3.8,190917,92207,50,Low
12/31/2014,M3,2014,South America,Black,Petrol,Automatic,4.7,194002,66847,1370,Low
12/31/2022,5 Series,2022,South America,Silver,Electric,Manual,2.6,164687,95392,5068,High
12/31/2014,X1,2014,South America,Black,Electric,Manual,1.9,107469,47009,5215,High
12/31/2023,M3,2023,South America,Silver,Diesel,Manual,4.5,77833,116971,1941,Low
12/31/2018,i8,2018,South America,Blue,Electric,Manual,2.7,27020,162719,50,Low
12/31/2010,X3,2010,Africa,Black,Electric,Manual,2.3,16735,62246,3844,Low
12/31/2024,X6,2024,South America,Black,Diesel,Automatic,3.2,24797,124656,3187,Low
12/31/2014,X3,2014,North America,Black,Hybrid,Automatic,2,94405,60371,9229,High
12/31/2024,X3,2024,Asia,White,Hybrid,Manual,2.5,45516,113949,9742,High
12/31/2016,i8,2016,Africa,Grey,Electric,Manual,2.8,190,152527,50,Low
12/31/2020,X1,2020,North America,Grey,Diesel,Manual,2.5,89041,64858,8622,High
12/31/2015,X5,2015,Africa,White,Hybrid,Automatic,3.1,160593,69899,3162,Low
12/31/2015,M5,2015,Africa,Blue,Hybrid,Automatic,2.8,51926,121799,50,Low
12/31/2021,i8,2021,Asia,Grey,Hybrid,Automatic,4.2,127203,159268,680,Low
12/31/2016,i3,2016,South America,Black,Electric,Manual,4.7,13488,98347,2605,Low
12/31/2015,X1,2015,South America,Red,Diesel,Automatic,1.9,30104,53711,4982,Low
12/31/2014,M5,2014,Africa,Grey,Diesel,Automatic,4.4,103947,103679,154,Low
12/31/2019,X1,2019,South America,Red,Hybrid,Automatic,4.8,190203,72258,5679,High
12/31/2014,i8,2014,Europe,Red,Electric,Manual,3.9,23721,160943,50,Low
12/31/2018,3 Series,2018,South America,Grey,Petrol,Automatic,5,103323,82455,6436,High
12/31/2023,X6,2023,South America,Black,Hybrid,Automatic,2.7,131070,116637,3402,Low
12/31/2017,X6,2017,Middle East,Black,Diesel,Automatic,4.4,28469,119819,2211,Low
12/31/2023,i8,2023,Europe,Grey,Petrol,Automatic,3.9,9562,188219,50,Low
12/31/2021,7 Series,2021,Europe,Blue,Electric,Manual,2.6,144332,130685,1629,Low
12/31/2024,M5,2024,Africa,Black,Petrol,Manual,4,186831,134319,1235,Low
12/31/2019,X3,2019,South America,Grey,Electric,Automatic,3.3,87827,97682,5556,High
12/31/2023,M5,2023,Europe,Silver,Hybrid,Automatic,2.2,95994,147356,2131,Low
12/31/2013,3 Series,2013,North America,Black,Electric,Manual,2.1,85280,58452,8805,High
12/31/2013,X3,2013,Africa,Red,Petrol,Manual,4,57030,63368,4019,Low
12/31/2019,X5,2019,South America,Grey,Electric,Manual,4,98531,111771,4083,Low
12/31/2014,M3,2014,North America,Black,Petrol,Automatic,3.4,26091,135897,1604,Low
12/31/2022,X3,2022,Middle East,Black,Electric,Manual,3.3,194952,91226,7618,High
12/31/2022,X3,2022,South America,Silver,Hybrid,Manual,2.1,131187,81444,6780,High
12/31/2012,5 Series,2012,South America,Black,Diesel,Automatic,3,39256,67066,3658,Low
12/31/2024,X6,2024,North America,Black,Diesel,Automatic,4.5,31008,145092,4054,Low
12/31/2017,X5,2017,Africa,Black,Petrol,Manual,4.5,27177,104210,2694,Low
12/31/2016,i8,2016,Middle East,Grey,Diesel,Automatic,3.8,145262,132768,50,Low
12/31/2014,5 Series,2014,Africa,Red,Electric,Automatic,5,109395,91900,3296,Low
12/31/2019,X1,2019,Africa,Red,Petrol,Automatic,4.6,174305,64224,4390,Low
12/31/2012,X1,2012,Asia,Silver,Hybrid,Automatic,2,117050,41020,7483,High
12/31/2024,X3,2024,Middle East,White,Hybrid,Automatic,2.9,18421,122395,5837,High
12/31/2014,X1,2014,North America,White,Electric,Automatic,2,122554,72830,7838,High
12/31/2012,5 Series,2012,North America,Silver,Petrol,Manual,3.1,191000,42932,6042,High
12/31/2019,5 Series,2019,Asia,White,Electric,Manual,4.2,194155,89206,7981,High
12/31/2014,i8,2014,Middle East,Blue,Petrol,Automatic,2,78798,125943,50,Low
12/31/2010,M5,2010,Middle East,Red,Hybrid,Manual,4.6,49562,121324,50,Low
12/31/2015,5 Series,2015,Africa,Red,Diesel,Manual,3.5,195057,48676,3173,Low
12/31/2019,7 Series,2019,North America,Red,Petrol,Manual,4.1,88544,121568,1422,Low
12/31/2013,7 Series,2013,North America,White,Hybrid,Manual,1.7,116958,86404,964,Low
12/31/2013,i8,2013,Europe,Black,Diesel,Manual,1.8,177806,94614,50,Low
12/31/2017,5 Series,2017,Africa,Blue,Petrol,Manual,3.7,22604,90119,3674,Low
12/31/2011,X6,2011,North America,Blue,Diesel,Manual,4.4,15312,84960,3019,Low
12/31/2013,M5,2013,North America,Black,Electric,Manual,4.6,129233,122480,765,Low
12/31/2024,3 Series,2024,Middle East,Red,Electric,Automatic,3.9,140639,110251,6702,High
12/31/2011,i8,2011,South America,White,Petrol,Manual,2.2,67019,105632,50,Low
12/31/2010,M3,2010,North America,White,Petrol,Automatic,2.2,78904,60221,1966,Low
12/31/2019,3 Series,2019,Africa,Red,Electric,Automatic,4.6,55040,108225,5551,High
12/31/2022,X1,2022,South America,Black,Petrol,Automatic,1.9,198343,53552,6344,High
12/31/2022,i3,2022,Europe,White,Petrol,Automatic,3.9,28715,105524,5084,High
12/31/2012,i3,2012,Asia,Black,Hybrid,Automatic,3.4,125680,53586,4888,Low
12/31/2021,X1,2021,Asia,Red,Hybrid,Automatic,3,195560,72434,9241,High
12/31/2017,i8,2017,Asia,Red,Electric,Manual,3,30969,155144,50,Low
12/31/2015,i8,2015,Africa,White,Electric,Manual,4.8,15181,160385,50,Low
12/31/2021,5 Series,2021,Europe,White,Hybrid,Manual,4.5,77903,50086,8549,High
12/31/2016,i3,2016,North America,Red,Electric,Automatic,4.5,86577,91927,4096,Low
12/31/2011,X5,2011,North America,Red,Hybrid,Automatic,2.9,26386,79073,4601,Low
12/31/2015,X6,2015,Middle East,White,Hybrid,Automatic,1.9,11454,100014,2339,Low
12/31/2023,5 Series,2023,North America,Grey,Hybrid,Automatic,5,189662,115614,8100,High
12/31/2017,5 Series,2017,South America,Grey,Hybrid,Automatic,2,170468,67457,3861,Low
12/31/2017,i3,2017,Europe,White,Diesel,Automatic,3.3,50321,78315,4606,Low
12/31/2013,X6,2013,South America,Silver,Petrol,Manual,2.4,105613,64483,2298,Low
12/31/2015,X3,2015,Asia,Red,Petrol,Manual,3.3,72343,65237,9727,High
12/31/2023,5 Series,2023,North America,Silver,Petrol,Manual,2.6,187709,82608,7685,High
12/31/2014,M3,2014,Asia,Red,Electric,Manual,4.6,164417,88346,2825,Low
12/31/2018,7 Series,2018,Europe,Red,Diesel,Automatic,4.9,90061,129893,841,Low
12/31/2017,X5,2017,North America,White,Hybrid,Manual,2.9,43703,99817,5363,High
12/31/2011,i8,2011,South America,White,Electric,Automatic,1.7,134400,109154,50,Low
12/31/2021,7 Series,2021,Asia,Grey,Hybrid,Manual,3.8,180852,123858,2350,Low
12/31/2022,M5,2022,North America,Silver,Hybrid,Automatic,2.8,60942,147049,2172,Low
12/31/2016,7 Series,2016,Middle East,Red,Hybrid,Manual,5,70520,133874,78,Low
12/31/2016,M5,2016,North America,Grey,Petrol,Automatic,1.8,14727,118832,1325,Low
12/31/2020,X1,2020,North America,Blue,Petrol,Manual,1.9,152476,53275,7714,High
12/31/2023,5 Series,2023,North America,Grey,Electric,Manual,3.9,47610,138178,6699,High
12/31/2023,3 Series,2023,South America,Blue,Hybrid,Manual,4.2,174825,89358,6129,High
12/31/2021,i3,2021,Middle East,Silver,Hybrid,Manual,3.1,125784,91673,3639,Low
12/31/2010,M3,2010,Middle East,White,Diesel,Manual,2.5,52034,59115,1068,Low
12/31/2010,X1,2010,Europe,Silver,Electric,Automatic,2.6,192497,27221,7347,High
12/31/2021,X5,2021,Europe,Black,Petrol,Manual,2.7,19418,109586,5209,High
12/31/2013,X3,2013,Asia,Red,Diesel,Manual,2.3,192151,27501,10062,High
12/31/2014,7 Series,2014,Africa,Black,Electric,Manual,4.5,187159,101923,50,Low
12/31/2024,7 Series,2024,North America,Black,Diesel,Automatic,1.7,159847,115010,2160,Low
12/31/2013,3 Series,2013,Europe,Grey,Petrol,Manual,2.9,129154,53238,9499,High
12/31/2016,X5,2016,Africa,Grey,Petrol,Automatic,4.1,36288,97382,2798,Low
12/31/2012,3 Series,2012,South America,Blue,Electric,Automatic,1.5,74296,50895,4626,Low
12/31/2016,i3,2016,North America,Red,Diesel,Manual,4.6,189766,53092,4926,Low
12/31/2022,3 Series,2022,Africa,White,Petrol,Automatic,4,163605,83599,6444,High
12/31/2017,X6,2017,South America,White,Hybrid,Automatic,1.8,135798,83757,2515,Low
12/31/2015,i8,2015,Middle East,Grey,Petrol,Automatic,4.6,143733,130199,50,Low
12/31/2015,5 Series,2015,Asia,Silver,Diesel,Manual,3.2,38339,79861,6713,High
12/31/2017,7 Series,2017,Europe,Black,Diesel,Automatic,3.8,125009,109972,1055,Low
12/31/2017,5 Series,2017,Africa,Silver,Electric,Manual,4.6,132490,93814,3571,Low
12/31/2016,7 Series,2016,Africa,Grey,Petrol,Automatic,4.6,62176,121768,50,Low
12/31/2015,5 Series,2015,Middle East,Blue,Hybrid,Automatic,2.9,4202,98299,4471,Low
12/31/2015,M3,2015,Asia,Black,Diesel,Manual,2.3,1640,90001,3000,Low
12/31/2019,M3,2019,Africa,Red,Petrol,Automatic,2.4,6721,100444,1413,Low
12/31/2020,M5,2020,North America,Silver,Petrol,Automatic,4.2,66997,139367,1591,Low
12/31/2022,7 Series,2022,Asia,Grey,Diesel,Manual,4.8,198647,117495,1848,Low
12/31/2022,M5,2022,North America,Grey,Electric,Manual,1.8,173576,132723,2472,Low
12/31/2015,X3,2015,North America,Grey,Hybrid,Automatic,1.6,122387,58609,8097,High
12/31/2017,X1,2017,Middle East,Red,Hybrid,Manual,4.4,29293,91617,5570,High
12/31/2010,X5,2010,Middle East,Blue,Petrol,Manual,2.9,84744,55046,2846,Low
12/31/2014,3 Series,2014,North America,Blue,Petrol,Manual,2.5,191164,34415,9271,High
12/31/2012,i3,2012,Asia,Silver,Electric,Automatic,2.2,181134,39505,5423,High
12/31/2021,X5,2021,Europe,Black,Diesel,Automatic,2.7,197180,80766,6002,High
12/31/2017,X3,2017,Asia,Grey,Petrol,Automatic,4.9,174843,69408,8589,High
12/31/2020,7 Series,2020,Middle East,Grey,Diesel,Manual,4.9,88041,132767,788,Low
12/31/2015,M5,2015,North America,Blue,Hybrid,Automatic,2.7,172961,104694,1555,Low
12/31/2023,5 Series,2023,Europe,Silver,Petrol,Manual,4.9,165503,100747,7695,High
12/31/2011,5 Series,2011,Europe,Silver,Diesel,Automatic,2.5,123627,41995,5538,High
12/31/2024,X1,2024,Africa,Blue,Diesel,Manual,4.5,177813,79872,5175,High
12/31/2022,3 Series,2022,Europe,Grey,Diesel,Manual,2.2,144563,67138,8587,High
12/31/2016,X5,2016,Africa,Red,Diesel,Automatic,4.4,95203,85328,2492,Low
12/31/2016,5 Series,2016,South America,Red,Electric,Manual,2.7,32588,92652,3589,Low
12/31/2022,X5,2022,North America,Red,Petrol,Manual,2.2,15869,112907,6840,High
12/31/2014,7 Series,2014,Europe,Grey,Diesel,Manual,4.8,7337,113882,537,Low
12/31/2017,7 Series,2017,North America,Black,Petrol,Manual,2.2,164365,91132,1533,Low
12/31/2023,M3,2023,Middle East,White,Petrol,Automatic,5,98940,131958,2240,Low
12/31/2014,7 Series,2014,South America,White,Diesel,Automatic,1.9,132713,75044,538,Low
12/31/2010,X1,2010,Middle East,Red,Electric,Manual,1.5,123626,29008,4689,Low
12/31/2018,3 Series,2018,South America,Grey,Electric,Automatic,4.5,185358,79490,6155,High
12/31/2013,i8,2013,South America,White,Hybrid,Automatic,3.6,40992,140862,50,Low
12/31/2022,X3,2022,South America,White,Hybrid,Automatic,3,148866,87818,5420,High
12/31/2011,M3,2011,South America,Silver,Hybrid,Automatic,1.8,194822,42112,1449,Low
12/31/2013,7 Series,2013,Middle East,Black,Petrol,Automatic,3.5,92461,95606,196,Low
12/31/2023,M5,2023,Middle East,Red,Hybrid,Automatic,2.9,42024,156263,1633,Low
12/31/2022,M5,2022,North America,Silver,Electric,Manual,3.2,122099,151219,2367,Low
12/31/2018,X6,2018,North America,Silver,Diesel,Automatic,3.7,169012,90322,4851,Low
12/31/2011,M5,2011,North America,White,Electric,Automatic,3.7,33335,121581,536,Low
12/31/2013,i3,2013,Asia,Silver,Hybrid,Automatic,4.9,33860,83089,4590,Low
12/31/2011,X5,2011,North America,Black,Electric,Automatic,3.8,34276,88901,4220,Low
12/31/2014,X5,2014,South America,Blue,Hybrid,Manual,2.7,80129,76299,3094,Low
12/31/2012,X6,2012,Middle East,Black,Diesel,Manual,2.7,197625,47551,2944,Low
12/31/2019,M3,2019,Middle East,Blue,Hybrid,Automatic,3.2,150833,98143,2257,Low
12/31/2011,M3,2011,Europe,Red,Petrol,Manual,2.4,16508,69285,2170,Low
12/31/2023,X6,2023,Middle East,Blue,Electric,Automatic,2.8,185088,116854,3980,Low
12/31/2018,X1,2018,Africa,Grey,Petrol,Manual,4.4,109161,66361,4647,Low
12/31/2014,X1,2014,Africa,Blue,Petrol,Manual,4.5,9591,70473,3829,Low
12/31/2019,X1,2019,Europe,Red,Petrol,Automatic,3.7,55161,85012,7654,High
12/31/2014,X3,2014,Asia,Blue,Hybrid,Manual,3.5,167993,56157,9361,High
12/31/2010,5 Series,2010,Asia,White,Hybrid,Manual,3,94265,56656,7273,High
12/31/2015,X5,2015,Africa,Blue,Petrol,Manual,3.7,156814,65057,3135,Low
12/31/2022,5 Series,2022,Middle East,Grey,Diesel,Manual,4.3,106769,103431,5609,High
12/31/2016,5 Series,2016,Europe,Blue,Diesel,Automatic,4.1,130982,76652,7064,High
12/31/2010,X5,2010,Europe,Blue,Electric,Manual,1.6,85694,61153,5475,High
12/31/2018,5 Series,2018,Africa,Red,Electric,Automatic,4.1,169159,90702,3949,Low
12/31/2017,M5,2017,Asia,White,Electric,Automatic,4,20349,158712,816,Low
12/31/2021,X6,2021,South America,Grey,Hybrid,Automatic,1.8,90793,109747,3423,Low
12/31/2023,X1,2023,Asia,Blue,Hybrid,Manual,2,156224,74978,9670,High
12/31/2023,i3,2023,Africa,Blue,Hybrid,Automatic,4.3,192837,95990,3792,Low
12/31/2017,X6,2017,North America,Red,Hybrid,Automatic,3.5,82678,104171,3575,Low
12/31/2016,X6,2016,Europe,Silver,Hybrid,Manual,4.4,171053,90582,4267,Low
12/31/2014,M3,2014,Middle East,Blue,Electric,Manual,2.1,167055,74014,1512,Low
12/31/2012,X3,2012,Middle East,Grey,Hybrid,Manual,1.6,108300,50023,1158,Low
12/31/2024,3 Series,2024,Africa,White,Petrol,Manual,2.1,51077,94130,6549,High
12/31/2021,3 Series,2021,Europe,Silver,Electric,Automatic,3.1,77158,102462,10853,High
12/31/2023,7 Series,2023,Africa,Black,Hybrid,Manual,3.3,134259,129449,1356,Low
12/31/2018,X3,2018,Asia,Black,Electric,Manual,4.5,155036,84959,8963,High
12/31/2023,X6,2023,Asia,Grey,Hybrid,Manual,4,5249,147865,4486,Low
12/31/2016,X6,2016,Africa,Red,Electric,Manual,5,85367,114205,1515,Low
12/31/2020,5 Series,2020,Europe,Grey,Diesel,Manual,1.8,121136,74277,6954,High
12/31/2019,i8,2019,Africa,Grey,Diesel,Automatic,2,150339,122949,50,Low
12/31/2019,X5,2019,North America,Grey,Hybrid,Manual,1.8,45907,104556,6289,High
12/31/2017,M5,2017,Africa,White,Diesel,Manual,3.4,184368,95055,757,Low
12/31/2023,X3,2023,Middle East,Black,Diesel,Manual,2.4,194695,73497,6388,High
12/31/2015,M5,2015,Europe,Silver,Petrol,Manual,3.9,14517,120196,1095,Low
12/31/2021,i3,2021,Middle East,Blue,Hybrid,Manual,2,141187,78486,7549,High
12/31/2023,i8,2023,South America,Black,Hybrid,Automatic,1.9,62070,164281,496,Low
12/31/2020,X5,2020,Africa,Black,Hybrid,Automatic,3.1,44520,110710,3630,Low
12/31/2023,7 Series,2023,Asia,Black,Hybrid,Manual,2.8,147302,135880,2071,Low
12/31/2014,3 Series,2014,Africa,White,Electric,Manual,4.4,82464,76865,4963,Low
12/31/2024,M3,2024,Europe,Black,Petrol,Automatic,4.4,121353,123361,3281,Low
12/31/2017,7 Series,2017,North America,Silver,Petrol,Manual,1.9,161596,87727,1760,Low
12/31/2012,i3,2012,Asia,Silver,Electric,Automatic,4.3,101990,69309,5077,High
12/31/2021,i3,2021,Europe,Black,Hybrid,Manual,3.5,185310,77772,6585,High
12/31/2022,M3,2022,Europe,Grey,Petrol,Automatic,3.3,98156,109650,3168,Low
12/31/2022,X6,2022,North America,White,Diesel,Automatic,1.8,84686,103019,4837,Low
12/31/2016,i8,2016,Africa,Red,Electric,Automatic,4.1,137395,183072,50,Low
12/31/2011,3 Series,2011,Africa,White,Diesel,Manual,1.7,26982,38758,4799,Low
12/31/2012,5 Series,2012,South America,White,Diesel,Automatic,2.5,38963,60627,3277,Low
12/31/2024,X6,2024,North America,Blue,Petrol,Automatic,1.8,5203,135591,981,Low
12/31/2022,i3,2022,Africa,White,Diesel,Automatic,3.4,20511,95222,3264,Low
12/31/2021,X6,2021,Asia,Silver,Electric,Automatic,3.8,136575,124988,5291,High
12/31/2024,X3,2024,Asia,Grey,Hybrid,Automatic,4.6,69043,121606,10876,High
12/31/2011,i8,2011,Africa,Silver,Petrol,Manual,4.1,185625,92216,50,Low
12/31/2014,i8,2014,South America,Grey,Hybrid,Manual,4.9,36262,154677,50,Low
12/31/2016,M3,2016,Europe,Black,Electric,Automatic,4.2,114577,108073,2286,Low
12/31/2020,M5,2020,North America,White,Petrol,Automatic,2.5,127210,126824,1825,Low
12/31/2019,7 Series,2019,South America,Silver,Diesel,Automatic,3.4,12349,130713,486,Low
12/31/2020,X6,2020,South America,Black,Diesel,Automatic,3.1,1921,122503,2451,Low
12/31/2020,X6,2020,North America,Black,Hybrid,Manual,3.5,13730,136936,604,Low
12/31/2020,i3,2020,North America,Blue,Petrol,Manual,3.5,57952,91378,5815,High
12/31/2024,M3,2024,South America,Blue,Petrol,Manual,4,178287,107332,2056,Low
12/31/2019,3 Series,2019,Middle East,White,Electric,Automatic,1.8,183309,66820,6649,High
12/31/2024,7 Series,2024,Europe,Grey,Petrol,Automatic,4.1,191624,134017,1572,Low
12/31/2024,X3,2024,Africa,Silver,Electric,Automatic,2,20486,185815,3898,Low
12/31/2024,M5,2024,Africa,Blue,Hybrid,Manual,1.6,105494,135842,1901,Low
12/31/2022,5 Series,2022,South America,White,Petrol,Automatic,3.3,88376,102398,4097,Low
12/31/2023,5 Series,2023,Middle East,Red,Diesel,Automatic,3.5,157126,43700,5908,High
12/31/2010,3 Series,2010,North America,White,Petrol,Manual,1.6,1216,43476,9482,High
12/31/2022,5 Series,2022,South America,Red,Petrol,Automatic,3.3,12085,110881,4689,Low
12/31/2019,M3,2019,North America,White,Hybrid,Automatic,3.4,15277,129707,3099,Low
12/31/2018,i3,2018,Asia,White,Hybrid,Manual,1.7,130791,66778,5483,High
12/31/2010,i8,2010,Middle East,Black,Petrol,Manual,4,29026,129425,50,Low
12/31/2010,7 Series,2010,South America,Black,Electric,Automatic,2.2,157221,70742,50,Low
12/31/2023,i8,2023,Africa,Grey,Electric,Automatic,4.3,24366,185262,79,Low
12/31/2024,X5,2024,South America,Grey,Diesel,Automatic,2.6,86259,109661,3815,Low
12/31/2021,X1,2021,North America,Blue,Diesel,Automatic,3.2,95854,80135,7877,High
12/31/2019,3 Series,2019,Middle East,Grey,Electric,Automatic,4.6,43015,117345,5755,High
12/31/2017,X3,2017,South America,White,Hybrid,Automatic,4.3,111634,81611,5676,High
12/31/2015,X1,2015,Middle East,White,Petrol,Automatic,4.2,164804,52778,4499,Low
12/31/2015,3 Series,2015,North America,White,Petrol,Manual,2.1,49068,60787,8377,High
12/31/2021,3 Series,2021,Middle East,White,Electric,Manual,1.7,53247,93081,2089,Low
12/31/2018,X5,2018,North America,Grey,Hybrid,Automatic,3.6,53711,111567,5678,High
12/31/2024,7 Series,2024,Africa,Silver,Diesel,Manual,2.9,72966,136633,845,Low
12/31/2013,M3,2013,Africa,Silver,Petrol,Manual,4.7,165908,67283,913,Low
12/31/2017,M3,2017,South America,Red,Petrol,Automatic,2.7,24619,95114,1257,Low
12/31/2013,M5,2013,Middle East,Grey,Hybrid,Manual,2.9,101656,109103,288,Low
12/31/2023,M5,2023,Africa,Black,Hybrid,Automatic,3.3,184110,129090,1608,Low
12/31/2011,X3,2011,Asia,White,Diesel,Manual,4.3,10220,68015,7725,High
12/31/2020,7 Series,2020,Europe,Red,Hybrid,Manual,2.4,142465,115940,2056,Low
12/31/2024,X3,2024,Europe,White,Diesel,Manual,4.8,127303,100795,9327,High
12/31/2017,i8,2017,Europe,Black,Petrol,Manual,3.4,96850,200000,50,Low
12/31/2021,M5,2021,South America,Grey,Petrol,Manual,4.4,26729,155120,603,Low
12/31/2016,M5,2016,Africa,White,Hybrid,Automatic,3.3,45668,131962,50,Low
12/31/2013,5 Series,2013,Asia,Black,Petrol,Automatic,4.2,150354,65268,1627,Low
12/31/2018,M3,2018,Middle East,Red,Petrol,Automatic,1.7,93876,84230,1736,Low
12/31/2024,5 Series,2024,Asia,Grey,Diesel,Manual,4.3,157492,106671,8333,High
12/31/2018,X1,2018,South America,Black,Petrol,Automatic,3.3,11163,82772,4575,Low
12/31/2017,7 Series,2017,Middle East,Red,Electric,Automatic,3.1,86678,124511,338,Low
12/31/2023,X1,2023,Africa,Red,Diesel,Manual,1.9,63879,81042,4672,Low
12/31/2010,X6,2010,Europe,Silver,Petrol,Automatic,4.1,29730,81374,2657,Low
12/31/2016,M3,2016,Middle East,Silver,Diesel,Automatic,2,169438,65907,2099,Low
12/31/2014,i3,2014,Europe,Grey,Diesel,Automatic,2.2,113814,44276,5479,High
12/31/2016,3 Series,2016,South America,White,Diesel,Manual,1.9,105542,47026,5981,High
12/31/2021,M3,2021,Asia,Red,Electric,Manual,1.5,179713,93092,3769,Low
12/31/2018,5 Series,2018,Africa,Black,Petrol,Automatic,3.8,137307,75596,3708,Low
12/31/2011,7 Series,2011,Middle East,Silver,Electric,Automatic,2.4,61989,100920,50,Low
12/31/2022,7 Series,2022,Europe,Black,Hybrid,Automatic,2,4131,153174,1595,Low
12/31/2023,i3,2023,Europe,Grey,Electric,Manual,2.6,91571,107465,4966,Low
12/31/2020,X6,2020,Africa,White,Hybrid,Automatic,3.2,79328,114857,2414,Low
12/31/2013,M3,2013,Asia,Blue,Electric,Automatic,3.3,1404,109278,2288,Low
12/31/2013,X3,2013,South America,Silver,Hybrid,Manual,2.8,173751,43656,4333,Low
12/31/2011,i8,2011,Europe,Black,Petrol,Automatic,3.2,141841,101235,50,Low
12/31/2012,X3,2012,Europe,Grey,Diesel,Manual,3,141733,35438,9042,High
12/31/2020,3 Series,2020,South America,Red,Electric,Manual,4.4,65673,109796,5671,High
12/31/2023,i8,2023,Middle East,Blue,Petrol,Manual,1.6,33561,170927,50,Low
12/31/2023,7 Series,2023,Middle East,Black,Hybrid,Automatic,4.5,11903,178938,934,Low
12/31/2022,3 Series,2022,North America,White,Diesel,Automatic,2.4,53454,92115,11012,High
12/31/2017,X5,2017,Asia,Blue,Petrol,Manual,4,99642,93949,6706,High
12/31/2021,M5,2021,Europe,Red,Petrol,Automatic,2.9,180063,114617,1994,Low
12/31/2018,X1,2018,South America,Black,Hybrid,Automatic,2.5,169728,54596,4968,Low
12/31/2015,3 Series,2015,South America,Blue,Electric,Manual,3.7,78734,73530,5323,High
12/31/2019,X3,2019,Africa,Red,Hybrid,Manual,4.2,163417,79591,4693,Low
12/31/2011,M3,2011,North America,Blue,Electric,Automatic,3.1,40929,85675,2126,Low
12/31/2011,i3,2011,South America,White,Diesel,Automatic,3.1,57461,45886,2674,Low
12/31/2016,7 Series,2016,North America,Black,Petrol,Automatic,1.7,76099,104627,1146,Low
12/31/2017,5 Series,2017,Asia,Red,Diesel,Automatic,4.7,170202,79064,7905,High
12/31/2017,M5,2017,Africa,Silver,Electric,Automatic,4.5,45318,148346,50,Low
12/31/2023,i3,2023,Middle East,Silver,Diesel,Manual,2.9,197795,68435,4347,Low
12/31/2015,X6,2015,South America,Grey,Petrol,Manual,4.2,59116,94433,2071,Low
12/31/2019,X1,2019,Middle East,Black,Hybrid,Manual,2.6,172659,61537,5657,High
12/31/2017,M3,2017,Europe,Blue,Diesel,Automatic,4.1,171228,77797,3273,Low
12/31/2023,i3,2023,Asia,White,Petrol,Automatic,3.3,86319,98857,5623,High
12/31/2024,X3,2024,Africa,Blue,Electric,Manual,3.1,185236,94170,6587,High
12/31/2010,X3,2010,Asia,Blue,Diesel,Automatic,1.7,10043,49284,7407,High
12/31/2018,X6,2018,Middle East,Red,Diesel,Manual,4.9,120462,106748,2286,Low
12/31/2022,i3,2022,Asia,Silver,Hybrid,Automatic,4.4,13787,120290,6314,High
12/31/2021,X1,2021,Asia,Grey,Petrol,Manual,4.3,195080,69023,8626,High
12/31/2010,X1,2010,North America,White,Diesel,Automatic,2.6,37556,39912,6528,High
12/31/2022,X6,2022,Europe,Black,Petrol,Manual,2.5,96093,102581,4254,Low
12/31/2012,X1,2012,North America,Grey,Diesel,Automatic,3.5,165106,30039,7044,High
12/31/2021,M3,2021,Middle East,White,Electric,Manual,4.5,126200,125411,2654,Low
12/31/2018,M5,2018,Europe,Red,Hybrid,Automatic,4.8,20191,159478,1227,Low
12/31/2024,X3,2024,South America,Silver,Diesel,Manual,2.4,122475,83570,5725,High
12/31/2020,5 Series,2020,Asia,Red,Diesel,Manual,3.6,69324,101813,6804,High
12/31/2014,X6,2014,Asia,Red,Diesel,Automatic,4,15533,101540,4101,Low
12/31/2018,i3,2018,Europe,Grey,Diesel,Automatic,2.3,15297,76254,5557,High
12/31/2018,M3,2018,North America,Silver,Electric,Automatic,2.9,11347,190177,1883,Low
12/31/2015,X5,2015,South America,Silver,Electric,Manual,2.2,126869,73068,3352,Low
12/31/2020,i3,2020,Europe,Black,Electric,Automatic,3.9,100441,100629,5826,High
12/31/2010,X5,2010,Middle East,White,Diesel,Automatic,4.5,119938,62312,2973,Low
12/31/2019,M3,2019,South America,Blue,Diesel,Automatic,4.6,66580,109799,1474,Low
12/31/2016,X1,2016,Asia,White,Hybrid,Manual,3.8,5660,86137,8526,High
12/31/2023,5 Series,2023,South America,Red,Diesel,Manual,2.7,60146,101495,5167,High
12/31/2015,X1,2015,Europe,Black,Electric,Automatic,3.8,66816,80648,6422,High
12/31/2018,i3,2018,Africa,Blue,Electric,Manual,4.5,165998,78825,2883,Low
12/31/2016,M3,2016,Africa,Blue,Electric,Automatic,3.7,191210,84685,1264,Low
12/31/2023,3 Series,2023,Asia,White,Electric,Automatic,2.9,124482,104799,10104,High
12/31/2021,M3,2021,Africa,Blue,Hybrid,Manual,4.7,96568,116112,1957,Low
12/31/2020,X1,2020,Europe,Blue,Petrol,Automatic,4.4,28249,96966,7306,High
12/31/2021,M5,2021,Europe,Red,Electric,Manual,4.6,172203,146874,2288,Low
12/31/2022,7 Series,2022,North America,Red,Electric,Manual,4.7,107163,145699,2030,Low
12/31/2013,X1,2013,Middle East,Silver,Diesel,Manual,2.9,43490,48645,5632,High
12/31/2016,X3,2016,North America,Grey,Electric,Manual,4.5,175532,74666,8304,High
12/31/2011,i8,2011,Middle East,Grey,Hybrid,Automatic,3.5,60372,134939,50,Low
12/31/2015,M3,2015,Middle East,White,Diesel,Automatic,1.6,7574,85322,1580,Low
12/31/2024,5 Series,2024,South America,Black,Diesel,Manual,3.7,9089,120194,4057,Low
12/31/2015,3 Series,2015,Asia,Red,Petrol,Manual,3.1,141102,47952,10585,High
12/31/2011,M5,2011,Asia,Black,Hybrid,Manual,2.5,147778,84515,1055,Low
12/31/2023,7 Series,2023,Asia,White,Electric,Manual,4.9,3127,171165,1885,Low
12/31/2013,X5,2013,Middle East,Blue,Diesel,Automatic,1.7,170536,48344,3488,Low
12/31/2017,3 Series,2017,Middle East,Grey,Electric,Manual,4.8,3413,107579,5993,High
12/31/2017,7 Series,2017,South America,Black,Diesel,Automatic,2.1,68627,96914,665,Low
12/31/2022,X3,2022,Europe,Black,Petrol,Automatic,2.8,32827,100611,8312,High
12/31/2017,5 Series,2017,Europe,Grey,Electric,Automatic,3,150307,86225,7149,High
12/31/2017,X3,2017,South America,Blue,Diesel,Manual,4.1,4419,92444,4486,Low
12/31/2010,i8,2010,North America,White,Electric,Manual,2.3,26529,130138,50,Low
12/31/2011,X1,2011,North America,White,Hybrid,Automatic,5,25535,71853,7319,High
12/31/2021,i3,2021,South America,Silver,Petrol,Automatic,4.1,85456,91858,2865,Low
12/31/2024,3 Series,2024,Europe,White,Hybrid,Manual,4.3,35741,123013,9865,High
12/31/2013,i8,2013,Europe,Blue,Diesel,Automatic,1.9,11276,124122,50,Low
12/31/2021,X1,2021,North America,Black,Electric,Manual,3.2,164638,78661,7508,High
12/31/2018,M3,2018,Asia,White,Petrol,Automatic,4.8,20371,115965,2858,Low
12/31/2012,i3,2012,Middle East,Silver,Petrol,Automatic,2.4,175503,31801,3505,Low
12/31/2023,7 Series,2023,North America,Blue,Hybrid,Automatic,2,187667,125197,2444,Low
12/31/2015,5 Series,2015,South America,Grey,Diesel,Manual,3.2,38721,72158,3805,Low
12/31/2016,X3,2016,Asia,Grey,Hybrid,Manual,4.8,101007,89916,8199,High
12/31/2017,7 Series,2017,Asia,Blue,Hybrid,Automatic,3.2,148669,114796,1237,Low
12/31/2022,X3,2022,Asia,White,Diesel,Automatic,2.9,82386,88523,9743,High
12/31/2016,i8,2016,Europe,Red,Hybrid,Automatic,3.8,58620,160798,50,Low
12/31/2012,7 Series,2012,Asia,Grey,Diesel,Automatic,4.8,154790,88550,931,Low
12/31/2015,X6,2015,Europe,Blue,Petrol,Automatic,1.7,128739,68764,999,Low
12/31/2014,i3,2014,Africa,Silver,Diesel,Automatic,2,111839,41195,2522,Low
12/31/2024,M3,2024,Middle East,Silver,Diesel,Manual,2,125358,101582,3031,Low
12/31/2022,i8,2022,Africa,Silver,Petrol,Automatic,1.8,45666,146881,50,Low
12/31/2021,7 Series,2021,Europe,Blue,Diesel,Manual,2.6,178932,103873,2034,Low
12/31/2019,i8,2019,North America,Blue,Electric,Automatic,2.3,81667,153166,501,Low
12/31/2013,i3,2013,Middle East,Grey,Diesel,Automatic,3.4,57120,60362,2926,Low
12/31/2010,X6,2010,North America,White,Petrol,Manual,2.6,165573,45979,3362,Low
12/31/2023,M3,2023,Europe,Black,Hybrid,Automatic,2.9,195444,108338,3300,Low
12/31/2022,X3,2022,Europe,Silver,Petrol,Manual,4.8,94583,103247,8518,High
12/31/2016,i8,2016,Europe,Blue,Electric,Manual,2,92063,130820,50,Low
12/31/2017,3 Series,2017,South America,Grey,Diesel,Automatic,2.9,20162,75723,6027,High
12/31/2011,i3,2011,South America,Silver,Electric,Manual,2.4,141363,41159,2479,Low
12/31/2016,X1,2016,Asia,Grey,Electric,Automatic,3.4,64276,78873,7355,High
12/31/2015,7 Series,2015,North America,Black,Petrol,Manual,4.1,191335,86059,1108,Low
12/31/2014,5 Series,2014,Africa,Grey,Hybrid,Manual,4.4,58137,91786,2552,Low
12/31/2022,M5,2022,Africa,Grey,Petrol,Manual,3.3,5678,147662,744,Low
12/31/2013,i8,2013,Europe,Blue,Electric,Manual,4.5,83334,138826,50,Low
12/31/2011,5 Series,2011,South America,Red,Hybrid,Automatic,4.2,82847,76427,3263,Low
12/31/2019,X5,2019,North America,Black,Hybrid,Manual,2,193636,74745,7648,High
12/31/2015,i8,2015,South America,Blue,Hybrid,Automatic,2.4,43898,134946,50,Low
12/31/2014,M3,2014,Asia,Blue,Electric,Manual,3.9,63310,103992,2540,Low
12/31/2011,i3,2011,Africa,Grey,Petrol,Manual,4.9,85251,53958,1796,Low
12/31/2019,X5,2019,Asia,Red,Hybrid,Automatic,2.8,141008,96254,7073,High
12/31/2016,M3,2016,South America,Black,Petrol,Manual,2.3,157432,65573,1881,Low
12/31/2015,X3,2015,Middle East,Black,Petrol,Automatic,4.5,60396,84146,5054,High
12/31/2021,X5,2021,Asia,Black,Electric,Automatic,2.2,18769,122868,6486,High
12/31/2024,i8,2024,South America,Black,Electric,Manual,3.9,159081,169185,509,Low
12/31/2024,5 Series,2024,North America,White,Petrol,Manual,1.6,173940,86350,8324,High
12/31/2020,5 Series,2020,Africa,White,Diesel,Manual,1.6,171891,62807,4310,Low
12/31/2018,X5,2018,Europe,White,Electric,Manual,3.1,96000,97222,5888,High
12/31/2020,M5,2020,Africa,White,Hybrid,Automatic,3.8,26256,149689,965,Low
12/31/2019,i8,2019,Europe,Red,Petrol,Manual,2,33439,140865,92,Low
12/31/2014,X6,2014,Europe,Silver,Diesel,Manual,4.2,87335,80509,4070,Low
12/31/2018,M3,2018,South America,Silver,Diesel,Manual,2,89456,76497,1888,Low
12/31/2018,X5,2018,North America,Silver,Hybrid,Manual,3.4,188404,84014,6498,High
12/31/2022,3 Series,2022,Asia,Blue,Hybrid,Manual,2.6,13993,110077,12106,High
12/31/2010,5 Series,2010,South America,Silver,Electric,Manual,4.1,73886,72650,2981,Low
12/31/2014,5 Series,2014,Europe,Red,Diesel,Manual,4.3,101989,68969,5793,High
12/31/2018,X3,2018,Asia,Black,Hybrid,Manual,1.7,125734,69625,10175,High
12/31/2016,X3,2016,Africa,Silver,Electric,Manual,2.2,131482,63360,3916,Low
12/31/2015,M3,2015,South America,Red,Diesel,Automatic,4.6,191668,65957,1501,Low
12/31/2015,5 Series,2015,North America,Blue,Hybrid,Automatic,3,154488,71952,6909,High
12/31/2020,X3,2020,North America,White,Diesel,Automatic,3.2,25936,102015,7981,High
12/31/2016,M3,2016,Asia,Black,Hybrid,Automatic,2.1,37341,99483,2276,Low
12/31/2010,X1,2010,North America,Blue,Diesel,Manual,5,3814,58776,6435,High
12/31/2013,M5,2013,Asia,White,Hybrid,Manual,4.7,45701,130908,674,Low
12/31/2022,5 Series,2022,Africa,Grey,Diesel,Automatic,1.5,77240,89612,3964,Low
12/31/2024,M5,2024,North America,Red,Diesel,Manual,3.4,99018,151633,1903,Low
12/31/2010,X3,2010,Africa,Silver,Petrol,Manual,4.6,35717,59911,4261,Low
12/31/2015,5 Series,2015,Africa,White,Electric,Automatic,3,166109,69599,3621,Low
12/31/2023,i8,2023,South America,Black,Diesel,Automatic,3,131153,154367,134,Low
12/31/2022,3 Series,2022,Asia,Grey,Electric,Automatic,2.8,164648,86710,9634,High
12/31/2013,i8,2013,Asia,Silver,Diesel,Manual,1.6,4483,127005,50,Low
12/31/2010,3 Series,2010,North America,White,Petrol,Manual,4.3,50655,51281,8671,High
12/31/2018,i8,2018,Africa,White,Electric,Automatic,3.1,78344,150325,50,Low
12/31/2021,7 Series,2021,Asia,Red,Hybrid,Manual,3.4,106562,139649,2095,Low
12/31/2013,M5,2013,Middle East,White,Petrol,Automatic,2.4,124442,94813,509,Low
12/31/2021,i8,2021,Europe,Grey,Diesel,Manual,4.2,8237,166956,50,Low
12/31/2015,X5,2015,Asia,Blue,Petrol,Manual,4.3,37338,92524,5334,High
12/31/2022,i3,2022,North America,Red,Hybrid,Manual,3.4,103607,99135,6174,High
12/31/2016,i8,2016,Asia,White,Diesel,Automatic,4.7,9400,165947,50,Low
12/31/2017,M5,2017,North America,Black,Petrol,Manual,1.9,184189,95164,1954,Low
12/31/2021,M5,2021,Europe,Red,Hybrid,Automatic,4.3,57967,153385,2009,Low
12/31/2022,i8,2022,Middle East,Black,Hybrid,Manual,3.5,97927,167530,97,Low
12/31/2020,X1,2020,Africa,Grey,Hybrid,Manual,2.3,92173,74750,801,Low
12/31/2018,3 Series,2018,Africa,Silver,Petrol,Manual,2,131428,53994,5527,High
12/31/2018,X1,2018,Asia,Grey,Hybrid,Manual,2.6,70172,72560,9584,High
12/31/2017,i3,2017,Europe,Silver,Petrol,Automatic,4.5,118658,76959,5126,High
12/31/2019,M5,2019,North America,Grey,Hybrid,Automatic,4.3,43479,154107,1617,Low
12/31/2020,i8,2020,Asia,White,Petrol,Automatic,3.8,187278,140229,295,Low
12/31/2024,X5,2024,Asia,Silver,Electric,Automatic,1.8,175460,105478,7383,High
12/31/2021,X3,2021,Europe,White,Electric,Manual,4.8,124045,102873,9407,High
12/31/2021,X3,2021,Middle East,White,Diesel,Automatic,2.6,7015,106866,6907,High
12/31/2024,7 Series,2024,Asia,Black,Petrol,Automatic,3.6,147934,138516,2039,Low
12/31/2023,X3,2023,Asia,Red,Diesel,Manual,4.3,155402,87771,8516,High
12/31/2012,i3,2012,North America,Red,Hybrid,Manual,2,38268,58978,4832,Low
12/31/2021,M5,2021,Middle East,Grey,Diesel,Automatic,3.8,91328,147741,888,Low
12/31/2011,M5,2011,South America,White,Diesel,Automatic,1.6,137277,67378,486,Low
12/31/2014,X6,2014,Middle East,Grey,Petrol,Manual,1.9,139924,65151,9215,High
12/31/2010,X3,2010,Africa,Blue,Electric,Manual,4,59489,64880,3672,Low
12/31/2012,5 Series,2012,Europe,Blue,Diesel,Manual,2,125506,42093,6133,High
12/31/2010,i8,2010,North America,Grey,Petrol,Automatic,3.1,12550,120254,50,Low
12/31/2022,i8,2022,Africa,Grey,Petrol,Manual,2.4,191966,132087,228,Low
12/31/2012,X3,2012,Europe,Black,Diesel,Automatic,3,98137,48894,7988,High
12/31/2022,X3,2022,Europe,Grey,Petrol,Manual,1.8,177942,70091,8827,High
12/31/2013,5 Series,2013,North America,White,Hybrid,Manual,4.1,112082,77130,6799,High
12/31/2016,M5,2016,North America,Silver,Electric,Automatic,1.8,113782,122347,1283,Low
12/31/2021,M5,2021,Middle East,Grey,Hybrid,Manual,4.4,125257,145275,1318,Low
12/31/2024,M5,2024,Middle East,Black,Hybrid,Manual,3.8,116523,153572,1618,Low
12/31/2021,X1,2021,Asia,Silver,Diesel,Manual,3,124088,65479,8676,High
12/31/2014,X5,2014,Middle East,Grey,Hybrid,Automatic,4.5,57965,98462,3459,Low
12/31/2014,i3,2014,South America,Grey,Petrol,Manual,2.2,2581,62141,3037,Low
12/31/2022,i8,2022,South America,Blue,Hybrid,Manual,2.4,196566,141600,763,Low
12/31/2010,3 Series,2010,South America,Red,Diesel,Manual,2,10342,39531,4543,Low
12/31/2017,7 Series,2017,South America,Grey,Petrol,Automatic,2.8,192524,86302,804,Low
12/31/2022,X3,2022,South America,Red,Diesel,Automatic,5,184652,88703,6195,High
12/31/2013,X3,2013,Europe,Black,Electric,Manual,2.1,175388,47184,9136,High
12/31/2019,M5,2019,South America,Grey,Petrol,Automatic,4.4,66476,129928,734,Low
12/31/2014,M5,2014,South America,White,Petrol,Manual,3.8,177147,50805,1175,Low
12/31/2011,X5,2011,Asia,White,Electric,Manual,1.6,195717,46864,5569,High
12/31/2024,i3,2024,Africa,White,Diesel,Automatic,4.8,12832,115802,3283,Low
12/31/2021,M5,2021,Asia,Silver,Petrol,Automatic,4.9,164124,136187,2169,Low
12/31/2022,X5,2022,Europe,Red,Diesel,Manual,4.7,55122,118796,1273,Low
12/31/2010,i8,2010,Europe,Grey,Hybrid,Manual,3.3,107295,119290,50,Low
12/31/2018,7 Series,2018,Africa,Red,Hybrid,Manual,2.3,190356,89564,1274,Low
12/31/2024,7 Series,2024,North America,Silver,Electric,Manual,2.9,69304,158574,2044,Low
12/31/2011,X5,2011,Asia,Black,Petrol,Manual,3.6,172304,46567,5675,High
12/31/2015,i8,2015,Europe,Grey,Hybrid,Manual,2.8,183905,113342,50,Low
12/31/2010,X1,2010,Middle East,Black,Petrol,Manual,4,171474,25000,4994,Low
12/31/2010,M5,2010,North America,White,Electric,Manual,4.3,57148,122211,328,Low
12/31/2018,M5,2018,North America,Blue,Hybrid,Automatic,2.2,20298,142074,1682,Low
12/31/2013,X3,2013,Asia,Grey,Electric,Automatic,2.9,169019,54945,9785,High
12/31/2018,X3,2018,Africa,Grey,Hybrid,Manual,4.9,160419,78913,4670,Low
12/31/2020,5 Series,2020,South America,Black,Diesel,Manual,2.4,181621,68025,4443,Low
12/31/2014,5 Series,2014,Middle East,Red,Petrol,Manual,2.7,59030,75084,4397,Low
12/31/2016,7 Series,2016,Europe,Silver,Hybrid,Automatic,1.6,87806,101927,1178,Low
12/31/2010,3 Series,2010,Asia,Black,Hybrid,Manual,2.7,80214,48561,9689,High
12/31/2015,i8,2015,Middle East,Silver,Electric,Manual,2.8,109921,136918,50,Low
12/31/2017,X1,2017,Asia,White,Electric,Manual,1.8,77200,71567,8552,High
12/31/2023,7 Series,2023,South America,White,Hybrid,Automatic,1.5,162060,119520,1470,Low
12/31/2010,X6,2010,Asia,White,Hybrid,Manual,3.5,28383,86999,3282,Low
12/31/2018,X3,2018,Asia,Red,Petrol,Automatic,2.6,136453,67582,9708,High
12/31/2012,5 Series,2012,North America,Silver,Hybrid,Manual,1.6,124659,53147,6652,High
12/31/2010,X1,2010,North America,Black,Petrol,Automatic,4.5,14526,61083,6448,High
12/31/2010,X6,2010,North America,Black,Diesel,Manual,3.5,128682,58863,3143,Low
12/31/2022,5 Series,2022,Europe,Grey,Hybrid,Manual,2.1,183791,86130,8807,High
12/31/2023,X5,2023,Asia,Grey,Hybrid,Automatic,4.5,79530,134752,7116,High
12/31/2020,7 Series,2020,Europe,Grey,Diesel,Manual,2.4,130019,107938,1700,Low
12/31/2015,3 Series,2015,Middle East,Red,Electric,Manual,2.3,4760,87709,5394,High
12/31/2020,X5,2020,Europe,Red,Diesel,Manual,4.6,129847,99931,5364,High
12/31/2015,M5,2015,South America,Silver,Electric,Manual,2.1,183218,89130,603,Low
12/31/2010,7 Series,2010,Middle East,Red,Hybrid,Automatic,4.6,117826,102165,50,Low
12/31/2023,M5,2023,Africa,Silver,Electric,Automatic,4.3,16951,174024,892,Low
12/31/2023,i3,2023,Europe,Silver,Diesel,Manual,2.6,119406,79881,5268,High
12/31/2012,i8,2012,Asia,Grey,Petrol,Manual,1.6,57022,106451,50,Low
12/31/2016,7 Series,2016,Europe,Grey,Diesel,Automatic,1.8,82958,91846,1101,Low
12/31/2019,X5,2019,Asia,Black,Diesel,Automatic,1.9,57790,94174,5452,High
12/31/2012,i3,2012,Middle East,Silver,Hybrid,Manual,4.6,77101,69037,2479,Low
12/31/2012,i8,2012,Middle East,Grey,Hybrid,Automatic,2.9,85756,137922,50,Low
12/31/2012,7 Series,2012,Middle East,Grey,Petrol,Manual,1.6,97809,75256,348,Low
12/31/2021,5 Series,2021,South America,Blue,Petrol,Automatic,3.4,141833,92588,4022,Low
12/31/2016,X3,2016,Asia,Grey,Diesel,Manual,2.2,148100,47684,9347,High
12/31/2013,7 Series,2013,Europe,Grey,Hybrid,Automatic,2.3,135589,91187,755,Low
12/31/2013,i8,2013,Europe,Blue,Electric,Automatic,2.1,91700,122027,50,Low
12/31/2012,X5,2012,North America,Blue,Electric,Automatic,4.2,99096,84224,5134,High
12/31/2019,X3,2019,Europe,Blue,Diesel,Manual,1.5,185898,49868,9543,High
12/31/2020,X1,2020,Middle East,Red,Hybrid,Automatic,3,151708,72277,6790,High
12/31/2018,5 Series,2018,Europe,Black,Hybrid,Manual,1.8,41385,53507,7357,High
12/31/2011,7 Series,2011,Middle East,Red,Diesel,Automatic,3.4,134113,80971,145,Low
12/31/2013,5 Series,2013,Africa,White,Petrol,Automatic,2.7,20078,68881,3239,Low
12/31/2017,M3,2017,Africa,White,Electric,Manual,1.6,129618,81874,1394,Low
12/31/2015,3 Series,2015,Africa,White,Diesel,Automatic,3.1,11445,73269,15000,High
12/31/2023,5 Series,2023,Middle East,Red,Diesel,Manual,3.5,80555,111359,4826,Low
12/31/2016,X3,2016,Europe,White,Electric,Manual,2.4,145717,65178,8605,High
12/31/2022,i8,2022,South America,Silver,Diesel,Manual,4.2,32694,166950,50,Low
12/31/2016,3 Series,2016,Asia,Blue,Electric,Manual,2.8,159506,63415,9682,High
12/31/2011,i8,2011,Africa,Black,Hybrid,Automatic,4.1,198115,105212,50,Low
12/31/2013,X5,2013,North America,White,Petrol,Manual,3.5,75516,73497,5476,High
12/31/2019,i3,2019,Europe,Red,Diesel,Automatic,4.5,65023,89896,4804,Low
12/31/2019,X1,2019,North America,Blue,Electric,Manual,3.4,88252,89329,7970,High
12/31/2015,M3,2015,Europe,Blue,Electric,Manual,2.1,43733,90334,2040,Low
12/31/2012,7 Series,2012,Middle East,White,Hybrid,Automatic,4.4,132736,107486,50,Low
12/31/2018,3 Series,2018,Europe,Grey,Diesel,Automatic,4.2,98560,76239,8444,High
12/31/2022,X5,2022,Europe,Silver,Hybrid,Manual,4.9,94487,132239,6067,High
12/31/2013,3 Series,2013,Africa,Red,Diesel,Automatic,1.8,190192,25000,4951,Low
12/31/2019,M3,2019,Middle East,Black,Hybrid,Manual,3.6,31024,122869,2396,Low
12/31/2022,X6,2022,Middle East,Silver,Diesel,Automatic,3.2,100955,114618,3129,Low
12/31/2011,3 Series,2011,Europe,Blue,Diesel,Automatic,3.8,115168,43461,7466,High
12/31/2015,X6,2015,South America,Red,Petrol,Automatic,4.9,136793,90075,2265,Low
12/31/2010,M3,2010,Africa,Blue,Petrol,Automatic,3.4,66832,65101,631,Low
12/31/2015,X1,2015,South America,Grey,Electric,Automatic,3.9,72984,79098,4809,Low
12/31/2022,i8,2022,North America,White,Hybrid,Manual,2.7,50238,169499,716,Low
12/31/2021,X5,2021,Middle East,Silver,Diesel,Manual,2.5,106399,94103,3842,Low
12/31/2019,5 Series,2019,North America,Black,Diesel,Automatic,2.7,20481,94047,7474,High
12/31/2010,M5,2010,South America,Black,Petrol,Automatic,1.6,153077,60221,335,Low
12/31/2023,X5,2023,North America,Blue,Diesel,Manual,2.5,152938,89737,6082,High
12/31/2017,M5,2017,Europe,Black,Electric,Automatic,2.1,126065,113837,1402,Low
12/31/2014,5 Series,2014,South America,Red,Petrol,Manual,3.1,5325,82030,3586,Low
12/31/2015,X3,2015,South America,Black,Electric,Manual,3.1,13900,87828,4764,Low
12/31/2011,X3,2011,Europe,Blue,Petrol,Manual,4.2,195748,34827,9040,High
12/31/2011,X3,2011,North America,Blue,Hybrid,Manual,3.3,16458,67947,8298,High
12/31/2021,X1,2021,North America,Grey,Petrol,Automatic,3.1,57914,82732,8364,High
12/31/2018,X3,2018,Middle East,Black,Hybrid,Manual,2.3,97711,76773,6413,High
12/31/2012,M3,2012,Middle East,Black,Petrol,Manual,4.5,84040,80528,1165,Low
12/31/2015,i8,2015,South America,Black,Electric,Manual,1.8,77027,136624,50,Low
12/31/2019,X3,2019,Africa,Red,Petrol,Automatic,4.9,199701,70849,5624,High
12/31/2014,X6,2014,South America,Black,Electric,Manual,3.2,134979,83427,2161,Low
12/31/2023,i8,2023,South America,White,Petrol,Manual,2.2,118954,141044,370,Low
12/31/2021,3 Series,2021,North America,Silver,Diesel,Manual,2.7,48357,86491,8856,High
12/31/2013,M5,2013,Middle East,Grey,Hybrid,Manual,1.6,115442,95108,489,Low
12/31/2019,7 Series,2019,North America,Black,Electric,Automatic,2.1,92531,123084,2069,Low
12/31/2011,X5,2011,Europe,Red,Petrol,Manual,2.7,93672,55595,5195,High
12/31/2017,3 Series,2017,Europe,Silver,Hybrid,Automatic,3.4,179382,61790,9703,High
12/31/2019,X6,2019,Asia,Blue,Electric,Manual,2,87698,107460,796,Low
12/31/2016,M5,2016,Europe,Red,Petrol,Automatic,3.9,158271,106376,1375,Low
12/31/2020,5 Series,2020,Africa,Blue,Hybrid,Manual,4.5,194568,90864,4954,Low
12/31/2011,X1,2011,South America,Silver,Petrol,Automatic,3.5,192715,25000,3966,Low
12/31/2015,5 Series,2015,Africa,Grey,Petrol,Manual,2.5,48038,71428,3747,Low
12/31/2023,7 Series,2023,South America,Red,Hybrid,Automatic,1.9,38570,136315,1626,Low
12/31/2017,M3,2017,Asia,Grey,Petrol,Manual,1.6,109729,77656,2837,Low
12/31/2016,7 Series,2016,North America,Grey,Hybrid,Manual,4.1,115146,112994,1043,Low
12/31/2024,X6,2024,Middle East,Grey,Diesel,Automatic,3.7,40254,140373,2973,Low
12/31/2010,X6,2010,South America,Silver,Electric,Manual,3.2,152495,65762,1710,Low
12/31/2014,M5,2014,Asia,Red,Electric,Manual,1.9,121518,101272,1441,Low
12/31/2011,5 Series,2011,Africa,Blue,Diesel,Automatic,2.2,129579,37422,350,Low
12/31/2015,X1,2015,Asia,Red,Hybrid,Automatic,4.4,98198,73383,8602,High
12/31/2016,i8,2016,Europe,Silver,Hybrid,Manual,3.2,151402,132720,50,Low
12/31/2023,i3,2023,Europe,Black,Petrol,Manual,4.9,54055,114899,4913,Low
12/31/2023,X6,2023,Middle East,Black,Diesel,Automatic,5,124427,126025,2642,Low
12/31/2016,X3,2016,Middle East,Black,Diesel,Manual,4.3,33074,85863,5632,High
12/31/2012,7 Series,2012,South America,Grey,Electric,Manual,2.4,15058,105910,50,Low
12/31/2016,7 Series,2016,Middle East,Grey,Electric,Manual,2.3,160561,107176,558,Low
12/31/2024,i8,2024,Europe,White,Petrol,Manual,2.4,81375,160515,537,Low
12/31/2014,M3,2014,North America,Silver,Hybrid,Manual,5,33472,104325,2083,Low
12/31/2017,X1,2017,Africa,Red,Petrol,Manual,2.7,112206,49764,4776,Low
12/31/2024,X5,2024,North America,Blue,Electric,Automatic,4,143791,131086,6829,High
12/31/2021,M5,2021,Europe,Blue,Petrol,Automatic,4.9,142012,144038,1509,Low
12/31/2017,X5,2017,South America,Red,Diesel,Manual,4.4,192565,71883,3160,Low
12/31/2016,X3,2016,North America,Silver,Hybrid,Manual,3.6,58228,87885,7258,High
12/31/2015,5 Series,2015,South America,Silver,Hybrid,Automatic,2.1,29529,87881,3897,Low
12/31/2011,7 Series,2011,Europe,Blue,Diesel,Automatic,2.1,12455,86789,643,Low
12/31/2015,X3,2015,North America,Black,Hybrid,Automatic,3.2,128919,73100,7636,High
12/31/2022,M5,2022,Middle East,Blue,Petrol,Automatic,4.8,80837,156370,921,Low
12/31/2021,X3,2021,Africa,Black,Hybrid,Manual,4.7,7036,115028,5272,High
12/31/2024,M5,2024,Asia,Blue,Petrol,Automatic,2.1,62353,150412,1829,Low
12/31/2020,5 Series,2020,Africa,Black,Hybrid,Automatic,2.5,90455,93420,4874,Low
12/31/2018,M5,2018,North America,Blue,Diesel,Automatic,3.6,183755,108146,1989,Low
12/31/2024,i3,2024,Europe,Red,Diesel,Manual,3.2,133783,85403,6257,High
12/31/2011,7 Series,2011,Europe,Grey,Diesel,Automatic,1.9,108615,71923,888,Low
12/31/2010,X1,2010,Europe,Black,Diesel,Automatic,2.8,112768,38026,6283,High
12/31/2020,5 Series,2020,North America,Grey,Hybrid,Manual,4.8,50860,125368,8124,High
12/31/2022,i3,2022,Africa,Red,Electric,Manual,4.8,91235,116616,3532,Low
12/31/2014,M3,2014,South America,White,Hybrid,Manual,3.5,112936,80648,1372,Low
12/31/2020,i8,2020,Middle East,Grey,Petrol,Manual,3.7,152070,145787,50,Low
12/31/2015,M3,2015,Middle East,White,Diesel,Manual,2.3,35634,86998,1702,Low
12/31/2012,3 Series,2012,Asia,Blue,Petrol,Manual,4.1,79452,53292,8837,High
12/31/2017,5 Series,2017,North America,Red,Electric,Automatic,1.7,160537,76521,7314,High
12/31/2016,X6,2016,Europe,Red,Electric,Manual,2.3,19945,107099,3893,Low
12/31/2011,i8,2011,North America,Silver,Hybrid,Automatic,1.5,56034,114318,50,Low
12/31/2021,X5,2021,North America,Grey,Petrol,Manual,2.8,168095,85545,5667,High
12/31/2016,X1,2016,North America,Blue,Diesel,Manual,4.5,164529,53555,6798,High
12/31/2024,X5,2024,Middle East,Red,Diesel,Automatic,4.9,65654,134966,4793,Low
12/31/2024,X6,2024,North America,White,Electric,Manual,3.8,35623,150832,4999,Low
12/31/2010,5 Series,2010,Africa,Silver,Diesel,Automatic,4.1,163935,42173,2801,Low
12/31/2018,M3,2018,Africa,Blue,Electric,Manual,2.4,180000,80077,2254,Low
12/31/2022,i8,2022,South America,Black,Diesel,Manual,3.3,133622,140814,190,Low
12/31/2016,3 Series,2016,South America,Red,Diesel,Manual,4.1,150353,55538,6025,High
12/31/2015,X1,2015,Africa,Black,Electric,Manual,3.2,182357,25000,4641,Low
12/31/2022,X1,2022,Europe,Black,Diesel,Manual,1.8,27918,83706,8609,High
12/31/2011,M3,2011,North America,Grey,Hybrid,Automatic,4.1,165096,68297,2443,Low
12/31/2012,X3,2012,South America,Black,Electric,Automatic,2.3,131990,53837,4821,Low
12/31/2010,X1,2010,Middle East,Blue,Diesel,Manual,1.8,3176,38128,4455,Low
12/31/2024,X5,2024,Middle East,Grey,Electric,Manual,3.2,11748,150409,4816,Low
12/31/2019,M5,2019,Europe,White,Diesel,Manual,1.8,155788,96262,2004,Low
12/31/2022,i8,2022,South America,Red,Petrol,Manual,3.7,64533,168074,50,Low
12/31/2014,M5,2014,North America,Blue,Diesel,Manual,3.7,18412,114779,1133,Low
12/31/2018,7 Series,2018,Africa,Grey,Diesel,Automatic,2.4,116821,98100,664,Low
12/31/2022,7 Series,2022,Africa,Black,Electric,Automatic,4.9,92508,152934,794,Low
12/31/2015,i3,2015,Asia,White,Electric,Manual,4.4,158338,70021,12634,High
12/31/2014,i8,2014,Asia,Blue,Diesel,Automatic,1.9,184338,99579,50,Low
12/31/2021,i8,2021,Middle East,Black,Diesel,Manual,4.1,152811,144964,50,Low
12/31/2012,5 Series,2012,South America,Black,Hybrid,Automatic,2.7,125362,58846,3273,Low
12/31/2014,i3,2014,Asia,Red,Electric,Manual,4.1,159398,64002,4317,Low
12/31/2017,M5,2017,North America,Red,Hybrid,Automatic,4.3,100549,130737,1177,Low
12/31/2021,5 Series,2021,South America,White,Diesel,Automatic,2,269,101719,4371,Low
12/31/2011,5 Series,2011,Middle East,Blue,Electric,Manual,3.8,131739,71041,3515,Low
12/31/2014,3 Series,2014,Africa,Red,Petrol,Manual,4.5,33182,74249,5129,High
12/31/2015,i8,2015,Africa,Silver,Petrol,Manual,2.6,62136,121873,50,Low
12/31/2019,7 Series,2019,South America,Blue,Hybrid,Manual,1.8,67244,116549,1105,Low
12/31/2017,X6,2017,Middle East,Blue,Petrol,Manual,1.6,121305,78157,3133,Low
12/31/2017,X6,2017,Middle East,Red,Diesel,Automatic,1.9,138354,81440,2943,Low
12/31/2024,X1,2024,Europe,Black,Diesel,Manual,1.5,56617,83458,9104,High
12/31/2014,M3,2014,Middle East,Red,Petrol,Automatic,2.6,11778,89982,1463,Low
12/31/2018,i3,2018,Africa,Silver,Electric,Automatic,2.5,21896,97320,3079,Low
12/31/2013,7 Series,2013,Middle East,Blue,Electric,Automatic,1.9,122626,101144,126,Low
12/31/2021,i3,2021,South America,Black,Diesel,Automatic,3.8,160026,77758,3054,Low
12/31/2018,5 Series,2018,Africa,Red,Electric,Automatic,5,146994,97498,3496,Low
12/31/2020,7 Series,2020,Europe,Blue,Diesel,Automatic,4.7,157028,124129,1329,Low
12/31/2016,X1,2016,North America,Grey,Petrol,Manual,2.4,181998,35206,7329,High
12/31/2015,M3,2015,Asia,Grey,Hybrid,Automatic,4.2,165552,85423,2615,Low
12/31/2013,3 Series,2013,Africa,Black,Diesel,Manual,4.8,115459,53125,5197,High
12/31/2011,X1,2011,North America,Red,Electric,Automatic,4.7,191663,47767,6756,High
12/31/2017,M5,2017,Asia,Black,Electric,Manual,4.6,85191,136367,1460,Low
12/31/2015,7 Series,2015,Asia,White,Petrol,Automatic,4.3,8586,126045,803,Low
12/31/2021,5 Series,2021,South America,Black,Petrol,Manual,2.5,21820,104121,4449,Low
12/31/2024,3 Series,2024,Asia,Grey,Electric,Manual,1.8,60501,111305,12525,High
12/31/2012,M3,2012,North America,Grey,Electric,Manual,3.2,97203,84422,2047,Low
12/31/2016,5 Series,2016,Europe,Silver,Hybrid,Automatic,1.7,59250,86945,7127,High
12/31/2019,M5,2019,Asia,Blue,Hybrid,Automatic,5,49184,152999,2067,Low
12/31/2016,M5,2016,North America,Black,Petrol,Automatic,2.8,41321,116945,1183,Low
12/31/2015,M5,2015,North America,Blue,Hybrid,Automatic,4.9,171,148555,781,Low
12/31/2011,M3,2011,Europe,Blue,Petrol,Manual,4.2,27351,83083,1841,Low
12/31/2017,3 Series,2017,Middle East,Blue,Diesel,Manual,2.9,127745,55571,7384,High
12/31/2010,i8,2010,Europe,Red,Petrol,Manual,1.9,85854,102026,50,Low
12/31/2022,3 Series,2022,South America,Black,Electric,Automatic,2.3,194365,78737,7551,High
12/31/2010,i8,2010,Europe,Red,Electric,Manual,3.9,92133,124998,50,Low
12/31/2015,X5,2015,Europe,Red,Hybrid,Manual,4.4,176367,77798,6021,High
12/31/2014,X3,2014,Asia,Grey,Electric,Automatic,4.9,196175,72050,8796,High
12/31/2018,i8,2018,Europe,White,Hybrid,Manual,2,63765,144728,375,Low
12/31/2022,X6,2022,Africa,Blue,Hybrid,Manual,2,72138,114277,3131,Low
12/31/2021,X1,2021,Asia,Red,Diesel,Automatic,1.6,99238,64331,15000,High
12/31/2016,X1,2016,South America,White,Electric,Manual,2.4,11405,81133,3879,Low
12/31/2011,X3,2011,North America,Red,Hybrid,Automatic,4.4,147689,56784,8085,High
12/31/2022,7 Series,2022,South America,Grey,Diesel,Automatic,2.2,16972,128006,826,Low
12/31/2021,7 Series,2021,Middle East,Black,Electric,Manual,3.4,34575,147822,1287,Low
12/31/2016,X6,2016,Africa,Red,Diesel,Automatic,3.1,41819,88184,1680,Low
12/31/2024,5 Series,2024,Europe,White,Diesel,Automatic,2.6,145990,93586,8531,High
12/31/2012,5 Series,2012,Africa,Blue,Petrol,Automatic,3.7,10513,77282,3200,Low
12/31/2010,3 Series,2010,Africa,Grey,Hybrid,Manual,3.3,26833,59892,4306,Low
12/31/2020,5 Series,2020,Middle East,Silver,Diesel,Automatic,2.7,40494,99598,4930,Low
12/31/2017,i8,2017,North America,White,Diesel,Automatic,3.9,85450,148865,50,Low
12/31/2023,3 Series,2023,Africa,Grey,Electric,Automatic,2.5,174642,84701,5833,High
12/31/2021,5 Series,2021,Africa,White,Diesel,Manual,3.8,31270,108773,3242,Low
12/31/2012,3 Series,2012,Africa,White,Petrol,Manual,4.9,158352,44595,4565,Low
12/31/2020,X3,2020,Asia,Grey,Diesel,Manual,4.1,84741,85821,10572,High
12/31/2017,i3,2017,Africa,White,Petrol,Automatic,3,13869,76692,2637,Low
12/31/2016,M3,2016,Middle East,White,Hybrid,Manual,4.1,69920,105958,1494,Low
12/31/2021,i3,2021,Europe,Red,Hybrid,Manual,4.3,58708,104187,4890,Low
12/31/2024,i8,2024,Africa,Black,Electric,Automatic,2.6,151668,164636,559,Low
12/31/2011,i3,2011,Africa,Red,Petrol,Manual,4,67254,51249,2108,Low
12/31/2022,M5,2022,Middle East,Silver,Hybrid,Automatic,3,161400,140631,1737,Low
12/31/2023,5 Series,2023,Asia,Grey,Electric,Automatic,4.4,47816,143693,7638,High
12/31/2023,X3,2023,North America,Black,Hybrid,Manual,2.5,199840,81360,8723,High
12/31/2010,X6,2010,Middle East,Black,Hybrid,Manual,4.8,187155,71178,1773,Low
12/31/2016,X3,2016,Africa,White,Diesel,Manual,3.5,45718,74475,4350,Low
12/31/2022,5 Series,2022,Middle East,Red,Hybrid,Automatic,2.7,82383,118140,5644,High
12/31/2010,X5,2010,South America,Blue,Diesel,Manual,3,59647,53781,3037,Low
12/31/2015,5 Series,2015,Asia,Blue,Petrol,Manual,2.7,123053,60821,6612,High
12/31/2022,i3,2022,North America,White,Petrol,Automatic,2,38682,93524,5444,High
12/31/2020,X1,2020,Asia,Grey,Electric,Manual,1.7,106883,72145,8767,High
12/31/2019,M3,2019,Africa,Grey,Petrol,Manual,2.6,28942,96375,1545,Low
12/31/2020,5 Series,2020,Asia,Black,Hybrid,Automatic,3.1,178003,87313,8953,High
12/31/2019,i8,2019,Africa,Black,Diesel,Automatic,2.8,50098,146846,50,Low
12/31/2017,M5,2017,Africa,White,Petrol,Manual,1.5,139498,90770,858,Low
12/31/2016,i8,2016,North America,Red,Petrol,Manual,3.5,92903,131991,50,Low
12/31/2013,3 Series,2013,Middle East,Grey,Diesel,Automatic,2,110159,42152,6492,High
12/31/2010,i3,2010,Africa,Blue,Petrol,Automatic,2.2,141217,25000,2352,Low
12/31/2010,3 Series,2010,Africa,Grey,Hybrid,Automatic,1.9,170445,25000,4018,Low
12/31/2013,i3,2013,Europe,Black,Diesel,Automatic,3.3,105818,49964,4023,Low
12/31/2014,X5,2014,North America,Black,Electric,Manual,1.8,5313,97498,4695,Low
12/31/2021,M3,2021,Asia,Red,Electric,Automatic,2.4,100508,121082,3501,Low
12/31/2016,5 Series,2016,Asia,Silver,Diesel,Manual,3.1,86532,75627,7939,High
12/31/2023,M5,2023,Middle East,Red,Diesel,Automatic,2.1,110683,135619,1272,Low
12/31/2013,X6,2013,South America,Silver,Hybrid,Automatic,3.1,165601,70190,1844,Low
12/31/2019,M5,2019,Africa,Black,Electric,Automatic,2.7,192661,119894,1271,Low
12/31/2023,X6,2023,Africa,Grey,Petrol,Automatic,4.5,150589,120006,2418,Low
12/31/2021,X3,2021,Africa,Grey,Petrol,Manual,4.3,198512,72775,5667,High
12/31/2010,M3,2010,Middle East,Grey,Diesel,Automatic,5,41263,83771,901,Low
12/31/2020,X5,2020,Middle East,Blue,Electric,Automatic,3.4,8153,136208,4549,Low
12/31/2019,X6,2019,Asia,Blue,Electric,Automatic,3.5,130930,114122,5134,High
12/31/2016,M3,2016,Europe,Black,Diesel,Automatic,4.8,55427,105192,2067,Low
12/31/2011,X1,2011,Europe,Red,Diesel,Manual,2.9,54756,36661,7089,High
12/31/2022,M3,2022,South America,Blue,Diesel,Automatic,3.4,176928,89601,2059,Low
12/31/2020,i3,2020,Africa,Grey,Diesel,Manual,2.8,162896,57234,3351,Low
12/31/2011,i3,2011,Africa,Red,Hybrid,Manual,3.4,60465,53653,1820,Low
12/31/2017,M3,2017,South America,Red,Diesel,Automatic,1.8,111608,69176,2034,Low
12/31/2021,i3,2021,Asia,Silver,Hybrid,Automatic,4.2,149618,90816,6080,High
12/31/2019,X5,2019,Europe,Black,Diesel,Manual,4.9,86791,102825,5400,High
12/31/2019,5 Series,2019,South America,Red,Diesel,Automatic,1.7,120239,67076,4493,Low
12/31/2019,X1,2019,Africa,Silver,Petrol,Automatic,4.3,82316,81764,4165,Low
12/31/2014,X1,2014,North America,Silver,Electric,Automatic,2.3,85273,64118,7677,High
12/31/2019,i8,2019,North America,Black,Hybrid,Manual,2.2,175538,131519,803,Low
12/31/2011,M5,2011,North America,Red,Hybrid,Manual,3.9,21794,115998,605,Low
12/31/2014,7 Series,2014,Asia,Grey,Hybrid,Automatic,1.7,81582,101316,1010,Low
12/31/2017,5 Series,2017,Africa,Silver,Petrol,Automatic,3.1,81131,81524,3085,Low
12/31/2015,M5,2015,North America,Blue,Diesel,Automatic,1.5,78062,103443,1317,Low
12/31/2012,i8,2012,Africa,Grey,Hybrid,Manual,3.4,176104,100095,50,Low
12/31/2017,M3,2017,North America,Black,Electric,Automatic,3.1,17343,124270,2119,Low
12/31/2024,X5,2024,Africa,Grey,Petrol,Automatic,4.7,77416,131181,3412,Low
12/31/2023,i8,2023,North America,Red,Hybrid,Manual,4,69421,179257,563,Low
12/31/2018,i8,2018,Africa,Silver,Hybrid,Automatic,1.9,13601,149636,50,Low
12/31/2014,i3,2014,North America,Silver,Petrol,Manual,2.7,171710,39131,4905,Low
12/31/2022,X3,2022,Asia,Blue,Diesel,Manual,4.8,31479,107995,8740,High
12/31/2011,X5,2011,Middle East,Silver,Hybrid,Automatic,4,149210,69215,2948,Low
12/31/2011,i8,2011,South America,White,Diesel,Manual,3.6,22442,122085,50,Low
12/31/2016,7 Series,2016,Middle East,Red,Hybrid,Automatic,3.5,14487,132897,113,Low
12/31/2010,M5,2010,Asia,Black,Petrol,Manual,2.9,118800,76568,1287,Low
12/31/2019,X1,2019,North America,White,Electric,Manual,3.5,77051,93549,7999,High
12/31/2021,M5,2021,Europe,White,Petrol,Manual,4.2,172843,129635,2067,Low
12/31/2011,X1,2011,North America,Black,Electric,Automatic,1.9,165569,30609,6620,High
12/31/2019,X1,2019,Africa,White,Diesel,Manual,4.9,148284,67736,4696,Low
12/31/2013,i8,2013,Africa,Red,Hybrid,Automatic,2.3,70055,128425,50,Low
12/31/2010,X3,2010,Africa,Silver,Electric,Automatic,3.1,156879,42236,4174,Low
12/31/2013,3 Series,2013,Europe,Red,Hybrid,Automatic,1.6,178434,37010,8962,High
12/31/2022,X1,2022,Africa,Black,Diesel,Manual,3.4,47382,82713,4362,Low
12/31/2021,5 Series,2021,Asia,Blue,Diesel,Manual,2.8,130694,82423,7516,High
12/31/2020,5 Series,2020,Asia,White,Hybrid,Automatic,2.4,182615,79562,7294,High
12/31/2022,M3,2022,Europe,Black,Hybrid,Automatic,4.9,95687,127338,3093,Low
12/31/2019,M5,2019,South America,White,Electric,Manual,3,136893,130696,1073,Low
12/31/2024,i3,2024,North America,Red,Diesel,Automatic,3,172500,78297,5526,High
12/31/2014,3 Series,2014,South America,Silver,Petrol,Manual,3.1,95696,49890,6520,High
12/31/2018,7 Series,2018,Asia,White,Electric,Automatic,1.9,78072,128081,1668,Low
12/31/2010,X1,2010,North America,Blue,Electric,Manual,2.9,107930,39928,7447,High
12/31/2021,M3,2021,Middle East,Black,Petrol,Automatic,2.7,67965,111142,2131,Low
12/31/2014,i8,2014,South America,Silver,Hybrid,Automatic,3.1,49450,137230,50,Low
12/31/2011,X1,2011,Asia,Blue,Petrol,Automatic,4.5,174411,31744,7100,High
12/31/2018,i3,2018,North America,Red,Diesel,Manual,2.2,13528,76153,5505,High
12/31/2015,M5,2015,Asia,Blue,Electric,Automatic,3.6,140597,122487,1367,Low
12/31/2011,M5,2011,North America,Red,Diesel,Automatic,1.6,115448,79875,1296,Low
12/31/2023,5 Series,2023,Europe,White,Diesel,Automatic,2.6,112934,95509,6164,High
12/31/2012,i3,2012,Middle East,Red,Electric,Manual,3.2,191219,43934,2756,Low
12/31/2023,i8,2023,Europe,Black,Electric,Manual,1.8,87390,169045,702,Low
12/31/2017,X5,2017,Asia,Silver,Petrol,Automatic,3.4,29,101097,5912,High
12/31/2010,X6,2010,Europe,Silver,Diesel,Automatic,2.6,105443,55055,3841,Low
12/31/2021,M5,2021,South America,Blue,Petrol,Manual,5,1584,151148,715,Low
12/31/2012,M5,2012,Africa,White,Electric,Manual,3.7,168552,91076,50,Low
12/31/2022,7 Series,2022,Middle East,Black,Petrol,Automatic,2.4,159374,113600,1287,Low
12/31/2019,X1,2019,North America,Silver,Electric,Automatic,1.9,59222,85537,9051,High
12/31/2010,M5,2010,Asia,Red,Electric,Automatic,1.6,193066,74847,1329,Low
12/31/2020,X1,2020,Asia,Black,Hybrid,Manual,1.8,75170,78252,9078,High
12/31/2020,5 Series,2020,Africa,White,Petrol,Automatic,3.9,34899,107924,3064,Low
12/31/2017,7 Series,2017,North America,Blue,Petrol,Manual,4.5,17906,138972,692,Low
12/31/2010,M5,2010,Africa,Black,Electric,Automatic,2,10793,108254,50,Low
12/31/2022,i8,2022,South America,Blue,Electric,Manual,2.9,9819,187983,50,Low
12/31/2014,i8,2014,South America,White,Electric,Manual,2.7,26015,140550,50,Low
12/31/2013,7 Series,2013,Asia,White,Electric,Manual,3.8,140871,97736,96,Low
12/31/2016,X5,2016,Africa,Red,Diesel,Manual,2.1,25647,75724,2706,Low
12/31/2023,i8,2023,Europe,Black,Electric,Automatic,4.8,168174,172833,612,Low
12/31/2014,i3,2014,Asia,Silver,Diesel,Automatic,4,3736,75613,4025,Low
12/31/2017,X5,2017,Europe,Black,Hybrid,Manual,4.8,16586,112826,5126,High
12/31/2021,X1,2021,Middle East,Blue,Diesel,Automatic,2.5,5375,87631,5064,High
12/31/2023,X6,2023,South America,Black,Hybrid,Manual,3.6,165399,111519,3929,Low
12/31/2020,X5,2020,Middle East,Grey,Electric,Manual,4.1,141763,111129,4862,Low
12/31/2010,X5,2010,South America,Blue,Hybrid,Manual,4,134946,61632,2988,Low
12/31/2014,M3,2014,Asia,Black,Petrol,Manual,1.6,80065,67502,2512,Low
12/31/2013,X1,2013,North America,Silver,Hybrid,Automatic,5,115933,65582,6847,High
12/31/2012,i8,2012,Middle East,Red,Petrol,Manual,4.7,62119,140419,50,Low
12/31/2014,5 Series,2014,Asia,White,Electric,Automatic,1.9,148677,67597,7591,High
12/31/2019,i8,2019,South America,Black,Diesel,Manual,3.4,55017,141880,50,Low
12/31/2024,5 Series,2024,Asia,Black,Petrol,Manual,2.6,105072,98101,8689,High
12/31/2012,X3,2012,Middle East,Silver,Electric,Automatic,4.6,148300,67372,5236,High
12/31/2017,M5,2017,Asia,Black,Electric,Manual,3.9,169770,127480,1585,Low
12/31/2022,X1,2022,Asia,Red,Hybrid,Manual,2.3,165587,69976,8202,High
12/31/2012,X6,2012,North America,Black,Electric,Automatic,1.6,141050,72312,4024,Low
12/31/2010,7 Series,2010,Europe,Grey,Petrol,Manual,2.5,66967,79531,496,Low
12/31/2018,5 Series,2018,Asia,Black,Hybrid,Manual,1.6,184361,64211,8516,High
12/31/2024,5 Series,2024,Europe,White,Petrol,Automatic,2,162262,93605,6758,High
12/31/2018,i3,2018,South America,Black,Petrol,Manual,3.7,92488,72376,3166,Low
12/31/2015,X3,2015,Africa,Red,Hybrid,Automatic,4.1,72190,85351,3469,Low
12/31/2019,X1,2019,Africa,White,Petrol,Manual,3.1,193527,48839,4974,Low
12/31/2010,i8,2010,Asia,Red,Diesel,Automatic,3.6,116505,111559,50,Low
12/31/2017,i3,2017,North America,White,Hybrid,Manual,2,128729,59897,4967,Low
12/31/2011,3 Series,2011,Africa,Grey,Petrol,Manual,2.6,164177,25000,4316,Low
12/31/2018,X6,2018,North America,Red,Petrol,Automatic,4,70563,113354,3963,Low
12/31/2023,M5,2023,Africa,Black,Diesel,Manual,2.8,94480,124061,1255,Low
12/31/2017,5 Series,2017,Europe,White,Electric,Automatic,2.7,77811,94975,7000,High
12/31/2012,M3,2012,Middle East,Grey,Diesel,Automatic,2.2,63742,64926,1492,Low
12/31/2022,M3,2022,South America,White,Diesel,Manual,3.6,30213,112277,2167,Low
12/31/2014,X5,2014,South America,Grey,Electric,Automatic,4.3,44340,99933,3178,Low
12/31/2018,X5,2018,Africa,Silver,Electric,Automatic,3.1,84574,102372,3431,Low
12/31/2022,X6,2022,South America,Silver,Diesel,Manual,1.9,130212,88761,2970,Low
12/31/2010,5 Series,2010,Europe,Red,Electric,Manual,4.4,133779,66588,5930,High
12/31/2018,7 Series,2018,Asia,Silver,Petrol,Automatic,1.7,139767,94277,1640,Low
12/31/2024,3 Series,2024,Asia,Black,Diesel,Manual,3.2,179702,81898,10275,High
12/31/2013,X6,2013,Africa,White,Electric,Manual,2.4,62667,83729,1470,Low
12/31/2013,X6,2013,Africa,Grey,Hybrid,Manual,4.8,142522,82293,1644,Low
12/31/2024,7 Series,2024,Europe,Blue,Hybrid,Manual,4.1,31370,169267,1653,Low
12/31/2013,3 Series,2013,Europe,Grey,Petrol,Manual,3.5,42589,34542,1097,Low
12/31/2019,M5,2019,North America,Blue,Petrol,Automatic,3.8,51313,134297,1617,Low
12/31/2021,X5,2021,South America,Blue,Petrol,Manual,3.4,63015,100267,3274,Low
12/31/2018,X5,2018,Africa,Grey,Electric,Automatic,2,23245,106402,3170,Low
12/31/2023,X1,2023,North America,Blue,Petrol,Manual,4,110391,88575,9016,High
12/31/2015,X5,2015,Europe,White,Petrol,Automatic,3.2,178964,61981,6125,High
12/31/2020,M3,2020,Asia,Silver,Electric,Automatic,3.7,162006,104495,3885,Low
12/31/2017,i8,2017,Asia,White,Electric,Automatic,1.7,137924,135299,50,Low
12/31/2021,M5,2021,Asia,Silver,Hybrid,Manual,2,4589,146050,2264,Low
12/31/2023,i3,2023,Africa,Blue,Electric,Manual,3.6,194349,89166,3793,Low
12/31/2013,3 Series,2013,Middle East,Silver,Diesel,Automatic,3.1,166210,39033,7206,High
12/31/2012,M5,2012,Europe,Black,Diesel,Manual,2.3,33183,94537,1124,Low
12/31/2023,i3,2023,Europe,White,Petrol,Manual,2.3,114523,80135,4927,Low
12/31/2010,i8,2010,Europe,Silver,Hybrid,Manual,3.7,45059,128335,50,Low
12/31/2019,X3,2019,South America,Blue,Petrol,Manual,1.7,56179,70549,5694,High
12/31/2024,5 Series,2024,Africa,Grey,Hybrid,Automatic,3,70118,182932,3460,Low
12/31/2024,i8,2024,North America,Red,Hybrid,Automatic,3.3,105881,81604,2256,Low
12/31/2016,X5,2016,Africa,Red,Petrol,Manual,2.6,37497,78892,2859,Low
12/31/2013,3 Series,2013,Europe,Grey,Hybrid,Automatic,4.4,155422,58121,8483,High
12/31/2023,X1,2023,North America,Red,Hybrid,Manual,1.7,19785,98389,9875,High
12/31/2017,3 Series,2017,Asia,Black,Petrol,Manual,4.5,52412,81105,9687,High
12/31/2023,M5,2023,South America,Red,Electric,Automatic,4,76852,160195,1380,Low
12/31/2012,3 Series,2012,Asia,Silver,Petrol,Automatic,3.1,35335,59301,8559,High
12/31/2010,M3,2010,South America,Silver,Hybrid,Manual,4.7,161738,60674,981,Low
12/31/2014,i3,2014,Europe,White,Petrol,Automatic,4,28487,75566,4102,Low
12/31/2023,5 Series,2023,Africa,Red,Hybrid,Automatic,4.8,46237,138159,4039,Low
12/31/2011,7 Series,2011,Europe,White,Diesel,Manual,3.2,176629,67914,928,Low
12/31/2012,X1,2012,Middle East,Black,Hybrid,Automatic,3.1,123474,47095,5101,High
12/31/2023,i3,2023,Europe,White,Diesel,Automatic,3.4,4497,110682,5200,High
12/31/2015,X3,2015,Middle East,White,Diesel,Automatic,1.7,74552,59937,5280,High
12/31/2012,7 Series,2012,North America,Blue,Diesel,Manual,4.7,187911,77579,835,Low
12/31/2012,i3,2012,North America,Blue,Petrol,Manual,3.8,141775,44135,5128,High
12/31/2021,7 Series,2021,South America,Silver,Petrol,Automatic,3.7,67609,132177,718,Low
12/31/2015,7 Series,2015,North America,Black,Petrol,Automatic,4.7,139412,110831,1002,Low
12/31/2014,3 Series,2014,Africa,White,Diesel,Manual,5,27186,76585,5216,High
12/31/2019,i8,2019,Europe,White,Hybrid,Manual,2.1,26045,155224,400,Low
12/31/2018,M5,2018,Asia,White,Petrol,Automatic,4.1,151366,113270,1885,Low
12/31/2010,X6,2010,Asia,Red,Petrol,Manual,3.5,14378,75791,3786,Low
12/31/2022,M3,2022,North America,Blue,Hybrid,Automatic,3.1,147073,113220,11005,High
12/31/2012,X6,2012,Middle East,Silver,Petrol,Automatic,4.9,118164,83981,2199,Low
12/31/2012,M3,2012,Asia,Black,Electric,Automatic,4.5,168509,81859,2220,Low
12/31/2020,7 Series,2020,North America,White,Electric,Automatic,3.9,135171,132320,1594,Low
12/31/2015,X3,2015,Africa,White,Hybrid,Automatic,2.8,124825,62494,4152,Low
12/31/2017,X1,2017,Africa,Red,Petrol,Manual,3.8,62164,69718,3711,Low
12/31/2012,3 Series,2012,North America,Blue,Diesel,Automatic,3.4,196362,28662,10117,High
12/31/2012,i8,2012,Africa,White,Diesel,Automatic,2.4,192506,83037,50,Low
12/31/2015,i8,2015,Europe,White,Diesel,Automatic,3.1,46330,129359,50,Low
12/31/2017,i3,2017,Middle East,Red,Diesel,Manual,2.2,45131,69815,3877,Low
12/31/2015,i8,2015,Asia,Red,Petrol,Manual,3.3,88105,129377,50,Low
12/31/2022,i3,2022,North America,Black,Electric,Manual,4,155979,94639,15000,High
12/31/2021,i3,2021,Asia,Red,Diesel,Automatic,1.6,60315,81592,6233,High
12/31/2023,M3,2023,Europe,Grey,Petrol,Manual,4.2,16382,139634,2533,Low
12/31/2019,i8,2019,Europe,Grey,Electric,Automatic,1.6,91441,150572,473,Low
12/31/2012,5 Series,2012,North America,Silver,Electric,Automatic,3.3,104108,75976,6903,High
12/31/2013,M5,2013,North America,White,Electric,Automatic,3.5,49640,128092,725,Low
12/31/2010,X3,2010,South America,Black,Hybrid,Automatic,4.2,51579,64224,3896,Low
12/31/2022,i8,2022,South America,Black,Electric,Automatic,4.2,187164,158306,368,Low
12/31/2017,X3,2017,North America,White,Petrol,Manual,3,138535,61800,8517,High
12/31/2013,X5,2013,Middle East,Blue,Electric,Automatic,1.7,100425,74269,3295,Low
12/31/2015,M5,2015,Africa,Blue,Electric,Automatic,3.9,157810,108894,202,Low
12/31/2020,X5,2020,Asia,Grey,Petrol,Manual,3.3,143156,87471,6799,High
12/31/2012,X6,2012,North America,White,Diesel,Automatic,2.7,168986,55100,3597,Low
12/31/2020,X5,2020,North America,Grey,Electric,Automatic,2.3,8928,126247,6152,High
12/31/2021,X5,2021,Asia,Black,Diesel,Manual,1.9,129461,83969,7150,High
12/31/2020,5 Series,2020,Africa,Red,Diesel,Manual,2.5,29155,95051,3335,Low
12/31/2015,X6,2015,Europe,Silver,Petrol,Manual,3.1,65744,84155,3589,Low
12/31/2021,M5,2021,North America,Silver,Electric,Automatic,3.2,186303,131312,2615,Low
12/31/2020,7 Series,2020,Europe,Blue,Petrol,Automatic,3.5,103850,119518,1337,Low
12/31/2018,i3,2018,Asia,White,Petrol,Automatic,2.8,181354,57185,5103,High
12/31/2018,X5,2018,Middle East,White,Diesel,Automatic,4.7,115130,97208,3432,Low
12/31/2019,i8,2019,Middle East,Blue,Hybrid,Automatic,3.2,199163,141360,319,Low
12/31/2012,X5,2012,North America,Black,Petrol,Manual,3,92217,65576,5315,High
12/31/2012,X6,2012,Middle East,Grey,Diesel,Automatic,1.7,192366,45014,2913,Low
12/31/2013,X5,2013,Asia,Black,Diesel,Automatic,3.6,55917,105051,5398,High
12/31/2021,M3,2021,Asia,Grey,Electric,Manual,3.6,97671,118796,3316,Low
12/31/2016,M3,2016,Middle East,Black,Hybrid,Automatic,3.5,135493,95157,1568,Low
12/31/2012,7 Series,2012,South America,Blue,Diesel,Automatic,4.6,34491,107733,50,Low
12/31/2019,X3,2019,North America,Silver,Electric,Manual,4.2,110183,102882,9544,High
12/31/2017,i3,2017,South America,Blue,Diesel,Manual,4.5,73343,76445,3107,Low
12/31/2020,M5,2020,Asia,White,Hybrid,Manual,1.7,77791,135324,2371,Low
12/31/2017,X3,2017,Asia,Blue,Petrol,Manual,2.6,191813,51492,9468,High
12/31/2015,X3,2015,Africa,Silver,Hybrid,Automatic,2.6,193745,50428,4897,Low
12/31/2013,M5,2013,North America,White,Petrol,Manual,3.8,93989,104396,925,Low
12/31/2020,i3,2020,North America,Silver,Electric,Automatic,3.1,56581,107499,5465,High
12/31/2021,M3,2021,Asia,Silver,Diesel,Manual,4.2,173513,97209,2968,Low
12/31/2020,X3,2020,South America,Black,Hybrid,Automatic,2.8,122252,84106,6071,High
12/31/2014,5 Series,2014,Middle East,Silver,Hybrid,Automatic,2.3,176870,61337,4818,Low
12/31/2021,M5,2021,Africa,Red,Petrol,Manual,2.5,169677,112223,1225,Low
12/31/2011,X5,2011,Asia,White,Petrol,Automatic,2.1,108512,52831,5199,High
12/31/2022,i3,2022,Middle East,Blue,Diesel,Manual,2.2,9119,100202,4105,Low
12/31/2015,X6,2015,South America,White,Diesel,Automatic,2.3,52816,81013,1934,Low
12/31/2012,X6,2012,North America,Blue,Petrol,Manual,1.6,136016,51675,3459,Low
12/31/2024,5 Series,2024,South America,Blue,Hybrid,Automatic,4,52260,132819,4522,Low
12/31/2015,i3,2015,North America,Red,Hybrid,Manual,2.9,119282,62638,4425,Low
12/31/2021,7 Series,2021,Asia,Red,Hybrid,Automatic,1.6,11904,140060,1683,Low
12/31/2014,M3,2014,Middle East,Red,Diesel,Manual,2.8,43062,78773,1710,Low
12/31/2023,3 Series,2023,Africa,White,Electric,Automatic,4.7,193363,101355,5511,High
12/31/2011,X5,2011,Asia,White,Hybrid,Automatic,3.3,59112,80131,5519,High
12/31/2024,X5,2024,Asia,White,Petrol,Automatic,5,123367,129384,6433,High
12/31/2021,7 Series,2021,Asia,White,Petrol,Automatic,3.4,36106,144844,1205,Low
12/31/2022,3 Series,2022,Asia,Grey,Diesel,Automatic,4.9,48856,104171,10755,High
12/31/2023,3 Series,2023,Europe,Silver,Hybrid,Manual,2.2,173979,81989,11585,High
12/31/2014,5 Series,2014,Middle East,Black,Electric,Manual,2.5,114129,76753,3983,Low
12/31/2014,M5,2014,South America,Black,Diesel,Automatic,3.9,177204,93587,524,Low
12/31/2023,M3,2023,Asia,Silver,Hybrid,Automatic,5,74415,200000,2866,Low
12/31/2018,X1,2018,Europe,Silver,Electric,Automatic,4.4,132121,81274,7042,High
12/31/2020,X3,2020,South America,Grey,Diesel,Manual,3.4,72062,84795,6275,High
12/31/2017,X3,2017,Middle East,Red,Electric,Automatic,1.8,184888,66516,6478,High
12/31/2021,M5,2021,Asia,Grey,Diesel,Automatic,2.8,82513,131180,2219,Low
12/31/2021,3 Series,2021,South America,Grey,Petrol,Manual,1.8,114401,66024,6668,High
12/31/2016,X6,2016,South America,Grey,Petrol,Manual,2.6,78420,80687,1989,Low
12/31/2024,X5,2024,Africa,Red,Electric,Manual,2.4,94399,123987,3833,Low
12/31/2024,7 Series,2024,Africa,Grey,Diesel,Manual,2.9,48424,141745,776,Low
12/31/2021,i8,2021,South America,White,Petrol,Automatic,4.4,3880,182985,50,Low
12/31/2022,5 Series,2022,Middle East,Blue,Hybrid,Automatic,2,166009,95986,6038,High
12/31/2024,i8,2024,South America,Blue,Electric,Automatic,2.6,121947,164790,701,Low
12/31/2023,M3,2023,Europe,White,Hybrid,Automatic,2.4,161144,111423,3391,Low
12/31/2012,7 Series,2012,Africa,Blue,Diesel,Automatic,2.5,95915,75110,74,Low
12/31/2019,3 Series,2019,Asia,Black,Hybrid,Automatic,2.8,68944,88898,11225,High
12/31/2013,5 Series,2013,South America,White,Electric,Manual,2.4,17480,85168,3672,Low
12/31/2015,i8,2015,Asia,Black,Petrol,Manual,4.8,14890,147291,50,Low
12/31/2012,i8,2012,Europe,Blue,Diesel,Automatic,3,85654,113821,50,Low
12/31/2020,X1,2020,Middle East,White,Electric,Manual,1.9,35288,88674,5346,High
12/31/2018,M3,2018,Africa,Black,Diesel,Automatic,3.1,112042,87233,1519,Low
12/31/2017,M3,2017,South America,White,Hybrid,Automatic,2.1,119897,84668,1427,Low
12/31/2015,i3,2015,Europe,Red,Electric,Manual,2.3,2036,82484,3968,Low
12/31/2013,X6,2013,North America,Black,Petrol,Automatic,2.5,52501,82652,3589,Low
12/31/2016,M5,2016,Asia,White,Diesel,Automatic,1.9,199152,84586,1659,Low
12/31/2022,X3,2022,Asia,White,Diesel,Automatic,4,74304,100978,10546,High
12/31/2024,i8,2024,Asia,Blue,Electric,Manual,4.3,198886,170696,902,Low
12/31/2020,i3,2020,North America,Red,Diesel,Manual,2.9,153180,66460,5776,High
12/31/2012,7 Series,2012,Africa,Grey,Petrol,Manual,3.9,77618,92524,50,Low
12/31/2019,M3,2019,Europe,White,Diesel,Manual,2.9,138030,81536,3092,Low
12/31/2024,M5,2024,Africa,White,Electric,Automatic,2.1,107117,141543,1775,Low
12/31/2017,i8,2017,North America,Black,Diesel,Manual,2.9,10896,146535,50,Low
12/31/2010,3 Series,2010,Europe,Silver,Hybrid,Automatic,3.4,122854,46794,7780,High
12/31/2012,M3,2012,Europe,Grey,Electric,Manual,1.6,79322,69992,2514,Low
12/31/2020,5 Series,2020,Asia,Grey,Diesel,Manual,3.8,89915,95177,8071,High
12/31/2014,X1,2014,South America,White,Diesel,Automatic,4.1,197220,32887,4483,Low
12/31/2014,i8,2014,South America,Silver,Electric,Manual,4.5,89836,141299,50,Low
12/31/2019,X3,2019,South America,Silver,Hybrid,Automatic,1.9,171663,66091,5446,High
12/31/2023,X3,2023,Asia,Red,Diesel,Manual,1.5,84800,81540,8751,High
12/31/2011,7 Series,2011,South America,White,Diesel,Manual,1.8,88695,34307,703,Low
12/31/2019,X1,2019,North America,Red,Hybrid,Automatic,4.7,41870,104479,8968,High
12/31/2017,X1,2017,Africa,Grey,Diesel,Manual,4.2,123333,59294,3615,Low
12/31/2014,X5,2014,Middle East,Black,Petrol,Automatic,4.4,115103,81531,3029,Low
12/31/2016,3 Series,2016,Europe,White,Diesel,Automatic,3.3,76580,69230,8038,High
12/31/2024,M5,2024,South America,Red,Electric,Manual,3.3,106575,158675,1464,Low
12/31/2016,X6,2016,North America,Grey,Diesel,Automatic,2.5,136069,79950,3975,Low
12/31/2023,X3,2023,Africa,Grey,Hybrid,Automatic,4.4,160511,98008,6064,High
12/31/2014,X6,2014,North America,Blue,Hybrid,Manual,4.4,76407,96968,3195,Low
12/31/2017,X3,2017,Middle East,Silver,Petrol,Manual,2.9,126456,64676,5656,High
12/31/2018,5 Series,2018,Middle East,White,Electric,Automatic,2.7,33802,109185,5397,High
12/31/2013,3 Series,2013,Middle East,Grey,Electric,Automatic,4.1,100042,75408,5384,High
12/31/2013,M5,2013,Asia,White,Electric,Manual,1.6,195096,87394,1382,Low
12/31/2017,3 Series,2017,Asia,Silver,Petrol,Automatic,4.5,36298,85404,9477,High
12/31/2010,X3,2010,North America,Black,Diesel,Manual,3.1,65216,45788,6951,High
12/31/2024,5 Series,2024,Africa,Red,Diesel,Automatic,3,100425,106076,4131,Low
12/31/2013,3 Series,2013,Middle East,Red,Hybrid,Manual,3.8,88453,67944,6313,High
12/31/2015,M3,2015,Africa,Silver,Hybrid,Automatic,3.8,50462,103081,780,Low
12/31/2022,X3,2022,Middle East,Red,Electric,Manual,2.4,169999,89926,7104,High
12/31/2013,3 Series,2013,Middle East,Grey,Petrol,Automatic,4.8,101932,66737,5667,High
12/31/2015,7 Series,2015,Middle East,Silver,Electric,Automatic,5,1034,154965,50,Low
12/31/2014,i8,2014,Asia,Red,Hybrid,Manual,3.3,193540,119078,50,Low
12/31/2023,i3,2023,Europe,Black,Hybrid,Automatic,3.5,199819,90386,5454,High
12/31/2018,3 Series,2018,Asia,Black,Diesel,Automatic,3.4,159949,62358,9962,High
12/31/2019,5 Series,2019,Africa,Black,Petrol,Automatic,3.2,139657,76206,4063,Low
12/31/2018,M5,2018,North America,Black,Diesel,Automatic,4.8,45058,139909,1388,Low
12/31/2013,7 Series,2013,South America,Red,Electric,Automatic,2.4,339,116018,50,Low
12/31/2022,3 Series,2022,Africa,Silver,Diesel,Manual,1.9,145241,66820,6569,High
12/31/2023,i8,2023,Europe,White,Electric,Manual,4.8,158488,174153,666,Low
12/31/2013,i8,2013,Africa,Black,Electric,Manual,2.2,66301,123996,50,Low
12/31/2021,X1,2021,Asia,Red,Diesel,Automatic,4.1,61714,91361,7343,High
12/31/2017,7 Series,2017,North America,Silver,Hybrid,Manual,2.2,170350,98794,1413,Low
12/31/2019,X6,2019,North America,Red,Electric,Automatic,4.9,87739,131383,4225,Low
12/31/2024,X6,2024,South America,Black,Electric,Manual,4.3,173492,129404,3088,Low
12/31/2013,X6,2013,Africa,Black,Petrol,Manual,4.7,59061,86620,1333,Low
12/31/2011,M5,2011,North America,Silver,Petrol,Manual,4.8,137975,91414,1111,Low
12/31/2022,7 Series,2022,Europe,Red,Diesel,Automatic,1.8,84073,125745,1462,Low
12/31/2022,X6,2022,Middle East,Silver,Hybrid,Manual,3,181829,103292,3919,Low
12/31/2023,i3,2023,South America,Grey,Petrol,Automatic,3.8,149237,87708,3226,Low
12/31/2024,X5,2024,Asia,Blue,Electric,Automatic,4.3,163744,127331,6698,High
12/31/2011,i8,2011,Europe,Red,Electric,Automatic,2.3,159945,112604,50,Low
12/31/2010,X6,2010,North America,Silver,Hybrid,Automatic,4.7,80666,51923,3382,Low
12/31/2014,M5,2014,North America,Red,Electric,Automatic,2.3,68437,114322,1089,Low
12/31/2024,M5,2024,North America,Black,Electric,Automatic,4.5,46224,173503,1862,Low
12/31/2015,M5,2015,Europe,White,Diesel,Automatic,3.3,177628,96294,1380,Low
12/31/2018,5 Series,2018,Europe,Blue,Diesel,Automatic,3.3,170305,67742,6308,High
12/31/2014,7 Series,2014,South America,White,Electric,Manual,2.8,173207,91844,275,Low
12/31/2022,X5,2022,South America,Black,Hybrid,Manual,1.9,121751,95393,3979,Low
12/31/2015,i3,2015,Europe,Black,Hybrid,Manual,2.7,45345,75595,4271,Low
12/31/2015,X6,2015,Asia,Blue,Hybrid,Manual,3,80027,94683,3546,Low
12/31/2012,5 Series,2012,South America,White,Diesel,Manual,3.2,23950,67755,4033,Low
12/31/2021,7 Series,2021,South America,Grey,Electric,Manual,4.1,199026,125247,1463,Low
12/31/2013,X6,2013,Asia,Grey,Hybrid,Manual,2.7,153909,73906,4346,Low
12/31/2010,X3,2010,South America,Silver,Diesel,Automatic,2.9,86360,40305,4372,Low
12/31/2013,X6,2013,South America,Black,Hybrid,Manual,4.7,24390,102591,1791,Low
12/31/2010,M5,2010,Europe,Black,Hybrid,Manual,4.1,34792,110989,390,Low
12/31/2024,i3,2024,South America,Silver,Electric,Automatic,1.6,128828,91128,4897,Low
12/31/2014,X5,2014,South America,Red,Hybrid,Manual,4.3,193414,71096,2994,Low
12/31/2020,X6,2020,Africa,Silver,Electric,Manual,5,37551,132227,2322,Low
12/31/2020,X1,2020,South America,White,Petrol,Automatic,4.8,129916,77537,4485,Low
12/31/2017,i8,2017,Africa,Grey,Diesel,Automatic,4.4,160501,121043,50,Low
12/31/2017,7 Series,2017,Africa,Grey,Diesel,Automatic,3.7,113955,106721,389,Low
12/31/2014,X5,2014,North America,Black,Electric,Manual,2.5,125607,76972,6162,High
12/31/2023,5 Series,2023,Asia,Blue,Petrol,Automatic,3.8,120827,111910,8506,High
12/31/2019,M5,2019,South America,Red,Electric,Manual,3.9,111861,136274,1195,Low
12/31/2011,i8,2011,Africa,Grey,Electric,Manual,2.5,44201,128734,50,Low
12/31/2021,X6,2021,Africa,Black,Hybrid,Automatic,2.4,190260,96847,3312,Low
12/31/2015,3 Series,2015,Asia,Red,Petrol,Automatic,2.9,138604,49486,10354,High
12/31/2010,M5,2010,South America,Grey,Hybrid,Manual,3.7,157973,87013,50,Low
12/31/2016,3 Series,2016,North America,Blue,Electric,Manual,2.5,169675,57372,10558,High
12/31/2020,M5,2020,Middle East,Black,Electric,Automatic,3.4,58332,150068,1073,Low
12/31/2013,i8,2013,Europe,Silver,Electric,Automatic,4.6,87253,147619,50,Low
12/31/2014,i8,2014,North America,Black,Electric,Manual,2.5,43185,148570,50,Low
12/31/2015,i3,2015,North America,Blue,Diesel,Automatic,4.9,15650,82112,5205,High
12/31/2020,i3,2020,South America,Red,Hybrid,Manual,3.2,55961,90235,4115,Low
12/31/2010,5 Series,2010,Asia,Black,Petrol,Automatic,1.9,17544,57364,7355,High
12/31/2018,7 Series,2018,Europe,Red,Petrol,Automatic,1.7,65351,109048,1180,Low
12/31/2019,i8,2019,South America,Silver,Diesel,Manual,2.7,38119,146367,50,Low
12/31/2013,M5,2013,Europe,White,Diesel,Manual,2.4,123712,82443,1412,Low
12/31/2017,3 Series,2017,North America,White,Diesel,Automatic,4.5,98779,76039,8278,High
12/31/2014,X5,2014,Europe,Black,Petrol,Automatic,4.1,190328,62136,6288,High
12/31/2020,i8,2020,Africa,Black,Electric,Manual,4.6,161325,155769,81,Low
12/31/2017,7 Series,2017,Europe,Blue,Electric,Manual,3.6,41550,134521,740,Low
12/31/2024,5 Series,2024,Middle East,Blue,Electric,Automatic,3,95617,133058,5278,High
12/31/2010,X5,2010,South America,Blue,Petrol,Manual,2.4,125622,39967,3122,Low
12/31/2017,X1,2017,Europe,Grey,Electric,Automatic,3.5,156341,67117,6359,High
12/31/2020,3 Series,2020,Asia,Black,Petrol,Automatic,3.7,80525,90868,9846,High
12/31/2022,3 Series,2022,North America,Silver,Electric,Automatic,2.9,169004,88176,9633,High
12/31/2020,i3,2020,North America,Red,Diesel,Manual,4.8,120815,84333,5854,High
12/31/2013,i8,2013,Africa,Silver,Petrol,Automatic,3.7,18472,138782,50,Low
12/31/2011,7 Series,2011,South America,Silver,Hybrid,Automatic,4.4,166602,86625,50,Low
12/31/2020,7 Series,2020,Africa,Blue,Electric,Automatic,3.7,62465,142632,692,Low
12/31/2015,i8,2015,Middle East,Silver,Petrol,Automatic,2.6,37765,139063,50,Low
12/31/2011,7 Series,2011,South America,Blue,Diesel,Automatic,4.1,11994,104828,50,Low
12/31/2014,i8,2014,North America,Red,Diesel,Automatic,2.3,101125,121117,50,Low
12/31/2011,M3,2011,Middle East,White,Diesel,Automatic,3.6,75495,71167,1334,Low
12/31/2012,i8,2012,North America,White,Petrol,Manual,2.9,116205,113915,50,Low
12/31/2020,M3,2020,Asia,Grey,Diesel,Manual,2,90321,92815,3073,Low
12/31/2015,X3,2015,South America,Blue,Diesel,Manual,2.9,71992,58581,5485,High
12/31/2010,X1,2010,North America,Grey,Petrol,Manual,2.6,107291,25235,7236,High
12/31/2015,i8,2015,Africa,Red,Petrol,Automatic,1.9,110805,109046,50,Low
12/31/2012,3 Series,2012,Europe,Grey,Hybrid,Manual,4.4,83441,64650,9085,High
12/31/2016,i3,2016,South America,White,Electric,Automatic,3.2,136399,69715,2619,Low
12/31/2011,M5,2011,North America,Black,Diesel,Automatic,2.7,135944,38909,1658,Low
12/31/2023,i8,2023,Europe,Black,Petrol,Manual,3.3,60706,175251,147,Low
12/31/2015,M3,2015,Middle East,Blue,Hybrid,Automatic,4.1,63998,106782,1321,Low
12/31/2017,X5,2017,South America,Blue,Electric,Automatic,1.6,171005,71367,3985,Low
12/31/2024,X1,2024,Asia,White,Petrol,Manual,3.4,51715,101583,8432,High
12/31/2024,i8,2024,South America,Blue,Petrol,Automatic,3.2,124718,157190,236,Low
12/31/2024,M5,2024,Europe,Black,Diesel,Automatic,4.6,7500,167710,1819,Low
12/31/2010,X5,2010,South America,Blue,Electric,Manual,3.4,193189,50190,3058,Low
12/31/2020,X5,2020,Middle East,Grey,Petrol,Automatic,2,74254,99445,4539,Low
12/31/2020,X5,2020,Africa,Blue,Diesel,Manual,2.9,172578,74103,3982,Low
12/31/2022,M3,2022,Europe,Red,Petrol,Manual,3.7,33113,119295,3168,Low
12/31/2018,i8,2018,Europe,White,Diesel,Automatic,1.7,155702,124040,166,Low
12/31/2014,7 Series,2014,Asia,Blue,Hybrid,Manual,4.6,68207,123436,683,Low
12/31/2014,X6,2014,Asia,Red,Electric,Manual,1.7,78887,89986,3940,Low
12/31/2022,i8,2022,Asia,Silver,Diesel,Automatic,1.6,132420,138853,637,Low
12/31/2021,5 Series,2021,Africa,Blue,Hybrid,Manual,1.5,152452,78289,4664,Low
12/31/2014,i3,2014,Middle East,Red,Diesel,Manual,3.9,188946,42167,3154,Low
12/31/2015,3 Series,2015,Africa,Grey,Hybrid,Automatic,3.1,41075,78957,4011,Low
12/31/2011,X6,2011,South America,Black,Electric,Manual,1.9,5730,85854,1666,Low
12/31/2015,X1,2015,Africa,White,Petrol,Manual,4.5,11068,74502,3162,Low
12/31/2023,X5,2023,North America,White,Petrol,Automatic,2.2,116727,97998,6266,High
12/31/2020,X1,2020,Europe,Grey,Diesel,Automatic,2.6,154034,60931,8778,High
12/31/2013,7 Series,2013,Middle East,White,Hybrid,Manual,2.1,156705,87862,340,Low
12/31/2017,i3,2017,Africa,Red,Hybrid,Manual,4.7,91429,85303,2226,Low
12/31/2022,5 Series,2022,Asia,Red,Hybrid,Manual,4.2,137431,113274,7896,High
12/31/2020,X6,2020,Middle East,Black,Hybrid,Automatic,4,77355,127525,2690,Low
12/31/2018,X6,2018,Middle East,Grey,Petrol,Manual,1.7,35022,96514,2840,Low
12/31/2018,i8,2018,Asia,Black,Electric,Manual,3.3,23831,161168,190,Low
12/31/2017,X5,2017,South America,Red,Diesel,Manual,3.5,9183,93499,3452,Low
12/31/2012,M5,2012,Africa,Blue,Hybrid,Manual,2.8,85055,94931,50,Low
12/31/2019,5 Series,2019,Middle East,White,Petrol,Automatic,2.6,73573,93937,4329,Low
12/31/2020,M3,2020,Africa,Silver,Electric,Automatic,4.5,27051,133939,1740,Low
12/31/2020,i3,2020,Africa,Grey,Petrol,Manual,1.6,138398,59040,3565,Low
12/31/2013,i8,2013,Africa,Black,Electric,Automatic,3.7,3045,147116,50,Low
12/31/2010,X5,2010,Middle East,Red,Petrol,Manual,2.9,168068,44078,3782,Low
12/31/2018,M3,2018,Middle East,Grey,Electric,Manual,3.8,40035,122406,1883,Low
12/31/2014,M5,2014,Middle East,Silver,Petrol,Manual,2.2,199409,83732,721,Low
12/31/2015,5 Series,2015,Asia,Blue,Hybrid,Automatic,2.3,32029,119321,6814,High
12/31/2012,i8,2012,Africa,Silver,Petrol,Automatic,3.6,51405,116714,50,Low
12/31/2020,X1,2020,North America,Red,Diesel,Manual,4.9,167550,70632,9087,High
12/31/2019,5 Series,2019,Asia,Black,Petrol,Automatic,4.9,138996,96258,7270,High
12/31/2017,i3,2017,Europe,Blue,Hybrid,Automatic,2.4,101176,71388,5147,High
12/31/2024,X1,2024,North America,Silver,Diesel,Manual,1.9,138483,73109,9338,High
12/31/2016,5 Series,2016,Europe,White,Petrol,Manual,3.6,124544,72512,7454,High
12/31/2010,5 Series,2010,Asia,White,Diesel,Manual,3,111977,44546,6326,High
12/31/2019,7 Series,2019,Asia,Red,Diesel,Manual,4.2,163392,104542,1463,Low
12/31/2021,M3,2021,North America,Black,Diesel,Manual,3.3,197545,88586,3160,Low
12/31/2014,X5,2014,North America,Red,Petrol,Automatic,3.3,126884,71216,5727,High
12/31/2019,7 Series,2019,Africa,Silver,Diesel,Automatic,3.8,65290,118232,508,Low
12/31/2018,X1,2018,North America,White,Electric,Automatic,1.9,104422,69911,7762,High
12/31/2021,X1,2021,North America,Black,Hybrid,Automatic,3.9,148102,83286,8841,High
12/31/2020,X1,2020,South America,Grey,Electric,Manual,3.2,80148,87225,4739,Low
12/31/2021,X3,2021,Asia,Black,Diesel,Manual,4.4,137128,86745,10478,High
12/31/2015,i8,2015,North America,Black,Petrol,Automatic,2,58980,130180,50,Low
12/31/2017,M5,2017,Middle East,Grey,Diesel,Manual,2.6,152032,103295,1105,Low
12/31/2019,X1,2019,Africa,Blue,Diesel,Manual,4.8,52788,82942,4055,Low
12/31/2010,i8,2010,Europe,Silver,Electric,Automatic,3.4,31546,131346,50,Low
12/31/2019,M3,2019,Africa,Black,Diesel,Automatic,4.8,34526,113402,1341,Low
12/31/2020,i3,2020,Europe,Grey,Electric,Automatic,3.9,84027,105281,4696,Low
12/31/2016,X3,2016,Asia,Blue,Electric,Automatic,4.7,117298,94804,9716,High
12/31/2012,M3,2012,North America,Grey,Electric,Manual,2.6,177762,61709,2259,Low
12/31/2018,X5,2018,Africa,White,Electric,Manual,1.8,33949,96106,3471,Low
12/31/2015,7 Series,2015,Middle East,White,Petrol,Manual,4.3,57540,120937,118,Low
12/31/2014,5 Series,2014,South America,White,Hybrid,Automatic,4.3,63868,91117,3225,Low
12/31/2017,i8,2017,Middle East,White,Petrol,Manual,3.7,46743,145374,50,Low
12/31/2017,X6,2017,Africa,Silver,Hybrid,Manual,3.5,70552,103333,1555,Low
12/31/2021,M3,2021,Africa,Grey,Electric,Manual,4.7,83913,132694,1896,Low
12/31/2021,7 Series,2021,Europe,Grey,Hybrid,Manual,2.1,163123,111806,2029,Low
12/31/2012,5 Series,2012,Asia,Grey,Hybrid,Automatic,3.7,104848,71863,7104,High
12/31/2011,M3,2011,South America,Red,Diesel,Automatic,1.7,53467,59503,1010,Low
12/31/2024,7 Series,2024,Europe,Blue,Electric,Automatic,2,80598,152836,2172,Low
12/31/2011,X6,2011,Middle East,Silver,Electric,Automatic,3,55792,96341,1532,Low
12/31/2023,X6,2023,South America,White,Electric,Manual,4.4,28498,142242,3177,Low
12/31/2014,M3,2014,Middle East,White,Diesel,Automatic,4.1,179483,68146,1525,Low
12/31/2019,5 Series,2019,Europe,Black,Diesel,Automatic,4.9,14054,108599,5777,High
12/31/2021,5 Series,2021,Middle East,Blue,Petrol,Automatic,1.7,10387,111085,4729,Low
12/31/2016,7 Series,2016,Middle East,Grey,Diesel,Automatic,2.8,105484,99639,632,Low
12/31/2017,M3,2017,Europe,Grey,Electric,Manual,2.1,120907,91978,2954,Low
12/31/2019,X5,2019,Africa,Grey,Electric,Manual,1.6,62380,98655,3660,Low
12/31/2024,X3,2024,Middle East,Grey,Electric,Manual,2.4,88718,115340,6901,High
12/31/2017,M5,2017,Europe,Grey,Petrol,Automatic,2.4,189625,97322,1505,Low
12/31/2022,i3,2022,Middle East,White,Hybrid,Manual,3,29635,114870,4619,Low
12/31/2021,i3,2021,Asia,Grey,Hybrid,Manual,2,51872,88857,6737,High
12/31/2017,5 Series,2017,Africa,Black,Petrol,Automatic,3.2,2339,51506,3682,Low
12/31/2024,X1,2024,Asia,Grey,Diesel,Manual,4.7,157019,91238,7732,High
12/31/2019,3 Series,2019,South America,Silver,Electric,Manual,4.1,177848,78869,5729,High
12/31/2021,M3,2021,Africa,Silver,Petrol,Automatic,4.4,146155,105050,1672,Low
12/31/2020,i8,2020,North America,Silver,Electric,Automatic,4.3,73620,176622,210,Low
12/31/2012,X1,2012,Middle East,Red,Petrol,Automatic,2.9,176821,28354,4672,Low
12/31/2023,X3,2023,Middle East,Red,Petrol,Manual,4,166008,90143,6561,High
12/31/2020,5 Series,2020,South America,Blue,Electric,Automatic,4.1,87682,117291,4220,Low
12/31/2011,5 Series,2011,South America,Grey,Hybrid,Manual,2.2,102299,50404,4090,Low
12/31/2022,X3,2022,North America,Silver,Hybrid,Manual,4.5,55973,117247,9909,High
12/31/2013,5 Series,2013,Middle East,Silver,Petrol,Manual,3.1,77999,70379,3943,Low
12/31/2024,X6,2024,Middle East,Blue,Diesel,Automatic,1.6,113547,109260,3190,Low
12/31/2010,3 Series,2010,North America,Silver,Hybrid,Automatic,3.8,118494,49074,9658,High
12/31/2012,i8,2012,South America,Blue,Hybrid,Automatic,3.9,79724,130233,50,Low
12/31/2020,X1,2020,Middle East,White,Diesel,Manual,3.4,127528,65698,5611,High
12/31/2018,M3,2018,Middle East,Blue,Hybrid,Automatic,2.2,117047,99945,2340,Low
12/31/2016,7 Series,2016,North America,Blue,Hybrid,Automatic,3.2,124310,116596,922,Low
12/31/2016,X6,2016,South America,Blue,Petrol,Automatic,2.9,101187,81075,2289,Low
12/31/2010,i8,2010,Europe,Black,Petrol,Manual,4.9,2742,138649,50,Low
12/31/2016,i8,2016,Africa,Grey,Diesel,Manual,4.4,23354,138112,50,Low
12/31/2019,3 Series,2019,South America,Silver,Electric,Manual,4.2,96533,93854,6923,High
12/31/2016,X5,2016,Europe,Grey,Diesel,Manual,2.1,159672,58382,5486,High
12/31/2013,X1,2013,South America,Black,Petrol,Manual,2.7,35019,50077,4336,Low
12/31/2016,7 Series,2016,Africa,Black,Hybrid,Manual,2.8,128356,99805,329,Low
12/31/2017,i3,2017,North America,Black,Hybrid,Automatic,3.2,82044,86233,4296,Low
12/31/2012,M3,2012,Africa,Blue,Hybrid,Manual,1.6,149948,51059,1120,Low
12/31/2022,M5,2022,Asia,Grey,Electric,Automatic,3.6,151477,140317,2801,Low
12/31/2019,5 Series,2019,Asia,Red,Diesel,Manual,2.8,142458,76308,7849,High
12/31/2011,X3,2011,North America,White,Hybrid,Manual,3.5,58461,63546,6952,High
12/31/2016,i3,2016,Asia,Blue,Petrol,Automatic,1.5,140030,44969,4881,Low
12/31/2014,3 Series,2014,North America,Black,Hybrid,Automatic,2.6,11940,78822,9417,High
12/31/2014,7 Series,2014,Europe,Red,Diesel,Manual,4.2,49749,111163,616,Low
12/31/2023,3 Series,2023,North America,Silver,Diesel,Automatic,3.3,63102,97170,9479,High
12/31/2014,X6,2014,Asia,White,Hybrid,Manual,4.3,190510,80198,4134,Low
12/31/2024,M5,2024,South America,Black,Electric,Manual,3.9,64002,172662,1459,Low
12/31/2016,3 Series,2016,South America,Black,Petrol,Manual,4.5,13139,86126,4923,Low
12/31/2018,X6,2018,North America,Silver,Hybrid,Manual,1.5,95771,94003,5373,High
12/31/2020,5 Series,2020,Europe,Grey,Hybrid,Manual,2.4,73517,95202,7416,High
12/31/2017,X3,2017,Asia,Blue,Petrol,Manual,3.4,59937,82586,9429,High
12/31/2015,7 Series,2015,South America,Grey,Diesel,Manual,4.8,26989,120281,50,Low
12/31/2016,3 Series,2016,North America,Silver,Electric,Manual,3.9,113706,79818,10586,High
12/31/2018,X5,2018,Africa,White,Petrol,Automatic,3.1,104971,85330,3128,Low
12/31/2023,i3,2023,Middle East,Black,Petrol,Manual,2,137505,74415,3775,Low
12/31/2020,X5,2020,South America,White,Diesel,Automatic,3.2,108909,95515,4183,Low
12/31/2015,X5,2015,Africa,Blue,Hybrid,Automatic,3,61652,89815,2594,Low
12/31/2010,X6,2010,South America,Silver,Diesel,Manual,4.2,130788,59798,1760,Low
12/31/2013,3 Series,2013,Middle East,Black,Petrol,Manual,2.9,112895,45864,5794,High
12/31/2017,X3,2017,Africa,Red,Hybrid,Manual,2.6,10913,90074,4234,Low
12/31/2016,X5,2016,Middle East,Silver,Electric,Manual,1.8,139053,78109,3629,Low
12/31/2012,3 Series,2012,Africa,White,Hybrid,Automatic,1.7,108238,42265,4491,Low
12/31/2019,M3,2019,Middle East,Grey,Electric,Manual,3,115485,112451,2366,Low
12/31/2012,i3,2012,Asia,White,Hybrid,Manual,2.7,121085,46014,4917,Low
12/31/2020,7 Series,2020,Africa,Grey,Electric,Automatic,3.4,157896,118799,1015,Low
12/31/2012,X3,2012,Middle East,Red,Diesel,Manual,4,113360,50127,5104,High
12/31/2021,X5,2021,Middle East,Blue,Petrol,Manual,1.6,94675,90703,5026,High
12/31/2024,3 Series,2024,North America,Red,Hybrid,Manual,3.2,90113,103193,11202,High
12/31/2010,X3,2010,Middle East,Black,Petrol,Manual,4.5,129590,45875,4696,Low
12/31/2024,M5,2024,Europe,Black,Petrol,Automatic,3.1,16751,156525,1789,Low
12/31/2019,X6,2019,Asia,Grey,Petrol,Automatic,3.3,117313,99830,4102,Low
12/31/2010,M5,2010,Africa,Blue,Hybrid,Manual,3.2,149625,81933,50,Low
12/31/2015,X1,2015,Asia,Blue,Electric,Automatic,2.9,104564,66916,7068,High
12/31/2023,X5,2023,South America,Silver,Petrol,Manual,1.9,130527,92879,4475,Low
12/31/2023,M5,2023,North America,Silver,Hybrid,Automatic,1.9,104364,137199,2234,Low
12/31/2010,i8,2010,Middle East,Silver,Hybrid,Automatic,2.1,161816,102395,50,Low
12/31/2014,M5,2014,Africa,Blue,Electric,Automatic,4.3,189741,109015,85,Low
12/31/2013,M5,2013,Africa,Red,Diesel,Manual,2.5,160083,70707,512,Low
12/31/2014,7 Series,2014,North America,Red,Electric,Automatic,4.8,7738,135644,362,Low
12/31/2016,M3,2016,Africa,Grey,Electric,Automatic,4.3,133568,101484,936,Low
12/31/2015,5 Series,2015,Africa,Silver,Diesel,Manual,3.9,164823,55018,3641,Low
12/31/2021,i3,2021,Europe,White,Electric,Automatic,4,46167,116581,4998,Low
12/31/2018,7 Series,2018,Asia,Blue,Electric,Manual,1.7,194125,99212,1936,Low
12/31/2015,5 Series,2015,Europe,Silver,Diesel,Manual,3.5,92393,67109,5978,High
12/31/2018,X6,2018,South America,Grey,Diesel,Automatic,4.8,186377,85557,2546,Low
12/31/2013,i3,2013,Africa,Black,Hybrid,Manual,1.6,41652,53590,2366,Low
12/31/2010,X3,2010,Europe,Silver,Hybrid,Manual,2.5,83677,47054,8417,High
12/31/2010,X6,2010,Europe,Blue,Petrol,Automatic,1.7,165024,42932,3103,Low
12/31/2019,5 Series,2019,North America,White,Electric,Manual,3.5,22225,120537,7743,High
12/31/2016,i3,2016,North America,Grey,Electric,Manual,1.9,58717,71961,5207,High
12/31/2022,M5,2022,North America,White,Petrol,Automatic,3.2,96655,133584,1700,Low
12/31/2022,M5,2022,Asia,Blue,Petrol,Automatic,4,172755,134072,2072,Low
12/31/2022,5 Series,2022,North America,Silver,Electric,Manual,2.1,181229,88288,7260,High
12/31/2012,7 Series,2012,South America,Silver,Diesel,Automatic,4.1,37026,100322,50,Low
12/31/2011,3 Series,2011,North America,Blue,Hybrid,Automatic,1.7,49915,53270,8410,High
12/31/2023,i3,2023,Europe,White,Diesel,Manual,2,156232,66893,5839,High
12/31/2015,X5,2015,Europe,Silver,Hybrid,Manual,2.5,58334,85931,5496,High
12/31/2015,7 Series,2015,South America,Red,Electric,Manual,4.3,24951,129391,50,Low
12/31/2022,X1,2022,Asia,Red,Petrol,Manual,4.5,105834,90516,8929,High
12/31/2016,7 Series,2016,Europe,Silver,Hybrid,Automatic,2.3,192422,90540,1097,Low
12/31/2014,M3,2014,South America,Black,Diesel,Manual,1.8,150285,49146,1718,Low
12/31/2017,5 Series,2017,Middle East,White,Electric,Automatic,4.5,15415,125851,4285,Low
12/31/2016,7 Series,2016,Asia,Silver,Petrol,Automatic,3.8,128938,104434,1072,Low
12/31/2011,i8,2011,Middle East,Silver,Diesel,Automatic,2.1,147619,99261,50,Low
12/31/2024,3 Series,2024,Africa,Blue,Diesel,Automatic,3.5,163782,80191,5717,High
12/31/2010,X6,2010,North America,Silver,Hybrid,Manual,4.6,198239,66843,3155,Low
12/31/2022,3 Series,2022,Asia,Black,Electric,Manual,1.7,69363,91813,11121,High
12/31/2023,i8,2023,Asia,Silver,Electric,Manual,1.8,163791,150512,1042,Low
12/31/2018,X5,2018,South America,Grey,Diesel,Manual,2.5,40315,89554,3930,Low
12/31/2014,X6,2014,Europe,Grey,Petrol,Manual,3.8,167956,69312,4145,Low
12/31/2021,5 Series,2021,South America,Blue,Diesel,Automatic,2.1,50759,94850,5007,High
12/31/2020,3 Series,2020,Africa,White,Petrol,Manual,4.4,96877,84804,4764,Low
12/31/2014,i8,2014,Middle East,Blue,Petrol,Automatic,4.1,129676,128409,50,Low
12/31/2021,7 Series,2021,South America,Black,Petrol,Manual,3.5,97023,126337,898,Low
12/31/2019,X3,2019,Middle East,White,Petrol,Manual,1.9,153475,63481,6926,High
12/31/2013,X3,2013,Africa,Blue,Hybrid,Manual,5,105534,70259,3741,Low
12/31/2011,i8,2011,Asia,Blue,Hybrid,Automatic,3.2,157406,112061,50,Low
12/31/2014,i8,2014,Asia,Red,Diesel,Manual,3.1,33084,128241,50,Low
12/31/2011,X3,2011,Europe,Blue,Diesel,Manual,5,165731,44089,6843,High
12/31/2021,i8,2021,North America,Grey,Hybrid,Manual,4.5,8848,190035,189,Low
12/31/2016,X6,2016,South America,Black,Petrol,Automatic,3.1,198533,70194,2676,Low
12/31/2020,X6,2020,Middle East,Red,Electric,Automatic,3,76970,124782,3240,Low
12/31/2018,3 Series,2018,South America,White,Electric,Manual,1.8,125378,71284,5726,High
12/31/2018,M5,2018,South America,Blue,Hybrid,Manual,4.7,23617,152166,811,Low
12/31/2020,5 Series,2020,Africa,White,Electric,Manual,4.5,124492,102867,3787,Low
12/31/2015,X3,2015,North America,Black,Diesel,Manual,2.6,183866,40938,7596,High
12/31/2010,i8,2010,Middle East,Black,Diesel,Manual,4.1,121081,115504,50,Low
12/31/2022,M3,2022,Africa,Grey,Petrol,Manual,4.2,92375,106580,1799,Low
12/31/2015,i3,2015,Asia,Black,Hybrid,Manual,2.3,53846,69160,5260,High
12/31/2014,X6,2014,North America,Blue,Petrol,Automatic,3.6,184358,68935,4415,Low
12/31/2013,X1,2013,South America,White,Petrol,Automatic,2.4,196193,25000,4122,Low
12/31/2021,X6,2021,North America,Grey,Hybrid,Automatic,4.3,171612,115088,4859,Low
12/31/2015,i8,2015,Asia,Black,Petrol,Manual,2,79860,117773,50,Low
12/31/2015,i8,2015,North America,Grey,Hybrid,Automatic,3.8,12448,157675,50,Low
12/31/2023,7 Series,2023,Europe,Grey,Electric,Automatic,2.6,25137,154147,1683,Low
12/31/2015,X6,2015,Africa,Black,Hybrid,Manual,1.6,82064,76898,1913,Low
12/31/2011,X6,2011,Middle East,Blue,Petrol,Automatic,1.9,89253,35327,2623,Low
12/31/2024,i8,2024,North America,Silver,Petrol,Automatic,3.8,136956,172965,349,Low
12/31/2023,i8,2023,Europe,White,Petrol,Automatic,2.3,186552,136208,767,Low
12/31/2016,3 Series,2016,North America,Silver,Diesel,Automatic,3.7,47510,75770,8867,High
12/31/2023,X3,2023,Africa,White,Diesel,Manual,3,84530,92455,5637,High
12/31/2013,3 Series,2013,South America,Silver,Diesel,Manual,3.9,132169,43226,6071,High
12/31/2022,X3,2022,North America,Black,Petrol,Manual,3.2,110209,89080,8713,High
12/31/2024,X3,2024,Europe,Red,Electric,Automatic,2.6,142567,105915,8132,High
12/31/2021,i3,2021,Europe,Blue,Electric,Automatic,2,181156,73597,5748,High
12/31/2018,5 Series,2018,Africa,Silver,Diesel,Manual,2.7,156054,65698,4202,Low
12/31/2019,i3,2019,Africa,Grey,Hybrid,Manual,3.7,99843,88029,3364,Low
12/31/2011,M3,2011,South America,Grey,Petrol,Manual,4.1,156003,85871,787,Low
12/31/2014,X5,2014,North America,Silver,Hybrid,Automatic,2.1,48735,83071,6083,High
12/31/2023,X6,2023,Africa,Silver,Petrol,Manual,3.8,97164,119126,2602,Low
12/31/2013,3 Series,2013,Africa,Silver,Hybrid,Automatic,2.1,29348,64527,4762,Low
12/31/2018,X1,2018,South America,Blue,Electric,Manual,2.3,169300,58100,5932,High
12/31/2013,X5,2013,Middle East,Blue,Petrol,Manual,3.4,109542,71498,3809,Low
12/31/2017,X6,2017,Asia,Blue,Petrol,Automatic,2.5,93389,89073,4020,Low
12/31/2017,X5,2017,Africa,Blue,Petrol,Manual,3.8,4395,100542,2592,Low
12/31/2015,X6,2015,North America,White,Petrol,Automatic,4.8,136197,88961,3942,Low
12/31/2015,7 Series,2015,Asia,Grey,Electric,Manual,2,199702,91277,1271,Low
12/31/2020,X3,2020,Europe,Red,Diesel,Manual,3.5,61350,92968,8617,High
12/31/2017,X6,2017,Middle East,Grey,Petrol,Manual,4.7,24440,113928,2309,Low
12/31/2021,X5,2021,Europe,White,Electric,Automatic,2.1,128481,101881,6695,High
12/31/2022,7 Series,2022,South America,White,Electric,Manual,2.8,138622,130381,1194,Low
12/31/2021,i3,2021,Middle East,Silver,Electric,Automatic,1.9,73900,96118,4510,Low
12/31/2019,M5,2019,Europe,Grey,Hybrid,Automatic,3.7,27709,156200,1532,Low
12/31/2018,7 Series,2018,Middle East,Grey,Petrol,Manual,3.8,132894,117431,557,Low
12/31/2024,5 Series,2024,South America,Black,Petrol,Automatic,3.8,159039,97949,4623,Low
12/31/2014,7 Series,2014,Africa,Grey,Petrol,Automatic,3.4,139282,85051,257,Low
12/31/2020,X3,2020,Europe,Silver,Diesel,Manual,4.1,62670,90801,7645,High
12/31/2010,X5,2010,Europe,Grey,Hybrid,Manual,1.6,173050,38308,5530,High
12/31/2010,M5,2010,Asia,Blue,Diesel,Automatic,4.9,189013,83158,903,Low
12/31/2024,M5,2024,Middle East,White,Diesel,Automatic,2.3,117499,137953,1472,Low
12/31/2011,7 Series,2011,Europe,Silver,Petrol,Manual,1.9,177648,56211,2469,Low
12/31/2019,7 Series,2019,Middle East,Grey,Electric,Automatic,4.8,185517,131407,977,Low
12/31/2019,M5,2019,Europe,Grey,Hybrid,Manual,4.4,17412,158486,1554,Low
12/31/2014,X1,2014,North America,Grey,Diesel,Manual,4.2,183829,36452,7287,High
12/31/2013,7 Series,2013,North America,White,Electric,Manual,1.9,15734,112993,570,Low
12/31/2010,X5,2010,Asia,Black,Electric,Automatic,4.3,185888,62792,6014,High
12/31/2013,X1,2013,Europe,Grey,Petrol,Automatic,3.6,192178,31635,7701,High
12/31/2013,3 Series,2013,South America,White,Electric,Automatic,4.1,190632,55239,5143,High
12/31/2019,3 Series,2019,Middle East,Silver,Diesel,Automatic,4.9,94580,92500,6394,High
12/31/2013,7 Series,2013,Europe,Black,Electric,Automatic,2.2,81105,148873,50,Low
12/31/2010,i3,2010,Asia,Silver,Petrol,Automatic,3.3,102109,39668,5172,High
12/31/2018,i3,2018,Middle East,Silver,Electric,Manual,4.1,142306,85555,4054,Low
12/31/2023,X3,2023,North America,Blue,Electric,Manual,3,84437,110575,10256,High
12/31/2012,M3,2012,South America,Silver,Electric,Automatic,1.7,46395,77239,940,Low
12/31/2022,X1,2022,Africa,Black,Diesel,Manual,1.9,42527,76582,4333,Low
12/31/2013,7 Series,2013,Europe,Red,Diesel,Manual,3.6,199314,75526,1078,Low
12/31/2014,i3,2014,Middle East,Blue,Diesel,Manual,2.5,78828,51808,3300,Low
12/31/2022,M3,2022,North America,Black,Diesel,Automatic,2,176096,85263,4128,Low
12/31/2022,M3,2022,Europe,Blue,Electric,Manual,2.7,100476,114167,3551,Low
12/31/2016,5 Series,2016,Asia,Red,Petrol,Manual,2.2,199210,48794,6911,High
12/31/2015,M5,2015,Africa,Red,Electric,Automatic,1.6,119686,100677,358,Low
12/31/2014,i8,2014,Africa,Red,Diesel,Automatic,2,161210,92903,50,Low
12/31/2017,M5,2017,Asia,Black,Electric,Manual,4.6,132490,130073,1471,Low
12/31/2023,i8,2023,Middle East,Blue,Electric,Manual,1.5,181455,148394,709,Low
12/31/2010,5 Series,2010,Africa,Silver,Petrol,Automatic,4.2,71156,59148,2870,Low
12/31/2016,7 Series,2016,Africa,Silver,Electric,Manual,4.1,189680,102855,264,Low
12/31/2021,3 Series,2021,Middle East,Red,Diesel,Manual,3.5,166366,75402,7657,High
12/31/2015,i3,2015,Asia,Grey,Diesel,Automatic,2.2,36177,64097,4803,Low
12/31/2020,5 Series,2020,North America,White,Petrol,Automatic,4.6,81115,110091,6840,High
12/31/2014,X5,2014,Africa,Blue,Diesel,Automatic,3.2,88361,69693,2829,Low
12/31/2016,X6,2016,Africa,Red,Hybrid,Manual,2.1,118810,78274,1954,Low
12/31/2012,X3,2012,South America,Grey,Diesel,Manual,3,30083,56897,4835,Low
12/31/2010,X3,2010,Europe,Black,Petrol,Manual,2.2,12403,49044,7802,High
12/31/2018,M5,2018,Asia,White,Diesel,Manual,2.8,164289,104675,2157,Low
12/31/2011,5 Series,2011,Asia,Red,Petrol,Automatic,3.2,162077,46120,5937,High
12/31/2022,X1,2022,Asia,Red,Petrol,Automatic,2.8,196337,62484,8760,High
12/31/2019,i8,2019,Africa,Blue,Hybrid,Manual,3.8,195274,130276,263,Low
12/31/2024,X6,2024,Africa,White,Petrol,Manual,4.8,17568,137158,1991,Low
12/31/2012,X5,2012,Middle East,Black,Diesel,Manual,2.7,66100,64646,3217,Low
12/31/2017,X5,2017,Europe,Blue,Hybrid,Automatic,2.7,63636,96663,5020,High
12/31/2021,5 Series,2021,Europe,Black,Petrol,Manual,4.1,8996,119365,6465,High
12/31/2019,i8,2019,North America,White,Petrol,Manual,3.4,85851,147514,50,Low
12/31/2018,X6,2018,South America,Grey,Diesel,Automatic,3,190277,71806,2741,Low
12/31/2022,X5,2022,North America,Red,Electric,Manual,4.3,13866,136306,5933,High
12/31/2012,5 Series,2012,North America,Black,Diesel,Manual,4.6,104404,61822,5433,High
12/31/2015,X1,2015,Asia,Red,Electric,Manual,3.6,103917,65054,8295,High
12/31/2016,i8,2016,Europe,Grey,Hybrid,Manual,2.1,84953,137763,50,Low
12/31/2024,M3,2024,Europe,White,Petrol,Automatic,3.1,135141,107664,2950,Low
12/31/2010,5 Series,2010,Europe,Silver,Diesel,Automatic,3.3,60230,56421,5555,High
12/31/2023,M3,2023,Middle East,Grey,Electric,Manual,3,16056,147475,2105,Low
12/31/2016,5 Series,2016,Europe,Grey,Hybrid,Manual,2.4,71529,80941,5708,High
12/31/2013,3 Series,2013,Asia,Red,Petrol,Automatic,3.2,132474,47190,8979,High
12/31/2014,M5,2014,Europe,Grey,Diesel,Automatic,3.1,10779,117209,910,Low
12/31/2017,X1,2017,Africa,Grey,Hybrid,Automatic,2.2,186596,45097,4883,Low
12/31/2013,M3,2013,Africa,White,Diesel,Automatic,4.7,12729,95572,674,Low
12/31/2024,X1,2024,Middle East,Silver,Hybrid,Manual,4.6,102188,109425,5994,High
12/31/2013,X6,2013,Asia,Black,Hybrid,Manual,4.2,123299,88611,3960,Low
12/31/2017,7 Series,2017,Middle East,Silver,Diesel,Automatic,2.9,182441,96617,808,Low
12/31/2024,X1,2024,North America,Blue,Petrol,Automatic,2.8,146373,84137,8748,High
12/31/2014,7 Series,2014,Africa,White,Diesel,Automatic,4,53694,103917,50,Low
12/31/2022,7 Series,2022,Middle East,Red,Petrol,Automatic,3.6,25463,156533,692,Low
12/31/2015,M3,2015,Europe,Black,Hybrid,Automatic,3.6,195278,76538,2910,Low
12/31/2021,M5,2021,Europe,Silver,Petrol,Automatic,1.9,165978,115087,2205,Low
12/31/2020,M5,2020,South America,White,Hybrid,Automatic,3.7,44690,155284,1056,Low
12/31/2023,X5,2023,Europe,Red,Electric,Manual,4.7,75009,141598,6182,High
12/31/2014,7 Series,2014,Asia,Red,Petrol,Manual,1.8,156807,76155,1258,Low
12/31/2010,X5,2010,North America,White,Hybrid,Manual,2.7,160165,52456,5842,High
12/31/2016,7 Series,2016,Europe,Black,Diesel,Manual,3.3,129290,95074,1176,Low
12/31/2015,X1,2015,Asia,Silver,Petrol,Manual,3.9,129063,49576,8236,High
12/31/2011,X6,2011,Europe,Silver,Diesel,Manual,1.8,191796,35541,3639,Low
12/31/2020,M3,2020,Middle East,Grey,Hybrid,Automatic,4.6,27284,132717,2204,Low
12/31/2016,3 Series,2016,South America,Grey,Petrol,Manual,1.6,614,67260,5305,High
12/31/2015,X6,2015,Europe,Blue,Hybrid,Automatic,4.5,140789,93851,3562,Low
12/31/2014,3 Series,2014,North America,Red,Diesel,Automatic,1.6,154642,33899,9784,High
12/31/2017,M3,2017,South America,Silver,Hybrid,Automatic,2,195213,68442,2065,Low
12/31/2014,3 Series,2014,North America,Silver,Petrol,Manual,4.3,36735,75726,7763,High
12/31/2020,M3,2020,Africa,Blue,Diesel,Automatic,4.5,19187,120559,1275,Low
12/31/2011,7 Series,2011,North America,Silver,Electric,Manual,4.9,62449,117073,50,Low
12/31/2015,7 Series,2015,North America,Blue,Electric,Manual,1.9,71047,113590,811,Low
12/31/2023,7 Series,2023,Middle East,Grey,Petrol,Automatic,3.3,19973,156010,758,Low
12/31/2021,X6,2021,Europe,Grey,Electric,Automatic,1.8,193183,97870,5344,High
12/31/2010,3 Series,2010,Europe,Silver,Electric,Manual,2,14166,55967,9218,High
12/31/2014,3 Series,2014,Africa,Black,Electric,Automatic,2.1,94630,59190,4845,Low
12/31/2023,i8,2023,Europe,Red,Electric,Automatic,1.7,34611,173176,626,Low
12/31/2015,i3,2015,Africa,Grey,Electric,Automatic,4.6,19001,94337,2206,Low
12/31/2024,X6,2024,Middle East,Silver,Electric,Manual,1.9,120190,120906,6672,High
12/31/2016,X3,2016,Asia,White,Electric,Automatic,3.7,139331,76004,8655,High
12/31/2023,X6,2023,Asia,Blue,Petrol,Automatic,3.7,149308,116502,4209,Low
12/31/2011,5 Series,2011,Middle East,Grey,Diesel,Automatic,2.2,84161,50926,3975,Low
12/31/2010,M5,2010,Europe,Red,Petrol,Manual,5,113869,96009,738,Low
12/31/2015,X5,2015,South America,Black,Hybrid,Automatic,2.7,28221,95153,2626,Low
12/31/2012,M5,2012,South America,Black,Electric,Automatic,4.7,194503,98600,96,Low
12/31/2014,5 Series,2014,Middle East,Black,Electric,Manual,4.8,26163,103457,3782,Low
12/31/2021,i3,2021,South America,Black,Hybrid,Manual,4.8,135730,93445,4162,Low
12/31/2024,X5,2024,Africa,Black,Electric,Manual,4.1,132560,123699,4065,Low
12/31/2020,X1,2020,Asia,White,Diesel,Automatic,2.4,116844,66315,8684,High
12/31/2022,i8,2022,Asia,Blue,Electric,Manual,1.9,161226,158564,880,Low
12/31/2024,X5,2024,Europe,Grey,Petrol,Automatic,3.5,77017,121780,6086,High
12/31/2011,X1,2011,North America,Blue,Hybrid,Manual,2.8,40299,55341,6405,High
12/31/2024,X5,2024,Middle East,Silver,Electric,Manual,4.4,62760,149907,4555,Low
12/31/2010,X3,2010,Asia,Black,Hybrid,Automatic,4.1,167049,49295,1185,Low
12/31/2010,X3,2010,Europe,Blue,Diesel,Manual,2.5,97301,34610,6912,High
12/31/2022,M3,2022,North America,Grey,Hybrid,Manual,1.6,35940,116175,3921,Low
12/31/2020,M5,2020,North America,Red,Electric,Manual,2.3,26830,152248,1943,Low
12/31/2013,X1,2013,North America,Red,Diesel,Manual,3.5,33905,28333,7478,High
12/31/2019,i8,2019,North America,Blue,Petrol,Automatic,1.8,198267,119596,394,Low
12/31/2022,M3,2022,Asia,Blue,Hybrid,Manual,3.8,170642,112607,4110,Low
12/31/2011,M3,2011,Middle East,Grey,Diesel,Automatic,3.9,191707,52363,1541,Low
12/31/2010,7 Series,2010,Asia,Black,Diesel,Manual,2.1,87386,71313,847,Low
12/31/2015,M5,2015,Asia,Black,Petrol,Manual,3.6,19369,128131,1198,Low
12/31/2023,X5,2023,Middle East,Blue,Diesel,Manual,3.6,196258,97481,4474,Low
12/31/2013,i8,2013,Middle East,Red,Petrol,Automatic,3.2,82863,124405,50,Low
12/31/2019,X6,2019,Asia,Red,Diesel,Manual,4.8,184784,94197,4010,Low
12/31/2022,X1,2022,Middle East,Grey,Diesel,Manual,1.9,112024,67955,6507,High
12/31/2021,i3,2021,North America,Black,Petrol,Manual,2.9,73987,82955,6149,High
12/31/2024,5 Series,2024,South America,Grey,Petrol,Automatic,4.6,38024,125227,4902,Low
12/31/2016,i8,2016,South America,Grey,Electric,Manual,2.9,106644,138029,50,Low
12/31/2020,X6,2020,Middle East,White,Hybrid,Automatic,3,62180,118136,2903,Low
12/31/2015,i3,2015,Africa,Silver,Electric,Manual,3.8,140643,67617,2536,Low
12/31/2014,X6,2014,Europe,Grey,Petrol,Manual,3.8,151875,73132,4085,Low
12/31/2019,i8,2019,Middle East,Black,Petrol,Manual,1.6,155126,130292,50,Low
12/31/2021,3 Series,2021,Middle East,Black,Diesel,Manual,3.1,179371,64772,6936,High
12/31/2022,i3,2022,South America,Silver,Petrol,Automatic,2.7,158078,70468,3586,Low
12/31/2021,i3,2021,Africa,Red,Electric,Automatic,3.7,114098,97706,3460,Low
12/31/2021,M5,2021,Europe,Silver,Diesel,Automatic,3.4,6477,144347,1537,Low
12/31/2021,X3,2021,Asia,Silver,Electric,Manual,3.8,64840,108351,10227,High
12/31/2011,M5,2011,Europe,Blue,Hybrid,Manual,3.8,12410,115270,536,Low
12/31/2014,3 Series,2014,North America,Blue,Electric,Manual,2.4,113270,63196,8034,High
12/31/2018,X1,2018,South America,Blue,Petrol,Manual,2.4,55370,61458,5044,High
12/31/2018,3 Series,2018,Asia,Grey,Diesel,Automatic,2.8,105684,66343,11446,High
12/31/2011,i8,2011,Middle East,Silver,Petrol,Automatic,2.3,137343,104224,50,Low
12/31/2016,i3,2016,Africa,Blue,Petrol,Automatic,3.9,74022,71597,2838,Low
12/31/2019,7 Series,2019,Asia,White,Petrol,Manual,3.6,48956,131511,1226,Low
12/31/2023,M5,2023,Africa,Grey,Petrol,Manual,2.3,76298,137973,979,Low
12/31/2013,X1,2013,Africa,Grey,Petrol,Manual,4.6,113873,48809,3999,Low
12/31/2022,5 Series,2022,South America,Blue,Electric,Automatic,3.1,69490,120072,4341,Low
12/31/2022,M3,2022,North America,Red,Diesel,Manual,1.9,27153,106833,2886,Low
12/31/2012,7 Series,2012,Africa,Grey,Electric,Automatic,2.2,57,112308,50,Low
12/31/2020,X1,2020,North America,Red,Petrol,Manual,3.4,168086,64932,7374,High
12/31/2010,i8,2010,North America,White,Diesel,Automatic,2.7,51672,110268,50,Low
12/31/2012,M5,2012,Middle East,Grey,Diesel,Manual,4.5,116379,98864,257,Low
12/31/2020,5 Series,2020,Europe,Silver,Electric,Manual,3.2,31982,118275,6740,High
12/31/2018,X5,2018,South America,Blue,Petrol,Automatic,4.7,134586,95767,3400,Low
12/31/2023,X6,2023,South America,Grey,Hybrid,Manual,1.9,53274,116638,3721,Low
12/31/2024,i3,2024,South America,Blue,Diesel,Automatic,3.8,65222,107004,3263,Low
12/31/2018,M5,2018,Asia,Black,Hybrid,Manual,4.6,40041,148040,1692,Low
12/31/2016,X6,2016,South America,Blue,Petrol,Manual,2.5,137290,74625,2332,Low
12/31/2012,i8,2012,South America,Silver,Petrol,Automatic,2,135109,95762,50,Low
12/31/2022,M3,2022,Africa,Grey,Diesel,Manual,3.1,24763,108419,1896,Low
12/31/2012,M5,2012,South America,Grey,Petrol,Automatic,4.9,175124,92296,181,Low
12/31/2013,X6,2013,Europe,White,Diesel,Manual,3.7,3239,88135,3450,Low
12/31/2016,X5,2016,Africa,Grey,Diesel,Manual,3.8,199995,57661,3677,Low
12/31/2016,5 Series,2016,Europe,Grey,Hybrid,Automatic,3.9,174687,80797,7031,High
12/31/2021,3 Series,2021,Middle East,Red,Diesel,Manual,1.6,72779,76146,6608,High
12/31/2021,X5,2021,Middle East,Black,Diesel,Manual,3.1,88842,102423,4438,Low
12/31/2023,X5,2023,Europe,Silver,Hybrid,Manual,1.8,135393,99571,6276,High
12/31/2011,X1,2011,South America,Grey,Diesel,Automatic,2.6,14945,43702,3957,Low
12/31/2021,3 Series,2021,Asia,Blue,Electric,Automatic,4.4,63742,119166,10891,High
12/31/2024,M5,2024,Africa,Grey,Hybrid,Manual,3.8,45241,154599,1598,Low
12/31/2014,X1,2014,North America,White,Electric,Manual,5,125346,73624,6377,High
12/31/2016,M5,2016,Europe,Grey,Electric,Manual,2.1,58790,125762,1061,Low
12/31/2016,X6,2016,Africa,Black,Petrol,Automatic,2.9,125595,81080,2004,Low
12/31/2015,i8,2015,Middle East,Grey,Electric,Manual,4.3,142443,139059,50,Low
12/31/2019,3 Series,2019,North America,Black,Hybrid,Automatic,2.3,39442,88573,11047,High
12/31/2019,i8,2019,Asia,Silver,Diesel,Automatic,2,175537,123674,379,Low
12/31/2021,3 Series,2021,Africa,Red,Petrol,Automatic,3,17102,95222,4573,Low
12/31/2017,X6,2017,Middle East,Red,Electric,Automatic,2.8,31780,125971,2364,Low
12/31/2012,X3,2012,South America,Black,Petrol,Manual,4.9,127075,54962,4076,Low
12/31/2024,M3,2024,Africa,Black,Petrol,Manual,3.1,130009,105572,2073,Low
12/31/2010,M3,2010,Africa,Silver,Electric,Manual,4.5,18159,94988,176,Low
12/31/2012,X1,2012,North America,Silver,Electric,Manual,4.6,170416,51427,6905,High
12/31/2020,i3,2020,Middle East,Grey,Petrol,Automatic,2.1,30271,86614,4116,Low
12/31/2011,X3,2011,Middle East,Black,Hybrid,Automatic,4,148712,55484,5330,High
12/31/2011,M3,2011,Europe,Grey,Diesel,Automatic,2.5,178765,43738,2822,Low
12/31/2023,3 Series,2023,Asia,Red,Petrol,Manual,1.8,46190,93041,9264,High
12/31/2023,M3,2023,Europe,White,Hybrid,Manual,4.6,15063,148017,3595,Low
12/31/2011,i3,2011,North America,Red,Electric,Automatic,2.5,190776,36434,4946,Low
12/31/2014,3 Series,2014,Europe,White,Petrol,Automatic,2.7,153914,43937,8217,High
12/31/2022,M3,2022,Middle East,White,Hybrid,Automatic,2.6,72578,127138,2236,Low
12/31/2010,5 Series,2010,Middle East,White,Petrol,Automatic,2.2,89336,51380,4291,Low
12/31/2019,X1,2019,North America,Grey,Petrol,Automatic,3,2248,86101,8621,High
12/31/2013,M3,2013,Europe,Silver,Petrol,Automatic,3,145847,65400,2341,Low
12/31/2023,X5,2023,Middle East,White,Petrol,Manual,2.9,187414,93381,4036,Low
12/31/2019,X1,2019,North America,Grey,Diesel,Automatic,4.7,192689,60218,8559,High
12/31/2014,X3,2014,Africa,Grey,Petrol,Manual,2.7,102397,48155,4095,Low
12/31/2011,M5,2011,South America,Silver,Hybrid,Automatic,1.6,190033,71020,360,Low
12/31/2014,X1,2014,Middle East,Grey,Diesel,Manual,2.1,53533,48552,4941,Low
12/31/2019,7 Series,2019,Africa,Red,Diesel,Automatic,4,111568,112089,511,Low
12/31/2024,X1,2024,Africa,Blue,Diesel,Automatic,3.6,70472,96484,4521,Low
12/31/2013,7 Series,2013,Africa,Grey,Hybrid,Manual,4.8,50819,113433,50,Low
12/31/2017,M5,2017,North America,Black,Hybrid,Automatic,3.9,37002,142885,1015,Low
12/31/2010,i8,2010,South America,Red,Electric,Manual,2.2,29148,118305,50,Low
12/31/2024,M5,2024,South America,Blue,Diesel,Manual,1.9,9694,143560,1385,Low
12/31/2021,X6,2021,North America,Silver,Hybrid,Manual,3.3,17172,139580,5036,High
12/31/2014,X1,2014,North America,Black,Petrol,Manual,3.8,66947,60818,6962,High
12/31/2023,7 Series,2023,Europe,Black,Diesel,Automatic,2.1,88178,124633,2014,Low
12/31/2023,X1,2023,Europe,Silver,Hybrid,Automatic,3.6,24131,115965,9245,High
12/31/2020,3 Series,2020,Africa,Red,Petrol,Manual,4.5,88291,83944,5884,High
12/31/2021,M5,2021,Middle East,Blue,Petrol,Manual,4,74294,146049,871,Low
12/31/2019,7 Series,2019,Europe,Blue,Petrol,Automatic,3.8,72152,130174,1107,Low
12/31/2010,X5,2010,Middle East,Red,Hybrid,Manual,4.3,103982,74365,3255,Low
12/31/2019,M5,2019,Europe,Silver,Petrol,Manual,1.9,95579,108522,1717,Low
12/31/2019,7 Series,2019,Asia,Blue,Petrol,Automatic,2.2,195065,94619,2056,Low
12/31/2013,X3,2013,Middle East,Red,Petrol,Manual,1.6,110371,43133,5386,High
12/31/2017,7 Series,2017,Europe,Silver,Diesel,Manual,2,163221,86883,1599,Low
12/31/2010,X5,2010,South America,Silver,Electric,Automatic,4.7,143349,74247,2431,Low
12/31/2020,X3,2020,Africa,Blue,Diesel,Automatic,2.3,137133,68048,4675,Low
12/31/2024,X3,2024,Asia,Blue,Diesel,Manual,3.8,191502,84515,10274,High
12/31/2011,i8,2011,Middle East,Black,Electric,Automatic,3.9,130890,129482,50,Low
12/31/2010,M5,2010,Europe,Grey,Electric,Manual,3.8,94740,108559,425,Low
12/31/2020,X6,2020,Asia,Black,Petrol,Manual,3.4,78347,106547,5080,High
12/31/2016,X3,2016,Europe,Red,Petrol,Automatic,3.2,122801,61274,8201,High
12/31/2011,X6,2011,North America,White,Petrol,Automatic,3,101048,67010,3319,Low
12/31/2010,3 Series,2010,Africa,White,Hybrid,Manual,4.7,158221,44725,4829,Low
12/31/2024,X6,2024,North America,White,Diesel,Automatic,1.5,116354,111816,4661,Low
12/31/2021,3 Series,2021,North America,Black,Diesel,Manual,1.7,56467,36230,11473,High
12/31/2015,X3,2015,Asia,Grey,Petrol,Automatic,3.2,12069,82324,8491,High
12/31/2015,i8,2015,South America,Silver,Hybrid,Automatic,2.7,75894,133760,50,Low
12/31/2019,X1,2019,Africa,Black,Hybrid,Manual,2.9,109154,74969,5392,High
12/31/2011,3 Series,2011,South America,Grey,Petrol,Automatic,5,148375,43833,5706,High
12/31/2024,5 Series,2024,Africa,Grey,Electric,Automatic,4.2,109080,130188,4890,Low
12/31/2010,i3,2010,Africa,Silver,Hybrid,Manual,4.6,39105,64514,1719,Low
12/31/2023,5 Series,2023,Middle East,Grey,Petrol,Automatic,2.8,95114,110120,4720,Low
12/31/2019,3 Series,2019,North America,Black,Electric,Manual,2.3,188534,65265,11628,High
12/31/2012,7 Series,2012,Middle East,Red,Electric,Manual,4.2,20427,121256,50,Low
12/31/2019,5 Series,2019,Middle East,Black,Electric,Manual,4.3,196431,90115,5022,High
12/31/2023,X6,2023,Asia,Red,Electric,Manual,3.4,10454,155025,5048,High
12/31/2014,i8,2014,Europe,Red,Hybrid,Automatic,4.6,38716,158317,50,Low
12/31/2015,5 Series,2015,North America,White,Petrol,Automatic,4.9,113772,85604,7310,High
12/31/2012,X5,2012,North America,Grey,Petrol,Manual,3.1,20047,79206,4946,Low
12/31/2018,M5,2018,South America,Silver,Electric,Manual,2.3,188978,109502,1306,Low
12/31/2020,X6,2020,North America,Grey,Hybrid,Manual,3.3,5729,137507,4292,Low
12/31/2014,7 Series,2014,Middle East,Silver,Diesel,Automatic,5,168925,102686,227,Low
12/31/2022,X1,2022,Africa,White,Electric,Manual,2.5,127491,83326,5054,High
12/31/2011,3 Series,2011,Middle East,Red,Hybrid,Manual,3.7,5674,75774,5812,High
12/31/2019,M5,2019,South America,Black,Electric,Automatic,3.9,22889,160342,832,Low
12/31/2015,i3,2015,Africa,Silver,Diesel,Automatic,2.2,197871,31656,2513,Low
12/31/2021,5 Series,2021,Asia,Blue,Petrol,Manual,3.6,90438,104322,7435,High
12/31/2017,M3,2017,Middle East,Grey,Diesel,Automatic,2.6,175636,70773,2020,Low
12/31/2020,X1,2020,Asia,Grey,Electric,Automatic,4.5,71274,106571,9140,High
12/31/2015,5 Series,2015,Europe,Red,Hybrid,Manual,4,156583,77420,6213,High
12/31/2013,X5,2013,Middle East,Grey,Electric,Manual,4.4,38753,99135,3051,Low
12/31/2015,5 Series,2015,Asia,Silver,Petrol,Automatic,2.2,100967,68298,6610,High
12/31/2017,X3,2017,Asia,Black,Petrol,Manual,1.6,32559,72987,8087,High
12/31/2017,i8,2017,Middle East,Silver,Petrol,Manual,4.5,82404,146464,50,Low
12/31/2022,7 Series,2022,North America,White,Diesel,Manual,2.9,164103,117302,1808,Low
12/31/2019,7 Series,2019,North America,Black,Petrol,Manual,2.1,178305,92768,1677,Low
12/31/2011,7 Series,2011,Europe,White,Diesel,Manual,1.8,64439,72147,734,Low
12/31/2017,X1,2017,Asia,Black,Electric,Automatic,3.3,175251,62815,7034,High
12/31/2015,7 Series,2015,Africa,Black,Electric,Automatic,2,131064,101248,144,Low
12/31/2011,5 Series,2011,Middle East,Black,Diesel,Manual,3.5,41346,68860,4244,Low
12/31/2010,i8,2010,Europe,Blue,Petrol,Manual,4,153402,98800,50,Low
12/31/2015,7 Series,2015,Europe,White,Petrol,Manual,3.4,182381,80678,1214,Low
12/31/2022,M3,2022,Asia,Red,Diesel,Automatic,4.7,159117,107278,3185,Low
12/31/2016,X1,2016,South America,Blue,Hybrid,Manual,2,41922,66888,4663,Low
12/31/2023,M5,2023,North America,Blue,Electric,Manual,3.2,62652,166511,1825,Low
12/31/2023,X1,2023,Europe,Silver,Diesel,Automatic,2.1,51611,89673,7979,High
12/31/2019,7 Series,2019,North America,Red,Hybrid,Automatic,4.6,184861,117831,1720,Low
12/31/2014,X1,2014,Middle East,Red,Electric,Automatic,4.8,198282,58395,4879,Low
12/31/2023,X6,2023,Europe,Silver,Petrol,Automatic,2.9,141902,110917,5010,High
12/31/2019,X1,2019,Asia,Red,Petrol,Automatic,2.6,162192,57000,9480,High
12/31/2017,X6,2017,Middle East,Silver,Electric,Automatic,2.5,11118,120233,2085,Low
12/31/2020,i3,2020,Africa,Grey,Diesel,Automatic,4.5,168905,75771,3176,Low
12/31/2022,i8,2022,Middle East,Blue,Diesel,Automatic,3.9,120687,157682,50,Low
12/31/2021,X6,2021,Africa,Silver,Electric,Manual,4.6,140303,114462,2851,Low
12/31/2018,M3,2018,Middle East,Red,Petrol,Automatic,1.9,14353,97666,1973,Low
12/31/2013,3 Series,2013,South America,Black,Diesel,Automatic,3.2,130781,40276,6294,High
12/31/2016,X6,2016,Middle East,Blue,Diesel,Automatic,3.9,10284,110989,2227,Low
12/31/2017,X5,2017,Asia,White,Hybrid,Manual,4.6,31779,111220,6197,High
12/31/2022,X3,2022,Asia,Black,Hybrid,Manual,2.8,133026,92572,10360,High
12/31/2015,i3,2015,Africa,Black,Electric,Manual,2.6,55742,70220,2331,Low
12/31/2011,i3,2011,Middle East,Silver,Petrol,Manual,4.7,88280,55477,3076,Low
12/31/2016,5 Series,2016,South America,White,Diesel,Manual,1.7,168811,44908,5106,High
12/31/2022,X6,2022,North America,White,Electric,Manual,3.2,104112,130192,5447,High
12/31/2018,i8,2018,South America,White,Diesel,Automatic,3.1,184379,121843,50,Low
12/31/2014,M5,2014,South America,Blue,Hybrid,Manual,2,120837,94638,532,Low
12/31/2024,5 Series,2024,South America,Silver,Diesel,Manual,2.9,50968,111085,4121,Low
12/31/2011,i8,2011,Africa,White,Petrol,Manual,4,103325,105105,50,Low
12/31/2013,3 Series,2013,Asia,Red,Hybrid,Automatic,2.8,93210,62608,10390,High
12/31/2012,X5,2012,North America,Red,Petrol,Manual,2.6,19511,76306,5262,High
12/31/2013,X1,2013,Asia,Black,Electric,Automatic,4.2,145745,60591,8487,High
12/31/2019,7 Series,2019,Africa,Blue,Diesel,Automatic,5,5386,83168,889,Low
12/31/2016,X6,2016,Asia,Grey,Petrol,Automatic,4.2,29461,108098,3354,Low
12/31/2019,i8,2019,North America,Black,Electric,Manual,4.5,44700,187019,50,Low
12/31/2017,X5,2017,Europe,White,Diesel,Automatic,4.8,161880,87511,4985,Low
12/31/2010,M5,2010,North America,Red,Hybrid,Automatic,4.3,63062,118159,437,Low
12/31/2022,3 Series,2022,Asia,Grey,Petrol,Automatic,4.9,6839,122064,10986,High
12/31/2017,X1,2017,Europe,Red,Hybrid,Manual,4.1,162249,63461,8057,High
12/31/2014,i3,2014,Middle East,White,Hybrid,Automatic,3.8,156646,59234,603,Low
12/31/2021,M3,2021,Africa,White,Petrol,Automatic,3.9,14765,125839,1436,Low
12/31/2016,X5,2016,South America,White,Petrol,Automatic,4.7,54999,101310,3280,Low
12/31/2020,7 Series,2020,Africa,Blue,Diesel,Manual,3.9,133400,116569,701,Low
12/31/2020,X6,2020,Africa,Red,Hybrid,Automatic,4.2,5615,134984,2017,Low
12/31/2010,i8,2010,Asia,Black,Petrol,Manual,2.3,87557,100926,50,Low
12/31/2011,X1,2011,Europe,Black,Diesel,Automatic,4.7,48428,53603,7412,High
12/31/2010,M3,2010,South America,Grey,Electric,Automatic,3.1,84246,75388,620,Low
12/31/2014,7 Series,2014,Africa,Grey,Diesel,Manual,2.1,167670,69266,466,Low
12/31/2023,X6,2023,Asia,Black,Hybrid,Manual,4.3,55840,141741,5108,High
12/31/2023,M5,2023,Asia,Red,Electric,Automatic,2.7,48202,162235,2240,Low
12/31/2015,M5,2015,South America,Silver,Petrol,Manual,2.1,42169,100732,496,Low
12/31/2019,7 Series,2019,South America,Blue,Hybrid,Automatic,2.4,194333,103498,1508,Low
12/31/2018,X6,2018,Asia,Red,Electric,Manual,1.6,177691,87249,4597,Low
12/31/2017,X6,2017,North America,Blue,Hybrid,Automatic,1.8,15746,105745,3310,Low
12/31/2016,M5,2016,South America,Blue,Electric,Manual,3.6,101934,125613,298,Low
12/31/2021,X1,2021,Asia,Grey,Diesel,Automatic,4.5,92157,83697,7666,High
12/31/2014,7 Series,2014,Europe,Red,Hybrid,Manual,3.1,165139,88671,950,Low
12/31/2023,M5,2023,Africa,White,Diesel,Automatic,3.7,132187,128699,1250,Low
12/31/2024,M5,2024,Asia,Grey,Hybrid,Manual,4.3,75183,162152,2744,Low
12/31/2012,M5,2012,Europe,Black,Hybrid,Automatic,2.7,180809,88384,1130,Low
12/31/2018,M5,2018,Middle East,Blue,Electric,Automatic,3.8,172030,132351,1220,Low
12/31/2022,i8,2022,Middle East,White,Electric,Manual,2.7,4975,193156,50,Low
12/31/2014,7 Series,2014,Asia,Silver,Electric,Automatic,3.7,58030,118670,618,Low
12/31/2012,M3,2012,Africa,Silver,Hybrid,Automatic,2.3,18707,80975,740,Low
12/31/2012,X6,2012,Middle East,Grey,Diesel,Automatic,4.9,129975,81586,2385,Low
12/31/2012,M5,2012,Asia,White,Hybrid,Automatic,1.8,3409,112942,818,Low
12/31/2023,i8,2023,North America,Silver,Hybrid,Manual,3.3,58711,177539,657,Low
12/31/2015,5 Series,2015,Africa,Grey,Petrol,Automatic,2.5,14621,76576,3540,Low
12/31/2010,7 Series,2010,North America,Grey,Electric,Manual,3.6,132751,89604,504,Low
12/31/2020,M5,2020,South America,Black,Hybrid,Automatic,3,106427,139334,3199,Low
12/31/2013,X6,2013,Asia,Blue,Hybrid,Manual,2.6,15242,96454,4036,Low
12/31/2022,7 Series,2022,North America,Black,Diesel,Automatic,2.4,183164,107003,1806,Low
12/31/2017,i3,2017,Asia,White,Electric,Manual,2.1,75878,78815,5481,High
12/31/2012,5 Series,2012,Africa,Black,Hybrid,Automatic,4.2,175553,60267,642,Low
12/31/2014,X5,2014,Africa,Blue,Diesel,Manual,2.3,14834,75146,2891,Low
12/31/2011,i3,2011,Asia,Blue,Petrol,Manual,4.2,80206,51938,15000,High
12/31/2024,3 Series,2024,Asia,Blue,Hybrid,Automatic,3.2,10528,118020,9280,High
12/31/2011,3 Series,2011,Middle East,Black,Electric,Manual,1.8,126490,44194,6345,High
12/31/2020,3 Series,2020,North America,Black,Hybrid,Manual,2.1,144277,71112,11556,High
12/31/2022,5 Series,2022,Africa,Silver,Diesel,Automatic,4.6,148509,100312,4068,Low
12/31/2016,X5,2016,Africa,Black,Hybrid,Manual,3.6,4179,104057,2678,Low
12/31/2019,X5,2019,Middle East,Silver,Diesel,Automatic,2.1,134706,81423,3862,Low
12/31/2012,X5,2012,Europe,Blue,Hybrid,Manual,4,104816,79214,5418,High
12/31/2014,X6,2014,South America,Red,Diesel,Automatic,4.4,164089,74701,2164,Low
12/31/2012,7 Series,2012,North America,Silver,Petrol,Automatic,2.7,135717,76957,875,Low
12/31/2015,3 Series,2015,Middle East,Silver,Diesel,Automatic,3.4,62054,67339,6319,High
12/31/2022,i8,2022,Asia,Silver,Hybrid,Automatic,2.5,132013,165147,820,Low
12/31/2019,3 Series,2019,Asia,Black,Diesel,Manual,1.8,38231,76365,1938,Low
12/31/2012,i8,2012,Europe,Silver,Hybrid,Manual,2.9,127807,120595,50,Low
12/31/2017,5 Series,2017,Asia,Red,Electric,Automatic,4.1,38976,114248,6079,High
12/31/2011,X3,2011,Africa,Red,Diesel,Manual,3.1,46542,46629,4195,Low
12/31/2012,X1,2012,Asia,Blue,Petrol,Automatic,2.9,92932,40662,15000,High
12/31/2017,X1,2017,Middle East,Silver,Petrol,Manual,2.8,114453,56175,6121,High
12/31/2017,X3,2017,Africa,Red,Electric,Manual,3.1,36466,87786,4308,Low
12/31/2010,i8,2010,Asia,Silver,Hybrid,Automatic,2.6,39840,126950,50,Low
12/31/2017,X3,2017,South America,Red,Diesel,Automatic,3.6,17230,86924,4782,Low
12/31/2019,i3,2019,Africa,Silver,Petrol,Manual,1.7,53822,72700,3153,Low
12/31/2011,3 Series,2011,Africa,Grey,Petrol,Automatic,4.3,85225,50810,4744,Low
12/31/2021,X6,2021,Africa,Grey,Electric,Manual,2.1,17582,186840,1524,Low
12/31/2016,X5,2016,Asia,White,Petrol,Manual,3.7,172250,69019,5972,High
12/31/2015,M3,2015,Africa,White,Electric,Automatic,3.1,3090,107888,689,Low
12/31/2011,X5,2011,Europe,Blue,Diesel,Manual,4.2,33142,74392,4315,Low
12/31/2014,X1,2014,South America,Grey,Electric,Automatic,4.4,41000,81448,3956,Low
12/31/2016,5 Series,2016,Asia,Grey,Diesel,Manual,2.2,87514,65637,6518,High
12/31/2017,X5,2017,North America,Black,Diesel,Automatic,3.9,103258,88447,6584,High
12/31/2012,X1,2012,Africa,Blue,Electric,Automatic,2.2,60708,53080,3603,Low
12/31/2010,X3,2010,Africa,Black,Petrol,Manual,1.9,199306,25000,3855,Low
12/31/2022,X1,2022,Europe,Silver,Petrol,Automatic,4.8,94154,98566,7435,High
12/31/2016,X3,2016,Africa,Blue,Diesel,Automatic,2.1,84269,59555,4193,Low
12/31/2022,X1,2022,Africa,White,Diesel,Manual,2.3,73536,74187,4588,Low
12/31/2014,M5,2014,Middle East,Blue,Hybrid,Automatic,2,102651,111349,453,Low
12/31/2014,7 Series,2014,Middle East,Blue,Diesel,Automatic,3.1,80242,99099,333,Low
12/31/2016,X1,2016,Africa,Red,Electric,Manual,4.7,178624,64308,3658,Low
12/31/2010,7 Series,2010,South America,Red,Electric,Automatic,2.4,60855,89931,50,Low
12/31/2017,X6,2017,North America,Silver,Petrol,Automatic,3.4,90607,97615,3451,Low
12/31/2021,M5,2021,Africa,Blue,Hybrid,Automatic,2.9,178147,123825,1358,Low
12/31/2023,X1,2023,Middle East,White,Electric,Automatic,2.7,160582,87974,5575,High
12/31/2019,5 Series,2019,Africa,Red,Hybrid,Manual,3.5,35297,108326,4292,Low
12/31/2024,3 Series,2024,Asia,Silver,Hybrid,Automatic,3.5,63973,118134,10795,High
12/31/2014,i8,2014,South America,Grey,Diesel,Manual,2.8,188668,96523,50,Low
12/31/2017,X1,2017,Middle East,Blue,Petrol,Manual,4.5,34566,84007,5290,High
12/31/2019,X6,2019,Europe,Silver,Electric,Manual,1.7,57151,104884,4466,Low
12/31/2024,7 Series,2024,Asia,Blue,Hybrid,Manual,1.8,15270,149432,2383,Low
12/31/2019,i3,2019,Asia,Black,Petrol,Automatic,5,37115,100267,5164,High
12/31/2014,M3,2014,North America,Blue,Hybrid,Automatic,4.1,75535,101811,2348,Low
12/31/2021,M3,2021,Middle East,Black,Diesel,Manual,4.3,177848,94043,2367,Low
12/31/2016,X3,2016,North America,Black,Electric,Automatic,3.6,255,100395,8050,High
12/31/2019,X5,2019,North America,White,Diesel,Automatic,3,189510,73465,5673,High
12/31/2012,X5,2012,Africa,Black,Petrol,Manual,3.7,84861,67375,2682,Low
12/31/2011,M3,2011,Europe,Black,Diesel,Manual,1.8,102585,47903,2650,Low
12/31/2015,3 Series,2015,North America,White,Hybrid,Automatic,4.2,56094,50743,10819,High
12/31/2014,X1,2014,Middle East,Blue,Diesel,Automatic,3.4,7663,65332,5163,High
12/31/2018,7 Series,2018,South America,Blue,Hybrid,Manual,4.8,163670,122261,787,Low
12/31/2019,M3,2019,Middle East,Silver,Petrol,Manual,3.7,146160,91042,2232,Low
12/31/2013,X6,2013,Asia,Black,Diesel,Automatic,2,176982,53303,3722,Low
12/31/2020,i8,2020,Middle East,Black,Hybrid,Automatic,3.2,165099,156329,220,Low
12/31/2012,M3,2012,North America,Silver,Hybrid,Manual,1.7,166049,56223,2554,Low
12/31/2018,i8,2018,Middle East,Red,Electric,Automatic,4.1,65810,175269,50,Low
12/31/2017,i8,2017,Asia,White,Petrol,Automatic,3.3,140791,137205,50,Low
12/31/2015,X3,2015,Asia,Black,Diesel,Manual,2.8,83680,57003,8513,High
12/31/2010,3 Series,2010,Europe,Grey,Petrol,Automatic,4.9,3083,70577,7545,High
12/31/2023,5 Series,2023,Europe,White,Hybrid,Manual,4.8,44237,129130,7743,High
12/31/2019,X5,2019,Europe,Grey,Petrol,Automatic,4.8,16716,124262,5252,High
12/31/2022,X6,2022,North America,Grey,Petrol,Automatic,2.3,68169,117197,4698,Low
12/31/2021,M5,2021,Middle East,Black,Electric,Manual,4,128885,153008,1465,Low
12/31/2020,i3,2020,North America,Red,Electric,Automatic,4.8,160992,94180,5267,High
12/31/2010,X6,2010,South America,Blue,Petrol,Manual,3.5,191350,42390,1983,Low
12/31/2021,X3,2021,Africa,Blue,Hybrid,Automatic,2.2,143771,80673,5992,High
12/31/2015,i3,2015,Europe,Blue,Petrol,Automatic,4.4,77652,70603,4170,Low
12/31/2022,X5,2022,Africa,Black,Diesel,Automatic,4.6,136340,106225,3647,Low
12/31/2012,X1,2012,Middle East,Grey,Diesel,Manual,4,76508,49938,5213,High
12/31/2012,X1,2012,Asia,Red,Electric,Manual,2.5,45992,56229,7476,High
12/31/2015,M3,2015,Middle East,Silver,Hybrid,Manual,2.2,57119,92753,1579,Low
12/31/2022,3 Series,2022,Africa,Red,Petrol,Manual,3.7,65903,96055,6006,High
12/31/2012,X3,2012,South America,Grey,Petrol,Automatic,3.2,154453,38051,4296,Low
12/31/2022,X3,2022,North America,Grey,Petrol,Manual,3.8,159704,81606,9583,High
12/31/2020,X6,2020,Europe,Black,Hybrid,Automatic,1.9,51115,114435,4075,Low
12/31/2019,X6,2019,South America,Red,Petrol,Manual,2,97745,83618,2494,Low
12/31/2015,X3,2015,Europe,Red,Petrol,Manual,2.8,55715,66572,9138,High
12/31/2014,3 Series,2014,Europe,Silver,Hybrid,Automatic,2.4,144718,50265,10143,High
12/31/2013,X1,2013,Africa,White,Petrol,Manual,3.7,1935,61177,4043,Low
12/31/2017,X5,2017,North America,Red,Diesel,Automatic,2.8,148876,75190,5949,High
12/31/2011,5 Series,2011,North America,Grey,Diesel,Automatic,3.9,187865,43937,5637,High
12/31/2024,M3,2024,Asia,Grey,Hybrid,Automatic,4.2,173867,116435,4255,Low
12/31/2021,M3,2021,North America,Red,Petrol,Manual,2.2,85001,98831,2914,Low
12/31/2023,i8,2023,North America,Blue,Hybrid,Manual,4.7,118402,179778,620,Low
12/31/2020,i8,2020,South America,Red,Diesel,Automatic,4.3,116396,148547,50,Low
12/31/2016,M5,2016,Middle East,Silver,Electric,Manual,3.7,175561,122626,597,Low
12/31/2013,3 Series,2013,Asia,Blue,Electric,Automatic,4.7,191385,63429,8538,High
12/31/2011,3 Series,2011,Middle East,Silver,Hybrid,Automatic,2.4,22736,60773,6117,High
12/31/2024,7 Series,2024,South America,Blue,Hybrid,Automatic,3,157316,135016,1420,Low
12/31/2016,3 Series,2016,South America,Red,Petrol,Automatic,1.8,132661,48367,5421,High
12/31/2022,X5,2022,Asia,Grey,Diesel,Manual,3.1,11747,116650,6206,High
12/31/2010,X1,2010,Asia,Grey,Petrol,Manual,3.3,164460,25000,7003,High
12/31/2013,i3,2013,Middle East,Grey,Hybrid,Automatic,3.7,137837,61889,361,Low
12/31/2018,i3,2018,South America,Black,Diesel,Manual,1.7,122837,52650,3360,Low
12/31/2023,X6,2023,Europe,Red,Hybrid,Manual,1.6,105981,114560,4898,Low
12/31/2013,X6,2013,South America,White,Electric,Automatic,3,113752,86251,1960,Low
12/31/2021,5 Series,2021,South America,Black,Electric,Manual,2.2,179194,88708,4566,Low
12/31/2022,i3,2022,Asia,Black,Electric,Manual,4.2,53668,120867,6519,High
12/31/2012,i3,2012,Europe,Red,Petrol,Automatic,3.8,18502,67484,3880,Low
12/31/2019,i3,2019,Middle East,Blue,Diesel,Automatic,2.6,62546,82777,3916,Low
12/31/2019,5 Series,2019,Middle East,White,Petrol,Manual,1.7,198249,61561,5093,High
12/31/2011,M3,2011,North America,Blue,Electric,Automatic,2.1,164047,60025,2253,Low
12/31/2023,i8,2023,Africa,Blue,Diesel,Automatic,3.9,34998,167547,50,Low
12/31/2024,3 Series,2024,Asia,Grey,Electric,Automatic,5,182591,112333,10971,High
12/31/2012,M3,2012,Middle East,Red,Petrol,Automatic,2.6,179011,50373,1629,Low
12/31/2010,i3,2010,Africa,Grey,Hybrid,Automatic,4.3,76805,60070,1896,Low
12/31/2019,M5,2019,Asia,Grey,Petrol,Automatic,4.5,35762,140249,1587,Low
12/31/2017,M3,2017,Asia,Black,Petrol,Automatic,1.7,160785,65801,2852,Low
12/31/2010,X3,2010,Europe,Blue,Petrol,Manual,4.7,76066,57474,7742,High
12/31/2012,X1,2012,Asia,Silver,Diesel,Manual,3.1,174108,25000,15000,High
12/31/2023,7 Series,2023,Europe,Black,Hybrid,Automatic,4.9,121051,156991,1819,Low
12/31/2012,X1,2012,North America,Black,Diesel,Automatic,3.4,182454,25309,7303,High
12/31/2022,3 Series,2022,Middle East,White,Electric,Automatic,2.3,186043,83942,6937,High
12/31/2024,3 Series,2024,Asia,Red,Electric,Automatic,4.9,161339,112279,11210,High
12/31/2011,5 Series,2011,Africa,Grey,Diesel,Automatic,2.4,35215,56037,2686,Low
12/31/2023,i8,2023,North America,White,Petrol,Automatic,4.6,38807,182606,86,Low
12/31/2014,i3,2014,South America,White,Diesel,Automatic,2.1,51871,54782,2532,Low
12/31/2019,3 Series,2019,Europe,Blue,Electric,Automatic,3.9,94122,92669,10717,High
12/31/2012,X1,2012,Middle East,Grey,Diesel,Manual,2.9,148039,26617,5254,High
12/31/2012,X5,2012,Europe,Red,Electric,Automatic,4.9,128573,82882,4277,Low
12/31/2017,X3,2017,Europe,Red,Diesel,Manual,2.1,108835,56949,9292,High
12/31/2013,X1,2013,Europe,Grey,Electric,Automatic,2.9,198899,40887,7249,High
12/31/2013,5 Series,2013,Europe,Black,Hybrid,Manual,3.7,101229,73508,6503,High
12/31/2012,7 Series,2012,Asia,Silver,Petrol,Automatic,4.9,133492,93738,855,Low
12/31/2020,i3,2020,Asia,Blue,Petrol,Automatic,2.6,190962,61618,742,Low
12/31/2010,i3,2010,Middle East,Grey,Electric,Automatic,2.9,39452,65810,2659,Low
12/31/2017,i3,2017,Europe,Red,Diesel,Manual,3.1,175288,49616,5911,High
12/31/2024,M3,2024,Africa,Silver,Hybrid,Manual,2.4,38049,127336,2240,Low
12/31/2010,X5,2010,North America,Red,Petrol,Automatic,4.4,186258,50081,5979,High
12/31/2016,X5,2016,Middle East,White,Petrol,Manual,1.8,5455,87300,4158,Low
12/31/2014,X5,2014,South America,Blue,Hybrid,Manual,4,60073,86593,3409,Low
12/31/2013,X1,2013,Middle East,White,Electric,Automatic,3.4,30698,79476,4720,Low
12/31/2013,i8,2013,Asia,Blue,Petrol,Manual,2.3,100720,110378,50,Low
12/31/2017,i3,2017,North America,Black,Hybrid,Automatic,3.2,79514,85566,5107,High
12/31/2020,X6,2020,Middle East,Blue,Electric,Manual,4.4,180602,115705,3308,Low
12/31/2020,X6,2020,North America,White,Diesel,Manual,3.1,77422,109654,4132,Low
12/31/2022,3 Series,2022,South America,Grey,Diesel,Automatic,1.9,91611,78659,6797,High
12/31/2023,X3,2023,North America,Blue,Hybrid,Manual,1.6,72805,50209,9809,High
12/31/2015,3 Series,2015,Asia,Blue,Petrol,Manual,4.2,23881,79890,9945,High
12/31/2023,5 Series,2023,North America,Silver,Hybrid,Automatic,2.7,103870,116125,6789,High
12/31/2021,X1,2021,South America,Grey,Diesel,Automatic,4.8,140886,82104,4352,Low
12/31/2010,5 Series,2010,North America,White,Petrol,Manual,3.7,86118,55030,5449,High
12/31/2023,X3,2023,North America,Blue,Hybrid,Manual,3,46673,110908,10283,High
12/31/2019,X6,2019,Middle East,Black,Electric,Automatic,3.5,171508,109107,3606,Low
12/31/2017,M3,2017,South America,Grey,Hybrid,Automatic,3.1,189880,78146,1928,Low
12/31/2022,i8,2022,Europe,Silver,Hybrid,Automatic,4.7,112239,181120,440,Low
12/31/2023,i8,2023,North America,Grey,Diesel,Manual,3.1,65290,161107,452,Low
12/31/2011,3 Series,2011,Asia,White,Petrol,Automatic,1.9,147239,25000,11138,High
12/31/2015,7 Series,2015,South America,White,Hybrid,Automatic,3.6,59276,113130,107,Low
12/31/2018,i3,2018,Europe,Blue,Hybrid,Automatic,3.7,140184,76266,5044,High
12/31/2010,X3,2010,South America,Black,Hybrid,Automatic,4.2,115718,53532,4985,Low
12/31/2015,X6,2015,Asia,Grey,Electric,Automatic,4.8,177151,92496,3715,Low
12/31/2017,7 Series,2017,Africa,Blue,Hybrid,Manual,3.1,83562,111560,236,Low
12/31/2019,X5,2019,Europe,Black,Diesel,Manual,2.7,184872,72643,15000,High
12/31/2022,M5,2022,Europe,Black,Electric,Manual,3.2,67295,154593,2260,Low
12/31/2011,i8,2011,South America,Red,Petrol,Automatic,4.7,168916,105617,50,Low
12/31/2014,3 Series,2014,Middle East,Silver,Hybrid,Automatic,4.9,94108,82069,6606,High
12/31/2015,5 Series,2015,Asia,White,Electric,Manual,4.9,180082,80280,7689,High
12/31/2014,X5,2014,Asia,Blue,Hybrid,Automatic,2.3,125144,73411,5657,High
12/31/2012,3 Series,2012,North America,Blue,Petrol,Manual,3.2,139579,37146,8015,High
12/31/2013,i3,2013,North America,White,Electric,Manual,2.4,190684,41213,4919,Low
12/31/2016,X3,2016,Africa,Silver,Hybrid,Automatic,2.8,38753,86447,4249,Low
12/31/2013,M5,2013,South America,White,Hybrid,Automatic,1.6,20356,111581,58,Low
12/31/2018,X5,2018,Middle East,Black,Electric,Automatic,2.1,135909,88844,5091,High
12/31/2020,M5,2020,Africa,Blue,Diesel,Manual,2.9,198754,99293,1256,Low
12/31/2021,M5,2021,Africa,Black,Electric,Manual,2.8,80814,135896,1312,Low
12/31/2023,X5,2023,Africa,Blue,Electric,Manual,2.5,16040,126599,3412,Low
12/31/2022,X5,2022,North America,Silver,Petrol,Manual,2.3,185423,80591,6071,High
12/31/2022,X3,2022,North America,Grey,Diesel,Automatic,4.1,151640,86528,8523,High
12/31/2019,i8,2019,North America,White,Petrol,Automatic,2.5,74791,155059,50,Low
12/31/2011,M5,2011,Africa,Blue,Diesel,Automatic,4,173315,74747,124,Low
12/31/2014,7 Series,2014,South America,Blue,Diesel,Automatic,2.8,143267,78022,414,Low
12/31/2017,X1,2017,North America,Red,Diesel,Manual,4.3,31412,75450,6818,High
12/31/2023,i8,2023,North America,Silver,Electric,Manual,2.1,1930,186755,530,Low
12/31/2014,5 Series,2014,Africa,Grey,Petrol,Manual,2.1,191289,37217,3363,Low
12/31/2019,X5,2019,South America,Blue,Petrol,Manual,3.9,199441,72464,3859,Low
12/31/2021,3 Series,2021,Africa,Black,Petrol,Automatic,4.7,53489,100972,5803,High
12/31/2017,3 Series,2017,North America,Blue,Electric,Manual,2,164118,59593,8960,High
12/31/2017,3 Series,2017,North America,Red,Electric,Automatic,1.8,52587,82971,8052,High
12/31/2018,X6,2018,Africa,Black,Hybrid,Automatic,4.8,14916,134233,1832,Low
12/31/2019,M5,2019,Europe,Silver,Hybrid,Manual,1.9,170064,111680,2239,Low
12/31/2015,i8,2015,Africa,Red,Electric,Automatic,2.4,192012,116457,50,Low
12/31/2021,i8,2021,Europe,Blue,Hybrid,Automatic,4.8,65091,176813,358,Low
12/31/2013,X5,2013,South America,Silver,Electric,Manual,4.3,167609,71909,3122,Low
12/31/2021,M3,2021,Middle East,Black,Diesel,Manual,2.7,67050,101473,2129,Low
12/31/2020,7 Series,2020,South America,Grey,Electric,Automatic,4.8,25309,158076,729,Low
12/31/2012,i3,2012,Middle East,Grey,Petrol,Automatic,3.5,10157,65721,2482,Low
12/31/2024,7 Series,2024,Middle East,Grey,Diesel,Manual,1.8,75662,135428,1114,Low
12/31/2021,M3,2021,South America,Grey,Electric,Automatic,4,8517,139427,1794,Low
12/31/2023,i8,2023,South America,Black,Electric,Manual,3.4,38105,182593,193,Low
12/31/2014,i3,2014,South America,Red,Diesel,Manual,3.5,76535,54254,3092,Low
12/31/2015,i8,2015,Middle East,White,Diesel,Manual,5,58200,149193,50,Low
12/31/2012,i3,2012,Asia,White,Hybrid,Automatic,2,97556,51195,4377,Low
12/31/2011,M3,2011,Europe,Red,Diesel,Automatic,3.8,113436,65912,2209,Low
12/31/2016,X1,2016,Europe,Blue,Electric,Manual,3.1,169417,54482,7767,High
12/31/2020,X1,2020,Asia,Black,Hybrid,Manual,2.5,143799,70816,8003,High
12/31/2014,X6,2014,Asia,Blue,Diesel,Manual,3.9,175187,67969,3817,Low
12/31/2018,X3,2018,Africa,Black,Hybrid,Manual,3.8,83027,91258,4471,Low
12/31/2024,M3,2024,Middle East,Silver,Diesel,Manual,4.5,92504,132884,2107,Low
12/31/2012,X1,2012,South America,Blue,Diesel,Manual,4.6,7558,58176,3580,Low
12/31/2023,3 Series,2023,Asia,Grey,Petrol,Automatic,3.5,117380,97647,10779,High
12/31/2024,X6,2024,Middle East,Red,Diesel,Automatic,2.6,90374,122450,2948,Low
12/31/2017,M5,2017,South America,White,Diesel,Automatic,3.4,18990,127087,453,Low
12/31/2015,X5,2015,Africa,Black,Hybrid,Automatic,2.8,165531,66265,3395,Low
12/31/2013,M3,2013,North America,White,Petrol,Manual,2.5,23834,81639,2249,Low
12/31/2021,i3,2021,Asia,White,Diesel,Automatic,3.4,175569,70503,6119,High
12/31/2021,X1,2021,Middle East,Red,Hybrid,Manual,3.8,199763,77743,5528,High
12/31/2024,3 Series,2024,Middle East,Black,Diesel,Automatic,3.6,149889,94777,7521,High
12/31/2018,X5,2018,South America,Red,Hybrid,Manual,4.8,60053,110131,3285,Low
12/31/2014,i8,2014,North America,Grey,Diesel,Manual,2.5,184849,97845,50,Low
12/31/2024,7 Series,2024,Europe,Blue,Diesel,Manual,2.8,156999,121424,1763,Low
12/31/2019,i8,2019,Africa,White,Hybrid,Manual,3.8,72478,149599,50,Low
12/31/2015,M3,2015,Europe,Silver,Electric,Automatic,3.6,52606,109631,2112,Low
12/31/2023,5 Series,2023,Middle East,Silver,Hybrid,Manual,1.5,103060,102444,846,Low
12/31/2024,5 Series,2024,Middle East,Black,Petrol,Manual,2.6,28090,114424,5275,High
12/31/2024,i8,2024,Asia,Blue,Electric,Automatic,2.4,61931,102065,1759,Low
12/31/2022,7 Series,2022,Middle East,Blue,Petrol,Manual,4.4,185175,118972,1195,Low
12/31/2018,i3,2018,Africa,Grey,Hybrid,Automatic,4.5,7523,105109,3149,Low
12/31/2016,X1,2016,Europe,Grey,Hybrid,Automatic,2.5,179059,49100,6434,High
12/31/2021,X5,2021,Asia,Black,Diesel,Automatic,1.9,169507,82313,7553,High
12/31/2014,X6,2014,Middle East,Grey,Diesel,Manual,2.2,112041,70596,2598,Low
12/31/2011,X1,2011,North America,Red,Diesel,Automatic,2.1,139193,25000,7712,High
12/31/2013,3 Series,2013,Africa,White,Diesel,Automatic,2.3,20591,53432,4376,Low
12/31/2011,M5,2011,Africa,Silver,Hybrid,Automatic,2.3,94605,86772,50,Low
12/31/2012,X1,2012,Middle East,Blue,Electric,Automatic,3.2,176,78345,4725,Low
12/31/2019,X1,2019,Asia,Black,Hybrid,Manual,2.6,85108,77062,9106,High
12/31/2021,X5,2021,Africa,Silver,Petrol,Manual,3.5,2968,112803,2799,Low
12/31/2012,3 Series,2012,Asia,Black,Petrol,Automatic,2.7,133319,37316,9401,High
12/31/2013,M5,2013,North America,White,Hybrid,Automatic,4.4,19015,131207,599,Low
12/31/2015,X1,2015,Africa,White,Diesel,Manual,4.8,71341,60108,3838,Low
12/31/2021,X3,2021,Asia,Blue,Diesel,Manual,2.9,76073,85984,8613,High
12/31/2012,i8,2012,Middle East,Silver,Electric,Manual,1.7,29052,129234,50,Low
12/31/2019,M5,2019,Europe,Blue,Petrol,Automatic,2.3,11345,131374,1465,Low
12/31/2023,3 Series,2023,North America,White,Electric,Manual,1.9,134079,89541,11469,High
12/31/2010,M5,2010,North America,White,Hybrid,Automatic,2.7,164384,81749,931,Low
12/31/2010,i8,2010,Africa,Red,Electric,Automatic,3.8,43398,124547,50,Low
12/31/2018,X5,2018,South America,Silver,Electric,Manual,3.3,92462,102064,3648,Low
12/31/2018,M3,2018,Africa,Silver,Petrol,Manual,2.4,162921,72569,1818,Low
12/31/2014,3 Series,2014,Middle East,White,Petrol,Manual,4.2,178093,49661,6293,High
12/31/2018,i8,2018,South America,Red,Petrol,Automatic,2,150082,117443,50,Low
12/31/2020,i3,2020,Middle East,Red,Hybrid,Automatic,2.3,30114,102104,4497,Low
12/31/2016,M5,2016,Africa,Blue,Electric,Automatic,3.9,95336,127443,85,Low
12/31/2018,7 Series,2018,South America,White,Diesel,Automatic,2.2,117214,96550,686,Low
12/31/2021,X3,2021,Europe,Grey,Electric,Manual,3.9,145214,96748,8187,High
12/31/2016,X3,2016,Middle East,Silver,Petrol,Automatic,4.9,105447,80889,5211,High
12/31/2018,i8,2018,Asia,Blue,Hybrid,Automatic,4.4,140198,155750,306,Low
12/31/2024,5 Series,2024,Middle East,White,Petrol,Automatic,2.1,123765,100438,5281,High
12/31/2011,M3,2011,North America,Black,Hybrid,Automatic,3.3,193165,57429,2134,Low
12/31/2020,M5,2020,North America,Blue,Petrol,Automatic,3,98275,123993,1839,Low
12/31/2020,M3,2020,Europe,Blue,Electric,Manual,5,90899,128172,2917,Low
12/31/2017,X5,2017,Middle East,Red,Petrol,Automatic,4.9,66449,103496,3646,Low
12/31/2016,X1,2016,Asia,Black,Diesel,Automatic,1.9,114286,42691,8260,High
12/31/2015,X1,2015,Africa,Blue,Diesel,Automatic,4.7,125733,53672,4221,Low
12/31/2014,X1,2014,Asia,Grey,Electric,Manual,2.2,97785,55024,8164,High
12/31/2013,X3,2013,Asia,Silver,Hybrid,Manual,2.6,140438,50977,7877,High
12/31/2016,i3,2016,Asia,Grey,Hybrid,Manual,2.7,165564,57051,5014,High
12/31/2012,X5,2012,Middle East,Blue,Petrol,Automatic,2.5,61518,71755,3794,Low
12/31/2017,i8,2017,Africa,White,Electric,Manual,4.5,62835,162645,50,Low
12/31/2011,5 Series,2011,Europe,Red,Electric,Automatic,2.7,162524,54947,6653,High
12/31/2010,3 Series,2010,Africa,Black,Electric,Manual,4.4,33253,70721,3929,Low
12/31/2020,7 Series,2020,North America,Black,Electric,Automatic,5,135050,137998,1629,Low
12/31/2011,i3,2011,North America,White,Hybrid,Automatic,4.4,25295,72712,4376,Low
12/31/2018,X3,2018,Middle East,Silver,Diesel,Manual,2.7,63355,74397,5434,High
12/31/2014,X3,2014,South America,Silver,Electric,Manual,4,138795,71224,4626,Low
12/31/2020,X3,2020,Europe,Silver,Petrol,Manual,3.4,140517,78802,7530,High
12/31/2017,X5,2017,Europe,Silver,Diesel,Manual,4.3,118566,88609,6129,High
12/31/2012,i8,2012,North America,Grey,Electric,Automatic,2,123435,119341,50,Low
12/31/2016,X6,2016,Europe,Silver,Electric,Manual,3.7,57714,109716,3509,Low
12/31/2024,X3,2024,Europe,Blue,Diesel,Automatic,4.2,26078,120792,9713,High
12/31/2011,X5,2011,Middle East,Blue,Hybrid,Automatic,4.2,3652,94111,3033,Low
12/31/2017,X1,2017,Europe,Silver,Hybrid,Manual,4.9,22900,93013,6679,High
12/31/2023,3 Series,2023,Asia,Blue,Hybrid,Manual,1.7,58883,98284,10397,High
12/31/2016,3 Series,2016,Asia,White,Diesel,Automatic,2.7,186873,42552,11346,High
12/31/2021,M5,2021,North America,Blue,Hybrid,Manual,3.2,16857,159983,1901,Low
12/31/2014,i8,2014,Middle East,Red,Diesel,Manual,2.6,17261,131031,50,Low
12/31/2021,X1,2021,Asia,White,Petrol,Automatic,2.6,5243,89075,9349,High
12/31/2020,M3,2020,Europe,Black,Hybrid,Manual,2.1,59337,111863,3360,Low
12/31/2013,3 Series,2013,Middle East,Grey,Diesel,Automatic,4.3,149210,49557,6212,High
12/31/2010,X3,2010,Middle East,Grey,Diesel,Automatic,4.7,149766,44646,5849,High
12/31/2014,3 Series,2014,South America,Blue,Petrol,Automatic,1.8,64196,50804,5051,High
12/31/2021,7 Series,2021,Europe,White,Electric,Automatic,2,136546,131205,1779,Low
12/31/2018,i8,2018,Middle East,White,Electric,Automatic,2.3,25139,174025,50,Low
12/31/2019,X6,2019,South America,Grey,Petrol,Automatic,3.3,17569,109238,2654,Low
12/31/2013,3 Series,2013,North America,Silver,Electric,Automatic,4.3,142619,40692,8763,High
12/31/2022,X5,2022,Africa,Blue,Petrol,Automatic,1.8,3554,105577,3402,Low
12/31/2018,i3,2018,Middle East,Grey,Diesel,Manual,3.7,165380,59745,3732,Low
12/31/2021,X6,2021,Europe,White,Hybrid,Automatic,2,11406,132201,4718,Low
12/31/2011,M3,2011,South America,Red,Hybrid,Automatic,4.9,106459,79146,726,Low
12/31/2013,X6,2013,North America,Silver,Electric,Automatic,4.6,121391,97871,3721,Low
12/31/2018,M3,2018,Middle East,White,Hybrid,Automatic,4.8,34643,123047,2174,Low
12/31/2013,i8,2013,South America,White,Electric,Manual,1.9,27675,128350,50,Low
12/31/2014,M3,2014,North America,Blue,Electric,Automatic,3.2,93556,92684,2122,Low
12/31/2020,M3,2020,Asia,Red,Electric,Manual,2.1,49876,109803,3256,Low
12/31/2017,X6,2017,Europe,White,Electric,Automatic,3.6,190839,94721,3859,Low
12/31/2010,i3,2010,Europe,Black,Diesel,Manual,2.3,151871,25000,4235,Low
12/31/2010,X3,2010,Europe,White,Hybrid,Automatic,4.2,61891,63929,6917,High
12/31/2018,X5,2018,Asia,Black,Diesel,Automatic,3.8,69658,98232,5362,High
12/31/2018,i3,2018,Africa,Grey,Diesel,Automatic,3.5,25516,80826,2424,Low
12/31/2013,3 Series,2013,South America,White,Petrol,Manual,4.4,31753,66607,5024,High
12/31/2022,M5,2022,Africa,Red,Hybrid,Automatic,3.3,162061,132864,1467,Low
12/31/2011,X3,2011,Africa,Black,Petrol,Manual,2.4,49838,44414,4619,Low
12/31/2022,X6,2022,Asia,Silver,Petrol,Automatic,3.7,178764,106975,5001,High
12/31/2018,X5,2018,Middle East,Red,Electric,Automatic,4.8,199348,99302,4639,Low
12/31/2023,X3,2023,Europe,Black,Electric,Automatic,3.6,62273,122510,8323,High
12/31/2013,X1,2013,South America,Black,Electric,Manual,3.7,121130,55803,4605,Low
12/31/2015,X1,2015,South America,Black,Hybrid,Automatic,4.8,25512,84554,3761,Low
12/31/2021,i3,2021,Africa,Red,Electric,Automatic,3.3,144168,93872,3777,Low
12/31/2010,X1,2010,Middle East,Silver,Diesel,Manual,5,50478,50388,3959,Low
12/31/2021,X1,2021,North America,White,Diesel,Automatic,2.1,167980,56756,7690,High
12/31/2018,5 Series,2018,Middle East,Silver,Hybrid,Automatic,3.4,37873,110933,4326,Low
12/31/2014,3 Series,2014,Africa,Silver,Diesel,Automatic,2.2,197724,27221,5987,High
12/31/2024,X1,2024,Europe,Silver,Electric,Manual,3.1,92224,98927,8971,High
12/31/2012,i3,2012,Middle East,Black,Electric,Manual,2.1,28843,103890,2459,Low
12/31/2013,i8,2013,Africa,Red,Diesel,Manual,2.3,31800,111604,50,Low
12/31/2010,M3,2010,Europe,Black,Hybrid,Automatic,2.2,69117,65430,1994,Low
12/31/2023,M3,2023,Europe,White,Petrol,Automatic,2.6,8155,126785,3051,Low
12/31/2018,i8,2018,North America,Grey,Diesel,Automatic,2,156404,117711,291,Low
12/31/2023,i3,2023,South America,Silver,Diesel,Manual,4.3,39122,104968,3475,Low
12/31/2017,X1,2017,Asia,Grey,Diesel,Automatic,2.3,76576,60634,8233,High
12/31/2013,X1,2013,South America,Silver,Hybrid,Manual,3,122430,44124,4260,Low
12/31/2011,X3,2011,Asia,Black,Hybrid,Manual,1.6,107971,40434,7701,High
12/31/2023,M5,2023,North America,Grey,Petrol,Manual,1.9,39162,140672,2283,Low
12/31/2018,X5,2018,North America,Black,Electric,Manual,4.6,13810,134559,6300,High
12/31/2013,X6,2013,Asia,White,Diesel,Manual,4.4,185524,66538,3927,Low
12/31/2018,M5,2018,North America,White,Hybrid,Manual,4.4,197529,116998,2144,Low
12/31/2019,X1,2019,Africa,Grey,Electric,Automatic,2.9,162135,72366,5090,High
12/31/2012,X6,2012,North America,Red,Petrol,Automatic,2,8518,85183,2958,Low
12/31/2016,X6,2016,Asia,Blue,Electric,Manual,1.9,64180,95255,4348,Low
12/31/2016,M3,2016,Asia,Red,Petrol,Manual,3.6,33487,102270,2700,Low
12/31/2019,i8,2019,Africa,Red,Electric,Manual,4.4,177165,143410,100,Low
12/31/2022,3 Series,2022,Asia,Black,Electric,Automatic,4.7,18354,128556,11745,High
12/31/2013,i3,2013,Europe,Silver,Petrol,Automatic,2.5,23932,61532,3887,Low
12/31/2011,X5,2011,South America,White,Diesel,Automatic,2.6,111819,49972,3110,Low
12/31/2020,5 Series,2020,Asia,Blue,Diesel,Automatic,1.9,33674,98440,6549,High
12/31/2018,X1,2018,South America,Red,Electric,Manual,4.2,193856,64971,5814,High
12/31/2013,M3,2013,South America,Blue,Hybrid,Automatic,2.5,170673,60083,1439,Low
12/31/2017,X5,2017,Middle East,Silver,Petrol,Automatic,3.2,6688,109905,4009,Low
12/31/2023,i8,2023,Europe,Red,Hybrid,Automatic,4.8,175428,163099,879,Low
12/31/2011,i8,2011,Africa,Grey,Diesel,Manual,4.1,833,126028,50,Low
12/31/2017,7 Series,2017,Middle East,Red,Electric,Automatic,1.7,36601,131832,237,Low
12/31/2020,X1,2020,Africa,White,Petrol,Manual,1.5,64919,66042,4165,Low
12/31/2019,M5,2019,Asia,Grey,Electric,Manual,4.3,47847,152928,1962,Low
12/31/2014,X5,2014,Asia,Blue,Diesel,Manual,3.4,197772,54591,6361,High
12/31/2016,i8,2016,South America,Black,Electric,Automatic,4,95200,156478,50,Low
12/31/2016,M3,2016,South America,Silver,Petrol,Automatic,2,168710,61669,2050,Low
12/31/2021,i3,2021,Middle East,Red,Diesel,Manual,4.6,40994,102111,4002,Low
12/31/2018,M5,2018,Middle East,Blue,Hybrid,Manual,4.2,18706,148938,887,Low
12/31/2012,3 Series,2012,Middle East,Red,Hybrid,Manual,4.6,72601,68965,5978,High
12/31/2019,i3,2019,Europe,Grey,Diesel,Manual,2.7,125893,61743,5303,High
12/31/2013,X1,2013,Middle East,Black,Petrol,Manual,2.5,63028,46002,4977,Low
12/31/2019,X1,2019,Asia,Grey,Diesel,Manual,2,14517,70484,8071,High
12/31/2013,X3,2013,South America,Silver,Electric,Automatic,4.8,100057,82275,4739,Low
12/31/2024,X1,2024,Africa,Black,Diesel,Manual,2.1,90302,79100,4716,Low
12/31/2022,M5,2022,Middle East,Black,Hybrid,Automatic,1.9,14042,200000,876,Low
12/31/2019,i3,2019,North America,Silver,Petrol,Automatic,2.2,42249,81991,600,Low
12/31/2014,5 Series,2014,Europe,Grey,Petrol,Automatic,4.2,173859,64594,6395,High
12/31/2023,3 Series,2023,Africa,Grey,Diesel,Automatic,4.6,68573,108256,4723,Low
12/31/2015,3 Series,2015,Middle East,White,Hybrid,Automatic,4.3,137697,71853,6094,High
12/31/2024,X3,2024,Africa,Black,Hybrid,Manual,3.5,157683,96325,6363,High
12/31/2012,3 Series,2012,Africa,Red,Hybrid,Automatic,5,11168,81750,4358,Low
12/31/2022,X5,2022,Asia,Red,Electric,Manual,1.7,82376,111789,6545,High
12/31/2013,X1,2013,South America,White,Electric,Automatic,4.5,129466,63285,4646,Low
12/31/2012,5 Series,2012,South America,White,Diesel,Automatic,3,195904,34910,3786,Low
12/31/2011,X1,2011,Middle East,Blue,Hybrid,Automatic,3.1,49790,55650,4074,Low
12/31/2019,X3,2019,Africa,Silver,Electric,Manual,1.9,149152,73633,4886,Low
12/31/2021,M3,2021,Asia,Black,Diesel,Manual,1.6,196678,71711,3518,Low
12/31/2018,X5,2018,South America,Black,Hybrid,Automatic,2.6,174024,83332,4179,Low
12/31/2010,3 Series,2010,South America,Black,Hybrid,Manual,2.1,45244,46438,4772,Low
12/31/2011,3 Series,2011,Middle East,Grey,Diesel,Manual,3.2,114676,36336,6492,High
12/31/2017,X5,2017,North America,Blue,Hybrid,Automatic,2,19343,102495,10702,High
12/31/2024,X1,2024,Europe,Red,Diesel,Automatic,2,137425,77167,9496,High
12/31/2016,i8,2016,South America,Grey,Petrol,Manual,4.6,69823,140833,50,Low
12/31/2021,7 Series,2021,North America,White,Hybrid,Automatic,4.7,82107,149659,1751,Low
12/31/2010,i8,2010,Europe,Grey,Electric,Automatic,4.9,23666,146136,50,Low
12/31/2014,i8,2014,Asia,Black,Hybrid,Manual,3.9,151053,131578,50,Low
12/31/2019,5 Series,2019,South America,Silver,Electric,Automatic,4.2,67548,109839,4347,Low
12/31/2015,i3,2015,Europe,Red,Diesel,Automatic,4.4,102308,63436,4798,Low
12/31/2014,M3,2014,Middle East,White,Electric,Automatic,3.8,167122,82532,1307,Low
12/31/2013,M5,2013,North America,Silver,Petrol,Manual,2.7,2949,115173,957,Low
12/31/2023,3 Series,2023,Africa,Red,Petrol,Manual,2,52804,87855,11832,High
12/31/2022,X1,2022,Europe,Silver,Petrol,Automatic,2.3,76042,81252,8025,High
12/31/2010,M3,2010,North America,White,Diesel,Automatic,4.4,176326,55080,2313,Low
12/31/2016,X1,2016,Europe,Silver,Electric,Automatic,3.9,175241,62483,6926,High
12/31/2018,X6,2018,Africa,Blue,Diesel,Automatic,3.1,69479,91817,2166,Low
12/31/2015,7 Series,2015,Asia,Blue,Petrol,Automatic,1.6,82554,90215,1288,Low
12/31/2012,X1,2012,Asia,Red,Diesel,Automatic,2.4,157898,25000,8105,High
12/31/2024,M5,2024,Europe,Red,Electric,Manual,4.1,138972,155802,2470,Low
12/31/2019,X1,2019,North America,Red,Petrol,Automatic,3.3,111645,71687,8059,High
12/31/2023,i8,2023,Europe,Red,Petrol,Manual,3,17714,172073,203,Low
12/31/2013,X5,2013,South America,White,Electric,Automatic,2.6,186764,62280,3619,Low
12/31/2019,M5,2019,Europe,Grey,Electric,Manual,3.6,110681,131777,2119,Low
12/31/2014,X3,2014,South America,Red,Diesel,Manual,4.9,26002,80367,5229,High
12/31/2024,M3,2024,Middle East,White,Electric,Automatic,4.7,41540,161747,1942,Low
12/31/2021,5 Series,2021,North America,Blue,Petrol,Manual,1.6,54876,95027,7293,High
12/31/2021,5 Series,2021,Middle East,White,Diesel,Automatic,3.2,13589,115782,4885,Low
12/31/2010,7 Series,2010,Africa,White,Petrol,Automatic,2.7,125100,65037,50,Low
12/31/2014,M3,2014,Asia,Black,Electric,Automatic,3.3,153250,84307,2286,Low
12/31/2010,i3,2010,Middle East,Red,Electric,Manual,3.6,14136,70182,2142,Low
12/31/2018,X3,2018,Asia,Red,Petrol,Manual,2.2,6835,87197,9799,High
12/31/2016,X1,2016,Europe,White,Electric,Automatic,4.2,158774,70993,6451,High
12/31/2012,5 Series,2012,Africa,White,Petrol,Manual,3.2,180415,38283,3557,Low
12/31/2018,5 Series,2018,Asia,Blue,Diesel,Automatic,5,160720,84674,7204,High
12/31/2011,i3,2011,South America,Red,Diesel,Manual,1.6,43609,36230,2704,Low
12/31/2021,7 Series,2021,Asia,Grey,Diesel,Automatic,2.2,132738,112235,1690,Low
12/31/2016,X6,2016,Middle East,Black,Petrol,Manual,3.9,24611,102816,2585,Low
12/31/2018,3 Series,2018,Africa,Silver,Hybrid,Automatic,3.9,54843,96638,4808,Low
12/31/2015,X6,2015,South America,Grey,Diesel,Automatic,3.5,139383,75026,2572,Low
12/31/2019,3 Series,2019,Asia,Silver,Hybrid,Manual,4.9,76256,99302,11725,High
12/31/2014,X6,2014,Asia,White,Diesel,Manual,3,112030,72530,3973,Low
12/31/2021,i3,2021,Africa,Grey,Petrol,Manual,3,153862,70452,3225,Low
12/31/2016,3 Series,2016,North America,Grey,Diesel,Automatic,4.7,118355,67073,9834,High
12/31/2023,X5,2023,Asia,White,Hybrid,Automatic,3.4,21741,142396,5928,High
12/31/2024,i3,2024,Europe,Blue,Diesel,Manual,2.7,64874,97003,6060,High
12/31/2024,i8,2024,Africa,White,Petrol,Automatic,4,111186,160324,98,Low
12/31/2015,X3,2015,South America,Black,Diesel,Automatic,3.7,85031,63131,4801,Low
12/31/2014,M3,2014,Middle East,Blue,Petrol,Automatic,2.6,189764,62164,1838,Low
12/31/2023,i8,2023,South America,Black,Hybrid,Manual,2.5,7029,173413,322,Low
12/31/2011,X1,2011,South America,Grey,Electric,Manual,2.9,86966,46351,4373,Low
12/31/2017,X5,2017,South America,Grey,Hybrid,Automatic,1.8,172028,68997,4092,Low
12/31/2024,i3,2024,South America,Silver,Petrol,Manual,4.8,54846,111844,3124,Low
12/31/2022,M5,2022,Africa,Black,Diesel,Manual,2.1,20523,139587,881,Low
12/31/2016,X5,2016,Europe,Blue,Hybrid,Automatic,2.2,77296,86550,5361,High
12/31/2015,M3,2015,South America,Red,Petrol,Manual,3.8,45251,85735,1439,Low
12/31/2014,X3,2014,South America,Grey,Diesel,Automatic,4,31995,72972,4903,Low
12/31/2014,M5,2014,South America,Grey,Hybrid,Manual,4.1,122368,106482,315,Low
12/31/2018,X3,2018,Europe,Blue,Petrol,Manual,2.8,4312,89779,7956,High
12/31/2010,M3,2010,Middle East,Blue,Hybrid,Manual,4.6,49367,84691,952,Low
12/31/2018,i8,2018,Asia,Silver,Hybrid,Automatic,3.4,121371,144940,469,Low
12/31/2015,i3,2015,North America,White,Electric,Automatic,3,40641,86087,4509,Low
12/31/2013,5 Series,2013,South America,Black,Hybrid,Manual,4.3,74054,78877,3758,Low
12/31/2019,7 Series,2019,North America,Red,Hybrid,Manual,2.4,73034,120034,1880,Low
12/31/2023,X5,2023,South America,Black,Diesel,Automatic,4.5,22109,133879,3780,Low
12/31/2016,M3,2016,Africa,Blue,Electric,Automatic,3.4,7890,117547,689,Low
12/31/2018,X1,2018,Europe,Red,Diesel,Automatic,4.7,11451,87870,6561,High
12/31/2014,3 Series,2014,Africa,White,Diesel,Manual,2.2,140968,34869,5163,High
12/31/2023,X1,2023,Asia,Red,Hybrid,Manual,4.8,36943,113017,7513,High
12/31/2014,M3,2014,North America,Black,Petrol,Automatic,3.9,23961,92873,2479,Low
12/31/2017,X5,2017,North America,White,Petrol,Automatic,3.7,3105,113528,5143,High
12/31/2016,X6,2016,Europe,Grey,Petrol,Automatic,3,95757,118291,3516,Low
12/31/2022,X3,2022,North America,Silver,Petrol,Automatic,4.8,35569,116763,7952,High
12/31/2022,X1,2022,North America,White,Electric,Automatic,3.1,83396,100297,7545,High
12/31/2017,i3,2017,North America,Silver,Electric,Manual,3.2,97893,82861,5404,High
12/31/2020,3 Series,2020,Africa,Red,Hybrid,Automatic,4.2,53075,108040,5852,High
12/31/2021,3 Series,2021,Europe,Black,Petrol,Automatic,2.5,26597,93690,9123,High
12/31/2019,3 Series,2019,North America,Grey,Electric,Automatic,2.5,39027,101267,10577,High
12/31/2011,5 Series,2011,Europe,Silver,Hybrid,Automatic,4.2,178955,58571,5918,High
12/31/2018,i8,2018,Asia,Silver,Electric,Automatic,2,99364,149618,60,Low
12/31/2012,3 Series,2012,Middle East,Blue,Diesel,Manual,4.4,71622,58197,5635,High
12/31/2015,3 Series,2015,South America,Silver,Electric,Automatic,3.7,93685,75351,5214,High
12/31/2015,M3,2015,North America,Grey,Petrol,Manual,3.4,80609,84858,2200,Low
12/31/2011,M5,2011,Europe,Grey,Electric,Automatic,2.3,95647,98799,681,Low
12/31/2021,5 Series,2021,Europe,White,Petrol,Manual,4.3,156808,93717,7830,High
12/31/2022,3 Series,2022,Asia,Blue,Petrol,Manual,4.3,64127,101721,11373,High
12/31/2016,5 Series,2016,Middle East,White,Electric,Manual,3.2,17288,101813,3864,Low
12/31/2018,i8,2018,Asia,Grey,Hybrid,Automatic,2.9,177652,136953,503,Low
12/31/2021,M3,2021,South America,Red,Electric,Manual,2.4,27711,119053,2456,Low
12/31/2019,X1,2019,Asia,Silver,Diesel,Manual,4.1,51851,82617,6940,High
12/31/2020,i3,2020,South America,Blue,Petrol,Automatic,3.7,163620,70259,3637,Low
12/31/2010,X5,2010,Middle East,White,Petrol,Automatic,2.2,53775,63000,3107,Low
12/31/2017,X1,2017,Asia,Silver,Petrol,Automatic,4.3,36456,84607,8260,High
12/31/2011,M5,2011,Africa,Red,Diesel,Automatic,4.6,174466,79448,71,Low
12/31/2023,i3,2023,Europe,Red,Electric,Automatic,1.7,166535,88224,5255,High
12/31/2010,i8,2010,Europe,Black,Hybrid,Manual,4.2,178570,103400,50,Low
12/31/2017,5 Series,2017,North America,Blue,Petrol,Manual,4.5,114769,81995,7032,High
12/31/2011,3 Series,2011,Asia,Grey,Diesel,Manual,5,23008,65201,9232,High
12/31/2015,X6,2015,South America,Grey,Hybrid,Manual,2.3,15246,102554,1730,Low
12/31/2024,X1,2024,Middle East,Silver,Electric,Automatic,2.8,31254,113888,6481,High
12/31/2015,X5,2015,Africa,White,Electric,Automatic,4.9,196329,84542,2529,Low
12/31/2014,X5,2014,Middle East,Silver,Diesel,Automatic,1.8,80907,65337,3891,Low
12/31/2017,X6,2017,Europe,Grey,Petrol,Manual,3.3,178676,74912,4102,Low
12/31/2012,i3,2012,North America,Red,Diesel,Manual,3.3,54006,54133,3953,Low
12/31/2022,5 Series,2022,Middle East,Silver,Petrol,Manual,3.6,145026,99106,4950,Low
12/31/2019,X1,2019,Asia,Red,Hybrid,Automatic,2.7,123196,73480,9529,High
12/31/2024,M5,2024,Africa,White,Hybrid,Automatic,4.7,120960,160305,1462,Low
12/31/2013,X5,2013,Africa,Silver,Petrol,Manual,2.4,171875,44372,2997,Low
12/31/2016,X3,2016,Middle East,Grey,Electric,Automatic,3.8,98269,85380,6272,High
12/31/2024,i3,2024,Africa,Grey,Petrol,Automatic,3.2,190685,76832,3375,Low
12/31/2016,5 Series,2016,South America,Black,Electric,Manual,2.4,12665,100088,3642,Low
12/31/2022,X3,2022,North America,Black,Petrol,Manual,2.2,186996,71790,8737,High
12/31/2021,7 Series,2021,North America,Red,Diesel,Automatic,4.8,111817,134090,1399,Low
12/31/2023,X6,2023,North America,Red,Petrol,Manual,3.5,62062,119992,3893,Low
12/31/2017,M5,2017,North America,Red,Diesel,Automatic,3.6,153342,104307,1855,Low
12/31/2011,M5,2011,South America,Grey,Petrol,Automatic,4.2,106728,92475,50,Low
12/31/2020,X1,2020,Middle East,Grey,Petrol,Manual,1.8,27888,73402,6223,High
12/31/2021,i8,2021,South America,Black,Hybrid,Automatic,4,185047,155435,326,Low
12/31/2011,5 Series,2011,Asia,Grey,Electric,Manual,2.1,68947,62749,6371,High
12/31/2013,3 Series,2013,Europe,Red,Diesel,Manual,4.1,170579,38609,10240,High
12/31/2022,M3,2022,Europe,White,Hybrid,Automatic,2,43808,120652,3746,Low
12/31/2019,X1,2019,Asia,Grey,Diesel,Automatic,4.4,160628,65131,9267,High
12/31/2022,X5,2022,South America,Black,Petrol,Manual,3.9,162994,97569,4285,Low
12/31/2018,X3,2018,South America,Silver,Electric,Manual,2.9,84333,85703,5961,High
12/31/2019,3 Series,2019,Europe,Grey,Petrol,Automatic,2.8,71496,80844,9727,High
12/31/2021,X1,2021,Asia,Red,Electric,Manual,2,12301,100090,8569,High
12/31/2018,X1,2018,Europe,Blue,Diesel,Automatic,4.7,147484,68583,6528,High
12/31/2022,i8,2022,North America,Red,Hybrid,Manual,1.9,137869,156230,743,Low
12/31/2022,i8,2022,Asia,Grey,Hybrid,Manual,3.2,121182,159655,726,Low
12/31/2013,X1,2013,North America,Blue,Petrol,Automatic,2.3,53382,46594,7235,High
12/31/2018,M5,2018,Middle East,White,Hybrid,Manual,5,25003,161663,693,Low
12/31/2024,X5,2024,Africa,Silver,Diesel,Manual,3.6,153352,104301,4176,Low
12/31/2023,i8,2023,Africa,Black,Diesel,Automatic,2,161101,139795,284,Low
12/31/2012,X5,2012,Asia,Blue,Hybrid,Manual,3.8,104274,75865,6315,High
12/31/2021,X5,2021,Africa,Grey,Diesel,Manual,5,166452,99053,2890,Low
12/31/2014,M3,2014,North America,Grey,Petrol,Automatic,3.6,43337,90392,2024,Low
12/31/2019,M3,2019,South America,White,Hybrid,Manual,3.1,51758,111478,1726,Low
12/31/2018,X1,2018,South America,Red,Diesel,Automatic,2.5,19855,75437,4511,Low
12/31/2015,i3,2015,Europe,White,Petrol,Manual,1.8,21247,64450,15000,High
12/31/2012,i3,2012,Middle East,Grey,Diesel,Automatic,2.3,8612,56692,2931,Low
12/31/2019,X5,2019,North America,Red,Diesel,Automatic,3.4,58134,105955,6129,High
12/31/2018,X1,2018,Middle East,Grey,Hybrid,Manual,4.1,120990,80728,5386,High
12/31/2015,i3,2015,Asia,Silver,Hybrid,Automatic,4.6,159735,70825,4431,Low
12/31/2013,X6,2013,Asia,Blue,Electric,Manual,4.3,87353,96266,3613,Low
12/31/2023,5 Series,2023,North America,White,Diesel,Automatic,1.9,42942,100922,8171,High
12/31/2013,i8,2013,Europe,Blue,Hybrid,Manual,4.2,76673,132189,50,Low
12/31/2017,i8,2017,Africa,White,Petrol,Manual,3.5,123221,128588,50,Low
12/31/2016,X3,2016,Asia,Red,Electric,Manual,3.1,133097,77092,8774,High
12/31/2010,X1,2010,Europe,Grey,Hybrid,Manual,3.5,71036,45006,6970,High
12/31/2015,M3,2015,Africa,Blue,Electric,Manual,1.5,22517,87391,1178,Low
12/31/2017,M3,2017,Asia,White,Petrol,Manual,1.7,49923,84132,3432,Low
12/31/2012,i8,2012,Middle East,Grey,Diesel,Manual,3.3,93181,124080,50,Low
12/31/2023,M5,2023,Asia,White,Hybrid,Automatic,2.1,164536,138886,2924,Low
12/31/2018,7 Series,2018,North America,Silver,Electric,Automatic,3.4,170014,118502,1525,Low
12/31/2019,3 Series,2019,Europe,Silver,Hybrid,Automatic,2.7,157387,72012,10231,High
12/31/2011,M3,2011,Europe,Black,Electric,Manual,4.7,138037,104475,1619,Low
12/31/2023,i8,2023,North America,Black,Hybrid,Manual,4.8,196219,165792,94,Low
12/31/2015,X6,2015,Middle East,Black,Petrol,Manual,4.9,18600,110849,2188,Low
12/31/2021,X5,2021,South America,Red,Hybrid,Manual,4.6,7176,127830,3613,Low
12/31/2010,X6,2010,Europe,Red,Hybrid,Manual,5,148946,75706,2754,Low
12/31/2021,X6,2021,Europe,Red,Petrol,Manual,4,24054,131939,4143,Low
12/31/2020,i8,2020,Middle East,Red,Diesel,Automatic,4.9,66868,164039,50,Low
12/31/2024,i3,2024,Asia,Blue,Hybrid,Automatic,3.7,131903,110847,5577,High
12/31/2011,X5,2011,Europe,Silver,Petrol,Automatic,4.3,93471,71447,5214,High
12/31/2022,M5,2022,North America,White,Electric,Automatic,2,85183,148433,2459,Low
12/31/2014,X6,2014,Middle East,Black,Electric,Manual,3.9,183720,86300,6064,High
12/31/2010,i8,2010,Middle East,Red,Diesel,Automatic,4.8,45522,134652,50,Low
12/31/2017,M5,2017,North America,Silver,Petrol,Automatic,3.4,7213,141590,971,Low
12/31/2010,M3,2010,Middle East,White,Diesel,Automatic,2.2,114550,51494,1354,Low
12/31/2022,5 Series,2022,Middle East,Red,Hybrid,Manual,3.3,167064,104660,5383,High
12/31/2018,5 Series,2018,Middle East,Grey,Diesel,Automatic,4,194255,77687,5403,High
12/31/2019,i3,2019,Asia,Black,Petrol,Manual,4.2,139097,72452,5276,High
12/31/2020,7 Series,2020,Middle East,White,Electric,Manual,3.3,182367,126496,1169,Low
12/31/2012,5 Series,2012,Europe,Black,Diesel,Manual,2.3,129858,42959,6753,High
12/31/2021,X5,2021,Asia,Red,Diesel,Automatic,4.7,146550,103739,7118,High
12/31/2011,7 Series,2011,Europe,Grey,Electric,Automatic,4.2,182513,87531,582,Low
12/31/2024,7 Series,2024,Europe,Blue,Petrol,Manual,2.4,162532,113747,2241,Low
12/31/2010,X5,2010,Middle East,Black,Petrol,Automatic,4.3,92895,65881,2777,Low
12/31/2018,M3,2018,Middle East,Blue,Diesel,Manual,2.7,126615,81461,1865,Low
12/31/2024,i3,2024,Middle East,Grey,Diesel,Manual,2.6,191548,76707,4826,Low
12/31/2013,5 Series,2013,South America,Red,Petrol,Automatic,4.5,34127,86441,2947,Low
12/31/2021,M5,2021,Asia,White,Diesel,Manual,4.6,163911,126032,2046,Low
12/31/2010,3 Series,2010,Europe,Red,Electric,Manual,2.9,65339,52322,8264,High
12/31/2010,i3,2010,Europe,White,Petrol,Automatic,1.5,39260,37357,3991,Low
12/31/2016,X5,2016,South America,Grey,Hybrid,Manual,2.2,198065,61354,3690,Low
12/31/2011,i8,2011,Europe,Grey,Petrol,Manual,4.7,183352,103414,50,Low
12/31/2016,5 Series,2016,South America,White,Hybrid,Manual,4.6,187588,77515,4139,Low
12/31/2021,7 Series,2021,Africa,Black,Hybrid,Automatic,3.1,29581,139098,847,Low
12/31/2024,X3,2024,North America,Black,Hybrid,Manual,2.6,170519,96285,9664,High
12/31/2016,5 Series,2016,Asia,Blue,Electric,Automatic,2.6,78601,95823,5829,High
12/31/2024,7 Series,2024,South America,White,Electric,Manual,4.6,17092,168287,1123,Low
12/31/2019,i8,2019,Middle East,Red,Electric,Manual,2.6,141868,148799,171,Low
12/31/2023,X6,2023,Middle East,Blue,Diesel,Automatic,3.3,176309,108196,3153,Low
12/31/2018,3 Series,2018,Africa,Grey,Diesel,Automatic,4.1,46827,87673,4677,Low
12/31/2022,X5,2022,North America,Blue,Petrol,Automatic,2.2,109169,104430,6450,High
12/31/2016,5 Series,2016,South America,Blue,Diesel,Automatic,2.4,66826,68749,4290,Low
12/31/2022,M3,2022,Middle East,Blue,Petrol,Manual,2.8,123104,106067,2042,Low
12/31/2023,i8,2023,Africa,White,Hybrid,Automatic,3.8,167745,162577,477,Low
12/31/2010,M3,2010,Europe,Grey,Petrol,Automatic,4.4,168684,53450,1891,Low
12/31/2021,7 Series,2021,Africa,Red,Diesel,Automatic,3.4,99240,124965,580,Low
12/31/2022,3 Series,2022,Europe,Blue,Electric,Automatic,2,158006,81348,10912,High
12/31/2017,X1,2017,North America,Silver,Petrol,Manual,3.1,120879,57166,7290,High
12/31/2017,X6,2017,Asia,Red,Petrol,Manual,1.9,28660,99112,3738,Low
12/31/2013,M5,2013,South America,Silver,Electric,Automatic,1.8,101544,98831,244,Low
12/31/2022,7 Series,2022,South America,Blue,Electric,Manual,3.6,27095,161946,832,Low
12/31/2017,X3,2017,North America,Red,Petrol,Manual,4.8,190009,67553,9292,High
12/31/2013,X1,2013,Middle East,Grey,Diesel,Manual,4.4,28070,61262,4340,Low
12/31/2024,i8,2024,Europe,Grey,Hybrid,Manual,4.2,174292,169044,810,Low
12/31/2017,X6,2017,North America,Silver,Electric,Automatic,4,123463,105167,4322,Low
12/31/2014,i8,2014,Europe,Silver,Petrol,Manual,4.6,47497,139625,50,Low
12/31/2013,7 Series,2013,Africa,Red,Petrol,Manual,4.1,82506,91735,50,Low
12/31/2015,M5,2015,Asia,Silver,Petrol,Manual,3.7,94708,107221,1310,Low
12/31/2011,X1,2011,North America,Grey,Hybrid,Manual,2.8,65613,49424,6433,High
12/31/2021,X1,2021,Middle East,Black,Electric,Automatic,1.9,13892,106043,6169,High
12/31/2011,X5,2011,Middle East,White,Diesel,Manual,3.1,16895,70951,2843,Low
12/31/2011,M3,2011,South America,White,Diesel,Automatic,4.7,167023,58140,1151,Low
12/31/2018,7 Series,2018,Middle East,White,Diesel,Manual,3.5,60184,123191,506,Low
12/31/2024,i8,2024,North America,Grey,Hybrid,Automatic,2.1,50713,180970,784,Low
12/31/2023,i3,2023,Asia,Blue,Electric,Manual,3.8,174629,92115,7107,High
12/31/2019,X3,2019,South America,Grey,Hybrid,Automatic,3.1,83499,93920,6471,High
12/31/2012,i8,2012,Africa,Grey,Diesel,Automatic,4.8,160556,104933,50,Low
12/31/2024,M5,2024,Middle East,Red,Electric,Manual,2.1,37729,92146,2590,Low
12/31/2019,X5,2019,Asia,White,Petrol,Automatic,4,64477,103095,6195,High
12/31/2013,X5,2013,Asia,Blue,Petrol,Automatic,3.9,34163,83445,5948,High
12/31/2019,X3,2019,North America,Blue,Diesel,Automatic,4.9,108019,91310,8623,High
12/31/2021,X3,2021,Africa,Grey,Diesel,Automatic,3.5,183348,72149,5123,High
12/31/2017,i3,2017,North America,Grey,Petrol,Automatic,4.6,40611,86472,4624,Low
12/31/2013,X5,2013,Asia,White,Diesel,Automatic,1.6,197344,39732,6201,High
12/31/2020,M5,2020,South America,Black,Hybrid,Manual,1.9,165470,114746,1774,Low
12/31/2019,X1,2019,Europe,White,Electric,Manual,2.7,144401,72402,7779,High
12/31/2019,i3,2019,South America,Blue,Petrol,Automatic,3.7,49419,83446,3057,Low
12/31/2022,i8,2022,Asia,Red,Diesel,Automatic,3.1,58821,164871,272,Low
12/31/2016,M3,2016,Europe,Grey,Diesel,Automatic,2.2,18826,91548,2367,Low
12/31/2014,7 Series,2014,Europe,Blue,Electric,Automatic,3.6,135422,107747,814,Low
12/31/2018,7 Series,2018,South America,Silver,Diesel,Automatic,3.5,41128,118041,446,Low
12/31/2013,5 Series,2013,South America,Black,Hybrid,Manual,3.3,111455,64277,4141,Low
12/31/2012,X6,2012,Europe,Silver,Petrol,Automatic,1.8,136662,53329,3963,Low
12/31/2022,X5,2022,South America,Black,Diesel,Automatic,4.7,185974,95223,3478,Low
12/31/2011,X5,2011,Middle East,Black,Electric,Manual,3.6,368,100818,2445,Low
12/31/2010,X3,2010,Europe,Black,Petrol,Automatic,2.4,174212,25000,7014,High
12/31/2020,i8,2020,Asia,Silver,Petrol,Automatic,3.9,75741,165241,50,Low
12/31/2015,X6,2015,South America,White,Electric,Manual,2.6,145603,77434,2183,Low
12/31/2019,X1,2019,South America,Silver,Diesel,Automatic,3.3,56484,77481,4994,Low
12/31/2011,i3,2011,Africa,Grey,Petrol,Manual,2.7,120059,30858,2662,Low
12/31/2017,i3,2017,Africa,Red,Petrol,Automatic,4.6,132485,110799,2286,Low
12/31/2015,i8,2015,Africa,Silver,Diesel,Manual,5,95132,127897,50,Low
12/31/2021,7 Series,2021,Europe,Black,Hybrid,Manual,2.1,70596,132705,1964,Low
12/31/2021,X3,2021,Europe,Blue,Diesel,Manual,1.6,20204,87192,9241,High
12/31/2014,3 Series,2014,Middle East,Silver,Diesel,Manual,2.3,84519,50366,7317,High
12/31/2022,3 Series,2022,South America,Silver,Hybrid,Manual,3.6,167117,87896,7177,High
12/31/2011,i3,2011,Middle East,White,Electric,Automatic,2.1,166958,40619,3183,Low
12/31/2016,i8,2016,North America,White,Diesel,Automatic,4.3,135039,140163,50,Low
12/31/2011,X5,2011,Middle East,Blue,Diesel,Manual,2.9,91495,56281,2964,Low
12/31/2022,X6,2022,Middle East,Blue,Electric,Automatic,3.6,190332,118695,3881,Low
12/31/2023,X1,2023,Middle East,Blue,Electric,Manual,3.1,38587,115375,6655,High
12/31/2014,X3,2014,Africa,White,Petrol,Manual,4.7,93607,67351,3687,Low
12/31/2011,5 Series,2011,Asia,Blue,Hybrid,Manual,1.6,194284,33943,6979,High
12/31/2020,X5,2020,North America,Red,Hybrid,Automatic,4.1,20310,130030,6717,High
12/31/2019,3 Series,2019,Europe,White,Petrol,Automatic,3.8,3482,96302,9268,High
12/31/2020,3 Series,2020,South America,White,Diesel,Manual,3.8,50660,87754,6495,High
12/31/2020,X1,2020,South America,White,Petrol,Automatic,2.9,136895,66324,4810,Low
12/31/2011,3 Series,2011,South America,White,Electric,Automatic,1.6,114188,43542,4594,Low
12/31/2024,X1,2024,North America,Silver,Diesel,Automatic,3.9,195837,75935,7764,High
12/31/2016,i8,2016,Europe,Red,Hybrid,Manual,4.4,20981,166795,50,Low
12/31/2018,X5,2018,North America,Grey,Hybrid,Automatic,1.8,188170,75476,6062,High
12/31/2014,3 Series,2014,South America,White,Diesel,Automatic,3,55502,60889,5018,High
12/31/2016,5 Series,2016,Africa,Silver,Hybrid,Manual,2.1,116572,72495,3130,Low
12/31/2013,X3,2013,North America,White,Electric,Automatic,3.6,131406,36993,1663,Low
12/31/2011,i8,2011,Africa,Red,Hybrid,Automatic,4.2,24856,134313,50,Low
12/31/2012,7 Series,2012,North America,White,Petrol,Automatic,3.8,136276,85286,709,Low
12/31/2011,i3,2011,South America,Silver,Electric,Manual,2.6,157098,39989,2545,Low
12/31/2014,5 Series,2014,North America,Blue,Hybrid,Automatic,2,8776,87947,1526,Low
12/31/2015,i8,2015,Europe,White,Hybrid,Manual,4.3,140760,130511,50,Low
12/31/2024,X1,2024,Middle East,Grey,Electric,Automatic,2.6,148720,97097,6679,High
12/31/2024,i8,2024,North America,Red,Diesel,Manual,1.6,191515,141148,853,Low
12/31/2016,5 Series,2016,North America,Grey,Hybrid,Manual,3.5,78678,94574,6453,High
12/31/2012,5 Series,2012,Africa,Grey,Petrol,Automatic,2.4,165276,38362,597,Low
12/31/2013,7 Series,2013,South America,Red,Hybrid,Manual,4.4,87645,111146,50,Low
12/31/2017,i3,2017,Africa,Blue,Electric,Automatic,2,38232,82081,2653,Low
12/31/2013,M5,2013,Africa,Red,Petrol,Automatic,3,37282,103478,50,Low
12/31/2016,X1,2016,Africa,Blue,Petrol,Manual,2.4,173440,35881,4607,Low
12/31/2021,X5,2021,Africa,White,Petrol,Manual,3.9,95405,99506,3229,Low
12/31/2015,i3,2015,South America,Red,Hybrid,Manual,3.4,130406,61314,3156,Low
12/31/2016,X6,2016,Africa,Blue,Electric,Automatic,4.3,118807,103152,1785,Low
12/31/2010,7 Series,2010,Africa,Black,Electric,Manual,3.1,180626,68374,50,Low
12/31/2012,i8,2012,Europe,Red,Diesel,Manual,1.5,168608,83014,50,Low
12/31/2015,7 Series,2015,South America,White,Petrol,Manual,2.3,30772,102928,222,Low
12/31/2012,X6,2012,South America,Red,Petrol,Manual,5,36967,119768,1217,Low
12/31/2024,X6,2024,Middle East,Blue,Diesel,Manual,2.9,182614,101008,3464,Low
12/31/2023,X3,2023,Middle East,Red,Petrol,Automatic,3.7,167987,95549,5695,High
12/31/2024,X5,2024,Middle East,White,Petrol,Automatic,4.7,94818,130296,4919,Low
12/31/2023,X1,2023,Asia,Blue,Petrol,Automatic,1.6,25819,88866,8897,High
12/31/2016,i8,2016,Africa,Silver,Diesel,Manual,3.8,33391,138412,50,Low
12/31/2018,3 Series,2018,Middle East,Blue,Hybrid,Automatic,2.5,128356,75309,6690,High
12/31/2012,X6,2012,Asia,Grey,Hybrid,Manual,2.5,31144,83217,3966,Low
12/31/2023,7 Series,2023,Africa,Red,Petrol,Manual,2.3,94786,119738,906,Low
12/31/2010,X1,2010,Middle East,Red,Diesel,Manual,4.4,27051,49259,5175,High
12/31/2019,5 Series,2019,Middle East,Black,Petrol,Automatic,2.8,103153,87125,4482,Low
12/31/2024,M5,2024,Middle East,Red,Electric,Manual,1.7,156939,144670,1751,Low
12/31/2022,3 Series,2022,North America,Silver,Diesel,Manual,1.8,15994,90015,8622,High
12/31/2015,M5,2015,South America,Black,Electric,Manual,2,36090,123774,167,Low
12/31/2021,X3,2021,North America,Black,Hybrid,Automatic,4.6,123897,109931,10535,High
12/31/2010,i3,2010,Africa,Silver,Petrol,Manual,3,157473,25000,2499,Low
12/31/2010,X3,2010,Asia,Grey,Hybrid,Automatic,4.7,20469,75601,15000,High
12/31/2023,M3,2023,North America,Red,Hybrid,Automatic,4.4,60357,146700,3072,Low
12/31/2017,7 Series,2017,Asia,Blue,Petrol,Manual,4.4,25006,132939,882,Low
12/31/2018,X3,2018,Middle East,Red,Diesel,Manual,2.5,64705,73589,5194,High
12/31/2011,7 Series,2011,South America,Red,Electric,Automatic,2.4,31764,99604,50,Low
12/31/2018,i3,2018,Europe,Silver,Diesel,Automatic,3.5,88138,71730,4231,Low
12/31/2014,7 Series,2014,Africa,Blue,Petrol,Manual,3,183082,71728,441,Low
12/31/2022,X6,2022,South America,Silver,Electric,Automatic,3.3,121038,122532,2705,Low
12/31/2017,X6,2017,Middle East,Red,Hybrid,Manual,1.7,101131,88884,2985,Low
12/31/2016,X5,2016,North America,Red,Petrol,Manual,4.9,107030,90551,5571,High
12/31/2016,X6,2016,Africa,White,Petrol,Automatic,1.7,3819,88476,2048,Low
12/31/2013,7 Series,2013,North America,White,Electric,Automatic,2.1,98430,96738,839,Low
12/31/2011,X1,2011,Europe,Black,Petrol,Automatic,3.9,64220,50191,7658,High
12/31/2014,X6,2014,Asia,Black,Hybrid,Manual,2,193648,59855,4375,Low
12/31/2023,i3,2023,Middle East,Silver,Diesel,Automatic,1.9,97299,81017,3807,Low
12/31/2020,X1,2020,Middle East,Black,Petrol,Manual,2,56117,70527,6335,High
12/31/2020,M5,2020,Asia,Red,Hybrid,Automatic,1.7,88530,135481,1946,Low
12/31/2012,X3,2012,Africa,Blue,Electric,Automatic,2.4,12389,75181,3913,Low
12/31/2024,7 Series,2024,Europe,Red,Electric,Manual,2.4,109423,142609,2342,Low
12/31/2023,i8,2023,Africa,White,Diesel,Automatic,3.2,91085,160108,50,Low
12/31/2018,3 Series,2018,Africa,Black,Electric,Automatic,3,161697,70082,6248,High
12/31/2015,X5,2015,Africa,Silver,Petrol,Manual,3.2,87849,70357,2485,Low
12/31/2010,5 Series,2010,Africa,Black,Hybrid,Manual,3.7,79581,60796,2521,Low
12/31/2012,i8,2012,Middle East,Red,Petrol,Automatic,2.3,135732,108263,50,Low
12/31/2021,7 Series,2021,Asia,Black,Electric,Automatic,2,51977,142724,1696,Low
12/31/2013,X3,2013,Middle East,White,Diesel,Manual,4.6,64367,66346,5368,High
12/31/2018,X6,2018,Europe,Grey,Electric,Automatic,3.7,93931,115864,3753,Low
12/31/2020,i3,2020,Africa,Grey,Hybrid,Automatic,1.7,181703,63107,3614,Low
12/31/2015,5 Series,2015,Middle East,White,Petrol,Manual,4.9,3581,97255,3527,Low
12/31/2013,X6,2013,South America,Black,Diesel,Manual,3.9,195562,54011,2623,Low
12/31/2010,M3,2010,South America,Red,Electric,Manual,2,29463,69583,838,Low
12/31/2017,X5,2017,Africa,Red,Diesel,Manual,4.9,1093,109418,2563,Low
12/31/2023,M5,2023,Europe,Silver,Petrol,Automatic,2.8,87940,143293,2065,Low
12/31/2020,5 Series,2020,North America,Blue,Electric,Manual,4.9,116637,118669,6234,High
12/31/2011,5 Series,2011,South America,White,Electric,Manual,1.9,54914,64240,3931,Low
12/31/2020,i3,2020,Africa,Black,Hybrid,Manual,2.1,74359,82956,3442,Low
12/31/2024,i8,2024,Europe,Grey,Petrol,Manual,3.8,167499,68768,1763,Low
12/31/2020,X3,2020,Europe,Grey,Diesel,Automatic,1.6,187673,55495,9010,High
12/31/2017,3 Series,2017,Africa,Blue,Hybrid,Manual,1.6,147105,52932,6110,High
12/31/2015,X6,2015,Asia,Grey,Electric,Manual,4.3,128617,97602,4301,Low
12/31/2017,X5,2017,Middle East,White,Diesel,Manual,2.1,121544,70930,3803,Low
12/31/2015,X3,2015,South America,Silver,Diesel,Automatic,4.7,5319,88057,5422,High
12/31/2014,i3,2014,South America,Black,Petrol,Manual,3,47022,61670,2792,Low
12/31/2014,M5,2014,Europe,Red,Petrol,Manual,4.6,40122,120713,1012,Low
12/31/2023,X5,2023,South America,Blue,Hybrid,Manual,3,198856,96510,5386,High
12/31/2023,M5,2023,Asia,Red,Hybrid,Manual,3.4,11365,172515,2338,Low
12/31/2019,7 Series,2019,Asia,Blue,Hybrid,Manual,2.6,86219,123417,1593,Low
12/31/2019,i3,2019,North America,Blue,Hybrid,Manual,3.8,29259,106226,5974,High
12/31/2020,3 Series,2020,Europe,White,Hybrid,Automatic,2.6,2093,103831,10181,High
12/31/2017,i3,2017,Middle East,Silver,Petrol,Automatic,2.3,24721,79881,3051,Low
12/31/2016,7 Series,2016,South America,Grey,Petrol,Manual,1.8,45328,101831,410,Low
12/31/2017,M5,2017,Middle East,White,Electric,Automatic,1.7,175015,106092,975,Low
12/31/2021,X6,2021,Asia,Grey,Electric,Automatic,2.6,135844,116678,5296,High
12/31/2017,7 Series,2017,South America,White,Petrol,Manual,4.1,141854,105986,461,Low
12/31/2016,M3,2016,Asia,Grey,Hybrid,Manual,2.2,170760,74701,2597,Low
12/31/2011,X3,2011,Africa,Red,Diesel,Manual,2.5,112126,33433,4264,Low
12/31/2020,X6,2020,South America,White,Diesel,Manual,4.7,114911,108167,2539,Low
12/31/2024,X1,2024,North America,Black,Petrol,Manual,3.7,27620,103095,8326,High
12/31/2018,M3,2018,South America,Black,Diesel,Automatic,4.7,25908,111453,1430,Low
12/31/2022,M5,2022,Africa,Silver,Petrol,Manual,4.7,124073,132993,950,Low
12/31/2016,5 Series,2016,Europe,White,Hybrid,Automatic,1.7,82403,76610,6163,High
12/31/2021,X3,2021,Middle East,Silver,Petrol,Manual,4.8,36610,114443,6510,High
12/31/2020,X3,2020,Africa,Black,Diesel,Automatic,1.7,187939,53834,5653,High
12/31/2024,X3,2024,Middle East,Grey,Electric,Automatic,4.7,33113,136552,6905,High
12/31/2015,i3,2015,South America,Black,Electric,Automatic,3.4,47034,79451,2701,Low
12/31/2018,M5,2018,Europe,Silver,Hybrid,Automatic,3.4,76639,133226,1563,Low
12/31/2022,X5,2022,North America,Black,Petrol,Manual,4,91015,112822,6858,High
12/31/2010,i3,2010,Middle East,Black,Electric,Automatic,4.6,151988,53773,2499,Low
12/31/2020,i8,2020,Asia,Silver,Petrol,Automatic,3.7,3108,180263,50,Low
12/31/2011,5 Series,2011,South America,Black,Petrol,Automatic,3,146429,45676,3676,Low
12/31/2022,7 Series,2022,Europe,Black,Electric,Automatic,1.9,37092,148513,1698,Low
12/31/2010,X1,2010,North America,Black,Electric,Automatic,4.3,144458,46060,7787,High
12/31/2019,5 Series,2019,Middle East,Silver,Hybrid,Manual,1.9,150085,82819,4601,Low
12/31/2021,X6,2021,Europe,Grey,Petrol,Manual,4,73380,120515,4623,Low
12/31/2012,X6,2012,North America,Red,Petrol,Manual,3.3,159135,60116,3926,Low
12/31/2020,M5,2020,Europe,Black,Electric,Manual,2.9,136608,126561,2291,Low
12/31/2014,5 Series,2014,North America,Blue,Hybrid,Automatic,3.6,175533,66200,7341,High
12/31/2010,i3,2010,Europe,Grey,Electric,Manual,4.2,69968,62522,3760,Low
12/31/2013,X5,2013,North America,White,Petrol,Automatic,4.8,1852,101858,5322,High
12/31/2023,X6,2023,Africa,Silver,Petrol,Manual,2.4,68533,112362,2947,Low
12/31/2022,i8,2022,North America,Silver,Petrol,Automatic,4.8,109025,173530,99,Low
12/31/2017,X6,2017,South America,Black,Petrol,Manual,4.9,113585,92870,2563,Low
12/31/2015,i3,2015,Europe,Silver,Hybrid,Automatic,4.3,183189,65169,4888,Low
12/31/2022,M3,2022,Africa,Grey,Petrol,Manual,4.6,128190,109833,1844,Low
12/31/2010,7 Series,2010,Africa,Grey,Diesel,Manual,3.9,171243,62921,50,Low
12/31/2021,i3,2021,Africa,Blue,Diesel,Manual,1.6,59365,74786,2767,Low
12/31/2010,X6,2010,Asia,Silver,Electric,Automatic,3.5,59073,86165,3301,Low
12/31/2012,X3,2012,Middle East,White,Petrol,Manual,4.1,188345,42271,5895,High
12/31/2023,X3,2023,Middle East,Red,Diesel,Manual,4.8,107999,107582,6231,High
12/31/2019,M5,2019,North America,Red,Hybrid,Manual,3.5,197260,120299,2476,Low
12/31/2024,M3,2024,Middle East,Silver,Electric,Manual,4.3,178942,130058,2858,Low
12/31/2017,3 Series,2017,Asia,Red,Hybrid,Automatic,4,180507,68114,10153,High
12/31/2020,X5,2020,South America,Silver,Diesel,Automatic,2.5,17339,101610,3459,Low
12/31/2020,3 Series,2020,South America,White,Hybrid,Manual,2,130572,71187,7716,High
12/31/2023,5 Series,2023,Africa,Blue,Petrol,Manual,4.1,153464,135057,3582,Low
12/31/2017,M3,2017,Asia,Grey,Hybrid,Automatic,2.3,96638,90447,2838,Low
12/31/2022,M5,2022,Africa,Grey,Diesel,Manual,2.4,61936,133862,871,Low
12/31/2012,X1,2012,Asia,Blue,Petrol,Manual,3.8,24727,56324,8438,High
12/31/2016,M5,2016,Middle East,Silver,Diesel,Manual,4.3,17219,130513,368,Low
12/31/2021,X3,2021,North America,White,Diesel,Automatic,3.5,88549,89531,8750,High
12/31/2012,X1,2012,North America,Black,Diesel,Manual,4.6,90207,49863,8272,High
12/31/2013,5 Series,2013,Europe,Grey,Electric,Manual,2.2,89773,72666,5188,High
12/31/2018,M3,2018,Middle East,Black,Petrol,Automatic,2.4,112428,88637,1708,Low
12/31/2022,X6,2022,Europe,Silver,Electric,Manual,3.7,83370,134845,3970,Low
12/31/2013,M3,2013,North America,Black,Petrol,Automatic,4.4,130126,78049,2278,Low
12/31/2012,X3,2012,South America,Blue,Petrol,Manual,3.4,57423,55246,4180,Low
12/31/2014,X1,2014,North America,Red,Electric,Manual,1.5,197456,31326,7054,High
12/31/2016,M3,2016,North America,Grey,Electric,Automatic,3.9,173278,91069,2334,Low
12/31/2014,i8,2014,Asia,Silver,Hybrid,Automatic,4.3,62395,148758,50,Low
12/31/2013,X3,2013,Middle East,Red,Electric,Automatic,2.5,12132,87622,5630,High
12/31/2017,5 Series,2017,Middle East,Black,Diesel,Manual,1.7,49551,73784,4848,Low
12/31/2013,X1,2013,South America,Blue,Electric,Manual,3.3,69229,59072,4293,Low
12/31/2011,7 Series,2011,Europe,Silver,Electric,Manual,1.6,138947,75285,650,Low
12/31/2019,X1,2019,Europe,Blue,Hybrid,Automatic,3,11306,92002,7267,High
12/31/2022,X5,2022,Asia,Silver,Electric,Automatic,1.6,15130,131848,6196,High
12/31/2023,X6,2023,Europe,White,Petrol,Manual,2.3,115362,111500,5148,High
12/31/2015,X5,2015,Middle East,Blue,Petrol,Automatic,2.9,86642,84004,3793,Low
12/31/2011,M3,2011,Asia,White,Petrol,Automatic,1.9,118561,50717,2265,Low
12/31/2012,M5,2012,Africa,White,Electric,Manual,1.9,184376,80923,171,Low
12/31/2010,M3,2010,Asia,Black,Diesel,Manual,4.4,74324,65577,2016,Low
12/31/2014,3 Series,2014,Europe,Silver,Electric,Manual,1.6,31916,69444,8638,High
12/31/2018,3 Series,2018,Africa,Black,Petrol,Automatic,3.9,168204,61702,6017,High
12/31/2011,7 Series,2011,Asia,White,Hybrid,Automatic,4.4,96968,103061,481,Low
12/31/2021,M3,2021,Europe,Red,Hybrid,Manual,2,65399,105397,3634,Low
12/31/2016,i8,2016,Middle East,Grey,Diesel,Automatic,2.2,87339,130273,50,Low
12/31/2014,M5,2014,North America,White,Petrol,Automatic,3.7,176668,100304,1456,Low
12/31/2011,X5,2011,Africa,Silver,Electric,Automatic,2.6,93334,66409,2146,Low
12/31/2017,X5,2017,Asia,Grey,Electric,Automatic,3.2,130548,94215,5717,High
12/31/2020,5 Series,2020,Africa,Silver,Petrol,Manual,4.4,98287,99989,3145,Low
12/31/2024,i8,2024,Africa,White,Hybrid,Automatic,2,195159,140909,841,Low
12/31/2022,M5,2022,North America,Black,Hybrid,Manual,3.7,155567,144263,2093,Low
12/31/2022,M5,2022,North America,Black,Petrol,Manual,4.8,175293,130765,2086,Low
12/31/2015,X5,2015,Africa,White,Diesel,Manual,1.7,135044,51266,3513,Low
12/31/2013,M5,2013,Europe,White,Electric,Automatic,1.7,191255,88247,1317,Low
12/31/2022,i3,2022,Africa,White,Diesel,Automatic,3.4,87892,85271,3561,Low
12/31/2013,X6,2013,Europe,Black,Petrol,Manual,4.9,105948,82548,3889,Low
12/31/2011,3 Series,2011,Africa,Silver,Electric,Manual,2.3,190204,30718,4816,Low
12/31/2012,X1,2012,Asia,White,Hybrid,Automatic,2.7,92320,50062,7537,High
12/31/2024,M3,2024,Africa,Black,Electric,Automatic,1.8,197385,102424,2667,Low
12/31/2016,i8,2016,Africa,Grey,Electric,Manual,2.8,14462,154149,50,Low
12/31/2012,3 Series,2012,Asia,Red,Petrol,Automatic,1.7,193044,25000,10556,High
12/31/2022,7 Series,2022,Middle East,Black,Electric,Automatic,2.9,41245,152231,1088,Low
12/31/2014,X5,2014,South America,Red,Diesel,Automatic,3.4,178848,54451,3132,Low
12/31/2019,5 Series,2019,North America,Silver,Electric,Manual,4.9,43699,126602,7329,High
12/31/2015,3 Series,2015,Asia,Blue,Petrol,Manual,4.4,189836,49898,10640,High
12/31/2015,5 Series,2015,Africa,Blue,Petrol,Automatic,4.4,136708,74188,3235,Low
12/31/2023,X3,2023,Europe,Grey,Diesel,Manual,2.3,123825,80917,7845,High
12/31/2013,i3,2013,North America,Blue,Petrol,Automatic,1.8,75397,48789,4318,Low
12/31/2015,X1,2015,Europe,Black,Petrol,Manual,3.6,32723,66244,6666,High
12/31/2012,X3,2012,South America,Black,Petrol,Manual,3.3,75083,53845,4943,Low
12/31/2016,X6,2016,Africa,Grey,Electric,Manual,3.3,89355,102839,1851,Low
12/31/2016,X5,2016,Europe,Blue,Petrol,Manual,1.9,79628,74422,5420,High
12/31/2013,7 Series,2013,Africa,White,Electric,Automatic,3.2,174852,88069,50,Low
12/31/2011,3 Series,2011,Asia,Black,Hybrid,Manual,2,169427,30335,9942,High
12/31/2020,7 Series,2020,Africa,White,Electric,Automatic,3,112528,122167,1206,Low
12/31/2016,3 Series,2016,Europe,Black,Electric,Automatic,1.7,52803,79379,9514,High
12/31/2012,X6,2012,Middle East,Black,Petrol,Manual,4.5,146261,72977,1926,Low
12/31/2024,X5,2024,North America,Black,Diesel,Automatic,1.5,39302,111484,5763,High
12/31/2010,i3,2010,Middle East,Grey,Hybrid,Manual,4.8,1699,73733,2303,Low
12/31/2011,i3,2011,Middle East,Silver,Electric,Manual,4.5,157530,58348,2990,Low
12/31/2019,5 Series,2019,Europe,Black,Diesel,Automatic,4.1,114638,87551,7576,High
12/31/2018,X6,2018,Europe,Blue,Petrol,Manual,4.9,86866,103306,4078,Low
12/31/2021,X5,2021,Europe,Red,Petrol,Manual,1.7,197757,74630,7098,High
12/31/2024,i8,2024,Middle East,Red,Diesel,Automatic,3.7,163952,156065,319,Low
12/31/2017,5 Series,2017,South America,Blue,Petrol,Manual,4.5,144785,78155,4592,Low
12/31/2024,5 Series,2024,North America,Black,Diesel,Manual,1.9,106696,94386,6705,High
12/31/2024,M5,2024,Asia,Black,Petrol,Manual,3.5,198223,124271,2173,Low
12/31/2023,7 Series,2023,Africa,White,Electric,Manual,2.9,134716,136122,1173,Low
12/31/2015,i8,2015,Middle East,Black,Electric,Manual,3,58323,152847,50,Low
12/31/2023,i3,2023,North America,Red,Diesel,Manual,4.7,82774,101155,4960,Low
12/31/2015,5 Series,2015,Asia,Red,Hybrid,Manual,3.4,115237,75665,6090,High
12/31/2023,M5,2023,Europe,Silver,Diesel,Manual,1.8,68205,130481,1874,Low
12/31/2010,3 Series,2010,North America,Grey,Electric,Automatic,4.8,83124,67186,7375,High
12/31/2011,3 Series,2011,Africa,Red,Electric,Automatic,2.1,114168,45611,4005,Low
12/31/2013,M5,2013,Africa,Grey,Hybrid,Automatic,4.6,113021,116340,50,Low
12/31/2012,M3,2012,Europe,Grey,Petrol,Manual,4.9,92619,79643,1796,Low
12/31/2023,3 Series,2023,South America,Blue,Electric,Automatic,4.6,40302,129466,5726,High
12/31/2010,M3,2010,Europe,White,Electric,Automatic,3.9,176442,67161,2032,Low
12/31/2017,X3,2017,South America,Blue,Electric,Automatic,4.1,172854,80358,5369,High
12/31/2016,i8,2016,South America,Black,Petrol,Manual,3.9,27029,142785,50,Low
12/31/2013,M3,2013,North America,Black,Hybrid,Manual,3.1,122276,75549,2375,Low
12/31/2021,i3,2021,South America,Black,Diesel,Automatic,2.5,83607,81776,3085,Low
12/31/2021,X1,2021,Europe,Black,Diesel,Automatic,2.5,60937,77615,8183,High
12/31/2018,X6,2018,Middle East,Grey,Hybrid,Manual,4.1,121309,112903,2649,Low
12/31/2020,X3,2020,Asia,Blue,Electric,Manual,3.7,135817,92259,10514,High
12/31/2023,7 Series,2023,Europe,Red,Electric,Automatic,3.5,127033,147789,1983,Low
12/31/2013,M5,2013,Europe,Black,Electric,Manual,3.8,199129,100469,1062,Low
12/31/2010,X1,2010,Middle East,Black,Petrol,Manual,4.2,169220,26561,5182,High
12/31/2024,X3,2024,Europe,White,Electric,Automatic,4.1,24240,141769,9033,High
12/31/2019,X6,2019,South America,White,Diesel,Manual,1.9,118399,80779,2619,Low
12/31/2024,3 Series,2024,Middle East,Blue,Hybrid,Automatic,2.8,57490,111844,7941,High
12/31/2010,5 Series,2010,Asia,White,Hybrid,Automatic,2.4,89011,56427,5690,High
12/31/2010,X6,2010,South America,Silver,Hybrid,Automatic,3.4,186304,55778,2025,Low
12/31/2010,M5,2010,Europe,Black,Petrol,Manual,1.7,30067,84460,777,Low
12/31/2013,i8,2013,South America,Grey,Petrol,Manual,4.2,128115,115281,50,Low
12/31/2010,X6,2010,Africa,White,Electric,Manual,1.9,24998,76648,1141,Low
12/31/2011,X3,2011,North America,Silver,Diesel,Manual,2.4,40058,47025,8640,High
12/31/2013,5 Series,2013,South America,Silver,Hybrid,Manual,4.2,144229,66965,3200,Low
12/31/2016,X5,2016,Middle East,Blue,Diesel,Manual,1.7,94206,69161,3566,Low
12/31/2011,i8,2011,North America,Grey,Electric,Automatic,3.8,20480,144191,50,Low
12/31/2017,i8,2017,Africa,Blue,Electric,Manual,4.7,32458,171303,50,Low
12/31/2022,3 Series,2022,South America,Grey,Diesel,Automatic,3.7,14672,102082,5343,High
12/31/2016,X3,2016,Africa,Blue,Diesel,Manual,4,134093,59732,4897,Low
12/31/2018,7 Series,2018,South America,White,Hybrid,Manual,4.3,143126,121610,839,Low
12/31/2023,X3,2023,South America,Black,Electric,Automatic,2.3,146129,100207,7105,High
12/31/2015,M3,2015,Africa,Silver,Diesel,Automatic,3.5,191890,62173,1292,Low
12/31/2013,X1,2013,North America,Silver,Hybrid,Manual,2.6,88602,48866,8098,High
12/31/2015,X3,2015,Middle East,Blue,Petrol,Automatic,2.4,27409,75216,5644,High
12/31/2024,7 Series,2024,Middle East,Blue,Electric,Manual,2.2,29365,166665,1286,Low
12/31/2013,X5,2013,South America,Grey,Electric,Manual,3.5,11408,95600,2476,Low
12/31/2016,X1,2016,Africa,White,Electric,Manual,4.3,23990,88639,4052,Low
12/31/2018,5 Series,2018,Africa,Blue,Petrol,Automatic,4.6,102233,89641,3725,Low
12/31/2012,M5,2012,Europe,White,Hybrid,Manual,3,41953,111006,731,Low
12/31/2012,i8,2012,South America,Grey,Petrol,Manual,2.8,160719,94564,50,Low
12/31/2011,X6,2011,North America,Red,Hybrid,Manual,3.9,193616,65351,3522,Low
12/31/2010,X3,2010,North America,Black,Electric,Manual,4.2,193929,44679,7872,High
12/31/2023,i3,2023,Middle East,Silver,Petrol,Manual,2.4,161885,75984,3887,Low
12/31/2010,5 Series,2010,Europe,Grey,Petrol,Automatic,2.5,89245,48142,5397,High
12/31/2022,X3,2022,Asia,Black,Diesel,Manual,3.4,108486,84755,10222,High
12/31/2012,M5,2012,Middle East,Blue,Hybrid,Manual,3.1,32788,116206,50,Low
12/31/2023,X6,2023,North America,Silver,Petrol,Manual,4,61703,131594,3933,Low
12/31/2016,i3,2016,Asia,Black,Diesel,Automatic,3.3,102559,63729,5138,High
12/31/2024,5 Series,2024,South America,Grey,Petrol,Automatic,1.9,184767,86814,4466,Low
12/31/2020,7 Series,2020,Middle East,Blue,Electric,Manual,2.1,74711,137233,1055,Low
12/31/2018,X3,2018,Asia,Red,Hybrid,Automatic,4.7,136619,86501,8452,High
12/31/2023,7 Series,2023,Asia,Blue,Electric,Automatic,2.3,88002,147874,2011,Low
12/31/2011,3 Series,2011,Middle East,Grey,Hybrid,Automatic,1.7,5943,62573,1250,Low
12/31/2016,i8,2016,Asia,Black,Diesel,Automatic,4.1,130804,128919,50,Low
12/31/2010,M5,2010,North America,Grey,Diesel,Manual,3.9,136842,83046,1077,Low
12/31/2011,X6,2011,Middle East,Silver,Hybrid,Automatic,3.6,194139,64132,2378,Low
12/31/2015,X6,2015,South America,Grey,Petrol,Automatic,3.3,168612,73121,2252,Low
12/31/2020,7 Series,2020,North America,Red,Hybrid,Automatic,4.9,151175,129782,1837,Low
12/31/2014,5 Series,2014,South America,Blue,Petrol,Automatic,1.9,84409,58046,4460,Low
12/31/2017,X6,2017,Middle East,Black,Diesel,Automatic,3.3,73733,97316,2687,Low
12/31/2021,X3,2021,South America,Blue,Electric,Manual,3.5,186015,86265,6266,High
12/31/2020,7 Series,2020,North America,Red,Petrol,Manual,1.6,156003,100697,1917,Low
12/31/2011,M5,2011,Middle East,Silver,Diesel,Automatic,2.9,131474,89328,299,Low
12/31/2010,X6,2010,Asia,Blue,Hybrid,Automatic,4.2,36840,91745,3613,Low
12/31/2016,3 Series,2016,Europe,Blue,Petrol,Automatic,3.1,110436,59263,9137,High
12/31/2015,i3,2015,Middle East,Grey,Diesel,Manual,4.6,92561,71590,2984,Low
12/31/2017,5 Series,2017,South America,Grey,Electric,Manual,3.8,157272,80859,4104,Low
12/31/2020,X6,2020,North America,Red,Petrol,Automatic,4.2,2983,135846,3933,Low
12/31/2024,X5,2024,South America,White,Hybrid,Automatic,4.3,81979,133920,4805,Low
12/31/2024,M5,2024,North America,Grey,Electric,Manual,3.9,106469,169702,2230,Low
12/31/2022,7 Series,2022,Africa,Grey,Petrol,Manual,4.1,170151,120154,981,Low
12/31/2023,X6,2023,North America,Blue,Electric,Automatic,3.9,163792,132482,5373,High
12/31/2017,7 Series,2017,Asia,Red,Diesel,Automatic,3.4,74305,119120,163,Low
12/31/2011,X3,2011,Africa,Black,Hybrid,Automatic,3.5,157333,47654,3441,Low
12/31/2023,7 Series,2023,North America,White,Electric,Automatic,2.2,187428,132588,2041,Low
12/31/2017,M3,2017,North America,Blue,Petrol,Manual,4.4,34669,107724,2728,Low
12/31/2015,M3,2015,South America,Blue,Hybrid,Manual,2.6,66835,90052,1113,Low
12/31/2018,X1,2018,Africa,Red,Electric,Automatic,3.4,95224,79004,4792,Low
12/31/2021,M3,2021,South America,Red,Petrol,Manual,2.4,103563,95061,1960,Low
12/31/2016,X5,2016,Europe,Blue,Petrol,Manual,3.9,70704,88934,5445,High
12/31/2011,i3,2011,Asia,Silver,Diesel,Automatic,4.9,181921,37586,5533,High
12/31/2017,X1,2017,Middle East,Black,Petrol,Automatic,4.3,66402,80389,4467,Low
12/31/2018,3 Series,2018,Middle East,Blue,Hybrid,Manual,3.7,107878,83423,7814,High
12/31/2016,X5,2016,Europe,White,Hybrid,Automatic,3.5,181172,81092,6004,High
12/31/2013,X6,2013,North America,Blue,Electric,Manual,3.2,16449,102079,3137,Low
12/31/2018,X6,2018,Europe,White,Petrol,Manual,2.2,165147,73092,3994,Low
12/31/2013,X3,2013,Africa,Red,Hybrid,Automatic,2.7,165559,48288,4094,Low
12/31/2021,M3,2021,Middle East,Blue,Electric,Manual,2.9,141322,106152,2591,Low
12/31/2013,X1,2013,South America,White,Petrol,Automatic,4.8,24746,71533,3855,Low
12/31/2018,X3,2018,Africa,White,Hybrid,Manual,3,140027,71649,5783,High
12/31/2023,X1,2023,Asia,Grey,Diesel,Manual,3.6,147631,80793,9160,High
12/31/2017,X6,2017,South America,Black,Petrol,Manual,4.7,149177,89671,2214,Low
12/31/2013,X1,2013,Africa,Silver,Diesel,Automatic,3.3,68280,45768,905,Low
12/31/2023,7 Series,2023,Europe,Silver,Petrol,Manual,2.4,118413,118982,2126,Low
12/31/2017,3 Series,2017,Africa,Silver,Diesel,Manual,2.8,18263,69964,5492,High
12/31/2024,X1,2024,Middle East,Grey,Petrol,Manual,2.8,183477,70509,6635,High
12/31/2017,M5,2017,North America,Grey,Hybrid,Automatic,4,176769,114933,1403,Low
12/31/2016,i8,2016,North America,Black,Hybrid,Automatic,2.5,142377,128443,50,Low
12/31/2019,X1,2019,Asia,Black,Hybrid,Manual,4.1,154359,72880,8779,High
12/31/2022,3 Series,2022,Africa,Grey,Electric,Automatic,4.6,161414,104333,5487,High
12/31/2015,i8,2015,Asia,White,Hybrid,Manual,2.7,133363,127597,50,Low
12/31/2017,5 Series,2017,Africa,Black,Diesel,Manual,2,101000,63139,3990,Low
12/31/2016,3 Series,2016,Africa,White,Hybrid,Automatic,3.7,98336,77660,4696,Low
12/31/2014,X1,2014,Africa,Blue,Diesel,Manual,2.8,97114,38221,3619,Low
12/31/2021,3 Series,2021,Asia,Grey,Electric,Automatic,3.4,84344,106236,12039,High
12/31/2022,X5,2022,South America,Grey,Diesel,Automatic,3.7,63225,109975,3733,Low
12/31/2022,X5,2022,Middle East,White,Petrol,Automatic,2.9,108867,105015,4381,Low
12/31/2013,i3,2013,South America,Silver,Electric,Manual,4.7,180671,54939,2736,Low
12/31/2023,3 Series,2023,South America,Black,Diesel,Manual,2.9,191328,66157,7569,High
12/31/2021,M3,2021,Middle East,Black,Diesel,Automatic,2.6,109758,97944,2147,Low
12/31/2011,i8,2011,North America,Red,Hybrid,Automatic,4.6,51591,149447,50,Low
12/31/2020,i3,2020,Africa,Black,Petrol,Automatic,2,156474,57882,3116,Low
12/31/2017,X1,2017,Middle East,Grey,Diesel,Automatic,1.9,10599,66148,4917,Low
12/31/2018,M5,2018,Middle East,Blue,Petrol,Manual,4.8,177288,125472,835,Low
12/31/2013,7 Series,2013,Middle East,Silver,Electric,Automatic,2.2,192651,84542,396,Low
12/31/2013,X3,2013,Middle East,White,Petrol,Automatic,2,113456,47904,6122,High
12/31/2014,7 Series,2014,North America,Black,Hybrid,Automatic,3.4,120107,108742,809,Low
12/31/2011,7 Series,2011,Asia,White,Electric,Manual,1.7,162442,72551,1022,Low
12/31/2016,i8,2016,Africa,Grey,Hybrid,Automatic,3.7,140943,130942,50,Low
12/31/2024,3 Series,2024,Middle East,White,Diesel,Manual,3.1,102977,90805,7481,High
12/31/2014,i8,2014,North America,Grey,Electric,Automatic,3.7,23717,200000,50,Low
12/31/2015,X1,2015,Europe,Silver,Electric,Automatic,2.5,109226,62658,6519,High
12/31/2013,i3,2013,Asia,White,Petrol,Manual,4.7,38244,69257,5172,High
12/31/2017,X3,2017,North America,White,Hybrid,Manual,2.4,159853,61267,8734,High
12/31/2017,M3,2017,Africa,Black,Diesel,Automatic,3.7,187759,69509,1716,Low
12/31/2021,X1,2021,Europe,White,Diesel,Manual,4.8,26818,98976,8020,High
12/31/2014,M5,2014,South America,Blue,Hybrid,Manual,2.9,199662,86863,570,Low
12/31/2021,i3,2021,South America,Grey,Hybrid,Manual,2.1,27208,100013,3651,Low
12/31/2015,X3,2015,Middle East,Red,Hybrid,Manual,1.7,25584,75338,5234,High
12/31/2012,X6,2012,South America,Blue,Diesel,Manual,4.9,130234,68405,2150,Low
12/31/2010,7 Series,2010,Middle East,Grey,Electric,Automatic,4.2,190854,90452,50,Low
12/31/2018,3 Series,2018,Africa,Silver,Electric,Manual,4.7,42484,105070,5729,High
12/31/2018,i3,2018,Europe,Silver,Petrol,Automatic,3.9,63608,87970,4112,Low
12/31/2012,X1,2012,North America,Black,Hybrid,Manual,2.7,38347,58409,7454,High
12/31/2013,i8,2013,Asia,Black,Petrol,Automatic,1.9,199119,92598,50,Low
12/31/2022,X5,2022,Asia,Blue,Diesel,Manual,4.8,100254,114571,5505,High
12/31/2016,7 Series,2016,North America,Grey,Petrol,Manual,3.2,19895,118892,886,Low
12/31/2011,7 Series,2011,Africa,Red,Petrol,Automatic,2.9,85401,77500,50,Low
12/31/2021,7 Series,2021,Middle East,Black,Diesel,Automatic,3.5,2074,146996,570,Low
12/31/2012,X3,2012,Middle East,Grey,Electric,Automatic,1.9,195908,40764,5674,High
12/31/2015,X6,2015,Middle East,Black,Electric,Manual,2.6,108410,92495,2248,Low
12/31/2020,M5,2020,Middle East,White,Petrol,Automatic,3.7,151258,131739,930,Low
12/31/2017,3 Series,2017,Africa,Silver,Hybrid,Manual,1.9,178708,51732,5039,High
12/31/2024,M3,2024,Europe,Black,Diesel,Manual,2,33358,116394,3360,Low
12/31/2010,M5,2010,Africa,Blue,Diesel,Manual,3.3,44019,87322,50,Low
12/31/2013,X5,2013,North America,Grey,Hybrid,Manual,3.7,63883,88472,5323,High
12/31/2024,M3,2024,Middle East,Red,Petrol,Manual,2.2,130172,155736,1946,Low
12/31/2010,M5,2010,Middle East,Silver,Petrol,Automatic,1.6,64842,88587,127,Low
12/31/2011,7 Series,2011,Europe,White,Hybrid,Manual,4.9,151235,96668,442,Low
12/31/2017,M3,2017,Africa,Red,Diesel,Manual,1.6,31084,77810,1625,Low
12/31/2015,X6,2015,South America,Black,Petrol,Manual,1.5,19029,82112,1958,Low
12/31/2018,i3,2018,Africa,Black,Hybrid,Manual,2.6,145066,66811,3573,Low
12/31/2011,i3,2011,South America,Silver,Electric,Automatic,2.3,104114,50775,2639,Low
12/31/2012,i8,2012,Europe,Blue,Petrol,Manual,3.5,102362,113767,50,Low
12/31/2018,i8,2018,North America,Grey,Diesel,Automatic,4.6,169495,143425,50,Low
12/31/2018,X1,2018,South America,Silver,Diesel,Automatic,3.2,94216,63872,4182,Low
12/31/2022,X1,2022,Middle East,Black,Diesel,Manual,4.2,143209,80053,5353,High
12/31/2015,X6,2015,South America,Black,Hybrid,Automatic,4.7,181018,85315,1902,Low
12/31/2023,3 Series,2023,North America,Grey,Diesel,Automatic,2.2,99644,82756,9575,High
12/31/2024,M5,2024,North America,Black,Diesel,Automatic,3.2,176960,130963,2456,Low
12/31/2012,5 Series,2012,Asia,Grey,Hybrid,Automatic,3.7,144111,62687,5793,High
12/31/2014,i3,2014,South America,Grey,Electric,Automatic,2.7,146524,54889,3133,Low
12/31/2024,M5,2024,Asia,Red,Petrol,Manual,4.1,34835,160951,2186,Low
12/31/2011,5 Series,2011,North America,Blue,Petrol,Manual,4,189280,45404,6799,High
12/31/2016,X6,2016,Africa,Blue,Hybrid,Automatic,3,89766,95029,1807,Low
12/31/2019,X6,2019,Europe,White,Diesel,Manual,1.8,158448,79069,511,Low
12/31/2020,5 Series,2020,Asia,Black,Petrol,Manual,1.5,58192,88803,7940,High
12/31/2017,3 Series,2017,Middle East,Black,Petrol,Automatic,2.8,129493,62805,6817,High
12/31/2015,X1,2015,Asia,Black,Hybrid,Manual,1.8,149439,44156,7098,High
12/31/2017,X5,2017,North America,White,Petrol,Automatic,4.2,4965,110073,5036,High
12/31/2011,M3,2011,Asia,White,Hybrid,Automatic,2.7,127048,63452,2593,Low
12/31/2012,X5,2012,Middle East,Black,Electric,Automatic,3.8,37211,94805,2911,Low
12/31/2016,3 Series,2016,Europe,Grey,Petrol,Automatic,2.7,107542,57489,10395,High
12/31/2019,M3,2019,Europe,Blue,Diesel,Manual,4.3,146326,89447,3063,Low
12/31/2021,X3,2021,North America,Blue,Diesel,Automatic,4.6,25887,108492,8165,High
12/31/2010,i8,2010,Africa,Silver,Petrol,Manual,4.4,55079,114200,50,Low
12/31/2016,X6,2016,Europe,Grey,Hybrid,Automatic,3.2,26277,116963,3761,Low
12/31/2015,M3,2015,Africa,White,Hybrid,Manual,1.8,191549,59369,3160,Low
12/31/2017,X3,2017,South America,Blue,Hybrid,Automatic,2.8,43995,84066,5343,High
12/31/2016,3 Series,2016,Africa,Black,Petrol,Manual,3,185940,42024,4989,Low
12/31/2013,M3,2013,Middle East,Grey,Hybrid,Manual,4.9,164405,80938,3684,Low
12/31/2012,5 Series,2012,Middle East,Black,Electric,Manual,3.5,123372,73491,3782,Low
12/31/2012,X5,2012,Middle East,White,Hybrid,Automatic,3.7,179752,68106,3680,Low
12/31/2024,M5,2024,Asia,Blue,Electric,Automatic,4.2,129587,160045,2284,Low
12/31/2013,M5,2013,South America,Red,Hybrid,Manual,3.5,171702,93258,315,Low
12/31/2024,M5,2024,Africa,Black,Hybrid,Manual,3.6,179037,131639,1927,Low
12/31/2018,i3,2018,Asia,Silver,Hybrid,Automatic,2.4,46508,84355,5365,High
12/31/2018,3 Series,2018,North America,Red,Hybrid,Manual,1.7,86994,69269,10139,High
12/31/2022,i8,2022,Africa,Black,Petrol,Manual,4,53677,170466,50,Low
12/31/2011,M5,2011,Africa,Grey,Petrol,Automatic,4.5,5041,107219,50,Low
12/31/2014,X6,2014,Europe,Silver,Petrol,Automatic,2.9,64946,86024,3820,Low
12/31/2010,X5,2010,Africa,Blue,Hybrid,Automatic,3.4,20694,79920,1856,Low
12/31/2013,X5,2013,Middle East,Silver,Hybrid,Automatic,2.6,98629,79780,3668,Low
12/31/2011,i3,2011,Europe,Black,Petrol,Manual,3.1,43922,48037,4389,Low
12/31/2017,M5,2017,Middle East,Red,Diesel,Manual,2.2,18499,125772,616,Low
12/31/2013,M3,2013,Europe,Black,Electric,Automatic,4.2,187952,74515,2211,Low
12/31/2014,X6,2014,Asia,White,Electric,Manual,3.2,13334,107976,3161,Low
12/31/2020,i3,2020,Middle East,Silver,Diesel,Manual,3.4,71968,82871,4035,Low
12/31/2013,M3,2013,South America,Silver,Petrol,Manual,1.6,137803,48219,1770,Low
12/31/2014,i8,2014,Africa,Black,Hybrid,Manual,3.7,138467,116515,50,Low
12/31/2014,X1,2014,Africa,Grey,Diesel,Manual,2.2,114227,33303,4718,Low
12/31/2014,3 Series,2014,Asia,White,Electric,Manual,2.8,76380,66913,9441,High
12/31/2020,3 Series,2020,South America,White,Petrol,Manual,2.9,190669,60497,6663,High
12/31/2012,X3,2012,North America,Silver,Diesel,Manual,3.1,111110,42786,9011,High
12/31/2016,i3,2016,North America,Blue,Diesel,Manual,2.3,93738,53968,4710,Low
12/31/2012,X1,2012,Asia,Silver,Hybrid,Automatic,4.5,22133,78092,6509,High
12/31/2011,i3,2011,North America,Grey,Electric,Manual,3,60329,64338,3869,Low
12/31/2012,3 Series,2012,Asia,Red,Diesel,Automatic,3.6,114425,47761,8620,High
12/31/2020,X6,2020,Asia,White,Petrol,Manual,3.6,21437,117306,3889,Low
12/31/2012,X3,2012,Europe,White,Diesel,Manual,3.6,143123,39530,6884,High
12/31/2017,M5,2017,North America,Black,Petrol,Manual,3.5,196846,102801,1952,Low
12/31/2013,i3,2013,Asia,Blue,Diesel,Automatic,4.4,77261,60047,5484,High
12/31/2012,5 Series,2012,Asia,White,Electric,Manual,4.3,133110,76042,7092,High
12/31/2019,M5,2019,Europe,Black,Petrol,Manual,3,103720,124153,314,Low
12/31/2014,X5,2014,South America,White,Petrol,Automatic,3.7,10070,93169,2569,Low
12/31/2013,7 Series,2013,South America,Grey,Diesel,Automatic,1.9,56806,84514,213,Low
12/31/2018,i3,2018,South America,Grey,Diesel,Manual,1.8,181991,40816,3398,Low
12/31/2017,i8,2017,Asia,Grey,Petrol,Manual,3.2,199556,117261,252,Low
12/31/2020,3 Series,2020,Asia,Red,Electric,Automatic,4.7,3070,127403,9685,High
12/31/2016,M5,2016,Asia,Blue,Hybrid,Automatic,3.8,104905,129787,1217,Low
12/31/2024,X5,2024,North America,White,Electric,Manual,3.8,1468,152289,7046,High
12/31/2017,M3,2017,Europe,White,Petrol,Automatic,2.1,171274,65943,2885,Low
12/31/2022,X6,2022,Europe,White,Diesel,Manual,3.1,111929,103215,4579,Low
12/31/2014,X5,2014,Middle East,Red,Electric,Manual,2.9,83634,92406,3071,Low
12/31/2013,X1,2013,Africa,Blue,Electric,Manual,4.2,137980,56039,3593,Low
12/31/2016,3 Series,2016,Middle East,Silver,Hybrid,Automatic,2,24538,79113,6295,High
12/31/2010,5 Series,2010,Europe,Silver,Diesel,Manual,3.4,22892,59074,5787,High
12/31/2015,X1,2015,Africa,Red,Petrol,Manual,4.7,70204,67535,3588,Low
12/31/2024,X3,2024,Asia,Silver,Hybrid,Manual,4.6,70284,129189,10746,High
12/31/2017,M5,2017,Middle East,Grey,Petrol,Automatic,4.5,102700,124543,659,Low
12/31/2016,X3,2016,South America,Black,Electric,Manual,2.8,121622,94032,4686,Low
12/31/2011,i8,2011,Asia,Red,Diesel,Manual,4.8,179471,109350,50,Low
12/31/2023,7 Series,2023,South America,Silver,Electric,Automatic,4.3,120824,144503,1424,Low
12/31/2022,X3,2022,North America,Grey,Petrol,Manual,4.5,127735,91566,8077,High
12/31/2023,X3,2023,South America,White,Diesel,Automatic,4.8,87945,101999,5440,High
12/31/2016,X5,2016,Middle East,Red,Hybrid,Automatic,4.8,178037,94109,3150,Low
12/31/2022,M3,2022,Europe,White,Petrol,Automatic,2.3,135775,97901,3420,Low
12/31/2015,X6,2015,Asia,Blue,Electric,Manual,1.9,82988,93235,3459,Low
12/31/2022,i3,2022,North America,Red,Petrol,Manual,3.9,45186,106043,5755,High
12/31/2014,3 Series,2014,Africa,Silver,Electric,Automatic,3.5,13417,89524,3904,Low
12/31/2013,X6,2013,South America,White,Electric,Manual,2.6,98724,80023,2029,Low
12/31/2010,3 Series,2010,Africa,Silver,Hybrid,Automatic,3.9,80135,52051,4009,Low
12/31/2022,M5,2022,Europe,Red,Hybrid,Manual,1.7,82944,134212,2139,Low
12/31/2011,i3,2011,Asia,Grey,Diesel,Automatic,1.7,181714,25000,5638,High
12/31/2024,5 Series,2024,Asia,Red,Diesel,Automatic,2.7,155207,93849,7954,High
12/31/2016,X5,2016,Europe,Black,Electric,Automatic,2.2,110550,89174,4778,Low
12/31/2019,X1,2019,Europe,Grey,Petrol,Manual,4,20416,85812,8260,High
12/31/2012,X6,2012,Asia,Grey,Diesel,Automatic,4.8,90141,85767,4011,Low
12/31/2014,7 Series,2014,Asia,Grey,Petrol,Manual,3.8,4478,115553,106,Low
12/31/2017,M5,2017,Europe,Black,Petrol,Automatic,3.8,123771,120844,1272,Low
12/31/2022,M5,2022,Asia,Black,Hybrid,Manual,1.5,159828,125767,2555,Low
12/31/2022,X5,2022,North America,White,Diesel,Manual,3.3,178084,85792,6509,High
12/31/2017,X1,2017,Africa,White,Hybrid,Manual,4.4,91731,79506,4490,Low
12/31/2015,X5,2015,North America,Red,Hybrid,Manual,3.8,137243,84491,5756,High
12/31/2014,i8,2014,North America,Black,Electric,Automatic,2.3,107096,137875,50,Low
12/31/2022,3 Series,2022,North America,Silver,Petrol,Manual,4.5,172640,86280,10857,High
12/31/2011,X3,2011,Europe,Grey,Electric,Automatic,4.9,111798,69501,6380,High
12/31/2018,i8,2018,South America,Blue,Petrol,Manual,2.5,174397,114549,50,Low
12/31/2010,3 Series,2010,Asia,Black,Electric,Manual,2.2,43022,55274,8909,High
12/31/2020,X5,2020,North America,Blue,Electric,Manual,2.7,45152,120414,5402,High
12/31/2011,M3,2011,Africa,Grey,Electric,Manual,1.7,171903,48912,915,Low
12/31/2022,X1,2022,Africa,Blue,Hybrid,Manual,4.6,141967,88099,4566,Low
12/31/2010,i8,2010,North America,Black,Hybrid,Automatic,4.8,183210,120365,50,Low
12/31/2021,X3,2021,Europe,White,Electric,Automatic,3.7,106350,102266,9515,High
12/31/2013,X5,2013,Europe,Red,Electric,Automatic,4.2,54143,96434,5230,High
12/31/2013,X6,2013,Asia,Blue,Electric,Manual,3.8,43609,103551,3964,Low
12/31/2014,M3,2014,Europe,White,Petrol,Manual,2.8,29020,84532,2418,Low
12/31/2014,X3,2014,North America,Red,Electric,Manual,3.7,104340,75364,8482,High
12/31/2017,7 Series,2017,Africa,Silver,Petrol,Manual,4.4,25438,121741,115,Low
12/31/2020,X6,2020,Europe,Red,Hybrid,Automatic,4.3,173562,111882,4223,Low
12/31/2024,5 Series,2024,Africa,Silver,Diesel,Manual,1.8,184903,75077,3994,Low
12/31/2020,X1,2020,North America,Grey,Diesel,Automatic,3.1,191750,55635,8482,High
12/31/2012,X5,2012,Africa,Red,Diesel,Manual,2.9,53382,65693,2351,Low
12/31/2015,i3,2015,North America,Black,Electric,Manual,4.1,20153,92318,4239,Low
12/31/2021,3 Series,2021,Middle East,Black,Petrol,Manual,3.3,121974,81754,6292,High
12/31/2022,7 Series,2022,Asia,Red,Diesel,Manual,2.7,40474,77136,2430,Low
12/31/2021,i8,2021,Middle East,Silver,Diesel,Automatic,4,192659,149488,50,Low
12/31/2012,X1,2012,Africa,Red,Petrol,Automatic,3.2,132963,34221,3922,Low
12/31/2022,X3,2022,Middle East,Grey,Diesel,Automatic,2.4,85150,53065,7264,High
12/31/2011,X3,2011,Middle East,Black,Hybrid,Automatic,4.6,191700,54394,5596,High
12/31/2017,i3,2017,North America,Blue,Hybrid,Automatic,1.9,36840,80281,5223,High
12/31/2010,M5,2010,Europe,Blue,Electric,Automatic,1.6,106849,85986,705,Low
12/31/2018,X3,2018,Middle East,Silver,Diesel,Manual,2,13114,79731,5683,High
12/31/2020,i8,2020,Middle East,Blue,Hybrid,Automatic,2.1,32670,165071,92,Low
12/31/2016,3 Series,2016,Middle East,Blue,Hybrid,Automatic,3.4,133828,72094,5567,High
12/31/2021,X3,2021,North America,White,Electric,Automatic,3.7,161955,96251,10513,High
12/31/2019,M3,2019,Asia,Red,Electric,Automatic,3.1,61341,116311,3793,Low
12/31/2022,3 Series,2022,Europe,Silver,Electric,Manual,2.2,178214,83392,10399,High
12/31/2024,X3,2024,Africa,Red,Hybrid,Manual,2,101960,95630,5497,High
12/31/2021,3 Series,2021,Middle East,White,Electric,Manual,3.2,191059,81361,7855,High
12/31/2020,i8,2020,Asia,Silver,Hybrid,Manual,3.5,80738,155551,653,Low
12/31/2013,X3,2013,South America,Blue,Hybrid,Manual,2.6,91461,58855,4764,Low
12/31/2012,X3,2012,Middle East,Black,Diesel,Manual,2.3,22399,58618,4718,Low
12/31/2015,X6,2015,North America,Red,Electric,Automatic,1.8,52085,99903,4112,Low
12/31/2018,5 Series,2018,Europe,Black,Petrol,Manual,1.6,157860,62405,6444,High
12/31/2024,i3,2024,North America,White,Petrol,Manual,1.9,45676,92557,5149,High
12/31/2018,M5,2018,Africa,Red,Hybrid,Manual,4.1,143468,118580,1027,Low
12/31/2013,5 Series,2013,Africa,Red,Diesel,Automatic,2.7,56513,61878,3669,Low
12/31/2019,X6,2019,North America,Black,Hybrid,Manual,1.6,29242,109090,4041,Low
12/31/2014,5 Series,2014,Europe,White,Diesel,Automatic,3.3,29521,80753,6818,High
12/31/2020,M5,2020,North America,Blue,Diesel,Manual,3.4,192876,109227,1893,Low
12/31/2022,X1,2022,Asia,Grey,Electric,Automatic,3,129271,96013,8874,High
12/31/2018,M5,2018,Asia,Black,Hybrid,Automatic,1.9,36528,129247,2068,Low
12/31/2011,3 Series,2011,Europe,Black,Electric,Manual,4.1,186036,47255,8238,High
12/31/2011,M3,2011,Europe,Red,Diesel,Manual,3.9,168500,48992,2425,Low
12/31/2014,i8,2014,Africa,Black,Petrol,Manual,2.9,95,129998,50,Low
12/31/2010,3 Series,2010,Asia,Blue,Hybrid,Manual,2.8,93152,46956,8844,High
12/31/2017,M5,2017,South America,Red,Hybrid,Manual,2,120418,111851,698,Low
12/31/2014,3 Series,2014,Middle East,Blue,Electric,Manual,4.1,9013,95296,6443,High
12/31/2021,X6,2021,North America,Blue,Hybrid,Automatic,3.6,69240,134315,4962,Low
12/31/2019,5 Series,2019,Middle East,Grey,Hybrid,Automatic,1.8,5689,112207,5602,High
12/31/2011,X6,2011,Europe,Blue,Electric,Manual,2.8,76454,76837,3399,Low
12/31/2021,X1,2021,Asia,Blue,Electric,Automatic,4.7,178522,88900,9424,High
12/31/2018,X1,2018,Middle East,Blue,Diesel,Automatic,3.1,126520,60395,6320,High
12/31/2011,M5,2011,South America,Black,Petrol,Manual,2.6,79201,85863,153,Low
12/31/2016,7 Series,2016,Asia,Black,Electric,Automatic,3.8,26564,136159,683,Low
12/31/2017,i8,2017,Europe,White,Petrol,Automatic,2.2,17358,200000,50,Low
12/31/2023,X1,2023,North America,Grey,Electric,Automatic,3.3,168544,89332,9679,High
12/31/2015,X5,2015,Middle East,White,Electric,Manual,3.8,32151,103700,3074,Low
12/31/2023,3 Series,2023,North America,White,Electric,Manual,4.5,149682,108019,10447,High
12/31/2020,7 Series,2020,South America,White,Diesel,Automatic,3.9,44118,131615,631,Low
12/31/2016,i3,2016,South America,Grey,Diesel,Manual,2.8,141949,48494,3458,Low
12/31/2020,i8,2020,North America,Blue,Diesel,Manual,4.2,138701,150360,136,Low
12/31/2010,M3,2010,Middle East,Red,Hybrid,Automatic,4.6,90843,85590,871,Low
12/31/2013,X3,2013,North America,Silver,Electric,Automatic,3.2,91206,70845,9217,High
12/31/2022,i8,2022,South America,Silver,Petrol,Automatic,1.5,136006,75290,3331,Low
12/31/2016,X6,2016,North America,Silver,Petrol,Manual,4.6,99191,101122,3578,Low
12/31/2010,X6,2010,Africa,Red,Diesel,Automatic,2.1,186458,33195,1783,Low
12/31/2022,X6,2022,Africa,Black,Hybrid,Automatic,1.9,67402,116013,2960,Low
12/31/2010,i8,2010,Europe,Grey,Diesel,Manual,2.6,177770,84103,50,Low
12/31/2020,i8,2020,South America,Silver,Diesel,Automatic,2.8,15546,148690,50,Low
12/31/2015,7 Series,2015,Europe,Grey,Petrol,Manual,4.3,156171,93796,966,Low
12/31/2013,X1,2013,Middle East,Black,Hybrid,Automatic,2.9,16474,68579,5039,High
12/31/2012,i8,2012,North America,Red,Hybrid,Automatic,1.7,36019,127167,50,Low
12/31/2021,X6,2021,North America,Silver,Diesel,Automatic,3.7,93063,116151,4345,Low
12/31/2024,3 Series,2024,North America,Red,Hybrid,Manual,3.8,112544,106181,11301,High
12/31/2014,3 Series,2014,North America,Red,Electric,Manual,4.3,19044,94804,9851,High
12/31/2018,X5,2018,North America,Red,Petrol,Automatic,2.9,199593,71517,7005,High
12/31/2019,5 Series,2019,Africa,Silver,Diesel,Automatic,1.8,102081,74245,4426,Low
12/31/2019,5 Series,2019,Europe,Black,Hybrid,Manual,3.4,104181,98146,7446,High
12/31/2021,M5,2021,Middle East,Black,Petrol,Manual,1.9,130371,119375,1516,Low
12/31/2023,3 Series,2023,North America,Blue,Electric,Manual,1.6,64802,106438,1750,Low
12/31/2023,i8,2023,Asia,Black,Hybrid,Automatic,4.2,166916,168872,804,Low
12/31/2021,M3,2021,South America,White,Diesel,Manual,2.9,158727,87097,2241,Low
12/31/2020,M3,2020,Europe,Silver,Petrol,Automatic,3.3,192061,87461,3626,Low
12/31/2019,X1,2019,Europe,White,Diesel,Manual,3.8,69602,72387,8268,High
12/31/2012,3 Series,2012,North America,Black,Electric,Automatic,2.9,62514,65998,7620,High
12/31/2014,7 Series,2014,Middle East,Grey,Hybrid,Automatic,1.7,17441,110506,123,Low
12/31/2019,i3,2019,Middle East,Grey,Electric,Manual,2.4,84008,84129,3715,Low
12/31/2014,X6,2014,Asia,Blue,Hybrid,Manual,2.2,117011,76922,4115,Low
12/31/2018,X6,2018,North America,Grey,Petrol,Manual,4.9,105041,111579,3824,Low
12/31/2020,M3,2020,Asia,Grey,Hybrid,Manual,4.1,118374,113181,3588,Low
12/31/2021,X5,2021,Asia,Black,Electric,Automatic,3.1,38042,129006,6763,High
12/31/2019,5 Series,2019,Africa,Black,Petrol,Manual,1.7,138103,68675,4370,Low
12/31/2020,i3,2020,North America,White,Diesel,Manual,1.9,81992,72499,6227,High
12/31/2013,3 Series,2013,South America,Silver,Hybrid,Manual,4.3,166483,54412,5127,High
12/31/2010,X6,2010,Europe,Silver,Diesel,Automatic,4.8,193222,57630,3148,Low
12/31/2019,i3,2019,South America,Blue,Petrol,Manual,1.6,93384,62056,3171,Low
12/31/2014,i8,2014,Asia,Black,Electric,Automatic,4.7,186630,129005,50,Low
12/31/2010,M3,2010,Europe,Grey,Hybrid,Automatic,2.8,182932,52549,2135,Low
12/31/2015,X5,2015,Middle East,Blue,Hybrid,Manual,2.2,145964,71088,4161,Low
12/31/2021,3 Series,2021,Africa,Red,Hybrid,Manual,1.9,101241,82693,5647,High
12/31/2019,3 Series,2019,Europe,Grey,Electric,Automatic,4.2,89693,98227,9712,High
12/31/2019,7 Series,2019,North America,Red,Diesel,Manual,3.1,127693,111303,1546,Low
12/31/2024,X5,2024,Africa,Silver,Diesel,Manual,4.4,90080,122193,3629,Low
12/31/2016,i8,2016,South America,Silver,Electric,Manual,2.3,148634,124692,50,Low
12/31/2010,M3,2010,South America,Blue,Electric,Manual,3.9,35788,81595,542,Low
12/31/2019,X1,2019,Asia,Black,Hybrid,Automatic,1.9,4060,86987,9188,High
12/31/2013,M3,2013,Europe,White,Hybrid,Manual,1.8,123647,63264,2484,Low
12/31/2018,X3,2018,Asia,Blue,Petrol,Automatic,2,32198,80490,9125,High
12/31/2022,M5,2022,Europe,Blue,Electric,Manual,4.3,95244,157181,2110,Low
12/31/2010,3 Series,2010,South America,Blue,Petrol,Manual,3.8,103028,36870,5697,High
12/31/2018,M3,2018,Europe,White,Hybrid,Automatic,2.1,168190,82834,3759,Low
12/31/2017,X5,2017,Middle East,Grey,Petrol,Automatic,2.8,99278,82907,4419,Low
12/31/2014,7 Series,2014,Europe,White,Electric,Manual,4.2,47506,120620,509,Low
12/31/2015,X3,2015,Europe,Black,Petrol,Automatic,2.5,71865,62385,7346,High
12/31/2016,X1,2016,Africa,White,Diesel,Manual,4.7,164752,48375,3929,Low
12/31/2013,X3,2013,South America,Red,Electric,Automatic,4.7,137,96906,4648,Low
12/31/2023,7 Series,2023,Europe,White,Hybrid,Manual,3.4,58328,145091,2024,Low
12/31/2023,5 Series,2023,Middle East,Silver,Petrol,Manual,3.7,174378,92770,5386,High
12/31/2015,X5,2015,Africa,White,Electric,Manual,3.8,6194,151110,1785,Low
12/31/2016,M5,2016,Europe,Grey,Hybrid,Automatic,2.4,47537,129578,957,Low
12/31/2020,7 Series,2020,South America,Blue,Hybrid,Manual,2.8,159232,114649,1219,Low
12/31/2024,M5,2024,Asia,Black,Hybrid,Automatic,2,87382,145479,2934,Low
12/31/2015,i3,2015,South America,Blue,Electric,Automatic,4.7,25790,101180,2297,Low
12/31/2020,X6,2020,North America,Red,Hybrid,Automatic,4,132978,117571,4228,Low
12/31/2022,X1,2022,Europe,Blue,Electric,Manual,1.7,107215,81862,8430,High
12/31/2024,5 Series,2024,Europe,Silver,Electric,Automatic,3.4,80181,130766,7749,High
12/31/2021,M3,2021,Middle East,Blue,Electric,Automatic,2.7,11874,138896,2125,Low
12/31/2015,M3,2015,Middle East,Grey,Diesel,Automatic,4.4,190861,73454,1498,Low
12/31/2011,X5,2011,Europe,Red,Hybrid,Automatic,2.7,198142,48588,5097,High
12/31/2014,X5,2014,Middle East,White,Diesel,Automatic,3.8,26805,87276,3635,Low
12/31/2012,M3,2012,Asia,Silver,Petrol,Manual,2.1,197763,42144,3137,Low
12/31/2016,i3,2016,Europe,Grey,Electric,Manual,3.5,197054,59867,4489,Low
12/31/2013,i8,2013,Africa,Grey,Diesel,Automatic,2.5,137492,99652,50,Low
12/31/2010,X1,2010,Asia,White,Hybrid,Manual,2.1,43904,41617,8400,High
12/31/2021,3 Series,2021,Middle East,Black,Hybrid,Manual,3.7,49723,103461,6756,High
12/31/2021,i3,2021,North America,Black,Hybrid,Manual,3.7,85014,101128,5523,High
12/31/2015,7 Series,2015,North America,Blue,Diesel,Manual,4.9,186895,93231,1287,Low
12/31/2015,M5,2015,North America,Blue,Diesel,Automatic,3.8,162408,103142,1484,Low
12/31/2016,M3,2016,Africa,White,Diesel,Manual,3.3,56437,87250,1196,Low
12/31/2024,5 Series,2024,South America,White,Hybrid,Automatic,4.7,24652,138532,5040,High
12/31/2020,i8,2020,Africa,Red,Hybrid,Manual,4.4,41548,162231,50,Low
12/31/2017,i3,2017,Europe,Red,Diesel,Automatic,3.4,85581,69284,4390,Low
12/31/2024,X1,2024,Asia,Blue,Hybrid,Automatic,3.3,172498,93260,10522,High
12/31/2012,X3,2012,North America,White,Electric,Manual,4.8,173048,63107,7873,High
12/31/2023,X5,2023,Africa,Red,Petrol,Automatic,3.7,37965,117694,3475,Low
12/31/2015,5 Series,2015,Asia,Silver,Hybrid,Manual,4,176089,69992,7999,High
12/31/2019,M3,2019,Africa,Red,Petrol,Manual,1.8,96395,84463,1856,Low
12/31/2011,5 Series,2011,Middle East,Grey,Hybrid,Automatic,4,3733,89565,4067,Low
12/31/2022,5 Series,2022,Asia,Red,Hybrid,Automatic,2.4,48941,116241,8586,High
12/31/2023,7 Series,2023,North America,Silver,Hybrid,Automatic,1.9,139092,124563,2489,Low
12/31/2018,X3,2018,Africa,Silver,Petrol,Automatic,4.5,68463,93189,3997,Low
12/31/2011,X6,2011,South America,Blue,Hybrid,Automatic,3.9,29422,91312,1407,Low
12/31/2012,7 Series,2012,Africa,Black,Hybrid,Automatic,2.9,87453,95759,50,Low
12/31/2021,i3,2021,Europe,Red,Hybrid,Manual,3,30940,107732,5127,High
12/31/2024,X5,2024,South America,Blue,Petrol,Automatic,2.2,58599,109092,4397,Low
12/31/2024,M5,2024,Asia,Silver,Electric,Manual,1.5,193226,189242,2014,Low
12/31/2022,X5,2022,Africa,Grey,Petrol,Automatic,2.7,146712,87702,3234,Low
12/31/2019,X6,2019,Africa,White,Petrol,Automatic,2,169923,73540,2697,Low
12/31/2021,5 Series,2021,Asia,Red,Diesel,Automatic,3,140361,90340,6898,High
12/31/2021,i3,2021,Middle East,Black,Petrol,Automatic,4.4,109665,90921,4294,Low
12/31/2011,X6,2011,North America,Blue,Hybrid,Manual,1.9,143862,59393,3272,Low
12/31/2018,M3,2018,Europe,Black,Diesel,Automatic,1.8,161871,70324,3174,Low
12/31/2010,i3,2010,South America,Red,Electric,Manual,4.7,64055,65856,1941,Low
12/31/2014,X3,2014,Africa,Black,Petrol,Automatic,4.1,48387,69161,4339,Low
12/31/2010,X3,2010,Europe,Black,Electric,Automatic,1.7,25297,60530,6845,High
12/31/2014,X5,2014,South America,Silver,Petrol,Automatic,1.8,172408,48531,3261,Low
12/31/2017,7 Series,2017,Europe,Black,Electric,Manual,3.9,28242,144891,683,Low
12/31/2017,M3,2017,Africa,Grey,Electric,Automatic,2.8,64095,105636,954,Low
12/31/2020,i3,2020,Middle East,Blue,Electric,Automatic,4,80908,102771,4443,Low
12/31/2017,3 Series,2017,Europe,Black,Petrol,Manual,2.9,27912,79582,7997,High
12/31/2011,X1,2011,Middle East,Red,Electric,Manual,4.9,152543,54097,4130,Low
12/31/2017,3 Series,2017,North America,Red,Diesel,Manual,3.9,168919,54709,9912,High
12/31/2021,5 Series,2021,South America,Grey,Electric,Automatic,1.7,120675,90916,4538,Low
12/31/2014,5 Series,2014,Europe,Black,Petrol,Manual,2.7,107737,61100,6555,High
12/31/2024,M3,2024,Asia,Grey,Diesel,Automatic,3.5,191171,101571,4118,Low
12/31/2010,M3,2010,South America,Black,Petrol,Manual,2,35643,54624,1130,Low
12/31/2016,3 Series,2016,Middle East,Grey,Hybrid,Automatic,1.5,135869,59701,6004,High
12/31/2022,i3,2022,Middle East,Silver,Hybrid,Automatic,1.8,99549,92114,3827,Low
12/31/2015,X5,2015,Asia,Silver,Hybrid,Manual,3.3,86176,85538,6193,High
12/31/2014,M5,2014,North America,Grey,Hybrid,Manual,3.7,164092,103304,1318,Low
12/31/2010,X1,2010,Europe,Silver,Diesel,Automatic,1.8,124384,25000,5938,High
12/31/2023,3 Series,2023,North America,Blue,Diesel,Automatic,3.8,139069,88106,9362,High
12/31/2023,7 Series,2023,South America,Black,Diesel,Automatic,3.7,178894,119768,1168,Low
12/31/2010,i3,2010,North America,Black,Electric,Automatic,4.8,11466,80363,3559,Low
12/31/2015,X6,2015,Europe,Silver,Electric,Manual,4.4,35688,118259,3625,Low
12/31/2019,X3,2019,North America,Silver,Diesel,Manual,4.8,183212,75986,7604,High
12/31/2021,5 Series,2021,Europe,Blue,Electric,Manual,4.9,186736,108638,7393,High
12/31/2016,i3,2016,Europe,White,Petrol,Automatic,3,196785,44672,5087,High
12/31/2019,i8,2019,Asia,Blue,Hybrid,Manual,3.2,60118,155369,493,Low
12/31/2019,M3,2019,South America,Black,Petrol,Automatic,2.5,146266,83742,1802,Low
12/31/2010,M3,2010,Africa,Blue,Diesel,Automatic,3.3,85795,57975,682,Low
12/31/2018,5 Series,2018,Asia,Blue,Electric,Automatic,2,153225,107481,6715,High
12/31/2024,i3,2024,Africa,White,Hybrid,Manual,3.9,30257,114268,3884,Low
12/31/2013,X1,2013,South America,Black,Petrol,Manual,1.6,65069,36092,4456,Low
12/31/2014,X6,2014,North America,White,Diesel,Manual,2.3,147259,62765,4251,Low
12/31/2011,i8,2011,North America,Grey,Electric,Automatic,2.2,49775,135239,50,Low
12/31/2023,i3,2023,Europe,White,Electric,Manual,4.8,186610,100033,6086,High
12/31/2021,X1,2021,Africa,White,Hybrid,Manual,2,149013,63240,5084,High
12/31/2019,7 Series,2019,North America,Black,Electric,Manual,4.6,167894,130960,1831,Low
12/31/2022,7 Series,2022,Middle East,Silver,Petrol,Automatic,1.9,9531,148385,860,Low
12/31/2017,7 Series,2017,Asia,Black,Electric,Manual,3.8,144289,112988,1322,Low
12/31/2023,X1,2023,North America,Black,Electric,Manual,2.6,122056,89546,9474,High
12/31/2011,X6,2011,Africa,Black,Electric,Automatic,2.6,6785,94293,1079,Low
12/31/2012,5 Series,2012,Europe,Blue,Petrol,Manual,5,189011,51899,5851,High
12/31/2024,X3,2024,Africa,Blue,Diesel,Automatic,2.3,16767,108592,5029,High
12/31/2021,M3,2021,Europe,Red,Petrol,Automatic,2.2,40884,112574,2919,Low
12/31/2024,X5,2024,Asia,Black,Diesel,Manual,3.6,174791,101311,7285,High
12/31/2018,X1,2018,South America,White,Electric,Automatic,4.1,40828,94259,765,Low
12/31/2011,X1,2011,Africa,White,Diesel,Automatic,4.9,100891,44820,3020,Low
12/31/2023,5 Series,2023,Asia,White,Electric,Manual,4,141628,113792,6892,High
12/31/2015,X1,2015,Europe,Black,Petrol,Automatic,3.5,69616,61802,7551,High
12/31/2021,i3,2021,Middle East,Black,Electric,Automatic,2.9,46891,110119,3430,Low
12/31/2013,X6,2013,Asia,Red,Electric,Automatic,3.6,194694,75178,3841,Low
12/31/2016,5 Series,2016,Europe,Grey,Hybrid,Manual,3.6,31432,99407,6614,High
12/31/2023,i3,2023,South America,Red,Petrol,Manual,2.3,135356,78743,3684,Low
12/31/2023,X1,2023,South America,Red,Diesel,Manual,3.8,8698,96868,5496,High
12/31/2015,X3,2015,Asia,Red,Diesel,Manual,2.2,84716,53926,7741,High
12/31/2019,M3,2019,North America,Grey,Diesel,Automatic,3.2,133148,86938,3235,Low
12/31/2023,X3,2023,Africa,Black,Petrol,Automatic,2.4,60719,98732,4838,Low
12/31/2018,X1,2018,North America,Red,Electric,Automatic,2.6,60186,85510,8946,High
12/31/2023,X3,2023,Middle East,White,Electric,Automatic,3.6,83295,122148,6622,High
12/31/2018,3 Series,2018,South America,Silver,Petrol,Manual,1.7,106497,56354,7013,High
12/31/2019,3 Series,2019,Middle East,Grey,Petrol,Manual,1.5,29867,78596,7585,High
12/31/2013,X6,2013,Africa,Black,Diesel,Automatic,2,169226,47467,2035,Low
12/31/2010,M5,2010,Asia,Silver,Electric,Manual,2.1,112584,92500,861,Low
12/31/2011,X3,2011,North America,Black,Hybrid,Manual,2.2,30559,61112,7857,High
12/31/2017,X3,2017,Middle East,Red,Electric,Manual,4.2,194721,74292,5558,High
12/31/2023,M3,2023,Africa,White,Diesel,Manual,3.1,103859,104685,1820,Low
12/31/2019,X5,2019,North America,Red,Electric,Automatic,3.1,104771,112380,6378,High
12/31/2017,X1,2017,Asia,Blue,Petrol,Automatic,3.8,95023,65815,7453,High
12/31/2023,i3,2023,North America,Blue,Diesel,Manual,4.1,185326,77766,6569,High
12/31/2024,M3,2024,Asia,Red,Hybrid,Manual,1.5,90766,118481,4293,Low
12/31/2011,X1,2011,Middle East,Grey,Electric,Automatic,4.5,72036,64687,4366,Low
12/31/2013,i3,2013,South America,Blue,Petrol,Manual,5,129200,53517,2942,Low
12/31/2010,7 Series,2010,Europe,Blue,Hybrid,Automatic,1.9,63214,88910,348,Low
12/31/2016,X5,2016,Asia,White,Electric,Automatic,3.8,162574,87561,6106,High
12/31/2013,i8,2013,Asia,Grey,Hybrid,Manual,1.5,50186,130680,50,Low
12/31/2020,7 Series,2020,South America,Blue,Electric,Manual,1.7,65072,131734,1084,Low
12/31/2023,7 Series,2023,Africa,Silver,Diesel,Automatic,2.5,199933,108227,1373,Low
12/31/2017,X3,2017,Middle East,Silver,Diesel,Automatic,4.5,81532,81186,5068,High
12/31/2018,i3,2018,Europe,Blue,Electric,Manual,3.8,85641,92827,5372,High
12/31/2021,X6,2021,North America,Red,Petrol,Manual,3.1,15247,118827,3712,Low
12/31/2018,7 Series,2018,Africa,Red,Electric,Automatic,3,68310,123744,86,Low
12/31/2012,X1,2012,Africa,Red,Petrol,Automatic,3.1,137226,32047,4353,Low
12/31/2014,i3,2014,Asia,Red,Diesel,Manual,2.6,116164,45382,5154,High
12/31/2015,X6,2015,Middle East,Grey,Diesel,Manual,4.6,107085,92980,2556,Low
12/31/2015,i8,2015,North America,Red,Diesel,Automatic,3.5,71401,141513,50,Low
12/31/2019,X6,2019,Middle East,Blue,Electric,Manual,3.2,169781,106420,3405,Low
12/31/2017,X6,2017,Asia,Black,Electric,Automatic,3.1,46550,112409,4310,Low
12/31/2015,X5,2015,Africa,White,Petrol,Automatic,4.8,156336,72505,2473,Low
12/31/2015,X1,2015,South America,Red,Diesel,Manual,4,83422,54437,4091,Low
12/31/2013,5 Series,2013,Asia,Grey,Petrol,Manual,2,72844,27860,7124,High
12/31/2016,X6,2016,Africa,Grey,Electric,Automatic,3,118807,95550,1537,Low
12/31/2023,7 Series,2023,South America,Silver,Electric,Manual,2.5,168530,123414,1531,Low
12/31/2023,X5,2023,Africa,Blue,Diesel,Automatic,5,194225,104228,3575,Low
12/31/2017,i3,2017,Europe,Black,Diesel,Automatic,3,75313,69585,4748,Low
12/31/2012,X6,2012,Europe,Grey,Electric,Manual,1.7,19395,85499,3707,Low
12/31/2016,5 Series,2016,North America,Black,Hybrid,Manual,2.9,78790,87793,6427,High
12/31/2012,i3,2012,North America,Red,Electric,Manual,2.6,61307,65688,3812,Low
12/31/2017,i3,2017,Europe,Red,Electric,Manual,3.6,50741,94987,4766,Low
12/31/2010,M3,2010,North America,Blue,Electric,Manual,2.3,126828,63084,2241,Low
12/31/2010,X3,2010,North America,Grey,Diesel,Manual,1.6,166118,25000,9127,High
12/31/2023,M3,2023,Asia,Blue,Petrol,Manual,1.8,89688,102121,4007,Low
12/31/2015,3 Series,2015,Middle East,Black,Petrol,Manual,2.5,54715,64092,6325,High
12/31/2019,M3,2019,Africa,White,Electric,Automatic,2.7,33590,117822,1467,Low
12/31/2018,5 Series,2018,North America,Grey,Diesel,Automatic,4.4,56976,104652,6708,High
12/31/2021,X5,2021,Asia,White,Petrol,Automatic,2.4,11527,115249,6473,High
12/31/2023,i8,2023,North America,Grey,Petrol,Automatic,1.6,105324,156199,469,Low
12/31/2013,X5,2013,Europe,Blue,Diesel,Automatic,4.2,137215,64866,5644,High
12/31/2015,5 Series,2015,Middle East,Grey,Electric,Manual,4.5,87269,94667,3986,Low
12/31/2021,3 Series,2021,Europe,White,Diesel,Automatic,3.2,118523,76543,8647,High
12/31/2014,3 Series,2014,Middle East,White,Electric,Automatic,2.5,90526,70221,6105,High
12/31/2021,X6,2021,North America,Red,Diesel,Automatic,4.2,130658,116102,4151,Low
12/31/2024,5 Series,2024,Africa,Silver,Petrol,Automatic,1.5,58174,101285,4066,Low
12/31/2010,M5,2010,South America,White,Electric,Manual,4.7,161123,99072,50,Low
12/31/2015,X3,2015,Asia,Silver,Hybrid,Automatic,4.5,117855,82131,7677,High
12/31/2018,M5,2018,Asia,Grey,Hybrid,Manual,3.4,13648,148406,1928,Low
12/31/2024,M5,2024,Africa,Black,Electric,Manual,2.5,171977,133647,1835,Low
12/31/2024,X1,2024,Europe,White,Electric,Manual,1.6,71609,93039,9346,High
12/31/2021,7 Series,2021,Africa,Red,Petrol,Automatic,5,95532,140006,415,Low
12/31/2012,M5,2012,Middle East,Grey,Diesel,Manual,4.2,128086,101540,254,Low
12/31/2020,i8,2020,Asia,Blue,Electric,Manual,2.7,514,179415,237,Low
12/31/2024,7 Series,2024,North America,Red,Diesel,Manual,1.6,28364,140159,1568,Low
12/31/2012,5 Series,2012,Asia,Blue,Diesel,Manual,3.7,91041,59127,7413,High
12/31/2023,X6,2023,South America,Silver,Electric,Manual,5,157620,129045,3600,Low
12/31/2011,7 Series,2011,Africa,Red,Diesel,Manual,4,87062,85034,50,Low
12/31/2022,X6,2022,North America,Grey,Petrol,Manual,1.8,156592,92011,4299,Low
12/31/2013,i8,2013,Asia,White,Diesel,Manual,2.9,154075,44254,760,Low
12/31/2019,X5,2019,Africa,Silver,Electric,Automatic,1.9,126960,87330,3240,Low
12/31/2012,5 Series,2012,Europe,Black,Petrol,Manual,4.7,45529,73644,6456,High
12/31/2021,X5,2021,Africa,Black,Electric,Automatic,2.7,95415,112549,4148,Low
12/31/2011,X1,2011,Europe,White,Petrol,Automatic,4.1,143754,33692,6332,High
12/31/2010,X3,2010,Africa,Silver,Electric,Automatic,1.8,42626,55882,3448,Low
12/31/2012,X3,2012,Europe,Blue,Diesel,Automatic,1.9,46449,48228,7708,High
12/31/2019,X5,2019,Middle East,Grey,Diesel,Manual,3.9,47110,110915,3292,Low
12/31/2015,5 Series,2015,South America,Blue,Diesel,Automatic,4.5,63269,87230,3535,Low
12/31/2018,X3,2018,Africa,Blue,Petrol,Automatic,2.2,29507,79027,4970,Low
12/31/2020,i8,2020,Africa,Black,Hybrid,Automatic,3,60086,163212,50,Low
12/31/2014,M3,2014,Africa,Silver,Diesel,Manual,3.7,23516,84969,815,Low
12/31/2024,M3,2024,North America,Silver,Hybrid,Automatic,4.3,80136,143524,3887,Low
12/31/2012,X3,2012,Asia,Silver,Hybrid,Manual,3.7,96976,35909,7822,High
12/31/2023,i3,2023,North America,Red,Diesel,Automatic,1.8,137737,78844,5343,High
12/31/2014,7 Series,2014,Europe,Red,Petrol,Automatic,3.4,47916,112827,577,Low
12/31/2014,M3,2014,Asia,Black,Electric,Manual,4.6,3568,114752,2097,Low
12/31/2014,X6,2014,Asia,White,Diesel,Manual,4.5,155670,73249,4008,Low
12/31/2021,X1,2021,Middle East,Blue,Petrol,Manual,3.5,58295,89403,5881,High
12/31/2021,X1,2021,Europe,Black,Petrol,Manual,5,171140,73153,8157,High
12/31/2016,X3,2016,North America,Grey,Electric,Manual,1.9,25839,87728,8118,High
12/31/2014,X3,2014,Europe,Grey,Hybrid,Manual,3.2,76625,69694,8561,High
12/31/2016,M5,2016,Middle East,Blue,Petrol,Automatic,4.2,161999,116610,585,Low
12/31/2018,X6,2018,Middle East,Red,Hybrid,Manual,2,156242,89223,3206,Low
12/31/2014,7 Series,2014,Asia,Grey,Diesel,Automatic,4.9,61519,112222,851,Low
12/31/2011,3 Series,2011,North America,Grey,Hybrid,Automatic,2.7,134100,42970,9882,High
12/31/2014,X1,2014,Middle East,Blue,Hybrid,Manual,2.7,45603,64549,5394,High
12/31/2017,X3,2017,South America,Black,Petrol,Manual,2.2,88705,65520,6121,High
12/31/2021,5 Series,2021,Africa,White,Electric,Automatic,2.5,61724,109509,4794,Low
12/31/2013,i3,2013,Africa,Black,Petrol,Manual,3.5,189514,32201,2349,Low
12/31/2011,5 Series,2011,South America,Black,Diesel,Manual,3,2582,66793,3395,Low
12/31/2019,M3,2019,Asia,White,Hybrid,Manual,2.2,53739,105182,3456,Low
12/31/2012,X3,2012,Africa,Red,Petrol,Automatic,4.3,33471,67072,3991,Low
12/31/2018,X1,2018,South America,Black,Petrol,Manual,1.7,167883,38921,5642,High
12/31/2018,X1,2018,Europe,White,Petrol,Automatic,4.4,107594,75362,7547,High
12/31/2017,M5,2017,Middle East,White,Electric,Automatic,2.5,38531,137601,423,Low
12/31/2017,M3,2017,Middle East,Black,Hybrid,Automatic,3.2,102217,98802,1750,Low
12/31/2017,X1,2017,Middle East,Silver,Petrol,Automatic,2.8,98452,61120,5343,High
12/31/2017,M3,2017,Middle East,Grey,Petrol,Automatic,3.5,46727,102429,1826,Low
12/31/2017,X1,2017,Asia,Silver,Hybrid,Manual,4.3,11617,90344,6557,High
12/31/2010,5 Series,2010,South America,Blue,Petrol,Manual,5,144348,49707,3326,Low
12/31/2015,X1,2015,Asia,Blue,Petrol,Manual,2.6,48628,58158,7082,High
12/31/2021,X6,2021,North America,Silver,Hybrid,Automatic,3.4,166099,105119,5640,High
12/31/2018,5 Series,2018,Asia,Blue,Hybrid,Automatic,3.1,153638,83964,7506,High
12/31/2017,5 Series,2017,Africa,Grey,Diesel,Automatic,5,133542,81565,3058,Low
12/31/2012,X1,2012,South America,White,Hybrid,Manual,4.3,118761,52563,4319,Low
12/31/2020,X3,2020,North America,White,Petrol,Automatic,2.9,171995,67689,8651,High
12/31/2010,X5,2010,Asia,Silver,Electric,Automatic,3.2,79796,77596,5208,High
12/31/2011,M3,2011,Asia,Silver,Petrol,Manual,2.4,64804,64715,2318,Low
12/31/2020,5 Series,2020,Europe,Silver,Electric,Automatic,4.1,198854,96255,15000,High
12/31/2024,5 Series,2024,Asia,Red,Hybrid,Manual,4.5,13740,136638,8954,High
12/31/2011,i3,2011,Europe,Red,Hybrid,Automatic,4.9,104351,63932,4113,Low
12/31/2016,M3,2016,Europe,Silver,Hybrid,Manual,3.5,157598,85389,2965,Low
12/31/2021,i3,2021,South America,Red,Diesel,Automatic,3.8,89397,87597,3004,Low
12/31/2015,i3,2015,South America,Grey,Diesel,Manual,3.1,62878,57644,3327,Low
12/31/2020,3 Series,2020,Europe,Silver,Hybrid,Automatic,3.6,125837,89396,8633,High
12/31/2011,7 Series,2011,North America,Red,Petrol,Manual,2.7,185462,62767,971,Low
12/31/2017,7 Series,2017,South America,Black,Petrol,Automatic,4.1,114444,106010,512,Low
12/31/2024,3 Series,2024,South America,White,Diesel,Automatic,1.6,45907,93932,7209,High
12/31/2018,3 Series,2018,Africa,White,Hybrid,Manual,1.6,179914,53779,5822,High
12/31/2024,5 Series,2024,Africa,Black,Electric,Manual,4,112130,118768,3960,Low
12/31/2016,M3,2016,Europe,Grey,Hybrid,Manual,4.8,150088,90638,2670,Low
12/31/2013,5 Series,2013,Asia,Blue,Petrol,Automatic,3.7,109089,65958,6835,High
12/31/2022,X3,2022,Europe,Grey,Electric,Automatic,4,134153,102805,8153,High
12/31/2022,M5,2022,Asia,White,Hybrid,Manual,4.4,197642,65485,4121,Low
12/31/2010,X6,2010,Asia,Black,Electric,Manual,2.8,69602,79567,3159,Low
12/31/2013,3 Series,2013,Africa,Grey,Petrol,Automatic,1.9,87014,43019,5385,High
12/31/2013,7 Series,2013,Africa,Blue,Petrol,Automatic,4.8,67452,105629,50,Low
12/31/2017,M5,2017,Asia,Blue,Diesel,Manual,4.8,79723,124527,1427,Low
12/31/2013,5 Series,2013,Africa,Red,Diesel,Manual,3,185198,39252,4070,Low
12/31/2013,X1,2013,Asia,Silver,Petrol,Automatic,2.3,108903,38377,6697,High
12/31/2022,M5,2022,Middle East,Grey,Hybrid,Manual,4.6,117917,159767,1185,Low
12/31/2011,X1,2011,Europe,Red,Petrol,Manual,4,194126,25000,6227,High
12/31/2021,3 Series,2021,Asia,White,Diesel,Manual,1.5,103681,69261,10486,High
12/31/2019,X5,2019,Middle East,Grey,Petrol,Manual,1.9,21206,97312,3653,Low
12/31/2016,X3,2016,Asia,Grey,Petrol,Manual,4.9,58508,88160,9139,High
12/31/2024,i8,2024,Europe,Black,Petrol,Manual,1.6,5465,171562,332,Low
12/31/2013,M5,2013,North America,Blue,Diesel,Manual,2.5,197492,73868,1540,Low
12/31/2020,X6,2020,Africa,Blue,Diesel,Manual,3.4,121620,93687,2366,Low
12/31/2015,7 Series,2015,North America,Blue,Petrol,Automatic,2.1,177961,83825,1263,Low
12/31/2012,M3,2012,Africa,Black,Hybrid,Manual,2.3,162244,52567,1007,Low
12/31/2016,5 Series,2016,South America,Blue,Electric,Manual,2.7,66630,88244,4330,Low
12/31/2015,X5,2015,Europe,Grey,Diesel,Automatic,2.4,119930,63494,5258,High
12/31/2012,i3,2012,Asia,Grey,Electric,Automatic,4.3,56919,76920,4394,Low
12/31/2013,M5,2013,Asia,White,Hybrid,Automatic,3.3,69562,111079,958,Low
12/31/2019,M5,2019,North America,Red,Electric,Automatic,2.5,77646,145452,2122,Low
12/31/2023,M5,2023,Europe,White,Electric,Manual,2.6,36419,159953,2033,Low
12/31/2014,7 Series,2014,Asia,Blue,Electric,Automatic,1.6,76310,106135,848,Low
12/31/2018,X5,2018,Middle East,Black,Hybrid,Manual,1.7,172719,73817,5278,High
12/31/2023,X1,2023,Asia,Silver,Hybrid,Manual,4,132440,95679,8798,High
12/31/2015,X6,2015,South America,Red,Petrol,Automatic,1.9,152876,66138,5239,High
12/31/2022,7 Series,2022,North America,White,Hybrid,Automatic,3.2,159116,137289,2302,Low
12/31/2013,M5,2013,Middle East,Grey,Hybrid,Automatic,4.4,165304,105490,304,Low
12/31/2020,3 Series,2020,Europe,Silver,Electric,Manual,2.8,114789,86345,9978,High
12/31/2020,i3,2020,Europe,Black,Electric,Automatic,2.7,21256,107901,5935,High
12/31/2016,M3,2016,Middle East,Black,Diesel,Manual,4.6,80524,95125,1637,Low
12/31/2011,X3,2011,North America,Red,Hybrid,Automatic,4.5,51620,78566,6745,High
12/31/2013,M3,2013,South America,Blue,Electric,Manual,4.6,25412,103000,786,Low
12/31/2014,M3,2014,South America,Red,Hybrid,Manual,3.5,145936,78096,1296,Low
12/31/2013,5 Series,2013,Middle East,Grey,Electric,Automatic,4.8,82386,96130,3368,Low
12/31/2013,i3,2013,North America,Silver,Diesel,Automatic,4.4,77077,63929,4969,Low
12/31/2020,5 Series,2020,North America,Black,Hybrid,Manual,3,178847,85181,8094,High
12/31/2022,X3,2022,Asia,Blue,Electric,Automatic,3.7,2687,132086,9178,High
12/31/2018,i8,2018,Asia,Black,Hybrid,Automatic,1.9,29041,153801,356,Low
12/31/2023,M3,2023,North America,Grey,Electric,Automatic,3.4,55829,138110,3319,Low
12/31/2020,i8,2020,North America,Grey,Electric,Automatic,2.4,130446,150141,648,Low
12/31/2022,M3,2022,North America,Grey,Petrol,Manual,2.5,118653,101161,2954,Low
12/31/2011,M3,2011,North America,Red,Diesel,Manual,1.9,17508,63020,2512,Low
12/31/2015,3 Series,2015,Asia,Grey,Petrol,Automatic,2.8,127759,54245,8490,High
12/31/2023,X1,2023,North America,Blue,Petrol,Manual,3.2,8224,98695,8690,High
12/31/2017,X1,2017,Africa,Red,Electric,Automatic,3.6,21538,88447,3301,Low
12/31/2017,5 Series,2017,South America,Blue,Diesel,Automatic,2.6,11472,84729,4477,Low
12/31/2020,M3,2020,Middle East,Black,Electric,Manual,4.3,174454,108195,2117,Low
12/31/2016,X5,2016,Asia,Blue,Diesel,Automatic,3.3,848,100846,6135,High
12/31/2019,X1,2019,South America,Red,Petrol,Manual,3.7,40679,82764,5088,High
12/31/2020,3 Series,2020,Africa,Red,Hybrid,Automatic,2.5,84182,83969,6712,High
12/31/2013,M3,2013,Africa,Blue,Hybrid,Automatic,4.3,169874,71977,1858,Low
12/31/2016,X3,2016,Asia,White,Electric,Manual,3.7,106113,84010,8906,High
12/31/2022,X1,2022,South America,Grey,Hybrid,Manual,4.5,125720,97082,5585,High
12/31/2019,i3,2019,Middle East,White,Electric,Manual,2.1,195670,65939,4442,Low
12/31/2015,X6,2015,Asia,Grey,Diesel,Automatic,2.8,12821,98632,3490,Low
12/31/2020,X1,2020,Europe,Black,Petrol,Automatic,1.9,78418,66167,7669,High
12/31/2015,M3,2015,Africa,Grey,Hybrid,Manual,2.3,110269,75978,155,Low
12/31/2011,X6,2011,Europe,Black,Diesel,Manual,2.9,42381,69766,3784,Low
12/31/2017,X6,2017,South America,Red,Diesel,Automatic,4.6,113927,90731,2605,Low
12/31/2017,3 Series,2017,Asia,Red,Hybrid,Manual,3.4,7889,95576,9510,High
12/31/2023,X3,2023,Europe,Silver,Petrol,Manual,2.7,122693,83206,9644,High
12/31/2020,M5,2020,North America,Grey,Diesel,Automatic,4.1,185328,114194,1802,Low
12/31/2016,i8,2016,South America,Blue,Diesel,Automatic,1.6,166180,99029,50,Low
12/31/2020,i8,2020,Europe,Red,Diesel,Manual,2.8,19288,157412,50,Low
12/31/2018,M5,2018,Asia,Blue,Petrol,Automatic,3.6,136124,120160,1869,Low
12/31/2017,X6,2017,Asia,Black,Petrol,Manual,3.5,143470,81187,4226,Low
12/31/2023,7 Series,2023,North America,Blue,Diesel,Automatic,3.6,29173,143634,1614,Low
12/31/2018,X6,2018,Middle East,Blue,Diesel,Automatic,2.2,37814,105371,2971,Low
12/31/2024,5 Series,2024,Europe,Blue,Electric,Automatic,2.7,32414,129204,7653,High
12/31/2018,i8,2018,Asia,Blue,Hybrid,Automatic,4.8,140000,162182,174,Low
12/31/2015,7 Series,2015,North America,White,Petrol,Automatic,4.9,102539,115977,813,Low
12/31/2011,X6,2011,North America,Blue,Diesel,Automatic,2.6,156478,51711,4051,Low
12/31/2021,3 Series,2021,Middle East,White,Electric,Manual,3.8,160917,90728,7278,High
12/31/2016,X6,2016,Africa,Grey,Hybrid,Automatic,2.3,94339,88854,1761,Low
12/31/2012,X1,2012,Africa,Black,Hybrid,Manual,2.8,166748,31838,3717,Low
12/31/2022,7 Series,2022,Middle East,Black,Hybrid,Manual,4.3,186975,134937,1368,Low
12/31/2016,X6,2016,Africa,Blue,Electric,Manual,3.3,148729,91837,1649,Low
12/31/2018,7 Series,2018,Asia,White,Petrol,Automatic,4.5,145514,117209,1198,Low
12/31/2019,i8,2019,Middle East,Silver,Electric,Manual,3.7,29289,186483,50,Low
12/31/2023,M3,2023,North America,Grey,Electric,Automatic,3.7,120519,135785,3819,Low
12/31/2019,3 Series,2019,South America,Black,Electric,Manual,1.6,139510,68591,6761,High
12/31/2011,7 Series,2011,Europe,Grey,Hybrid,Manual,4.1,24876,111724,190,Low
12/31/2023,X6,2023,Africa,Blue,Hybrid,Manual,4.9,30010,152962,2310,Low
12/31/2022,M5,2022,Asia,Grey,Diesel,Automatic,3.2,67618,138431,2091,Low
12/31/2015,i8,2015,South America,Red,Hybrid,Automatic,2.1,131506,123551,50,Low
12/31/2022,M3,2022,South America,Black,Hybrid,Automatic,4.9,30858,135076,1852,Low
12/31/2015,7 Series,2015,South America,Red,Electric,Manual,2.5,100821,102305,243,Low
12/31/2018,7 Series,2018,Middle East,White,Diesel,Automatic,2.9,36682,130479,452,Low
12/31/2022,X5,2022,Middle East,Black,Petrol,Manual,1.8,197065,76294,4348,Low
12/31/2018,M3,2018,North America,Black,Diesel,Manual,1.9,139191,72788,2819,Low
12/31/2024,X6,2024,Asia,Grey,Diesel,Manual,2.3,24909,131570,4840,Low
12/31/2022,7 Series,2022,South America,Red,Petrol,Automatic,3.4,78608,131522,951,Low
12/31/2014,X1,2014,Africa,Grey,Hybrid,Manual,3.5,103356,53642,3923,Low
12/31/2023,X5,2023,Europe,Blue,Electric,Automatic,3.6,176819,113755,6185,High
12/31/2014,M3,2014,Asia,White,Hybrid,Manual,3.5,7760,103804,2296,Low
12/31/2018,i3,2018,South America,White,Hybrid,Manual,3.2,172727,62680,3524,Low
12/31/2017,X6,2017,Middle East,Silver,Electric,Manual,4.3,7396,126414,2060,Low
12/31/2016,5 Series,2016,Africa,Red,Diesel,Manual,4.8,10802,93822,2876,Low
12/31/2017,X5,2017,Africa,Red,Petrol,Manual,2.4,21287,88137,2752,Low
12/31/2015,i8,2015,South America,Blue,Hybrid,Manual,2,144840,115111,50,Low
12/31/2012,i8,2012,Asia,Silver,Diesel,Automatic,3,88820,118963,50,Low
12/31/2016,i8,2016,Asia,Black,Electric,Manual,1.6,43292,139894,50,Low
12/31/2017,3 Series,2017,Middle East,Red,Diesel,Manual,4.6,152496,66220,6985,High
12/31/2024,X6,2024,Europe,White,Electric,Automatic,2.3,59258,138814,4280,Low
12/31/2017,X3,2017,Asia,Black,Petrol,Manual,3.4,97199,72207,8386,High
12/31/2010,7 Series,2010,Middle East,Black,Electric,Automatic,1.9,134069,85785,50,Low
12/31/2016,X1,2016,South America,Blue,Electric,Automatic,3.4,58539,80940,4858,Low
12/31/2012,3 Series,2012,Africa,Grey,Electric,Manual,1.6,107188,44908,4548,Low
12/31/2011,3 Series,2011,Middle East,White,Diesel,Manual,4.2,84955,48155,6602,High
12/31/2023,7 Series,2023,Middle East,Red,Diesel,Automatic,4.8,9981,171221,654,Low
12/31/2011,3 Series,2011,North America,Red,Petrol,Manual,2.6,74426,41214,8376,High
12/31/2023,X5,2023,Asia,Blue,Diesel,Manual,2.4,168405,84429,6303,High
12/31/2024,7 Series,2024,South America,Grey,Hybrid,Automatic,3.1,43788,161269,1332,Low
12/31/2023,i8,2023,North America,White,Hybrid,Automatic,3.7,146703,168661,709,Low
12/31/2017,i3,2017,North America,Blue,Diesel,Manual,2.2,67371,65342,4434,Low
12/31/2018,X5,2018,Middle East,Black,Petrol,Manual,4.3,172987,86494,3963,Low
12/31/2012,3 Series,2012,South America,Blue,Electric,Manual,2.2,199619,32599,5430,High
12/31/2023,X5,2023,South America,Silver,Electric,Automatic,1.5,101638,105559,4150,Low
12/31/2012,7 Series,2012,Europe,Grey,Electric,Automatic,3.3,152397,95288,578,Low
12/31/2015,M5,2015,Europe,Blue,Hybrid,Automatic,1.9,95236,105928,1311,Low
12/31/2020,5 Series,2020,Asia,White,Diesel,Manual,3.9,153855,87115,8357,High
12/31/2019,3 Series,2019,Europe,Grey,Petrol,Automatic,2.1,84230,75155,8665,High
12/31/2010,X1,2010,Europe,Red,Electric,Automatic,4.4,167881,45471,5735,High
12/31/2015,M3,2015,Asia,Silver,Diesel,Automatic,3.1,48145,89828,2609,Low
12/31/2021,M3,2021,South America,Blue,Hybrid,Automatic,3.5,148162,109208,2068,Low
12/31/2012,M3,2012,Asia,Grey,Hybrid,Manual,2.2,37260,81158,1967,Low
12/31/2020,X1,2020,Middle East,Blue,Hybrid,Automatic,2,85324,83289,5704,High
12/31/2013,X1,2013,South America,White,Electric,Automatic,3.7,94384,62833,4303,Low
12/31/2018,X1,2018,Africa,Grey,Petrol,Automatic,2.4,150171,51397,3831,Low
12/31/2012,X3,2012,Asia,Blue,Hybrid,Manual,2.9,34063,68570,8837,High
12/31/2010,3 Series,2010,Middle East,White,Electric,Manual,3.2,145746,25000,6760,High
12/31/2012,M5,2012,South America,White,Petrol,Manual,2.3,61719,94156,164,Low
12/31/2016,X6,2016,South America,Black,Hybrid,Manual,4.3,52532,104235,1691,Low
12/31/2022,X1,2022,North America,White,Diesel,Manual,4.8,35496,97656,9026,High
12/31/2016,i8,2016,South America,Grey,Petrol,Automatic,3,23312,139669,50,Low
12/31/2020,3 Series,2020,Middle East,Red,Electric,Automatic,4.7,169658,97494,7368,High
12/31/2014,X3,2014,Africa,Blue,Electric,Manual,4.6,33242,90871,4267,Low
12/31/2023,M5,2023,Africa,Blue,Petrol,Manual,2.1,157585,113118,1395,Low
12/31/2010,X3,2010,Asia,Black,Electric,Manual,2.1,7201,62700,8400,High
12/31/2020,i3,2020,Africa,Black,Petrol,Manual,3.2,179647,59705,3322,Low
12/31/2017,X6,2017,Europe,Red,Electric,Manual,3.3,194392,91961,3720,Low
12/31/2019,5 Series,2019,North America,Red,Electric,Manual,2.7,115887,93183,6520,High
12/31/2017,7 Series,2017,Asia,White,Hybrid,Automatic,2.6,5544,128912,1029,Low
12/31/2019,3 Series,2019,Middle East,Red,Diesel,Automatic,3,128529,67417,7583,High
12/31/2021,7 Series,2021,South America,Grey,Electric,Automatic,3.9,148723,127474,1278,Low
12/31/2019,X6,2019,Africa,White,Diesel,Manual,1.8,75007,88009,2547,Low
12/31/2022,3 Series,2022,Asia,Blue,Hybrid,Automatic,4,77852,113261,10613,High
12/31/2019,3 Series,2019,Europe,Blue,Diesel,Manual,4.7,50786,91278,9353,High
12/31/2011,M3,2011,South America,Red,Electric,Manual,4.2,7194,99475,568,Low
12/31/2019,i3,2019,Africa,Grey,Diesel,Manual,2.2,155199,53168,3238,Low
12/31/2012,X1,2012,Europe,Red,Hybrid,Automatic,1.8,47366,49122,7296,High
12/31/2013,X6,2013,Asia,Blue,Petrol,Automatic,3.2,77301,82359,4307,Low
12/31/2010,i8,2010,South America,Red,Hybrid,Manual,4.8,195568,99229,50,Low
12/31/2013,i8,2013,Middle East,Grey,Electric,Automatic,4.4,134321,141995,50,Low
12/31/2014,3 Series,2014,Middle East,Silver,Electric,Automatic,3.5,61550,77960,6149,High
12/31/2012,X6,2012,Asia,Blue,Petrol,Automatic,2,198641,47239,3604,Low
12/31/2023,X3,2023,Middle East,Blue,Hybrid,Manual,4,76398,112775,6894,High
12/31/2020,X1,2020,Middle East,Blue,Diesel,Automatic,4.3,189703,66283,5005,High
12/31/2024,3 Series,2024,North America,White,Electric,Manual,4.8,91380,123367,10990,High
12/31/2019,3 Series,2019,South America,Grey,Diesel,Manual,3.6,105892,69285,6246,High
12/31/2011,X6,2011,South America,Silver,Petrol,Manual,3.3,25333,73992,1603,Low
12/31/2022,5 Series,2022,Europe,Black,Petrol,Manual,3.7,48785,108025,7903,High
12/31/2015,i8,2015,Europe,Red,Electric,Automatic,4.8,24988,172490,50,Low
12/31/2017,M5,2017,Africa,Red,Petrol,Manual,3.7,1204,126311,241,Low
12/31/2016,i8,2016,Asia,Silver,Electric,Automatic,2.4,128985,140341,50,Low
12/31/2020,i8,2020,North America,Silver,Petrol,Manual,3.7,55324,158849,50,Low
12/31/2023,i8,2023,South America,Blue,Petrol,Automatic,4.6,161144,154176,142,Low
12/31/2010,X1,2010,South America,Black,Diesel,Manual,3.5,981,45470,3499,Low
12/31/2013,M5,2013,Africa,Blue,Diesel,Manual,3.3,196585,74483,479,Low
12/31/2012,5 Series,2012,Europe,Blue,Hybrid,Automatic,4.1,112655,75137,5325,High
12/31/2015,X1,2015,North America,Black,Electric,Automatic,3.8,140802,64382,7074,High
12/31/2018,i3,2018,Asia,Grey,Hybrid,Manual,1.7,19734,81907,5513,High
12/31/2018,X5,2018,South America,Blue,Diesel,Automatic,4,162615,77395,4140,Low
12/31/2016,i3,2016,Africa,White,Hybrid,Manual,2.9,93216,66243,2843,Low
12/31/2024,i3,2024,South America,Red,Diesel,Manual,4.8,40866,110959,3352,Low
12/31/2021,X5,2021,Europe,Silver,Diesel,Automatic,4.9,46477,121114,5787,High
12/31/2018,X3,2018,North America,White,Diesel,Automatic,3.1,108080,72281,9289,High
12/31/2017,M3,2017,Asia,Grey,Petrol,Manual,4.9,117553,93006,2885,Low
12/31/2014,7 Series,2014,Middle East,Grey,Petrol,Automatic,2.6,36633,103277,283,Low
12/31/2018,X6,2018,Asia,Blue,Petrol,Automatic,3.9,8393,116944,4132,Low
12/31/2023,5 Series,2023,Europe,Black,Diesel,Manual,1.8,10539,103714,7654,High
12/31/2016,i3,2016,North America,Grey,Hybrid,Manual,2,129732,57297,5242,High
12/31/2014,i3,2014,Europe,White,Petrol,Manual,4.5,75378,66058,3963,Low
12/31/2024,7 Series,2024,Europe,Silver,Hybrid,Manual,4.6,59281,160136,1916,Low
12/31/2017,3 Series,2017,South America,Silver,Petrol,Automatic,3.4,81120,69589,6666,High
12/31/2024,M3,2024,Asia,White,Electric,Manual,2.7,110725,130769,4189,Low
12/31/2016,M5,2016,Europe,Red,Hybrid,Manual,3.1,2939,129343,925,Low
12/31/2018,X3,2018,South America,Grey,Diesel,Automatic,4.5,120590,80263,4542,Low
12/31/2019,7 Series,2019,South America,Blue,Petrol,Automatic,2.2,51010,111525,751,Low
12/31/2010,X1,2010,South America,Grey,Petrol,Manual,2.5,111756,25000,3820,Low
12/31/2024,X5,2024,South America,White,Diesel,Manual,4.2,186128,102832,10142,High
12/31/2022,M3,2022,South America,Grey,Hybrid,Automatic,4.8,173168,113169,2158,Low
12/31/2018,i3,2018,North America,Black,Electric,Manual,1.8,187243,58351,5862,High
12/31/2024,5 Series,2024,Europe,White,Petrol,Automatic,4.3,26693,131905,5840,High
12/31/2016,i8,2016,North America,Grey,Hybrid,Automatic,3.8,95590,148048,50,Low
12/31/2010,X6,2010,Asia,White,Hybrid,Automatic,2.3,192179,53709,4148,Low
12/31/2010,X5,2010,South America,Black,Hybrid,Manual,4.1,174939,51997,3046,Low
12/31/2014,X1,2014,Asia,Black,Petrol,Manual,4,129310,45883,7542,High
12/31/2017,X1,2017,North America,White,Hybrid,Manual,2,64498,70506,8251,High
12/31/2018,5 Series,2018,Asia,Grey,Hybrid,Manual,3.3,13203,111690,7977,High
12/31/2021,X1,2021,Africa,Red,Hybrid,Automatic,4.2,185362,78790,5105,High
12/31/2015,X1,2015,Middle East,Red,Petrol,Automatic,2.2,40942,57560,5037,High
12/31/2021,X5,2021,Middle East,Red,Petrol,Manual,3.1,44971,107211,3832,Low
12/31/2022,i8,2022,Middle East,Blue,Hybrid,Automatic,1.9,80746,163299,427,Low
12/31/2019,7 Series,2019,South America,Blue,Electric,Automatic,2.6,120312,125429,1115,Low
12/31/2021,i3,2021,North America,White,Diesel,Automatic,2.3,22012,87414,5610,High
12/31/2017,X3,2017,Middle East,White,Hybrid,Automatic,3.3,178150,69559,6346,High
12/31/2024,X5,2024,Africa,Blue,Hybrid,Automatic,2,10998,126744,4365,Low
12/31/2015,3 Series,2015,North America,Silver,Petrol,Automatic,2.8,176196,43579,8901,High
12/31/2020,5 Series,2020,Africa,Silver,Electric,Automatic,2.5,139446,89139,4435,Low
12/31/2015,X5,2015,Europe,Red,Diesel,Automatic,4.1,108715,80578,4896,Low
12/31/2013,M5,2013,Middle East,Black,Hybrid,Manual,3.9,43703,132120,50,Low
12/31/2020,5 Series,2020,Africa,Silver,Hybrid,Automatic,1.8,30335,102511,4641,Low
12/31/2014,X3,2014,North America,Black,Diesel,Manual,4.8,40508,81668,8162,High
12/31/2023,i3,2023,North America,Silver,Hybrid,Automatic,4.1,154338,97495,5787,High
12/31/2011,X6,2011,South America,Grey,Hybrid,Manual,3.7,127326,68178,1824,Low
12/31/2012,i8,2012,Africa,Black,Electric,Automatic,3.2,193449,102543,50,Low
12/31/2012,M5,2012,Europe,White,Diesel,Manual,2.1,147576,74585,1288,Low
12/31/2023,i3,2023,Africa,Blue,Petrol,Automatic,4.9,199785,85944,398,Low
12/31/2021,5 Series,2021,Middle East,Blue,Petrol,Automatic,1.5,62437,98259,5282,High
12/31/2020,M3,2020,North America,Black,Hybrid,Automatic,3.9,85966,121133,2895,Low
12/31/2014,X1,2014,North America,White,Diesel,Automatic,3.3,88331,52660,8050,High
12/31/2023,M5,2023,Europe,Blue,Petrol,Manual,4.7,109861,148493,2017,Low
12/31/2014,X1,2014,Middle East,Blue,Petrol,Manual,2.8,199916,26731,5583,High
12/31/2015,i8,2015,Europe,Red,Petrol,Automatic,3.3,199165,112141,50,Low
12/31/2014,X6,2014,Middle East,Grey,Hybrid,Manual,4.1,146822,90861,2161,Low
12/31/2021,M3,2021,North America,Grey,Diesel,Manual,1.7,161287,81773,3534,Low
12/31/2015,X5,2015,South America,Silver,Petrol,Manual,1.7,148892,52065,3473,Low
12/31/2017,3 Series,2017,Africa,Grey,Diesel,Manual,2.2,45694,66185,4489,Low
12/31/2024,X1,2024,South America,White,Petrol,Automatic,2,163832,68600,6304,High
12/31/2011,i8,2011,Asia,Black,Electric,Manual,1.5,11295,130822,50,Low
12/31/2013,7 Series,2013,Asia,White,Diesel,Automatic,3.7,51431,102881,804,Low
12/31/2022,i3,2022,Asia,White,Hybrid,Manual,4.3,167467,89006,5387,High
12/31/2015,M3,2015,Europe,Red,Diesel,Manual,4.8,1609,107635,1930,Low
12/31/2021,i3,2021,South America,Red,Diesel,Automatic,3,60305,89724,3460,Low
12/31/2014,7 Series,2014,Asia,White,Diesel,Manual,2.5,150425,81478,1381,Low
12/31/2010,M5,2010,Asia,White,Petrol,Automatic,4.5,194794,80355,1214,Low
12/31/2018,i8,2018,Middle East,White,Petrol,Manual,4.5,197047,142390,50,Low
12/31/2012,7 Series,2012,Asia,Silver,Electric,Automatic,3.7,124348,106440,1048,Low
12/31/2011,7 Series,2011,Europe,Red,Electric,Automatic,2.5,132003,91144,559,Low
12/31/2018,X3,2018,Africa,Black,Electric,Automatic,4.7,133259,89522,4607,Low
12/31/2016,5 Series,2016,South America,White,Diesel,Manual,2.1,120505,60488,3694,Low
12/31/2014,X6,2014,Europe,White,Electric,Manual,1.7,71149,84535,3785,Low
12/31/2021,5 Series,2021,Europe,Black,Hybrid,Automatic,4.3,95304,120307,6351,High
12/31/2015,M5,2015,South America,Grey,Petrol,Automatic,3.5,12610,117182,257,Low
12/31/2021,i3,2021,Africa,Black,Electric,Manual,2.4,174994,76595,3421,Low
12/31/2020,7 Series,2020,Asia,Silver,Hybrid,Manual,3.8,175910,118625,2045,Low
12/31/2013,X6,2013,South America,Grey,Hybrid,Manual,4.2,66679,94492,1601,Low
12/31/2010,3 Series,2010,Asia,Red,Petrol,Manual,4.5,52350,52166,9322,High
12/31/2013,5 Series,2013,South America,White,Diesel,Automatic,2.5,68837,60343,3618,Low
12/31/2018,7 Series,2018,Europe,Black,Petrol,Manual,1.6,180439,86463,1646,Low
12/31/2010,3 Series,2010,North America,Blue,Hybrid,Manual,3.3,14938,61165,9895,High
12/31/2019,X1,2019,Asia,Grey,Petrol,Automatic,4.5,177002,67037,8358,High
12/31/2012,X3,2012,South America,Silver,Petrol,Automatic,2.2,17545,55522,4052,Low
12/31/2024,X3,2024,Europe,Red,Diesel,Manual,3,51049,106318,7631,High
12/31/2024,X1,2024,Asia,Red,Electric,Automatic,2.4,56977,104572,8857,High
12/31/2014,M5,2014,Asia,Black,Diesel,Manual,1.5,174948,77128,1941,Low
12/31/2016,i3,2016,Middle East,White,Hybrid,Automatic,4.6,197995,66985,3387,Low
12/31/2018,M3,2018,North America,Blue,Electric,Automatic,2,78193,105936,3591,Low
12/31/2015,X6,2015,Africa,Blue,Hybrid,Automatic,4.2,158076,86388,1782,Low
12/31/2012,X3,2012,Asia,Grey,Electric,Automatic,2.7,192174,46081,7708,High
12/31/2022,3 Series,2022,South America,Blue,Diesel,Automatic,2.5,171058,70337,6686,High
12/31/2016,7 Series,2016,North America,Silver,Electric,Automatic,4.8,182054,112261,1086,Low
12/31/2024,X3,2024,Europe,Black,Diesel,Manual,3.8,172864,91201,9816,High
12/31/2023,M3,2023,Middle East,Black,Electric,Manual,3.9,135203,123530,2746,Low
12/31/2013,7 Series,2013,North America,Black,Diesel,Automatic,4.2,175062,81626,1113,Low
12/31/2012,i8,2012,South America,Silver,Petrol,Manual,2.7,139972,99168,50,Low
12/31/2023,5 Series,2023,Europe,Blue,Electric,Automatic,3.5,127179,116891,7124,High
12/31/2016,M3,2016,Middle East,Grey,Electric,Automatic,2.4,162948,81959,1745,Low
12/31/2020,7 Series,2020,Europe,White,Diesel,Automatic,4.4,178306,111232,1740,Low
12/31/2020,i3,2020,Asia,Red,Hybrid,Automatic,3.6,26023,111922,4829,Low
12/31/2016,X3,2016,South America,Red,Diesel,Manual,2.4,183858,25000,5822,High
12/31/2013,3 Series,2013,Africa,Blue,Diesel,Automatic,4.6,173430,42242,5366,High
12/31/2021,i8,2021,North America,Red,Diesel,Manual,3.5,143120,143147,446,Low
12/31/2016,M5,2016,Africa,Silver,Diesel,Automatic,3.2,33034,113675,321,Low
12/31/2020,M3,2020,Asia,Silver,Petrol,Manual,1.6,115757,88205,2972,Low
12/31/2023,M3,2023,Africa,Blue,Hybrid,Automatic,4.7,146402,119670,1947,Low
12/31/2011,7 Series,2011,North America,White,Petrol,Manual,4.8,134718,92473,575,Low
12/31/2010,5 Series,2010,South America,White,Electric,Manual,3.5,96752,60333,3561,Low
12/31/2021,X3,2021,Asia,Blue,Diesel,Automatic,3,88995,89597,8514,High
12/31/2024,i3,2024,North America,Blue,Diesel,Automatic,2.8,120722,94427,5634,High
12/31/2011,X6,2011,South America,Blue,Hybrid,Automatic,2.4,89803,74013,1598,Low
12/31/2013,X6,2013,Africa,Silver,Hybrid,Manual,3.5,65320,91127,1420,Low
12/31/2017,M3,2017,Africa,Blue,Electric,Manual,1.9,161409,74557,1728,Low
12/31/2012,X5,2012,Asia,Black,Diesel,Automatic,4.7,191514,56880,6443,High
12/31/2024,7 Series,2024,Asia,Grey,Hybrid,Automatic,2.1,179483,121726,2734,Low
12/31/2019,M3,2019,Europe,Grey,Electric,Manual,4.1,42845,124442,2855,Low
12/31/2024,X5,2024,Africa,Red,Diesel,Manual,2.6,185404,90576,3359,Low
12/31/2015,3 Series,2015,Asia,Grey,Petrol,Manual,2.3,63101,56149,9856,High
12/31/2015,M5,2015,Asia,Grey,Hybrid,Manual,3.5,138660,110187,1357,Low
12/31/2022,X3,2022,Europe,Grey,Electric,Automatic,4.2,121545,110393,10230,High
12/31/2018,M3,2018,Asia,Blue,Hybrid,Automatic,4,197666,88426,3301,Low
12/31/2018,5 Series,2018,Africa,Grey,Hybrid,Manual,2.3,8466,102116,497,Low
12/31/2013,X3,2013,South America,Blue,Hybrid,Manual,2.7,119268,51082,5232,High
12/31/2018,X5,2018,Europe,White,Electric,Manual,4.5,187970,92538,6762,High
12/31/2024,X5,2024,Europe,Silver,Electric,Automatic,4,1620,149403,1379,Low
12/31/2024,X3,2024,Asia,Silver,Electric,Manual,4,50125,132836,8780,High
12/31/2022,X3,2022,South America,Grey,Diesel,Automatic,2.4,66338,93506,6138,High
12/31/2015,i3,2015,Africa,White,Hybrid,Automatic,4.3,195431,60194,2751,Low
12/31/2011,X6,2011,North America,Red,Petrol,Manual,2.8,64177,72940,3730,Low
12/31/2019,X3,2019,Asia,Black,Hybrid,Automatic,2.9,47271,98966,8755,High
12/31/2023,i8,2023,Europe,Blue,Hybrid,Automatic,2.5,23398,180701,546,Low
12/31/2020,i3,2020,South America,Red,Hybrid,Manual,1.9,36721,85642,3577,Low
12/31/2015,5 Series,2015,Middle East,White,Diesel,Manual,3,68152,77076,4546,Low
12/31/2011,X3,2011,Africa,White,Electric,Manual,1.6,182569,31032,4674,Low
12/31/2017,X6,2017,Africa,Silver,Diesel,Automatic,3.1,58837,97467,1955,Low
12/31/2013,3 Series,2013,Asia,Black,Electric,Automatic,4,40226,79996,9190,High
12/31/2014,3 Series,2014,Middle East,Red,Petrol,Manual,4.9,170696,53103,6787,High
12/31/2017,X5,2017,Europe,Black,Hybrid,Manual,1.8,168783,70494,6573,High
12/31/2023,3 Series,2023,Asia,Silver,Diesel,Automatic,2.5,56914,91935,9891,High
12/31/2020,X5,2020,Africa,Grey,Petrol,Manual,3.2,87618,96868,3435,Low
12/31/2017,X5,2017,Asia,Black,Electric,Manual,2.1,92253,91821,6574,High
12/31/2021,7 Series,2021,Europe,Black,Diesel,Manual,1.9,172475,98000,2045,Low
12/31/2023,i8,2023,Europe,Silver,Petrol,Manual,3.1,14709,176467,50,Low
12/31/2021,M5,2021,South America,Red,Petrol,Automatic,3.5,143104,128420,933,Low
12/31/2015,M3,2015,South America,White,Diesel,Automatic,4.4,156849,76267,1399,Low
12/31/2013,5 Series,2013,North America,White,Diesel,Automatic,5,30558,86612,5498,High
12/31/2024,X6,2024,Africa,Grey,Hybrid,Manual,4.2,63101,132588,2740,Low
12/31/2010,3 Series,2010,Africa,Black,Diesel,Automatic,2.3,159207,25000,4583,Low
12/31/2021,i3,2021,Africa,Blue,Electric,Automatic,4.1,14390,120938,3016,Low
12/31/2016,i3,2016,Middle East,Blue,Hybrid,Manual,3.4,179383,62473,3175,Low
12/31/2017,X5,2017,North America,Red,Hybrid,Manual,3.1,137319,83608,5110,High
12/31/2018,M3,2018,Asia,Red,Petrol,Manual,4.8,130197,101118,2577,Low
12/31/2011,5 Series,2011,Asia,Silver,Diesel,Automatic,4,37141,69469,6148,High
12/31/2010,7 Series,2010,Middle East,Grey,Petrol,Automatic,3.9,141674,78718,50,Low
12/31/2013,M5,2013,Africa,White,Petrol,Manual,1.5,147904,73233,464,Low
12/31/2022,7 Series,2022,Europe,White,Electric,Automatic,4.5,50969,168326,1689,Low
12/31/2014,3 Series,2014,Asia,Blue,Electric,Automatic,4.3,193468,61720,2265,Low
12/31/2019,X5,2019,Middle East,Red,Electric,Automatic,2.5,192720,89351,4002,Low
12/31/2021,5 Series,2021,Asia,Grey,Electric,Automatic,2.5,21428,118261,7168,High
12/31/2010,7 Series,2010,North America,Black,Petrol,Automatic,1.7,147311,60265,842,Low
12/31/2014,X1,2014,Africa,Grey,Electric,Manual,1.7,187870,33904,4375,Low
12/31/2015,5 Series,2015,Asia,Blue,Petrol,Manual,3.8,138879,66985,7941,High
12/31/2012,7 Series,2012,Middle East,Silver,Electric,Manual,2.2,193419,79015,50,Low
12/31/2021,7 Series,2021,South America,Black,Hybrid,Automatic,4.7,125667,136018,1058,Low
12/31/2024,X6,2024,North America,Red,Electric,Manual,4.4,177151,129204,5634,High
12/31/2016,i8,2016,Africa,White,Diesel,Manual,2.7,152322,113501,50,Low
12/31/2023,X5,2023,Middle East,Black,Petrol,Automatic,2.8,128840,101546,4310,Low
12/31/2015,7 Series,2015,Asia,Red,Hybrid,Manual,2.6,110089,105222,1051,Low
12/31/2013,i3,2013,Europe,Grey,Diesel,Automatic,1.8,196420,25000,5493,High
12/31/2012,3 Series,2012,Europe,Black,Hybrid,Automatic,1.6,13953,59559,8723,High
12/31/2014,M3,2014,North America,Red,Hybrid,Automatic,3.1,18137,105926,2352,Low
12/31/2012,i8,2012,Asia,Blue,Electric,Automatic,4.8,100165,142933,50,Low
12/31/2019,M3,2019,Europe,Black,Diesel,Automatic,4.7,166021,89694,3061,Low
12/31/2018,5 Series,2018,Africa,White,Diesel,Manual,4.3,152900,75160,3871,Low
12/31/2018,M3,2018,Europe,Black,Diesel,Automatic,3.7,111021,91003,2825,Low
12/31/2015,X5,2015,North America,Silver,Petrol,Manual,4.5,16731,97984,4895,Low
12/31/2022,3 Series,2022,Europe,Silver,Hybrid,Automatic,3.3,121561,96059,10404,High
12/31/2020,i3,2020,Europe,Blue,Hybrid,Automatic,2.1,24782,97819,5073,High
12/31/2015,7 Series,2015,Middle East,Silver,Electric,Manual,3.9,49147,133268,50,Low
12/31/2021,X1,2021,Europe,Blue,Petrol,Manual,4.7,182248,74970,7782,High
12/31/2023,X5,2023,Middle East,Grey,Diesel,Manual,1.6,27279,108120,4688,Low
12/31/2013,X5,2013,Africa,Grey,Petrol,Manual,2.4,111539,53563,2870,Low
12/31/2013,X6,2013,Europe,Black,Diesel,Manual,2.4,606,79283,3614,Low
12/31/2011,5 Series,2011,North America,Blue,Electric,Manual,1.8,129515,55391,6728,High
12/31/2019,X1,2019,Europe,White,Electric,Automatic,2.3,5235,91587,7447,High
12/31/2013,X1,2013,South America,Red,Petrol,Automatic,2.8,90477,40767,4088,Low
12/31/2017,M5,2017,North America,Silver,Petrol,Manual,4.8,103345,122863,1327,Low
12/31/2022,i8,2022,Europe,Silver,Diesel,Automatic,4.5,284,177836,50,Low
12/31/2019,7 Series,2019,North America,Black,Electric,Automatic,4.8,148949,138343,1695,Low
12/31/2011,5 Series,2011,Africa,Blue,Hybrid,Automatic,1.9,19766,67208,3237,Low
12/31/2018,M3,2018,Asia,White,Electric,Automatic,1.6,135590,91834,4057,Low
12/31/2023,X5,2023,Asia,Grey,Diesel,Manual,1.9,38584,107141,6005,High
12/31/2010,M3,2010,South America,Silver,Electric,Automatic,4.7,5138,95315,378,Low
12/31/2022,M3,2022,Africa,Black,Diesel,Automatic,2.1,172677,84838,2270,Low
12/31/2011,X1,2011,Asia,Grey,Hybrid,Manual,3.5,52913,52224,7721,High
12/31/2024,X3,2024,Africa,Silver,Hybrid,Manual,2.3,198178,81430,5433,High
12/31/2011,i8,2011,North America,White,Petrol,Automatic,1.6,151157,89642,50,Low
12/31/2020,M3,2020,Middle East,Red,Petrol,Manual,1.8,33279,99518,1904,Low
12/31/2022,X6,2022,Asia,Red,Diesel,Automatic,4,133886,116393,4024,Low
12/31/2024,7 Series,2024,North America,Blue,Hybrid,Manual,2.1,89002,140825,2478,Low
12/31/2023,X6,2023,Middle East,Grey,Diesel,Manual,2.3,186608,94668,3107,Low
12/31/2015,7 Series,2015,Africa,Blue,Hybrid,Manual,2.8,137271,98185,162,Low
12/31/2024,i3,2024,South America,Grey,Electric,Manual,3.8,72692,113093,3892,Low
12/31/2023,X5,2023,Africa,Red,Electric,Manual,3.1,181774,108756,3590,Low
12/31/2016,3 Series,2016,North America,Black,Diesel,Manual,4.8,6948,86026,8002,High
12/31/2022,X6,2022,Asia,White,Hybrid,Automatic,3,83664,127938,5619,High
12/31/2024,i3,2024,Europe,Blue,Petrol,Automatic,2.2,57351,97466,5763,High
12/31/2024,3 Series,2024,South America,Black,Diesel,Automatic,3.4,185868,82900,7222,High
12/31/2012,5 Series,2012,Asia,Black,Electric,Automatic,3.1,4047,91428,5886,High
12/31/2020,7 Series,2020,North America,Silver,Hybrid,Automatic,4.3,124228,136363,1871,Low
12/31/2018,X3,2018,Europe,Black,Petrol,Automatic,4.8,182962,75786,8640,High
12/31/2014,i3,2014,Africa,Black,Hybrid,Manual,4.4,2711,81977,1866,Low
12/31/2014,i3,2014,Middle East,Black,Hybrid,Manual,2.9,37458,72085,2902,Low
12/31/2020,7 Series,2020,Europe,White,Diesel,Manual,2.3,78914,119077,1535,Low
12/31/2021,7 Series,2021,South America,White,Petrol,Automatic,4.7,35335,147760,509,Low
12/31/2013,X6,2013,Asia,Red,Electric,Manual,2.9,119833,79793,4370,Low
12/31/2018,M3,2018,South America,Red,Electric,Manual,4.2,33325,115882,1689,Low
12/31/2017,M5,2017,North America,Red,Petrol,Automatic,5,128734,123358,1527,Low
12/31/2021,7 Series,2021,Europe,Silver,Petrol,Automatic,3.5,197340,108585,1992,Low
12/31/2013,i8,2013,Africa,Blue,Hybrid,Automatic,3.2,195934,111807,50,Low
12/31/2013,X3,2013,Africa,Red,Petrol,Manual,3.9,78930,61657,4397,Low
12/31/2011,X1,2011,South America,Black,Diesel,Automatic,2.2,139438,25000,4240,Low
12/31/2018,X1,2018,Africa,Grey,Hybrid,Automatic,3.2,172179,60483,5391,High
12/31/2012,3 Series,2012,Europe,White,Petrol,Manual,2.6,29740,54974,9861,High
12/31/2013,i8,2013,Africa,Red,Diesel,Automatic,2.1,17365,119501,50,Low
12/31/2023,X5,2023,Middle East,White,Electric,Manual,3.6,107932,129452,5308,High
12/31/2016,7 Series,2016,Africa,White,Petrol,Automatic,3.5,139948,95063,325,Low
12/31/2019,3 Series,2019,North America,White,Electric,Manual,4.2,161416,86864,10702,High
12/31/2017,M3,2017,Europe,Silver,Diesel,Manual,4.6,101073,93016,2590,Low
12/31/2017,X5,2017,Asia,Black,Petrol,Manual,2.3,82998,79033,5397,High
12/31/2013,X1,2013,Europe,Red,Petrol,Manual,4.2,189387,33735,6951,High
12/31/2024,X1,2024,Middle East,Grey,Diesel,Manual,2.8,137179,81362,5515,High
12/31/2016,i8,2016,Europe,White,Petrol,Manual,3.7,137444,124849,50,Low
12/31/2019,X5,2019,Africa,Red,Petrol,Manual,4.5,158839,89211,3546,Low
12/31/2010,5 Series,2010,Middle East,Grey,Electric,Automatic,2.4,181533,46492,3953,Low
12/31/2015,5 Series,2015,Asia,Grey,Electric,Manual,3.6,157906,79782,6784,High
12/31/2015,M3,2015,North America,Silver,Electric,Automatic,3.2,140454,89611,2334,Low
12/31/2015,M5,2015,Europe,Black,Electric,Automatic,4.3,131111,118753,979,Low
12/31/2021,X5,2021,South America,White,Diesel,Manual,3.9,22842,115957,3644,Low
12/31/2011,7 Series,2011,Africa,White,Petrol,Manual,4.2,43247,97053,50,Low
12/31/2017,3 Series,2017,South America,Grey,Diesel,Manual,2.5,24884,72335,5191,High
12/31/2023,X1,2023,Africa,Blue,Electric,Manual,4,14614,122511,4320,Low
12/31/2024,X1,2024,Middle East,Red,Hybrid,Automatic,3.6,37617,121510,6553,High
12/31/2024,M5,2024,North America,Grey,Petrol,Automatic,3.1,199426,132135,2581,Low
12/31/2014,X3,2014,South America,Silver,Hybrid,Manual,2.8,174221,49935,5663,High
12/31/2014,i8,2014,South America,Blue,Hybrid,Manual,2.7,145950,114919,50,Low
12/31/2011,5 Series,2011,North America,Red,Electric,Manual,1.5,186102,40894,6825,High
12/31/2013,M3,2013,South America,Red,Diesel,Manual,2.1,82437,57131,1520,Low
12/31/2021,X1,2021,South America,Red,Diesel,Manual,1.7,192384,43601,5734,High
12/31/2018,i8,2018,Africa,Black,Electric,Manual,4.5,175562,137532,50,Low
12/31/2018,i8,2018,Middle East,Black,Petrol,Manual,4.5,6838,177317,50,Low
12/31/2015,X6,2015,North America,White,Diesel,Manual,4.5,51435,97349,4014,Low
12/31/2020,5 Series,2020,North America,Grey,Petrol,Automatic,4.4,195028,90111,6440,High
12/31/2024,3 Series,2024,Asia,Grey,Hybrid,Manual,2.3,18037,116887,11985,High
12/31/2018,5 Series,2018,North America,Silver,Diesel,Manual,3.2,120151,80272,6515,High
12/31/2013,M3,2013,Europe,Silver,Electric,Automatic,4.7,150649,90375,2157,Low
12/31/2024,X5,2024,North America,Silver,Electric,Automatic,4.2,19182,149572,6569,High
12/31/2020,M5,2020,Middle East,Black,Hybrid,Manual,1.5,155169,117229,1932,Low
12/31/2010,i3,2010,North America,Black,Diesel,Automatic,3.1,68807,42563,5070,High
12/31/2011,7 Series,2011,South America,Grey,Hybrid,Manual,1.5,174736,63414,257,Low
12/31/2022,7 Series,2022,Africa,Blue,Petrol,Manual,2.5,98909,123791,794,Low
12/31/2010,X1,2010,Middle East,Red,Petrol,Automatic,3,179179,25000,4234,Low
12/31/2017,5 Series,2017,South America,White,Electric,Automatic,4.6,53627,109034,4136,Low
12/31/2018,M5,2018,South America,Red,Diesel,Automatic,3.8,59101,126835,601,Low
12/31/2019,M5,2019,Africa,White,Hybrid,Manual,2.8,21761,138460,983,Low
12/31/2021,5 Series,2021,Asia,Black,Hybrid,Manual,3.2,152207,100472,6822,High
12/31/2015,M3,2015,North America,Grey,Hybrid,Automatic,4.4,177349,88619,2150,Low
12/31/2011,i3,2011,North America,Grey,Diesel,Automatic,2.5,81908,40323,4211,Low
12/31/2015,7 Series,2015,South America,Silver,Petrol,Manual,3.7,12369,112736,109,Low
12/31/2018,M5,2018,Middle East,Blue,Hybrid,Automatic,2.4,30796,145964,1065,Low
12/31/2021,X5,2021,Africa,White,Diesel,Automatic,3.2,19362,106155,3659,Low
12/31/2012,X3,2012,Africa,White,Petrol,Automatic,1.6,74169,42609,4693,Low
12/31/2018,i8,2018,Asia,Grey,Diesel,Manual,4.5,81795,150001,50,Low
12/31/2011,i8,2011,South America,Blue,Electric,Automatic,1.7,87303,113354,50,Low
12/31/2020,M5,2020,North America,Blue,Diesel,Automatic,2.3,179530,105862,2063,Low
12/31/2014,M5,2014,Asia,Red,Diesel,Manual,2.7,143762,85425,1435,Low
12/31/2020,M5,2020,Middle East,Blue,Hybrid,Automatic,3.7,82873,143622,1326,Low
12/31/2011,X1,2011,Europe,Red,Electric,Manual,4,4802,74302,6773,High
12/31/2016,X1,2016,North America,Black,Hybrid,Automatic,1.8,136041,54867,7623,High
12/31/2020,5 Series,2020,Middle East,Blue,Diesel,Automatic,1.7,61859,88613,5443,High
12/31/2019,7 Series,2019,North America,Grey,Diesel,Automatic,4.3,150720,110604,1322,Low
12/31/2024,X6,2024,North America,Grey,Petrol,Manual,4,61542,139704,4335,Low
12/31/2018,X6,2018,Africa,Grey,Diesel,Manual,4.4,84538,100691,2152,Low
12/31/2016,X1,2016,Europe,Red,Diesel,Manual,3.9,179689,44980,6768,High
12/31/2021,i3,2021,Europe,Black,Electric,Manual,4.1,82402,101117,4750,Low
12/31/2014,M3,2014,Asia,Red,Electric,Automatic,2.8,12020,101949,2060,Low
12/31/2024,M5,2024,Africa,Blue,Diesel,Automatic,3.6,45578,158379,850,Low
12/31/2013,X6,2013,Asia,Silver,Petrol,Manual,4.3,106797,76858,4437,Low
12/31/2021,3 Series,2021,Africa,Silver,Diesel,Automatic,2.1,76891,73614,5543,High
12/31/2013,X5,2013,Africa,White,Diesel,Automatic,3,5190,79621,2472,Low
12/31/2024,X6,2024,Asia,White,Diesel,Manual,4.1,179461,108399,4986,Low
12/31/2019,M3,2019,Middle East,Silver,Diesel,Automatic,3.4,31712,114796,1811,Low
12/31/2017,M3,2017,South America,Silver,Hybrid,Automatic,3.9,169916,86854,1400,Low
12/31/2019,X6,2019,Africa,Blue,Hybrid,Automatic,2.5,133947,92913,2492,Low
12/31/2022,X3,2022,Asia,Grey,Hybrid,Manual,1.6,146590,80581,8999,High
12/31/2019,M3,2019,South America,Red,Petrol,Manual,1.6,190682,67202,1999,Low
12/31/2023,i8,2023,North America,White,Electric,Automatic,4.8,186390,170638,686,Low
12/31/2019,i8,2019,Africa,White,Electric,Manual,4.8,155520,156035,50,Low
12/31/2019,5 Series,2019,Middle East,White,Electric,Automatic,2.2,76456,106727,5077,High
12/31/2019,M3,2019,North America,White,Petrol,Automatic,2,61785,94825,2884,Low
12/31/2010,X6,2010,Africa,Black,Hybrid,Automatic,1.6,181283,45769,1441,Low
12/31/2014,M3,2014,Middle East,Silver,Electric,Manual,2.3,36024,96505,1327,Low
12/31/2023,X5,2023,Europe,Grey,Petrol,Automatic,2.7,170530,95347,15000,High
12/31/2011,M3,2011,North America,Silver,Hybrid,Automatic,2.3,32817,78598,1809,Low
12/31/2022,i3,2022,North America,Blue,Diesel,Manual,4.3,37742,99262,4900,Low
12/31/2020,X3,2020,Asia,Red,Diesel,Manual,4.1,72500,95990,9124,High
12/31/2018,i3,2018,Middle East,Blue,Hybrid,Manual,1.8,84213,73631,4097,Low
12/31/2016,X5,2016,Asia,Black,Diesel,Manual,3.9,57513,91692,5802,High
12/31/2019,M5,2019,Africa,Silver,Electric,Manual,3.3,179348,118556,1311,Low
12/31/2017,3 Series,2017,Europe,Silver,Petrol,Automatic,2,51357,70621,8336,High
12/31/2015,X1,2015,North America,Silver,Petrol,Automatic,4.1,101116,63494,8035,High
12/31/2018,X6,2018,Asia,Red,Electric,Manual,1.8,147006,91140,4768,Low
12/31/2015,X3,2015,South America,Black,Petrol,Manual,2.1,97317,50529,5393,High
12/31/2016,X3,2016,South America,Black,Electric,Manual,2,177193,53169,5454,High
12/31/2016,X5,2016,Africa,Red,Petrol,Manual,4.8,145273,82302,2972,Low
12/31/2018,5 Series,2018,North America,Red,Petrol,Automatic,3.9,170589,78667,7619,High
12/31/2020,7 Series,2020,Europe,Blue,Hybrid,Automatic,2.9,123929,123015,1920,Low
12/31/2017,5 Series,2017,Asia,White,Diesel,Manual,4.4,168709,74869,6826,High
12/31/2022,X5,2022,Africa,Black,Diesel,Automatic,2.3,87510,93970,4129,Low
12/31/2010,X6,2010,Middle East,Red,Diesel,Manual,4.8,51078,85434,1681,Low
12/31/2013,M3,2013,North America,Blue,Petrol,Automatic,3.9,4990,98445,2149,Low
12/31/2016,X1,2016,North America,Grey,Diesel,Automatic,3.5,118876,53831,7842,High
12/31/2020,X5,2020,Asia,Black,Petrol,Automatic,4.3,76267,106688,6646,High
12/31/2017,M5,2017,Africa,Silver,Electric,Manual,3.8,82323,136665,50,Low
12/31/2016,X5,2016,Europe,Red,Electric,Manual,4.6,65994,109124,5285,High
12/31/2021,X6,2021,Europe,Red,Electric,Manual,4.4,82053,137107,4114,Low
12/31/2012,X1,2012,South America,Red,Petrol,Automatic,2.2,144083,25000,5092,High
12/31/2024,5 Series,2024,North America,White,Electric,Automatic,2.3,37553,129732,7647,High
12/31/2013,5 Series,2013,South America,Silver,Electric,Automatic,1.7,138461,59316,3949,Low
12/31/2021,M5,2021,Africa,Red,Electric,Automatic,2.3,176207,127730,1199,Low
12/31/2016,5 Series,2016,Europe,Blue,Hybrid,Automatic,2.7,93103,87449,5726,High
12/31/2017,X5,2017,Middle East,Black,Diesel,Manual,1.6,121847,67123,4658,Low
12/31/2016,i3,2016,Europe,White,Electric,Manual,2.6,122272,68676,5016,High
12/31/2015,i8,2015,Africa,Blue,Electric,Automatic,4.2,190804,130591,50,Low
12/31/2018,7 Series,2018,Europe,Blue,Hybrid,Manual,4.4,119778,119589,1615,Low
12/31/2018,3 Series,2018,Asia,Silver,Petrol,Automatic,1.5,135093,53659,9947,High
12/31/2020,X6,2020,Middle East,Grey,Hybrid,Automatic,1.5,163456,99728,3849,Low
12/31/2022,5 Series,2022,South America,White,Electric,Manual,2,60569,111842,4323,Low
12/31/2016,5 Series,2016,Africa,Blue,Diesel,Automatic,4.6,38003,90145,3319,Low
12/31/2017,3 Series,2017,South America,Red,Diesel,Automatic,3.1,80611,67833,6578,High
12/31/2015,3 Series,2015,Asia,Red,Petrol,Manual,4.9,155098,59157,10763,High
12/31/2010,X5,2010,North America,White,Electric,Automatic,4.6,89717,81441,5263,High
12/31/2010,7 Series,2010,North America,Grey,Diesel,Automatic,4.6,18000,44337,1116,Low
12/31/2015,X6,2015,Asia,Blue,Hybrid,Manual,1.9,32059,99599,3685,Low
12/31/2011,M5,2011,North America,Blue,Diesel,Manual,3.2,188174,72850,1307,Low
12/31/2023,X5,2023,Africa,Grey,Petrol,Automatic,5,103061,118943,2935,Low
12/31/2017,i3,2017,Europe,Silver,Diesel,Manual,2,59161,64585,4201,Low
12/31/2010,M5,2010,Asia,Red,Hybrid,Automatic,3.5,112264,98287,909,Low
12/31/2022,X3,2022,Europe,Black,Diesel,Manual,2.7,110624,85493,9165,High
12/31/2011,M3,2011,South America,Black,Hybrid,Automatic,2.9,59963,76387,799,Low
12/31/2017,M3,2017,Europe,Black,Diesel,Automatic,4.6,14010,110047,2436,Low
12/31/2021,i3,2021,Africa,Red,Diesel,Manual,3.6,45970,93441,2612,Low
12/31/2015,i8,2015,North America,Blue,Electric,Automatic,4.2,73211,152892,50,Low
12/31/2021,i3,2021,Africa,Red,Electric,Automatic,3.9,7828,115440,3281,Low
12/31/2019,X6,2019,Asia,Silver,Petrol,Automatic,3.4,189185,88038,5205,High
12/31/2011,X5,2011,North America,Black,Electric,Manual,4.3,32778,90045,4322,Low
12/31/2011,X5,2011,Africa,Red,Petrol,Automatic,4.9,93874,73478,2569,Low
12/31/2020,X1,2020,South America,Black,Hybrid,Automatic,4.9,167665,84218,5236,High
12/31/2023,M3,2023,Asia,White,Hybrid,Automatic,4.3,178563,114598,3798,Low
12/31/2016,5 Series,2016,Middle East,White,Petrol,Manual,3.2,98183,74339,5198,High
12/31/2014,M5,2014,Middle East,White,Hybrid,Automatic,2.1,31790,122695,223,Low
12/31/2014,X3,2014,Asia,Blue,Hybrid,Automatic,1.7,49416,69202,9379,High
12/31/2017,M3,2017,Asia,Black,Petrol,Automatic,2.3,149223,76777,2870,Low
12/31/2021,M3,2021,South America,Grey,Hybrid,Manual,2.7,76969,108126,2066,Low
12/31/2021,M3,2021,Europe,Black,Diesel,Manual,2,132224,88745,3283,Low
12/31/2016,M3,2016,North America,Red,Diesel,Manual,2.3,30680,83196,3032,Low
12/31/2021,7 Series,2021,Europe,Blue,Diesel,Manual,1.8,20591,122164,1365,Low
12/31/2023,X6,2023,South America,White,Hybrid,Automatic,3.3,138957,175925,2602,Low
12/31/2018,i8,2018,Asia,White,Hybrid,Manual,1.9,177249,122555,825,Low
12/31/2013,7 Series,2013,Asia,Red,Petrol,Manual,4.1,128584,39644,1687,Low
12/31/2019,5 Series,2019,Europe,Black,Petrol,Automatic,2.7,187197,67621,7938,High
12/31/2013,i3,2013,Middle East,Silver,Diesel,Automatic,3.9,135649,50084,3602,Low
12/31/2011,X1,2011,Africa,Grey,Electric,Automatic,4.6,195695,40190,3453,Low
12/31/2012,i8,2012,Africa,White,Petrol,Manual,1.8,48144,108756,50,Low
12/31/2010,M5,2010,North America,White,Petrol,Automatic,5,164197,92416,847,Low
12/31/2010,X5,2010,North America,Blue,Hybrid,Automatic,3.8,1186,93819,5304,High
12/31/2016,i8,2016,South America,Blue,Hybrid,Automatic,1.7,44133,144293,50,Low
12/31/2023,5 Series,2023,Asia,Silver,Hybrid,Manual,2.6,92018,109047,8008,High
12/31/2023,5 Series,2023,Europe,Black,Petrol,Automatic,4.6,85695,112696,6423,High
12/31/2014,i8,2014,North America,Grey,Diesel,Automatic,3.6,136302,124902,50,Low
12/31/2012,i3,2012,Asia,Blue,Electric,Automatic,2.5,2465,75809,4102,Low
12/31/2016,M5,2016,South America,Blue,Hybrid,Automatic,4.8,188787,112644,440,Low
12/31/2023,3 Series,2023,South America,White,Electric,Manual,4.3,188797,92377,7252,High
12/31/2011,i8,2011,Europe,Silver,Petrol,Automatic,4.1,39154,123363,50,Low
12/31/2012,7 Series,2012,Middle East,Silver,Petrol,Manual,4.6,88439,104453,50,Low
12/31/2010,M5,2010,South America,Blue,Electric,Manual,4.2,25264,115944,50,Low
12/31/2017,M5,2017,North America,Blue,Petrol,Manual,2.5,127941,107220,1824,Low
12/31/2011,3 Series,2011,Middle East,Grey,Diesel,Manual,3.5,105829,41657,5713,High
12/31/2024,M5,2024,Asia,White,Petrol,Manual,4.4,6340,175909,1710,Low
12/31/2016,5 Series,2016,Middle East,White,Electric,Automatic,2.1,150285,75034,5126,High
12/31/2020,i8,2020,Africa,White,Diesel,Manual,2.1,58633,139588,50,Low
12/31/2018,i8,2018,South America,Black,Diesel,Automatic,2.1,70045,129844,50,Low
12/31/2015,5 Series,2015,South America,Red,Petrol,Manual,2.2,99659,60566,3689,Low
12/31/2011,M3,2011,Africa,White,Hybrid,Manual,1.9,110503,58279,985,Low
12/31/2011,X1,2011,Middle East,Black,Hybrid,Automatic,4.4,165824,46329,4134,Low
12/31/2018,i3,2018,Africa,Black,Electric,Automatic,4.4,134747,84501,3404,Low
12/31/2019,X3,2019,Asia,Blue,Electric,Automatic,2,86964,93857,10727,High
12/31/2017,M3,2017,Europe,Blue,Petrol,Automatic,4,61587,102928,2393,Low
12/31/2023,M5,2023,Africa,White,Electric,Automatic,3.7,175767,146762,1303,Low
12/31/2023,X1,2023,Asia,Blue,Petrol,Automatic,2.5,49178,95038,8503,High
12/31/2023,X6,2023,Asia,Blue,Electric,Manual,2.3,110793,126872,964,Low
12/31/2018,X6,2018,South America,Red,Diesel,Automatic,2.4,96602,89175,2630,Low
12/31/2013,i8,2013,Asia,Blue,Petrol,Automatic,4.1,4513,139753,50,Low
12/31/2013,5 Series,2013,South America,Grey,Diesel,Automatic,2.6,133481,48536,3991,Low
12/31/2024,i3,2024,Africa,Silver,Electric,Automatic,2.5,56726,114350,3239,Low
12/31/2024,7 Series,2024,Asia,Red,Petrol,Manual,1.6,115889,129024,2218,Low
12/31/2011,X1,2011,Africa,Black,Petrol,Manual,4.7,35351,52765,3199,Low
12/31/2023,X5,2023,Asia,White,Diesel,Automatic,4.1,36862,132934,6967,High
12/31/2019,i3,2019,Africa,Black,Hybrid,Manual,3.2,69707,85150,3083,Low
12/31/2010,i8,2010,Asia,Blue,Petrol,Manual,4.8,123489,113521,50,Low
12/31/2019,M5,2019,South America,Black,Diesel,Automatic,2.5,46560,128376,792,Low
12/31/2022,X1,2022,Africa,Red,Electric,Manual,3.9,46433,109186,4351,Low
12/31/2013,X5,2013,Asia,Silver,Electric,Automatic,2.6,22763,91799,5386,High
12/31/2019,M3,2019,Middle East,Grey,Petrol,Manual,2.6,53002,102738,1696,Low
12/31/2019,7 Series,2019,Asia,White,Hybrid,Automatic,4.5,48764,144970,3704,Low
12/31/2020,X1,2020,North America,Blue,Diesel,Automatic,4.3,79387,87442,7863,High
12/31/2017,X1,2017,South America,Grey,Petrol,Automatic,2.5,158666,44836,5628,High
12/31/2011,3 Series,2011,Asia,Grey,Petrol,Manual,1.8,127070,25883,10290,High
12/31/2022,X5,2022,South America,White,Hybrid,Manual,2.8,182493,93830,4023,Low
12/31/2021,5 Series,2021,North America,Grey,Diesel,Manual,4.2,154517,93210,8175,High
12/31/2020,M5,2020,South America,Blue,Hybrid,Automatic,1.9,162951,111115,1602,Low
12/31/2017,i8,2017,Middle East,White,Electric,Automatic,3.9,139758,152227,50,Low
12/31/2010,X3,2010,Middle East,Black,Hybrid,Manual,4.6,97465,62453,4492,Low
12/31/2024,X3,2024,Europe,Red,Diesel,Manual,2.1,118018,89312,8977,High
12/31/2010,7 Series,2010,Europe,Red,Hybrid,Manual,4.5,89941,98768,261,Low
12/31/2013,i8,2013,North America,Blue,Electric,Manual,1.7,124645,121413,50,Low
12/31/2016,X1,2016,Europe,Grey,Electric,Manual,3.8,192277,55311,6939,High
12/31/2018,M5,2018,Europe,Silver,Petrol,Manual,4.3,87664,128474,1492,Low
12/31/2014,M3,2014,Middle East,Grey,Petrol,Manual,3.1,22176,87479,1284,Low
12/31/2011,M3,2011,Middle East,Red,Electric,Automatic,2.2,194756,58147,1171,Low
12/31/2021,3 Series,2021,Middle East,Black,Hybrid,Manual,4.7,167539,92280,7803,High
12/31/2016,i8,2016,South America,Blue,Petrol,Automatic,1.6,108321,112085,50,Low
12/31/2020,M5,2020,North America,Grey,Hybrid,Manual,3.4,36189,145533,2131,Low
12/31/2011,X3,2011,Asia,Blue,Diesel,Manual,2.8,104636,38778,9759,High
12/31/2018,X5,2018,Europe,Grey,Electric,Manual,3.1,35394,114381,5331,High
12/31/2018,M3,2018,North America,White,Electric,Automatic,3.4,100655,114103,2638,Low
12/31/2012,M5,2012,North America,Red,Electric,Manual,3.4,133626,106538,948,Low
12/31/2022,i3,2022,Africa,Blue,Electric,Automatic,2.2,141056,84828,3564,Low
12/31/2017,X6,2017,North America,Grey,Petrol,Manual,3.9,34709,107343,4074,Low
12/31/2020,3 Series,2020,North America,Black,Electric,Automatic,1.6,95097,83978,9734,High
12/31/2013,X6,2013,North America,Grey,Electric,Manual,1.6,55389,86096,3945,Low
12/31/2012,X6,2012,Europe,Red,Hybrid,Manual,3.2,66729,86190,2908,Low
12/31/2010,M5,2010,Africa,Blue,Electric,Manual,3.4,9247,107228,50,Low
12/31/2014,X5,2014,Asia,Grey,Diesel,Manual,2.5,149477,53080,6041,High
12/31/2022,X5,2022,Europe,Black,Hybrid,Automatic,3.4,46058,126661,5457,High
12/31/2023,3 Series,2023,Asia,Black,Petrol,Manual,3.3,44149,59354,12294,High
12/31/2020,i8,2020,North America,Silver,Hybrid,Automatic,2.7,7073,178213,231,Low
12/31/2013,3 Series,2013,Africa,Blue,Petrol,Manual,3.8,137098,44940,4184,Low
12/31/2010,M3,2010,South America,Blue,Petrol,Manual,4.9,133357,62345,911,Low
12/31/2019,X6,2019,South America,Blue,Diesel,Automatic,3.2,181895,83425,2974,Low
12/31/2017,X3,2017,North America,White,Diesel,Automatic,4.3,74190,81650,7683,High
12/31/2017,i3,2017,Asia,Black,Petrol,Automatic,2.4,119845,62707,6047,High
12/31/2022,M3,2022,Europe,Black,Hybrid,Manual,4.2,132285,114953,3870,Low
12/31/2017,5 Series,2017,Middle East,Grey,Electric,Automatic,3.8,105201,101210,4625,Low
12/31/2012,X3,2012,Asia,White,Diesel,Manual,3.7,57200,57200,8620,High
12/31/2015,3 Series,2015,North America,Black,Petrol,Automatic,4.6,166300,60069,10187,High
12/31/2021,X1,2021,Europe,Silver,Petrol,Manual,2.3,178120,56318,7291,High
12/31/2021,X1,2021,South America,White,Hybrid,Manual,2.8,69907,90086,5756,High
12/31/2016,X1,2016,Asia,Red,Petrol,Automatic,1.8,164140,37600,8684,High
12/31/2018,X1,2018,Africa,Blue,Petrol,Automatic,4,137596,62192,4921,Low
12/31/2014,X1,2014,Middle East,Red,Electric,Automatic,4.5,181865,57694,4587,Low
12/31/2018,X6,2018,Europe,Red,Diesel,Automatic,2.9,28223,101168,3913,Low
12/31/2015,i3,2015,Europe,Red,Diesel,Manual,2.7,185930,37125,4863,Low
12/31/2019,X1,2019,South America,Black,Petrol,Automatic,3.8,130167,71201,4818,Low
12/31/2019,7 Series,2019,Europe,Silver,Diesel,Automatic,1.8,139489,95471,1652,Low
12/31/2019,M3,2019,Africa,Red,Electric,Manual,2.5,117790,101706,2212,Low
12/31/2013,M3,2013,Asia,Red,Diesel,Manual,2.8,132956,60856,2533,Low
12/31/2022,X5,2022,Europe,Red,Petrol,Manual,3.3,48152,108852,6821,High
12/31/2010,X5,2010,Asia,Silver,Petrol,Automatic,3.2,133623,52575,5776,High
12/31/2010,3 Series,2010,Asia,Red,Electric,Automatic,2.2,148170,37418,8414,High
12/31/2023,i3,2023,Africa,Black,Diesel,Manual,3.4,170497,75279,3683,Low
12/31/2019,i3,2019,Asia,Grey,Hybrid,Automatic,4.7,172584,80650,6355,High
12/31/2014,3 Series,2014,Asia,Red,Hybrid,Manual,1.6,182401,38318,11298,High
12/31/2022,5 Series,2022,Middle East,Red,Diesel,Manual,3.9,29285,112097,5641,High
12/31/2023,i8,2023,Middle East,White,Electric,Automatic,3.7,125108,187103,228,Low
12/31/2012,X3,2012,Europe,Black,Electric,Manual,4.7,177601,62137,6656,High
12/31/2014,X3,2014,Europe,White,Hybrid,Manual,3.8,184007,54831,7952,High
12/31/2014,M3,2014,Middle East,Silver,Electric,Manual,3.7,129246,90876,1477,Low
12/31/2010,i8,2010,Africa,Red,Diesel,Manual,4.2,125045,99268,50,Low
12/31/2023,7 Series,2023,South America,White,Electric,Automatic,2.4,134936,132323,1674,Low
12/31/2017,X3,2017,Europe,Blue,Electric,Automatic,3.6,10213,101768,8048,High
12/31/2014,X1,2014,Middle East,Silver,Diesel,Automatic,3.3,83033,52656,4499,Low
12/31/2014,i3,2014,Asia,Black,Hybrid,Automatic,3,89453,66282,5528,High
12/31/2018,i8,2018,South America,White,Petrol,Manual,1.8,51604,130821,50,Low
12/31/2017,i8,2017,South America,Grey,Electric,Manual,2.5,69334,148396,50,Low
12/31/2022,7 Series,2022,Middle East,Red,Petrol,Manual,2.5,92003,132353,1110,Low
12/31/2010,M3,2010,Asia,Black,Diesel,Automatic,4,56627,70924,1907,Low
12/31/2012,i3,2012,South America,Blue,Petrol,Automatic,4.7,89147,55928,2627,Low
12/31/2021,M3,2021,North America,Blue,Diesel,Automatic,2.3,157231,91839,3022,Low
12/31/2016,X5,2016,Middle East,Silver,Electric,Automatic,1.8,122743,86928,4000,Low
12/31/2010,3 Series,2010,Europe,Silver,Electric,Manual,5,79196,69618,7034,High
12/31/2010,3 Series,2010,Europe,Grey,Hybrid,Manual,3.9,40986,62306,7155,High
12/31/2014,X6,2014,Middle East,White,Petrol,Automatic,4.6,175643,77644,2554,Low
12/31/2018,5 Series,2018,South America,Blue,Diesel,Manual,2,181133,56147,4805,Low
12/31/2015,5 Series,2015,Africa,White,Electric,Automatic,4.3,93197,93181,3253,Low
12/31/2019,X6,2019,Europe,White,Petrol,Manual,4.3,46327,114184,4266,Low
12/31/2011,5 Series,2011,Africa,Red,Petrol,Automatic,2,7485,61180,3067,Low
12/31/2020,M5,2020,South America,Blue,Petrol,Manual,2.1,88231,114597,1161,Low
12/31/2018,X5,2018,Europe,Black,Electric,Automatic,2.5,176374,87976,6865,High
12/31/2015,X3,2015,South America,Red,Petrol,Automatic,2.3,102662,54060,5841,High
12/31/2014,i3,2014,Africa,Silver,Electric,Manual,4.9,101459,76886,1862,Low
12/31/2014,X5,2014,Europe,Black,Diesel,Manual,2.8,91819,65154,5433,High
12/31/2024,X1,2024,Europe,White,Electric,Automatic,4.2,145658,99744,7997,High
12/31/2021,M5,2021,Europe,Blue,Hybrid,Automatic,4.3,126281,143884,1808,Low
12/31/2012,3 Series,2012,South America,White,Electric,Automatic,2.9,129893,52149,5636,High
12/31/2023,5 Series,2023,Asia,White,Petrol,Automatic,3.9,171004,103360,7297,High
12/31/2015,X3,2015,Africa,White,Diesel,Manual,1.9,3980,62528,5055,High
12/31/2024,X6,2024,North America,Blue,Diesel,Manual,2.9,64076,125272,4697,Low
12/31/2024,7 Series,2024,Middle East,Black,Diesel,Manual,4.9,103111,149893,1126,Low
12/31/2022,7 Series,2022,Asia,White,Diesel,Automatic,2.1,136542,119398,1824,Low
12/31/2013,X3,2013,Africa,Red,Electric,Manual,2.8,8080,74576,4327,Low
12/31/2022,X1,2022,South America,Grey,Petrol,Automatic,4.3,32367,99845,4716,Low
12/31/2021,i3,2021,North America,White,Electric,Manual,3.8,63253,105980,5550,High
12/31/2019,X1,2019,Middle East,Blue,Electric,Automatic,3.7,184913,72770,5728,High
12/31/2023,M5,2023,North America,Grey,Diesel,Manual,4.5,5764,157201,1531,Low
12/31/2024,X3,2024,Europe,White,Diesel,Automatic,1.6,76240,96200,7772,High
12/31/2011,3 Series,2011,North America,Silver,Hybrid,Automatic,4.2,80197,61555,8138,High
12/31/2022,i8,2022,North America,White,Hybrid,Manual,4.6,171640,172198,589,Low
12/31/2012,X3,2012,Middle East,Grey,Petrol,Manual,1.6,46004,49872,6005,High
12/31/2018,X3,2018,North America,Blue,Petrol,Manual,3.5,81988,79982,9815,High
12/31/2020,5 Series,2020,Middle East,Blue,Diesel,Automatic,2.7,66974,96290,5026,High
12/31/2020,5 Series,2020,Africa,Silver,Electric,Automatic,1.7,123754,89954,4533,Low
12/31/2018,X1,2018,South America,Grey,Petrol,Automatic,3,21165,76872,4205,Low
12/31/2015,5 Series,2015,Africa,Grey,Diesel,Automatic,3.8,53686,82674,3602,Low
12/31/2019,5 Series,2019,Africa,Silver,Diesel,Automatic,4.7,126141,84934,3373,Low
12/31/2019,X1,2019,Europe,Black,Hybrid,Automatic,3.7,10509,96782,8587,High
12/31/2023,3 Series,2023,South America,White,Petrol,Manual,4.5,152316,88724,7238,High
12/31/2018,M5,2018,Africa,Black,Diesel,Manual,1.9,168274,88924,1042,Low
12/31/2013,3 Series,2013,Africa,Silver,Diesel,Manual,2.2,68241,44651,4444,Low
12/31/2020,X3,2020,Europe,Silver,Petrol,Manual,4.9,25020,107947,7381,High
12/31/2014,X6,2014,Middle East,White,Diesel,Automatic,4.6,76355,95822,1881,Low
12/31/2019,M3,2019,Asia,Blue,Electric,Automatic,2.3,123687,98520,3520,Low
12/31/2015,M3,2015,Europe,Blue,Hybrid,Manual,3.7,55923,100968,2018,Low
12/31/2022,3 Series,2022,South America,White,Electric,Automatic,2.8,111971,92829,7695,High
12/31/2024,i3,2024,Africa,Silver,Petrol,Automatic,3.1,132601,91270,3848,Low
12/31/2018,M5,2018,Europe,Red,Hybrid,Manual,4.5,199612,119063,1862,Low
12/31/2022,X6,2022,Africa,Blue,Hybrid,Manual,4.1,69797,123296,2997,Low
12/31/2014,i3,2014,Africa,Blue,Electric,Automatic,2.3,146728,53181,2194,Low
12/31/2017,3 Series,2017,Europe,White,Electric,Automatic,2.6,118914,71374,9576,High
12/31/2020,M3,2020,South America,Black,Electric,Manual,2.5,30182,117229,2136,Low
12/31/2010,5 Series,2010,Asia,Silver,Electric,Automatic,4.2,193037,56559,6398,High
12/31/2014,3 Series,2014,South America,Grey,Petrol,Automatic,3.2,161043,41943,5592,High
12/31/2019,X5,2019,Asia,White,Hybrid,Automatic,4.8,156238,106575,6636,High
12/31/2010,M3,2010,Europe,Red,Petrol,Manual,4.4,109595,65869,1947,Low
12/31/2019,i3,2019,Asia,Silver,Petrol,Automatic,2.2,193611,52671,6105,High
12/31/2023,X6,2023,Europe,Silver,Electric,Automatic,4.3,3363,154076,4081,Low
12/31/2015,M5,2015,South America,Grey,Petrol,Manual,3.3,7548,116817,301,Low
12/31/2016,i3,2016,Europe,Blue,Electric,Manual,2.4,74659,74707,4917,Low
12/31/2021,i8,2021,Europe,Blue,Hybrid,Manual,2.8,137028,67151,1719,Low
12/31/2023,X3,2023,South America,Red,Electric,Automatic,4.9,806,142296,5112,High
12/31/2014,M5,2014,North America,Red,Diesel,Manual,3.2,64909,158557,390,Low
12/31/2010,M5,2010,North America,Black,Electric,Automatic,4,120699,105299,565,Low
12/31/2015,5 Series,2015,North America,White,Diesel,Manual,3.2,187261,52624,7248,High
12/31/2019,i3,2019,Europe,Black,Petrol,Manual,2.8,179207,55106,5998,High
12/31/2014,X1,2014,Africa,White,Electric,Manual,4.3,89957,68920,3788,Low
12/31/2015,X5,2015,North America,Grey,Electric,Automatic,4.5,91404,106642,5421,High
12/31/2020,i8,2020,Africa,Grey,Electric,Automatic,1.8,53703,156798,50,Low
12/31/2019,i3,2019,South America,Grey,Hybrid,Manual,2.5,100151,73200,3612,Low
12/31/2024,7 Series,2024,Middle East,Black,Hybrid,Manual,3.3,119848,146779,1788,Low
12/31/2016,M5,2016,Middle East,Blue,Diesel,Manual,2.6,65970,112269,673,Low
12/31/2016,i3,2016,Africa,Grey,Diesel,Manual,4.2,66892,67503,2507,Low
12/31/2011,3 Series,2011,Africa,Black,Diesel,Automatic,1.9,17680,44480,5134,High
12/31/2024,X3,2024,Middle East,Red,Electric,Automatic,4.3,92925,125751,6743,High
12/31/2021,X5,2021,Africa,Red,Diesel,Automatic,3.7,194968,85003,3131,Low
12/31/2012,M3,2012,Africa,Blue,Diesel,Manual,2.5,25148,66858,977,Low
12/31/2021,7 Series,2021,Asia,Red,Petrol,Manual,2.7,119023,112823,1929,Low
12/31/2015,M3,2015,Europe,Blue,Hybrid,Manual,2.1,69387,82991,2145,Low
12/31/2012,M3,2012,Asia,Grey,Electric,Manual,2.4,101415,73276,2654,Low
12/31/2011,M3,2011,Europe,Black,Electric,Manual,4,188968,66043,2439,Low
12/31/2013,3 Series,2013,Africa,Red,Hybrid,Manual,2.8,163265,41791,4509,Low
12/31/2014,7 Series,2014,North America,Grey,Hybrid,Automatic,3.9,136314,109136,717,Low
12/31/2020,3 Series,2020,Africa,Grey,Hybrid,Manual,3.3,163122,78337,6515,High
12/31/2019,X5,2019,Europe,Silver,Hybrid,Automatic,2,194767,80652,6409,High
12/31/2018,X3,2018,Middle East,Silver,Diesel,Automatic,3.2,42654,91050,6109,High
12/31/2012,5 Series,2012,Europe,Silver,Electric,Manual,4.1,44499,86885,6164,High
12/31/2012,i8,2012,Middle East,White,Electric,Automatic,2.5,4558,146859,50,Low
12/31/2015,3 Series,2015,North America,White,Petrol,Manual,3.8,38797,72054,8413,High
12/31/2014,i3,2014,South America,Silver,Petrol,Automatic,2.2,164153,36918,3236,Low
12/31/2015,X6,2015,Middle East,White,Electric,Automatic,2,72584,96559,2115,Low
12/31/2016,X5,2016,North America,Grey,Hybrid,Automatic,2.8,159312,77968,6030,High
12/31/2020,i3,2020,South America,Blue,Petrol,Automatic,2.9,142077,105766,2800,Low
12/31/2012,X6,2012,Middle East,Silver,Electric,Manual,4.2,41938,104024,1899,Low
12/31/2024,i3,2024,North America,Silver,Hybrid,Manual,3.1,37334,117488,5512,High
12/31/2022,X1,2022,North America,White,Hybrid,Automatic,1.8,71019,89233,8212,High
12/31/2014,X6,2014,North America,Grey,Hybrid,Manual,3.7,178093,80617,4214,Low
12/31/2017,X3,2017,North America,Silver,Electric,Automatic,3.1,24862,104438,8188,High
12/31/2013,X6,2013,Europe,Blue,Hybrid,Automatic,2.7,162682,69192,3650,Low
12/31/2019,7 Series,2019,North America,Red,Petrol,Manual,4.3,14113,135115,1153,Low
12/31/2011,M5,2011,South America,Red,Electric,Manual,2,188586,78771,244,Low
12/31/2013,i3,2013,Africa,Red,Hybrid,Automatic,4.7,38947,80662,1855,Low
12/31/2011,M3,2011,Middle East,Silver,Hybrid,Manual,2.7,134491,63022,1324,Low
12/31/2012,i3,2012,Middle East,White,Petrol,Automatic,3.1,91480,51404,2681,Low
12/31/2013,7 Series,2013,North America,Black,Hybrid,Automatic,4.8,141582,111517,613,Low
12/31/2013,X5,2013,Middle East,Silver,Petrol,Automatic,4.2,24813,88370,2933,Low
12/31/2019,X3,2019,North America,Black,Hybrid,Automatic,1.8,169832,66695,10674,High
12/31/2018,M5,2018,Europe,Red,Diesel,Manual,3.5,79826,126747,1261,Low
12/31/2019,5 Series,2019,South America,Grey,Diesel,Automatic,2.6,145002,37214,5213,High
12/31/2015,i8,2015,South America,Blue,Electric,Automatic,3.3,119252,140726,50,Low
12/31/2018,X5,2018,North America,Black,Petrol,Automatic,4.1,39585,107110,6346,High
12/31/2013,i3,2013,Africa,Silver,Petrol,Automatic,3.2,155447,41025,2689,Low
12/31/2018,X3,2018,Middle East,White,Petrol,Manual,1.7,4305,80800,6321,High
12/31/2020,M5,2020,Middle East,Blue,Electric,Manual,3.4,165813,140016,1214,Low
12/31/2022,X5,2022,North America,White,Electric,Manual,1.6,150191,96045,7615,High
12/31/2018,i3,2018,Middle East,White,Electric,Automatic,2.7,175851,75086,3794,Low
12/31/2015,X5,2015,North America,Red,Diesel,Manual,3.2,2437,90777,5641,High
12/31/2014,M5,2014,Asia,Blue,Hybrid,Automatic,3.8,157578,108739,1327,Low
12/31/2012,i3,2012,North America,Grey,Electric,Manual,3.3,119268,55166,4935,Low
12/31/2023,i3,2023,Middle East,Grey,Hybrid,Automatic,2,23575,108961,4365,Low
12/31/2024,i8,2024,North America,Blue,Petrol,Automatic,4.8,57082,190974,136,Low
12/31/2014,X1,2014,North America,Blue,Petrol,Automatic,3.8,8452,72891,7074,High
12/31/2024,M5,2024,Middle East,Black,Petrol,Automatic,2.6,114800,138871,1705,Low
12/31/2012,M3,2012,Middle East,White,Petrol,Manual,4.9,199921,60080,1369,Low
12/31/2014,7 Series,2014,Europe,Black,Hybrid,Manual,4.6,89757,116347,644,Low
12/31/2014,7 Series,2014,South America,Red,Electric,Manual,2,185575,81395,484,Low
12/31/2011,X1,2011,Middle East,Silver,Diesel,Automatic,3.8,188107,25000,4597,Low
12/31/2023,5 Series,2023,Middle East,Silver,Hybrid,Automatic,3.5,134675,115434,5924,High
12/31/2023,X3,2023,South America,White,Hybrid,Automatic,2.2,78400,102307,6850,High
12/31/2018,5 Series,2018,Middle East,Grey,Hybrid,Manual,2.3,182303,76173,5880,High
12/31/2024,M3,2024,Europe,Silver,Electric,Automatic,3.5,4495,158517,2803,Low
12/31/2016,3 Series,2016,Asia,Grey,Hybrid,Automatic,2.6,184295,52936,9705,High
12/31/2023,X1,2023,Asia,Silver,Electric,Automatic,4.4,128457,108287,7625,High
12/31/2015,5 Series,2015,Europe,Red,Hybrid,Manual,1.8,7176,85619,5817,High
12/31/2014,M3,2014,Asia,Red,Electric,Manual,4.7,154196,85140,2871,Low
12/31/2024,X1,2024,Europe,White,Diesel,Automatic,4.4,98466,100976,6783,High
12/31/2013,X3,2013,North America,Blue,Petrol,Manual,4.1,76256,65619,8186,High
12/31/2017,7 Series,2017,North America,Red,Diesel,Automatic,2.4,29681,111235,1211,Low
12/31/2011,M3,2011,North America,Red,Diesel,Automatic,4,65149,76566,2133,Low
12/31/2017,i8,2017,Middle East,Grey,Diesel,Manual,3,66100,141317,50,Low
12/31/2010,i8,2010,Asia,Black,Diesel,Automatic,3.7,109489,112890,50,Low
12/31/2019,i3,2019,North America,Silver,Petrol,Manual,2.6,9916,84547,5082,High
12/31/2010,X6,2010,Europe,Blue,Hybrid,Manual,4.4,115685,73380,3548,Low
12/31/2012,i8,2012,South America,Blue,Diesel,Manual,1.6,45787,101743,50,Low
12/31/2014,M5,2014,Asia,White,Petrol,Automatic,3.9,4971,127107,863,Low
12/31/2023,M3,2023,Africa,Black,Hybrid,Automatic,4.4,39570,144270,1845,Low
12/31/2015,M5,2015,Asia,Red,Electric,Automatic,3.8,91692,133887,1104,Low
12/31/2013,5 Series,2013,North America,Grey,Electric,Manual,2.2,69977,76191,6060,High
12/31/2016,X5,2016,Europe,Silver,Electric,Manual,2.5,56728,99410,6024,High
12/31/2016,i8,2016,South America,Grey,Hybrid,Manual,3.3,14523,150743,50,Low
12/31/2011,M3,2011,Asia,Red,Petrol,Automatic,2.7,146304,54499,2905,Low
12/31/2011,7 Series,2011,Middle East,Blue,Hybrid,Manual,1.5,83634,89842,50,Low
12/31/2011,M3,2011,Asia,Black,Petrol,Manual,1.6,12271,65726,2649,Low
12/31/2024,X6,2024,Asia,Blue,Diesel,Manual,4.2,195931,103984,4471,Low
12/31/2023,7 Series,2023,North America,Red,Electric,Manual,1.8,176121,119878,2558,Low
12/31/2024,7 Series,2024,Africa,Red,Petrol,Automatic,4.7,8413,162330,526,Low
12/31/2011,X1,2011,Middle East,Blue,Electric,Manual,3,68163,54657,4886,Low
12/31/2022,X3,2022,Europe,Red,Electric,Manual,4.2,48309,127013,9356,High
12/31/2018,i8,2018,Europe,Blue,Hybrid,Automatic,1.9,170914,123057,653,Low
12/31/2023,M3,2023,Middle East,Grey,Petrol,Automatic,4.7,131690,127738,1960,Low
12/31/2014,7 Series,2014,Europe,Blue,Petrol,Manual,1.6,125252,77483,1198,Low
12/31/2020,M3,2020,South America,Red,Diesel,Automatic,1.6,84035,91469,1843,Low
12/31/2017,X3,2017,Middle East,Blue,Petrol,Automatic,1.7,185084,46791,6050,High
12/31/2014,M3,2014,North America,Red,Diesel,Automatic,1.9,192511,47759,3070,Low
12/31/2022,5 Series,2022,Africa,Grey,Petrol,Automatic,3.2,110235,99335,3877,Low
12/31/2020,M5,2020,Africa,Blue,Petrol,Automatic,4.3,37206,137346,600,Low
12/31/2014,3 Series,2014,Middle East,Grey,Electric,Automatic,2.5,25847,84045,6477,High
12/31/2010,M5,2010,Asia,Red,Diesel,Manual,4.1,2369,103429,717,Low
12/31/2015,X6,2015,Europe,Red,Hybrid,Manual,4.2,101083,101172,3433,Low
12/31/2013,M5,2013,Europe,Black,Electric,Automatic,4.7,148457,113483,763,Low
12/31/2024,i3,2024,Africa,White,Hybrid,Automatic,2,154634,83675,4293,Low
12/31/2012,5 Series,2012,North America,Red,Hybrid,Automatic,2,86877,62234,5800,High
12/31/2015,X3,2015,South America,White,Petrol,Automatic,1.9,180821,53289,4843,Low
12/31/2011,X6,2011,Africa,Blue,Hybrid,Manual,2.8,135292,59929,1399,Low
12/31/2017,X1,2017,Middle East,Black,Petrol,Automatic,3.2,113640,62219,6119,High
12/31/2010,M3,2010,Europe,Blue,Electric,Automatic,3.1,147920,62639,1765,Low
12/31/2021,X6,2021,Africa,Blue,Diesel,Automatic,2.4,61719,101443,2409,Low
12/31/2018,i8,2018,Middle East,Red,Diesel,Manual,3.7,7397,165634,50,Low
12/31/2017,3 Series,2017,North America,Blue,Electric,Automatic,2.7,24931,90806,8211,High
12/31/2010,i3,2010,Africa,Grey,Hybrid,Manual,2.8,158677,31411,2315,Low
12/31/2019,i8,2019,South America,Red,Diesel,Automatic,1.9,189900,118089,70,Low
12/31/2021,M3,2021,South America,Black,Petrol,Manual,3.6,73817,108209,1631,Low
12/31/2024,X6,2024,North America,Blue,Hybrid,Automatic,3.8,99812,83445,5565,High
12/31/2018,i8,2018,Middle East,Red,Petrol,Manual,4.2,127058,144044,50,Low
12/31/2011,M5,2011,Asia,Grey,Diesel,Manual,4.7,174162,82679,1188,Low
12/31/2012,X1,2012,Europe,White,Electric,Automatic,4.2,148084,56463,5872,High
12/31/2011,X1,2011,South America,White,Petrol,Automatic,2.3,73616,35519,3969,Low
12/31/2022,X6,2022,North America,Silver,Petrol,Manual,2.3,16870,116952,3971,Low
12/31/2023,X6,2023,Europe,Grey,Petrol,Automatic,4.7,110831,123928,754,Low
12/31/2017,X5,2017,Middle East,Black,Hybrid,Manual,4.3,100268,100159,4274,Low
12/31/2011,X5,2011,Europe,Black,Diesel,Manual,4.2,138247,58069,5621,High
12/31/2019,X6,2019,Europe,Grey,Petrol,Automatic,4,11773,125604,3612,Low
12/31/2011,3 Series,2011,Asia,Blue,Petrol,Manual,2.4,119871,30904,10909,High
12/31/2024,i3,2024,Africa,Red,Hybrid,Manual,4.5,26617,118995,3547,Low
12/31/2010,X6,2010,Africa,White,Diesel,Automatic,2,63295,57338,1335,Low
12/31/2016,M5,2016,Europe,Silver,Diesel,Manual,2.7,24944,122284,1038,Low
12/31/2021,5 Series,2021,Middle East,Red,Hybrid,Automatic,2.7,20729,115595,4704,Low
12/31/2011,X3,2011,Africa,Blue,Hybrid,Automatic,3.5,67097,63003,4189,Low
12/31/2019,7 Series,2019,Middle East,Red,Hybrid,Manual,3.1,4623,140353,1076,Low
12/31/2014,M3,2014,Africa,Red,Petrol,Manual,3.1,9839,83913,936,Low
12/31/2014,X3,2014,Asia,Black,Diesel,Automatic,3.4,175163,48015,9808,High
12/31/2012,X5,2012,Asia,Silver,Petrol,Automatic,3,108073,60342,5208,High
12/31/2012,7 Series,2012,South America,White,Hybrid,Manual,2.4,45600,99485,50,Low
12/31/2022,X1,2022,South America,Silver,Diesel,Manual,3.8,161718,69470,5814,High
12/31/2021,i8,2021,Africa,Blue,Petrol,Manual,4.3,140176,152847,50,Low
12/31/2012,i3,2012,Asia,White,Diesel,Manual,3.2,41859,53914,4158,Low
12/31/2015,M3,2015,Middle East,White,Diesel,Automatic,3.8,163522,71960,1594,Low
12/31/2023,i3,2023,Africa,Red,Diesel,Manual,3.4,2112,104576,3166,Low
12/31/2013,X5,2013,Africa,Blue,Petrol,Manual,1.7,156195,41834,2629,Low
12/31/2022,5 Series,2022,Africa,Red,Diesel,Automatic,3,55789,99627,3446,Low
12/31/2012,i8,2012,Middle East,Grey,Diesel,Automatic,1.5,41267,117217,50,Low
12/31/2011,X6,2011,Europe,Red,Petrol,Automatic,3.8,36992,83408,2934,Low
12/31/2022,i3,2022,Middle East,Grey,Diesel,Manual,3.3,50000,93992,3959,Low
12/31/2012,i3,2012,South America,Blue,Hybrid,Automatic,1.9,24675,60105,2615,Low
12/31/2013,M5,2013,Middle East,White,Petrol,Automatic,3.4,98170,101221,411,Low
12/31/2015,7 Series,2015,Europe,Silver,Diesel,Manual,4.6,60251,113799,714,Low
12/31/2013,X1,2013,Asia,Red,Hybrid,Manual,2.7,166655,37197,8885,High
12/31/2017,i8,2017,Asia,White,Diesel,Automatic,4.9,12685,158048,50,Low
12/31/2012,i8,2012,Europe,Grey,Electric,Automatic,4.9,51884,153932,50,Low
12/31/2021,7 Series,2021,Europe,Black,Petrol,Manual,4.2,76949,134349,1512,Low
12/31/2012,X1,2012,Middle East,Red,Electric,Manual,4.3,140579,57408,4206,Low
12/31/2012,5 Series,2012,Asia,Red,Petrol,Automatic,2.9,163061,47044,6204,High
12/31/2017,5 Series,2017,North America,Silver,Electric,Manual,2.9,139375,82126,6746,High
12/31/2013,7 Series,2013,Middle East,Silver,Petrol,Manual,4.8,184707,93259,284,Low
12/31/2010,7 Series,2010,Asia,Black,Hybrid,Manual,2.8,196787,70758,910,Low
12/31/2011,5 Series,2011,Asia,Black,Hybrid,Automatic,1.8,162089,46050,7566,High
12/31/2022,i8,2022,Asia,Silver,Petrol,Manual,2,80223,149701,514,Low
12/31/2023,X1,2023,Africa,Blue,Hybrid,Manual,4,105806,99971,5149,High
12/31/2019,M3,2019,North America,Silver,Electric,Automatic,2.8,76509,46360,4597,Low
12/31/2022,X3,2022,North America,Red,Petrol,Manual,2.2,85261,84728,9471,High
12/31/2022,X3,2022,South America,White,Diesel,Automatic,4.3,79885,102011,6344,High
12/31/2023,M3,2023,Africa,Grey,Petrol,Manual,3.2,189998,93862,2183,Low
12/31/2011,i8,2011,Africa,Silver,Hybrid,Manual,3.5,152148,101898,50,Low
12/31/2023,7 Series,2023,Asia,Blue,Diesel,Manual,2,126288,62944,2898,Low
12/31/2012,M3,2012,Europe,Grey,Electric,Manual,2.2,151154,65926,2486,Low
12/31/2015,3 Series,2015,Asia,Blue,Electric,Manual,1.9,172307,48136,10759,High
12/31/2017,X5,2017,South America,White,Petrol,Automatic,3.3,177122,71712,3288,Low
12/31/2021,X5,2021,Middle East,Red,Hybrid,Manual,4.2,54301,126162,4284,Low
12/31/2010,X3,2010,Asia,White,Hybrid,Automatic,4.1,66101,67091,7648,High
12/31/2018,3 Series,2018,Asia,Silver,Hybrid,Manual,2.4,51361,87135,9585,High
12/31/2010,5 Series,2010,Europe,White,Diesel,Automatic,4.5,67556,64206,5214,High
12/31/2019,i3,2019,South America,Red,Petrol,Automatic,1.9,183173,49218,3985,Low
12/31/2011,5 Series,2011,North America,Blue,Electric,Automatic,1.9,198779,44895,5748,High
12/31/2012,M3,2012,North America,Red,Petrol,Automatic,4.5,13512,90564,2045,Low
12/31/2016,7 Series,2016,Middle East,Grey,Diesel,Automatic,2.4,49641,51130,1166,Low
12/31/2018,7 Series,2018,Europe,Blue,Petrol,Manual,4,21856,128930,953,Low
12/31/2012,i8,2012,North America,Black,Electric,Manual,1.5,35674,129607,50,Low
12/31/2017,X5,2017,South America,White,Electric,Automatic,1.8,8310,100155,2795,Low
12/31/2024,X6,2024,North America,White,Electric,Manual,3.6,33847,150114,4959,Low
12/31/2018,i8,2018,North America,Red,Diesel,Manual,2.1,90596,137588,50,Low
12/31/2019,i3,2019,Africa,Grey,Electric,Automatic,1.6,34696,90976,2873,Low
12/31/2016,M3,2016,Middle East,Blue,Diesel,Automatic,3.1,27129,97298,1624,Low
12/31/2013,M3,2013,Africa,White,Diesel,Automatic,2.7,45567,73299,1043,Low
12/31/2013,3 Series,2013,Middle East,Black,Petrol,Manual,4.3,177495,44357,6519,High
12/31/2013,i3,2013,South America,Red,Electric,Automatic,4.4,159168,64653,2451,Low
12/31/2015,X3,2015,Asia,Black,Petrol,Manual,3.7,71760,104552,9365,High
12/31/2013,i3,2013,Africa,White,Electric,Manual,2.5,184167,38869,2694,Low
12/31/2014,i8,2014,Africa,Silver,Electric,Automatic,3.1,133485,127265,50,Low
12/31/2018,7 Series,2018,North America,Red,Petrol,Automatic,4,186575,110722,1176,Low
12/31/2021,X5,2021,North America,Blue,Petrol,Manual,1.7,183192,79366,6188,High
12/31/2016,M5,2016,Asia,Blue,Hybrid,Automatic,2.7,195855,97511,1832,Low
12/31/2017,i8,2017,Asia,Red,Diesel,Manual,4.4,166959,134687,50,Low
12/31/2014,X3,2014,Asia,Red,Hybrid,Automatic,2.9,59162,77463,8208,High
12/31/2014,5 Series,2014,Europe,Silver,Electric,Automatic,3.7,122470,81077,6929,High
12/31/2022,X5,2022,Asia,White,Diesel,Automatic,1.8,54404,106372,7430,High
12/31/2020,X1,2020,Europe,Silver,Diesel,Automatic,4.2,158499,68357,7125,High
12/31/2016,5 Series,2016,Europe,Silver,Diesel,Automatic,1.9,161197,54617,7004,High
12/31/2020,i3,2020,Europe,White,Hybrid,Automatic,4.5,165335,89445,6318,High
12/31/2022,M5,2022,South America,Red,Hybrid,Manual,1.9,123890,124865,1724,Low
12/31/2023,7 Series,2023,Asia,Grey,Diesel,Automatic,4.6,55914,144786,1665,Low
12/31/2021,5 Series,2021,Asia,Red,Electric,Automatic,2.8,8997,122262,8182,High
12/31/2017,X1,2017,Middle East,Black,Petrol,Manual,3.7,28969,77619,5093,High
12/31/2018,7 Series,2018,North America,Blue,Petrol,Manual,4.5,54999,123733,1250,Low
12/31/2024,3 Series,2024,Europe,Grey,Hybrid,Manual,1.5,100689,93976,9791,High
12/31/2023,7 Series,2023,Europe,Silver,Petrol,Manual,2.4,15428,137987,1511,Low
12/31/2011,i8,2011,Europe,Black,Electric,Manual,4.7,4035,144890,50,Low
12/31/2012,X3,2012,Africa,Silver,Diesel,Manual,2.9,59157,46787,4243,Low
12/31/2021,X1,2021,Asia,Silver,Electric,Automatic,4,109154,95143,7388,High
12/31/2021,X1,2021,Europe,Silver,Diesel,Manual,2,142445,54831,8136,High
12/31/2011,X1,2011,Europe,Black,Hybrid,Automatic,3.9,60204,31546,7778,High
12/31/2019,3 Series,2019,South America,Red,Petrol,Automatic,1.8,33413,80194,6353,High
12/31/2016,i8,2016,Asia,Black,Hybrid,Manual,4,132675,145632,50,Low
12/31/2021,5 Series,2021,Asia,Silver,Petrol,Manual,2.6,86518,97737,6736,High
12/31/2011,M3,2011,Africa,Blue,Hybrid,Manual,3.1,17760,79499,523,Low
12/31/2021,M5,2021,Middle East,Silver,Hybrid,Manual,2.1,108530,136167,1441,Low
12/31/2023,i8,2023,Europe,White,Diesel,Automatic,3.7,67756,172022,252,Low
12/31/2024,5 Series,2024,North America,White,Electric,Manual,2.7,98529,114052,8892,High
12/31/2011,5 Series,2011,South America,Red,Electric,Manual,2.8,85198,66421,3292,Low
12/31/2023,M3,2023,North America,White,Petrol,Manual,3.8,180528,102204,3569,Low
12/31/2023,3 Series,2023,North America,Blue,Electric,Automatic,2.1,11091,115259,10472,High
12/31/2011,i3,2011,Europe,Grey,Electric,Manual,4.5,192689,61330,3532,Low
12/31/2024,X3,2024,Middle East,Grey,Petrol,Manual,4.1,3257,131438,6193,High
12/31/2021,5 Series,2021,Africa,Grey,Hybrid,Automatic,3.5,120718,99349,4797,Low
12/31/2022,7 Series,2022,North America,Red,Electric,Automatic,1.9,157680,130472,2103,Low
12/31/2013,M3,2013,Asia,Red,Electric,Automatic,3.9,178688,81557,2609,Low
12/31/2010,i3,2010,North America,Silver,Hybrid,Manual,1.6,43977,46451,4421,Low
12/31/2011,X1,2011,Asia,Blue,Hybrid,Automatic,4.3,128457,47453,7994,High
12/31/2012,5 Series,2012,North America,Red,Electric,Automatic,2.6,159044,62858,6203,High
12/31/2016,M5,2016,Asia,Blue,Petrol,Automatic,1.9,72250,106179,1459,Low
12/31/2019,X1,2019,Middle East,Black,Diesel,Manual,2.1,183465,46491,6229,High
12/31/2010,M5,2010,Asia,Black,Diesel,Manual,4.9,179408,81263,1138,Low
12/31/2015,i3,2015,Asia,Red,Petrol,Automatic,4.2,108684,65598,4798,Low
12/31/2012,3 Series,2012,Europe,Red,Electric,Manual,2.3,176749,39367,9976,High
12/31/2012,M3,2012,Asia,Grey,Hybrid,Automatic,4.9,151315,83841,2289,Low
12/31/2013,M5,2013,North America,White,Petrol,Manual,2,137294,87932,1477,Low
12/31/2022,M5,2022,South America,Blue,Electric,Automatic,4.1,23601,172795,963,Low
12/31/2013,M5,2013,Africa,Blue,Hybrid,Manual,3.8,2722,129043,50,Low
12/31/2016,M3,2016,Europe,Blue,Diesel,Manual,4.4,178198,76032,2463,Low
12/31/2012,X6,2012,Asia,Red,Hybrid,Automatic,2.8,52302,40614,3931,Low
12/31/2017,3 Series,2017,Europe,White,Hybrid,Manual,2.9,92302,74041,1095,Low
12/31/2017,5 Series,2017,North America,Blue,Diesel,Automatic,3.7,154985,73654,6847,High
12/31/2020,X6,2020,North America,Black,Diesel,Manual,2.9,156635,93752,3962,Low
12/31/2022,7 Series,2022,Europe,Red,Diesel,Automatic,1.6,37131,132960,1549,Low
12/31/2016,X3,2016,Europe,Silver,Hybrid,Manual,4.1,139992,76949,8251,High
12/31/2011,3 Series,2011,South America,Silver,Diesel,Manual,3.7,124029,35801,5126,High
12/31/2014,X5,2014,Middle East,Black,Diesel,Automatic,3,152863,61192,4087,Low
12/31/2015,M3,2015,North America,Black,Hybrid,Manual,2.6,157028,75916,2574,Low
12/31/2021,i3,2021,Middle East,Silver,Diesel,Manual,2.6,146180,68379,3765,Low
12/31/2019,X6,2019,North America,Blue,Diesel,Manual,4.1,63774,113967,3831,Low
12/31/2013,X1,2013,Europe,Silver,Electric,Manual,4.1,76702,65838,6366,High
12/31/2022,i3,2022,North America,White,Petrol,Automatic,4.4,189159,79991,5087,High
12/31/2019,X3,2019,Africa,Blue,Diesel,Manual,4.2,45851,91168,4487,Low
12/31/2014,X6,2014,Asia,Red,Petrol,Manual,4.2,24396,101019,3550,Low
12/31/2023,i3,2023,South America,Grey,Petrol,Manual,2.4,71644,87625,3172,Low
12/31/2018,i8,2018,Asia,Silver,Petrol,Automatic,1.9,13607,156101,50,Low
12/31/2020,7 Series,2020,Europe,White,Petrol,Automatic,4.2,59163,137710,1009,Low
12/31/2016,M3,2016,North America,White,Electric,Automatic,1.8,48675,95777,2243,Low
12/31/2011,X5,2011,Asia,Grey,Hybrid,Automatic,4.9,152908,70204,6023,High
12/31/2020,M5,2020,Asia,Red,Diesel,Automatic,4.6,45170,152093,1694,Low
12/31/2010,i8,2010,Africa,Silver,Electric,Automatic,3.4,79225,126888,50,Low
12/31/2011,5 Series,2011,Europe,Black,Diesel,Manual,2.7,159139,34852,6817,High
12/31/2012,X6,2012,Europe,White,Hybrid,Automatic,3.3,95858,81225,3304,Low
12/31/2020,X5,2020,Middle East,Red,Petrol,Manual,4.1,40498,116034,4030,Low
12/31/2011,5 Series,2011,Europe,Blue,Diesel,Automatic,4.1,180688,46967,5251,High
12/31/2020,i3,2020,Europe,Black,Diesel,Manual,1.8,119336,64998,5793,High
12/31/2012,M3,2012,Africa,Black,Hybrid,Manual,4.3,75060,85772,657,Low
12/31/2019,3 Series,2019,Africa,Silver,Electric,Manual,3.7,122095,83421,5853,High
12/31/2024,5 Series,2024,Middle East,Black,Diesel,Automatic,1.6,6505,120968,5326,High
12/31/2020,X5,2020,Africa,Grey,Petrol,Automatic,2.6,198590,71163,3382,Low
12/31/2020,5 Series,2020,Middle East,Blue,Diesel,Automatic,3.3,55886,106893,4123,Low
12/31/2024,7 Series,2024,Asia,Grey,Petrol,Automatic,2.2,143792,126200,1776,Low
12/31/2021,i3,2021,North America,Black,Hybrid,Automatic,2,178363,70607,6319,High
12/31/2023,X6,2023,North America,Silver,Diesel,Automatic,1.5,61086,112754,490,Low
12/31/2021,M5,2021,North America,Black,Petrol,Manual,4.7,101331,143098,1911,Low
12/31/2018,X5,2018,Middle East,Grey,Diesel,Manual,1.7,13733,90509,3601,Low
12/31/2013,i3,2013,South America,Black,Electric,Automatic,2.8,142503,54500,2543,Low
12/31/2021,7 Series,2021,North America,Grey,Hybrid,Automatic,2.2,100253,124342,2316,Low
12/31/2018,X6,2018,North America,Red,Petrol,Automatic,4.1,101319,102268,8636,High
12/31/2020,M3,2020,Middle East,Grey,Petrol,Automatic,4,29719,53396,2635,Low
12/31/2012,3 Series,2012,Middle East,Grey,Electric,Manual,4.3,52116,73799,6073,High
12/31/2021,7 Series,2021,South America,Grey,Petrol,Manual,3.7,198975,101349,1330,Low
12/31/2010,i8,2010,Europe,Black,Petrol,Manual,3.6,191410,87831,50,Low
12/31/2020,i8,2020,Asia,Red,Electric,Automatic,2.9,174107,149820,770,Low
12/31/2014,X1,2014,Asia,Red,Hybrid,Manual,3.7,119475,55702,7432,High
12/31/2019,X5,2019,North America,Grey,Hybrid,Automatic,1.9,19324,111480,5785,High
12/31/2019,M5,2019,Middle East,Red,Petrol,Automatic,3.9,174678,118245,1129,Low
12/31/2023,M5,2023,South America,Blue,Petrol,Automatic,1.9,17992,143391,953,Low
12/31/2011,X3,2011,Europe,Red,Diesel,Automatic,4.5,130873,49578,7322,High
12/31/2013,X3,2013,Europe,Blue,Petrol,Automatic,3.3,115405,51335,9024,High
12/31/2011,M5,2011,South America,Blue,Petrol,Manual,3.4,90931,88892,107,Low
12/31/2011,5 Series,2011,Asia,Silver,Hybrid,Manual,3.5,155638,56314,7512,High
12/31/2022,X5,2022,Middle East,Grey,Hybrid,Manual,4.2,118675,187202,3451,Low
12/31/2012,X6,2012,South America,Grey,Petrol,Manual,3.2,89054,70023,1875,Low
12/31/2014,X6,2014,Africa,Blue,Electric,Manual,3,6667,106607,1422,Low
12/31/2013,5 Series,2013,Asia,White,Hybrid,Automatic,2.5,185810,51809,6475,High
12/31/2011,M3,2011,Europe,Red,Electric,Manual,1.9,37463,80778,1674,Low
12/31/2024,X6,2024,Asia,Black,Electric,Manual,2.2,102279,132600,5727,High
12/31/2020,X1,2020,Middle East,Blue,Petrol,Manual,1.5,185941,48577,6015,High
12/31/2023,X6,2023,South America,Silver,Hybrid,Automatic,4.5,171291,194032,2257,Low
12/31/2023,M3,2023,Africa,White,Petrol,Automatic,4.2,81127,121097,1787,Low
12/31/2019,i3,2019,South America,Silver,Hybrid,Manual,2.3,107923,75382,3699,Low
12/31/2011,i3,2011,North America,Red,Diesel,Manual,1.5,145058,25000,4743,Low
12/31/2023,M3,2023,Europe,Silver,Diesel,Manual,3.2,115738,101185,3343,Low
12/31/2015,M5,2015,Middle East,Grey,Diesel,Automatic,2.9,155333,99255,668,Low
12/31/2016,X1,2016,Asia,Blue,Hybrid,Automatic,4.2,41973,89434,6794,High
12/31/2021,X3,2021,Middle East,Silver,Diesel,Automatic,2.9,69489,89260,7205,High
12/31/2019,X3,2019,Asia,Black,Diesel,Automatic,4.5,181201,75182,8600,High
12/31/2015,X5,2015,North America,Blue,Electric,Manual,1.8,169759,69627,5248,High
12/31/2016,i3,2016,South America,White,Diesel,Manual,2.8,106722,51605,3230,Low
12/31/2010,X5,2010,Africa,White,Petrol,Manual,4.8,27821,77580,2048,Low
12/31/2015,7 Series,2015,Middle East,Blue,Petrol,Automatic,1.5,176402,78204,788,Low
12/31/2020,X5,2020,Middle East,Grey,Electric,Manual,2.9,54360,120449,4578,Low
12/31/2012,7 Series,2012,Asia,Silver,Diesel,Automatic,2.4,58120,91720,2774,Low
12/31/2010,i8,2010,Africa,Grey,Electric,Automatic,3.4,162943,108378,50,Low
12/31/2017,7 Series,2017,Africa,Grey,Electric,Manual,2.5,10176,133734,50,Low
12/31/2013,M5,2013,Europe,Grey,Diesel,Automatic,4.5,144005,97074,1006,Low
12/31/2019,M5,2019,South America,Grey,Electric,Automatic,4.8,69201,151170,804,Low
12/31/2017,M5,2017,South America,Grey,Petrol,Automatic,4.5,124068,120752,581,Low
12/31/2019,M5,2019,North America,Silver,Petrol,Manual,2.9,113871,124095,1435,Low
12/31/2023,7 Series,2023,North America,Blue,Hybrid,Manual,5,138186,145760,2261,Low
12/31/2020,7 Series,2020,South America,Black,Hybrid,Automatic,4.1,112209,133788,1070,Low
12/31/2013,i8,2013,South America,Grey,Petrol,Automatic,2.7,30252,119905,50,Low
12/31/2013,X3,2013,South America,Grey,Diesel,Manual,1.8,101626,40094,5555,High
12/31/2021,M3,2021,South America,Blue,Petrol,Manual,3.8,105452,98563,1832,Low
12/31/2023,5 Series,2023,South America,White,Petrol,Automatic,4,18508,128565,4107,Low
12/31/2019,X3,2019,Europe,Red,Hybrid,Manual,1.9,93738,78721,7949,High
12/31/2013,i8,2013,Asia,Blue,Electric,Manual,3.4,154284,122942,50,Low
12/31/2015,M3,2015,North America,Silver,Diesel,Manual,5,113206,83239,2652,Low
12/31/2023,X3,2023,Europe,Red,Hybrid,Manual,2.6,113632,101907,10315,High
12/31/2018,i3,2018,South America,White,Diesel,Manual,2.6,113861,61340,3790,Low
12/31/2014,X1,2014,Africa,Blue,Petrol,Manual,4.7,23516,70513,3588,Low
12/31/2021,5 Series,2021,Asia,White,Diesel,Manual,1.9,11870,97303,8164,High
12/31/2022,M5,2022,Asia,Grey,Petrol,Automatic,4.8,109601,142074,2148,Low
12/31/2019,i8,2019,North America,Grey,Electric,Manual,4.2,118123,171156,193,Low
12/31/2023,M3,2023,Europe,White,Hybrid,Automatic,2.9,2413,145547,3236,Low
12/31/2024,3 Series,2024,Africa,Blue,Petrol,Automatic,1.8,1594,104151,5194,High
12/31/2017,M5,2017,Africa,Black,Diesel,Automatic,1.6,194001,82337,904,Low
12/31/2017,7 Series,2017,Asia,Grey,Diesel,Manual,2.8,25853,116099,1211,Low
12/31/2013,i8,2013,Africa,White,Diesel,Automatic,4,93367,114226,50,Low
12/31/2024,i3,2024,South America,Black,Diesel,Manual,3.2,45110,97525,3597,Low
12/31/2020,X6,2020,Middle East,Silver,Petrol,Automatic,4.1,97491,171777,2146,Low
12/31/2019,M5,2019,Africa,Red,Diesel,Manual,3.8,53453,121972,651,Low
12/31/2018,M5,2018,Asia,Blue,Hybrid,Automatic,3.5,66857,136537,1831,Low
12/31/2018,i3,2018,North America,Grey,Diesel,Manual,4.9,87695,86557,4613,Low
12/31/2014,X1,2014,North America,Grey,Diesel,Automatic,4,65687,62171,7434,High
12/31/2015,X6,2015,Africa,Red,Diesel,Manual,4.7,38688,99723,1395,Low
12/31/2014,i8,2014,South America,Black,Petrol,Automatic,2.3,146636,102335,50,Low
12/31/2012,X5,2012,South America,Red,Hybrid,Automatic,4,125993,73079,2755,Low
12/31/2020,5 Series,2020,Europe,Blue,Diesel,Automatic,3.6,83039,95030,6742,High
12/31/2017,X6,2017,North America,Black,Electric,Automatic,4.7,111077,121925,3426,Low
12/31/2018,X1,2018,South America,Blue,Petrol,Automatic,3.3,102636,64037,5254,High
12/31/2024,i3,2024,Africa,Black,Hybrid,Automatic,2.5,75112,101111,4145,Low
12/31/2013,i3,2013,Europe,Grey,Petrol,Manual,2.8,57231,54899,4468,Low
12/31/2018,X6,2018,Europe,White,Electric,Manual,2.3,23205,111240,4479,Low
12/31/2018,i8,2018,South America,Grey,Petrol,Manual,2.3,68472,181769,50,Low
12/31/2016,7 Series,2016,South America,Black,Petrol,Automatic,3.1,59009,112424,280,Low
12/31/2017,i8,2017,Europe,Black,Hybrid,Automatic,4.6,67893,160878,50,Low
12/31/2024,M3,2024,North America,Grey,Diesel,Manual,2.2,68108,118194,3456,Low
12/31/2012,3 Series,2012,Middle East,Grey,Diesel,Automatic,2.5,155657,30819,5592,High
12/31/2024,X5,2024,Europe,Black,Electric,Automatic,4.5,183793,119902,6961,High
12/31/2014,M3,2014,Africa,White,Hybrid,Manual,2.7,15427,89536,729,Low
12/31/2012,7 Series,2012,Europe,White,Hybrid,Automatic,4.9,73203,118957,205,Low
12/31/2016,X6,2016,South America,Black,Hybrid,Automatic,2.4,94814,92395,2185,Low
12/31/2015,X5,2015,Middle East,Blue,Diesel,Automatic,3,78763,78931,3262,Low
12/31/2020,M3,2020,Europe,Grey,Diesel,Automatic,1.8,118683,89792,3530,Low
12/31/2012,i3,2012,South America,Grey,Electric,Manual,5,189030,52363,2461,Low
12/31/2018,5 Series,2018,Africa,Blue,Hybrid,Manual,4.6,79196,56534,4528,Low
12/31/2021,X6,2021,Africa,Silver,Diesel,Manual,4.4,80457,114979,2107,Low
12/31/2010,3 Series,2010,Africa,Silver,Diesel,Manual,2.1,83738,26342,5134,High
12/31/2019,i8,2019,North America,Silver,Diesel,Automatic,4.9,199870,141007,137,Low
12/31/2012,3 Series,2012,Middle East,Black,Hybrid,Automatic,4.8,180224,57161,6034,High
12/31/2024,X5,2024,Africa,Blue,Diesel,Automatic,3,53478,119775,3128,Low
12/31/2024,3 Series,2024,Africa,Red,Diesel,Manual,3.9,90626,93991,5296,High
12/31/2024,5 Series,2024,Europe,Blue,Diesel,Manual,5,182973,100410,7621,High
12/31/2020,X1,2020,Asia,Red,Electric,Manual,2.9,191513,68775,9083,High
12/31/2024,7 Series,2024,South America,Silver,Diesel,Automatic,1.9,32347,133393,1020,Low
12/31/2019,X6,2019,Europe,Grey,Electric,Automatic,4.5,33532,138967,3923,Low
12/31/2020,i8,2020,Asia,Silver,Hybrid,Manual,3.2,5522,183764,190,Low
12/31/2016,5 Series,2016,Asia,Red,Electric,Automatic,5,194483,84400,7455,High
12/31/2012,i8,2012,South America,Silver,Hybrid,Manual,3.4,198241,103557,50,Low
12/31/2023,X5,2023,Europe,Blue,Hybrid,Manual,1.6,73502,116213,6748,High
12/31/2012,X5,2012,South America,Blue,Hybrid,Automatic,3.2,167921,61296,3174,Low
12/31/2011,i8,2011,North America,Red,Diesel,Manual,4,154148,101125,50,Low
12/31/2018,X1,2018,Africa,Black,Diesel,Automatic,1.6,108084,48022,4076,Low
12/31/2020,X1,2020,Europe,White,Diesel,Manual,2.9,116155,62423,8667,High
12/31/2013,X5,2013,Africa,Red,Diesel,Automatic,2,123222,50508,3057,Low
12/31/2019,X1,2019,North America,Silver,Diesel,Manual,3.8,173784,54984,7291,High
12/31/2022,i8,2022,Africa,Silver,Electric,Manual,4.9,117497,177554,52,Low
12/31/2015,7 Series,2015,South America,Blue,Hybrid,Automatic,3.7,199125,92113,436,Low
12/31/2011,X3,2011,South America,Silver,Petrol,Manual,3.9,169892,36554,5271,High
12/31/2018,M5,2018,North America,Black,Diesel,Automatic,2.9,151076,111683,1665,Low
12/31/2024,5 Series,2024,South America,Red,Petrol,Automatic,3.5,133294,108984,5123,High
12/31/2016,3 Series,2016,North America,Black,Petrol,Manual,3.4,189354,46932,10662,High
12/31/2019,M3,2019,Africa,Blue,Electric,Automatic,4.2,179120,105389,2077,Low
12/31/2014,5 Series,2014,Europe,Red,Electric,Automatic,4.5,189291,74832,6761,High
12/31/2016,X5,2016,South America,White,Hybrid,Automatic,3.8,157014,82048,3176,Low
12/31/2023,X6,2023,Middle East,Silver,Hybrid,Automatic,4.9,174625,134854,3761,Low
12/31/2013,X6,2013,Asia,Grey,Hybrid,Manual,4.4,22866,102351,3468,Low
12/31/2022,X5,2022,Middle East,Grey,Hybrid,Automatic,1.9,47508,113999,4786,Low
12/31/2019,X6,2019,South America,Black,Hybrid,Automatic,3.3,84935,107370,2644,Low
12/31/2022,i3,2022,Africa,Silver,Diesel,Automatic,4.7,147901,111215,2364,Low
12/31/2024,X5,2024,Asia,Silver,Hybrid,Manual,4.8,107464,132805,6113,High
12/31/2016,X6,2016,Middle East,Grey,Petrol,Manual,2.8,107544,85091,6043,High
12/31/2011,X6,2011,Africa,Red,Electric,Automatic,4,36619,95087,1051,Low
12/31/2016,M3,2016,South America,Silver,Diesel,Automatic,2.9,177681,65891,1538,Low
12/31/2024,7 Series,2024,Europe,Grey,Diesel,Manual,1.9,188452,108068,2427,Low
12/31/2013,X3,2013,South America,Blue,Petrol,Manual,4.6,35346,72794,4710,Low
12/31/2013,X5,2013,South America,Red,Electric,Automatic,4.8,150565,86938,3051,Low
12/31/2010,X6,2010,Africa,Blue,Diesel,Manual,3.3,2738,76133,1234,Low
12/31/2021,X6,2021,Europe,Grey,Electric,Automatic,1.6,161970,98884,5011,High
12/31/2012,5 Series,2012,Africa,Silver,Diesel,Manual,4.4,192761,41986,3764,Low
12/31/2014,X5,2014,Africa,Black,Hybrid,Manual,3.2,26910,90930,2723,Low
12/31/2014,X6,2014,Middle East,Silver,Diesel,Manual,1.8,65774,77388,2455,Low
12/31/2011,i8,2011,Middle East,Black,Petrol,Manual,2.2,118538,108391,50,Low
12/31/2013,i3,2013,Europe,Grey,Petrol,Manual,2,67017,44460,5286,High
12/31/2010,M5,2010,Middle East,Silver,Petrol,Manual,3.9,182155,77921,272,Low
12/31/2024,X3,2024,South America,Black,Electric,Manual,2.5,103622,103758,6970,High
12/31/2018,X6,2018,North America,Silver,Petrol,Manual,1.9,174694,74978,4092,Low
12/31/2010,i3,2010,South America,Grey,Diesel,Automatic,4.7,163759,34985,2190,Low
12/31/2015,X1,2015,North America,White,Diesel,Automatic,4.8,160225,53310,7184,High
12/31/2016,M5,2016,Africa,Grey,Diesel,Manual,2,180239,81727,877,Low
12/31/2012,M3,2012,North America,Grey,Hybrid,Manual,2.3,172564,34200,3182,Low
12/31/2021,X3,2021,Asia,Blue,Electric,Automatic,3.6,96027,108371,8275,High
12/31/2024,i3,2024,Middle East,Grey,Diesel,Manual,2,4651,100044,3845,Low
12/31/2010,X3,2010,North America,White,Petrol,Automatic,2.1,167121,25000,8704,High
12/31/2016,M3,2016,Africa,Black,Diesel,Manual,2.7,50789,78357,1177,Low
12/31/2012,X3,2012,South America,Red,Hybrid,Automatic,4.8,38937,81745,4885,Low
12/31/2022,i8,2022,North America,Blue,Diesel,Manual,4.9,127664,164215,195,Low
12/31/2019,X6,2019,Asia,White,Diesel,Automatic,4.4,86247,113008,4495,Low
12/31/2021,M3,2021,North America,Red,Electric,Manual,3.9,40358,139288,3497,Low
12/31/2021,X3,2021,South America,Grey,Petrol,Automatic,4,9385,110423,5428,High
12/31/2015,X6,2015,Middle East,Red,Petrol,Automatic,3.1,139081,81462,2410,Low
12/31/2022,X6,2022,Middle East,Black,Diesel,Manual,3.4,25344,124033,2879,Low
12/31/2021,X6,2021,South America,Red,Petrol,Manual,3.7,178715,90080,2863,Low
12/31/2023,M5,2023,North America,Grey,Petrol,Automatic,4.1,24624,168644,1678,Low
12/31/2015,X3,2015,Europe,Black,Hybrid,Manual,1.8,28735,70661,7170,High
12/31/2023,X1,2023,South America,Blue,Petrol,Manual,2.3,142592,68845,6322,High
12/31/2021,X5,2021,South America,Red,Diesel,Manual,4.9,168483,90216,4317,Low
12/31/2013,7 Series,2013,Africa,Black,Hybrid,Automatic,2.7,108566,91040,50,Low
12/31/2021,i3,2021,South America,Grey,Diesel,Manual,2.4,66231,80051,3895,Low
12/31/2020,3 Series,2020,Europe,Red,Petrol,Automatic,3,77544,83359,10090,High
12/31/2015,i8,2015,North America,White,Electric,Manual,2.5,45639,144564,50,Low
12/31/2020,i8,2020,Europe,Black,Hybrid,Automatic,1.8,180131,137286,761,Low
12/31/2019,M5,2019,Europe,Silver,Petrol,Automatic,2.2,69230,126563,1493,Low
12/31/2013,X6,2013,North America,Red,Electric,Automatic,3.7,72754,101584,2850,Low
12/31/2024,M5,2024,Asia,Grey,Hybrid,Automatic,2.3,13308,160515,2123,Low
12/31/2022,i3,2022,South America,Red,Diesel,Manual,3.8,184326,69027,3782,Low
12/31/2017,X6,2017,Africa,White,Diesel,Manual,1.9,177737,63840,4270,Low
12/31/2018,X1,2018,Europe,Grey,Electric,Automatic,1.6,98780,71549,6980,High
12/31/2011,M3,2011,North America,White,Petrol,Automatic,4.5,124560,72795,2397,Low
12/31/2016,M3,2016,Africa,Blue,Electric,Manual,4.2,19348,113318,850,Low
12/31/2018,i8,2018,North America,Grey,Diesel,Automatic,3.8,38389,154205,50,Low
12/31/2018,5 Series,2018,Middle East,White,Electric,Manual,1.6,77131,41836,5821,High
12/31/2021,X3,2021,Africa,Red,Diesel,Manual,2.3,135130,70001,4709,Low
12/31/2014,3 Series,2014,Africa,White,Petrol,Automatic,4.3,64435,65268,4290,Low
12/31/2010,i3,2010,Europe,White,Electric,Automatic,2,15739,59605,3593,Low
12/31/2015,X1,2015,South America,Blue,Electric,Manual,4.3,21818,82195,4623,Low
12/31/2024,5 Series,2024,Africa,Blue,Hybrid,Manual,3.5,72284,126489,4741,Low
12/31/2017,M5,2017,Africa,Blue,Petrol,Manual,4.1,156593,104300,527,Low
12/31/2010,5 Series,2010,North America,Blue,Hybrid,Automatic,3.8,4409,84657,6345,High
12/31/2011,X1,2011,North America,Red,Petrol,Manual,3,35495,44441,6281,High
12/31/2022,X6,2022,North America,Grey,Diesel,Manual,2.5,135112,95006,4869,Low
12/31/2022,i8,2022,Europe,Black,Hybrid,Automatic,3.9,176429,163089,629,Low
12/31/2010,X1,2010,Africa,White,Electric,Manual,4.3,126724,45329,3218,Low
12/31/2014,i3,2014,Europe,Red,Electric,Automatic,1.7,13667,78162,4733,Low
12/31/2011,i8,2011,North America,Silver,Diesel,Manual,2.8,138083,95022,50,Low
12/31/2024,X1,2024,South America,Silver,Petrol,Manual,2.7,128077,77803,5941,High
12/31/2019,X5,2019,South America,Grey,Diesel,Automatic,3.5,16535,103821,3101,Low
12/31/2019,M3,2019,Africa,Blue,Hybrid,Automatic,1.9,190259,77847,2334,Low
12/31/2023,X3,2023,South America,Blue,Electric,Manual,4.8,85171,55286,6382,High
12/31/2013,X6,2013,Asia,Grey,Electric,Manual,3.4,132684,123495,2932,Low
12/31/2010,5 Series,2010,Middle East,White,Diesel,Manual,4.7,102027,57500,3947,Low
12/31/2016,i8,2016,Europe,Red,Electric,Automatic,4.4,21268,168612,50,Low
12/31/2017,7 Series,2017,South America,Black,Diesel,Automatic,2.2,110823,95176,605,Low
12/31/2014,3 Series,2014,Asia,Silver,Diesel,Automatic,2,136478,40032,9601,High
12/31/2011,7 Series,2011,North America,Silver,Diesel,Automatic,4.5,137759,84202,584,Low
12/31/2017,X5,2017,Middle East,Blue,Diesel,Automatic,3.4,25070,106398,3982,Low
12/31/2010,X1,2010,South America,Grey,Hybrid,Manual,1.6,178228,25000,3697,Low
12/31/2024,M3,2024,North America,Blue,Hybrid,Automatic,4.8,7400,162985,3061,Low
12/31/2016,i8,2016,South America,Black,Diesel,Automatic,3.2,121953,126754,50,Low
12/31/2010,7 Series,2010,South America,Silver,Petrol,Manual,2.6,167692,57217,187,Low
12/31/2021,3 Series,2021,Africa,Black,Electric,Automatic,3.3,71389,97941,5509,High
12/31/2015,i8,2015,North America,Blue,Petrol,Manual,4.4,63325,140885,50,Low
12/31/2022,i3,2022,Middle East,Grey,Hybrid,Automatic,1.9,47752,101229,4005,Low
12/31/2015,M5,2015,North America,White,Electric,Automatic,2.8,161989,113766,1387,Low
12/31/2024,i8,2024,Asia,White,Diesel,Automatic,2.6,195630,149651,727,Low
12/31/2014,M3,2014,Europe,White,Electric,Manual,4.4,152310,86316,2139,Low
12/31/2024,i3,2024,South America,Red,Petrol,Automatic,4.2,40579,118207,3498,Low
12/31/2011,X6,2011,South America,White,Electric,Manual,2.9,83050,79754,1441,Low
12/31/2011,X6,2011,Europe,White,Electric,Manual,3.8,155978,72167,3302,Low
12/31/2018,i8,2018,Africa,Silver,Diesel,Manual,2.9,103966,124008,50,Low
12/31/2014,7 Series,2014,Asia,Black,Hybrid,Automatic,3.5,71741,116212,819,Low
12/31/2014,i8,2014,Middle East,White,Diesel,Automatic,5,174875,127987,50,Low
12/31/2016,5 Series,2016,North America,Red,Diesel,Automatic,3.4,5413,98555,5626,High
12/31/2015,X1,2015,Africa,Grey,Petrol,Automatic,5,138031,57094,4099,Low
12/31/2011,3 Series,2011,Middle East,Blue,Hybrid,Manual,4.1,183331,44464,6065,High
12/31/2020,3 Series,2020,North America,Red,Petrol,Manual,1.9,163123,60786,10427,High
12/31/2010,i8,2010,Middle East,Red,Electric,Manual,4.3,70217,136761,50,Low
12/31/2014,5 Series,2014,South America,Silver,Hybrid,Automatic,2.1,28253,133630,3211,Low
12/31/2013,M5,2013,Middle East,Grey,Electric,Automatic,3.4,99689,121386,91,Low
12/31/2021,M3,2021,North America,Silver,Electric,Manual,3.6,181195,107471,4037,Low
12/31/2012,7 Series,2012,North America,Red,Petrol,Automatic,4.6,117428,101038,568,Low
12/31/2011,M5,2011,Asia,Grey,Diesel,Manual,2.2,128755,76411,1442,Low
12/31/2019,3 Series,2019,Middle East,Blue,Diesel,Automatic,4.6,178291,73479,6477,High
12/31/2011,3 Series,2011,South America,Black,Diesel,Automatic,4.8,79428,53280,5381,High
12/31/2023,3 Series,2023,Middle East,Grey,Hybrid,Manual,1.8,87896,92067,7382,High
12/31/2024,5 Series,2024,Middle East,Blue,Petrol,Automatic,4.6,29654,135366,5204,High
12/31/2013,M5,2013,Europe,Black,Electric,Manual,2.4,118942,98378,1128,Low
12/31/2011,i3,2011,Middle East,Grey,Petrol,Manual,1.8,410,49890,2648,Low
12/31/2013,i3,2013,Europe,Red,Diesel,Manual,4.9,127506,53442,4096,Low
12/31/2012,i3,2012,Europe,Grey,Diesel,Automatic,2.9,101604,40395,4334,Low
12/31/2018,i3,2018,Africa,White,Petrol,Automatic,3.7,86027,73175,2460,Low
12/31/2016,M5,2016,Middle East,Red,Electric,Manual,3.4,21846,138539,261,Low
12/31/2023,i8,2023,Africa,Black,Petrol,Automatic,2.2,193329,135464,339,Low
12/31/2022,X5,2022,South America,Black,Petrol,Automatic,3.8,197201,93319,3857,Low
12/31/2020,X1,2020,South America,Grey,Diesel,Manual,1.7,120715,51853,5182,High
12/31/2024,X1,2024,North America,Grey,Diesel,Automatic,2.2,166932,71716,8561,High
12/31/2021,M5,2021,Middle East,White,Hybrid,Automatic,4.8,183096,150788,1160,Low
12/31/2012,7 Series,2012,South America,Grey,Petrol,Automatic,4.8,183417,77844,199,Low
12/31/2022,M3,2022,Asia,Red,Hybrid,Automatic,3.2,157714,113754,3401,Low
12/31/2024,5 Series,2024,North America,Black,Petrol,Manual,2.1,122896,100504,8218,High
12/31/2023,3 Series,2023,Africa,White,Diesel,Manual,3,116666,83502,5092,High
12/31/2017,M3,2017,Europe,Grey,Hybrid,Automatic,4.6,115901,105773,7104,High
12/31/2018,3 Series,2018,Asia,Black,Petrol,Automatic,1.7,108165,58200,11386,High
12/31/2022,7 Series,2022,South America,Silver,Hybrid,Automatic,1.9,38803,142956,1357,Low
12/31/2016,X5,2016,Europe,Red,Diesel,Manual,4.6,16263,104845,5670,High
12/31/2015,X6,2015,Asia,Red,Diesel,Automatic,3,166545,69631,3704,Low
12/31/2013,X6,2013,Middle East,White,Diesel,Automatic,1.8,79445,69844,2735,Low
12/31/2014,X1,2014,Africa,Red,Hybrid,Manual,2,159545,36444,4292,Low
12/31/2017,M3,2017,Middle East,Red,Electric,Automatic,4.6,34486,123066,1381,Low
12/31/2012,X6,2012,North America,Black,Petrol,Manual,3.2,80337,77899,3462,Low
12/31/2011,5 Series,2011,South America,Silver,Diesel,Manual,2.1,199956,25000,4507,Low
12/31/2012,X5,2012,Asia,Grey,Petrol,Manual,4.6,5312,90366,4656,Low
12/31/2021,3 Series,2021,Europe,Black,Hybrid,Manual,4.5,137373,93398,9995,High
12/31/2016,3 Series,2016,North America,Black,Electric,Manual,1.6,195336,48115,10039,High
12/31/2017,X3,2017,North America,Silver,Electric,Automatic,3.5,99636,89767,9254,High
12/31/2010,X6,2010,Asia,Silver,Hybrid,Manual,2.4,84572,68478,3543,Low
12/31/2022,X6,2022,Middle East,White,Hybrid,Manual,3.4,63195,137065,3008,Low
12/31/2016,X6,2016,Europe,Blue,Hybrid,Automatic,2.5,20741,108012,3342,Low
12/31/2018,X5,2018,South America,Grey,Diesel,Automatic,2.6,87765,82468,3651,Low
12/31/2021,7 Series,2021,Africa,Red,Hybrid,Manual,3.6,157989,119944,1194,Low
12/31/2022,3 Series,2022,Africa,Blue,Diesel,Automatic,3.4,137537,80676,5818,High
12/31/2023,X1,2023,Africa,Red,Electric,Manual,2.9,119268,91381,4937,Low
12/31/2023,M5,2023,Africa,Silver,Hybrid,Manual,1.9,157830,125340,1631,Low
12/31/2024,i3,2024,Europe,Black,Petrol,Manual,4.9,126047,106859,5377,High
12/31/2012,X5,2012,South America,White,Hybrid,Manual,2.1,57303,68520,2704,Low
12/31/2024,X3,2024,Middle East,Black,Electric,Manual,3.7,199598,101174,7782,High
12/31/2012,X3,2012,Asia,White,Electric,Manual,1.8,119367,51655,9654,High
12/31/2017,5 Series,2017,Middle East,Silver,Hybrid,Manual,3.9,37278,109696,4491,Low
12/31/2013,3 Series,2013,Asia,Blue,Hybrid,Automatic,1.8,129991,46073,8708,High
12/31/2023,X1,2023,North America,Black,Petrol,Automatic,2.3,81663,83888,7990,High
12/31/2017,i3,2017,North America,Grey,Electric,Automatic,3.8,51654,101451,4667,Low
12/31/2014,X1,2014,Asia,Silver,Diesel,Manual,2.5,16156,28370,7467,High
12/31/2023,X1,2023,North America,Grey,Electric,Manual,3.4,112545,102112,9166,High
12/31/2012,3 Series,2012,South America,Black,Diesel,Manual,1.9,9749,48944,5232,High
12/31/2024,X6,2024,Asia,Black,Hybrid,Manual,2.2,151627,113946,5004,High
12/31/2013,X1,2013,Europe,Blue,Petrol,Manual,4.1,112693,45994,7333,High
12/31/2023,X6,2023,North America,Silver,Hybrid,Automatic,1.6,153261,104464,5713,High
12/31/2013,5 Series,2013,Asia,White,Hybrid,Automatic,1.9,122139,58237,7051,High
12/31/2017,X6,2017,Middle East,Blue,Diesel,Automatic,2.3,19033,98895,2484,Low
12/31/2015,X3,2015,Middle East,Silver,Diesel,Manual,1.6,25851,65771,5214,High
12/31/2016,5 Series,2016,Africa,White,Electric,Manual,1.8,40496,83170,3032,Low
12/31/2018,M5,2018,Africa,Red,Petrol,Manual,2.5,185510,89700,918,Low
12/31/2024,M3,2024,Europe,White,Petrol,Automatic,1.8,30299,125951,3028,Low
12/31/2015,X3,2015,North America,Black,Electric,Automatic,4.5,98931,86425,8749,High
12/31/2012,i3,2012,Middle East,Blue,Petrol,Manual,1.7,135903,30451,3433,Low
12/31/2024,X6,2024,Asia,White,Hybrid,Manual,4.5,183009,127175,5898,High
12/31/2022,i3,2022,Europe,Silver,Diesel,Manual,4.4,168503,80017,6164,High
12/31/2012,X5,2012,South America,Red,Hybrid,Manual,1.9,111839,58219,3288,Low
12/31/2020,X5,2020,Middle East,Red,Electric,Manual,1.6,43921,110164,4234,Low
12/31/2012,X5,2012,Africa,White,Electric,Automatic,1.7,81656,66707,2478,Low
12/31/2021,M5,2021,South America,Red,Hybrid,Manual,3.6,137636,131206,1450,Low
12/31/2019,7 Series,2019,Africa,Black,Petrol,Manual,3.8,118651,109037,546,Low
12/31/2011,3 Series,2011,Middle East,Grey,Electric,Manual,3.7,179351,45647,6431,High
12/31/2010,M5,2010,South America,Silver,Electric,Manual,3.4,148759,83789,50,Low
12/31/2020,X6,2020,Europe,Silver,Electric,Manual,2.1,111133,102338,4406,Low
12/31/2019,X5,2019,North America,White,Electric,Manual,4.4,166557,102295,7051,High
12/31/2010,M3,2010,Africa,White,Diesel,Automatic,2.6,46188,58473,674,Low
12/31/2013,i8,2013,South America,Blue,Diesel,Manual,5,45050,138518,50,Low
12/31/2012,X1,2012,Europe,White,Diesel,Manual,2.8,77957,38784,6590,High
12/31/2014,3 Series,2014,Middle East,Red,Diesel,Automatic,2.4,159094,40014,6306,High
12/31/2021,i3,2021,North America,Red,Petrol,Automatic,4.6,24916,110423,5038,High
12/31/2018,7 Series,2018,Asia,Red,Hybrid,Manual,3.5,44486,200000,493,Low
12/31/2021,3 Series,2021,South America,White,Petrol,Automatic,4,11521,102041,6657,High
12/31/2022,X5,2022,North America,Silver,Hybrid,Manual,2.9,174831,100033,6527,High
12/31/2017,X6,2017,North America,Black,Diesel,Automatic,4.6,81038,106162,3585,Low
12/31/2021,X6,2021,Middle East,Red,Diesel,Manual,4.7,32688,126183,2373,Low
12/31/2018,X6,2018,South America,Black,Electric,Manual,3,116770,101527,3036,Low
12/31/2022,X1,2022,Europe,Black,Diesel,Manual,2.3,4308,87733,8615,High
12/31/2014,X1,2014,Middle East,Blue,Hybrid,Manual,3.8,80656,65568,5444,High
12/31/2017,X5,2017,South America,Black,Electric,Automatic,4.8,109381,103319,3430,Low
12/31/2013,X3,2013,South America,Blue,Diesel,Automatic,3.7,70798,57853,4364,Low
12/31/2014,5 Series,2014,Africa,Black,Hybrid,Manual,4.8,181771,70212,2786,Low
12/31/2024,3 Series,2024,Asia,Silver,Electric,Automatic,2.7,184188,93229,11921,High
12/31/2021,3 Series,2021,South America,Blue,Diesel,Manual,4.7,191369,70398,6560,High
12/31/2012,7 Series,2012,Europe,Blue,Hybrid,Automatic,1.9,22185,107529,462,Low
12/31/2014,X6,2014,Europe,Grey,Petrol,Automatic,2.8,135180,67901,3782,Low
12/31/2021,M3,2021,Europe,Black,Hybrid,Automatic,3.2,122237,161835,2831,Low
12/31/2012,7 Series,2012,Africa,Silver,Electric,Manual,3.8,196289,83141,50,Low
12/31/2014,M3,2014,Middle East,Blue,Petrol,Manual,2.5,183825,56095,1703,Low
12/31/2020,i3,2020,Middle East,Blue,Hybrid,Automatic,4.7,196209,85388,4590,Low
12/31/2023,X1,2023,Europe,Grey,Petrol,Automatic,4.7,39632,103328,6763,High
12/31/2014,M3,2014,Africa,Black,Electric,Manual,4.3,138551,88995,878,Low
12/31/2015,X5,2015,Africa,Black,Petrol,Automatic,1.9,53724,72225,2502,Low
12/31/2018,i3,2018,Africa,Grey,Electric,Automatic,1.8,128901,69826,3136,Low
12/31/2010,M5,2010,South America,Silver,Hybrid,Manual,3.2,176846,75566,148,Low
12/31/2021,X5,2021,Africa,Red,Hybrid,Manual,4.2,90718,119058,3573,Low
12/31/2019,i8,2019,Africa,Silver,Diesel,Automatic,1.9,144812,120048,50,Low
12/31/2023,i3,2023,Africa,Red,Petrol,Automatic,3.7,33747,109568,2701,Low
12/31/2015,X6,2015,Africa,Grey,Diesel,Manual,3.3,107155,78351,2058,Low
12/31/2010,X3,2010,Asia,White,Petrol,Manual,4,20919,63366,7132,High
12/31/2015,X5,2015,Middle East,Blue,Hybrid,Manual,3,199703,70932,3802,Low
12/31/2011,X6,2011,Asia,Red,Hybrid,Manual,3.9,157103,67281,4024,Low
12/31/2017,M5,2017,Europe,Grey,Hybrid,Manual,2.1,163385,104194,1646,Low
12/31/2020,X1,2020,Africa,Black,Diesel,Automatic,2.3,60483,67756,1148,Low
12/31/2012,5 Series,2012,Europe,Red,Petrol,Automatic,4.7,102594,72738,5372,High
12/31/2019,i3,2019,Europe,Black,Diesel,Automatic,2.7,59198,80191,5660,High
12/31/2023,M3,2023,Asia,Grey,Electric,Manual,4.9,14629,160524,3344,Low
12/31/2015,X5,2015,South America,Blue,Diesel,Manual,1.7,23408,74995,3793,Low
12/31/2015,3 Series,2015,Asia,Grey,Hybrid,Automatic,3.2,19776,88163,10558,High
12/31/2024,X1,2024,Asia,White,Electric,Automatic,2.6,105739,104681,9871,High
12/31/2013,X3,2013,Africa,Grey,Electric,Manual,5,43218,91068,3666,Low
12/31/2014,M3,2014,Europe,Blue,Diesel,Manual,5,44273,94334,2157,Low
12/31/2011,7 Series,2011,Europe,Black,Electric,Automatic,2.3,130035,85623,612,Low
12/31/2019,3 Series,2019,Middle East,Grey,Petrol,Automatic,2.4,105668,72709,6972,High
12/31/2024,7 Series,2024,South America,Grey,Petrol,Automatic,4.1,184114,130270,1034,Low
12/31/2019,X3,2019,Africa,Black,Petrol,Manual,4.6,77222,86290,4575,Low
12/31/2017,i8,2017,South America,Blue,Petrol,Manual,3.8,2185,152439,50,Low
12/31/2019,5 Series,2019,Africa,Blue,Electric,Automatic,4.5,44401,115855,3396,Low
12/31/2016,i8,2016,South America,White,Hybrid,Manual,1.7,22392,134957,50,Low
12/31/2019,i8,2019,Africa,White,Electric,Manual,3.7,19800,169207,50,Low
12/31/2015,X6,2015,Europe,Red,Diesel,Automatic,4,5808,108216,3515,Low
12/31/2016,i3,2016,Africa,Red,Electric,Automatic,2.2,184058,52856,2415,Low
12/31/2021,5 Series,2021,South America,Blue,Hybrid,Manual,4.2,70578,112440,4851,Low
12/31/2010,X5,2010,Europe,Silver,Hybrid,Manual,4.8,68537,83723,4551,Low
12/31/2023,7 Series,2023,South America,Red,Petrol,Manual,4.6,85630,135808,949,Low
12/31/2023,i3,2023,Europe,Black,Hybrid,Manual,2.4,199390,74106,5669,High
12/31/2014,X1,2014,Africa,Black,Electric,Automatic,2.6,65515,65994,3588,Low
12/31/2016,M5,2016,Middle East,White,Petrol,Manual,3.2,134522,103130,825,Low
12/31/2010,3 Series,2010,Africa,Blue,Electric,Manual,2.1,37074,51192,3714,Low
12/31/2011,i3,2011,Europe,Red,Diesel,Automatic,4.8,87925,52412,3866,Low
12/31/2018,X3,2018,Europe,Red,Electric,Automatic,2.1,14086,99031,7680,High
12/31/2021,M5,2021,Europe,White,Diesel,Manual,4.2,192904,123293,2132,Low
12/31/2012,X1,2012,Africa,Grey,Diesel,Manual,2.7,101848,30025,4102,Low
12/31/2015,i8,2015,Africa,Blue,Electric,Automatic,3.5,48076,74692,50,Low
12/31/2024,X3,2024,South America,Grey,Hybrid,Manual,1.7,196089,78964,5865,High
12/31/2016,5 Series,2016,Europe,Silver,Petrol,Automatic,2.2,1577,86835,7237,High
12/31/2018,X3,2018,Africa,Grey,Petrol,Manual,3.1,93706,73735,5020,High
12/31/2014,M3,2014,North America,Blue,Hybrid,Manual,3.9,185698,77115,2504,Low
12/31/2013,X5,2013,Africa,Blue,Hybrid,Manual,4.2,109527,79485,2783,Low
12/31/2020,i8,2020,South America,White,Diesel,Manual,1.6,30113,139327,50,Low
12/31/2021,X6,2021,Europe,Grey,Electric,Automatic,2,76595,125413,3920,Low
12/31/2024,M5,2024,Africa,White,Petrol,Manual,4.1,129618,132800,1375,Low
12/31/2011,X5,2011,Middle East,Red,Electric,Manual,4.3,4923,95864,3269,Low
12/31/2012,X3,2012,Middle East,Black,Petrol,Manual,2.3,199471,27106,6598,High
12/31/2024,X1,2024,Asia,Blue,Petrol,Automatic,2.3,17391,101040,9218,High
12/31/2014,3 Series,2014,Asia,Grey,Petrol,Automatic,1.8,145080,40208,15000,High
12/31/2020,3 Series,2020,Middle East,Blue,Petrol,Manual,2,123301,65753,8154,High
12/31/2024,X6,2024,Africa,Silver,Electric,Manual,1.5,110989,114354,2986,Low
12/31/2022,i3,2022,Asia,White,Electric,Manual,3.6,136390,93938,5563,High
12/31/2011,X3,2011,North America,Grey,Diesel,Manual,4.7,100085,54491,7055,High
12/31/2022,X6,2022,North America,Silver,Hybrid,Manual,2,137887,102742,4777,Low
12/31/2013,i8,2013,North America,Silver,Diesel,Manual,4.1,4791,141481,50,Low
12/31/2010,X6,2010,South America,Grey,Electric,Automatic,3.5,108288,76547,1340,Low
12/31/2013,M5,2013,Middle East,Blue,Diesel,Automatic,4.8,34876,118929,141,Low
12/31/2016,i8,2016,North America,Grey,Electric,Automatic,4.3,469,175225,50,Low
12/31/2024,M3,2024,Africa,White,Electric,Manual,4.5,167136,121952,2255,Low
12/31/2023,i8,2023,Africa,Silver,Electric,Automatic,3.7,16175,184888,87,Low
12/31/2021,7 Series,2021,Asia,Grey,Diesel,Automatic,4.3,111755,135886,1708,Low
12/31/2012,7 Series,2012,Africa,Silver,Electric,Manual,2.7,97056,94648,50,Low
12/31/2019,M5,2019,Africa,Black,Hybrid,Manual,2.2,169970,110640,1358,Low
12/31/2017,X5,2017,Europe,Silver,Petrol,Manual,4.7,191557,77439,5381,High
12/31/2015,X6,2015,Africa,Grey,Petrol,Automatic,4.1,34398,103399,1328,Low
12/31/2015,i8,2015,South America,Silver,Electric,Manual,1.8,65004,130545,50,Low
12/31/2023,X1,2023,North America,Grey,Electric,Manual,4.5,46840,122077,9493,High
12/31/2024,X1,2024,Africa,Red,Diesel,Automatic,2.7,169683,73947,5354,High
12/31/2010,M3,2010,Europe,Silver,Diesel,Manual,2.5,89226,51435,2496,Low
12/31/2014,i8,2014,Middle East,White,Diesel,Manual,3.7,124833,69420,116,Low
12/31/2012,M3,2012,Middle East,Red,Diesel,Manual,3.5,152804,57095,1319,Low
12/31/2024,5 Series,2024,Africa,White,Hybrid,Automatic,3.4,31158,124197,3951,Low
12/31/2019,7 Series,2019,Africa,White,Electric,Manual,2.4,48219,128278,807,Low
12/31/2024,5 Series,2024,Middle East,White,Hybrid,Automatic,4.9,37893,143373,5261,High
12/31/2010,X5,2010,Africa,Blue,Electric,Manual,4.8,43819,86140,2058,Low
12/31/2017,M5,2017,Africa,White,Hybrid,Manual,1.5,88448,111841,439,Low
12/31/2016,3 Series,2016,Europe,Red,Petrol,Automatic,2.7,36,80256,8946,High
12/31/2016,M3,2016,North America,Red,Diesel,Automatic,1.7,33749,84239,2511,Low
12/31/2021,M5,2021,South America,Blue,Hybrid,Automatic,4.5,114144,142221,1237,Low
12/31/2019,5 Series,2019,South America,Grey,Diesel,Automatic,4.6,190865,80364,3819,Low
12/31/2023,X1,2023,Africa,Black,Electric,Automatic,3.3,192604,81745,5339,High
12/31/2019,5 Series,2019,South America,Black,Petrol,Automatic,4.4,163302,81849,4055,Low
12/31/2019,7 Series,2019,Asia,Red,Diesel,Manual,4,68993,121470,1469,Low
12/31/2013,i8,2013,Europe,Blue,Diesel,Manual,3.2,27328,133758,50,Low
12/31/2022,3 Series,2022,North America,Blue,Diesel,Manual,2.8,170821,67978,10337,High
12/31/2024,7 Series,2024,Asia,Black,Diesel,Automatic,2.4,41711,147462,1735,Low
12/31/2020,7 Series,2020,North America,Black,Petrol,Manual,2.4,172698,102603,1497,Low
12/31/2015,X1,2015,Africa,Blue,Electric,Manual,3.5,11534,77356,3125,Low
12/31/2022,i8,2022,South America,Red,Hybrid,Automatic,2.1,4063,166948,284,Low
12/31/2018,i3,2018,North America,Black,Electric,Manual,2.1,36868,85601,5025,High
12/31/2024,i3,2024,South America,Blue,Diesel,Automatic,1.5,67922,42405,5026,High
12/31/2023,i8,2023,South America,White,Electric,Manual,3.6,169434,154914,533,Low
12/31/2012,M3,2012,North America,Red,Diesel,Automatic,5,102509,77299,2413,Low
12/31/2024,M3,2024,Middle East,Grey,Petrol,Manual,4.6,39288,138692,1827,Low
12/31/2018,3 Series,2018,Asia,Silver,Petrol,Manual,4,96832,80027,8844,High
12/31/2013,X5,2013,North America,Red,Petrol,Automatic,4.2,40046,89318,5381,High
12/31/2014,5 Series,2014,Middle East,Silver,Diesel,Automatic,3,100392,65323,4969,Low
12/31/2016,M5,2016,Europe,Red,Hybrid,Manual,2.5,33120,128885,1107,Low
12/31/2015,X3,2015,Asia,Black,Electric,Automatic,2.8,149404,68164,8994,High
12/31/2019,M3,2019,Africa,Silver,Electric,Automatic,1.8,14272,180761,731,Low
12/31/2017,7 Series,2017,Africa,Grey,Diesel,Manual,3.7,134908,93580,501,Low
12/31/2017,M5,2017,Middle East,Blue,Hybrid,Manual,2.1,98677,118499,779,Low
12/31/2017,i8,2017,Middle East,White,Petrol,Manual,4.2,98074,154161,50,Low
12/31/2012,i3,2012,Europe,Black,Hybrid,Automatic,2.2,21544,65624,3867,Low
12/31/2024,i8,2024,South America,Grey,Hybrid,Automatic,2.3,76742,164616,594,Low
12/31/2023,7 Series,2023,Europe,Grey,Petrol,Manual,4.9,90590,144272,1405,Low
12/31/2019,X6,2019,Europe,Blue,Hybrid,Manual,1.9,48796,108717,862,Low
12/31/2015,5 Series,2015,North America,Red,Diesel,Manual,3.2,185194,55438,7788,High
12/31/2016,X5,2016,Africa,White,Hybrid,Manual,1.7,183653,61317,3631,Low
12/31/2018,X5,2018,South America,White,Electric,Manual,1.8,194668,70675,4400,Low
12/31/2019,7 Series,2019,Asia,Black,Petrol,Manual,3.7,36785,133614,1261,Low
12/31/2019,X5,2019,South America,Red,Electric,Automatic,3.7,89608,113979,4141,Low
12/31/2023,M5,2023,Europe,Red,Petrol,Manual,2.2,89788,128063,2036,Low
12/31/2021,3 Series,2021,Middle East,Grey,Diesel,Manual,4.6,1010,108059,5841,High
12/31/2024,5 Series,2024,Middle East,Red,Electric,Automatic,4,39142,147972,5595,High
12/31/2013,X3,2013,South America,Black,Petrol,Automatic,2.6,3533,66789,4513,Low
12/31/2014,M5,2014,Europe,Blue,Petrol,Automatic,2.4,25135,112196,1021,Low
12/31/2017,X1,2017,South America,Silver,Diesel,Automatic,4.1,47315,72261,4380,Low
12/31/2010,i3,2010,Africa,Black,Petrol,Automatic,4.1,71030,47582,2216,Low
12/31/2021,X1,2021,North America,Black,Petrol,Automatic,2,88149,71016,9264,High
12/31/2015,M3,2015,Europe,White,Petrol,Automatic,2.7,29978,92923,2011,Low
12/31/2024,5 Series,2024,Africa,White,Diesel,Automatic,2.3,103630,101052,4349,Low
12/31/2013,i8,2013,Europe,Grey,Petrol,Automatic,2.5,17678,134544,50,Low
12/31/2014,M5,2014,Asia,Blue,Hybrid,Automatic,2.5,161674,102592,1182,Low
12/31/2020,X6,2020,Europe,White,Petrol,Manual,4.9,50573,128690,3451,Low
12/31/2014,X1,2014,Europe,Silver,Electric,Manual,4.1,2819,88046,7329,High
12/31/2011,i3,2011,South America,Blue,Petrol,Manual,4.2,89826,47267,2743,Low
12/31/2017,i3,2017,Middle East,Blue,Electric,Manual,2.5,138079,73584,3407,Low
12/31/2024,i8,2024,Africa,Red,Hybrid,Manual,1.5,118563,155558,601,Low
12/31/2011,7 Series,2011,Africa,Grey,Diesel,Automatic,1.7,106801,64696,85,Low
12/31/2013,X5,2013,South America,Black,Diesel,Automatic,3.4,199711,46302,408,Low
12/31/2021,7 Series,2021,North America,Grey,Hybrid,Automatic,2.5,65146,133638,1798,Low
12/31/2022,X5,2022,Africa,White,Petrol,Automatic,2.2,86349,102336,3319,Low
12/31/2014,X6,2014,Europe,Blue,Diesel,Manual,1.7,15969,82195,3181,Low
12/31/2023,X1,2023,Asia,Grey,Hybrid,Manual,4.6,137146,99638,9199,High
12/31/2010,3 Series,2010,Middle East,White,Hybrid,Automatic,3.6,7106,69305,5662,High
12/31/2015,X1,2015,Middle East,Blue,Hybrid,Manual,1.9,166180,42841,5771,High
12/31/2011,M3,2011,South America,White,Petrol,Manual,4.2,51120,73790,802,Low
12/31/2023,X3,2023,Middle East,Red,Hybrid,Automatic,4.1,85411,124109,5574,High
12/31/2014,5 Series,2014,Middle East,Blue,Hybrid,Automatic,2.5,135509,72097,4581,Low
12/31/2024,M5,2024,Europe,Blue,Diesel,Manual,2.2,186289,122965,2419,Low
12/31/2015,M5,2015,Middle East,White,Diesel,Automatic,4.3,42739,131975,267,Low
12/31/2020,X1,2020,Africa,Red,Hybrid,Automatic,2.7,136175,71594,5551,High
12/31/2017,5 Series,2017,Europe,Silver,Petrol,Automatic,4.5,99828,94164,6764,High
12/31/2018,M5,2018,Africa,Blue,Hybrid,Automatic,1.7,72565,119817,1127,Low
12/31/2022,X6,2022,Africa,Silver,Hybrid,Manual,3.2,48640,129411,2314,Low
12/31/2024,i3,2024,Asia,Silver,Diesel,Manual,2.1,55523,90622,6209,High
12/31/2021,X1,2021,Europe,Red,Hybrid,Manual,3.9,15665,105744,7196,High
12/31/2015,M3,2015,Middle East,Red,Electric,Manual,5,42553,63537,1998,Low
12/31/2014,X3,2014,South America,Silver,Electric,Automatic,2.9,136400,66247,4869,Low
12/31/2021,M3,2021,North America,Black,Petrol,Manual,1.9,107772,90492,3847,Low
12/31/2013,7 Series,2013,Africa,Black,Hybrid,Automatic,2.6,99982,89757,50,Low
12/31/2011,M3,2011,Africa,Silver,Hybrid,Automatic,4.6,100666,75899,679,Low
12/31/2011,X5,2011,North America,Grey,Diesel,Automatic,4.2,192767,48284,6034,High
12/31/2016,i8,2016,North America,White,Electric,Automatic,2.3,99448,141468,50,Low
12/31/2014,7 Series,2014,North America,Silver,Petrol,Automatic,4.8,61678,112668,680,Low
12/31/2016,5 Series,2016,South America,Blue,Hybrid,Automatic,3.7,146008,78794,3383,Low
12/31/2022,i3,2022,Middle East,Red,Electric,Automatic,2.1,174407,86260,3919,Low
12/31/2020,3 Series,2020,Europe,Silver,Diesel,Automatic,3.5,147390,69675,9832,High
12/31/2010,M3,2010,Asia,Blue,Diesel,Automatic,3.1,25865,67404,1962,Low
12/31/2010,M3,2010,Middle East,Grey,Hybrid,Manual,4.4,93339,77922,935,Low
12/31/2014,i3,2014,Asia,Grey,Diesel,Automatic,2.7,56441,55876,5657,High
12/31/2011,i8,2011,Africa,White,Hybrid,Automatic,4.6,169657,110444,50,Low
12/31/2017,X5,2017,Middle East,White,Hybrid,Manual,4.3,8099,116303,3917,Low
12/31/2023,X6,2023,Middle East,Blue,Petrol,Manual,3.9,50663,132333,3336,Low
12/31/2024,X3,2024,South America,White,Diesel,Manual,2.4,145314,78975,5891,High
12/31/2012,X3,2012,South America,Grey,Diesel,Automatic,4.9,149753,48085,4253,Low
12/31/2010,5 Series,2010,North America,Red,Diesel,Automatic,3.4,146511,44947,5803,High
12/31/2022,M5,2022,Africa,Silver,Hybrid,Manual,4.7,195697,200000,403,Low
12/31/2011,i3,2011,Middle East,Black,Hybrid,Manual,2.3,47680,32891,3156,Low
12/31/2019,X1,2019,South America,Grey,Hybrid,Manual,4.9,92757,90600,5240,High
12/31/2019,M5,2019,Europe,Silver,Electric,Manual,4.4,78019,141941,1902,Low
12/31/2016,X3,2016,Middle East,Grey,Petrol,Manual,4.8,9403,93014,5112,High
12/31/2015,M5,2015,North America,Red,Diesel,Manual,2.2,65050,99955,1348,Low
12/31/2021,M5,2021,Asia,White,Petrol,Automatic,3,1125,155652,1432,Low
12/31/2017,5 Series,2017,Europe,Blue,Petrol,Manual,1.8,192586,51749,6684,High
12/31/2016,5 Series,2016,South America,Grey,Hybrid,Manual,2,131614,65907,4766,Low
12/31/2023,X5,2023,Middle East,Blue,Electric,Automatic,2.5,64963,133789,4419,Low
12/31/2019,7 Series,2019,South America,Black,Hybrid,Automatic,4.8,111958,131234,863,Low
12/31/2022,M5,2022,Africa,Blue,Petrol,Automatic,3.8,88107,139267,837,Low
12/31/2017,i3,2017,Africa,White,Hybrid,Manual,2.6,83939,74910,2383,Low
12/31/2012,X1,2012,South America,White,Electric,Automatic,4.8,73203,67448,3879,Low
12/31/2015,7 Series,2015,Asia,Silver,Diesel,Automatic,4.1,64778,108219,1090,Low
12/31/2022,M5,2022,Middle East,Grey,Diesel,Automatic,4.7,78884,157361,806,Low
12/31/2016,X3,2016,Middle East,Silver,Petrol,Manual,4.7,55691,85195,6101,High
12/31/2024,M3,2024,Middle East,Grey,Hybrid,Manual,4.1,34356,150104,2486,Low
12/31/2019,X5,2019,Middle East,Grey,Electric,Manual,2.4,112104,98635,4432,Low
12/31/2020,i3,2020,Middle East,Grey,Diesel,Manual,5,21513,103004,2938,Low
12/31/2010,M3,2010,North America,Black,Electric,Automatic,2.6,9653,90074,1656,Low
12/31/2010,M5,2010,South America,White,Diesel,Automatic,3.9,54883,96897,50,Low
12/31/2016,X3,2016,Africa,Black,Electric,Automatic,4.5,76701,93183,4376,Low
12/31/2022,7 Series,2022,Middle East,Red,Diesel,Manual,2.1,41542,128411,931,Low
12/31/2020,i8,2020,Asia,Black,Electric,Manual,3.6,191527,141954,821,Low
12/31/2022,X5,2022,Africa,Blue,Electric,Manual,2.8,49006,124645,743,Low
12/31/2012,5 Series,2012,Africa,Black,Petrol,Automatic,2.4,8646,64878,3426,Low
12/31/2012,M3,2012,North America,Silver,Hybrid,Manual,1.5,16005,77920,2467,Low
12/31/2024,X3,2024,South America,Black,Petrol,Manual,4.6,176939,96992,5936,High
12/31/2014,M3,2014,North America,Blue,Petrol,Manual,2,47709,74947,2457,Low
12/31/2024,X5,2024,South America,Black,Hybrid,Manual,4.6,185579,113686,3988,Low
12/31/2020,X3,2020,Africa,Grey,Hybrid,Manual,3.6,163517,80261,5937,High
12/31/2015,X6,2015,Middle East,Silver,Diesel,Manual,3.7,196193,72219,2713,Low
12/31/2011,i3,2011,Asia,Grey,Hybrid,Manual,4.4,80559,65185,4166,Low
12/31/2012,X5,2012,Europe,Grey,Petrol,Manual,3.3,148964,56175,5678,High
12/31/2015,3 Series,2015,Middle East,White,Hybrid,Automatic,2.8,119322,65770,5906,High
12/31/2012,7 Series,2012,Europe,Grey,Electric,Manual,2,105595,87469,669,Low
12/31/2023,M5,2023,South America,Blue,Diesel,Automatic,3.5,166824,119973,1518,Low
12/31/2014,3 Series,2014,South America,White,Petrol,Automatic,3.4,47017,61943,13606,High
12/31/2018,i8,2018,South America,Black,Diesel,Manual,2.5,75331,127230,50,Low
12/31/2021,i3,2021,Africa,Red,Hybrid,Manual,3.6,121998,87773,3038,Low
12/31/2012,7 Series,2012,Middle East,Black,Diesel,Manual,3,180943,73741,351,Low
12/31/2021,M5,2021,Middle East,Silver,Hybrid,Automatic,4.3,50894,161494,1158,Low
12/31/2020,X1,2020,South America,Silver,Diesel,Automatic,3.5,80980,78723,5328,High
12/31/2022,i3,2022,Africa,White,Petrol,Automatic,4.8,11188,113498,2516,Low
12/31/2022,X5,2022,Asia,Silver,Hybrid,Manual,3.3,48726,126293,6398,High
12/31/2015,M5,2015,Africa,Grey,Petrol,Manual,4.6,44987,116593,120,Low
12/31/2020,M5,2020,Asia,White,Petrol,Automatic,3.3,64520,138200,1571,Low
12/31/2014,X3,2014,Asia,Grey,Hybrid,Automatic,3.5,173599,60768,9645,High
12/31/2014,X3,2014,Africa,White,Hybrid,Automatic,2.8,42488,76649,3515,Low
12/31/2020,3 Series,2020,Middle East,Black,Petrol,Manual,2.9,152179,66930,6380,High
12/31/2023,X3,2023,Middle East,White,Electric,Automatic,4.8,76350,135062,5719,High
12/31/2023,X6,2023,North America,Silver,Electric,Manual,2.3,63852,136287,5157,High
12/31/2015,3 Series,2015,Middle East,Blue,Hybrid,Automatic,1.9,106820,62214,5524,High
12/31/2015,i8,2015,South America,Black,Electric,Manual,4.4,25508,151347,50,Low
12/31/2010,i3,2010,Africa,Black,Hybrid,Automatic,3.5,26972,58436,2000,Low
12/31/2020,X6,2020,North America,Black,Petrol,Manual,2.5,149268,94721,5120,High
12/31/2024,5 Series,2024,South America,White,Electric,Automatic,3,60479,122863,5326,High
12/31/2018,3 Series,2018,South America,White,Electric,Manual,3.3,87750,87355,6901,High
12/31/2014,3 Series,2014,North America,White,Petrol,Manual,3.6,153669,49329,10056,High
12/31/2010,X5,2010,Europe,White,Electric,Automatic,4.4,33531,93603,723,Low
12/31/2017,7 Series,2017,Middle East,Blue,Diesel,Manual,2.9,173351,91636,928,Low
12/31/2016,i3,2016,Asia,Blue,Electric,Manual,3.9,90629,86067,5033,High
12/31/2016,7 Series,2016,North America,Grey,Hybrid,Manual,4.4,108730,116376,834,Low
12/31/2024,X3,2024,South America,Red,Petrol,Automatic,4.5,23048,123926,5263,High
12/31/2023,7 Series,2023,Middle East,Blue,Diesel,Automatic,2.4,56566,142544,891,Low
12/31/2014,M5,2014,Africa,White,Electric,Automatic,2.7,190151,90881,349,Low
12/31/2010,i8,2010,Africa,Silver,Petrol,Manual,3.6,177659,91146,50,Low
12/31/2018,X6,2018,Asia,Red,Electric,Automatic,4.6,126421,122192,4825,Low
12/31/2020,X5,2020,Asia,Blue,Electric,Manual,4.3,199,142347,5899,High
12/31/2018,X5,2018,South America,Black,Diesel,Automatic,3.5,139627,79956,4139,Low
12/31/2017,M3,2017,Middle East,Red,Diesel,Manual,4.9,63933,107698,1453,Low
12/31/2014,5 Series,2014,Asia,Silver,Petrol,Manual,3,33057,72939,6515,High
12/31/2023,X3,2023,North America,White,Petrol,Automatic,4.4,114288,107548,9812,High
12/31/2012,7 Series,2012,Asia,Red,Petrol,Manual,4.4,67529,99648,708,Low
12/31/2017,i3,2017,Middle East,White,Diesel,Automatic,4.7,151317,71460,3206,Low
12/31/2010,X1,2010,Asia,Black,Electric,Automatic,5,183934,44701,6936,High
12/31/2012,X6,2012,North America,Red,Diesel,Manual,3.2,40524,79848,2998,Low
12/31/2021,3 Series,2021,Africa,Silver,Hybrid,Automatic,2.2,110050,84512,5681,High
12/31/2020,X3,2020,Europe,White,Diesel,Manual,3.1,170695,66701,10006,High
12/31/2016,i8,2016,South America,Grey,Petrol,Automatic,4.5,60130,139188,50,Low
12/31/2023,M5,2023,Asia,Silver,Hybrid,Automatic,4.4,23900,167375,2315,Low
12/31/2024,M5,2024,Middle East,Grey,Diesel,Manual,2.7,1789,152049,1336,Low
12/31/2013,X1,2013,South America,Black,Electric,Automatic,1.7,71581,50522,4678,Low
12/31/2016,i3,2016,North America,Grey,Hybrid,Manual,3.3,103034,72516,4797,Low
12/31/2021,X6,2021,Middle East,Red,Diesel,Manual,3.2,1308,124586,2752,Low
12/31/2020,7 Series,2020,South America,Red,Petrol,Manual,1.8,123173,99622,901,Low
12/31/2022,7 Series,2022,Middle East,Red,Petrol,Automatic,4.3,45060,159610,137,Low
12/31/2023,3 Series,2023,South America,Grey,Diesel,Automatic,2.5,28371,102125,6863,High
12/31/2014,X5,2014,Asia,Black,Petrol,Manual,3.8,25626,91637,4735,Low
12/31/2015,7 Series,2015,North America,Silver,Electric,Automatic,1.9,118334,100439,895,Low
12/31/2023,X6,2023,Africa,Red,Electric,Automatic,4.5,90460,140532,2611,Low
12/31/2016,7 Series,2016,Middle East,Silver,Diesel,Automatic,4.1,12555,124848,237,Low
12/31/2024,7 Series,2024,Europe,White,Electric,Manual,2.9,123322,141780,2297,Low
12/31/2022,7 Series,2022,South America,Black,Hybrid,Manual,3.7,185145,128010,1397,Low
12/31/2019,X6,2019,North America,Blue,Hybrid,Automatic,2.2,69925,114557,4549,Low
12/31/2021,i8,2021,Europe,Grey,Electric,Automatic,4.9,60192,194275,90,Low
12/31/2016,X1,2016,Middle East,Grey,Petrol,Manual,4.3,177058,50202,5888,High
12/31/2016,M5,2016,Middle East,Black,Diesel,Manual,4.3,93366,122064,522,Low
12/31/2016,X6,2016,Europe,Black,Electric,Automatic,2,102142,95623,3197,Low
12/31/2020,X6,2020,Africa,Blue,Electric,Automatic,1.6,3130,119210,2701,Low
12/31/2022,X6,2022,Middle East,White,Hybrid,Manual,3.5,18223,134125,2815,Low
12/31/2022,M5,2022,South America,Blue,Hybrid,Manual,2,178016,115237,2124,Low
12/31/2016,7 Series,2016,North America,Blue,Petrol,Manual,4.2,100716,113056,1067,Low
12/31/2012,7 Series,2012,Middle East,Grey,Diesel,Automatic,3,1206,110015,50,Low
12/31/2024,X3,2024,Africa,Blue,Hybrid,Automatic,2.7,54110,108434,5984,High
12/31/2021,X6,2021,Africa,White,Hybrid,Automatic,1.8,140523,96197,3248,Low
12/31/2012,M3,2012,Europe,Blue,Electric,Manual,5,97688,89705,2027,Low
12/31/2016,5 Series,2016,North America,Silver,Petrol,Manual,4.8,60791,134564,6629,High
12/31/2023,M3,2023,Asia,Red,Hybrid,Automatic,2,51969,127219,3603,Low
12/31/2011,M3,2011,Europe,Black,Diesel,Manual,2.7,175697,39723,2880,Low
12/31/2023,5 Series,2023,Middle East,Silver,Diesel,Manual,2.9,159784,86627,5243,High
12/31/2011,X3,2011,Europe,Red,Hybrid,Manual,2.5,124505,43922,8568,High
12/31/2012,X5,2012,Middle East,White,Electric,Automatic,4.8,97741,91188,3026,Low
12/31/2023,i8,2023,Asia,Silver,Diesel,Automatic,4,168774,149569,701,Low
12/31/2013,X1,2013,Europe,Silver,Hybrid,Automatic,4.8,156203,53498,7601,High
12/31/2015,X1,2015,Africa,Grey,Diesel,Manual,4.6,128089,49081,3826,Low
12/31/2022,7 Series,2022,South America,Red,Petrol,Manual,4.1,30394,143070,808,Low
12/31/2017,M5,2017,South America,Black,Hybrid,Automatic,3.9,70695,138979,219,Low
12/31/2019,M5,2019,Africa,Black,Petrol,Automatic,4.5,171067,114125,663,Low
12/31/2019,M5,2019,South America,Red,Hybrid,Automatic,3.9,157178,127194,1230,Low
12/31/2016,X5,2016,South America,Blue,Diesel,Manual,2.2,78990,72028,3904,Low
12/31/2013,7 Series,2013,Europe,White,Diesel,Automatic,3.8,198715,77227,880,Low
12/31/2011,M5,2011,North America,Grey,Electric,Manual,3.3,33908,118700,535,Low
12/31/2011,3 Series,2011,Middle East,Blue,Diesel,Manual,4.9,3137,68538,6279,High
12/31/2024,5 Series,2024,South America,White,Electric,Automatic,3.3,178086,107097,5700,High
12/31/2013,i8,2013,South America,Black,Electric,Automatic,1.6,20014,131626,50,Low
12/31/2015,3 Series,2015,Africa,Black,Diesel,Manual,2.4,168031,25000,5140,High
12/31/2012,5 Series,2012,Africa,Red,Electric,Automatic,4.7,5484,98775,2837,Low
12/31/2015,M5,2015,Europe,Blue,Petrol,Automatic,4.9,146022,117257,1223,Low
12/31/2014,i8,2014,North America,Grey,Hybrid,Automatic,4,139028,129604,50,Low
12/31/2014,X5,2014,Europe,Blue,Electric,Automatic,1.7,66025,79577,5063,High
12/31/2011,i3,2011,Asia,Grey,Electric,Manual,1.6,114957,42182,5195,High
12/31/2017,i3,2017,North America,Grey,Hybrid,Automatic,3.2,94798,79375,5538,High
12/31/2014,7 Series,2014,Middle East,Silver,Diesel,Automatic,5,89749,112457,122,Low
12/31/2020,i8,2020,Europe,Red,Electric,Manual,4.5,29511,181454,112,Low
12/31/2011,7 Series,2011,Europe,Red,Electric,Automatic,4.8,165961,96660,487,Low
12/31/2016,X3,2016,North America,White,Electric,Manual,3.7,17295,98908,8313,High
12/31/2022,i8,2022,Europe,Black,Diesel,Manual,4.5,158464,158732,303,Low
12/31/2024,5 Series,2024,North America,Red,Hybrid,Manual,2.6,9162,130491,7217,High
12/31/2018,X3,2018,Middle East,Red,Hybrid,Automatic,1.6,117703,71694,7321,High
12/31/2018,7 Series,2018,Europe,Black,Hybrid,Manual,4.7,170885,117787,1886,Low
12/31/2010,X5,2010,Europe,White,Diesel,Manual,2.3,95690,47611,5874,High
12/31/2016,5 Series,2016,North America,Silver,Petrol,Manual,4,52105,87418,5973,High
12/31/2018,i3,2018,Europe,Black,Petrol,Manual,3.8,85082,77192,4689,Low
12/31/2015,X6,2015,South America,Black,Hybrid,Automatic,2.1,149116,78065,2276,Low
12/31/2010,X1,2010,Asia,Black,Petrol,Manual,2.2,33232,34707,7834,High
12/31/2011,X1,2011,North America,Silver,Hybrid,Automatic,2.7,121010,39840,7003,High
12/31/2013,M3,2013,North America,Grey,Diesel,Manual,4.1,84689,74503,2573,Low
12/31/2023,i3,2023,Africa,Red,Hybrid,Manual,1.6,159530,75126,4285,Low
12/31/2013,M5,2013,South America,White,Hybrid,Manual,2.9,122537,95601,327,Low
12/31/2011,M3,2011,Asia,Black,Petrol,Manual,3.8,84482,69003,2268,Low
12/31/2017,3 Series,2017,North America,Blue,Hybrid,Automatic,2.1,148688,61440,10516,High
12/31/2011,5 Series,2011,Asia,Black,Diesel,Automatic,1.9,108654,43950,7383,High
12/31/2012,X3,2012,Middle East,Silver,Electric,Automatic,2.9,177855,54872,5576,High
12/31/2023,X5,2023,Asia,Blue,Diesel,Automatic,2.5,22965,118918,5741,High
12/31/2013,X3,2013,Middle East,Grey,Diesel,Manual,3.8,120974,53458,5358,High
12/31/2018,M3,2018,Africa,Black,Hybrid,Manual,4.9,103439,109295,1824,Low
12/31/2019,3 Series,2019,Middle East,Blue,Diesel,Automatic,1.5,181171,50718,6312,High
12/31/2010,X3,2010,Europe,White,Electric,Automatic,4.7,169389,56960,7070,High
12/31/2017,X3,2017,Africa,White,Electric,Manual,3,158691,67296,5036,High
12/31/2021,7 Series,2021,North America,White,Petrol,Automatic,3.8,157587,118718,1877,Low
12/31/2024,i3,2024,Africa,White,Petrol,Automatic,4.5,185461,86463,3478,Low
12/31/2023,5 Series,2023,North America,Grey,Petrol,Manual,3.5,145922,96136,6543,High
12/31/2014,M3,2014,Asia,Red,Electric,Manual,1.8,74993,83709,2447,Low
12/31/2016,X6,2016,Europe,Blue,Petrol,Manual,2,162973,68997,3525,Low
12/31/2017,7 Series,2017,North America,White,Hybrid,Automatic,4.3,165803,111194,1297,Low
12/31/2024,X5,2024,South America,Black,Electric,Manual,2.3,154940,110483,4999,Low
12/31/2014,X1,2014,Middle East,Silver,Petrol,Automatic,3.5,127944,46534,5844,High
12/31/2017,3 Series,2017,South America,Red,Diesel,Manual,3,186195,46661,5532,High
12/31/2019,3 Series,2019,South America,Blue,Petrol,Manual,2.6,10955,85955,6460,High
12/31/2020,X3,2020,Asia,Black,Hybrid,Automatic,4.3,37058,117424,9940,High
12/31/2017,i3,2017,South America,Black,Electric,Automatic,4.1,27290,98753,2850,Low
12/31/2018,5 Series,2018,Middle East,Silver,Electric,Automatic,3.8,136721,104383,5171,High
12/31/2011,7 Series,2011,Asia,Blue,Hybrid,Automatic,2.8,157549,82281,722,Low
12/31/2012,3 Series,2012,Africa,Silver,Hybrid,Manual,2.3,20272,57713,4599,Low
12/31/2010,i3,2010,Europe,Black,Petrol,Manual,3.3,199073,25000,4735,Low
12/31/2013,i3,2013,Europe,Black,Electric,Automatic,4.4,165299,61541,4716,Low
12/31/2024,X1,2024,Africa,Blue,Electric,Automatic,3.5,105290,103209,1057,Low
12/31/2024,5 Series,2024,South America,Silver,Hybrid,Manual,4.9,158803,115553,5127,High
12/31/2014,X3,2014,Middle East,Grey,Petrol,Automatic,1.6,128070,45691,5479,High
12/31/2020,X1,2020,Africa,Red,Petrol,Manual,5,171949,72030,4607,Low
12/31/2010,X1,2010,North America,Grey,Petrol,Manual,3.9,147965,28194,7508,High
12/31/2017,X3,2017,Middle East,Silver,Diesel,Automatic,4.4,149458,73251,5144,High
12/31/2011,M3,2011,North America,Black,Hybrid,Automatic,2.7,167885,56951,2637,Low
12/31/2010,X6,2010,South America,Grey,Diesel,Manual,3.3,134198,51199,1739,Low
12/31/2011,5 Series,2011,Europe,Grey,Petrol,Automatic,4.3,23067,73922,6500,High
12/31/2024,i3,2024,North America,Grey,Hybrid,Automatic,4.2,85539,122249,6167,High
12/31/2022,X3,2022,North America,Red,Hybrid,Automatic,2.7,116870,101687,10205,High
12/31/2014,M3,2014,North America,Black,Hybrid,Automatic,2.6,95153,80197,2696,Low
12/31/2018,M3,2018,South America,White,Diesel,Automatic,3.8,75240,92503,1514,Low
12/31/2018,i3,2018,North America,Grey,Electric,Manual,4.8,29758,113736,4851,Low
12/31/2011,i8,2011,Asia,Blue,Diesel,Manual,3,141628,103593,50,Low
12/31/2011,5 Series,2011,South America,Silver,Hybrid,Manual,2.7,24520,72238,3380,Low
12/31/2012,M5,2012,South America,Silver,Electric,Manual,4.6,82977,112351,50,Low
12/31/2016,5 Series,2016,Asia,White,Electric,Automatic,3.9,44503,111351,7365,High
12/31/2020,3 Series,2020,South America,White,Petrol,Automatic,2.9,157942,64695,5921,High
12/31/2012,3 Series,2012,Africa,White,Diesel,Manual,1.7,11728,44627,4509,Low
12/31/2010,X3,2010,Middle East,White,Electric,Automatic,4,152508,53689,4848,Low
12/31/2023,M5,2023,Europe,Silver,Petrol,Automatic,2.7,36126,156056,1808,Low
12/31/2023,X5,2023,Africa,White,Electric,Automatic,1.7,34174,123499,4351,Low
12/31/2023,7 Series,2023,South America,Blue,Electric,Automatic,3.6,13710,157100,1146,Low
12/31/2015,i3,2015,Africa,Silver,Diesel,Automatic,2.6,123051,48698,2480,Low
12/31/2012,7 Series,2012,Europe,Silver,Diesel,Automatic,2.7,131726,79207,736,Low
12/31/2010,i3,2010,South America,Black,Petrol,Manual,3.2,197328,25000,2429,Low
12/31/2023,X6,2023,South America,Blue,Electric,Automatic,4,150551,121511,3475,Low
12/31/2022,X6,2022,Europe,Red,Petrol,Manual,2.5,90956,103863,4595,Low
12/31/2013,i3,2013,Asia,Blue,Hybrid,Manual,1.8,65577,54735,4404,Low
12/31/2022,X5,2022,North America,Silver,Hybrid,Automatic,3,70590,125199,6213,High
12/31/2010,M3,2010,Asia,Silver,Petrol,Automatic,1.7,166036,38820,2772,Low
12/31/2010,3 Series,2010,South America,Black,Hybrid,Manual,3.9,96920,48425,5331,High
12/31/2021,i8,2021,Europe,White,Hybrid,Automatic,4.9,192786,154243,610,Low
12/31/2011,i8,2011,South America,Blue,Petrol,Automatic,3.8,32879,120964,50,Low
12/31/2019,i8,2019,Europe,Grey,Diesel,Automatic,2.5,174338,118581,454,Low
12/31/2017,M3,2017,Asia,Red,Hybrid,Manual,2.1,89084,93887,2833,Low
12/31/2011,3 Series,2011,Middle East,Silver,Electric,Manual,2.3,21624,65440,4926,Low
12/31/2020,5 Series,2020,Asia,Black,Electric,Manual,2.3,91313,97211,1034,Low
12/31/2011,M5,2011,Middle East,Blue,Diesel,Automatic,2.6,163230,74317,520,Low
12/31/2024,X3,2024,South America,Blue,Hybrid,Manual,1.8,113158,95730,6412,High
12/31/2020,M5,2020,Asia,Red,Hybrid,Automatic,4.6,62563,150118,2144,Low
12/31/2020,i8,2020,Europe,Blue,Diesel,Automatic,4.6,136898,146789,168,Low
12/31/2019,X3,2019,Middle East,Blue,Petrol,Manual,3.7,112827,82363,6316,High
12/31/2019,7 Series,2019,North America,Grey,Hybrid,Manual,1.7,91913,121502,1983,Low
12/31/2017,7 Series,2017,Asia,Black,Electric,Manual,4.3,114038,123498,1093,Low
12/31/2021,M3,2021,Africa,Silver,Electric,Automatic,1.7,72026,111395,2324,Low
12/31/2015,M3,2015,Middle East,Blue,Hybrid,Manual,1.9,12101,97781,1503,Low
12/31/2021,7 Series,2021,Africa,White,Electric,Automatic,2.6,13651,142231,841,Low
12/31/2020,X3,2020,South America,Red,Petrol,Manual,3,85141,78970,5876,High
12/31/2013,X3,2013,South America,Red,Petrol,Automatic,2.7,50683,61786,4300,Low
12/31/2012,X3,2012,Asia,Silver,Electric,Manual,2.1,65521,62180,7175,High
12/31/2010,5 Series,2010,Africa,White,Electric,Automatic,1.9,134937,46773,3430,Low
12/31/2020,i8,2020,Africa,Black,Electric,Manual,4.5,140776,155019,91,Low
12/31/2012,3 Series,2012,North America,Blue,Hybrid,Automatic,2.8,65600,85749,7969,High
12/31/2021,M3,2021,Europe,Blue,Electric,Automatic,2.3,118499,113754,3701,Low
12/31/2023,M5,2023,Asia,Grey,Petrol,Automatic,3.2,159124,129981,1998,Low
12/31/2018,i8,2018,Europe,Silver,Diesel,Manual,1.6,175437,111710,378,Low
12/31/2014,7 Series,2014,North America,Silver,Diesel,Manual,3.6,137362,94174,850,Low
12/31/2022,M5,2022,Africa,Black,Petrol,Manual,2.4,62856,128836,939,Low
12/31/2015,3 Series,2015,Africa,Silver,Electric,Manual,3.6,82728,74995,5139,High
12/31/2014,X6,2014,Asia,Blue,Hybrid,Automatic,3.6,23068,103810,3104,Low
12/31/2010,M3,2010,Africa,Blue,Hybrid,Automatic,4.3,117741,72543,459,Low
12/31/2019,X3,2019,Middle East,Red,Hybrid,Automatic,2.3,119086,83118,5625,High
12/31/2010,M3,2010,Middle East,Blue,Electric,Manual,3.1,104385,75130,1010,Low
12/31/2013,M5,2013,Africa,Grey,Diesel,Automatic,4.9,55922,113091,50,Low
12/31/2024,M5,2024,Asia,Red,Diesel,Automatic,4,51422,151816,2277,Low
12/31/2012,5 Series,2012,Africa,Silver,Diesel,Automatic,4.9,111993,63275,2777,Low
12/31/2020,M5,2020,Middle East,Grey,Electric,Automatic,4.7,13982,170792,986,Low
12/31/2017,7 Series,2017,North America,Red,Petrol,Manual,3.6,171021,98853,1243,Low
12/31/2021,X5,2021,Europe,Red,Hybrid,Automatic,2.4,195222,85702,7168,High
12/31/2021,X5,2021,Africa,White,Petrol,Automatic,4.1,51422,116191,2690,Low
12/31/2016,X5,2016,Europe,Black,Electric,Automatic,3.9,154831,93668,4783,Low
12/31/2024,M3,2024,South America,White,Hybrid,Manual,3.6,66695,137562,2138,Low
12/31/2020,M3,2020,South America,Silver,Petrol,Manual,3.9,189312,87437,1768,Low
12/31/2024,X1,2024,North America,Blue,Hybrid,Automatic,3.6,153613,97760,8605,High
12/31/2016,X3,2016,Middle East,Red,Petrol,Manual,3.3,192219,54625,5578,High
12/31/2024,M5,2024,Europe,Black,Electric,Manual,3,135637,146730,2258,Low
12/31/2017,5 Series,2017,Europe,Red,Petrol,Automatic,1.7,74220,75935,6319,High
12/31/2023,i3,2023,Europe,Grey,Hybrid,Manual,4.5,5196,128033,4808,Low
12/31/2019,5 Series,2019,Europe,Silver,Diesel,Automatic,4.5,175175,82722,7217,High
12/31/2016,3 Series,2016,Asia,White,Diesel,Manual,3.6,186105,47646,10141,High
12/31/2019,X6,2019,Asia,White,Hybrid,Automatic,2.4,163766,97221,4372,Low
12/31/2011,X3,2011,North America,White,Diesel,Automatic,1.6,18610,49780,6906,High
12/31/2013,3 Series,2013,Middle East,Red,Electric,Manual,1.5,154246,44990,6064,High
12/31/2024,X1,2024,Europe,Silver,Petrol,Manual,1.8,46210,90291,8683,High
12/31/2020,3 Series,2020,Africa,Red,Electric,Automatic,2.8,145498,80348,5175,High
12/31/2015,M5,2015,Middle East,Red,Hybrid,Automatic,2.2,66322,122534,417,Low
12/31/2012,M5,2012,Europe,White,Petrol,Manual,2.4,123245,81122,1273,Low
12/31/2024,3 Series,2024,Asia,Black,Petrol,Manual,3.9,188145,83485,9622,High
12/31/2012,X5,2012,Asia,Blue,Petrol,Manual,4.9,26620,87979,4525,Low
12/31/2024,3 Series,2024,Middle East,Black,Hybrid,Automatic,2.2,184107,89746,7623,High
12/31/2015,5 Series,2015,Africa,Grey,Hybrid,Automatic,3.1,55487,86537,3608,Low
12/31/2010,3 Series,2010,Europe,Black,Petrol,Manual,5,176192,36518,9296,High
12/31/2023,M3,2023,Asia,Black,Petrol,Automatic,4.8,120723,116868,3126,Low
12/31/2010,M5,2010,Europe,Black,Petrol,Automatic,2.7,143308,77850,1058,Low
12/31/2014,X5,2014,Asia,White,Hybrid,Automatic,2.6,181379,65854,6059,High
12/31/2010,X6,2010,Europe,White,Electric,Automatic,2.3,179187,59816,3521,Low
12/31/2019,X5,2019,Africa,Silver,Hybrid,Automatic,2,96603,90564,3601,Low
12/31/2017,M3,2017,Africa,Silver,Diesel,Automatic,3.1,48761,94854,3189,Low
12/31/2011,5 Series,2011,Europe,Grey,Hybrid,Automatic,2.7,53566,66976,6539,High
12/31/2015,M5,2015,North America,Black,Petrol,Automatic,4.1,147048,103628,1570,Low
12/31/2019,X6,2019,Africa,White,Electric,Manual,2.3,111042,105273,2902,Low
12/31/2019,X1,2019,North America,White,Diesel,Automatic,4.1,184229,61506,9106,High
12/31/2014,X1,2014,South America,White,Petrol,Automatic,2.5,84220,45291,4442,Low
12/31/2019,M3,2019,North America,Blue,Hybrid,Automatic,3.6,97702,115286,2747,Low
12/31/2021,X1,2021,Africa,Silver,Diesel,Manual,3.7,31558,88435,4393,Low
12/31/2021,X5,2021,Middle East,Grey,Hybrid,Automatic,3.9,32132,129052,4064,Low
12/31/2013,3 Series,2013,North America,Blue,Petrol,Automatic,2.1,58369,51922,10536,High
12/31/2010,X1,2010,Asia,Red,Electric,Manual,2.5,117112,38096,8071,High
12/31/2023,M3,2023,Asia,Grey,Electric,Manual,2.4,120012,114876,4223,Low
12/31/2023,7 Series,2023,North America,Blue,Petrol,Automatic,3.5,165836,131073,1682,Low
12/31/2012,X5,2012,South America,Silver,Hybrid,Automatic,1.8,27950,72555,2678,Low
12/31/2022,X3,2022,Asia,Blue,Petrol,Automatic,3.3,128608,85303,9674,High
12/31/2021,3 Series,2021,Middle East,Blue,Diesel,Manual,1.8,96365,70689,6240,High
12/31/2013,7 Series,2013,Middle East,Silver,Diesel,Manual,2.7,172832,72109,587,Low
12/31/2011,i3,2011,Asia,Silver,Petrol,Manual,3.9,36014,59663,5002,High
12/31/2021,3 Series,2021,Asia,Blue,Petrol,Manual,2.9,45007,87474,8965,High
12/31/2011,i8,2011,Europe,White,Electric,Automatic,2.5,101639,122880,50,Low
12/31/2011,X5,2011,Africa,White,Hybrid,Automatic,3.7,81206,70730,2091,Low
12/31/2020,7 Series,2020,South America,Grey,Diesel,Manual,4.1,143467,107566,991,Low
12/31/2010,3 Series,2010,Africa,White,Diesel,Manual,2.4,164655,25000,5134,High
12/31/2019,3 Series,2019,Asia,Black,Electric,Automatic,2.5,102383,90323,10448,High
12/31/2011,3 Series,2011,Middle East,Grey,Diesel,Manual,3.7,6795,58634,5513,High
12/31/2015,3 Series,2015,Europe,Grey,Electric,Manual,4.9,79679,88520,7513,High
12/31/2012,X3,2012,Europe,Silver,Diesel,Automatic,2.2,43179,49874,7286,High
12/31/2019,3 Series,2019,Europe,Blue,Diesel,Manual,3.8,543,90468,7939,High
12/31/2014,3 Series,2014,Asia,Blue,Diesel,Manual,4.7,37547,73939,15000,High
12/31/2010,7 Series,2010,Asia,Silver,Petrol,Automatic,3.1,87110,83773,651,Low
12/31/2017,7 Series,2017,Asia,Red,Hybrid,Manual,2.6,144506,108314,1126,Low
12/31/2022,M5,2022,Europe,Grey,Diesel,Manual,3.8,132542,128293,1918,Low
12/31/2013,M5,2013,Europe,Grey,Electric,Automatic,1.6,94839,108519,826,Low
12/31/2018,i3,2018,Europe,White,Petrol,Automatic,2.8,145912,60854,4733,Low
12/31/2013,M5,2013,Asia,Red,Petrol,Manual,2.4,97704,91065,1355,Low
12/31/2023,X1,2023,North America,Grey,Petrol,Manual,2.3,118264,76992,8796,High
12/31/2024,M5,2024,North America,Black,Electric,Manual,2.1,195910,129367,3157,Low
12/31/2024,X1,2024,Middle East,White,Electric,Manual,4.1,81442,115392,6322,High
12/31/2024,i8,2024,Europe,Silver,Hybrid,Manual,4.8,128441,172143,96,Low
12/31/2011,M3,2011,Middle East,White,Diesel,Automatic,2.8,74757,65171,1356,Low
12/31/2012,X3,2012,Middle East,Red,Diesel,Manual,1.7,193761,25000,5110,High
12/31/2014,3 Series,2014,Asia,Red,Diesel,Automatic,4,126595,53392,8585,High
12/31/2021,M3,2021,Asia,Silver,Hybrid,Automatic,3.4,102945,121724,3105,Low
12/31/2019,5 Series,2019,Asia,Grey,Electric,Manual,4,134690,100321,6907,High
12/31/2024,7 Series,2024,Middle East,Grey,Diesel,Automatic,3.8,75462,144800,1271,Low
12/31/2022,i8,2022,South America,Black,Diesel,Automatic,4.7,89447,162998,50,Low
12/31/2022,3 Series,2022,Europe,Silver,Hybrid,Manual,2,54624,100335,10778,High
12/31/2023,M3,2023,North America,Silver,Electric,Manual,2.1,175559,105249,4177,Low
12/31/2015,M5,2015,South America,White,Petrol,Automatic,2.7,153466,87776,771,Low
12/31/2016,5 Series,2016,North America,Silver,Electric,Manual,3.2,146935,83239,6333,High
12/31/2013,i8,2013,North America,White,Hybrid,Manual,4.7,147394,130879,50,Low
12/31/2016,5 Series,2016,South America,Silver,Diesel,Automatic,4.7,190344,69360,3738,Low
12/31/2024,X6,2024,South America,Grey,Petrol,Automatic,4.6,37916,141931,2866,Low
12/31/2019,M3,2019,Asia,Blue,Diesel,Automatic,2.3,73906,96350,3538,Low
12/31/2012,X5,2012,Europe,Red,Diesel,Manual,4.1,10871,81044,886,Low
12/31/2016,X1,2016,Europe,Grey,Electric,Manual,2.8,88081,68227,7645,High
12/31/2013,M5,2013,Africa,White,Electric,Automatic,4.8,165587,107400,50,Low
12/31/2022,i3,2022,South America,Red,Hybrid,Manual,2.3,183059,71336,4874,Low
12/31/2022,5 Series,2022,Africa,Black,Petrol,Manual,2,198078,68868,4015,Low
12/31/2017,M3,2017,South America,Silver,Petrol,Automatic,4.4,90837,98071,1296,Low
12/31/2018,X3,2018,Middle East,Grey,Diesel,Automatic,4,155449,74848,6724,High
12/31/2016,3 Series,2016,Middle East,White,Electric,Automatic,4.4,1838,107092,6637,High
12/31/2017,X3,2017,North America,Blue,Hybrid,Manual,2.1,95253,72607,8304,High
12/31/2017,5 Series,2017,Europe,White,Electric,Manual,4.6,98741,100820,6441,High
12/31/2011,M5,2011,South America,Black,Diesel,Automatic,3.9,43435,100556,50,Low
12/31/2018,X6,2018,Asia,White,Electric,Automatic,3.8,6824,136225,4589,Low
12/31/2015,i8,2015,Middle East,Blue,Hybrid,Automatic,3.5,189706,135049,50,Low
12/31/2020,X1,2020,Asia,Silver,Hybrid,Automatic,4.2,179411,79413,9727,High
12/31/2013,X1,2013,North America,Silver,Hybrid,Automatic,3,172505,43111,7349,High
12/31/2024,X1,2024,Middle East,White,Electric,Automatic,2,57646,59512,7137,High
12/31/2014,M5,2014,South America,Blue,Hybrid,Manual,3.4,78865,118179,122,Low
12/31/2019,M3,2019,Europe,Silver,Hybrid,Automatic,4.1,135515,103600,3020,Low
12/31/2014,X1,2014,North America,White,Petrol,Automatic,2,183819,26719,8758,High
12/31/2016,3 Series,2016,North America,Silver,Hybrid,Manual,2.3,162680,55802,10027,High
12/31/2023,M5,2023,Middle East,Grey,Diesel,Automatic,3.9,195075,126030,1465,Low
12/31/2018,i8,2018,Middle East,Silver,Petrol,Manual,2.4,40649,153860,50,Low
12/31/2016,i3,2016,Europe,Grey,Petrol,Manual,2.1,96040,54989,5513,High
12/31/2018,M5,2018,Asia,Black,Petrol,Automatic,4.6,153248,119077,1879,Low
12/31/2013,i8,2013,Middle East,White,Petrol,Manual,2.1,64427,126065,50,Low
12/31/2019,M3,2019,Europe,White,Diesel,Automatic,2.7,95290,87912,2987,Low
12/31/2023,X5,2023,North America,Red,Petrol,Manual,3,149441,94808,6543,High
12/31/2019,M3,2019,North America,White,Petrol,Automatic,3.2,108270,93450,3045,Low
12/31/2013,X1,2013,Asia,Silver,Hybrid,Manual,2.8,81150,50886,8059,High
12/31/2015,M5,2015,Europe,Blue,Hybrid,Automatic,4.7,53069,137388,731,Low
12/31/2017,i8,2017,Asia,Silver,Petrol,Manual,3.8,26651,145829,50,Low
12/31/2023,7 Series,2023,Asia,Grey,Electric,Manual,2.8,56682,148674,2259,Low
12/31/2018,i3,2018,Europe,Blue,Petrol,Manual,2.8,198907,46964,4628,Low
12/31/2010,3 Series,2010,Asia,White,Petrol,Manual,3.3,138336,31538,10633,High
12/31/2010,i3,2010,Middle East,Silver,Petrol,Manual,1.6,94551,28437,2655,Low
12/31/2022,X1,2022,Asia,Red,Diesel,Manual,4.7,16283,150229,8322,High
12/31/2017,X6,2017,South America,White,Diesel,Automatic,2.3,83354,85945,2662,Low
12/31/2020,5 Series,2020,Asia,Grey,Petrol,Automatic,3.9,32780,110032,6379,High
12/31/2016,X6,2016,Africa,Silver,Hybrid,Manual,4.2,121017,97555,1958,Low
12/31/2018,X1,2018,South America,White,Electric,Automatic,4.4,157697,75128,5516,High
12/31/2020,7 Series,2020,Europe,Black,Diesel,Automatic,2.1,58747,116092,1448,Low
12/31/2012,X5,2012,Middle East,Black,Petrol,Automatic,3.4,189788,53473,3529,Low
12/31/2019,3 Series,2019,South America,White,Diesel,Manual,1.8,7568,77765,5159,High
12/31/2021,X5,2021,North America,White,Electric,Automatic,4.3,154614,112705,6698,High
12/31/2014,X5,2014,Asia,Blue,Hybrid,Manual,3.2,86459,79609,6339,High
12/31/2012,7 Series,2012,Middle East,Blue,Hybrid,Manual,2.1,909,105113,50,Low
12/31/2024,5 Series,2024,South America,Red,Petrol,Manual,4,181509,99535,4609,Low
12/31/2014,i3,2014,Africa,Red,Electric,Automatic,2.7,98132,65489,2517,Low
12/31/2019,i8,2019,Asia,Grey,Hybrid,Automatic,1.9,110766,145500,529,Low
12/31/2010,i3,2010,Asia,White,Diesel,Automatic,3.1,128199,30954,4724,Low
12/31/2023,5 Series,2023,Africa,Red,Hybrid,Automatic,2.3,94157,104713,5065,High
12/31/2020,7 Series,2020,South America,Black,Electric,Automatic,4.8,91310,151585,662,Low
12/31/2013,X1,2013,North America,Grey,Hybrid,Manual,2.8,15174,63172,6566,High
12/31/2015,X1,2015,South America,Red,Electric,Automatic,3.5,166474,59536,3894,Low
12/31/2011,7 Series,2011,North America,White,Petrol,Manual,4.8,38186,109200,344,Low
12/31/2022,M5,2022,Middle East,Black,Petrol,Automatic,2.9,177128,120230,1256,Low
12/31/2016,i3,2016,South America,Black,Petrol,Manual,2.8,130515,51502,3157,Low
12/31/2017,M3,2017,Europe,Black,Petrol,Automatic,2.1,54879,86605,2793,Low
12/31/2010,X5,2010,Asia,Black,Diesel,Manual,4.8,128338,57643,4730,Low
12/31/2022,X1,2022,South America,Silver,Diesel,Automatic,4.3,158398,75234,5991,High
12/31/2013,5 Series,2013,North America,Silver,Petrol,Automatic,2.3,42546,68336,6524,High
12/31/2020,X5,2020,Africa,Red,Petrol,Automatic,2.7,14537,110072,2611,Low
12/31/2013,X6,2013,Middle East,Red,Petrol,Manual,4.7,191592,69945,2206,Low
12/31/2022,X5,2022,Europe,Blue,Petrol,Manual,3.4,62959,111567,6696,High
12/31/2014,X1,2014,South America,Silver,Electric,Automatic,3.4,114861,60343,4778,Low
12/31/2023,i3,2023,Middle East,White,Hybrid,Manual,3.8,183536,89989,5181,High
12/31/2021,5 Series,2021,Africa,Silver,Diesel,Manual,4.2,13989,114865,3085,Low
12/31/2021,i3,2021,Africa,Grey,Diesel,Manual,4.8,195686,71208,3113,Low
12/31/2013,X5,2013,Middle East,White,Hybrid,Automatic,4.3,181376,73665,3341,Low
12/31/2018,X6,2018,Middle East,White,Diesel,Automatic,4.8,79956,115153,2463,Low
12/31/2016,X1,2016,Middle East,Grey,Petrol,Manual,4.4,24845,82349,4677,Low
12/31/2022,M3,2022,Europe,Blue,Hybrid,Manual,1.7,11499,125245,2921,Low
12/31/2011,M3,2011,Europe,Blue,Petrol,Manual,1.9,29221,66323,1912,Low
12/31/2010,X1,2010,North America,Black,Electric,Automatic,4.6,194339,39763,7495,High
12/31/2018,X3,2018,Africa,Blue,Petrol,Automatic,1.6,51135,73839,4082,Low
12/31/2010,i8,2010,Middle East,White,Diesel,Manual,4.3,131708,115421,50,Low
12/31/2015,i8,2015,Europe,Red,Electric,Manual,4.5,22109,159180,50,Low
12/31/2024,M3,2024,Middle East,White,Petrol,Manual,3,26660,129426,2550,Low
12/31/2024,M5,2024,Middle East,Black,Diesel,Automatic,2.7,114045,146455,1419,Low
12/31/2011,5 Series,2011,North America,White,Electric,Manual,2.2,123477,55779,5924,High
12/31/2013,3 Series,2013,Middle East,Red,Hybrid,Manual,1.7,32955,61785,6620,High
12/31/2015,i3,2015,Africa,Blue,Diesel,Manual,4.1,66718,64097,2112,Low
12/31/2014,i8,2014,Europe,Blue,Diesel,Automatic,1.8,150658,98558,50,Low
12/31/2020,X5,2020,Europe,Blue,Electric,Automatic,4.8,819,144220,6217,High
12/31/2015,7 Series,2015,North America,Silver,Electric,Automatic,2.5,64756,116633,695,Low
12/31/2012,7 Series,2012,Europe,White,Diesel,Automatic,4.3,65105,98094,529,Low
12/31/2014,7 Series,2014,Middle East,Silver,Diesel,Automatic,1.7,65631,97196,358,Low
12/31/2011,3 Series,2011,North America,Silver,Electric,Manual,3.4,37259,67811,8429,High
12/31/2016,7 Series,2016,South America,Red,Diesel,Automatic,2.7,24313,105521,393,Low
12/31/2012,i8,2012,South America,Grey,Hybrid,Manual,1.6,2195,120740,50,Low
12/31/2010,X6,2010,Middle East,Black,Electric,Manual,3.8,173462,67986,1767,Low
12/31/2023,i8,2023,South America,Red,Diesel,Manual,4.8,173583,156481,90,Low
12/31/2017,i3,2017,South America,White,Electric,Automatic,1.5,153187,58343,3475,Low
12/31/2017,M5,2017,Africa,White,Hybrid,Manual,2.4,128415,107407,531,Low
12/31/2012,X6,2012,Asia,Blue,Electric,Manual,4,30976,106160,2923,Low
12/31/2022,M3,2022,Middle East,Silver,Petrol,Automatic,4.5,134056,117810,1907,Low
12/31/2016,i3,2016,Middle East,Blue,Petrol,Automatic,2.2,136548,54899,3640,Low
12/31/2018,i8,2018,Middle East,Silver,Petrol,Automatic,1.7,29530,142185,50,Low
12/31/2017,i8,2017,Africa,Silver,Diesel,Manual,1.5,172881,102126,50,Low
12/31/2012,i8,2012,South America,Black,Electric,Manual,2.3,100341,120550,50,Low
12/31/2024,X5,2024,Europe,Silver,Diesel,Manual,1.7,157980,84695,5988,High
12/31/2022,M3,2022,Africa,White,Diesel,Automatic,2.8,165191,87203,1929,Low
12/31/2011,5 Series,2011,Asia,Silver,Hybrid,Automatic,3,70743,72022,6760,High
12/31/2022,X5,2022,Middle East,Red,Petrol,Automatic,3.2,18569,122487,4668,Low
12/31/2019,M5,2019,North America,Red,Diesel,Automatic,2,121062,111124,1812,Low
12/31/2016,M3,2016,Europe,Silver,Petrol,Manual,3.1,89851,81492,2858,Low
12/31/2016,3 Series,2016,North America,Grey,Diesel,Manual,1.5,179931,34544,11070,High
12/31/2018,X3,2018,North America,Black,Hybrid,Automatic,2.3,163778,67027,8331,High
12/31/2014,X1,2014,Africa,Grey,Hybrid,Manual,2.8,33769,61260,3279,Low
12/31/2013,X6,2013,Europe,Silver,Electric,Automatic,1.9,153583,71788,3772,Low
12/31/2017,X1,2017,South America,White,Electric,Manual,4.3,147251,72089,4892,Low
12/31/2023,M5,2023,Africa,Blue,Electric,Automatic,2.2,66114,144082,1499,Low
12/31/2013,i3,2013,Asia,Silver,Diesel,Automatic,4.1,97814,54831,4989,Low
12/31/2013,X5,2013,North America,Grey,Petrol,Manual,3.2,20634,80365,644,Low
12/31/2021,M5,2021,South America,Silver,Electric,Automatic,3.2,46633,76484,2015,Low
12/31/2023,7 Series,2023,Africa,Silver,Hybrid,Manual,3.8,165399,129209,1604,Low
12/31/2021,5 Series,2021,Africa,Silver,Diesel,Manual,1.7,172350,67044,3736,Low
12/31/2011,7 Series,2011,Europe,White,Diesel,Automatic,1.8,110442,70537,706,Low
12/31/2022,X6,2022,Africa,Blue,Hybrid,Manual,2.6,7175,123835,2686,Low
12/31/2024,i8,2024,South America,Black,Diesel,Manual,3,112007,200000,50,Low
12/31/2010,X6,2010,South America,Red,Electric,Automatic,3,7598,88360,1131,Low
12/31/2013,i3,2013,Africa,Red,Hybrid,Manual,3.9,121888,56170,2138,Low
12/31/2016,7 Series,2016,North America,Red,Hybrid,Manual,1.5,28031,110198,1169,Low
12/31/2021,5 Series,2021,South America,Grey,Hybrid,Automatic,4.9,160777,102068,5406,High
12/31/2018,3 Series,2018,Africa,Blue,Diesel,Automatic,2.1,101743,58082,5705,High
12/31/2018,X5,2018,Africa,Blue,Hybrid,Automatic,2.4,32394,105384,3691,Low
12/31/2021,X3,2021,Europe,Red,Electric,Manual,4.7,91609,114585,10048,High
12/31/2019,X3,2019,Middle East,Black,Hybrid,Automatic,1.5,128507,73295,7221,High
12/31/2024,X3,2024,South America,Blue,Petrol,Manual,5,57394,115516,5156,High
12/31/2010,i3,2010,North America,White,Petrol,Manual,1.6,99296,27247,4148,Low
12/31/2014,X1,2014,Asia,White,Diesel,Automatic,1.9,28487,51841,7285,High
12/31/2016,X3,2016,Middle East,White,Petrol,Manual,2.3,6812,78612,5655,High
12/31/2022,i3,2022,South America,Grey,Diesel,Manual,3,40397,93831,3429,Low
12/31/2016,5 Series,2016,Asia,Red,Diesel,Automatic,3.3,176723,60317,7017,High
12/31/2019,X6,2019,South America,Black,Diesel,Automatic,1.9,175733,73959,2690,Low
12/31/2015,7 Series,2015,Africa,White,Diesel,Automatic,1.8,87175,87924,349,Low
12/31/2020,7 Series,2020,Europe,Silver,Hybrid,Automatic,1.6,124672,118312,1854,Low
12/31/2019,M3,2019,Asia,Silver,Electric,Manual,2.4,28442,151438,3104,Low
12/31/2013,X5,2013,Africa,Grey,Hybrid,Manual,4.7,66766,87213,2400,Low
12/31/2012,M5,2012,Europe,Blue,Electric,Automatic,2.9,27506,123466,594,Low
12/31/2021,M5,2021,Africa,Blue,Petrol,Automatic,4.2,122032,126163,802,Low
12/31/2022,i8,2022,South America,Black,Petrol,Manual,2.2,84755,147538,76,Low
12/31/2018,i8,2018,Asia,Silver,Hybrid,Manual,1.7,26845,148430,392,Low
12/31/2024,i8,2024,Asia,Grey,Petrol,Manual,3.4,142196,153262,839,Low
12/31/2021,M5,2021,Asia,White,Hybrid,Manual,4.4,8238,173272,1888,Low
12/31/2022,7 Series,2022,Europe,Red,Electric,Automatic,4.6,191948,144655,1646,Low
12/31/2019,i8,2019,South America,Red,Hybrid,Automatic,3.4,153061,136455,336,Low
12/31/2013,X1,2013,Africa,Blue,Diesel,Manual,2.5,19650,46497,3948,Low
12/31/2017,3 Series,2017,Africa,Silver,Hybrid,Manual,1.9,153213,54377,4998,Low
12/31/2022,5 Series,2022,Asia,Black,Hybrid,Automatic,3.8,23793,124056,7033,High
12/31/2010,X3,2010,North America,Silver,Electric,Automatic,2.5,17484,68818,7091,High
12/31/2016,M5,2016,North America,White,Hybrid,Manual,4.5,40014,142799,985,Low
12/31/2021,X6,2021,Middle East,Grey,Diesel,Manual,3.6,187703,95233,3093,Low
12/31/2015,X3,2015,Asia,Black,Diesel,Manual,4.5,169675,54253,7953,High
12/31/2022,M3,2022,South America,Blue,Diesel,Manual,3.5,84591,103992,1836,Low
12/31/2021,i3,2021,Africa,Blue,Diesel,Manual,4.2,173995,73796,3460,Low
12/31/2010,i3,2010,Africa,Silver,Electric,Automatic,2.5,2128,62429,1898,Low
12/31/2024,3 Series,2024,Europe,White,Petrol,Manual,3.3,89983,97310,10634,High
12/31/2013,X1,2013,Middle East,White,Petrol,Automatic,1.6,27068,49559,4617,Low
12/31/2021,M3,2021,Asia,Black,Hybrid,Automatic,3.6,153465,108166,3780,Low
12/31/2024,X5,2024,Europe,Grey,Diesel,Manual,3.4,54239,117254,5382,High
12/31/2023,7 Series,2023,Africa,Silver,Electric,Automatic,4.1,185772,133003,1152,Low
12/31/2014,7 Series,2014,Africa,Blue,Diesel,Automatic,4.1,75944,105274,50,Low
12/31/2020,3 Series,2020,Middle East,Blue,Petrol,Automatic,3.7,149553,81580,5997,High
12/31/2017,3 Series,2017,North America,Blue,Petrol,Manual,1.7,21833,69701,9037,High
12/31/2024,5 Series,2024,South America,Red,Hybrid,Automatic,4.7,9964,148533,4416,Low
12/31/2013,3 Series,2013,North America,Grey,Electric,Manual,1.6,151210,42125,9726,High
12/31/2012,i8,2012,Asia,Red,Diesel,Automatic,4.3,30580,137366,50,Low
12/31/2011,i8,2011,South America,Blue,Electric,Manual,3.2,6033,133931,50,Low
12/31/2013,X5,2013,Europe,White,Hybrid,Automatic,4.4,171176,71526,4612,Low
12/31/2020,7 Series,2020,Asia,Blue,Electric,Automatic,3.1,73322,135894,1803,Low
12/31/2019,7 Series,2019,South America,White,Petrol,Manual,3.8,110321,111814,776,Low
12/31/2023,3 Series,2023,Middle East,Black,Hybrid,Manual,2.8,49242,108322,8314,High
12/31/2022,X1,2022,Africa,Red,Hybrid,Manual,4.1,194936,115695,5021,High
12/31/2013,3 Series,2013,Europe,Red,Petrol,Manual,2.4,16913,59680,8483,High
12/31/2022,3 Series,2022,Africa,White,Hybrid,Manual,4,2925,117968,5496,High
12/31/2019,3 Series,2019,South America,Grey,Diesel,Automatic,2.2,164701,55737,5738,High
12/31/2014,3 Series,2014,South America,White,Petrol,Manual,4,155322,47595,5450,High
12/31/2022,X3,2022,North America,Silver,Hybrid,Automatic,2.5,33944,110498,10559,High
12/31/2016,7 Series,2016,Europe,Silver,Electric,Automatic,2.5,13362,129259,674,Low
12/31/2018,i8,2018,Middle East,Grey,Electric,Automatic,4.3,30053,182524,50,Low
12/31/2011,X3,2011,Africa,Grey,Diesel,Manual,4.3,30896,60835,4184,Low
12/31/2014,5 Series,2014,Europe,Black,Hybrid,Manual,3.9,181709,66195,5392,High
12/31/2020,X6,2020,Middle East,Red,Hybrid,Manual,4.7,175091,112547,3430,Low
12/31/2019,7 Series,2019,Europe,White,Electric,Manual,2,184664,107686,1791,Low
12/31/2018,X5,2018,Asia,Silver,Electric,Manual,2.4,33087,106735,6422,High
12/31/2021,5 Series,2021,South America,Grey,Electric,Automatic,2.5,158651,96966,4833,Low
12/31/2023,5 Series,2023,South America,White,Petrol,Manual,2.6,110738,90736,4649,Low
12/31/2022,X6,2022,South America,Red,Petrol,Manual,2.6,50237,112950,2788,Low
12/31/2012,7 Series,2012,Asia,Grey,Diesel,Automatic,3.9,62375,100142,596,Low
12/31/2010,3 Series,2010,Asia,Blue,Petrol,Manual,2.4,184693,25000,10450,High
12/31/2011,i8,2011,Asia,Blue,Hybrid,Manual,2.5,107828,114422,50,Low
12/31/2023,X1,2023,Africa,Red,Diesel,Automatic,3.5,111216,86699,4833,Low
12/31/2015,7 Series,2015,Middle East,Black,Petrol,Automatic,2.2,179572,82758,623,Low
12/31/2014,X6,2014,Africa,Grey,Diesel,Manual,2.8,38914,79434,1933,Low
12/31/2010,7 Series,2010,Africa,White,Petrol,Manual,1.7,111481,58170,50,Low
12/31/2010,X6,2010,Africa,Silver,Petrol,Automatic,4.8,5510,84764,1093,Low
12/31/2020,5 Series,2020,Middle East,Blue,Diesel,Automatic,2.6,161776,77362,5543,High
12/31/2013,i8,2013,North America,Black,Hybrid,Automatic,4.5,81469,150260,50,Low
12/31/2021,5 Series,2021,North America,Silver,Electric,Manual,3.4,165812,98989,7902,High
12/31/2024,X5,2024,North America,Red,Diesel,Automatic,2.3,55892,116773,5842,High
12/31/2013,M3,2013,North America,Silver,Diesel,Automatic,2.2,115949,63456,2622,Low
12/31/2024,X1,2024,Middle East,White,Diesel,Manual,3.9,164522,82778,6570,High
12/31/2015,i3,2015,Africa,Blue,Hybrid,Manual,4.9,169741,60477,2440,Low
12/31/2015,7 Series,2015,North America,Black,Diesel,Manual,2.1,148701,80667,1474,Low
12/31/2019,M5,2019,Middle East,Grey,Electric,Manual,1.9,16631,151964,1131,Low
12/31/2023,7 Series,2023,Middle East,Black,Diesel,Manual,2.9,76576,58370,2526,Low
12/31/2015,i3,2015,Asia,Red,Hybrid,Manual,2.9,80243,69804,4808,Low
12/31/2010,M5,2010,Asia,Silver,Hybrid,Automatic,4.3,32317,114329,496,Low
12/31/2019,3 Series,2019,Africa,Blue,Petrol,Automatic,3.1,99901,73882,5933,High
12/31/2018,X3,2018,Europe,White,Petrol,Manual,1.7,180686,50455,7547,High
12/31/2020,i8,2020,South America,Blue,Hybrid,Manual,4.7,69999,171411,50,Low
12/31/2016,i8,2016,Middle East,Red,Hybrid,Manual,2.8,31709,147528,50,Low
12/31/2016,X3,2016,North America,Blue,Electric,Automatic,3.8,149496,78092,9175,High
12/31/2020,5 Series,2020,Asia,Grey,Hybrid,Automatic,3.8,182285,122803,8073,High
12/31/2016,X6,2016,Europe,Red,Diesel,Automatic,1.7,164447,62062,3587,Low
12/31/2011,i3,2011,North America,Blue,Petrol,Automatic,1.5,92697,32839,5004,High
12/31/2011,X1,2011,Asia,Red,Petrol,Manual,1.8,171988,25000,6952,High
12/31/2015,7 Series,2015,Africa,Black,Electric,Manual,4.8,74670,128824,50,Low
12/31/2016,5 Series,2016,Europe,Blue,Electric,Manual,4.3,193739,80106,5683,High
12/31/2012,M3,2012,Europe,Red,Diesel,Automatic,2,141852,49259,2473,Low
12/31/2022,X5,2022,Middle East,White,Diesel,Manual,3.7,40852,119677,3639,Low
12/31/2013,i8,2013,Middle East,Black,Diesel,Manual,3.6,155288,118413,50,Low
12/31/2023,X6,2023,Africa,White,Petrol,Automatic,1.5,194996,86440,3222,Low
12/31/2021,3 Series,2021,North America,Blue,Electric,Manual,3,191567,77928,9865,High
12/31/2012,X1,2012,Europe,Silver,Hybrid,Manual,4,80211,58621,6328,High
12/31/2016,X5,2016,North America,Red,Hybrid,Manual,2.2,46558,92647,5677,High
12/31/2016,X5,2016,Europe,Grey,Diesel,Manual,4.5,29691,97995,5065,High
12/31/2013,X3,2013,Africa,Silver,Diesel,Manual,3.8,120906,46982,4712,Low
12/31/2022,X6,2022,Middle East,Grey,Hybrid,Automatic,1.5,7735,138231,3524,Low
12/31/2016,3 Series,2016,Africa,Blue,Hybrid,Manual,4.5,92019,81299,4890,Low
12/31/2014,X6,2014,North America,Silver,Petrol,Automatic,1.6,198076,55386,3680,Low
12/31/2010,M5,2010,North America,Red,Hybrid,Automatic,4.6,89631,108993,509,Low
12/31/2019,M3,2019,Middle East,Blue,Petrol,Automatic,2.7,12527,112598,1987,Low
12/31/2013,X3,2013,Middle East,White,Electric,Manual,3.9,128647,71498,4579,Low
12/31/2016,X6,2016,South America,Silver,Petrol,Automatic,4.3,28118,109499,1973,Low
12/31/2022,7 Series,2022,Europe,Red,Electric,Automatic,2.5,165063,131328,1937,Low
12/31/2024,5 Series,2024,Middle East,Silver,Petrol,Automatic,2.7,106881,110582,5642,High
12/31/2011,M5,2011,North America,Silver,Electric,Automatic,3.3,44442,118843,488,Low
12/31/2011,M3,2011,Europe,Blue,Electric,Manual,3.5,113443,73432,1861,Low
12/31/2010,X6,2010,North America,Red,Hybrid,Automatic,2.5,147298,61743,3939,Low
12/31/2011,3 Series,2011,South America,White,Petrol,Automatic,5,180520,40069,5235,High
12/31/2019,5 Series,2019,South America,Red,Diesel,Manual,4.1,142703,78805,4021,Low
12/31/2023,5 Series,2023,North America,White,Electric,Automatic,2.5,149982,103178,8422,High
12/31/2017,i8,2017,Asia,Grey,Hybrid,Automatic,3.7,193210,129849,50,Low
12/31/2020,5 Series,2020,North America,Black,Electric,Manual,3,128857,99042,8561,High
12/31/2017,M3,2017,Asia,Silver,Diesel,Automatic,4.5,106258,92891,2827,Low
12/31/2017,M5,2017,South America,Blue,Hybrid,Manual,2.7,171349,107452,825,Low
12/31/2024,3 Series,2024,Europe,Blue,Electric,Automatic,2.2,35467,115133,9070,High
12/31/2010,X5,2010,Middle East,Blue,Diesel,Automatic,1.7,72194,54257,2915,Low
12/31/2010,i8,2010,Africa,Grey,Petrol,Automatic,4.9,103028,108660,50,Low
12/31/2021,X6,2021,Africa,Silver,Petrol,Manual,2.8,151940,89261,2900,Low
12/31/2019,X5,2019,North America,Black,Electric,Automatic,2.3,63556,110805,6291,High
12/31/2013,X5,2013,Middle East,Blue,Hybrid,Automatic,3.2,69034,89598,2827,Low
12/31/2015,X1,2015,Africa,Red,Petrol,Automatic,2.5,157654,37801,3968,Low
12/31/2017,i8,2017,South America,Red,Petrol,Automatic,2.3,188877,111970,50,Low
12/31/2022,X5,2022,South America,Grey,Electric,Manual,3.7,157168,108143,4760,Low
12/31/2011,5 Series,2011,Middle East,White,Electric,Automatic,1.8,18598,75667,3664,Low
12/31/2022,X1,2022,Middle East,Blue,Hybrid,Manual,3.3,159238,37717,7785,High
12/31/2012,M5,2012,Middle East,Red,Electric,Manual,2.9,44153,120227,50,Low
12/31/2015,M5,2015,Middle East,Grey,Diesel,Manual,3.4,2850,129643,263,Low
12/31/2019,M3,2019,Middle East,Silver,Electric,Manual,2.6,29541,121754,2371,Low
12/31/2013,M3,2013,South America,Blue,Hybrid,Manual,3.5,3277,97981,825,Low
12/31/2021,M3,2021,North America,Silver,Hybrid,Automatic,1.8,79284,106956,4166,Low
12/31/2011,M3,2011,North America,White,Petrol,Automatic,2.8,784,77010,2051,Low
12/31/2016,5 Series,2016,Asia,Grey,Electric,Automatic,2.3,88006,85857,6293,High
12/31/2013,M5,2013,Asia,White,Diesel,Manual,3,132883,86339,1569,Low
12/31/2017,i8,2017,South America,Black,Electric,Manual,2.9,57889,146976,50,Low
12/31/2017,M3,2017,Asia,Grey,Petrol,Automatic,3.7,98941,97127,2914,Low
12/31/2016,7 Series,2016,Middle East,Blue,Hybrid,Automatic,3.7,167197,109652,495,Low
12/31/2019,M5,2019,North America,Grey,Hybrid,Manual,2.9,49777,141993,2087,Low
12/31/2018,7 Series,2018,South America,White,Electric,Manual,2.1,86823,118131,860,Low
12/31/2013,i3,2013,Europe,White,Diesel,Manual,3.5,182668,33813,4175,Low
12/31/2016,i8,2016,South America,Silver,Diesel,Manual,4.9,192434,122773,50,Low
12/31/2019,X3,2019,North America,Silver,Hybrid,Manual,2.1,901,96597,10047,High
12/31/2019,X6,2019,North America,Blue,Petrol,Automatic,1.7,72050,101177,3878,Low
12/31/2024,M3,2024,Europe,Grey,Hybrid,Manual,2.4,107000,121428,4097,Low
12/31/2021,i3,2021,South America,Black,Electric,Manual,2.9,115802,88134,3980,Low
12/31/2010,3 Series,2010,North America,Grey,Hybrid,Manual,2.6,98940,41155,9830,High
12/31/2013,i3,2013,Middle East,White,Petrol,Automatic,4.4,80913,63864,2732,Low
12/31/2011,X1,2011,Asia,Grey,Diesel,Manual,3.2,130783,28135,6706,High
12/31/2018,3 Series,2018,Africa,Blue,Petrol,Automatic,2.4,24934,78510,5501,High
12/31/2014,X6,2014,Middle East,Red,Diesel,Manual,4.8,171169,78874,2694,Low
12/31/2012,7 Series,2012,Asia,Red,Hybrid,Automatic,1.9,112155,91754,843,Low
12/31/2013,i3,2013,Asia,Blue,Electric,Manual,1.9,169220,40883,5845,High
12/31/2015,3 Series,2015,South America,Red,Electric,Manual,2.4,141673,57171,6514,High
12/31/2019,X6,2019,Europe,Red,Diesel,Manual,1.8,85738,88769,4820,Low
12/31/2010,X1,2010,South America,Black,Diesel,Manual,4.1,129903,27040,4829,Low
12/31/2016,X5,2016,Africa,Red,Hybrid,Manual,2.6,107681,82902,3217,Low
12/31/2017,M3,2017,Middle East,Blue,Electric,Automatic,4.1,16950,129026,1176,Low
12/31/2016,5 Series,2016,Middle East,Blue,Hybrid,Manual,4.2,193301,72657,5078,High
12/31/2016,X6,2016,Africa,Black,Electric,Manual,2.3,62550,97068,1939,Low
12/31/2018,7 Series,2018,Africa,White,Petrol,Automatic,3.3,57160,112323,408,Low
12/31/2022,i8,2022,Asia,Blue,Petrol,Manual,3.3,93748,161073,320,Low
12/31/2013,X1,2013,Asia,Red,Electric,Manual,4.5,24886,79594,7280,High
12/31/2023,5 Series,2023,Asia,Red,Electric,Automatic,1.6,85114,114923,7497,High
12/31/2016,M5,2016,Asia,Red,Electric,Manual,2.6,168269,110771,1636,Low
12/31/2018,i8,2018,South America,White,Diesel,Manual,4.6,3955,153852,50,Low
12/31/2024,3 Series,2024,Asia,Red,Diesel,Manual,2.3,167251,75518,10004,High
12/31/2014,7 Series,2014,Middle East,White,Diesel,Manual,2,167976,78871,551,Low
12/31/2011,X5,2011,North America,Red,Petrol,Automatic,3.5,197574,46480,5113,High
12/31/2024,X3,2024,Africa,Black,Diesel,Manual,2.6,34519,103175,4800,Low
12/31/2014,X1,2014,South America,Grey,Petrol,Manual,3.1,193258,26894,4318,Low
12/31/2013,3 Series,2013,Middle East,White,Electric,Manual,4.4,112710,71224,6190,High
12/31/2017,M5,2017,Africa,Grey,Hybrid,Manual,3.3,185060,103724,689,Low
12/31/2024,X6,2024,Asia,Silver,Hybrid,Automatic,3.3,89283,129230,4608,Low
12/31/2014,X3,2014,Europe,White,Petrol,Manual,2.5,9662,71460,7707,High
12/31/2018,i8,2018,Africa,Black,Hybrid,Automatic,4.3,181955,133224,122,Low
12/31/2018,i3,2018,Middle East,Silver,Electric,Automatic,4.1,157915,88642,3645,Low
12/31/2012,M3,2012,Africa,Blue,Hybrid,Manual,2.3,105654,63511,806,Low
12/31/2022,5 Series,2022,North America,White,Hybrid,Manual,2.6,175578,87672,6984,High
12/31/2019,M5,2019,Europe,Silver,Hybrid,Manual,4.3,5968,153397,1875,Low
12/31/2024,7 Series,2024,Middle East,Silver,Diesel,Automatic,2.8,190823,124217,1595,Low
12/31/2015,X5,2015,Asia,Grey,Petrol,Manual,2.9,146053,62220,5892,High
12/31/2015,7 Series,2015,Europe,Blue,Electric,Automatic,2.8,113104,114702,760,Low
12/31/2013,3 Series,2013,Europe,Grey,Diesel,Manual,2.1,66794,45606,8188,High
12/31/2020,7 Series,2020,Middle East,Blue,Petrol,Automatic,2.7,96692,124051,814,Low
12/31/2022,3 Series,2022,Europe,Silver,Hybrid,Manual,4.3,94347,102606,11475,High
12/31/2019,X5,2019,North America,Black,Diesel,Automatic,3.2,127463,92662,6439,High
12/31/2012,7 Series,2012,Africa,Red,Electric,Manual,3.1,122624,86232,50,Low
12/31/2010,X6,2010,South America,White,Diesel,Automatic,2,189017,33036,2186,Low
12/31/2021,X5,2021,North America,Grey,Electric,Manual,2.1,89415,113594,10827,High
12/31/2016,X1,2016,Asia,Silver,Hybrid,Manual,1.7,3122,71860,6623,High
12/31/2024,5 Series,2024,Africa,Silver,Diesel,Automatic,1.5,153053,82298,5243,High
12/31/2024,M5,2024,South America,White,Electric,Manual,3.2,132381,153224,1649,Low
12/31/2014,3 Series,2014,Europe,White,Petrol,Automatic,2.9,61759,63050,7994,High
12/31/2023,i8,2023,Africa,Grey,Petrol,Automatic,2.5,14969,167060,50,Low
12/31/2019,i3,2019,Middle East,Grey,Hybrid,Automatic,5,152754,89929,4365,Low
12/31/2024,X6,2024,Africa,Blue,Petrol,Automatic,2.9,36995,122239,2501,Low
12/31/2016,X3,2016,Asia,White,Electric,Automatic,4.3,107095,87710,8755,High
12/31/2010,X6,2010,Asia,Silver,Diesel,Manual,2.2,122585,46458,3937,Low
12/31/2017,5 Series,2017,Middle East,White,Petrol,Automatic,2.4,606,95515,4509,Low
12/31/2012,X1,2012,South America,White,Petrol,Automatic,3.5,121425,36726,4429,Low
12/31/2016,7 Series,2016,Asia,Black,Hybrid,Manual,1.5,131745,99508,1129,Low
12/31/2021,X3,2021,Europe,Silver,Diesel,Manual,1.6,103738,69004,8013,High
12/31/2012,7 Series,2012,South America,Black,Petrol,Manual,2,105460,72418,263,Low
12/31/2023,i8,2023,South America,Blue,Diesel,Manual,2.3,124704,145069,302,Low
12/31/2012,i3,2012,Middle East,Black,Diesel,Automatic,3.3,61223,56818,3139,Low
12/31/2019,7 Series,2019,South America,Red,Hybrid,Manual,3.9,198728,110064,1265,Low
12/31/2018,7 Series,2018,Europe,Grey,Hybrid,Automatic,2.6,17235,132272,1536,Low
12/31/2022,M5,2022,Africa,Black,Electric,Automatic,2.3,99111,139926,1335,Low
12/31/2011,M5,2011,South America,White,Petrol,Automatic,4.4,99246,100596,50,Low
12/31/2023,M3,2023,Europe,Red,Diesel,Automatic,2.1,110253,105041,3016,Low
12/31/2013,X3,2013,Asia,Grey,Electric,Automatic,3.9,171009,63230,9600,High
12/31/2015,X6,2015,North America,Red,Diesel,Manual,4.8,67178,102821,3969,Low
12/31/2023,5 Series,2023,Africa,Black,Electric,Manual,2.3,162470,94968,4747,Low
12/31/2012,X1,2012,Middle East,Red,Electric,Automatic,1.8,159764,37296,5269,High
12/31/2021,M5,2021,North America,Black,Diesel,Manual,4.9,121181,144688,1904,Low
12/31/2019,i8,2019,Asia,Grey,Petrol,Automatic,2.4,3625,159369,50,Low
12/31/2023,X3,2023,South America,Red,Hybrid,Automatic,2.5,13101,116889,5181,High
12/31/2019,7 Series,2019,Middle East,White,Hybrid,Manual,3.2,188432,117033,1399,Low
12/31/2016,M3,2016,Asia,Red,Petrol,Manual,2.3,19786,43444,3067,Low
12/31/2016,3 Series,2016,North America,White,Diesel,Manual,5,101879,72580,10286,High
12/31/2024,3 Series,2024,Europe,White,Petrol,Manual,1.7,26665,93013,8702,High
12/31/2014,M3,2014,North America,Red,Petrol,Manual,3.1,88047,75602,2551,Low
12/31/2012,i3,2012,Africa,Grey,Electric,Manual,3.4,65764,66178,1744,Low
12/31/2011,X6,2011,Africa,White,Petrol,Manual,3.1,58499,66323,1405,Low
12/31/2024,7 Series,2024,South America,Red,Petrol,Automatic,3.3,486,153181,736,Low
12/31/2024,X3,2024,Middle East,Red,Diesel,Automatic,5,172030,100046,6393,High
12/31/2013,X1,2013,Middle East,Black,Diesel,Manual,4.6,114826,49823,4646,Low
12/31/2023,i3,2023,Asia,Grey,Diesel,Automatic,2.6,168084,77798,6076,High
12/31/2024,3 Series,2024,Asia,Red,Diesel,Manual,3.4,108931,97253,9350,High
12/31/2022,X5,2022,Middle East,White,Diesel,Manual,1.5,181486,76490,4307,Low
12/31/2013,M3,2013,Middle East,Silver,Diesel,Automatic,2.9,161514,62677,1429,Low
12/31/2020,M3,2020,North America,Blue,Electric,Automatic,2.1,105740,110553,3269,Low
12/31/2017,i8,2017,Europe,Black,Hybrid,Manual,4,66846,152885,50,Low
12/31/2017,X3,2017,South America,White,Petrol,Manual,2.3,34740,73759,4469,Low
12/31/2022,7 Series,2022,South America,Red,Petrol,Manual,4.1,23939,149323,632,Low
12/31/2014,i8,2014,Asia,Silver,Petrol,Manual,2.6,155902,107993,50,Low
12/31/2022,i8,2022,Middle East,Black,Electric,Automatic,4.7,79119,194253,50,Low
12/31/2015,X6,2015,North America,Blue,Petrol,Manual,3.1,34919,89881,3389,Low
12/31/2017,3 Series,2017,Asia,Red,Hybrid,Manual,4.4,119797,77476,11136,High
12/31/2024,X5,2024,Middle East,Grey,Electric,Automatic,3.7,110640,132457,5038,High
12/31/2010,M5,2010,Europe,Blue,Diesel,Automatic,4.9,43305,111848,434,Low
12/31/2014,5 Series,2014,North America,Grey,Petrol,Automatic,4.1,190775,57419,7309,High
12/31/2013,7 Series,2013,North America,White,Electric,Automatic,4,67037,115633,566,Low
12/31/2013,3 Series,2013,Africa,White,Petrol,Manual,2.4,170831,27883,4990,Low
12/31/2020,3 Series,2020,Africa,Red,Diesel,Manual,3.3,19395,89429,5998,High
12/31/2011,X6,2011,North America,White,Petrol,Automatic,2.5,146289,58184,3195,Low
12/31/2019,i3,2019,Middle East,Red,Electric,Automatic,1.6,42483,95506,3292,Low
12/31/2010,X6,2010,Europe,Red,Hybrid,Manual,4,18264,90199,3198,Low
12/31/2023,X5,2023,Europe,Black,Hybrid,Manual,2.3,165414,100482,6005,High
12/31/2024,X3,2024,Africa,Silver,Electric,Automatic,2.9,142569,100442,5754,High
12/31/2015,X1,2015,Europe,Grey,Petrol,Manual,2.5,23212,57918,6373,High
12/31/2016,X6,2016,Asia,Black,Petrol,Manual,2.2,147774,100759,3586,Low
12/31/2014,i3,2014,Africa,Blue,Petrol,Automatic,1.7,131606,36566,2474,Low
12/31/2024,M5,2024,North America,Blue,Electric,Manual,2.7,127873,148925,2324,Low
12/31/2017,X6,2017,Africa,Black,Petrol,Manual,1.8,65503,79994,1879,Low
12/31/2018,X6,2018,Africa,Silver,Petrol,Automatic,3.4,101378,94717,1920,Low
12/31/2020,7 Series,2020,Middle East,Black,Diesel,Manual,1.6,179446,96432,1274,Low
12/31/2020,X1,2020,Asia,Silver,Petrol,Automatic,4.8,109332,87754,7626,High
12/31/2011,X3,2011,North America,Black,Diesel,Manual,4.9,63974,59176,7055,High
12/31/2020,X5,2020,South America,Silver,Diesel,Automatic,2.6,184538,75236,3980,Low
12/31/2022,M5,2022,South America,Black,Hybrid,Manual,2.4,182819,126195,1689,Low
12/31/2013,X3,2013,Africa,Silver,Hybrid,Manual,1.9,118583,49204,3849,Low
12/31/2020,X3,2020,Africa,Blue,Electric,Automatic,4.7,137967,100876,4958,Low
12/31/2018,3 Series,2018,Africa,Red,Petrol,Manual,3.6,70255,72980,5193,High
12/31/2014,X3,2014,North America,White,Electric,Manual,3.6,60744,81349,7282,High
12/31/2012,5 Series,2012,South America,Blue,Hybrid,Automatic,4.6,141127,66996,3411,Low
12/31/2015,i3,2015,Europe,Red,Hybrid,Automatic,4.7,138829,75909,4467,Low
12/31/2024,7 Series,2024,Asia,Silver,Diesel,Automatic,4.4,174900,137404,1646,Low
12/31/2012,i8,2012,Europe,Silver,Petrol,Manual,4.2,51312,124867,50,Low
12/31/2023,3 Series,2023,Asia,Silver,Hybrid,Manual,4.6,108773,105793,9438,High
12/31/2014,M5,2014,Middle East,Blue,Petrol,Automatic,4.6,134850,115206,328,Low
12/31/2012,M5,2012,Middle East,Blue,Hybrid,Automatic,2.8,146355,101824,230,Low
12/31/2015,X5,2015,Africa,Silver,Petrol,Manual,4.9,174828,70324,2847,Low
12/31/2021,M3,2021,North America,White,Hybrid,Manual,4,37257,129137,3401,Low
12/31/2019,5 Series,2019,Europe,Grey,Hybrid,Manual,2.8,128224,85785,6347,High
12/31/2014,X1,2014,North America,Silver,Electric,Manual,3,113588,59568,6558,High
12/31/2023,i3,2023,South America,Grey,Electric,Manual,3.9,64887,111620,3783,Low
12/31/2018,i3,2018,South America,Grey,Diesel,Manual,2.8,23697,74152,3321,Low
12/31/2012,i3,2012,Asia,Silver,Petrol,Automatic,4.4,67493,64733,4618,Low
12/31/2015,M3,2015,Europe,Silver,Diesel,Automatic,2,169242,57973,3172,Low
12/31/2017,X5,2017,Europe,Black,Electric,Automatic,4.7,175005,101970,5346,High
12/31/2016,X3,2016,Asia,Red,Hybrid,Manual,2.6,37159,83371,7447,High
12/31/2015,i3,2015,South America,Grey,Electric,Manual,2,21607,74432,2774,Low
12/31/2023,M3,2023,North America,Silver,Electric,Manual,4.5,110254,140195,3678,Low
12/31/2024,3 Series,2024,Europe,White,Diesel,Manual,2.3,133822,82984,11559,High
12/31/2011,i8,2011,Asia,White,Hybrid,Automatic,4.5,138118,121138,50,Low
12/31/2024,i8,2024,Middle East,Blue,Electric,Manual,2.5,152202,166597,707,Low
12/31/2016,M3,2016,Asia,Blue,Hybrid,Manual,4.8,128696,98880,2888,Low
12/31/2017,X6,2017,South America,Silver,Hybrid,Automatic,2.3,42998,104096,1940,Low
12/31/2010,i8,2010,Asia,Blue,Electric,Automatic,1.7,72831,115780,50,Low
12/31/2024,i8,2024,South America,Blue,Diesel,Manual,4.8,174907,161111,147,Low
12/31/2018,X3,2018,North America,Blue,Hybrid,Automatic,2.1,186261,62158,9303,High
12/31/2013,X1,2013,Europe,Blue,Petrol,Manual,4.8,46917,62453,6004,High
12/31/2017,5 Series,2017,Asia,Red,Petrol,Manual,4.4,138579,81465,6874,High
12/31/2024,X6,2024,Middle East,Silver,Petrol,Manual,1.8,44731,123699,3046,Low
12/31/2019,X5,2019,Africa,White,Petrol,Manual,3.1,128810,78523,3689,Low
12/31/2016,5 Series,2016,Asia,Black,Electric,Manual,1.8,178638,66662,6157,High
12/31/2023,M5,2023,Asia,Black,Hybrid,Automatic,2.7,31217,156432,2369,Low
12/31/2022,M5,2022,North America,Grey,Petrol,Automatic,2.7,56732,145308,1845,Low
12/31/2019,X6,2019,Africa,White,Electric,Manual,3.6,193438,95894,2400,Low
12/31/2016,3 Series,2016,Europe,Blue,Diesel,Manual,4.9,128393,62485,8782,High
12/31/2011,5 Series,2011,Europe,Black,Hybrid,Manual,2.1,69681,56996,6807,High
12/31/2010,X6,2010,Africa,Silver,Petrol,Automatic,2.7,82765,59115,1436,Low
12/31/2013,X1,2013,North America,Grey,Hybrid,Automatic,3.6,62717,66066,7238,High
12/31/2021,X1,2021,South America,Grey,Diesel,Manual,2.1,82440,65290,5580,High
12/31/2011,X6,2011,Middle East,Grey,Hybrid,Manual,4,55639,92498,1837,Low
12/31/2017,i8,2017,Middle East,Blue,Diesel,Automatic,2.9,77028,136142,50,Low
12/31/2019,5 Series,2019,Asia,Grey,Petrol,Automatic,4.8,131282,94807,8070,High
12/31/2016,5 Series,2016,North America,Blue,Petrol,Manual,3.7,88604,77640,5912,High
12/31/2017,i3,2017,Asia,Blue,Hybrid,Manual,2.8,38962,81131,4499,Low
12/31/2020,M5,2020,South America,Red,Electric,Manual,4,114446,143631,988,Low
12/31/2015,7 Series,2015,North America,White,Hybrid,Automatic,4.4,59700,131034,581,Low
12/31/2010,X1,2010,Middle East,Silver,Petrol,Automatic,4.3,156839,31098,4429,Low
12/31/2023,M5,2023,Europe,Blue,Hybrid,Manual,2.4,22975,153397,2237,Low
12/31/2022,X6,2022,North America,Blue,Electric,Manual,3,61106,126677,4532,Low
12/31/2022,M3,2022,Europe,Red,Diesel,Manual,3.1,76895,104235,2952,Low
12/31/2021,M5,2021,South America,Black,Hybrid,Automatic,2.9,17172,148176,1314,Low
12/31/2018,X1,2018,Middle East,Silver,Diesel,Automatic,2.6,148707,51439,5080,High
12/31/2015,i8,2015,Asia,Grey,Electric,Manual,4.1,47899,157811,50,Low
12/31/2021,i3,2021,Asia,Red,Diesel,Automatic,1.5,191227,55497,5422,High
12/31/2022,X6,2022,South America,Blue,Petrol,Automatic,2.5,172069,96182,3031,Low
12/31/2019,X3,2019,Africa,White,Electric,Automatic,2,50357,93035,4838,Low
12/31/2010,X1,2010,Africa,Red,Petrol,Manual,2,154245,25000,3475,Low
12/31/2010,i3,2010,North America,Blue,Hybrid,Manual,2.5,10052,56571,4150,Low
12/31/2017,7 Series,2017,Africa,Grey,Petrol,Automatic,4.2,119148,112499,249,Low
12/31/2015,X5,2015,Asia,Blue,Hybrid,Automatic,4.9,156146,93505,6326,High
12/31/2017,5 Series,2017,Africa,White,Petrol,Manual,3.3,194327,89060,3584,Low
12/31/2017,X1,2017,Asia,Grey,Diesel,Manual,2.7,132642,48714,9002,High
12/31/2024,X6,2024,North America,Grey,Hybrid,Manual,4.4,163612,123492,5283,High
12/31/2020,M5,2020,North America,Grey,Electric,Manual,1.7,81122,130610,2513,Low
12/31/2023,M3,2023,Middle East,Red,Electric,Automatic,1.8,166851,108886,3156,Low
12/31/2017,i3,2017,Middle East,Silver,Hybrid,Manual,2.7,121169,68413,3831,Low
12/31/2019,5 Series,2019,Asia,Red,Electric,Automatic,3.1,74415,109294,7829,High
12/31/2024,7 Series,2024,Middle East,Silver,Petrol,Automatic,4.3,94869,148683,1216,Low
12/31/2016,X1,2016,Middle East,Red,Petrol,Automatic,4.7,192231,55782,4866,Low
12/31/2016,3 Series,2016,Middle East,Silver,Petrol,Manual,3.4,178077,49121,6676,High
12/31/2019,X1,2019,Europe,Grey,Petrol,Manual,3.2,109885,63480,8038,High
12/31/2013,3 Series,2013,Africa,Silver,Petrol,Manual,2.2,55337,48955,5273,High
12/31/2018,7 Series,2018,Africa,White,Petrol,Manual,3.1,112874,100335,583,Low
12/31/2021,M5,2021,Africa,Blue,Electric,Manual,4.7,161450,133037,1110,Low
12/31/2011,M5,2011,Africa,Silver,Hybrid,Automatic,2.9,531,116690,50,Low
12/31/2020,i8,2020,Middle East,Blue,Electric,Manual,2.2,106307,162465,118,Low
12/31/2018,X3,2018,Middle East,Red,Hybrid,Manual,2.7,47288,90942,5658,High
12/31/2019,X6,2019,Asia,Red,Diesel,Manual,3.3,194961,80880,598,Low
12/31/2012,3 Series,2012,Europe,Grey,Diesel,Automatic,3.6,191811,32451,8629,High
12/31/2023,X6,2023,South America,Silver,Hybrid,Manual,3,152262,110753,3805,Low
12/31/2022,5 Series,2022,South America,Silver,Hybrid,Manual,4.2,85799,116383,5445,High
12/31/2024,X1,2024,North America,Red,Diesel,Manual,3.5,1273,105009,9279,High
12/31/2011,7 Series,2011,North America,White,Hybrid,Automatic,3.8,103793,98571,534,Low
12/31/2022,i8,2022,Asia,Red,Electric,Manual,4.5,53541,188615,365,Low
12/31/2013,X6,2013,Middle East,Grey,Diesel,Automatic,4.5,126310,79123,2209,Low
12/31/2014,X5,2014,Africa,Silver,Petrol,Automatic,2.2,28593,74402,3083,Low
12/31/2011,5 Series,2011,Europe,Black,Electric,Automatic,3.7,180421,60271,6292,High
12/31/2022,M5,2022,Middle East,Black,Petrol,Automatic,4,140476,134835,1328,Low
12/31/2024,3 Series,2024,Europe,Red,Diesel,Manual,2,41113,96886,8898,High
12/31/2010,X3,2010,Middle East,Grey,Hybrid,Manual,4.4,11890,78184,4334,Low
12/31/2019,M3,2019,South America,Grey,Electric,Automatic,2.1,61096,104862,1962,Low
12/31/2020,X6,2020,Africa,White,Hybrid,Automatic,4.3,10947,137659,2336,Low
12/31/2014,X1,2014,Middle East,Red,Electric,Manual,2.1,147675,48870,5461,High
12/31/2018,i8,2018,Middle East,White,Petrol,Automatic,4.1,180684,145464,50,Low
12/31/2024,i8,2024,North America,White,Diesel,Manual,2,43617,165987,514,Low
12/31/2021,X3,2021,Asia,Grey,Hybrid,Manual,2.8,117933,93083,9473,High
12/31/2021,i3,2021,North America,Black,Hybrid,Manual,2,186577,66421,5411,High
12/31/2024,X1,2024,Middle East,Blue,Hybrid,Automatic,2.4,189591,83524,6737,High
12/31/2014,X6,2014,Asia,Grey,Electric,Automatic,4.9,77425,112912,3562,Low
12/31/2021,M3,2021,Africa,Silver,Petrol,Automatic,1.9,12225,105565,1612,Low
12/31/2020,X1,2020,Europe,Black,Diesel,Automatic,2.9,150442,58881,7817,High
12/31/2019,5 Series,2019,North America,Silver,Diesel,Manual,3.9,74550,94050,7521,High
12/31/2018,3 Series,2018,South America,Silver,Electric,Manual,1.8,86748,75396,6946,High
12/31/2023,i3,2023,Middle East,Grey,Petrol,Manual,1.9,195136,65316,4801,Low
12/31/2022,7 Series,2022,Africa,Red,Diesel,Manual,2,8378,134671,665,Low
12/31/2021,X6,2021,Europe,Blue,Electric,Manual,3.8,74585,125184,10049,High
12/31/2019,3 Series,2019,Middle East,Blue,Petrol,Manual,4.7,136567,83365,6581,High
12/31/2015,X3,2015,Africa,Black,Electric,Manual,4.4,2439,97664,3902,Low
12/31/2012,7 Series,2012,South America,Grey,Hybrid,Manual,4.9,59638,116114,50,Low
12/31/2013,7 Series,2013,Middle East,White,Petrol,Manual,3.5,67155,101516,140,Low
12/31/2013,X3,2013,Europe,Blue,Petrol,Automatic,4.9,181683,53744,8080,High
12/31/2010,i3,2010,Africa,White,Diesel,Automatic,2.6,17711,43997,2083,Low
12/31/2012,M3,2012,Africa,Silver,Hybrid,Manual,3,83063,73829,830,Low
12/31/2012,M3,2012,Asia,Grey,Petrol,Manual,2.9,2135,81086,2518,Low
12/31/2022,M3,2022,Europe,Silver,Petrol,Automatic,1.7,154005,85611,3063,Low
12/31/2023,i8,2023,North America,Blue,Diesel,Manual,4.4,40918,177493,175,Low
12/31/2010,X3,2010,Asia,Grey,Diesel,Automatic,1.6,183771,25000,8433,High
12/31/2022,i3,2022,Middle East,Red,Hybrid,Manual,4.1,191417,92200,4875,Low
12/31/2018,X5,2018,North America,Black,Petrol,Manual,2.9,12201,103058,6390,High
12/31/2020,5 Series,2020,North America,Blue,Petrol,Automatic,1.5,98276,86173,6724,High
12/31/2010,X5,2010,Africa,Black,Electric,Manual,2.5,144932,52654,2687,Low
12/31/2018,i3,2018,South America,Silver,Hybrid,Manual,2.7,196756,57602,3554,Low
12/31/2010,5 Series,2010,Middle East,Red,Petrol,Automatic,4.9,185998,50151,3655,Low
12/31/2011,5 Series,2011,Middle East,Red,Diesel,Automatic,3.8,143842,50082,3876,Low
12/31/2011,X3,2011,Europe,Red,Diesel,Manual,3.4,33326,56002,6977,High
12/31/2023,5 Series,2023,Middle East,Red,Electric,Automatic,1.9,38158,123403,6020,High
12/31/2015,7 Series,2015,Asia,Grey,Electric,Automatic,2.9,68181,115931,942,Low
12/31/2016,X5,2016,Middle East,Red,Electric,Manual,1.6,159104,74607,3816,Low
12/31/2020,X5,2020,South America,Silver,Petrol,Manual,4.2,85427,105829,3557,Low
12/31/2010,i8,2010,Africa,White,Petrol,Automatic,2.1,160217,81772,50,Low
12/31/2012,5 Series,2012,South America,Black,Petrol,Automatic,3.6,120201,56647,3344,Low
12/31/2011,7 Series,2011,Europe,Grey,Petrol,Manual,3.9,182397,69451,866,Low
12/31/2017,5 Series,2017,Middle East,Red,Electric,Manual,2.8,144315,86370,4902,Low
12/31/2018,i8,2018,North America,Blue,Petrol,Automatic,3.7,158716,138420,50,Low
12/31/2022,M3,2022,Asia,Grey,Petrol,Manual,4.2,43031,126191,3402,Low
12/31/2011,i3,2011,North America,Red,Petrol,Automatic,2.1,116081,33902,4707,Low
12/31/2011,7 Series,2011,Europe,White,Diesel,Manual,3.6,104893,78134,623,Low
12/31/2019,i8,2019,North America,Blue,Hybrid,Manual,4.1,101311,165049,297,Low
12/31/2024,X6,2024,Asia,Blue,Diesel,Automatic,2.7,81665,124657,906,Low
12/31/2018,X3,2018,North America,Silver,Electric,Manual,2.1,140179,76976,8012,High
12/31/2023,i8,2023,North America,Black,Electric,Manual,2.5,191378,161783,991,Low
12/31/2013,5 Series,2013,Africa,Silver,Diesel,Automatic,4.8,124518,63122,2988,Low
12/31/2014,X1,2014,Middle East,Silver,Diesel,Automatic,2.8,34816,55999,4261,Low
12/31/2022,M5,2022,Africa,Black,Petrol,Automatic,1.9,11870,139858,719,Low
12/31/2020,X1,2020,South America,Blue,Diesel,Manual,1.8,146489,48989,5495,High
12/31/2018,5 Series,2018,Asia,Black,Electric,Automatic,2.1,8962,109685,7858,High
12/31/2015,M5,2015,Asia,Red,Hybrid,Automatic,1.9,95946,106460,1320,Low
12/31/2019,X6,2019,Africa,Silver,Hybrid,Automatic,3.2,35090,118649,2037,Low
12/31/2021,M5,2021,North America,Black,Hybrid,Automatic,2.7,104648,139801,2292,Low
12/31/2018,M3,2018,Asia,Grey,Diesel,Automatic,4.4,107816,96832,3242,Low
12/31/2018,i3,2018,Asia,Red,Electric,Automatic,4.6,139283,91154,5801,High
12/31/2016,5 Series,2016,Asia,Grey,Petrol,Manual,3.2,130504,69025,7175,High
12/31/2023,M3,2023,North America,Silver,Diesel,Manual,4.6,170897,112419,3027,Low
12/31/2021,i8,2021,North America,Black,Hybrid,Manual,3.1,75244,172048,407,Low
12/31/2019,X6,2019,Asia,Silver,Electric,Automatic,3.7,27064,127116,5024,High
12/31/2018,X3,2018,North America,Silver,Hybrid,Manual,2.1,112169,77221,8239,High
12/31/2014,X5,2014,Asia,Black,Petrol,Manual,1.7,120543,59089,5859,High
12/31/2014,X3,2014,South America,Grey,Petrol,Automatic,2.1,82909,50972,4882,Low
12/31/2021,M5,2021,North America,Silver,Hybrid,Manual,2.4,8081,157102,2032,Low
12/31/2017,M5,2017,Africa,Red,Hybrid,Manual,4.1,148855,117273,383,Low
12/31/2019,X6,2019,Africa,Blue,Electric,Automatic,2.1,86276,108181,2495,Low
12/31/2013,i3,2013,Middle East,Blue,Hybrid,Automatic,2,19321,68593,3015,Low
12/31/2018,M3,2018,Africa,Blue,Electric,Manual,4.7,11090,121559,1468,Low
12/31/2016,5 Series,2016,South America,White,Diesel,Automatic,3.9,132755,74148,4006,Low
12/31/2016,5 Series,2016,Europe,Blue,Petrol,Automatic,3.2,119745,71904,6947,High
12/31/2022,X5,2022,Africa,Black,Petrol,Manual,1.8,167890,80088,3263,Low
12/31/2024,i3,2024,Asia,Red,Diesel,Automatic,4.5,99556,106652,5957,High
12/31/2012,i3,2012,Asia,Silver,Diesel,Automatic,1.9,160106,25000,5909,High
12/31/2013,X3,2013,Asia,Red,Electric,Manual,3.6,48458,78700,8891,High
12/31/2016,M5,2016,South America,White,Electric,Manual,3.8,165516,113282,472,Low
12/31/2020,7 Series,2020,Middle East,Blue,Hybrid,Manual,2.9,22591,145875,1040,Low
12/31/2020,M5,2020,Europe,Red,Diesel,Manual,4.7,90493,137908,1405,Low
12/31/2023,5 Series,2023,North America,Red,Petrol,Manual,1.7,89043,92664,8443,High
12/31/2014,M3,2014,North America,Black,Electric,Automatic,4.4,7081,121731,1696,Low
12/31/2021,i3,2021,Europe,Red,Diesel,Automatic,3.4,106089,81210,5742,High
12/31/2012,X3,2012,Asia,Grey,Diesel,Automatic,3.6,166273,41813,8834,High
12/31/2010,M5,2010,Middle East,Black,Hybrid,Manual,5,151985,104002,50,Low
12/31/2016,i3,2016,South America,Blue,Electric,Manual,3.5,158984,66927,2709,Low
12/31/2015,M5,2015,Middle East,Silver,Hybrid,Automatic,4.3,149932,124860,327,Low
12/31/2019,X6,2019,Asia,Silver,Diesel,Manual,2,68934,91330,4679,Low
12/31/2024,X3,2024,North America,Blue,Hybrid,Manual,4.3,138359,112434,9390,High
12/31/2016,7 Series,2016,South America,Red,Petrol,Automatic,4.2,85502,110216,318,Low
12/31/2024,X5,2024,North America,Red,Diesel,Automatic,4.9,161283,114580,5785,High
12/31/2023,3 Series,2023,Asia,Blue,Electric,Automatic,4.8,5359,132637,10254,High
12/31/2011,3 Series,2011,Middle East,Black,Diesel,Automatic,2.2,31041,49589,5938,High
12/31/2022,M3,2022,Asia,Red,Petrol,Manual,3.1,88150,106119,3104,Low
12/31/2021,X3,2021,Middle East,Black,Electric,Automatic,4.7,104192,110483,7093,High
12/31/2013,X3,2013,Middle East,Blue,Hybrid,Manual,3.7,19780,84323,5644,High
12/31/2011,i3,2011,North America,Silver,Hybrid,Automatic,3.1,192786,35344,5164,High
12/31/2017,M3,2017,South America,Black,Diesel,Automatic,1.9,33054,85398,1463,Low
12/31/2016,X5,2016,Africa,Silver,Diesel,Automatic,2.7,115509,66848,2652,Low
12/31/2010,X5,2010,Africa,Grey,Petrol,Automatic,3.8,29574,70832,2352,Low
12/31/2011,7 Series,2011,Middle East,White,Hybrid,Manual,4.2,95263,98474,50,Low
12/31/2011,5 Series,2011,North America,Black,Electric,Manual,3.1,57696,74162,5953,High
12/31/2013,7 Series,2013,Africa,Silver,Petrol,Automatic,1.7,124933,71471,300,Low
12/31/2012,X5,2012,Europe,Silver,Diesel,Manual,3.7,196961,44271,5164,High
12/31/2010,5 Series,2010,Middle East,Grey,Diesel,Manual,4.7,191358,43361,3889,Low
12/31/2021,7 Series,2021,Europe,Red,Electric,Automatic,3.2,86066,139523,1842,Low
12/31/2023,7 Series,2023,South America,Black,Electric,Manual,4.7,129550,152661,1296,Low
12/31/2011,X3,2011,South America,Red,Hybrid,Manual,2.7,116251,46124,5396,High
12/31/2020,5 Series,2020,Asia,Red,Hybrid,Automatic,4.6,75769,118541,6779,High
12/31/2018,i8,2018,South America,Silver,Petrol,Manual,4.3,13332,161046,50,Low
12/31/2022,X5,2022,South America,Black,Electric,Automatic,4.9,172629,122357,4127,Low
12/31/2010,i3,2010,Africa,Black,Hybrid,Manual,4.3,113760,49392,1753,Low
12/31/2018,M5,2018,South America,Blue,Petrol,Manual,2.6,61044,112662,813,Low
12/31/2016,i3,2016,North America,Grey,Electric,Manual,4.7,160610,72963,4294,Low
12/31/2011,X6,2011,Europe,Grey,Diesel,Manual,3.8,80280,70230,3531,Low
12/31/2011,X3,2011,North America,Black,Petrol,Manual,2.1,181017,25000,8182,High
12/31/2014,i3,2014,South America,Black,Hybrid,Automatic,1.7,3218,68513,2535,Low
12/31/2022,X3,2022,Middle East,Grey,Hybrid,Automatic,2.8,58771,112147,7338,High
12/31/2014,X3,2014,Middle East,Red,Electric,Automatic,4.3,35933,93377,5561,High
12/31/2013,X3,2013,Africa,Red,Petrol,Manual,3.7,178601,41483,3933,Low
12/31/2021,X5,2021,Asia,Grey,Petrol,Automatic,3.3,18798,119976,6769,High
12/31/2019,X5,2019,South America,Black,Hybrid,Manual,1.5,107107,86790,3713,Low
12/31/2019,i8,2019,Europe,Silver,Petrol,Automatic,3,148883,133234,205,Low
12/31/2022,3 Series,2022,Asia,Grey,Hybrid,Automatic,2.1,46973,98158,11965,High
12/31/2021,M5,2021,North America,Silver,Electric,Manual,3.1,3029,163571,2124,Low
12/31/2012,X5,2012,Africa,Blue,Hybrid,Automatic,5,158116,70047,2140,Low
12/31/2013,i3,2013,Europe,Silver,Diesel,Manual,4.6,39066,65804,4476,Low
12/31/2019,X5,2019,Europe,Blue,Petrol,Automatic,2.6,37727,97771,4922,Low
12/31/2013,3 Series,2013,Africa,Black,Diesel,Manual,3.6,121645,44093,5324,High
12/31/2011,M5,2011,North America,Blue,Hybrid,Automatic,3.3,158215,95092,934,Low
12/31/2014,M5,2014,North America,Blue,Petrol,Automatic,2,183051,83345,1435,Low
12/31/2024,M3,2024,Africa,Blue,Petrol,Automatic,5,46936,133411,1716,Low
12/31/2014,X3,2014,Middle East,White,Electric,Automatic,3,124881,69213,5691,High
12/31/2014,3 Series,2014,Africa,Silver,Electric,Automatic,3.3,63040,75443,4599,Low
12/31/2020,M5,2020,Middle East,Silver,Petrol,Manual,3.8,19263,151371,705,Low
12/31/2024,X6,2024,Middle East,Black,Electric,Manual,2.2,59807,136433,3887,Low
12/31/2020,i8,2020,Asia,Blue,Petrol,Automatic,2.3,169261,133382,381,Low
12/31/2019,M3,2019,Europe,Red,Hybrid,Manual,2.2,81473,97115,3635,Low
12/31/2010,X5,2010,North America,Blue,Petrol,Manual,2.8,38435,63963,5216,High
12/31/2015,7 Series,2015,South America,Blue,Petrol,Automatic,2.2,43413,96467,348,Low
12/31/2020,i8,2020,North America,Black,Electric,Automatic,4.7,127375,171515,343,Low
12/31/2011,X6,2011,North America,Grey,Electric,Automatic,4,98684,87590,3620,Low
12/31/2016,X5,2016,North America,Black,Hybrid,Automatic,4.6,195695,83386,6460,High
12/31/2013,M3,2013,North America,Grey,Petrol,Automatic,4.5,42011,94691,2271,Low
12/31/2024,3 Series,2024,Europe,Black,Hybrid,Manual,4,4212,126171,10624,High
12/31/2014,7 Series,2014,South America,Black,Petrol,Manual,2.3,183727,66080,721,Low
12/31/2014,X6,2014,Europe,Black,Diesel,Manual,3.7,141987,72217,3250,Low
12/31/2014,X3,2014,Middle East,Red,Petrol,Manual,2.2,29436,66798,5079,High
12/31/2011,i8,2011,Asia,Blue,Diesel,Manual,2,166624,89874,50,Low
12/31/2014,i3,2014,South America,Silver,Diesel,Manual,3.7,2854,67518,2926,Low
12/31/2012,X5,2012,Africa,Blue,Hybrid,Manual,3.7,51403,80550,1972,Low
12/31/2013,X6,2013,Europe,Red,Hybrid,Manual,2,91043,78016,3763,Low
12/31/2022,X3,2022,South America,Grey,Diesel,Manual,2.7,14585,94225,6396,High
12/31/2011,M3,2011,Asia,Red,Hybrid,Automatic,1.7,187577,49223,2916,Low
12/31/2013,5 Series,2013,Africa,Silver,Hybrid,Manual,4,101984,76159,3347,Low
12/31/2022,7 Series,2022,South America,Silver,Electric,Automatic,5,87087,158727,1062,Low
12/31/2018,5 Series,2018,North America,White,Electric,Automatic,4.1,126504,104661,6074,High
12/31/2017,X1,2017,Africa,White,Petrol,Manual,4.5,134450,61933,3548,Low
12/31/2022,M5,2022,North America,Blue,Electric,Automatic,3.2,86320,148900,2476,Low
12/31/2023,M5,2023,Europe,Black,Petrol,Manual,1.8,115769,120143,2363,Low
12/31/2024,X1,2024,Africa,White,Diesel,Automatic,4,59291,104445,4397,Low
12/31/2020,5 Series,2020,South America,Blue,Electric,Automatic,2.4,116367,96577,4971,Low
12/31/2021,X6,2021,Asia,Red,Electric,Automatic,2.9,5084,140174,4134,Low
12/31/2012,3 Series,2012,South America,Red,Electric,Automatic,4,111580,62471,679,Low
12/31/2010,X6,2010,Middle East,Black,Diesel,Manual,4.7,51318,77518,2112,Low
12/31/2010,X1,2010,Europe,Silver,Diesel,Automatic,3.2,163031,25000,6998,High
12/31/2015,3 Series,2015,Asia,Red,Hybrid,Automatic,4.9,153110,71372,10784,High
12/31/2012,M5,2012,Asia,Red,Hybrid,Manual,3.3,97110,105074,1020,Low
12/31/2013,X5,2013,Europe,Silver,Hybrid,Automatic,1.9,102997,65654,4879,Low
12/31/2010,M5,2010,Europe,White,Diesel,Manual,3.3,50981,90155,674,Low
12/31/2017,7 Series,2017,North America,Silver,Electric,Automatic,4.5,85530,140784,650,Low
12/31/2010,X1,2010,Europe,Red,Diesel,Automatic,3.4,92317,34506,7751,High
12/31/2014,5 Series,2014,Africa,Red,Hybrid,Automatic,4.1,116287,76523,3531,Low
12/31/2015,X3,2015,Africa,Red,Diesel,Manual,3.4,77509,60899,4189,Low
12/31/2024,X3,2024,North America,Blue,Hybrid,Automatic,3.4,117594,107974,10898,High
12/31/2011,3 Series,2011,Africa,Red,Hybrid,Automatic,2.5,194837,28771,4187,Low
12/31/2016,i3,2016,South America,Red,Diesel,Automatic,2.2,196428,35934,3855,Low
12/31/2016,i3,2016,Europe,Grey,Petrol,Automatic,2.5,170046,46926,5620,High
12/31/2010,X6,2010,North America,Grey,Electric,Automatic,3,58362,87640,2700,Low
12/31/2013,X5,2013,Asia,Red,Hybrid,Manual,4.3,176352,68127,5190,High
12/31/2021,X5,2021,Middle East,White,Petrol,Automatic,4.4,156757,108563,3736,Low
12/31/2022,7 Series,2022,Asia,White,Electric,Manual,2.1,80262,132543,2207,Low
12/31/2013,X6,2013,Africa,White,Petrol,Automatic,3.4,29113,84409,1495,Low
12/31/2014,i3,2014,Asia,Silver,Petrol,Automatic,3,10696,67866,4668,Low
12/31/2010,5 Series,2010,South America,Silver,Diesel,Automatic,3.5,99989,47532,3866,Low
12/31/2010,5 Series,2010,Europe,Red,Electric,Manual,3.8,15769,85634,6063,High
12/31/2016,X1,2016,Africa,Blue,Electric,Manual,2.5,119775,58683,4189,Low
12/31/2018,M5,2018,South America,Grey,Petrol,Manual,4.7,93148,123278,705,Low
12/31/2010,M5,2010,Europe,Silver,Hybrid,Manual,4.8,175140,90070,654,Low
12/31/2011,i8,2011,Middle East,Red,Hybrid,Automatic,1.9,24739,134984,50,Low
12/31/2015,X3,2015,Asia,Red,Electric,Automatic,4,35501,95172,8136,High
12/31/2024,X3,2024,Africa,Red,Hybrid,Manual,1.6,87689,98567,6492,High
12/31/2024,X1,2024,North America,Grey,Diesel,Manual,1.7,72150,79575,7860,High
12/31/2015,X3,2015,Africa,White,Petrol,Automatic,4.9,72068,76987,4776,Low
12/31/2011,X5,2011,Africa,Silver,Hybrid,Manual,3.9,14847,85523,2110,Low
12/31/2018,X6,2018,North America,Silver,Hybrid,Manual,2.6,132810,98314,4803,Low
12/31/2013,X6,2013,Middle East,Black,Petrol,Manual,3.8,191627,61734,2215,Low
12/31/2022,X3,2022,Asia,Grey,Hybrid,Automatic,4.5,170003,95941,8731,High
12/31/2016,i8,2016,North America,Red,Diesel,Manual,4.5,71561,147790,50,Low
12/31/2015,M5,2015,Asia,Black,Hybrid,Automatic,1.6,50841,116993,1292,Low
12/31/2020,M5,2020,Europe,White,Hybrid,Automatic,4.4,165131,141522,1951,Low
12/31/2022,X5,2022,North America,Grey,Diesel,Manual,4.5,84073,109681,6361,High
12/31/2020,i3,2020,North America,Blue,Electric,Automatic,3.6,56317,112376,5152,High
12/31/2012,3 Series,2012,Africa,Silver,Electric,Automatic,3.2,8664,72316,3799,Low
12/31/2017,X6,2017,Asia,Silver,Electric,Manual,1.9,64135,100754,4621,Low
12/31/2016,X5,2016,North America,Black,Hybrid,Manual,2.3,5395,101251,5761,High
12/31/2018,X6,2018,Africa,Silver,Hybrid,Manual,3.2,114633,95166,2648,Low
12/31/2012,i8,2012,South America,White,Electric,Manual,4.5,23000,153333,50,Low
12/31/2010,X3,2010,Middle East,Red,Diesel,Automatic,4.3,143918,41286,11340,High
12/31/2011,M3,2011,Africa,White,Petrol,Manual,3.2,34141,71828,720,Low
12/31/2021,5 Series,2021,South America,Blue,Petrol,Manual,4.2,46795,111365,4784,Low
12/31/2020,7 Series,2020,North America,Silver,Hybrid,Automatic,4.2,115331,133700,4475,Low
12/31/2024,3 Series,2024,North America,Red,Petrol,Manual,3.5,199360,79682,11711,High
12/31/2021,X6,2021,South America,Blue,Petrol,Automatic,2.3,76979,108582,2537,Low
12/31/2010,X1,2010,Africa,Blue,Petrol,Automatic,2.7,183270,25000,3560,Low
12/31/2020,M5,2020,Asia,Black,Diesel,Automatic,2.1,150791,113497,1807,Low
12/31/2014,i3,2014,Middle East,Silver,Diesel,Automatic,1.5,157088,34782,3034,Low
12/31/2024,X6,2024,Asia,Red,Electric,Manual,1.8,92286,129500,4465,Low
12/31/2019,M3,2019,Europe,Grey,Electric,Manual,4.2,158841,105518,2769,Low
12/31/2023,i3,2023,Africa,Red,Hybrid,Automatic,1.6,118758,84286,3661,Low
12/31/2011,i8,2011,Asia,Silver,Petrol,Automatic,2.9,78242,117095,50,Low
12/31/2012,X3,2012,Africa,Red,Electric,Manual,5,62616,80987,634,Low
12/31/2017,X3,2017,Africa,Black,Diesel,Automatic,4.3,70846,81116,4721,Low
12/31/2024,M5,2024,Africa,White,Petrol,Manual,4.1,18727,166585,758,Low
12/31/2019,5 Series,2019,South America,Silver,Petrol,Automatic,2.5,186173,63593,4302,Low
12/31/2023,3 Series,2023,South America,Silver,Electric,Automatic,3.7,164507,94062,6995,High
12/31/2014,3 Series,2014,South America,Red,Hybrid,Automatic,3.2,18274,77578,5245,High
12/31/2013,5 Series,2013,South America,Black,Hybrid,Automatic,3.7,56626,78910,3855,Low
12/31/2014,i8,2014,Middle East,Red,Diesel,Automatic,3,116207,119705,50,Low
12/31/2019,i3,2019,Middle East,White,Electric,Manual,3.4,128578,85262,4235,Low
12/31/2015,X5,2015,Africa,Red,Diesel,Automatic,5,92481,81702,2534,Low
12/31/2021,M5,2021,Africa,Black,Diesel,Manual,2.7,124751,119721,929,Low
12/31/2016,X6,2016,South America,Blue,Diesel,Manual,2.3,106877,71177,2282,Low
12/31/2023,M3,2023,Asia,Silver,Petrol,Automatic,3.1,197872,95075,3575,Low
12/31/2022,X1,2022,Europe,White,Electric,Manual,3.3,64238,101146,8961,High
12/31/2018,i3,2018,Middle East,Black,Diesel,Automatic,1.8,151789,51649,3356,Low
12/31/2010,X1,2010,Asia,White,Hybrid,Automatic,4.3,170747,38588,6484,High
12/31/2013,3 Series,2013,Europe,Grey,Electric,Manual,3,132448,56487,8383,High
12/31/2021,M5,2021,Asia,Silver,Hybrid,Automatic,2.9,179640,127462,2164,Low
12/31/2021,7 Series,2021,Middle East,Red,Hybrid,Automatic,3.8,96022,144426,1092,Low
12/31/2018,X5,2018,Middle East,Grey,Diesel,Automatic,4.2,116830,91165,3838,Low
12/31/2014,X5,2014,Africa,Black,Hybrid,Manual,5,144209,79296,2657,Low
12/31/2017,i8,2017,South America,Blue,Petrol,Automatic,2.1,47059,131003,50,Low
12/31/2021,7 Series,2021,Africa,Red,Diesel,Manual,2.7,112519,108343,947,Low
12/31/2010,i3,2010,Africa,Grey,Diesel,Automatic,2.1,16477,41107,2251,Low
12/31/2013,X5,2013,Middle East,Red,Petrol,Manual,4.6,149221,70940,793,Low
12/31/2021,X6,2021,Middle East,Black,Electric,Automatic,3.4,125853,122210,2973,Low
12/31/2023,3 Series,2023,North America,Silver,Diesel,Manual,4.5,18067,116241,9049,High
12/31/2021,X5,2021,Middle East,White,Hybrid,Manual,4.9,107593,123309,10046,High
12/31/2018,X1,2018,South America,White,Diesel,Manual,3.4,153964,51657,5652,High
12/31/2022,7 Series,2022,South America,White,Petrol,Manual,1.9,188059,100107,1323,Low
12/31/2010,X5,2010,South America,Black,Electric,Automatic,2.8,188818,50247,3342,Low
12/31/2010,3 Series,2010,Europe,White,Hybrid,Automatic,1.6,79489,43002,7376,High
12/31/2013,5 Series,2013,South America,White,Petrol,Automatic,4.5,154156,61972,3900,Low
12/31/2023,X3,2023,Middle East,Red,Petrol,Manual,1.6,175194,69618,5954,High
12/31/2012,X5,2012,North America,Blue,Electric,Automatic,3.6,73260,91288,4757,Low
12/31/2016,i3,2016,Middle East,Grey,Diesel,Automatic,1.9,173373,40299,4270,Low
12/31/2020,X5,2020,Africa,Red,Electric,Automatic,1.5,44467,103988,3590,Low
12/31/2012,i8,2012,Europe,Grey,Petrol,Manual,2.4,86444,113241,50,Low
12/31/2010,M5,2010,Asia,Black,Hybrid,Manual,3.4,195532,76805,1013,Low
12/31/2021,i8,2021,North America,Black,Petrol,Manual,1.8,169739,125393,709,Low
12/31/2024,i3,2024,Europe,Grey,Hybrid,Manual,3.7,137726,105186,6194,High
12/31/2020,i8,2020,Middle East,Blue,Hybrid,Automatic,3.9,130814,169305,50,Low
12/31/2019,7 Series,2019,Middle East,Black,Hybrid,Automatic,4.9,126608,135802,1091,Low
12/31/2011,X3,2011,South America,Black,Petrol,Manual,4.6,823,72453,10318,High
12/31/2019,X6,2019,North America,Blue,Electric,Manual,3.5,161383,110840,3913,Low
12/31/2022,M3,2022,South America,White,Hybrid,Manual,4.3,185620,101352,595,Low
12/31/2013,3 Series,2013,Asia,Silver,Diesel,Manual,2.8,25760,60455,8965,High
12/31/2010,i8,2010,Europe,Blue,Hybrid,Manual,3.5,27479,132591,50,Low
12/31/2010,X5,2010,Europe,Silver,Electric,Manual,2.9,108086,62368,4972,Low
12/31/2021,i3,2021,Africa,Silver,Electric,Automatic,2.7,184911,78903,3500,Low
12/31/2023,i3,2023,Asia,Blue,Electric,Manual,4,111618,104330,6033,High
12/31/2017,M5,2017,Asia,White,Electric,Manual,2.5,161878,115101,1583,Low
12/31/2016,i8,2016,South America,Grey,Electric,Automatic,2.8,107958,139507,50,Low
12/31/2023,X6,2023,Asia,White,Electric,Automatic,2.8,138897,128728,4428,Low
12/31/2017,7 Series,2017,Asia,Black,Diesel,Manual,4.5,21513,122780,1112,Low
12/31/2022,i8,2022,North America,Blue,Hybrid,Automatic,2.1,49695,169396,705,Low
12/31/2013,X3,2013,North America,Blue,Petrol,Automatic,2.8,160076,41431,9435,High
12/31/2015,M5,2015,Europe,Black,Diesel,Automatic,4.6,70098,124436,858,Low
12/31/2024,X5,2024,North America,White,Hybrid,Automatic,1.6,119078,115433,7149,High
12/31/2022,X1,2022,Europe,White,Hybrid,Manual,4.8,169804,90421,7159,High
12/31/2012,X3,2012,Middle East,Silver,Hybrid,Automatic,4.6,193803,54894,5739,High
12/31/2020,M3,2020,Europe,Red,Electric,Automatic,3,156677,106456,3753,Low
12/31/2022,X1,2022,North America,Silver,Petrol,Automatic,3.8,42553,98679,7978,High
12/31/2017,3 Series,2017,Europe,Grey,Petrol,Automatic,5,33235,95361,7559,High
12/31/2013,X6,2013,Middle East,White,Hybrid,Automatic,3.4,94313,87553,2394,Low
12/31/2012,5 Series,2012,Africa,Black,Diesel,Manual,1.8,170963,28088,3891,Low
12/31/2013,X5,2013,Asia,White,Petrol,Automatic,4.5,191915,61979,5415,High
12/31/2015,X5,2015,Middle East,Silver,Petrol,Manual,2,74679,74760,3715,Low
12/31/2020,M5,2020,North America,Blue,Hybrid,Automatic,2.4,97415,131906,2388,Low
12/31/2016,M5,2016,Middle East,Blue,Diesel,Manual,4.6,4296,140217,264,Low
12/31/2016,M5,2016,Middle East,Blue,Petrol,Manual,2.4,55939,120999,50,Low
12/31/2023,M5,2023,Europe,Grey,Petrol,Automatic,4.1,172308,139897,1839,Low
12/31/2024,7 Series,2024,Middle East,Blue,Hybrid,Manual,3.1,146951,142823,1515,Low
12/31/2021,i8,2021,North America,Red,Petrol,Automatic,4.2,39202,170380,50,Low
12/31/2013,i3,2013,South America,Black,Petrol,Automatic,2.3,151188,32684,2593,Low
12/31/2017,X3,2017,Middle East,Grey,Hybrid,Automatic,3,152041,71541,5178,High
12/31/2016,i8,2016,North America,Grey,Diesel,Manual,2.6,27673,140478,50,Low
12/31/2011,i8,2011,North America,Black,Diesel,Manual,2.4,58751,43407,346,Low
12/31/2022,X6,2022,Asia,White,Petrol,Manual,2.6,170757,91912,4597,Low
12/31/2017,M3,2017,Africa,White,Petrol,Automatic,2.6,151172,68446,1756,Low
12/31/2018,i3,2018,Asia,Black,Electric,Manual,4.8,75161,103486,6184,High
12/31/2014,M3,2014,Europe,Blue,Electric,Manual,3.4,7066,107716,1930,Low
12/31/2024,M5,2024,Europe,Red,Hybrid,Automatic,3.1,163639,141134,2308,Low
12/31/2013,X5,2013,South America,Red,Petrol,Manual,3.3,100305,63030,3505,Low
12/31/2013,i3,2013,Middle East,Red,Electric,Automatic,5,143990,72644,2970,Low
12/31/2022,X5,2022,Europe,Silver,Electric,Automatic,3.8,137659,119118,5770,High
12/31/2013,X1,2013,South America,Blue,Petrol,Automatic,4,48148,58935,4800,Low
12/31/2015,7 Series,2015,Europe,White,Diesel,Automatic,2.6,123444,91593,1243,Low
12/31/2020,3 Series,2020,Asia,Red,Hybrid,Automatic,3.2,92340,90340,11947,High
12/31/2013,X3,2013,Europe,Blue,Diesel,Automatic,2.1,129231,38814,7940,High
12/31/2016,X1,2016,Europe,Red,Hybrid,Manual,3.9,2592,84928,7010,High
12/31/2016,3 Series,2016,South America,Silver,Petrol,Automatic,2.7,178279,43531,6900,High
12/31/2014,M3,2014,Asia,Black,Hybrid,Manual,4.1,197339,75982,2943,Low
12/31/2022,7 Series,2022,South America,Grey,Diesel,Manual,2.2,6139,128377,896,Low
12/31/2014,3 Series,2014,Middle East,Blue,Hybrid,Manual,2.9,18093,77352,6608,High
12/31/2024,X3,2024,Africa,Black,Electric,Automatic,3.1,8116,127741,5918,High
12/31/2019,i3,2019,Middle East,Black,Hybrid,Automatic,2.1,53059,91148,3463,Low
12/31/2017,X6,2017,Europe,Black,Diesel,Manual,1.7,32305,87516,4236,Low
12/31/2016,i3,2016,South America,Grey,Diesel,Automatic,2.6,9363,70764,3032,Low
12/31/2023,3 Series,2023,Europe,Silver,Hybrid,Automatic,3.4,16533,120198,8708,High
12/31/2016,X6,2016,Asia,Red,Electric,Manual,3.8,26872,120598,3320,Low
12/31/2015,3 Series,2015,Middle East,Grey,Hybrid,Manual,3,189620,52835,6745,High
12/31/2016,3 Series,2016,Europe,Silver,Hybrid,Automatic,3.3,185309,57887,10057,High
12/31/2016,i3,2016,South America,Red,Diesel,Automatic,3.4,164206,51025,3303,Low
12/31/2019,M5,2019,Africa,Blue,Electric,Manual,3.3,174498,158409,543,Low
12/31/2023,5 Series,2023,South America,Red,Electric,Automatic,1.8,101676,104220,4373,Low
12/31/2011,i8,2011,South America,Black,Electric,Manual,2.9,59652,118798,50,Low
12/31/2023,M3,2023,Africa,Red,Petrol,Manual,2.2,15363,119068,1772,Low
12/31/2019,X1,2019,Europe,Silver,Hybrid,Automatic,3.4,51342,92439,8299,High
12/31/2011,M5,2011,North America,Blue,Hybrid,Automatic,4.2,56928,117331,662,Low
12/31/2023,M3,2023,Asia,Grey,Petrol,Automatic,3.5,165833,107323,3834,Low
12/31/2019,X5,2019,South America,Silver,Electric,Manual,2.3,7010,114400,4336,Low
12/31/2016,5 Series,2016,South America,Silver,Hybrid,Automatic,2.2,89828,77890,3568,Low
12/31/2023,3 Series,2023,Africa,Silver,Petrol,Automatic,1.6,36959,95169,4814,Low
12/31/2019,X1,2019,North America,White,Hybrid,Automatic,3,175567,63746,8557,High
12/31/2016,5 Series,2016,Asia,Black,Petrol,Manual,3,74832,77105,6052,High
12/31/2016,X5,2016,North America,Black,Diesel,Automatic,2.3,188400,58903,5422,High
12/31/2014,i3,2014,Asia,Red,Petrol,Manual,4.2,139566,54815,4521,Low
12/31/2010,X6,2010,Asia,Silver,Diesel,Automatic,2.9,52825,70983,391,Low
12/31/2023,i3,2023,Asia,White,Electric,Automatic,3.8,151819,107602,6527,High
12/31/2011,5 Series,2011,South America,Red,Petrol,Manual,3.7,171429,39764,3276,Low
12/31/2022,X3,2022,North America,Grey,Electric,Manual,3.6,189990,95242,15000,High
12/31/2018,M3,2018,Middle East,Silver,Petrol,Automatic,4.7,40920,115660,1365,Low
12/31/2017,M3,2017,North America,Grey,Electric,Automatic,1.6,191610,78151,3210,Low
12/31/2017,X1,2017,Africa,Grey,Diesel,Manual,1.7,30199,58340,4777,Low
12/31/2019,i8,2019,North America,Grey,Electric,Automatic,4,496,189041,50,Low
12/31/2010,3 Series,2010,North America,White,Electric,Manual,2.7,122929,44308,7971,High
12/31/2015,X3,2015,South America,Grey,Hybrid,Manual,5,92706,85892,4534,Low
12/31/2024,M5,2024,South America,Black,Electric,Automatic,2.3,155452,134141,1885,Low
12/31/2024,i8,2024,North America,White,Petrol,Automatic,2.1,23940,168217,449,Low
12/31/2018,X5,2018,Middle East,Blue,Petrol,Manual,3.6,136876,85018,4648,Low
12/31/2024,M3,2024,Middle East,Grey,Hybrid,Manual,2.5,82725,132755,2571,Low
12/31/2017,X6,2017,South America,Grey,Electric,Automatic,2.7,112029,100975,2365,Low
12/31/2012,X3,2012,Asia,Red,Petrol,Automatic,4.7,191244,48339,9831,High
12/31/2013,M3,2013,Middle East,Red,Petrol,Manual,1.6,57742,70431,1270,Low
12/31/2024,3 Series,2024,South America,Black,Electric,Automatic,3.4,84306,109531,5814,High
12/31/2012,X3,2012,Africa,White,Diesel,Manual,2.7,105573,39178,4623,Low
12/31/2015,5 Series,2015,South America,Black,Petrol,Manual,2.7,182565,47914,4556,Low
12/31/2023,3 Series,2023,Europe,White,Hybrid,Manual,2.4,104681,97589,10268,High
12/31/2018,X5,2018,North America,White,Petrol,Manual,2,103007,81423,6685,High
12/31/2024,X5,2024,Middle East,Silver,Petrol,Manual,1.6,38099,113699,4571,Low
12/31/2017,M3,2017,Europe,Blue,Diesel,Manual,5,39251,102037,2643,Low
12/31/2024,X5,2024,Africa,Black,Diesel,Automatic,3.8,22896,127252,3601,Low
12/31/2024,5 Series,2024,Europe,Blue,Petrol,Manual,4.2,27737,131953,6065,High
12/31/2022,M3,2022,Asia,Red,Hybrid,Manual,1.7,70447,117710,4119,Low
12/31/2019,M5,2019,South America,Silver,Hybrid,Manual,1.6,154192,104970,1566,Low
12/31/2013,X1,2013,Africa,Black,Diesel,Automatic,3.6,86109,46661,3683,Low
12/31/2024,M5,2024,Europe,Silver,Petrol,Automatic,4,41219,157505,2004,Low
12/31/2011,3 Series,2011,Europe,Blue,Electric,Manual,2.9,53333,59720,8491,High
12/31/2022,i8,2022,North America,Silver,Electric,Automatic,2.9,64363,184290,468,Low
12/31/2017,X1,2017,Africa,Silver,Petrol,Automatic,2.8,13707,72799,4604,Low
12/31/2017,X1,2017,North America,Silver,Electric,Manual,2,161810,56023,8613,High
12/31/2023,3 Series,2023,Middle East,Grey,Electric,Automatic,4.1,13152,137362,6686,High
12/31/2021,i8,2021,Africa,Blue,Electric,Automatic,2.3,41663,163555,103,Low
12/31/2020,X1,2020,North America,White,Electric,Manual,2.6,20099,94000,8197,High
12/31/2015,i8,2015,Europe,Silver,Hybrid,Automatic,3.8,161153,133591,50,Low
12/31/2023,X1,2023,Asia,Red,Petrol,Automatic,1.5,7871,92809,7642,High
12/31/2017,M3,2017,Africa,Blue,Hybrid,Manual,4.2,43643,104361,1246,Low
12/31/2018,X3,2018,Middle East,White,Diesel,Manual,4.6,126334,78421,5182,High
12/31/2022,M3,2022,Africa,Grey,Petrol,Manual,1.7,143047,85633,2205,Low
12/31/2010,3 Series,2010,Europe,Black,Hybrid,Manual,3.6,151432,38860,8127,High
12/31/2018,X6,2018,South America,White,Diesel,Manual,2.9,68628,97185,2554,Low
12/31/2011,X1,2011,Middle East,White,Petrol,Manual,1.8,93908,28329,5649,High
12/31/2023,7 Series,2023,Asia,Silver,Hybrid,Automatic,3.9,131767,140518,2096,Low
12/31/2022,X1,2022,Asia,Blue,Diesel,Automatic,3.6,158815,75593,7829,High
12/31/2010,X5,2010,Africa,Grey,Diesel,Manual,3.7,177019,37379,2473,Low
12/31/2017,7 Series,2017,Europe,Grey,Hybrid,Manual,4.3,188501,110750,1113,Low
12/31/2017,i8,2017,Europe,Blue,Petrol,Automatic,2.5,3178,200000,50,Low
12/31/2020,7 Series,2020,North America,Grey,Diesel,Automatic,3.9,163009,120321,1519,Low
12/31/2013,5 Series,2013,North America,White,Electric,Manual,4.1,143805,78324,5996,High
12/31/2017,M5,2017,Europe,Silver,Hybrid,Automatic,2.1,33352,123864,1292,Low
12/31/2016,X3,2016,Middle East,Red,Petrol,Manual,4.8,36326,90139,5297,High
12/31/2022,i8,2022,South America,Red,Petrol,Manual,2.7,168654,140587,206,Low
12/31/2011,3 Series,2011,Asia,Blue,Diesel,Automatic,4,10191,65687,9117,High
12/31/2014,X5,2014,South America,Blue,Diesel,Manual,4.1,189739,53482,3865,Low
12/31/2023,i3,2023,Middle East,Silver,Petrol,Manual,3.3,95561,95945,3993,Low
12/31/2019,X5,2019,Europe,Grey,Diesel,Automatic,2,118664,80644,5280,High
12/31/2013,i8,2013,Middle East,Blue,Petrol,Manual,2.5,116687,117173,50,Low
12/31/2012,X5,2012,Africa,Red,Petrol,Automatic,2.3,67723,61867,2559,Low
12/31/2010,i3,2010,South America,Grey,Petrol,Manual,3.3,145449,27402,2756,Low
12/31/2014,X1,2014,South America,Black,Hybrid,Manual,2.4,157811,38708,4782,Low
12/31/2019,M3,2019,Asia,Black,Electric,Manual,3.4,112084,107756,2956,Low
12/31/2017,i3,2017,South America,Red,Hybrid,Automatic,2.5,61082,82031,3008,Low
12/31/2021,7 Series,2021,North America,White,Electric,Automatic,1.5,135481,128886,2309,Low
12/31/2018,X6,2018,Asia,Grey,Electric,Manual,2.8,97462,105612,4270,Low
12/31/2016,X5,2016,Asia,Grey,Electric,Manual,3.6,114139,92761,6094,High
12/31/2021,i3,2021,Africa,Blue,Hybrid,Manual,4.2,156530,82491,3872,Low
12/31/2020,i8,2020,Asia,Black,Hybrid,Automatic,1.6,159084,140359,791,Low
12/31/2010,3 Series,2010,South America,White,Hybrid,Automatic,2.4,131895,50484,5085,High
12/31/2010,i3,2010,Europe,White,Hybrid,Automatic,4.9,50838,67219,4268,Low
12/31/2024,X1,2024,Middle East,Red,Hybrid,Automatic,2.4,55509,103679,6171,High
12/31/2010,i8,2010,North America,White,Electric,Automatic,4.2,11511,152266,50,Low
12/31/2011,7 Series,2011,Middle East,Red,Electric,Automatic,3.3,193204,89763,50,Low
12/31/2010,i8,2010,North America,White,Diesel,Automatic,1.9,102796,93868,50,Low
12/31/2013,i3,2013,South America,Silver,Electric,Manual,3.8,109736,65939,2245,Low
12/31/2019,7 Series,2019,Middle East,Blue,Hybrid,Automatic,4.9,43614,148230,809,Low
12/31/2018,X6,2018,Africa,Grey,Electric,Automatic,4.6,20439,126691,1871,Low
12/31/2021,X1,2021,South America,Black,Hybrid,Manual,3.9,132496,82930,5215,High
12/31/2013,X5,2013,Middle East,Grey,Electric,Manual,3.3,83111,85346,3325,Low
12/31/2022,M5,2022,Africa,Red,Diesel,Automatic,2.6,20209,133628,801,Low
12/31/2013,X3,2013,Middle East,Blue,Hybrid,Manual,2.7,175597,48794,5734,High
12/31/2016,5 Series,2016,Africa,White,Hybrid,Manual,2.7,169277,61789,3720,Low
12/31/2023,i3,2023,Africa,Blue,Hybrid,Manual,4.7,60943,115005,3056,Low
12/31/2020,5 Series,2020,Middle East,Red,Petrol,Automatic,2.2,175366,78337,5342,High
12/31/2018,X6,2018,Middle East,Silver,Electric,Automatic,2.8,179504,102802,3500,Low
12/31/2016,3 Series,2016,South America,Grey,Hybrid,Automatic,3,104124,68548,5848,High
12/31/2010,i3,2010,Middle East,White,Hybrid,Automatic,2.9,66765,53807,2582,Low
12/31/2010,X3,2010,Europe,Black,Electric,Manual,1.5,156130,32509,8155,High
12/31/2013,M3,2013,Europe,Red,Electric,Automatic,2.4,186761,62942,2489,Low
12/31/2013,7 Series,2013,South America,Grey,Petrol,Manual,3.2,3520,101414,50,Low
12/31/2010,i8,2010,South America,Black,Diesel,Manual,4.2,168138,92018,50,Low
12/31/2015,i3,2015,Europe,Red,Electric,Manual,3.5,193539,58061,4232,Low
12/31/2019,3 Series,2019,South America,Blue,Diesel,Manual,2.8,16274,79291,5402,High
12/31/2011,3 Series,2011,Middle East,White,Petrol,Manual,3.8,66424,53640,6184,High
12/31/2020,i3,2020,South America,Silver,Hybrid,Manual,3.8,5418,104546,3183,Low
12/31/2014,X5,2014,Middle East,Blue,Diesel,Automatic,2.4,41509,77353,4130,Low
12/31/2017,X6,2017,North America,Grey,Hybrid,Manual,1.9,152918,85925,4322,Low
12/31/2024,3 Series,2024,Africa,Silver,Electric,Manual,4.3,89111,118055,6703,High
12/31/2012,X6,2012,Middle East,White,Hybrid,Automatic,3.4,66539,96822,2083,Low
12/31/2018,i8,2018,Africa,Silver,Diesel,Manual,2.1,198092,99953,99,Low
12/31/2016,7 Series,2016,South America,Blue,Hybrid,Automatic,2.4,108016,103541,434,Low
12/31/2018,i8,2018,South America,Black,Hybrid,Manual,4.2,43968,154238,50,Low
12/31/2010,7 Series,2010,Europe,Silver,Hybrid,Manual,3.8,147504,83999,407,Low
12/31/2014,M3,2014,Africa,Grey,Petrol,Automatic,4.8,45943,93853,713,Low
12/31/2021,M5,2021,Africa,Grey,Hybrid,Manual,3.1,37225,139618,993,Low
12/31/2022,3 Series,2022,Middle East,White,Diesel,Manual,1.7,66918,78951,6538,High
12/31/2012,5 Series,2012,South America,Red,Hybrid,Automatic,4,76463,79704,3128,Low
12/31/2013,X1,2013,Middle East,Blue,Electric,Automatic,2.4,126054,49405,4478,Low
12/31/2013,3 Series,2013,Middle East,Blue,Electric,Automatic,2.6,51084,73240,5350,High
12/31/2020,3 Series,2020,Europe,White,Diesel,Automatic,2.2,48227,81785,9498,High
12/31/2021,3 Series,2021,Asia,Blue,Diesel,Manual,2.6,49838,89125,10337,High
12/31/2016,i8,2016,Africa,Blue,Petrol,Automatic,4.4,35348,154099,50,Low
12/31/2019,i8,2019,Middle East,Silver,Hybrid,Automatic,3.5,72567,166427,50,Low
12/31/2020,X5,2020,Middle East,Red,Electric,Automatic,1.9,137935,100826,4286,Low
12/31/2017,X5,2017,Africa,Grey,Diesel,Manual,3.6,30841,93857,3074,Low
12/31/2020,X5,2020,Asia,Blue,Hybrid,Automatic,3.7,176776,101382,6862,High
12/31/2019,M5,2019,North America,Black,Petrol,Manual,4.6,163267,120684,1842,Low
12/31/2014,X1,2014,Asia,Blue,Diesel,Automatic,4.5,37208,66470,7825,High
12/31/2022,i8,2022,Asia,Silver,Hybrid,Manual,1.7,157001,139049,1239,Low
12/31/2022,i3,2022,South America,Silver,Diesel,Manual,4.5,135113,87807,3489,Low
12/31/2021,i8,2021,Africa,Blue,Diesel,Automatic,1.7,183902,122317,217,Low
12/31/2019,X6,2019,South America,Blue,Diesel,Manual,2,60824,87642,2369,Low
12/31/2016,5 Series,2016,North America,Black,Petrol,Manual,1.9,92146,69161,6686,High
12/31/2012,X5,2012,Africa,Red,Hybrid,Automatic,2.1,43291,76533,2303,Low
12/31/2012,i3,2012,South America,White,Petrol,Manual,4.3,53107,61001,2561,Low
12/31/2012,X5,2012,Middle East,Red,Diesel,Automatic,3.9,21325,87679,6695,High
12/31/2021,7 Series,2021,Asia,Silver,Electric,Automatic,3.9,61700,156815,1553,Low
12/31/2013,M5,2013,South America,Grey,Diesel,Manual,4.7,77029,100949,197,Low
12/31/2015,X6,2015,Asia,Silver,Electric,Manual,2.9,103369,92281,3834,Low
12/31/2024,X1,2024,South America,Silver,Petrol,Manual,1.5,191525,57466,5544,High
12/31/2014,X5,2014,Europe,Silver,Diesel,Automatic,3.7,171291,59860,5233,High
12/31/2017,X5,2017,Asia,Blue,Petrol,Automatic,4.5,49609,103973,5643,High
12/31/2023,X1,2023,Africa,Blue,Petrol,Manual,4.9,15008,108255,4755,Low
12/31/2023,3 Series,2023,North America,Blue,Electric,Manual,2.8,82735,101782,11767,High
12/31/2021,X3,2021,North America,White,Petrol,Manual,4.4,198847,80348,8732,High
12/31/2022,5 Series,2022,Europe,White,Diesel,Automatic,4.5,191993,93239,7134,High
12/31/2014,X1,2014,Middle East,Black,Petrol,Manual,2,51802,48808,4681,Low
12/31/2020,X1,2020,Africa,Silver,Electric,Manual,3.7,189063,73811,5645,High
12/31/2021,3 Series,2021,Middle East,Red,Petrol,Manual,2.1,180487,63192,7287,High
12/31/2014,X6,2014,South America,Grey,Diesel,Automatic,3.1,82178,74718,1992,Low
12/31/2023,X5,2023,Africa,Red,Hybrid,Manual,4.6,58814,137121,3369,Low
12/31/2019,X1,2019,Europe,Black,Diesel,Manual,4.3,174540,58074,7429,High
12/31/2011,3 Series,2011,Europe,Silver,Electric,Manual,3.5,130501,51408,7414,High
12/31/2021,5 Series,2021,Asia,Silver,Hybrid,Automatic,4.3,170115,99289,8084,High
12/31/2020,5 Series,2020,Asia,Black,Petrol,Automatic,2,162836,70823,8300,High
12/31/2020,M5,2020,Middle East,Blue,Diesel,Automatic,2.2,22954,136537,824,Low
12/31/2014,3 Series,2014,North America,Grey,Hybrid,Manual,2.2,68178,63896,8643,High
12/31/2024,X6,2024,Asia,White,Hybrid,Automatic,4.2,9686,159708,4405,Low
12/31/2021,X6,2021,South America,Grey,Diesel,Manual,4.6,61827,119375,2674,Low
12/31/2016,i8,2016,Europe,Blue,Hybrid,Manual,3.5,184178,120315,50,Low
12/31/2011,X1,2011,Asia,Silver,Petrol,Manual,4.9,9244,62069,8243,High
12/31/2023,i8,2023,North America,Grey,Electric,Manual,4,6494,198337,361,Low
12/31/2022,i3,2022,Europe,Silver,Electric,Automatic,3.5,145236,93952,5829,High
12/31/2015,M3,2015,Middle East,Red,Electric,Automatic,3.6,105649,98322,1345,Low
12/31/2016,i8,2016,Africa,Black,Petrol,Automatic,4.5,88777,135832,50,Low
12/31/2014,X6,2014,North America,Grey,Hybrid,Automatic,1.8,186536,68268,4439,Low
12/31/2018,7 Series,2018,Middle East,Red,Diesel,Automatic,2.1,123684,100113,812,Low
12/31/2023,M3,2023,Asia,Silver,Electric,Automatic,2.4,2569,135037,3804,Low
12/31/2013,M5,2013,North America,Blue,Diesel,Manual,4.6,2787,119130,842,Low
12/31/2023,X5,2023,Middle East,Black,Petrol,Manual,4.8,137179,119391,3786,Low
12/31/2023,i8,2023,Europe,Black,Hybrid,Automatic,2.7,158079,152058,1102,Low
12/31/2022,3 Series,2022,North America,Grey,Electric,Automatic,4.7,183299,100672,9498,High
12/31/2019,M3,2019,North America,Black,Diesel,Manual,3.4,25273,112933,2764,Low
12/31/2024,X3,2024,North America,Grey,Electric,Automatic,3.2,81079,124975,10655,High
12/31/2010,i8,2010,Asia,Grey,Petrol,Manual,4.4,184958,96536,50,Low
12/31/2023,X1,2023,Middle East,Black,Electric,Manual,3.4,183088,85313,6940,High
12/31/2017,3 Series,2017,Europe,White,Hybrid,Automatic,3.1,152683,65331,8530,High
12/31/2024,3 Series,2024,South America,Red,Electric,Manual,1.6,19501,107644,6832,High
12/31/2017,M3,2017,Middle East,Silver,Hybrid,Manual,1.5,56219,96368,1583,Low
12/31/2016,X3,2016,South America,Grey,Diesel,Manual,3.7,130696,56773,4823,Low
12/31/2017,X5,2017,Europe,Grey,Hybrid,Automatic,1.8,176260,68988,5560,High
12/31/2011,M5,2011,North America,Red,Diesel,Automatic,4.1,186536,82732,1221,Low
12/31/2012,5 Series,2012,Africa,Grey,Hybrid,Manual,3.7,198097,46842,3689,Low
12/31/2018,7 Series,2018,Asia,White,Petrol,Manual,3.1,45023,116638,1286,Low
12/31/2010,i8,2010,South America,Silver,Hybrid,Automatic,4,173886,102265,50,Low
12/31/2017,7 Series,2017,South America,Grey,Petrol,Automatic,5,132824,110665,478,Low
12/31/2017,7 Series,2017,Middle East,Black,Hybrid,Manual,2.4,90421,121535,478,Low
12/31/2016,M5,2016,North America,White,Electric,Manual,3.4,68139,128543,1167,Low
12/31/2022,X6,2022,South America,Grey,Electric,Automatic,4.4,64377,146153,2446,Low
12/31/2023,3 Series,2023,Middle East,Silver,Electric,Automatic,1.6,119548,91243,7733,High
12/31/2020,i8,2020,Africa,Black,Diesel,Manual,2.2,44967,144302,50,Low
12/31/2014,i3,2014,Africa,Blue,Electric,Manual,3.3,124236,60526,2642,Low
12/31/2013,X5,2013,Asia,White,Diesel,Automatic,3.4,192835,54229,5891,High
12/31/2019,3 Series,2019,Asia,White,Petrol,Manual,1.8,181401,48782,11274,High
12/31/2019,i3,2019,South America,Black,Electric,Automatic,2.9,3968,107298,3573,Low
12/31/2022,i8,2022,North America,Grey,Petrol,Automatic,3.3,154829,149821,395,Low
12/31/2024,X6,2024,Europe,Red,Petrol,Manual,3,181557,98479,4253,Low
12/31/2019,X1,2019,Europe,White,Hybrid,Manual,4,11644,102932,6984,High
12/31/2023,X3,2023,Europe,Grey,Petrol,Automatic,4.2,88143,108996,8100,High
12/31/2019,M5,2019,Middle East,Red,Hybrid,Automatic,3.1,50465,141607,1172,Low
12/31/2015,X5,2015,Africa,Black,Petrol,Automatic,3,24068,86596,2297,Low
12/31/2021,X3,2021,South America,White,Diesel,Manual,4,188018,71806,5368,High
12/31/2020,i3,2020,Europe,White,Hybrid,Manual,3.4,49137,94776,5113,High
12/31/2010,M3,2010,South America,Red,Electric,Automatic,4.5,140624,104812,314,Low
12/31/2022,5 Series,2022,North America,Blue,Petrol,Manual,3.2,71896,107046,6194,High
12/31/2014,M5,2014,South America,Silver,Petrol,Automatic,3.5,179227,143927,50,Low
12/31/2023,X6,2023,Asia,Silver,Petrol,Manual,2,187536,92095,5187,High
12/31/2013,X5,2013,Middle East,Silver,Hybrid,Automatic,4.4,101863,91727,3123,Low
12/31/2013,X5,2013,Asia,Silver,Hybrid,Manual,3,102677,76012,4887,Low
12/31/2016,i3,2016,Europe,White,Hybrid,Manual,4,3629,96955,4388,Low
12/31/2018,i3,2018,Asia,Red,Electric,Automatic,3,113576,85130,6101,High
12/31/2017,M5,2017,South America,Silver,Petrol,Manual,1.5,5584,119258,616,Low
12/31/2020,X1,2020,Asia,White,Hybrid,Manual,2.9,17581,97316,7226,High
12/31/2022,X6,2022,North America,Blue,Hybrid,Manual,2,141699,103950,4614,Low
12/31/2023,X6,2023,South America,White,Petrol,Manual,2.9,161162,95149,3240,Low
12/31/2021,X6,2021,Asia,Red,Electric,Manual,2.6,148537,105453,4772,Low
12/31/2017,5 Series,2017,Europe,Grey,Petrol,Manual,2.2,127270,63960,7780,High
12/31/2014,X6,2014,Europe,Blue,Petrol,Automatic,1.9,104589,72471,3864,Low
12/31/2015,X6,2015,Europe,White,Electric,Automatic,4,168179,94754,3710,Low
12/31/2011,7 Series,2011,Middle East,Black,Hybrid,Manual,4.1,5242,115045,50,Low
12/31/2022,X5,2022,North America,Red,Hybrid,Automatic,2.4,7021,125462,7447,High
12/31/2020,3 Series,2020,South America,Red,Petrol,Automatic,3.2,173264,63140,7243,High
12/31/2023,3 Series,2023,Africa,Red,Diesel,Manual,3.1,144238,77897,6553,High
12/31/2012,i3,2012,South America,Blue,Hybrid,Manual,2.7,32154,60303,2078,Low
12/31/2014,i3,2014,Asia,White,Hybrid,Automatic,2.5,197370,44820,4715,Low
12/31/2011,i3,2011,Middle East,Silver,Hybrid,Automatic,2.2,2517,66618,2515,Low
12/31/2012,X5,2012,South America,Red,Diesel,Automatic,4.6,161921,59671,2739,Low
12/31/2013,X5,2013,Europe,Blue,Diesel,Automatic,4.4,36414,86128,4974,Low
12/31/2015,M5,2015,South America,White,Diesel,Automatic,3,165480,91169,634,Low
12/31/2014,M3,2014,Middle East,Blue,Petrol,Manual,4,115661,75624,1707,Low
12/31/2019,i3,2019,Europe,Silver,Diesel,Manual,3.2,142326,63259,5958,High
12/31/2013,i8,2013,Europe,White,Diesel,Automatic,1.8,124460,98601,50,Low
12/31/2022,5 Series,2022,Africa,Red,Diesel,Automatic,4.4,140197,92813,4631,Low
12/31/2024,X6,2024,Middle East,Grey,Hybrid,Manual,2.3,7810,149905,3531,Low
12/31/2011,7 Series,2011,Asia,White,Diesel,Manual,4,187235,66671,1072,Low
12/31/2021,X6,2021,Europe,Blue,Hybrid,Manual,3.3,122359,108761,4098,Low
12/31/2020,M3,2020,Europe,Silver,Hybrid,Manual,3.9,115238,109938,11142,High
12/31/2014,3 Series,2014,Europe,Black,Hybrid,Automatic,3.1,148805,55101,9499,High
12/31/2014,X3,2014,Africa,Grey,Petrol,Manual,4,130518,55287,3807,Low
12/31/2020,3 Series,2020,Middle East,Silver,Electric,Manual,1.6,65812,88211,6953,High
12/31/2016,X6,2016,Europe,Grey,Petrol,Manual,1.6,116548,70815,3854,Low
12/31/2010,X5,2010,Asia,Blue,Electric,Automatic,4.6,187836,63129,6139,High
12/31/2013,i3,2013,Asia,Red,Electric,Automatic,4.1,144253,62156,5104,High
12/31/2020,X1,2020,South America,Black,Diesel,Manual,4.4,168217,64436,4438,Low
12/31/2014,M5,2014,North America,Blue,Electric,Automatic,3.1,168310,105682,1153,Low
12/31/2017,M3,2017,South America,White,Hybrid,Automatic,3.1,60716,107088,1462,Low
12/31/2021,X5,2021,Middle East,Black,Electric,Manual,3.4,107759,120158,4418,Low
12/31/2024,7 Series,2024,South America,White,Electric,Manual,2.4,147470,131443,1820,Low
12/31/2021,M5,2021,Europe,White,Petrol,Manual,4.1,173671,120075,2044,Low
12/31/2017,X6,2017,Middle East,Grey,Electric,Automatic,4.4,148524,107196,2351,Low
12/31/2010,i3,2010,Asia,Grey,Diesel,Automatic,4.7,136817,40536,4218,Low
12/31/2014,i8,2014,North America,Blue,Diesel,Manual,3.3,56097,135356,50,Low
12/31/2019,M3,2019,Europe,Blue,Hybrid,Manual,3,96388,102062,2866,Low
12/31/2010,5 Series,2010,Asia,Red,Electric,Manual,4.4,146050,65509,6252,High
12/31/2010,3 Series,2010,Middle East,White,Diesel,Automatic,4.1,18002,57513,6156,High
12/31/2011,M5,2011,Europe,Grey,Electric,Automatic,4.5,197942,96068,892,Low
12/31/2011,X6,2011,North America,Black,Petrol,Manual,3.8,158780,57541,3472,Low
12/31/2024,5 Series,2024,Asia,White,Petrol,Manual,4.6,156932,103657,7651,High
12/31/2024,M3,2024,Middle East,White,Hybrid,Manual,1.8,77010,121549,2480,Low
12/31/2018,X3,2018,North America,Silver,Hybrid,Automatic,3.9,107079,87296,10426,High
12/31/2013,i3,2013,Europe,Black,Diesel,Manual,1.8,150727,26745,4706,Low
12/31/2012,M3,2012,North America,Black,Diesel,Manual,4.1,43843,84174,2259,Low
12/31/2020,X5,2020,Middle East,White,Electric,Automatic,3.7,90515,116583,4240,Low
12/31/2010,X6,2010,Africa,White,Diesel,Manual,1.6,8692,61863,1187,Low
12/31/2021,5 Series,2021,North America,White,Electric,Automatic,3.6,139002,114200,8460,High
12/31/2011,M3,2011,Africa,Blue,Electric,Manual,2,46455,75225,588,Low
12/31/2015,X3,2015,Africa,Silver,Hybrid,Automatic,2,81059,67890,4263,Low
12/31/2018,i8,2018,North America,Black,Petrol,Automatic,2,98117,132491,87,Low
12/31/2014,X6,2014,North America,White,Petrol,Automatic,3.2,127229,75615,3922,Low
12/31/2013,7 Series,2013,Africa,Silver,Diesel,Automatic,1.9,193207,60403,458,Low
12/31/2022,M3,2022,Africa,Grey,Petrol,Manual,1.9,145413,84089,2050,Low
12/31/2014,X3,2014,North America,Silver,Hybrid,Automatic,2.4,199478,48346,9583,High
12/31/2018,X3,2018,North America,Black,Diesel,Manual,1.5,123971,59242,10046,High
12/31/2021,7 Series,2021,Asia,White,Petrol,Manual,2.5,159417,108717,2129,Low
12/31/2022,X6,2022,North America,Silver,Diesel,Manual,3.7,17005,123172,4921,Low
12/31/2016,3 Series,2016,South America,Silver,Diesel,Manual,3.6,62265,68758,6125,High
12/31/2017,X6,2017,Europe,Grey,Electric,Manual,4.9,83123,124581,3897,Low
12/31/2024,5 Series,2024,Europe,Blue,Hybrid,Automatic,1.9,115858,108079,7834,High
12/31/2013,M3,2013,North America,Red,Electric,Automatic,4.5,171373,88459,2296,Low
12/31/2020,M3,2020,South America,Silver,Electric,Automatic,2.9,66577,119850,2180,Low
12/31/2017,X6,2017,Asia,Grey,Hybrid,Manual,2.9,92665,104779,3602,Low
12/31/2015,i8,2015,South America,White,Petrol,Automatic,2.7,137157,115870,50,Low
12/31/2014,X5,2014,Middle East,Red,Petrol,Automatic,1.9,77805,69552,4183,Low
12/31/2022,M5,2022,Europe,White,Diesel,Automatic,3.2,136478,133394,1898,Low
12/31/2021,M5,2021,Africa,Blue,Hybrid,Manual,4.3,156672,134769,1065,Low
12/31/2016,X6,2016,Europe,Black,Petrol,Automatic,4.6,131077,96117,4208,Low
12/31/2015,M3,2015,Asia,White,Petrol,Automatic,4.9,25636,109371,2006,Low
12/31/2012,5 Series,2012,North America,Black,Diesel,Automatic,4.2,181505,49809,7307,High
12/31/2014,X6,2014,Europe,Red,Diesel,Manual,3.7,118841,75914,3717,Low
12/31/2018,X6,2018,North America,Grey,Electric,Automatic,3.2,25834,125059,4573,Low
12/31/2016,M5,2016,Middle East,Grey,Hybrid,Automatic,4.6,191396,114499,666,Low
12/31/2021,X1,2021,South America,Grey,Hybrid,Manual,4.1,30166,101705,5244,High
12/31/2013,5 Series,2013,Africa,Blue,Electric,Manual,2.1,59691,72946,3402,Low
12/31/2016,M3,2016,Africa,Blue,Electric,Manual,3.9,184602,85182,1244,Low
12/31/2014,5 Series,2014,Africa,Black,Diesel,Manual,3,63012,63830,3226,Low
12/31/2020,7 Series,2020,Asia,Red,Petrol,Manual,3.6,64343,130702,1263,Low
12/31/2022,X6,2022,Europe,Red,Hybrid,Automatic,4.6,51034,144454,3916,Low
12/31/2024,M3,2024,North America,Grey,Diesel,Manual,3.8,167543,104291,3882,Low
12/31/2011,M3,2011,Asia,White,Diesel,Manual,4.8,94814,75020,2252,Low
12/31/2022,i8,2022,Africa,White,Electric,Manual,4.5,64669,171711,132,Low
12/31/2015,5 Series,2015,North America,Blue,Diesel,Automatic,2,30272,78343,7084,High
12/31/2016,7 Series,2016,Middle East,Silver,Diesel,Automatic,1.5,181607,76727,841,Low
12/31/2017,i8,2017,Middle East,Black,Diesel,Automatic,2.8,50967,147880,50,Low
12/31/2015,i8,2015,North America,Red,Hybrid,Automatic,4.5,97908,156548,50,Low
12/31/2017,i8,2017,Africa,Red,Electric,Automatic,2.3,25610,151578,50,Low
12/31/2016,M3,2016,North America,Blue,Diesel,Manual,3.9,159082,75555,2625,Low
12/31/2011,i3,2011,North America,Silver,Electric,Automatic,3.2,60389,68699,3752,Low
12/31/2023,M3,2023,Europe,Grey,Petrol,Automatic,4.1,179311,107681,3672,Low
12/31/2015,M5,2015,Europe,Red,Electric,Manual,2.1,63537,121141,1184,Low
12/31/2018,i8,2018,Europe,Blue,Electric,Automatic,2.3,17949,171745,50,Low
12/31/2021,X6,2021,Asia,Black,Electric,Automatic,2.3,163345,102799,5590,High
12/31/2015,5 Series,2015,Europe,Red,Petrol,Manual,3.4,25198,87720,5679,High
12/31/2013,i8,2013,Europe,Red,Hybrid,Manual,2.5,174752,106091,50,Low
12/31/2016,7 Series,2016,Europe,Grey,Electric,Automatic,4.3,189289,115874,778,Low
12/31/2012,i3,2012,Asia,Silver,Petrol,Automatic,2.7,109889,43872,4486,Low
12/31/2014,X5,2014,Africa,Silver,Hybrid,Manual,3.8,155402,69547,2615,Low
12/31/2010,X6,2010,South America,Silver,Electric,Manual,4.8,26452,100338,973,Low
12/31/2024,i3,2024,South America,White,Diesel,Manual,3.6,13495,112923,3704,Low
12/31/2019,X5,2019,North America,White,Diesel,Automatic,2.3,128064,79098,6666,High
12/31/2012,M5,2012,South America,Grey,Hybrid,Manual,4.4,156211,98622,99,Low
12/31/2017,5 Series,2017,Middle East,Grey,Electric,Automatic,1.5,47366,94860,4580,Low
12/31/2018,7 Series,2018,North America,Red,Hybrid,Manual,2.4,137326,111043,1565,Low
12/31/2018,M5,2018,Africa,Silver,Electric,Automatic,2.9,114138,119762,1014,Low
12/31/2024,M3,2024,Europe,White,Diesel,Manual,2.2,135504,95910,3900,Low
12/31/2019,X6,2019,North America,White,Hybrid,Manual,3.6,46754,124574,4620,Low
12/31/2011,X6,2011,Africa,White,Hybrid,Automatic,3.5,18319,90883,1234,Low
12/31/2013,i3,2013,South America,Grey,Diesel,Automatic,2.9,135474,38193,3176,Low
12/31/2014,X6,2014,Europe,Silver,Electric,Automatic,2.5,80564,93171,3604,Low
12/31/2024,3 Series,2024,Asia,Black,Hybrid,Manual,3,26955,111258,9703,High
12/31/2012,X1,2012,Middle East,Silver,Diesel,Automatic,2.5,126163,31782,5121,High
12/31/2022,X1,2022,Africa,Grey,Petrol,Manual,2.3,69830,79934,4063,Low
12/31/2020,X1,2020,Middle East,White,Hybrid,Manual,2.7,175095,64851,6482,High
12/31/2010,7 Series,2010,Africa,Red,Hybrid,Automatic,3.6,124598,82119,50,Low
12/31/2015,X3,2015,Africa,White,Diesel,Manual,3.8,49572,69012,4769,Low
12/31/2023,M3,2023,North America,Silver,Diesel,Manual,2.5,116486,98802,3713,Low
12/31/2024,X6,2024,Africa,Blue,Electric,Automatic,4.8,42624,149233,2314,Low
12/31/2019,i8,2019,South America,White,Electric,Automatic,2.4,2807,175422,50,Low
12/31/2011,X3,2011,North America,Red,Hybrid,Manual,4,110824,61380,6872,High
12/31/2018,i3,2018,Africa,Silver,Diesel,Manual,1.8,26891,65818,2936,Low
12/31/2010,3 Series,2010,Middle East,Black,Electric,Automatic,3.8,127072,53023,6131,High
12/31/2020,i3,2020,South America,Grey,Petrol,Manual,3.1,2810,91843,3029,Low
12/31/2018,i8,2018,North America,Blue,Electric,Manual,3.5,130830,145427,382,Low
12/31/2016,5 Series,2016,Africa,Silver,Petrol,Manual,2.1,64953,36525,4658,Low
12/31/2020,i8,2020,Europe,White,Hybrid,Manual,3,25551,161081,373,Low
12/31/2022,X3,2022,North America,Blue,Petrol,Automatic,4.2,40782,109127,8925,High
12/31/2019,5 Series,2019,Middle East,Blue,Electric,Automatic,4.2,104060,116092,5325,High
12/31/2011,i8,2011,North America,Blue,Diesel,Automatic,2.3,46014,119545,50,Low
12/31/2023,i3,2023,Europe,Red,Electric,Automatic,2.7,137778,100395,5314,High
12/31/2015,X6,2015,Europe,Grey,Electric,Automatic,1.5,192824,73022,4446,Low
12/31/2017,i8,2017,Asia,Red,Diesel,Automatic,1.8,69483,130005,50,Low
12/31/2024,X6,2024,Asia,Silver,Petrol,Automatic,1.9,80945,118475,4265,Low
12/31/2011,3 Series,2011,South America,Black,Hybrid,Manual,2.5,186144,27580,5061,High
12/31/2024,X1,2024,Asia,Black,Hybrid,Manual,4.2,188621,85828,9602,High
12/31/2014,3 Series,2014,South America,Silver,Petrol,Manual,3.3,115274,46951,6246,High
12/31/2022,X6,2022,North America,Red,Petrol,Manual,4.3,119667,113536,5128,High
12/31/2021,X6,2021,Middle East,Black,Petrol,Automatic,4.1,172491,111561,2658,Low
12/31/2020,3 Series,2020,Africa,Silver,Hybrid,Automatic,3.6,53880,101622,6034,High
12/31/2015,7 Series,2015,Middle East,Black,Diesel,Manual,3.2,176228,88293,585,Low
12/31/2012,X1,2012,Africa,White,Hybrid,Automatic,4.8,16164,76280,2866,Low
12/31/2023,X6,2023,South America,Blue,Electric,Manual,3.5,18152,142560,2904,Low
12/31/2021,X5,2021,South America,Red,Hybrid,Manual,3.2,107482,105308,4455,Low
12/31/2011,i8,2011,South America,White,Hybrid,Automatic,4.5,41039,137314,50,Low
12/31/2024,X5,2024,North America,Blue,Petrol,Automatic,1.8,146918,96040,7414,High
12/31/2020,i8,2020,Europe,Black,Diesel,Automatic,3.8,154891,146104,154,Low
12/31/2015,X6,2015,South America,Red,Hybrid,Manual,1.9,150574,68143,2364,Low
12/31/2012,3 Series,2012,North America,Silver,Petrol,Automatic,4.4,16156,71315,8068,High
12/31/2011,i3,2011,Middle East,Silver,Diesel,Manual,4.3,96193,49145,3264,Low
12/31/2024,5 Series,2024,Africa,Black,Hybrid,Manual,3.3,69381,116764,4358,Low
12/31/2010,i8,2010,Asia,Red,Hybrid,Automatic,3.8,28533,133035,50,Low
12/31/2023,M3,2023,Asia,Silver,Hybrid,Automatic,4.2,103177,131589,3355,Low
12/31/2017,M5,2017,Middle East,Silver,Hybrid,Automatic,3.2,44000,135097,434,Low
12/31/2010,X1,2010,Africa,Red,Electric,Automatic,4.7,122449,52192,3323,Low
12/31/2021,X1,2021,North America,Silver,Diesel,Automatic,3,127280,67968,7812,High
12/31/2024,X5,2024,South America,Blue,Diesel,Automatic,4.6,72847,129156,3906,Low
12/31/2014,7 Series,2014,Africa,White,Diesel,Automatic,3.5,95182,41040,919,Low
12/31/2020,X5,2020,Asia,Black,Diesel,Manual,3,18317,104541,6334,High
12/31/2015,i3,2015,Europe,Blue,Petrol,Automatic,1.5,136894,39646,5672,High
12/31/2020,X3,2020,South America,Silver,Hybrid,Manual,2.5,118279,79951,6941,High
12/31/2021,X1,2021,South America,Silver,Electric,Automatic,4.5,172539,84590,5553,High
12/31/2021,7 Series,2021,Europe,Grey,Petrol,Manual,3,87981,125388,1473,Low
12/31/2012,X5,2012,North America,Silver,Petrol,Automatic,3,134738,56784,5193,High
12/31/2023,M3,2023,Europe,Grey,Electric,Manual,3.2,22262,141347,3168,Low
12/31/2016,5 Series,2016,Africa,Black,Petrol,Automatic,2.5,195445,51507,583,Low
12/31/2011,X5,2011,Asia,Blue,Petrol,Manual,3.2,122689,52249,5899,High
12/31/2016,i3,2016,North America,White,Electric,Automatic,2.8,186404,63960,5273,High
12/31/2011,X1,2011,North America,Blue,Hybrid,Automatic,4.7,33538,73414,12827,High
12/31/2014,3 Series,2014,Middle East,Blue,Electric,Manual,3.5,7659,88765,6534,High
12/31/2016,X6,2016,Africa,Red,Petrol,Manual,4.4,187489,71633,1895,Low
12/31/2020,M5,2020,Middle East,Red,Electric,Manual,3.9,130657,144408,1136,Low
12/31/2020,M3,2020,Middle East,Silver,Electric,Automatic,2.2,108926,108122,2322,Low
12/31/2023,3 Series,2023,Africa,Black,Diesel,Manual,4.5,42091,108945,6081,High
12/31/2012,i8,2012,South America,Silver,Hybrid,Automatic,1.8,48420,125823,50,Low
12/31/2023,i8,2023,Middle East,Silver,Petrol,Automatic,3.1,100719,160091,125,Low
12/31/2020,X5,2020,Europe,Red,Hybrid,Automatic,2.3,157306,95622,6720,High
12/31/2013,X1,2013,South America,Blue,Hybrid,Manual,3.4,6816,66967,3773,Low
12/31/2010,5 Series,2010,Africa,Black,Electric,Automatic,2.6,180974,41733,365,Low
12/31/2012,M3,2012,Middle East,Grey,Electric,Manual,4,111864,83301,1228,Low
12/31/2018,M5,2018,Europe,Silver,Electric,Automatic,4.8,134956,136435,1922,Low
12/31/2019,i8,2019,South America,Blue,Diesel,Manual,4,123311,136979,50,Low
12/31/2014,5 Series,2014,South America,Blue,Petrol,Manual,2.7,83519,64434,3940,Low
12/31/2024,X1,2024,South America,White,Electric,Manual,3.6,5179,127013,5592,High
12/31/2024,7 Series,2024,South America,Black,Hybrid,Automatic,4.6,156306,148367,1548,Low
12/31/2017,M3,2017,South America,Red,Diesel,Manual,2.4,103866,74258,1729,Low
12/31/2011,X3,2011,Europe,White,Petrol,Manual,1.9,30505,48003,7164,High
12/31/2012,X5,2012,Middle East,Red,Electric,Automatic,2,126820,67414,3394,Low
12/31/2016,i8,2016,South America,Grey,Diesel,Automatic,3.2,86030,131038,50,Low
12/31/2023,M3,2023,North America,Grey,Hybrid,Automatic,4.1,66866,136447,3813,Low
12/31/2019,i8,2019,Middle East,Blue,Hybrid,Manual,3.8,48465,165947,50,Low
12/31/2013,X3,2013,Middle East,White,Petrol,Automatic,3.1,11132,73926,5146,High
12/31/2018,M5,2018,Asia,White,Hybrid,Automatic,4.1,45263,145222,1662,Low
12/31/2023,X5,2023,Asia,Red,Hybrid,Automatic,3.7,103714,123499,7885,High
12/31/2016,M5,2016,South America,White,Diesel,Automatic,3.7,171323,96842,728,Low
12/31/2023,7 Series,2023,Africa,White,Diesel,Automatic,2.2,120074,121264,962,Low
12/31/2020,i3,2020,South America,Blue,Petrol,Automatic,2.6,77060,82322,2902,Low
12/31/2021,M3,2021,Africa,White,Electric,Manual,2.7,5185,130796,1553,Low
12/31/2010,X5,2010,Africa,Red,Petrol,Automatic,4.3,110380,57343,2060,Low
12/31/2013,M3,2013,Asia,Black,Diesel,Manual,4.2,61842,77779,2759,Low
12/31/2019,X6,2019,Asia,Black,Hybrid,Automatic,2.4,23152,124836,4808,Low
12/31/2020,X3,2020,Africa,Black,Electric,Automatic,1.7,181910,70102,4896,Low
12/31/2015,i8,2015,South America,Blue,Electric,Automatic,4.2,27813,157148,50,Low
12/31/2015,3 Series,2015,Middle East,Black,Electric,Manual,2.9,132367,67526,6674,High
12/31/2019,X3,2019,South America,Blue,Diesel,Manual,2.3,47117,76658,5781,High
12/31/2015,M3,2015,Middle East,Grey,Diesel,Manual,1.9,192451,51078,1788,Low
12/31/2014,X6,2014,Asia,Silver,Petrol,Automatic,1.5,148729,59370,4484,Low
12/31/2012,i3,2012,North America,Blue,Diesel,Automatic,3,2309,64666,3970,Low
12/31/2011,X3,2011,North America,Black,Electric,Automatic,2.7,100611,62229,8478,High
12/31/2012,X1,2012,Middle East,Grey,Diesel,Manual,3.9,11042,56176,4361,Low
12/31/2018,X3,2018,Asia,Blue,Petrol,Automatic,4.9,162457,78139,7980,High
12/31/2012,7 Series,2012,Europe,Blue,Hybrid,Automatic,2.2,157616,78032,882,Low
12/31/2012,3 Series,2012,South America,Blue,Electric,Manual,2.4,116982,50882,5732,High
12/31/2010,i3,2010,Asia,White,Hybrid,Manual,2.7,78020,44687,4310,Low
12/31/2011,X5,2011,Europe,Black,Diesel,Manual,3.1,179864,38472,5618,High
12/31/2020,M5,2020,North America,Blue,Hybrid,Automatic,3.9,121644,141578,2348,Low
12/31/2021,i3,2021,Africa,White,Petrol,Automatic,2.7,23633,90118,2996,Low
12/31/2012,X1,2012,South America,Grey,Diesel,Manual,1.9,173925,25000,4245,Low
12/31/2011,5 Series,2011,Asia,White,Diesel,Manual,4.1,21661,70204,6962,High
12/31/2017,M3,2017,North America,Black,Hybrid,Automatic,4.3,116795,108020,2421,Low
12/31/2015,5 Series,2015,Europe,Black,Electric,Automatic,2.4,198431,62574,7290,High
12/31/2016,X3,2016,Europe,Black,Petrol,Automatic,2,155746,63055,8745,High
12/31/2010,X3,2010,Middle East,Grey,Hybrid,Manual,3.3,20051,69493,5350,High
12/31/2015,X3,2015,Europe,Black,Electric,Manual,2.2,186142,55252,7100,High
12/31/2011,i8,2011,Africa,White,Hybrid,Manual,2.8,27738,127101,50,Low
12/31/2022,X5,2022,Asia,Silver,Diesel,Manual,4.2,21425,124556,6219,High
12/31/2024,X5,2024,Asia,Black,Diesel,Automatic,2.3,46652,114330,6452,High
12/31/2015,M5,2015,Europe,Blue,Electric,Manual,4.3,100496,128768,867,Low
12/31/2012,5 Series,2012,Asia,Grey,Hybrid,Manual,3.9,112818,68291,7212,High
12/31/2016,3 Series,2016,South America,Red,Petrol,Manual,2.3,148110,44284,6710,High
12/31/2012,M3,2012,North America,Silver,Diesel,Automatic,3.3,72957,73583,2550,Low
12/31/2018,X5,2018,Middle East,Grey,Hybrid,Manual,3.6,55435,106865,3673,Low
12/31/2012,i3,2012,Africa,Silver,Electric,Automatic,2.2,69642,57260,1785,Low
12/31/2016,X6,2016,Africa,Black,Petrol,Manual,2,31593,89250,1870,Low
12/31/2021,5 Series,2021,South America,Blue,Electric,Automatic,3.4,49730,120332,4444,Low
12/31/2013,X3,2013,Middle East,White,Petrol,Manual,3.9,154336,48161,4865,Low
12/31/2017,i3,2017,Asia,White,Petrol,Manual,3.1,194584,49275,5617,High
12/31/2023,M3,2023,Middle East,Silver,Diesel,Manual,1.7,142288,90512,2787,Low
12/31/2011,M3,2011,Asia,Black,Diesel,Automatic,4.7,109663,71358,2557,Low
12/31/2017,X3,2017,Africa,Black,Diesel,Manual,3.9,146096,60511,5107,High
12/31/2018,X1,2018,Asia,Blue,Electric,Automatic,3.7,24085,95556,8670,High
12/31/2022,X1,2022,Asia,Red,Hybrid,Manual,3.8,91370,97494,8629,High
12/31/2017,X1,2017,North America,Red,Diesel,Automatic,2.9,168130,46126,7226,High
12/31/2015,7 Series,2015,Europe,Blue,Electric,Automatic,4.9,162199,119911,724,Low
12/31/2019,3 Series,2019,North America,Black,Electric,Manual,2,8915,97343,10828,High
12/31/2010,5 Series,2010,Middle East,Red,Petrol,Automatic,4.1,131726,55012,4370,Low
12/31/2016,X5,2016,North America,Silver,Petrol,Manual,3,183084,63765,5722,High
12/31/2010,5 Series,2010,South America,Red,Electric,Manual,4.6,90476,72599,3245,Low
12/31/2016,5 Series,2016,Europe,Red,Petrol,Automatic,4,117637,80355,1542,Low
12/31/2023,M3,2023,Middle East,Blue,Hybrid,Automatic,3.5,25393,145776,2114,Low
12/31/2011,X1,2011,South America,Blue,Petrol,Manual,4.8,2416,61255,3713,Low
12/31/2017,X6,2017,Africa,White,Hybrid,Automatic,4.7,131197,105828,1578,Low
12/31/2011,X5,2011,Europe,Red,Hybrid,Automatic,1.7,5709,73760,4224,Low
12/31/2012,5 Series,2012,Asia,Blue,Diesel,Manual,2.2,146875,37918,6515,High
12/31/2022,5 Series,2022,Africa,White,Petrol,Automatic,3.9,61575,109871,3561,Low
12/31/2021,i3,2021,Middle East,Blue,Petrol,Manual,4.7,188296,76524,3972,Low
12/31/2012,X1,2012,Europe,Red,Electric,Manual,3,113902,46921,7302,High
12/31/2010,3 Series,2010,Africa,Black,Petrol,Automatic,1.6,55672,33232,4271,Low
12/31/2014,i8,2014,South America,Red,Hybrid,Manual,3.8,102072,128598,50,Low
12/31/2014,M3,2014,South America,Blue,Diesel,Manual,2.2,157285,52523,1758,Low
12/31/2019,X3,2019,Asia,Silver,Diesel,Automatic,3.4,89767,81690,8643,High
12/31/2014,3 Series,2014,Middle East,Blue,Petrol,Automatic,2.8,152786,46206,6509,High
12/31/2023,X6,2023,Asia,Grey,Hybrid,Manual,3.5,170956,120665,5863,High
12/31/2022,i8,2022,Europe,Silver,Hybrid,Manual,4.8,144600,163606,637,Low
12/31/2018,M3,2018,Africa,Red,Diesel,Manual,3.2,64381,91547,1633,Low
12/31/2015,M5,2015,Asia,Silver,Electric,Manual,1.6,138633,106204,1592,Low
12/31/2015,i3,2015,Europe,White,Diesel,Automatic,3.5,7044,76429,4478,Low
12/31/2012,X6,2012,North America,White,Diesel,Automatic,2.6,57165,74032,3760,Low
12/31/2014,3 Series,2014,North America,Red,Diesel,Manual,4.2,123726,54089,8710,High
12/31/2019,M5,2019,Europe,Red,Electric,Manual,3.1,14747,157579,1436,Low
12/31/2016,i3,2016,Asia,White,Electric,Automatic,4.1,142408,81387,4778,Low
12/31/2012,3 Series,2012,Asia,Grey,Electric,Manual,4.7,167401,60389,9752,High
12/31/2011,i3,2011,Europe,Silver,Diesel,Manual,2.8,29255,49443,4835,Low
12/31/2014,i3,2014,Europe,Silver,Petrol,Manual,5,106859,62392,3996,Low
12/31/2012,X5,2012,Europe,Blue,Electric,Automatic,2,84108,71936,5614,High
12/31/2014,X5,2014,North America,Black,Diesel,Manual,3.8,21062,88243,5660,High
12/31/2018,5 Series,2018,North America,Black,Hybrid,Automatic,1.6,56825,90823,7523,High
12/31/2020,i3,2020,Europe,Grey,Diesel,Manual,2.2,15555,80175,5686,High
12/31/2019,X1,2019,Middle East,Black,Electric,Manual,3.7,51092,92966,4851,Low
12/31/2010,X1,2010,Africa,Grey,Diesel,Manual,1.7,198288,25000,563,Low
12/31/2013,X3,2013,Europe,Black,Electric,Manual,1.9,52225,64367,7867,High
12/31/2019,X6,2019,Asia,Silver,Petrol,Manual,2.5,62369,104487,4373,Low
12/31/2024,M3,2024,North America,Red,Electric,Automatic,3.5,46983,152168,3144,Low
12/31/2014,X3,2014,Africa,Silver,Electric,Manual,1.6,30444,67324,4130,Low
12/31/2011,X1,2011,North America,Red,Diesel,Automatic,3.2,106485,35869,7680,High
12/31/2021,M3,2021,South America,Grey,Diesel,Manual,3.7,105435,100646,1766,Low
12/31/2011,X6,2011,Middle East,White,Electric,Manual,2.9,22472,93741,1597,Low
12/31/2010,i8,2010,Middle East,Grey,Diesel,Automatic,1.7,188209,81610,50,Low
12/31/2023,5 Series,2023,South America,Grey,Petrol,Automatic,3.6,168576,90869,4841,Low
12/31/2017,i8,2017,Europe,Grey,Diesel,Automatic,3.6,153204,125712,50,Low
12/31/2011,5 Series,2011,Middle East,Grey,Electric,Automatic,3.3,158508,64613,4551,Low
12/31/2012,5 Series,2012,North America,Blue,Hybrid,Automatic,3.9,97311,74340,5440,High
12/31/2024,M5,2024,Asia,White,Electric,Automatic,2.2,117598,145946,2327,Low
12/31/2021,5 Series,2021,Middle East,White,Diesel,Manual,3.9,156995,90111,5118,High
12/31/2011,X3,2011,Asia,Red,Diesel,Automatic,2.1,119459,32663,8989,High
12/31/2013,X5,2013,Africa,Red,Diesel,Manual,2.9,375,77521,2519,Low
12/31/2023,M3,2023,Asia,Grey,Diesel,Automatic,1.7,12401,116904,3698,Low
12/31/2010,X3,2010,North America,Silver,Hybrid,Automatic,4.4,193613,43864,9003,High
12/31/2012,X6,2012,Europe,Red,Hybrid,Manual,3.4,148400,74180,3093,Low
12/31/2014,5 Series,2014,South America,Grey,Hybrid,Manual,4.9,83985,88745,3812,Low
12/31/2019,i8,2019,Europe,White,Petrol,Manual,4.8,161930,148575,50,Low
12/31/2010,i8,2010,North America,Grey,Diesel,Automatic,5,158668,109760,50,Low
12/31/2013,X6,2013,North America,White,Diesel,Automatic,1.9,48270,74432,3313,Low
12/31/2015,3 Series,2015,Europe,White,Electric,Automatic,3.6,70858,83033,8421,High
12/31/2024,M3,2024,Africa,Black,Electric,Manual,2.9,71562,129103,2520,Low
12/31/2013,X1,2013,South America,Black,Electric,Manual,3.4,177912,43383,4453,Low
12/31/2016,3 Series,2016,South America,Black,Hybrid,Manual,2.6,10714,77786,6294,High
12/31/2023,3 Series,2023,Europe,Red,Electric,Manual,1.7,16822,109057,9790,High
12/31/2016,5 Series,2016,South America,Red,Petrol,Automatic,4,193978,64556,4797,Low
12/31/2015,X6,2015,Europe,Silver,Diesel,Manual,4.9,74563,99534,3274,Low
12/31/2018,X1,2018,South America,Blue,Hybrid,Automatic,3.4,118745,75763,5390,High
12/31/2011,i3,2011,Africa,White,Diesel,Automatic,2.7,114750,31433,2425,Low
12/31/2022,X6,2022,North America,Grey,Petrol,Automatic,4.8,67768,131312,4779,Low
12/31/2019,5 Series,2019,Europe,Blue,Electric,Automatic,2.8,163726,86875,6671,High
12/31/2017,i3,2017,Africa,Blue,Diesel,Manual,4.7,23372,87397,2699,Low
12/31/2017,i8,2017,Europe,Blue,Petrol,Automatic,4.5,9045,162181,50,Low
12/31/2020,X5,2020,Middle East,Grey,Electric,Automatic,3.4,74607,119201,4428,Low
12/31/2019,7 Series,2019,Europe,Red,Petrol,Automatic,3.9,176743,106036,1394,Low
12/31/2023,7 Series,2023,Asia,Blue,Electric,Automatic,4,153684,151109,1840,Low
12/31/2023,3 Series,2023,South America,Silver,Petrol,Automatic,3.7,78009,99518,6120,High
12/31/2020,i8,2020,Africa,Silver,Electric,Manual,2.1,71489,152162,120,Low
12/31/2013,i8,2013,Europe,Grey,Electric,Automatic,3.9,138748,135551,50,Low
12/31/2015,3 Series,2015,Asia,Red,Electric,Automatic,1.5,64970,68836,9226,High
12/31/2020,M3,2020,Middle East,Black,Hybrid,Manual,4,35452,128017,1860,Low
12/31/2015,M3,2015,North America,Silver,Hybrid,Automatic,3.4,187816,74764,2434,Low
12/31/2014,X1,2014,North America,Red,Electric,Manual,2.4,157300,44168,7923,High
12/31/2023,M3,2023,South America,Silver,Electric,Automatic,4.3,11406,142802,2391,Low
12/31/2010,X5,2010,Middle East,White,Hybrid,Manual,2.9,199411,47880,3515,Low
12/31/2012,M3,2012,South America,Black,Petrol,Automatic,3.2,166653,54229,1465,Low
12/31/2016,X1,2016,South America,Red,Electric,Automatic,1.6,6604,78374,4697,Low
12/31/2017,X3,2017,Europe,White,Diesel,Automatic,2.9,54222,77346,9395,High
12/31/2011,X1,2011,Asia,Red,Diesel,Manual,2.1,159159,25000,7537,High
12/31/2012,3 Series,2012,Middle East,Red,Hybrid,Automatic,2.5,190449,36923,5812,High
12/31/2013,i8,2013,North America,Grey,Diesel,Automatic,2.4,91510,121518,50,Low
12/31/2023,M5,2023,Asia,Black,Petrol,Manual,1.7,12338,140157,2389,Low
12/31/2020,i3,2020,Europe,Blue,Petrol,Automatic,3.1,123518,79257,5202,High
12/31/2014,X3,2014,South America,Blue,Hybrid,Automatic,3.3,41189,78013,4686,Low
12/31/2012,5 Series,2012,South America,Black,Petrol,Automatic,3.5,54418,64436,3242,Low
12/31/2014,X5,2014,South America,Grey,Electric,Manual,3.1,95225,83986,2956,Low
12/31/2017,i3,2017,Asia,Silver,Electric,Manual,4.5,63562,95483,5058,High
12/31/2017,3 Series,2017,Asia,Grey,Electric,Manual,1.6,15691,82475,8636,High
12/31/2023,M5,2023,Asia,Black,Electric,Manual,3.6,188928,142193,2277,Low
12/31/2011,M3,2011,Africa,White,Diesel,Manual,4.5,119645,62356,885,Low
12/31/2015,X5,2015,South America,Silver,Petrol,Manual,1.6,162854,49122,3269,Low
12/31/2013,3 Series,2013,Africa,Silver,Petrol,Automatic,3.2,30614,61835,4583,Low
12/31/2018,5 Series,2018,Asia,Red,Diesel,Automatic,3.6,81880,89931,7953,High
12/31/2019,M3,2019,Asia,Silver,Diesel,Manual,2.2,199535,70796,2988,Low
12/31/2011,X5,2011,North America,Red,Diesel,Automatic,2.4,146731,26989,5325,High
12/31/2017,5 Series,2017,North America,Blue,Diesel,Automatic,4.2,164884,76142,7201,High
12/31/2010,i3,2010,Middle East,Red,Petrol,Manual,3.5,37275,30546,3320,Low
12/31/2020,i8,2020,North America,Silver,Hybrid,Manual,2.6,181911,138226,936,Low
12/31/2015,X6,2015,Middle East,Red,Electric,Manual,4.2,41036,117483,1809,Low
12/31/2020,X6,2020,Middle East,Red,Petrol,Automatic,4.1,143297,104067,3092,Low
12/31/2020,X5,2020,Europe,White,Diesel,Automatic,2.7,187636,77922,6543,High
12/31/2023,3 Series,2023,North America,Red,Diesel,Manual,3.2,162089,79531,8849,High
12/31/2021,X5,2021,Asia,Blue,Hybrid,Automatic,3.8,199979,101320,7006,High
12/31/2019,3 Series,2019,North America,White,Hybrid,Manual,2.7,179000,67157,10064,High
12/31/2022,7 Series,2022,South America,Silver,Electric,Manual,3.7,9871,157360,874,Low
12/31/2010,3 Series,2010,Asia,Red,Diesel,Automatic,2.4,78931,34774,8287,High
12/31/2011,M3,2011,Europe,Blue,Hybrid,Automatic,2.5,150751,58679,2414,Low
12/31/2012,X6,2012,South America,Black,Diesel,Automatic,2.6,48009,69577,1824,Low
12/31/2018,X6,2018,North America,Red,Hybrid,Automatic,4.8,68607,126152,4122,Low
12/31/2014,X5,2014,South America,Blue,Electric,Automatic,4.4,66838,99600,3049,Low
12/31/2019,7 Series,2019,North America,White,Petrol,Manual,3.5,192976,100148,1632,Low
12/31/2019,M5,2019,Asia,Red,Electric,Manual,3.5,37809,151619,1835,Low
12/31/2021,M5,2021,Asia,Grey,Hybrid,Manual,1.7,79943,135372,2461,Low
12/31/2011,7 Series,2011,Asia,Grey,Petrol,Manual,3.8,39427,94930,591,Low
12/31/2019,7 Series,2019,Middle East,Grey,Electric,Automatic,2.6,112455,130917,1065,Low
12/31/2014,X5,2014,Asia,Blue,Petrol,Automatic,3.6,167287,67369,5662,High
12/31/2014,X3,2014,North America,Silver,Hybrid,Automatic,4.4,65686,85484,7756,High
12/31/2010,M5,2010,Africa,White,Electric,Automatic,1.7,54305,94512,50,Low
12/31/2012,X6,2012,Middle East,White,Diesel,Manual,3.6,184117,58061,2648,Low
12/31/2014,M5,2014,Middle East,White,Hybrid,Automatic,3.5,86496,120313,256,Low
12/31/2018,X3,2018,Asia,Red,Diesel,Manual,2.2,30989,78819,9328,High
12/31/2019,3 Series,2019,Europe,White,Diesel,Manual,3.8,18900,87351,8939,High
12/31/2010,M3,2010,North America,Black,Hybrid,Automatic,3.4,10755,90029,1607,Low
12/31/2017,X1,2017,Europe,Silver,Petrol,Manual,4.2,14809,77724,6853,High
12/31/2010,M3,2010,Africa,Grey,Petrol,Manual,1.9,179245,29994,1302,Low
12/31/2018,X6,2018,North America,White,Electric,Automatic,3.1,38436,118998,4939,Low
12/31/2015,M5,2015,Africa,White,Petrol,Automatic,5,67264,117151,109,Low
12/31/2010,X3,2010,Middle East,Red,Hybrid,Automatic,3.9,47293,66578,4354,Low
12/31/2017,7 Series,2017,Europe,Blue,Diesel,Manual,3.9,134722,99369,1391,Low
12/31/2014,X3,2014,Asia,Red,Electric,Automatic,2.6,142938,64516,8000,High
12/31/2016,X6,2016,Europe,White,Hybrid,Automatic,1.8,159546,77470,4386,Low
12/31/2016,5 Series,2016,South America,Red,Petrol,Manual,4.8,88630,82340,3501,Low
12/31/2024,7 Series,2024,Europe,Red,Petrol,Automatic,1.9,146851,122040,2005,Low
12/31/2016,X6,2016,North America,Blue,Electric,Automatic,5,73238,120092,3015,Low
12/31/2015,X3,2015,North America,Red,Electric,Manual,1.9,49695,76447,9251,High
12/31/2020,i8,2020,Asia,Red,Hybrid,Automatic,2.1,136909,141132,734,Low
12/31/2017,M3,2017,South America,White,Diesel,Manual,2.6,149423,66858,2007,Low
12/31/2018,i8,2018,South America,Blue,Hybrid,Manual,3.3,59514,157154,50,Low
12/31/2021,5 Series,2021,Europe,White,Diesel,Manual,4.3,122918,100550,7617,High
12/31/2024,X1,2024,Europe,Grey,Petrol,Automatic,4.9,79349,112477,8135,High
12/31/2011,i8,2011,Asia,Red,Electric,Manual,2.8,79754,122171,50,Low
12/31/2016,X3,2016,Middle East,Red,Electric,Automatic,1.6,6786,88243,5423,High
12/31/2024,X3,2024,Africa,Black,Electric,Manual,3.7,26766,131175,5423,High
12/31/2011,X1,2011,Europe,Red,Hybrid,Automatic,4,44921,61699,6936,High
12/31/2015,7 Series,2015,Europe,Blue,Hybrid,Automatic,2.9,174087,96876,1109,Low
12/31/2011,X6,2011,Middle East,Black,Hybrid,Manual,2.1,176217,54397,2448,Low
12/31/2019,X1,2019,Africa,Red,Diesel,Automatic,2.6,50515,72895,4267,Low
12/31/2015,3 Series,2015,North America,White,Diesel,Automatic,3.8,44972,72836,8036,High
12/31/2011,i3,2011,North America,Blue,Hybrid,Manual,3.2,75313,54805,4377,Low
12/31/2010,X5,2010,Asia,Grey,Hybrid,Automatic,4.1,152352,65291,5426,High
12/31/2016,X3,2016,Asia,Red,Petrol,Automatic,2.3,114864,62869,9640,High
12/31/2012,5 Series,2012,Europe,Black,Petrol,Manual,4.4,158096,54622,5932,High
12/31/2023,7 Series,2023,Europe,Red,Petrol,Manual,2,81126,127939,1934,Low
12/31/2021,X5,2021,Europe,White,Hybrid,Manual,2.7,9675,126592,5826,High
12/31/2023,3 Series,2023,South America,Silver,Hybrid,Manual,3.6,55306,111971,7315,High
12/31/2022,7 Series,2022,Africa,Red,Electric,Automatic,4.1,139323,137222,1195,Low
12/31/2013,i3,2013,North America,Grey,Diesel,Manual,2.4,159764,32338,5336,High
12/31/2022,5 Series,2022,Asia,Grey,Hybrid,Automatic,4.8,173914,114254,8416,High
12/31/2015,5 Series,2015,Europe,Grey,Electric,Manual,4,105622,84390,6755,High
12/31/2014,3 Series,2014,North America,Black,Hybrid,Automatic,2.3,163406,47875,8432,High
12/31/2013,X1,2013,North America,Red,Petrol,Automatic,4,47078,63476,8023,High
12/31/2018,X1,2018,North America,Blue,Hybrid,Automatic,3.9,160252,73875,7040,High
12/31/2015,X3,2015,South America,Red,Petrol,Automatic,4.1,8716,87321,4720,Low
12/31/2015,5 Series,2015,Asia,Red,Diesel,Manual,4.7,66221,85887,7709,High
12/31/2011,M5,2011,Europe,White,Electric,Manual,4,43316,118053,520,Low
12/31/2015,X5,2015,South America,Silver,Electric,Manual,2.7,22200,101464,2652,Low
12/31/2016,i3,2016,North America,White,Electric,Manual,4.3,149174,78897,4110,Low
12/31/2017,7 Series,2017,North America,Black,Hybrid,Manual,3.9,5130,135180,748,Low
12/31/2024,i8,2024,Africa,Grey,Electric,Manual,3.5,173648,155528,729,Low
12/31/2023,7 Series,2023,Middle East,Red,Diesel,Manual,2.7,120974,121830,1357,Low
12/31/2017,i8,2017,South America,Blue,Electric,Automatic,4.7,22525,164589,50,Low
12/31/2018,X3,2018,Middle East,Red,Diesel,Automatic,3.3,124071,72234,6395,High
12/31/2019,i3,2019,Asia,Blue,Electric,Manual,3.7,198241,71689,5558,High
12/31/2020,M5,2020,North America,Grey,Petrol,Manual,3,654,138084,1715,Low
12/31/2022,X5,2022,Asia,Black,Diesel,Automatic,4.2,184558,99521,6901,High
12/31/2021,X5,2021,North America,White,Electric,Automatic,2.7,183196,100798,6385,High
12/31/2012,i3,2012,Africa,Silver,Electric,Automatic,4.3,43684,77291,1880,Low
12/31/2019,X5,2019,Africa,Silver,Petrol,Automatic,1.9,6510,95523,3405,Low
12/31/2024,7 Series,2024,South America,Blue,Diesel,Automatic,4,126914,128821,1146,Low
12/31/2016,X1,2016,North America,Red,Electric,Manual,3.2,74682,71640,7887,High
12/31/2016,5 Series,2016,Asia,White,Petrol,Automatic,3.9,140335,76313,6523,High
12/31/2010,X3,2010,Asia,Silver,Hybrid,Automatic,3.4,47545,64864,8644,High
12/31/2017,7 Series,2017,Asia,Grey,Petrol,Manual,2,186921,79648,1689,Low
12/31/2024,7 Series,2024,Africa,Grey,Hybrid,Automatic,3.2,60663,156986,1204,Low
12/31/2013,3 Series,2013,North America,Blue,Hybrid,Automatic,4.9,75663,75324,9889,High
12/31/2014,X1,2014,Middle East,Red,Diesel,Manual,4.1,64944,56924,5097,High
12/31/2023,5 Series,2023,Africa,Black,Diesel,Automatic,2.6,69735,103585,3739,Low
12/31/2015,X5,2015,Africa,Red,Diesel,Manual,4.8,194396,60009,2884,Low
12/31/2012,X5,2012,Africa,Silver,Electric,Automatic,4.2,133713,76749,2516,Low
12/31/2014,X5,2014,Asia,Blue,Diesel,Manual,2.8,160693,55728,5509,High
12/31/2019,5 Series,2019,Africa,Black,Diesel,Manual,3.6,45813,94012,3944,Low
12/31/2014,i8,2014,South America,Blue,Electric,Automatic,3,129122,130820,50,Low
12/31/2010,X3,2010,Africa,Blue,Diesel,Automatic,1.8,138941,25000,4501,Low
12/31/2012,M3,2012,Middle East,Grey,Petrol,Manual,4.3,89971,74184,1199,Low
12/31/2012,M5,2012,Europe,Grey,Hybrid,Manual,2.2,93144,91980,1083,Low
12/31/2010,7 Series,2010,Africa,Red,Electric,Manual,3.1,29272,95906,50,Low
12/31/2022,5 Series,2022,North America,White,Petrol,Manual,4,122617,101149,6584,High
12/31/2016,3 Series,2016,Europe,Blue,Electric,Manual,4.8,50020,99027,9116,High
12/31/2010,X5,2010,Middle East,Red,Petrol,Manual,1.7,123050,41523,3308,Low
12/31/2016,X6,2016,South America,Red,Hybrid,Automatic,2.9,87342,93392,1919,Low
12/31/2013,M3,2013,Asia,Black,Hybrid,Manual,3.7,136978,73787,2556,Low
12/31/2018,X3,2018,Africa,Grey,Hybrid,Manual,4.2,99472,86413,5036,High
12/31/2016,7 Series,2016,Europe,Grey,Hybrid,Automatic,4.7,192465,104469,1153,Low
12/31/2014,i8,2014,Asia,White,Diesel,Automatic,1.5,93593,111372,50,Low
12/31/2016,3 Series,2016,Europe,Blue,Electric,Automatic,3.7,173902,70518,8829,High
12/31/2018,i3,2018,Africa,Silver,Electric,Automatic,1.5,412,91152,3366,Low
12/31/2019,3 Series,2019,Asia,Red,Hybrid,Automatic,4.3,58045,101548,8795,High
12/31/2015,7 Series,2015,Asia,Red,Petrol,Manual,2,56945,94636,1264,Low
12/31/2010,X5,2010,Africa,Silver,Diesel,Manual,4.6,152778,64031,2582,Low
12/31/2015,X1,2015,Asia,Silver,Electric,Automatic,2,119943,58205,7131,High
12/31/2010,X3,2010,North America,Silver,Electric,Manual,4.2,155133,51535,6770,High
12/31/2022,X6,2022,Africa,Black,Petrol,Manual,2.5,134707,93370,2514,Low
12/31/2021,3 Series,2021,Africa,Red,Petrol,Automatic,3.5,47738,91614,4919,Low
12/31/2013,5 Series,2013,Africa,Blue,Hybrid,Manual,3.6,1852,88254,2641,Low
12/31/2023,X1,2023,Middle East,Black,Electric,Manual,2.2,94310,96432,5728,High
12/31/2017,X6,2017,North America,White,Diesel,Automatic,2.5,154535,81093,4361,Low
12/31/2014,M3,2014,South America,Grey,Electric,Automatic,1.9,29592,92397,934,Low
12/31/2024,M5,2024,North America,Grey,Petrol,Automatic,1.5,95053,139409,2446,Low
12/31/2014,7 Series,2014,Africa,White,Electric,Manual,2.3,64097,108419,50,Low
12/31/2022,i8,2022,South America,Silver,Petrol,Automatic,3.3,56399,163595,50,Low
12/31/2019,5 Series,2019,Asia,White,Hybrid,Manual,4,160246,91038,8474,High
12/31/2020,M3,2020,Asia,Black,Hybrid,Manual,4.3,114430,115303,3097,Low
12/31/2017,i3,2017,North America,Silver,Hybrid,Automatic,1.7,179996,54861,5506,High
12/31/2017,i3,2017,Asia,Blue,Electric,Manual,2.5,155321,66804,4817,Low
12/31/2010,i3,2010,North America,Red,Hybrid,Manual,4.2,74162,58998,3626,Low
12/31/2022,X1,2022,Africa,Silver,Diesel,Automatic,3.2,76869,79495,5101,High
12/31/2022,X6,2022,Africa,Black,Hybrid,Automatic,2.1,21525,128581,2595,Low
12/31/2014,X5,2014,Asia,Red,Electric,Manual,2.9,25515,95657,5141,High
12/31/2021,M5,2021,Middle East,Blue,Diesel,Automatic,2.4,152953,118740,1315,Low
12/31/2014,i3,2014,Africa,Silver,Petrol,Automatic,1.7,156528,31179,2836,Low
12/31/2017,i8,2017,Middle East,Black,Hybrid,Automatic,4.2,82468,169863,50,Low
12/31/2010,3 Series,2010,South America,Red,Electric,Automatic,2.5,144062,40350,5407,High
12/31/2016,X3,2016,South America,White,Petrol,Manual,4.8,178134,57723,5737,High
12/31/2016,M3,2016,Europe,Silver,Diesel,Automatic,4.6,185730,74029,2777,Low
12/31/2022,X5,2022,Asia,White,Petrol,Automatic,4,39084,122298,6492,High
12/31/2018,M5,2018,Europe,Grey,Electric,Automatic,2.6,51289,190170,932,Low
12/31/2011,3 Series,2011,Middle East,Silver,Hybrid,Manual,2.5,195746,29399,5807,High
12/31/2024,i8,2024,South America,Silver,Electric,Automatic,3.2,100841,183207,366,Low
12/31/2012,M5,2012,Asia,Black,Electric,Manual,2.7,107045,101970,1042,Low
12/31/2013,i3,2013,Africa,Red,Diesel,Manual,4.7,32193,67389,2045,Low
12/31/2010,M5,2010,Middle East,White,Diesel,Manual,1.9,39035,84204,176,Low
12/31/2024,X1,2024,Asia,Black,Petrol,Automatic,4,154065,91405,9344,High
12/31/2016,5 Series,2016,Middle East,Grey,Diesel,Manual,3.6,54824,88119,4901,Low
12/31/2023,X5,2023,Africa,Black,Hybrid,Automatic,4.3,10061,136198,4117,Low
12/31/2019,M3,2019,North America,Red,Diesel,Manual,3.4,165851,81390,3431,Low
12/31/2012,X5,2012,Middle East,Black,Electric,Manual,3.7,2525,96703,3022,Low
12/31/2012,X6,2012,North America,Blue,Hybrid,Manual,4.9,97515,91429,3265,Low
12/31/2012,i3,2012,South America,Grey,Hybrid,Manual,1.8,179215,29419,2619,Low
12/31/2017,X1,2017,Africa,Red,Diesel,Automatic,1.9,196913,31995,4293,Low
12/31/2018,M5,2018,South America,Blue,Electric,Manual,2.9,81399,130339,902,Low
12/31/2019,X3,2019,South America,Grey,Electric,Manual,3.2,75171,96692,5054,High
12/31/2022,5 Series,2022,Europe,Black,Hybrid,Manual,2.2,122414,98222,7107,High
12/31/2023,M3,2023,North America,Blue,Diesel,Automatic,1.8,193914,87403,3632,Low
12/31/2011,i3,2011,Asia,Grey,Hybrid,Automatic,1.6,160081,30140,5307,High
12/31/2019,X5,2019,North America,Red,Petrol,Manual,4.2,78022,100241,5634,High
12/31/2024,X5,2024,Middle East,Blue,Petrol,Automatic,3.2,57230,120599,5049,High
12/31/2019,7 Series,2019,Asia,Black,Electric,Manual,4.5,79533,148486,1524,Low
12/31/2010,X1,2010,Europe,Silver,Hybrid,Automatic,2.8,80627,43136,6459,High
12/31/2023,i8,2023,Europe,Grey,Diesel,Manual,4,199803,148672,576,Low
12/31/2018,7 Series,2018,Europe,White,Petrol,Automatic,3.2,135420,104457,1332,Low
12/31/2015,X5,2015,Europe,Silver,Diesel,Manual,3.6,177342,63316,5907,High
12/31/2023,M5,2023,North America,White,Electric,Manual,2.8,80856,151639,2407,Low
12/31/2024,i3,2024,North America,White,Petrol,Manual,1.8,119617,79392,5421,High
12/31/2018,X3,2018,Africa,Black,Petrol,Manual,4.8,129418,80470,4000,Low
12/31/2015,i8,2015,Africa,Red,Diesel,Manual,4.4,189031,106097,50,Low
12/31/2011,M3,2011,Asia,Blue,Electric,Manual,2.6,134688,63032,2451,Low
12/31/2010,M5,2010,Asia,White,Petrol,Manual,4.9,43641,106735,708,Low
12/31/2023,X3,2023,Africa,Blue,Petrol,Manual,2.6,62475,93773,5489,High
12/31/2017,5 Series,2017,Africa,Red,Electric,Manual,3.1,129411,87031,3240,Low
12/31/2012,7 Series,2012,South America,Red,Electric,Automatic,4.1,134322,97447,50,Low
12/31/2010,i3,2010,South America,Grey,Electric,Manual,2.6,179432,31467,2569,Low
12/31/2024,X3,2024,North America,Grey,Electric,Automatic,2.6,86611,121206,9678,High
12/31/2017,X1,2017,Middle East,Red,Electric,Automatic,2.9,137060,71542,4980,Low
12/31/2021,i3,2021,Europe,Silver,Diesel,Manual,3.1,71722,87038,5902,High
12/31/2010,M3,2010,South America,Blue,Hybrid,Manual,1.9,182783,39760,1231,Low
12/31/2017,5 Series,2017,South America,Grey,Electric,Automatic,1.6,115246,79979,3515,Low
12/31/2010,X3,2010,Europe,Black,Petrol,Automatic,4.7,61436,58429,7981,High
12/31/2018,7 Series,2018,Middle East,Red,Electric,Manual,2.7,18775,146728,628,Low
12/31/2023,7 Series,2023,Europe,Red,Electric,Manual,1.9,86267,141520,2199,Low
12/31/2018,i8,2018,Asia,Black,Diesel,Manual,4.2,128530,140888,50,Low
12/31/2021,M5,2021,South America,White,Petrol,Manual,2.5,186335,140151,915,Low
12/31/2022,X1,2022,Asia,Silver,Petrol,Manual,2.1,165825,64119,9814,High
12/31/2018,7 Series,2018,North America,Blue,Electric,Automatic,4.9,52522,143740,1285,Low
12/31/2012,X3,2012,Middle East,Red,Electric,Manual,4.7,58422,84760,5677,High
12/31/2013,i8,2013,Middle East,Silver,Petrol,Automatic,1.9,85160,116014,50,Low
12/31/2014,M5,2014,Europe,Black,Diesel,Automatic,4.6,42721,126587,832,Low
12/31/2015,M3,2015,North America,Silver,Petrol,Manual,4.6,126565,81002,2792,Low
12/31/2018,X6,2018,South America,Blue,Electric,Automatic,3.7,52414,116653,2703,Low
12/31/2022,5 Series,2022,Asia,Blue,Electric,Automatic,3.4,136921,114028,7791,High
12/31/2020,M5,2020,Africa,Black,Electric,Automatic,2.3,135949,121946,1131,Low
12/31/2021,X6,2021,Africa,Grey,Electric,Automatic,1.9,138148,108437,3191,Low
12/31/2013,M5,2013,Middle East,Red,Hybrid,Automatic,3.6,136007,108142,287,Low
12/31/2023,i8,2023,Asia,Grey,Hybrid,Automatic,4.4,78964,190036,490,Low
12/31/2023,M3,2023,South America,White,Electric,Manual,3.9,111550,122841,2268,Low
12/31/2015,X3,2015,Africa,Red,Petrol,Manual,2.1,46596,57941,4271,Low
12/31/2022,M5,2022,Asia,White,Petrol,Manual,2.5,31658,143265,4330,Low
12/31/2010,X1,2010,Europe,Blue,Petrol,Automatic,3.4,13139,49087,6373,High
12/31/2011,i8,2011,Europe,White,Diesel,Manual,3.7,86598,51632,213,Low
12/31/2017,i8,2017,South America,Blue,Diesel,Automatic,1.8,73778,127386,50,Low
12/31/2013,M5,2013,Asia,Silver,Electric,Manual,3.6,25079,132161,657,Low
12/31/2019,X6,2019,Africa,Grey,Hybrid,Manual,4.1,50926,120994,2581,Low
12/31/2016,X3,2016,South America,Red,Petrol,Manual,2.1,115951,51166,5295,High
12/31/2013,5 Series,2013,South America,Silver,Hybrid,Manual,2.4,141352,53640,3867,Low
12/31/2023,X6,2023,Africa,Blue,Electric,Automatic,2.4,88790,121012,2722,Low
12/31/2018,X5,2018,Europe,Red,Hybrid,Manual,4.8,152464,98626,5744,High
12/31/2018,X6,2018,Africa,Blue,Petrol,Automatic,2.9,81658,91471,2248,Low
12/31/2013,X6,2013,South America,Grey,Petrol,Automatic,3.4,68882,82848,1825,Low
12/31/2022,X1,2022,Asia,Red,Electric,Manual,4,29212,118408,7233,High
12/31/2024,M5,2024,Europe,Silver,Diesel,Automatic,2.8,146553,130069,2012,Low
12/31/2017,X3,2017,Middle East,Black,Hybrid,Manual,1.9,1155,86866,5087,High
12/31/2015,M3,2015,South America,Grey,Petrol,Automatic,3.8,149700,74714,4832,Low
12/31/2010,3 Series,2010,Europe,Red,Hybrid,Automatic,3.8,186367,35409,7861,High
12/31/2024,X5,2024,Middle East,Red,Hybrid,Automatic,2.4,86669,130542,4621,Low
12/31/2016,X3,2016,Asia,Grey,Petrol,Manual,1.6,103204,51713,8727,High
12/31/2010,7 Series,2010,Africa,Red,Electric,Automatic,3.8,173481,82300,50,Low
12/31/2012,X3,2012,South America,Grey,Petrol,Automatic,4,158723,45246,4868,Low
12/31/2017,5 Series,2017,Middle East,Red,Diesel,Manual,1.6,70405,76018,4252,Low
12/31/2024,X5,2024,Europe,Blue,Petrol,Automatic,3.9,55662,129993,5103,High
12/31/2018,3 Series,2018,Africa,Red,Hybrid,Manual,4.8,124682,82105,5317,High
12/31/2012,i8,2012,North America,White,Electric,Automatic,2.1,119510,115979,50,Low
12/31/2010,i3,2010,Africa,White,Electric,Automatic,3.3,106893,51543,2017,Low
12/31/2010,7 Series,2010,North America,Silver,Diesel,Automatic,3.9,59136,94270,430,Low
12/31/2016,X1,2016,South America,Grey,Hybrid,Automatic,2.3,36088,71755,4302,Low
12/31/2014,M5,2014,Europe,Silver,Electric,Manual,4.1,121192,116684,902,Low
12/31/2022,7 Series,2022,Asia,Grey,Diesel,Manual,4.5,114021,139276,1480,Low
12/31/2023,i8,2023,North America,Black,Electric,Automatic,4.4,158294,170456,800,Low
12/31/2010,7 Series,2010,North America,Grey,Petrol,Automatic,2.4,131294,74124,630,Low
12/31/2015,X6,2015,Middle East,Grey,Hybrid,Automatic,4.3,63117,109877,2182,Low
12/31/2023,X6,2023,Asia,Blue,Diesel,Automatic,2.9,132678,104385,5209,High
12/31/2015,i8,2015,Middle East,Red,Electric,Automatic,2.4,41520,148622,50,Low
12/31/2023,X1,2023,Europe,Blue,Hybrid,Manual,2.1,90799,85468,8659,High
12/31/2013,M3,2013,Africa,Blue,Petrol,Manual,4.7,196412,60980,1009,Low
12/31/2016,M3,2016,Asia,Grey,Electric,Manual,3,152214,84336,2651,Low
12/31/2016,3 Series,2016,Europe,Silver,Hybrid,Automatic,4.5,146215,71740,9595,High
12/31/2021,X3,2021,Africa,White,Electric,Automatic,2.1,164556,77708,6190,High
12/31/2018,7 Series,2018,Europe,Red,Petrol,Manual,4.2,85141,118113,1279,Low
12/31/2021,7 Series,2021,Middle East,Grey,Diesel,Manual,1.9,145018,111475,1277,Low
12/31/2010,i8,2010,South America,Black,Petrol,Automatic,1.6,12945,110527,50,Low
12/31/2014,7 Series,2014,Africa,Red,Hybrid,Automatic,5,79776,113720,50,Low
12/31/2024,i3,2024,Europe,Grey,Diesel,Automatic,1.8,89594,89719,5397,High
12/31/2019,5 Series,2019,Europe,Black,Electric,Automatic,3.1,15946,114200,6385,High
12/31/2012,7 Series,2012,Asia,Black,Electric,Manual,4.6,195078,90338,892,Low
12/31/2016,M5,2016,Europe,Red,Diesel,Manual,4.4,47092,124723,1240,Low
12/31/2013,7 Series,2013,Europe,Blue,Diesel,Automatic,3.1,192039,72557,1151,Low
12/31/2013,5 Series,2013,Asia,Red,Diesel,Automatic,3.6,165611,55246,6517,High
12/31/2022,i3,2022,North America,Grey,Petrol,Automatic,3.7,26733,105945,5393,High
12/31/2021,M3,2021,Europe,Grey,Petrol,Manual,1.9,142684,88132,3527,Low
12/31/2010,7 Series,2010,Asia,White,Petrol,Manual,2.5,159910,61404,872,Low
12/31/2010,X5,2010,Africa,White,Electric,Automatic,2.6,152125,52919,2526,Low
12/31/2019,X1,2019,Middle East,Blue,Petrol,Manual,2.8,10110,79302,5655,High
12/31/2011,7 Series,2011,South America,White,Electric,Manual,2.5,111649,88957,50,Low
12/31/2024,X6,2024,South America,Blue,Diesel,Automatic,2.4,131417,108723,2824,Low
12/31/2011,X1,2011,Asia,White,Petrol,Automatic,2.7,172523,25000,8585,High
12/31/2010,5 Series,2010,Middle East,Red,Electric,Manual,2.8,125370,57254,3620,Low
12/31/2017,M3,2017,Europe,White,Electric,Manual,3.2,61053,108856,2556,Low
12/31/2015,3 Series,2015,North America,Red,Electric,Manual,2.1,10062,79294,8833,High
12/31/2015,X3,2015,South America,Grey,Electric,Manual,4.3,171292,68570,4949,Low
12/31/2019,3 Series,2019,Europe,Grey,Hybrid,Automatic,4.5,43769,104080,8895,High
12/31/2019,i3,2019,Europe,Grey,Hybrid,Manual,2.4,52293,83883,5489,High
12/31/2018,X5,2018,North America,Silver,Hybrid,Automatic,1.9,76275,95603,6209,High
12/31/2014,5 Series,2014,North America,Blue,Petrol,Automatic,4,60442,78834,6537,High
12/31/2024,M5,2024,Middle East,White,Petrol,Automatic,4.7,129347,158476,1015,Low
12/31/2013,X5,2013,Europe,Black,Hybrid,Automatic,1.6,190019,50569,5228,High
12/31/2024,X6,2024,Asia,Black,Diesel,Automatic,1.6,73067,110908,5376,High
12/31/2020,X1,2020,North America,White,Hybrid,Manual,2.1,95992,79017,8332,High
12/31/2015,7 Series,2015,Asia,Silver,Hybrid,Manual,3.9,178602,97336,1308,Low
12/31/2017,X3,2017,North America,Silver,Hybrid,Manual,4.9,157988,78926,9162,High
12/31/2023,X3,2023,Europe,Blue,Diesel,Manual,4.1,94385,98782,9344,High
12/31/2010,M5,2010,North America,Black,Electric,Manual,3.5,186907,90698,757,Low
12/31/2016,7 Series,2016,Asia,Red,Hybrid,Automatic,4,112547,113482,1029,Low
12/31/2017,X6,2017,South America,Blue,Diesel,Manual,2.3,71636,87139,2540,Low
12/31/2018,i3,2018,Asia,Silver,Diesel,Manual,3.9,134722,63620,5456,High
12/31/2020,3 Series,2020,Europe,Blue,Diesel,Automatic,2.6,96016,75950,9438,High
12/31/2017,M3,2017,Asia,Grey,Hybrid,Manual,2.3,62046,93954,3158,Low
12/31/2016,i8,2016,Asia,Black,Hybrid,Manual,2.3,185021,118923,52,Low
12/31/2012,M5,2012,Middle East,Black,Electric,Automatic,3.8,134744,108032,141,Low
12/31/2011,3 Series,2011,North America,Grey,Petrol,Automatic,4.2,43489,58954,9617,High
12/31/2024,X1,2024,Asia,Silver,Petrol,Manual,3.5,94766,90151,8639,High
12/31/2012,X5,2012,South America,Blue,Hybrid,Manual,1.7,179120,45152,2889,Low
12/31/2013,X5,2013,Middle East,Black,Electric,Automatic,1.6,123735,69543,3527,Low
12/31/2013,M5,2013,Asia,Silver,Petrol,Automatic,2.3,143585,87867,1554,Low
12/31/2015,M5,2015,South America,White,Petrol,Manual,2.5,193355,40712,1242,Low
12/31/2021,7 Series,2021,South America,Silver,Hybrid,Manual,2.9,61296,131886,1324,Low
12/31/2016,X3,2016,Europe,Red,Petrol,Manual,1.8,43991,68665,8955,High
12/31/2021,X5,2021,Africa,Grey,Hybrid,Automatic,4,144708,106813,3877,Low
12/31/2013,i8,2013,Middle East,Red,Electric,Automatic,4,41801,161526,50,Low
12/31/2019,5 Series,2019,Africa,Silver,Hybrid,Manual,2.7,116156,83402,4082,Low
12/31/2015,7 Series,2015,Asia,Red,Petrol,Manual,3.5,32078,119058,821,Low
12/31/2018,M3,2018,Europe,Blue,Electric,Manual,1.9,64717,97364,3646,Low
12/31/2023,M3,2023,Africa,Black,Hybrid,Manual,3,35052,131065,1804,Low
12/31/2015,X1,2015,South America,Grey,Diesel,Automatic,4.5,163366,46892,4538,Low
12/31/2023,i3,2023,Asia,Grey,Diesel,Manual,3.8,172310,83422,5893,High
12/31/2012,M5,2012,North America,Grey,Electric,Automatic,1.9,61872,112079,738,Low
12/31/2010,M5,2010,Asia,Black,Petrol,Manual,4.5,181183,82477,991,Low
12/31/2020,7 Series,2020,Asia,Black,Diesel,Manual,3.9,148118,110362,1495,Low
12/31/2019,7 Series,2019,Middle East,Black,Hybrid,Manual,3.1,151055,122910,1202,Low
12/31/2019,M3,2019,Asia,White,Electric,Manual,3.9,86066,119811,3506,Low
12/31/2022,X3,2022,Asia,Silver,Diesel,Automatic,2.1,2383,100080,9579,High
12/31/2014,X5,2014,North America,Grey,Hybrid,Manual,3.4,183361,71174,5853,High
12/31/2019,X3,2019,North America,Blue,Hybrid,Automatic,3.7,163229,80929,8079,High
12/31/2019,7 Series,2019,North America,Grey,Hybrid,Automatic,4.7,71265,151722,1347,Low
12/31/2012,X1,2012,North America,Silver,Electric,Manual,1.7,152039,32733,6919,High
12/31/2017,i3,2017,North America,White,Hybrid,Automatic,2.8,46114,82755,5475,High
12/31/2019,X1,2019,Africa,Black,Hybrid,Automatic,4.8,32243,104876,4465,Low
12/31/2024,M3,2024,Asia,Silver,Hybrid,Manual,2.3,74363,121093,3601,Low
12/31/2010,5 Series,2010,South America,Red,Electric,Automatic,4.3,36282,81543,2728,Low
12/31/2020,X1,2020,South America,Silver,Diesel,Manual,1.5,89212,59391,5458,High
12/31/2011,i3,2011,Europe,White,Hybrid,Automatic,1.6,117274,37331,4947,Low
12/31/2012,M3,2012,South America,Grey,Hybrid,Automatic,2.6,94319,73970,995,Low
12/31/2012,X6,2012,North America,Grey,Hybrid,Manual,4.2,79011,92990,3359,Low
12/31/2021,3 Series,2021,South America,Black,Petrol,Automatic,1.9,66229,82338,6706,High
12/31/2017,X5,2017,North America,White,Hybrid,Automatic,2.8,72483,99999,6195,High
12/31/2014,i3,2014,South America,Grey,Diesel,Manual,2,148028,32169,3162,Low
12/31/2017,X3,2017,Asia,Grey,Petrol,Automatic,2.3,72608,74395,8745,High
12/31/2020,M3,2020,South America,Silver,Electric,Manual,3.3,61632,116915,1785,Low
12/31/2023,7 Series,2023,South America,Grey,Petrol,Manual,2.6,159328,111963,1334,Low
12/31/2024,X5,2024,Africa,Red,Hybrid,Automatic,2.2,176513,103315,4395,Low
12/31/2024,i8,2024,North America,Red,Petrol,Manual,2.9,22539,183123,259,Low
12/31/2020,X6,2020,South America,Blue,Petrol,Automatic,4,125902,100013,2654,Low
12/31/2015,X3,2015,North America,Black,Hybrid,Automatic,1.9,126278,59436,8322,High
12/31/2024,M5,2024,South America,White,Diesel,Automatic,3.2,16002,148405,1119,Low
12/31/2021,X3,2021,Europe,Grey,Diesel,Manual,2.5,72326,82453,8654,High
12/31/2011,3 Series,2011,South America,Silver,Petrol,Manual,2.8,148396,28366,5039,High
12/31/2020,M3,2020,Africa,Blue,Petrol,Automatic,4.4,169990,96187,1886,Low
12/31/2013,i3,2013,South America,Grey,Electric,Manual,4.8,28784,88927,2173,Low
12/31/2018,M3,2018,Africa,Grey,Hybrid,Manual,2.4,186554,76536,2383,Low
12/31/2013,M3,2013,Middle East,Blue,Diesel,Automatic,3.7,5599,92797,297,Low
12/31/2014,5 Series,2014,Europe,Blue,Petrol,Manual,3.9,154306,61432,5780,High
12/31/2014,X6,2014,Europe,Grey,Petrol,Automatic,4.4,178083,75588,4164,Low
12/31/2019,X3,2019,Europe,Red,Hybrid,Manual,4.6,140847,86960,10144,High
12/31/2017,i3,2017,Middle East,Black,Electric,Automatic,3.1,18160,98334,3206,Low
12/31/2015,X6,2015,Asia,Silver,Diesel,Automatic,4.9,128791,89187,3940,Low
12/31/2019,X6,2019,South America,Red,Hybrid,Automatic,4.9,166132,113385,2754,Low
12/31/2016,M3,2016,Middle East,Silver,Hybrid,Manual,3.3,157543,83024,1533,Low
12/31/2015,X1,2015,North America,Red,Petrol,Automatic,3.4,24815,70998,6742,High
12/31/2023,5 Series,2023,North America,Grey,Electric,Manual,3.8,47805,137732,7494,High
12/31/2023,X5,2023,South America,Black,Diesel,Automatic,2.8,111765,98799,4771,Low
12/31/2023,i3,2023,Africa,Grey,Petrol,Automatic,3.8,172869,81339,2894,Low
12/31/2014,X5,2014,North America,Silver,Electric,Manual,3.3,33635,101417,4588,Low
12/31/2024,3 Series,2024,Asia,Silver,Electric,Manual,1.6,7755,111630,9672,High
12/31/2014,X1,2014,Africa,Blue,Electric,Automatic,4.5,116878,69813,3624,Low
12/31/2012,X1,2012,Asia,Silver,Hybrid,Automatic,4.8,149317,56006,7903,High
12/31/2016,X3,2016,Asia,Silver,Petrol,Automatic,1.6,54189,62856,9191,High
12/31/2022,X5,2022,Middle East,Blue,Diesel,Manual,4.3,104462,107413,4369,Low
12/31/2019,X3,2019,Africa,Black,Electric,Automatic,2.9,189771,75557,706,Low
12/31/2014,X6,2014,Middle East,Blue,Petrol,Manual,3.5,2445,97870,1857,Low
12/31/2016,M3,2016,Middle East,Silver,Electric,Automatic,3.2,90177,103491,1299,Low
12/31/2024,X3,2024,South America,White,Hybrid,Automatic,3.4,133693,104606,5912,High
12/31/2011,5 Series,2011,Europe,White,Diesel,Manual,3.2,9498,66518,5182,High
12/31/2018,M3,2018,Asia,Black,Diesel,Manual,4.5,60459,104825,2675,Low
12/31/2017,i3,2017,Africa,Blue,Electric,Manual,3.9,92368,82828,2443,Low
12/31/2024,5 Series,2024,Middle East,Red,Hybrid,Manual,2.9,185131,101711,5294,High
12/31/2014,X1,2014,Africa,Grey,Electric,Automatic,3.9,130072,58876,3906,Low
12/31/2011,X5,2011,Europe,White,Diesel,Manual,4.9,144426,57021,5695,High
12/31/2015,X1,2015,North America,Grey,Diesel,Manual,1.8,75333,44231,8346,High
12/31/2017,M5,2017,Asia,Silver,Petrol,Manual,2.9,103357,110339,1606,Low
12/31/2016,M3,2016,North America,Silver,Hybrid,Manual,4.5,52195,106700,2604,Low
12/31/2017,i3,2017,Europe,Black,Hybrid,Manual,4.1,50538,89907,4263,Low
12/31/2013,M5,2013,North America,Silver,Electric,Manual,4.8,26776,133518,645,Low
12/31/2023,5 Series,2023,North America,Black,Diesel,Manual,1.6,134517,87769,7849,High
12/31/2012,X5,2012,Middle East,Silver,Electric,Manual,4.5,16122,99880,2555,Low
12/31/2016,X6,2016,Middle East,Black,Diesel,Automatic,4.3,70379,104909,2445,Low
12/31/2011,5 Series,2011,Middle East,Grey,Diesel,Automatic,4.4,59791,68838,3541,Low
12/31/2023,i8,2023,North America,White,Petrol,Manual,3.6,89223,173358,273,Low
12/31/2014,X5,2014,Europe,Red,Electric,Manual,1.7,164891,65427,5431,High
12/31/2022,7 Series,2022,Asia,Black,Electric,Manual,3.4,94314,146418,1777,Low
12/31/2016,X1,2016,Africa,Grey,Diesel,Manual,2.9,6015,63707,4541,Low
12/31/2010,i3,2010,Africa,Red,Diesel,Manual,3.3,138587,25631,2429,Low
12/31/2013,X3,2013,Middle East,Red,Diesel,Manual,4.1,163257,46083,6036,High
12/31/2024,i3,2024,Europe,Black,Hybrid,Manual,3.6,29853,120319,6001,High
12/31/2011,i3,2011,Asia,Blue,Diesel,Manual,2.5,144770,25000,5333,High
12/31/2015,M3,2015,Europe,Grey,Hybrid,Automatic,3.6,124588,86714,2400,Low
12/31/2021,X1,2021,Middle East,Grey,Diesel,Automatic,1.8,35770,81384,5610,High
12/31/2010,5 Series,2010,Middle East,Red,Hybrid,Manual,1.5,48104,59107,3995,Low
12/31/2016,i8,2016,South America,Blue,Hybrid,Automatic,2.9,190083,122115,50,Low
12/31/2012,i3,2012,Africa,Black,Diesel,Manual,4.2,194044,30804,2261,Low
12/31/2021,3 Series,2021,South America,White,Petrol,Manual,4.4,97304,87001,6053,High
12/31/2010,X5,2010,Middle East,Red,Diesel,Manual,3.4,30152,70513,2942,Low
12/31/2024,7 Series,2024,Africa,Blue,Petrol,Manual,4.5,138542,138824,808,Low
12/31/2017,M3,2017,South America,Silver,Hybrid,Automatic,1.9,105077,87052,1504,Low
12/31/2016,5 Series,2016,South America,White,Hybrid,Manual,4.9,153768,79509,3590,Low
12/31/2011,M3,2011,North America,White,Diesel,Manual,4.7,2547,88005,1761,Low
12/31/2016,X6,2016,Africa,Grey,Petrol,Automatic,3.6,87904,88416,2012,Low
12/31/2012,X1,2012,Asia,Grey,Electric,Automatic,1.7,104614,43751,7855,High
12/31/2024,X5,2024,North America,Grey,Electric,Automatic,3.1,144507,118035,6392,High
12/31/2022,X3,2022,North America,Red,Hybrid,Manual,2.1,174917,79284,9284,High
12/31/2018,5 Series,2018,Europe,White,Petrol,Manual,3.7,149831,74055,7708,High
12/31/2017,3 Series,2017,Middle East,Grey,Diesel,Automatic,2.2,48235,68381,7125,High
12/31/2014,X1,2014,Middle East,Grey,Electric,Automatic,3.2,141794,57345,4353,Low
12/31/2016,M3,2016,Middle East,Silver,Petrol,Manual,2.2,159127,67449,2266,Low
12/31/2012,7 Series,2012,North America,Blue,Diesel,Automatic,2.1,3810,100526,613,Low
12/31/2010,X3,2010,Africa,Grey,Electric,Automatic,2.4,197914,32797,4675,Low
12/31/2010,i3,2010,North America,White,Petrol,Manual,1.6,49151,33894,4689,Low
12/31/2024,M3,2024,Asia,Grey,Electric,Manual,4,12127,154393,3015,Low
12/31/2020,3 Series,2020,North America,Silver,Hybrid,Automatic,2.6,174734,74123,9520,High
12/31/2011,M3,2011,Africa,Black,Hybrid,Manual,3.9,21421,82404,558,Low
12/31/2017,3 Series,2017,Europe,Blue,Electric,Manual,3.8,26183,101121,9645,High
12/31/2010,i3,2010,Africa,Blue,Electric,Automatic,1.7,187038,25118,2299,Low
12/31/2020,X5,2020,Middle East,Grey,Diesel,Automatic,2.6,120939,51079,4506,Low
12/31/2021,i8,2021,Asia,Grey,Petrol,Manual,3.5,10695,167560,58,Low
12/31/2014,7 Series,2014,Middle East,White,Hybrid,Automatic,4.7,18342,136119,50,Low
12/31/2018,X6,2018,North America,Black,Hybrid,Automatic,2.9,38109,116415,4946,Low
12/31/2021,X3,2021,Middle East,Grey,Diesel,Manual,3.3,2391,109315,5453,High
12/31/2018,i8,2018,Asia,White,Electric,Automatic,4.1,30373,181593,50,Low
12/31/2011,X1,2011,Africa,White,Electric,Automatic,4.3,44033,65182,2771,Low
12/31/2016,X6,2016,South America,Silver,Petrol,Manual,4.7,51182,102976,1761,Low
12/31/2020,7 Series,2020,Middle East,Silver,Hybrid,Manual,3.2,83999,141752,1084,Low
12/31/2010,i3,2010,Middle East,Grey,Petrol,Manual,2.2,17657,44728,2876,Low
12/31/2012,5 Series,2012,Africa,Blue,Petrol,Manual,4.2,30662,75708,6741,High
12/31/2015,7 Series,2015,Middle East,Red,Diesel,Manual,1.9,64608,93176,631,Low
12/31/2018,X1,2018,Europe,Grey,Electric,Manual,3,14844,91439,6935,High
12/31/2019,5 Series,2019,Asia,Black,Hybrid,Manual,3.7,41052,108536,8399,High
12/31/2011,i8,2011,Asia,Red,Diesel,Manual,3.9,76973,116453,50,Low
12/31/2016,i3,2016,North America,Silver,Electric,Manual,4.1,161055,73739,4951,Low
12/31/2024,X1,2024,Asia,Red,Petrol,Automatic,2.2,105260,82100,9639,High
12/31/2013,3 Series,2013,South America,Silver,Electric,Manual,4.9,181359,60853,5194,High
12/31/2011,i8,2011,North America,Black,Electric,Automatic,2.1,183516,110868,50,Low
12/31/2012,X1,2012,Middle East,White,Diesel,Manual,1.8,109835,25000,5127,High
12/31/2015,X1,2015,Europe,Silver,Hybrid,Manual,3.8,15990,113723,5805,High
12/31/2019,3 Series,2019,South America,White,Hybrid,Automatic,4.7,162341,85494,6344,High
12/31/2018,5 Series,2018,North America,White,Diesel,Manual,3.5,130246,75499,6832,High
12/31/2017,3 Series,2017,Africa,Red,Electric,Manual,3.6,189223,64387,4770,Low
12/31/2019,M5,2019,North America,Blue,Petrol,Manual,3.4,143421,120485,1703,Low
12/31/2023,X6,2023,Europe,Red,Hybrid,Automatic,1.6,99463,112991,4738,Low
12/31/2020,3 Series,2020,Middle East,Grey,Electric,Manual,3.9,83125,100752,6615,High
12/31/2018,M5,2018,North America,Black,Electric,Manual,2.8,126756,122014,2101,Low
12/31/2013,i3,2013,South America,Grey,Petrol,Automatic,4.8,144328,51121,2406,Low
12/31/2021,X5,2021,Europe,White,Electric,Manual,2.2,1816,130834,6006,High
12/31/2013,7 Series,2013,Asia,Blue,Diesel,Manual,2.6,166079,70092,1280,Low
12/31/2024,i3,2024,North America,Red,Diesel,Automatic,3.3,36235,103880,6370,High
12/31/2018,X5,2018,Asia,Grey,Hybrid,Manual,3.2,131274,87634,5838,High
12/31/2017,i3,2017,Europe,Silver,Diesel,Automatic,2.9,132183,55392,5250,High
12/31/2021,5 Series,2021,North America,Blue,Electric,Automatic,2.6,117000,107040,6633,High
12/31/2024,X5,2024,Middle East,Silver,Electric,Automatic,2,162836,110478,5180,High
12/31/2011,X6,2011,Europe,White,Hybrid,Manual,4.4,21919,94343,2597,Low
12/31/2017,5 Series,2017,Africa,Grey,Electric,Automatic,3.1,186245,72122,4192,Low
12/31/2010,X6,2010,Europe,Black,Electric,Automatic,3.5,194771,59838,3740,Low
12/31/2018,i8,2018,Africa,Silver,Petrol,Manual,3.4,109157,138195,50,Low
12/31/2018,M3,2018,North America,Black,Diesel,Automatic,3.5,62735,105896,2352,Low
12/31/2022,X6,2022,Africa,Black,Diesel,Automatic,4,46386,124568,4992,Low
12/31/2024,X5,2024,Asia,White,Hybrid,Manual,3.7,11605,136065,6685,High
12/31/2017,X1,2017,Middle East,Red,Diesel,Manual,2.5,163065,43699,15000,High
12/31/2020,M5,2020,Europe,Silver,Hybrid,Automatic,3.4,167712,127241,466,Low
12/31/2014,3 Series,2014,Asia,Blue,Electric,Manual,2.4,170630,49038,8555,High
12/31/2014,5 Series,2014,Asia,Red,Electric,Automatic,3.6,91403,91212,7054,High
12/31/2022,i3,2022,North America,Blue,Diesel,Manual,3,37138,96938,4713,Low
12/31/2012,i3,2012,North America,Silver,Petrol,Automatic,1.6,105262,34846,5531,High
12/31/2014,M5,2014,North America,Blue,Diesel,Automatic,4.1,172020,100299,1412,Low
12/31/2013,i8,2013,Africa,Black,Hybrid,Automatic,2.5,20853,133503,50,Low
12/31/2010,X6,2010,Africa,Blue,Diesel,Manual,4.7,75761,72689,1037,Low
12/31/2018,3 Series,2018,North America,White,Petrol,Automatic,2.5,106317,69489,8529,High
12/31/2024,X6,2024,North America,Blue,Diesel,Automatic,5,11800,157479,4727,Low
12/31/2019,X1,2019,South America,White,Petrol,Manual,3.1,88774,65923,5475,High
12/31/2023,X3,2023,North America,Grey,Diesel,Manual,1.6,59027,92687,9264,High
12/31/2013,i8,2013,South America,Blue,Hybrid,Automatic,1.8,158644,54987,102,Low
12/31/2012,X1,2012,Asia,White,Diesel,Automatic,1.8,33001,41740,7473,High
12/31/2015,5 Series,2015,Asia,Red,Diesel,Automatic,1.7,152101,51627,7819,High
12/31/2010,i8,2010,Africa,Grey,Electric,Manual,2.4,120573,104894,50,Low
12/31/2014,5 Series,2014,Africa,Grey,Electric,Automatic,2.6,182371,62347,3574,Low
12/31/2024,M3,2024,Africa,Blue,Diesel,Automatic,1.9,14949,119734,1802,Low
12/31/2016,i8,2016,North America,Red,Hybrid,Automatic,3,157027,127769,50,Low
12/31/2011,7 Series,2011,South America,Grey,Hybrid,Automatic,2.8,58431,97726,50,Low
12/31/2019,X3,2019,Middle East,White,Petrol,Automatic,3.7,64083,95249,6068,High
12/31/2018,X6,2018,Europe,Black,Petrol,Automatic,2.2,84840,95364,3661,Low
12/31/2021,3 Series,2021,Africa,Blue,Electric,Manual,4.7,166446,90197,5574,High
12/31/2024,5 Series,2024,North America,Blue,Hybrid,Manual,3.3,157616,113564,7652,High
12/31/2015,M5,2015,Africa,Blue,Petrol,Manual,3.7,38756,117331,97,Low
12/31/2011,i3,2011,Asia,White,Hybrid,Manual,1.6,93028,39147,4811,Low
12/31/2017,3 Series,2017,Asia,Grey,Petrol,Automatic,3.5,40541,81720,8555,High
12/31/2017,5 Series,2017,South America,Grey,Electric,Manual,2.8,69246,92420,4464,Low
12/31/2010,3 Series,2010,Africa,White,Electric,Manual,4.7,30209,68287,3787,Low
12/31/2021,X1,2021,South America,White,Hybrid,Automatic,4.6,177643,79438,6395,High
12/31/2010,3 Series,2010,Europe,Blue,Petrol,Automatic,3.7,152521,32019,7659,High
12/31/2010,X5,2010,South America,Black,Hybrid,Automatic,4.2,144944,60572,2768,Low
12/31/2021,i3,2021,Africa,Grey,Diesel,Automatic,3.8,92603,86600,3086,Low
12/31/2013,3 Series,2013,South America,Black,Diesel,Automatic,1.6,110856,32835,5474,High
12/31/2013,5 Series,2013,Asia,White,Petrol,Manual,4,52245,77545,5980,High
12/31/2017,5 Series,2017,South America,Blue,Petrol,Automatic,2.1,54550,81400,4039,Low
12/31/2010,M3,2010,Asia,Black,Petrol,Manual,3.9,196275,45268,2887,Low
12/31/2019,5 Series,2019,South America,Silver,Hybrid,Manual,1.5,98345,85590,5214,High
12/31/2012,X5,2012,North America,Silver,Hybrid,Manual,2.6,180420,54792,6103,High
12/31/2020,5 Series,2020,Asia,Silver,Hybrid,Manual,3.3,112434,98877,6705,High
12/31/2010,X6,2010,Europe,White,Petrol,Manual,2.7,38864,67142,2855,Low
12/31/2018,i8,2018,South America,Blue,Hybrid,Manual,3.9,53089,158580,50,Low
12/31/2019,5 Series,2019,Europe,Silver,Diesel,Automatic,3.3,156935,77201,7123,High
12/31/2021,X1,2021,North America,Blue,Hybrid,Manual,4.9,135718,96148,9078,High
12/31/2018,i3,2018,Africa,White,Diesel,Automatic,2.8,31358,78687,2948,Low
12/31/2016,X6,2016,Asia,Black,Electric,Manual,4,13590,127848,3361,Low
12/31/2022,i8,2022,Africa,Red,Electric,Manual,4.4,130508,173958,111,Low
12/31/2021,5 Series,2021,South America,Blue,Diesel,Manual,2.4,103992,85863,4457,Low
12/31/2024,X6,2024,Asia,Red,Electric,Manual,4.1,166953,129313,4808,Low
12/31/2017,X1,2017,Europe,Blue,Hybrid,Automatic,2.9,876,90584,6491,High
12/31/2010,X3,2010,Europe,Grey,Petrol,Manual,2,601,51893,6721,High
12/31/2014,M3,2014,Africa,Black,Petrol,Manual,1.5,114477,56065,1414,Low
12/31/2024,M5,2024,Africa,Grey,Hybrid,Manual,4.1,57509,162564,1380,Low
12/31/2023,i3,2023,Africa,Blue,Diesel,Manual,2.2,120362,77301,3945,Low
12/31/2011,i8,2011,South America,Red,Hybrid,Automatic,1.7,56951,110062,50,Low
12/31/2022,3 Series,2022,Africa,Silver,Petrol,Manual,3.2,63013,92360,6340,High
12/31/2010,X5,2010,Africa,White,Petrol,Automatic,2.7,127748,45002,2615,Low
12/31/2012,X6,2012,Europe,Red,Diesel,Automatic,3.9,103749,72586,3184,Low
12/31/2016,M5,2016,North America,Grey,Hybrid,Automatic,1.9,169868,105008,1607,Low
12/31/2010,5 Series,2010,North America,Silver,Petrol,Manual,2,159368,29862,6029,High
12/31/2020,M3,2020,North America,White,Petrol,Manual,2.9,34213,114422,2681,Low
12/31/2011,7 Series,2011,Asia,Red,Hybrid,Manual,3.3,155423,120297,244,Low
12/31/2011,M5,2011,South America,Red,Hybrid,Manual,4.4,119888,96386,50,Low
12/31/2013,7 Series,2013,Europe,Red,Hybrid,Automatic,3.5,101471,104380,521,Low
12/31/2024,X6,2024,Africa,Blue,Petrol,Automatic,4.7,132739,128599,2136,Low
12/31/2021,X1,2021,North America,Black,Electric,Manual,2.3,46262,97075,7788,High
12/31/2012,7 Series,2012,Middle East,Silver,Diesel,Manual,3.6,126603,86673,217,Low
12/31/2012,7 Series,2012,Middle East,Black,Petrol,Automatic,3.8,105726,91889,117,Low
12/31/2019,X3,2019,South America,Black,Electric,Automatic,4,182555,83794,5489,High
12/31/2014,7 Series,2014,Europe,White,Diesel,Manual,5,11004,115308,521,Low
12/31/2012,X3,2012,Middle East,Grey,Diesel,Manual,3.1,174469,32975,6289,High
12/31/2020,5 Series,2020,North America,Red,Petrol,Manual,2.8,173827,75962,6983,High
12/31/2016,M5,2016,Middle East,Blue,Electric,Automatic,4.5,23156,154144,57,Low
12/31/2014,i3,2014,Europe,Silver,Electric,Manual,2.1,90990,62343,4218,Low
12/31/2013,X5,2013,Africa,White,Electric,Automatic,1.6,194844,49386,2807,Low
12/31/2021,M3,2021,Asia,Blue,Electric,Manual,3.1,175932,105939,3259,Low
12/31/2012,5 Series,2012,Asia,Silver,Electric,Automatic,2.4,52539,81293,5777,High
12/31/2024,7 Series,2024,North America,Black,Diesel,Manual,2.9,76757,137107,1692,Low
12/31/2021,M3,2021,Europe,Red,Hybrid,Automatic,5,181693,111092,3240,Low
12/31/2013,5 Series,2013,Middle East,Red,Electric,Manual,2.7,127355,66988,4194,Low
12/31/2023,M3,2023,Europe,Black,Electric,Manual,4,27953,143153,3592,Low
12/31/2024,X5,2024,Middle East,Blue,Diesel,Manual,2.4,48575,120774,4523,Low
12/31/2021,X3,2021,Africa,Black,Electric,Automatic,2.6,178989,79872,4800,Low
12/31/2011,X5,2011,Africa,Grey,Hybrid,Manual,2.4,46082,67510,2405,Low
12/31/2010,X6,2010,Asia,White,Diesel,Manual,3.5,23024,78417,3174,Low
12/31/2012,X3,2012,North America,Silver,Electric,Manual,2.3,156121,46542,8922,High
12/31/2020,X1,2020,Europe,Grey,Electric,Manual,4,189067,73232,7213,High
12/31/2011,X5,2011,Asia,Red,Hybrid,Manual,3.9,150783,61149,6313,High
12/31/2010,i8,2010,Asia,Grey,Petrol,Manual,3,193162,84558,50,Low
12/31/2010,3 Series,2010,Asia,Grey,Hybrid,Automatic,1.6,106187,35464,9596,High
12/31/2011,5 Series,2011,South America,Black,Petrol,Manual,1.6,67256,45003,3457,Low
12/31/2022,X6,2022,South America,Grey,Petrol,Manual,3.4,32110,118956,2325,Low
12/31/2022,5 Series,2022,Africa,Black,Diesel,Manual,4.4,591,121090,3274,Low
12/31/2018,X3,2018,North America,Grey,Petrol,Automatic,3.6,11775,91990,9646,High
12/31/2022,X5,2022,Europe,Grey,Petrol,Manual,3,127035,101857,5884,High
12/31/2022,7 Series,2022,Europe,Red,Electric,Manual,4.6,186047,139211,1831,Low
12/31/2014,M3,2014,North America,Red,Diesel,Manual,2.2,85668,70256,2262,Low
12/31/2018,i3,2018,Middle East,Red,Petrol,Manual,2.8,169716,54829,3287,Low
12/31/2017,X3,2017,Asia,White,Petrol,Automatic,3.5,156830,64763,7983,High
12/31/2022,5 Series,2022,Africa,Silver,Electric,Manual,2.5,50940,119435,3862,Low
12/31/2020,5 Series,2020,Africa,Grey,Electric,Automatic,5,152316,107670,4446,Low
12/31/2015,M5,2015,Middle East,Black,Hybrid,Automatic,3.1,64449,124119,358,Low
12/31/2010,X3,2010,North America,Red,Hybrid,Automatic,1.7,196431,26162,7065,High
12/31/2019,M5,2019,South America,Grey,Hybrid,Manual,2.1,178645,104616,1488,Low
12/31/2014,3 Series,2014,Europe,Silver,Electric,Manual,3.4,163159,57615,8512,High
12/31/2021,3 Series,2021,Europe,White,Electric,Manual,3.4,118633,95862,9149,High
12/31/2010,i3,2010,North America,White,Diesel,Manual,4.9,681,65631,4127,Low
12/31/2016,7 Series,2016,South America,Silver,Diesel,Automatic,3.6,165455,86311,698,Low
12/31/2019,7 Series,2019,South America,Black,Diesel,Automatic,3.8,16787,137078,370,Low
12/31/2023,X3,2023,North America,Black,Electric,Automatic,2.2,139340,100853,8608,High
12/31/2020,X5,2020,Asia,Grey,Hybrid,Manual,1.9,29997,109195,5825,High
12/31/2017,3 Series,2017,South America,Blue,Hybrid,Automatic,3.6,149182,67730,5648,High
12/31/2017,3 Series,2017,Asia,Red,Petrol,Manual,4.5,199440,55250,10081,High
12/31/2016,M5,2016,North America,Grey,Diesel,Automatic,3.6,12148,129607,1247,Low
12/31/2011,i3,2011,Middle East,Blue,Hybrid,Automatic,3,150164,46320,2829,Low
12/31/2014,X3,2014,Africa,Black,Diesel,Automatic,3.5,24083,68904,3713,Low
12/31/2013,3 Series,2013,Europe,Black,Hybrid,Automatic,3.1,52566,70247,8090,High
12/31/2014,X1,2014,Asia,Silver,Electric,Manual,2,150159,44804,6990,High
12/31/2019,i3,2019,Europe,Grey,Petrol,Automatic,4.1,93634,87744,4336,Low
12/31/2018,i8,2018,Africa,Grey,Hybrid,Automatic,3.4,38329,158730,50,Low
12/31/2024,3 Series,2024,North America,Silver,Diesel,Automatic,2.9,64238,96512,10769,High
12/31/2013,X1,2013,Middle East,Black,Petrol,Manual,3.5,183294,30355,5629,High
12/31/2024,i8,2024,Asia,Grey,Petrol,Automatic,2.3,153589,150868,766,Low
12/31/2024,X6,2024,Europe,Silver,Electric,Automatic,3,68753,146848,5069,High
12/31/2021,3 Series,2021,Europe,Red,Electric,Automatic,3.7,43372,116965,9761,High
12/31/2017,3 Series,2017,Africa,Red,Petrol,Automatic,2.3,116442,54963,5950,High
12/31/2017,3 Series,2017,Europe,White,Diesel,Automatic,4.1,63224,77075,7823,High
12/31/2011,i3,2011,Africa,Grey,Electric,Automatic,3.3,147610,47366,1897,Low
12/31/2023,i3,2023,Africa,Blue,Electric,Manual,4.5,137323,100978,3063,Low
12/31/2015,i8,2015,North America,Black,Diesel,Automatic,4.5,45920,143079,50,Low
12/31/2014,X1,2014,South America,Grey,Diesel,Automatic,3.2,113209,44014,4879,Low
12/31/2011,7 Series,2011,Asia,Red,Electric,Automatic,2.2,179464,80411,854,Low
12/31/2021,X6,2021,North America,Silver,Diesel,Manual,4.1,177159,97216,4244,Low
12/31/2019,M3,2019,South America,Red,Hybrid,Manual,3,87891,98869,2373,Low
12/31/2013,M5,2013,South America,Silver,Diesel,Manual,3.6,9051,108881,93,Low
12/31/2016,X6,2016,Africa,Grey,Electric,Automatic,1.9,47639,101819,1789,Low
12/31/2022,5 Series,2022,South America,Black,Petrol,Automatic,3.7,3284,115692,4219,Low
12/31/2010,X5,2010,Middle East,Grey,Petrol,Manual,2.8,171564,39540,3100,Low
12/31/2024,M5,2024,Asia,Blue,Hybrid,Manual,2.7,128699,148386,2707,Low
12/31/2018,X3,2018,Asia,Black,Electric,Manual,4.9,18953,119583,9630,High
12/31/2019,X3,2019,North America,Red,Petrol,Automatic,3,107383,77334,9720,High
12/31/2021,7 Series,2021,Asia,Black,Hybrid,Manual,3.9,92939,143439,1717,Low
12/31/2010,i8,2010,South America,Grey,Hybrid,Manual,3.7,104762,113075,50,Low
12/31/2024,X1,2024,Asia,Silver,Diesel,Manual,1.9,154449,70068,8521,High
12/31/2021,X5,2021,Europe,Black,Petrol,Manual,4.1,25726,119712,5715,High
12/31/2014,i8,2014,Middle East,Silver,Petrol,Automatic,2.6,135958,119712,50,Low
12/31/2016,X6,2016,Asia,Silver,Hybrid,Manual,4.3,149180,91309,4427,Low
12/31/2017,X3,2017,Asia,Blue,Diesel,Automatic,3.6,14245,86375,9580,High
12/31/2011,M3,2011,South America,Red,Electric,Manual,2.6,132319,59913,1036,Low
12/31/2013,X5,2013,North America,Red,Hybrid,Automatic,2.7,40807,89267,5436,High
12/31/2011,i8,2011,Middle East,Silver,Diesel,Manual,4.1,114804,120829,50,Low
12/31/2013,X5,2013,Asia,Grey,Diesel,Automatic,3.4,96052,72185,6032,High
12/31/2024,M3,2024,South America,White,Hybrid,Automatic,3.8,97418,129552,2235,Low
12/31/2015,3 Series,2015,North America,White,Petrol,Automatic,2.1,125900,48979,10203,High
12/31/2015,X3,2015,South America,White,Diesel,Automatic,4.3,176825,52099,6032,High
12/31/2021,i8,2021,North America,Red,Petrol,Manual,2.6,146172,138019,533,Low
12/31/2022,M5,2022,Middle East,Grey,Petrol,Manual,3.7,117030,135969,1152,Low
12/31/2011,X3,2011,South America,White,Electric,Automatic,1.9,51294,59862,5178,High
12/31/2020,3 Series,2020,South America,Silver,Diesel,Manual,2.6,82703,72325,6378,High
12/31/2013,i3,2013,Europe,Silver,Diesel,Manual,3.8,130205,45974,4385,Low
12/31/2013,X3,2013,Middle East,Black,Hybrid,Automatic,2.5,74252,68560,4821,Low
12/31/2023,5 Series,2023,South America,Black,Hybrid,Automatic,4.6,170843,112182,4361,Low
12/31/2010,X1,2010,Asia,Silver,Electric,Manual,3.8,66229,56109,6564,High
12/31/2024,5 Series,2024,Europe,Silver,Electric,Manual,4.5,34038,141889,7803,High
12/31/2023,i3,2023,Europe,White,Diesel,Automatic,2.9,189691,70174,6414,High
12/31/2011,X5,2011,Europe,Grey,Petrol,Automatic,1.6,161052,37954,5933,High
12/31/2023,X3,2023,Middle East,Red,Electric,Manual,3.5,29315,130953,5661,High
12/31/2012,5 Series,2012,Middle East,Blue,Hybrid,Automatic,2.7,189183,50898,3972,Low
12/31/2022,M3,2022,South America,Red,Hybrid,Manual,3.1,43454,175273,1527,Low
12/31/2024,3 Series,2024,Europe,Silver,Petrol,Automatic,3.9,151332,95222,9856,High
12/31/2020,M5,2020,South America,White,Petrol,Manual,4,60707,140817,743,Low
12/31/2014,5 Series,2014,Africa,Grey,Petrol,Manual,1.6,39059,59970,3680,Low
12/31/2020,M5,2020,Europe,Red,Petrol,Automatic,4.2,146086,129493,1459,Low
12/31/2017,5 Series,2017,Africa,Black,Diesel,Automatic,3.2,10758,91659,3614,Low
12/31/2024,7 Series,2024,Europe,Grey,Hybrid,Manual,3.4,106611,149210,2023,Low
12/31/2015,5 Series,2015,South America,Blue,Petrol,Automatic,2.5,52812,75369,3879,Low
12/31/2012,i8,2012,South America,Blue,Petrol,Automatic,3,72288,110701,50,Low
12/31/2015,i8,2015,Middle East,Blue,Petrol,Manual,4,140924,123486,50,Low
12/31/2016,X5,2016,Africa,Black,Petrol,Automatic,4.2,52449,97727,2919,Low
12/31/2015,M5,2015,Asia,Red,Diesel,Automatic,2.9,194339,85700,1988,Low
12/31/2019,3 Series,2019,Asia,Blue,Electric,Automatic,3.9,13411,111435,11138,High
12/31/2015,7 Series,2015,North America,Silver,Hybrid,Automatic,2.4,23,123790,669,Low
12/31/2010,7 Series,2010,North America,White,Hybrid,Manual,4.4,196671,76399,598,Low
12/31/2012,5 Series,2012,Europe,Black,Petrol,Manual,3.6,197882,40389,7062,High
12/31/2016,X5,2016,Africa,Grey,Electric,Manual,4.2,37472,105631,2729,Low
12/31/2013,i3,2013,Europe,Red,Petrol,Automatic,3.2,102026,49193,4486,Low
12/31/2021,X6,2021,Africa,Blue,Petrol,Manual,2.3,156608,84772,2870,Low
12/31/2013,X6,2013,Africa,Silver,Hybrid,Automatic,3,76581,80889,1339,Low
12/31/2016,i8,2016,Europe,White,Electric,Manual,2.8,17243,157166,50,Low
12/31/2018,M3,2018,Middle East,Grey,Diesel,Manual,2.7,118104,86263,2118,Low
12/31/2023,7 Series,2023,Asia,White,Diesel,Automatic,2.2,12718,145921,1461,Low
12/31/2020,X5,2020,North America,Black,Diesel,Automatic,4.2,188296,89690,5763,High
12/31/2022,X3,2022,Asia,Red,Hybrid,Manual,1.8,120596,91080,9684,High
12/31/2022,M3,2022,Europe,Silver,Diesel,Manual,4.6,185056,94638,3000,Low
12/31/2024,X6,2024,Europe,Blue,Electric,Manual,2.1,89620,129854,5283,High
12/31/2011,i3,2011,Africa,Black,Diesel,Automatic,4.9,66217,55284,2046,Low
12/31/2018,7 Series,2018,South America,Blue,Electric,Automatic,5,58132,144281,516,Low
12/31/2012,X3,2012,North America,Black,Diesel,Automatic,2.9,60737,53964,8104,High
12/31/2015,M3,2015,Asia,White,Diesel,Manual,5,117138,82357,2479,Low
12/31/2013,X1,2013,Middle East,Blue,Petrol,Automatic,4.5,171795,44224,4482,Low
12/31/2010,X5,2010,Middle East,White,Hybrid,Manual,1.8,70658,61802,2920,Low
12/31/2018,3 Series,2018,North America,Grey,Diesel,Manual,4.8,16034,138503,10001,High
12/31/2020,X3,2020,Asia,Blue,Hybrid,Manual,1.6,126869,75478,9086,High
12/31/2024,3 Series,2024,Middle East,White,Petrol,Automatic,2.1,45880,107194,6052,High
12/31/2015,X5,2015,Middle East,Blue,Petrol,Automatic,3.5,82746,81667,4139,Low
12/31/2017,X1,2017,Asia,Silver,Diesel,Automatic,1.8,60688,58722,8718,High
12/31/2024,X6,2024,Middle East,Silver,Petrol,Automatic,2.1,48906,131663,3128,Low
12/31/2024,M5,2024,South America,Red,Petrol,Manual,4.8,32641,163634,1055,Low
12/31/2011,i3,2011,Middle East,Silver,Diesel,Manual,5,139145,46577,2510,Low
12/31/2016,i8,2016,South America,Silver,Petrol,Automatic,4.3,180334,118613,50,Low
12/31/2015,3 Series,2015,North America,Red,Diesel,Automatic,3.3,137429,54820,9990,High
12/31/2011,i3,2011,North America,Silver,Diesel,Automatic,4.7,158736,40144,4360,Low
12/31/2011,3 Series,2011,Africa,Silver,Petrol,Automatic,1.9,167001,25000,4377,Low
12/31/2013,X6,2013,Africa,Grey,Petrol,Automatic,4.8,15662,97958,1131,Low
12/31/2013,M5,2013,Europe,Red,Electric,Automatic,2.7,117997,112203,782,Low
12/31/2012,i3,2012,Europe,Red,Diesel,Automatic,4.5,96886,56162,3767,Low
12/31/2017,M5,2017,North America,Silver,Hybrid,Automatic,3.8,16066,143990,985,Low
12/31/2023,5 Series,2023,North America,Blue,Diesel,Manual,4.9,23205,127991,7507,High
12/31/2016,i3,2016,Asia,Black,Diesel,Automatic,4.5,58418,76173,5683,High
12/31/2011,i8,2011,South America,Red,Electric,Automatic,4.6,28539,151368,50,Low
12/31/2012,i8,2012,Europe,Blue,Electric,Manual,3.7,48917,134616,50,Low
12/31/2019,X1,2019,South America,Silver,Hybrid,Automatic,4.4,1506,102844,4299,Low
12/31/2018,X6,2018,North America,Blue,Diesel,Manual,4.1,182330,86031,4131,Low
12/31/2022,i8,2022,Asia,White,Hybrid,Manual,2.1,179406,138739,986,Low
12/31/2014,7 Series,2014,Europe,Red,Diesel,Manual,3.8,198644,81109,1213,Low
12/31/2011,5 Series,2011,South America,Silver,Electric,Automatic,2,84325,61806,3988,Low
12/31/2012,5 Series,2012,Middle East,Red,Petrol,Manual,4.5,88585,70557,3518,Low
12/31/2017,i3,2017,South America,Silver,Petrol,Automatic,1.7,117024,50828,3787,Low
12/31/2013,i3,2013,North America,Blue,Electric,Automatic,5,168662,69660,4791,Low
12/31/2023,M3,2023,Asia,Silver,Electric,Manual,2.9,40312,130806,3884,Low
12/31/2011,3 Series,2011,North America,White,Petrol,Manual,2.1,163077,25000,9625,High
12/31/2011,M5,2011,South America,Grey,Electric,Automatic,4.8,133278,107443,50,Low
12/31/2015,X1,2015,Asia,Blue,Electric,Automatic,1.7,93209,61514,6703,High
12/31/2017,M5,2017,Africa,Red,Hybrid,Manual,3.1,186255,104777,623,Low
12/31/2016,7 Series,2016,Middle East,Silver,Diesel,Manual,4.2,141091,100062,573,Low
12/31/2013,7 Series,2013,Europe,Silver,Diesel,Automatic,2.6,188124,66836,1027,Low
12/31/2011,X6,2011,South America,Black,Electric,Automatic,3.4,115414,78845,1470,Low
12/31/2018,X5,2018,Middle East,Black,Electric,Manual,4,47051,123527,3948,Low
12/31/2013,M5,2013,Asia,White,Diesel,Manual,4.8,175651,96599,1191,Low
12/31/2018,7 Series,2018,Africa,Silver,Diesel,Manual,1.9,133164,90008,854,Low
12/31/2014,M5,2014,North America,White,Diesel,Manual,2.1,90136,98633,1131,Low
12/31/2023,M5,2023,Europe,Red,Hybrid,Manual,3.3,161175,139671,2790,Low
12/31/2021,X3,2021,Asia,Black,Hybrid,Automatic,3,218,121124,10480,High
12/31/2024,X3,2024,Asia,White,Diesel,Manual,2.9,193504,76206,11391,High
12/31/2021,i8,2021,Middle East,Red,Petrol,Manual,2.5,178066,131187,282,Low
12/31/2020,X6,2020,Middle East,Silver,Diesel,Manual,3.5,140736,103175,2611,Low
12/31/2020,X3,2020,North America,Black,Diesel,Manual,4.6,33884,105968,7655,High
12/31/2023,i3,2023,Europe,Grey,Petrol,Automatic,2.1,69932,95091,5185,High
12/31/2016,3 Series,2016,North America,Silver,Electric,Manual,2.3,91837,69846,9730,High
12/31/2021,7 Series,2021,South America,Silver,Hybrid,Automatic,3.8,53546,141247,1117,Low
12/31/2014,3 Series,2014,Asia,Silver,Diesel,Manual,1.7,116326,37141,11519,High
12/31/2024,X6,2024,South America,Red,Electric,Manual,3.9,59323,140046,3448,Low
12/31/2011,5 Series,2011,Asia,Red,Electric,Manual,2.6,134134,55421,6011,High
12/31/2015,3 Series,2015,Middle East,Grey,Hybrid,Manual,2.8,50712,77969,6434,High
12/31/2016,M5,2016,Europe,Black,Hybrid,Automatic,2.9,26208,128741,1075,Low
12/31/2023,5 Series,2023,Europe,Blue,Petrol,Manual,2.7,14113,116973,6144,High
12/31/2024,M3,2024,South America,Grey,Diesel,Manual,4.4,168077,47012,3653,Low
12/31/2020,M5,2020,Africa,Silver,Hybrid,Manual,4.8,120687,132738,1217,Low
12/31/2022,X3,2022,Middle East,Grey,Diesel,Automatic,3.4,108795,91561,6906,High
12/31/2015,M5,2015,Europe,Red,Diesel,Manual,3.5,105784,99653,1544,Low
12/31/2022,5 Series,2022,Africa,Black,Petrol,Manual,1.7,81817,89104,4236,Low
12/31/2023,M5,2023,Asia,Blue,Hybrid,Manual,4,181777,146134,2242,Low
12/31/2012,3 Series,2012,North America,White,Diesel,Manual,3.5,119699,43037,9439,High
12/31/2019,X6,2019,Europe,Red,Electric,Manual,1.7,45853,113568,4330,Low
12/31/2017,X1,2017,Africa,White,Hybrid,Automatic,2.2,142320,55699,4449,Low
12/31/2012,5 Series,2012,Europe,Blue,Electric,Manual,2.2,38044,72165,6251,High
12/31/2023,M3,2023,Asia,Blue,Electric,Automatic,2.1,140140,115488,3638,Low
12/31/2014,M5,2014,South America,Red,Petrol,Manual,3.8,187457,88959,540,Low
12/31/2018,i3,2018,Asia,Silver,Hybrid,Automatic,4.7,133259,85227,6232,High
12/31/2020,M5,2020,Middle East,White,Diesel,Manual,4.2,46625,140013,920,Low
12/31/2014,X1,2014,South America,Grey,Petrol,Automatic,3.2,15397,64900,3836,Low
12/31/2024,7 Series,2024,Africa,Grey,Petrol,Manual,2.9,33376,146742,803,Low
12/31/2016,M3,2016,South America,Silver,Petrol,Manual,2.9,69,95493,1259,Low
12/31/2020,M5,2020,North America,Silver,Diesel,Manual,3.6,133819,118669,1724,Low
12/31/2023,X6,2023,Europe,Black,Petrol,Automatic,2.8,46932,130815,4073,Low
12/31/2016,X6,2016,South America,Black,Diesel,Automatic,2.3,177528,62782,2217,Low
12/31/2014,7 Series,2014,Middle East,Black,Diesel,Automatic,3.6,128695,101044,248,Low
12/31/2011,M5,2011,South America,Grey,Petrol,Automatic,2.9,164538,72680,398,Low
12/31/2014,X1,2014,Middle East,White,Electric,Manual,1.5,99419,51145,4565,Low
12/31/2016,X6,2016,North America,Blue,Petrol,Manual,1.6,135380,69431,4291,Low
12/31/2016,7 Series,2016,North America,Red,Electric,Manual,2.5,69449,119248,893,Low
12/31/2013,X5,2013,South America,Grey,Diesel,Automatic,3.3,135887,60810,3544,Low
12/31/2010,5 Series,2010,Asia,Red,Hybrid,Automatic,2.7,11631,72003,15000,High
12/31/2015,X6,2015,South America,Grey,Electric,Automatic,1.6,45906,99514,5717,High
12/31/2022,3 Series,2022,North America,Red,Diesel,Manual,2.3,88949,82228,10765,High
12/31/2024,X3,2024,North America,Black,Electric,Automatic,1.8,143647,104215,10900,High
12/31/2023,5 Series,2023,Europe,Grey,Diesel,Manual,4.8,73367,120665,7194,High
12/31/2012,i8,2012,South America,White,Petrol,Manual,2.6,9641,116124,50,Low
12/31/2020,M5,2020,South America,Red,Electric,Manual,1.6,95936,124586,1341,Low
12/31/2014,M3,2014,South America,Silver,Electric,Manual,3.8,111278,88140,1112,Low
12/31/2013,X1,2013,North America,White,Hybrid,Manual,2.3,180850,32053,7248,High
12/31/2024,M5,2024,Africa,Grey,Electric,Manual,3.5,144298,146436,1453,Low
12/31/2022,i3,2022,North America,Silver,Electric,Manual,2,133110,89144,5150,High
12/31/2011,5 Series,2011,Africa,White,Petrol,Automatic,4.9,76073,71357,3112,Low
12/31/2021,M5,2021,North America,Silver,Electric,Manual,4.9,129141,161551,2048,Low
12/31/2024,X1,2024,South America,Red,Electric,Manual,3.8,43744,111394,6396,High
12/31/2016,M3,2016,Africa,White,Petrol,Manual,4,109229,47287,1584,Low
12/31/2023,X1,2023,North America,Blue,Diesel,Manual,3,7669,103012,8957,High
12/31/2014,M5,2014,South America,Red,Hybrid,Manual,4.9,87324,116285,154,Low
12/31/2024,M5,2024,Europe,Red,Diesel,Automatic,3,143745,127541,2393,Low
12/31/2023,X1,2023,Middle East,Red,Diesel,Manual,2.3,83445,81558,5118,High
12/31/2016,5 Series,2016,Middle East,Grey,Diesel,Automatic,1.9,153214,60595,4610,Low
12/31/2018,X6,2018,South America,Blue,Diesel,Automatic,2.2,179896,67809,2620,Low
12/31/2013,M5,2013,North America,Silver,Petrol,Automatic,3.5,84159,105264,993,Low
12/31/2014,5 Series,2014,North America,Blue,Diesel,Automatic,2.4,160551,48560,7275,High
12/31/2018,X6,2018,Europe,Silver,Petrol,Manual,3.8,191370,84053,3991,Low
12/31/2022,X5,2022,North America,Silver,Petrol,Manual,2.8,47410,114282,6307,High
12/31/2019,X1,2019,Europe,Blue,Diesel,Manual,4.6,16562,90316,8376,High
12/31/2020,X5,2020,Europe,White,Diesel,Automatic,3.5,148987,91860,5279,High
12/31/2023,3 Series,2023,North America,Red,Hybrid,Automatic,3.7,47306,51003,10585,High
12/31/2022,5 Series,2022,South America,White,Diesel,Automatic,3.4,189406,80839,5204,High
12/31/2013,7 Series,2013,Europe,Black,Hybrid,Automatic,4.6,108420,111124,435,Low
12/31/2014,X6,2014,Africa,White,Petrol,Manual,1.7,167862,48673,2261,Low
12/31/2022,X6,2022,South America,Blue,Diesel,Manual,1.7,135861,86395,2858,Low
12/31/2014,i3,2014,Asia,Red,Electric,Automatic,4,110673,74437,5053,High
12/31/2017,X1,2017,North America,Silver,Diesel,Manual,4.2,101469,64695,7413,High
12/31/2024,M5,2024,North America,Black,Hybrid,Automatic,3,92564,159769,2201,Low
12/31/2022,X5,2022,North America,Black,Hybrid,Automatic,2.7,4938,135882,5562,High
12/31/2024,X1,2024,Middle East,Red,Electric,Manual,2.5,144332,91919,6562,High
12/31/2013,7 Series,2013,North America,White,Electric,Manual,2.3,50932,108650,616,Low
12/31/2013,X1,2013,North America,Silver,Electric,Automatic,4.7,189516,52579,8195,High
12/31/2022,7 Series,2022,Asia,Grey,Hybrid,Manual,2.5,166466,118789,2474,Low
12/31/2016,X1,2016,South America,Blue,Petrol,Automatic,3.8,158863,47912,4919,Low
12/31/2020,X3,2020,Middle East,Grey,Petrol,Automatic,4.3,537,116278,5133,High
12/31/2014,M5,2014,North America,Black,Electric,Manual,1.6,147405,100830,1221,Low
12/31/2015,X3,2015,Asia,Blue,Diesel,Automatic,1.6,114179,46650,8819,High
12/31/2015,5 Series,2015,Africa,Grey,Petrol,Manual,2.7,199524,44442,3697,Low
12/31/2021,X1,2021,Middle East,Red,Petrol,Automatic,3.9,92249,90170,5827,High
12/31/2015,X6,2015,Asia,White,Hybrid,Manual,2.4,47461,93854,3458,Low
12/31/2023,3 Series,2023,South America,White,Petrol,Automatic,1.5,42382,93302,5538,High
12/31/2019,X5,2019,Asia,Blue,Hybrid,Automatic,2.5,90516,100351,7539,High
12/31/2014,X1,2014,North America,Red,Petrol,Manual,1.8,157883,26304,8949,High
12/31/2022,i3,2022,South America,White,Petrol,Manual,2.3,32552,89549,3154,Low
12/31/2022,X5,2022,Asia,Black,Diesel,Automatic,2.7,97612,104074,6179,High
12/31/2014,5 Series,2014,Asia,Blue,Electric,Automatic,1.9,28069,90572,6787,High
12/31/2018,i8,2018,Europe,Red,Diesel,Automatic,4,116753,139769,50,Low
12/31/2022,i8,2022,Middle East,Silver,Petrol,Manual,2.4,150847,140105,256,Low
12/31/2017,M3,2017,South America,Silver,Hybrid,Manual,3.8,112372,93784,1371,Low
12/31/2024,X5,2024,Europe,White,Hybrid,Manual,3.6,69423,130953,5904,High
12/31/2013,i8,2013,Asia,Black,Diesel,Manual,4.6,142154,114932,50,Low
12/31/2016,X3,2016,North America,White,Hybrid,Manual,1.8,166760,52044,8312,High
12/31/2017,3 Series,2017,Middle East,Red,Petrol,Manual,2.3,22080,78796,5601,High
12/31/2021,i3,2021,Asia,Black,Hybrid,Manual,4.5,30943,117718,5918,High
12/31/2018,X1,2018,Europe,Silver,Diesel,Manual,4.4,35577,83918,7225,High
12/31/2014,7 Series,2014,Asia,White,Diesel,Manual,2.2,163635,74024,1366,Low
12/31/2012,i3,2012,North America,White,Electric,Automatic,1.9,180870,39047,4284,Low
12/31/2024,X6,2024,Middle East,Black,Petrol,Automatic,4.5,144781,54499,4587,Low
12/31/2022,i8,2022,Africa,Blue,Hybrid,Manual,2.1,29800,171689,357,Low
12/31/2013,X6,2013,Europe,Blue,Petrol,Automatic,4.5,89745,83361,3753,Low
12/31/2024,7 Series,2024,Europe,Grey,Petrol,Automatic,4.9,62092,161124,1526,Low
12/31/2019,7 Series,2019,Middle East,White,Petrol,Manual,2.3,140760,105127,980,Low
12/31/2015,i8,2015,Africa,Black,Petrol,Automatic,4.4,169315,67503,145,Low
12/31/2019,7 Series,2019,Middle East,Silver,Electric,Automatic,3,52733,145185,752,Low
12/31/2020,X3,2020,Middle East,Silver,Hybrid,Manual,4.3,178084,87962,6898,High
12/31/2014,X6,2014,South America,Red,Diesel,Manual,2.9,192176,51856,2157,Low
12/31/2018,X3,2018,Asia,Black,Hybrid,Automatic,1.7,198281,59243,9120,High
12/31/2022,M5,2022,Middle East,Grey,Electric,Automatic,4,53485,166889,1120,Low
12/31/2020,X1,2020,North America,Silver,Petrol,Automatic,2,166542,56860,8947,High
12/31/2020,X1,2020,Africa,Blue,Diesel,Automatic,4.7,42054,95028,4561,Low
12/31/2023,X5,2023,North America,Black,Diesel,Manual,3,6818,116898,6439,High
12/31/2012,M5,2012,Europe,White,Petrol,Automatic,1.8,187345,106944,774,Low
12/31/2011,5 Series,2011,Middle East,Blue,Diesel,Automatic,2.3,97102,49278,3710,Low
12/31/2015,i8,2015,Middle East,Silver,Diesel,Automatic,4.5,191161,124095,50,Low
12/31/2022,7 Series,2022,South America,Black,Diesel,Automatic,2.6,97194,115232,1042,Low
12/31/2016,i8,2016,North America,Red,Diesel,Automatic,4.5,101783,145415,50,Low
12/31/2014,i8,2014,South America,Silver,Hybrid,Manual,2.1,127034,111701,50,Low
12/31/2010,7 Series,2010,Africa,Silver,Hybrid,Manual,3.1,117704,78066,50,Low
12/31/2012,X3,2012,Africa,Grey,Diesel,Manual,4.6,39713,66027,4234,Low
12/31/2012,M5,2012,South America,Blue,Petrol,Manual,1.7,25655,91263,218,Low
12/31/2021,i3,2021,Asia,White,Diesel,Manual,2.6,189844,58722,6185,High
12/31/2023,X6,2023,Africa,Silver,Hybrid,Manual,4.7,149951,120415,3195,Low
12/31/2013,X6,2013,Middle East,Blue,Petrol,Manual,3.6,158933,65798,2519,Low
12/31/2023,i8,2023,Middle East,Black,Diesel,Manual,4,15745,181853,50,Low
12/31/2019,X3,2019,Asia,Black,Petrol,Manual,4.4,122120,85705,8951,High
12/31/2015,M5,2015,North America,Blue,Diesel,Automatic,3.3,168921,95585,163,Low
12/31/2014,3 Series,2014,Middle East,Black,Hybrid,Manual,4.5,199507,55695,6653,High
12/31/2010,7 Series,2010,South America,Black,Diesel,Manual,3.7,85160,77787,50,Low
12/31/2024,X3,2024,Africa,Blue,Electric,Manual,3.9,74574,115697,4744,Low
12/31/2015,X6,2015,Europe,Black,Hybrid,Manual,2,178855,70283,4004,Low
12/31/2023,i8,2023,Europe,Silver,Petrol,Manual,4.8,52281,173916,165,Low
12/31/2023,i8,2023,Middle East,Red,Electric,Automatic,4.3,54499,200000,50,Low
12/31/2018,X3,2018,Asia,Red,Petrol,Automatic,2.4,114254,68554,10578,High
12/31/2020,M3,2020,North America,Red,Hybrid,Manual,3.5,105849,111107,3924,Low
12/31/2010,X1,2010,South America,Grey,Electric,Automatic,2.8,168086,29448,3979,Low
12/31/2017,7 Series,2017,North America,Black,Electric,Manual,3.8,46587,138911,748,Low
12/31/2017,X3,2017,South America,Red,Hybrid,Automatic,5,32801,108908,5257,High
12/31/2012,i8,2012,South America,Grey,Electric,Manual,1.7,103063,114006,50,Low
12/31/2024,i8,2024,Europe,Grey,Hybrid,Automatic,4.8,170393,175366,745,Low
12/31/2022,3 Series,2022,North America,Red,Petrol,Automatic,1.8,26183,96544,9394,High
12/31/2018,X3,2018,Asia,Silver,Petrol,Automatic,3.1,83975,76418,9039,High
12/31/2020,i3,2020,Europe,Silver,Diesel,Manual,3.2,19305,90825,5252,High
12/31/2022,i8,2022,Europe,White,Electric,Automatic,2.4,81349,172102,508,Low
12/31/2022,M5,2022,Europe,Red,Petrol,Manual,3.5,138986,126953,2071,Low
12/31/2020,i3,2020,Africa,Grey,Diesel,Manual,4.4,68897,88552,2814,Low
12/31/2017,3 Series,2017,Asia,Black,Electric,Automatic,2.5,198571,60632,8893,High
12/31/2012,5 Series,2012,Asia,Black,Hybrid,Manual,1.7,35162,71369,6852,High
12/31/2019,X5,2019,Middle East,Red,Petrol,Automatic,3.7,129230,99060,4227,Low
12/31/2014,i8,2014,Asia,Grey,Hybrid,Automatic,4.1,8529,73314,376,Low
12/31/2012,5 Series,2012,Middle East,White,Electric,Automatic,4.8,56769,95681,3461,Low
12/31/2014,i3,2014,South America,Grey,Diesel,Automatic,2.1,86936,44157,3410,Low
12/31/2018,X3,2018,Middle East,Red,Diesel,Manual,4.7,48303,95283,6550,High
12/31/2024,i3,2024,Middle East,Black,Diesel,Automatic,3.2,74180,104961,3562,Low
12/31/2021,5 Series,2021,Asia,Blue,Petrol,Manual,2.3,48920,102565,7462,High
12/31/2013,7 Series,2013,Asia,Red,Petrol,Manual,4.9,43947,117298,616,Low
12/31/2015,M3,2015,Africa,Blue,Hybrid,Automatic,2.3,80598,85968,943,Low
12/31/2012,7 Series,2012,North America,Blue,Diesel,Manual,4.1,131459,82481,899,Low
12/31/2012,3 Series,2012,Africa,Red,Hybrid,Automatic,4.2,33630,70745,4764,Low
12/31/2014,5 Series,2014,Europe,Blue,Electric,Manual,3,102187,80951,6437,High
12/31/2017,X3,2017,Middle East,Grey,Diesel,Manual,3.9,129746,72325,5998,High
12/31/2023,M5,2023,Middle East,Silver,Petrol,Manual,3.5,120421,142490,1128,Low
12/31/2017,7 Series,2017,Africa,Red,Hybrid,Automatic,2.2,12654,124626,82,Low
12/31/2012,5 Series,2012,North America,White,Diesel,Manual,4.2,64419,67382,5508,High
12/31/2017,M5,2017,South America,White,Hybrid,Manual,4.7,20240,139714,272,Low
12/31/2022,7 Series,2022,North America,Silver,Electric,Manual,3.2,10364,156394,1775,Low
12/31/2020,X6,2020,Middle East,Black,Petrol,Automatic,5,17295,133086,2583,Low
12/31/2022,5 Series,2022,South America,Grey,Petrol,Automatic,3,90634,103480,4884,Low
12/31/2017,i8,2017,Europe,Silver,Hybrid,Manual,3.2,140929,139584,50,Low
12/31/2012,7 Series,2012,North America,Silver,Electric,Automatic,3.9,99332,112812,361,Low
12/31/2019,i8,2019,North America,White,Electric,Automatic,2.2,78306,165442,264,Low
12/31/2024,M3,2024,South America,White,Petrol,Manual,4.7,137462,114727,2417,Low
12/31/2022,5 Series,2022,Europe,Blue,Hybrid,Manual,4.3,112959,112577,6244,High
12/31/2024,X5,2024,Asia,Silver,Petrol,Manual,4.6,102398,126887,6329,High
12/31/2019,i8,2019,Asia,Blue,Petrol,Automatic,3.6,14352,166922,50,Low
12/31/2011,5 Series,2011,Middle East,Grey,Petrol,Manual,4.6,8380,83441,3210,Low
12/31/2019,X6,2019,North America,Blue,Hybrid,Manual,3.9,41046,119789,4946,Low
12/31/2011,X5,2011,Asia,Red,Petrol,Manual,3.3,92853,62800,5189,High
12/31/2018,M5,2018,Middle East,Grey,Electric,Automatic,4.8,80170,155503,863,Low
12/31/2016,3 Series,2016,North America,Blue,Diesel,Automatic,3,102052,63794,10166,High
12/31/2015,X3,2015,Africa,White,Petrol,Manual,3.3,186145,45572,4983,Low
12/31/2016,5 Series,2016,Europe,Red,Diesel,Automatic,2.1,135674,57250,6548,High
12/31/2017,3 Series,2017,Asia,Silver,Diesel,Manual,4.8,94401,77645,9234,High
12/31/2021,M5,2021,Europe,Blue,Electric,Automatic,2.3,31187,157568,1808,Low
12/31/2010,X3,2010,North America,Blue,Diesel,Manual,2.2,144967,25000,9401,High
12/31/2017,5 Series,2017,North America,Blue,Hybrid,Manual,1.9,28268,94140,6588,High
12/31/2012,X6,2012,Europe,Silver,Petrol,Manual,3.1,38395,82713,2995,Low
12/31/2012,M3,2012,Asia,Grey,Hybrid,Manual,2.5,116458,68662,2601,Low
12/31/2015,X5,2015,Africa,White,Electric,Automatic,4.1,52153,99141,2550,Low
12/31/2013,X6,2013,South America,Blue,Petrol,Manual,2.6,96968,69847,2104,Low
12/31/2013,i8,2013,Europe,Blue,Petrol,Automatic,4,3613,141998,50,Low
12/31/2013,3 Series,2013,Middle East,Red,Hybrid,Automatic,2.2,18235,70527,6382,High
12/31/2019,5 Series,2019,South America,Silver,Electric,Automatic,2.3,176309,78622,4318,Low
12/31/2018,3 Series,2018,Middle East,Red,Electric,Manual,4.3,125770,87908,6586,High
12/31/2017,X3,2017,Asia,Silver,Petrol,Manual,2.8,190292,53055,8866,High
12/31/2012,M5,2012,North America,White,Hybrid,Automatic,1.9,31419,107255,897,Low
12/31/2010,M3,2010,Europe,Red,Electric,Manual,4.9,149808,76900,1992,Low
12/31/2010,i8,2010,Africa,White,Diesel,Manual,2.1,193964,71540,50,Low
12/31/2010,M5,2010,North America,White,Petrol,Manual,2,73561,85677,1004,Low
12/31/2013,M3,2013,Africa,White,Electric,Automatic,2.8,117812,79324,216,Low
12/31/2023,X6,2023,North America,Blue,Petrol,Manual,1.8,158131,100141,5266,High
12/31/2015,X6,2015,Middle East,Blue,Petrol,Automatic,2,126677,71509,2631,Low
12/31/2013,i3,2013,Europe,White,Hybrid,Manual,4.5,90405,71689,4567,Low
12/31/2020,M5,2020,South America,Red,Diesel,Manual,2.1,112454,106690,1311,Low
12/31/2020,X1,2020,Africa,Red,Petrol,Automatic,1.9,32771,72237,4897,Low
12/31/2012,M5,2012,Middle East,Black,Hybrid,Automatic,4.6,129474,112694,88,Low
12/31/2017,M3,2017,Asia,White,Petrol,Manual,3.1,155800,76081,2691,Low
12/31/2023,5 Series,2023,Middle East,Grey,Hybrid,Automatic,2.1,3668,133722,5419,High
12/31/2017,3 Series,2017,Africa,Blue,Diesel,Manual,3.5,185407,46705,5482,High
12/31/2015,3 Series,2015,South America,Blue,Diesel,Automatic,1.6,92786,46618,6060,High
12/31/2018,7 Series,2018,Africa,Red,Petrol,Automatic,3,38935,123269,273,Low
12/31/2021,M3,2021,Middle East,Silver,Hybrid,Manual,3.6,193600,104003,2972,Low
12/31/2019,X3,2019,Africa,Grey,Electric,Manual,4.8,174131,90836,5587,High
12/31/2010,X3,2010,Europe,Red,Petrol,Manual,2.6,82801,39395,8682,High
12/31/2022,3 Series,2022,South America,Silver,Diesel,Automatic,4.2,193780,76967,7093,High
12/31/2017,5 Series,2017,North America,Silver,Diesel,Manual,2,16408,86191,6655,High
12/31/2015,i8,2015,North America,Grey,Diesel,Manual,3,25284,144839,50,Low
12/31/2010,X6,2010,Europe,White,Electric,Automatic,2.3,74379,72531,3569,Low
12/31/2013,X3,2013,Europe,Red,Hybrid,Manual,3.2,189667,47853,8566,High
12/31/2014,X5,2014,Europe,Grey,Diesel,Automatic,3,184851,53603,5445,High
12/31/2016,X5,2016,Europe,Grey,Diesel,Manual,4.9,14747,106841,5518,High
12/31/2017,X5,2017,Asia,Black,Electric,Automatic,4.7,115377,112597,6032,High
12/31/2018,M5,2018,Asia,White,Hybrid,Automatic,3.5,197394,113264,2551,Low
12/31/2021,X3,2021,South America,White,Electric,Manual,2.1,124654,86542,5267,High
12/31/2021,X3,2021,Africa,Grey,Hybrid,Manual,3.4,93685,91678,5654,High
12/31/2015,i3,2015,South America,White,Electric,Automatic,4.3,67571,84392,2800,Low
12/31/2019,X6,2019,Middle East,Silver,Hybrid,Automatic,1.6,145333,95452,440,Low
12/31/2018,M3,2018,Asia,Grey,Electric,Manual,3,127333,103469,3712,Low
12/31/2013,X1,2013,Middle East,White,Petrol,Automatic,1.6,37949,45772,4653,Low
12/31/2017,X5,2017,Middle East,Blue,Hybrid,Automatic,2.4,80242,94756,3796,Low
12/31/2012,M3,2012,Middle East,Red,Diesel,Manual,1.8,58118,62193,1579,Low
12/31/2013,i3,2013,Africa,White,Hybrid,Manual,4.9,28926,78675,2196,Low
12/31/2019,M3,2019,Africa,Blue,Diesel,Manual,2.1,91459,85021,1743,Low
12/31/2013,X3,2013,Europe,Blue,Diesel,Automatic,2,90966,47654,9231,High
12/31/2015,X3,2015,Africa,White,Hybrid,Automatic,4.9,199260,67818,3966,Low
12/31/2024,i3,2024,South America,Red,Diesel,Automatic,3.3,16040,107789,3019,Low
12/31/2018,M3,2018,South America,Black,Hybrid,Automatic,4.2,134114,98455,2062,Low
12/31/2015,X5,2015,Africa,White,Diesel,Automatic,2.6,8527,84246,2629,Low
12/31/2010,i8,2010,Europe,Silver,Diesel,Automatic,3.4,149160,98849,50,Low
12/31/2014,3 Series,2014,Europe,White,Diesel,Manual,1.5,68580,45472,10452,High
12/31/2018,X6,2018,North America,Red,Electric,Automatic,2.9,144862,102631,4137,Low
12/31/2014,M3,2014,Europe,Silver,Hybrid,Automatic,3.4,110507,89305,2082,Low
12/31/2015,7 Series,2015,North America,Blue,Diesel,Manual,3.3,162979,85564,1357,Low
12/31/2012,i3,2012,Europe,Blue,Petrol,Automatic,2.9,68606,50988,4129,Low
12/31/2017,5 Series,2017,North America,Red,Electric,Automatic,4.3,106809,105345,6784,High
12/31/2019,M5,2019,South America,Grey,Electric,Automatic,3.3,55434,147215,941,Low
12/31/2020,5 Series,2020,Africa,Black,Petrol,Manual,3.7,38294,105113,3426,Low
12/31/2022,X6,2022,Middle East,Grey,Petrol,Manual,2.1,122198,98479,3643,Low
12/31/2013,M3,2013,Middle East,Black,Petrol,Manual,4.5,172299,69001,1677,Low
12/31/2013,M5,2013,Asia,Grey,Hybrid,Automatic,2.8,132546,106980,1023,Low
12/31/2020,5 Series,2020,Europe,Red,Hybrid,Manual,3.2,23891,111114,7789,High
12/31/2021,3 Series,2021,Asia,Grey,Hybrid,Manual,2.7,176065,71680,10885,High
12/31/2014,3 Series,2014,North America,Silver,Petrol,Manual,4.6,23551,78348,9840,High
12/31/2023,M5,2023,South America,Silver,Hybrid,Manual,4.7,117163,155299,1461,Low
12/31/2019,X5,2019,Europe,White,Electric,Manual,2.3,103604,103591,6300,High
12/31/2024,X5,2024,Europe,White,Hybrid,Manual,4.1,3306,143070,6616,High
12/31/2018,5 Series,2018,Europe,White,Hybrid,Manual,1.9,83748,86842,8069,High
12/31/2022,i8,2022,South America,Blue,Petrol,Manual,1.6,140567,77474,1147,Low
12/31/2017,X5,2017,Europe,Silver,Electric,Manual,4.4,160766,94013,5800,High
12/31/2016,7 Series,2016,Asia,White,Diesel,Manual,2,195282,78961,1649,Low
12/31/2014,i8,2014,Middle East,Grey,Petrol,Manual,2,83145,122914,50,Low
12/31/2018,3 Series,2018,Africa,Grey,Electric,Automatic,3.6,111516,89172,4804,Low
12/31/2018,M5,2018,Asia,Red,Petrol,Automatic,4.4,176494,118482,1915,Low
12/31/2019,3 Series,2019,Asia,Black,Petrol,Manual,2.2,36423,77960,11101,High
12/31/2019,7 Series,2019,Europe,Red,Diesel,Automatic,1.9,81169,109769,1531,Low
12/31/2011,M5,2011,Europe,Grey,Electric,Manual,1.8,164215,80893,965,Low
12/31/2013,5 Series,2013,Asia,Grey,Diesel,Manual,1.6,132728,43305,6122,High
12/31/2017,X1,2017,North America,Silver,Petrol,Automatic,1.9,36199,68568,6762,High
12/31/2022,X5,2022,Asia,Red,Electric,Automatic,4.8,19705,154516,6017,High
12/31/2023,X1,2023,Africa,Red,Hybrid,Manual,1.8,55628,88123,5088,High
12/31/2010,X6,2010,North America,Grey,Electric,Manual,3.6,99616,77461,3311,Low
12/31/2022,i8,2022,North America,Grey,Petrol,Manual,4.7,1064,191822,50,Low
12/31/2024,M5,2024,Asia,Silver,Hybrid,Manual,3.7,66304,171053,2552,Low
12/31/2014,3 Series,2014,North America,White,Diesel,Automatic,1.6,164926,32138,10276,High
12/31/2017,X5,2017,South America,Black,Electric,Manual,3.6,2536,110000,2987,Low
12/31/2011,i3,2011,Europe,Black,Petrol,Automatic,4.7,14969,68837,4060,Low
12/31/2011,X1,2011,North America,Grey,Hybrid,Automatic,2.6,76369,47275,6696,High
12/31/2022,3 Series,2022,Africa,Blue,Petrol,Automatic,2.6,162895,72698,5841,High
12/31/2017,i3,2017,Asia,White,Petrol,Manual,2.4,16407,75166,4711,Low
12/31/2019,i3,2019,South America,Blue,Petrol,Automatic,3.3,126888,69492,333,Low
12/31/2021,X1,2021,Europe,Black,Petrol,Automatic,2.3,5125,88557,7092,High
12/31/2018,X3,2018,North America,Blue,Electric,Automatic,4,118201,93155,7744,High
12/31/2016,M3,2016,North America,White,Hybrid,Automatic,3.8,143320,95265,2647,Low
12/31/2017,i3,2017,Africa,Black,Hybrid,Automatic,2.9,35652,83653,2518,Low
12/31/2014,3 Series,2014,Europe,Red,Diesel,Automatic,4,125670,56740,7651,High
12/31/2010,M5,2010,South America,Black,Petrol,Manual,1.8,122698,63979,324,Low
12/31/2013,7 Series,2013,Asia,Grey,Diesel,Automatic,4.1,67117,105051,815,Low
12/31/2024,M5,2024,Africa,Blue,Electric,Manual,3.6,123248,146527,1352,Low
12/31/2011,X5,2011,Europe,Black,Diesel,Manual,3.7,138359,53528,4678,Low
12/31/2012,X1,2012,Europe,Silver,Hybrid,Manual,1.7,178018,25000,7354,High
12/31/2021,X1,2021,Europe,Red,Hybrid,Manual,3.7,177801,75187,8390,High
12/31/2012,3 Series,2012,Africa,Black,Electric,Manual,3.2,37201,71057,3927,Low
12/31/2018,i8,2018,Africa,Blue,Electric,Manual,3.2,132886,143992,50,Low
12/31/2022,X5,2022,Africa,Blue,Diesel,Manual,2.6,75812,100834,3918,Low
12/31/2024,5 Series,2024,South America,Red,Electric,Automatic,1.5,196695,97228,6128,High
12/31/2019,X3,2019,North America,Blue,Electric,Manual,3,131231,83471,9074,High
12/31/2024,X1,2024,Europe,Blue,Hybrid,Automatic,2.9,168608,88000,9293,High
12/31/2013,X6,2013,North America,White,Electric,Automatic,3,135083,81629,3169,Low
12/31/2011,7 Series,2011,Asia,Grey,Diesel,Automatic,3.6,71751,87369,776,Low
12/31/2012,M3,2012,North America,Blue,Hybrid,Automatic,2.5,143532,65380,2643,Low
12/31/2012,7 Series,2012,North America,Red,Diesel,Automatic,2.4,33422,98966,650,Low
12/31/2023,i3,2023,South America,Grey,Petrol,Automatic,3.2,17893,108611,3191,Low
12/31/2016,i3,2016,Asia,Silver,Petrol,Automatic,3.6,70310,111807,4687,Low
12/31/2017,X6,2017,South America,Blue,Electric,Automatic,3.5,173087,98037,2264,Low
12/31/2022,X3,2022,Asia,Grey,Hybrid,Automatic,4.6,49898,120998,10458,High
12/31/2020,3 Series,2020,South America,Silver,Hybrid,Automatic,4.2,102248,98071,7180,High
12/31/2022,3 Series,2022,Middle East,Black,Hybrid,Automatic,1.7,120205,89909,7456,High
12/31/2015,7 Series,2015,South America,Black,Diesel,Automatic,3.5,101389,97613,312,Low
12/31/2013,i3,2013,Middle East,Blue,Diesel,Automatic,3,44338,60462,2983,Low
12/31/2015,X1,2015,Middle East,Black,Hybrid,Automatic,2.8,17961,78764,5319,High
12/31/2022,X1,2022,Europe,Silver,Electric,Automatic,4.9,33129,118560,8544,High
12/31/2020,M5,2020,South America,Silver,Petrol,Automatic,3.1,122444,116670,1172,Low
12/31/2010,M3,2010,South America,Silver,Hybrid,Manual,4,7729,82189,584,Low
12/31/2022,X5,2022,South America,Grey,Electric,Manual,4.9,177694,117696,3851,Low
12/31/2019,X1,2019,South America,Blue,Electric,Manual,2,116753,68100,6265,High
12/31/2017,X3,2017,North America,White,Petrol,Manual,1.7,76499,65407,9301,High
12/31/2010,5 Series,2010,South America,Red,Petrol,Manual,2.6,152599,34258,3387,Low
12/31/2024,7 Series,2024,Europe,Grey,Petrol,Automatic,1.7,182410,114757,1882,Low
12/31/2014,3 Series,2014,Asia,White,Hybrid,Automatic,1.9,107413,56022,9670,High
12/31/2011,X3,2011,Middle East,White,Hybrid,Automatic,5,98354,75819,5426,High
12/31/2024,i3,2024,Middle East,White,Electric,Manual,4.9,51875,138128,3856,Low
12/31/2015,i3,2015,North America,Grey,Diesel,Automatic,3.9,85711,67341,5479,High
12/31/2018,7 Series,2018,Asia,White,Petrol,Automatic,4.1,137666,109275,1542,Low
12/31/2014,7 Series,2014,South America,Silver,Hybrid,Automatic,2,77837,102930,98,Low
12/31/2013,i3,2013,Middle East,Black,Hybrid,Automatic,3.6,161634,54228,3191,Low
12/31/2023,M3,2023,Europe,White,Electric,Manual,2,84972,122237,4114,Low
12/31/2011,i3,2011,North America,White,Diesel,Manual,2.8,40808,46744,4603,Low
12/31/2021,X6,2021,Africa,Red,Hybrid,Automatic,2.7,189178,94686,3023,Low
12/31/2012,X3,2012,South America,White,Electric,Automatic,3.6,185682,52078,5325,High
12/31/2015,X1,2015,Asia,Black,Petrol,Manual,1.8,147338,33251,7657,High
12/31/2017,M3,2017,Europe,Silver,Hybrid,Automatic,1.9,60283,94139,2307,Low
12/31/2023,i8,2023,Middle East,Black,Hybrid,Automatic,3.6,7404,196464,76,Low
12/31/2017,i3,2017,Middle East,White,Petrol,Manual,3.7,106381,69739,3092,Low
12/31/2014,X5,2014,South America,Black,Hybrid,Automatic,2.7,151745,69758,3088,Low
12/31/2014,X1,2014,Middle East,Blue,Hybrid,Manual,2,33132,63045,5010,High
12/31/2019,M5,2019,Asia,Blue,Petrol,Manual,4.6,85837,173886,880,Low
12/31/2023,M3,2023,Europe,White,Diesel,Automatic,1.7,13175,111461,2820,Low
12/31/2022,X6,2022,Middle East,White,Electric,Automatic,4,84505,140313,3183,Low
12/31/2012,X6,2012,South America,Silver,Electric,Manual,2,37452,86694,1422,Low
12/31/2024,i3,2024,South America,Red,Electric,Manual,3.7,44050,122396,3426,Low
12/31/2016,7 Series,2016,Asia,Black,Petrol,Manual,3.8,7245,130157,716,Low
12/31/2024,i8,2024,Africa,Blue,Diesel,Manual,4.3,73001,171216,50,Low
12/31/2022,7 Series,2022,Europe,Silver,Electric,Automatic,2.9,150488,128017,2357,Low
12/31/2015,X5,2015,Middle East,Black,Petrol,Manual,1.6,109322,67593,4201,Low
12/31/2024,M5,2024,South America,Blue,Petrol,Manual,4.3,58018,154438,950,Low
12/31/2010,i3,2010,Europe,Grey,Electric,Manual,3.1,17065,65032,4004,Low
12/31/2013,X1,2013,Middle East,Silver,Diesel,Manual,4.5,94561,52639,5476,High
12/31/2015,i8,2015,Europe,White,Petrol,Automatic,4.2,154407,128496,50,Low
12/31/2020,X3,2020,Europe,Red,Hybrid,Automatic,3.2,112245,95054,9132,High
12/31/2015,X1,2015,Africa,Black,Electric,Manual,5,2479,90815,3295,Low
12/31/2020,M3,2020,Europe,White,Hybrid,Automatic,3.1,2912,127500,3123,Low
12/31/2023,3 Series,2023,Europe,Blue,Electric,Automatic,3.9,195977,100154,10641,High
12/31/2024,i3,2024,North America,Black,Petrol,Manual,3.8,20069,116136,5867,High
12/31/2021,5 Series,2021,Asia,Black,Electric,Manual,3.3,12972,132061,6808,High
12/31/2021,i8,2021,South America,Black,Petrol,Automatic,3.5,88150,159472,50,Low
12/31/2012,i3,2012,North America,Silver,Petrol,Automatic,4.3,91655,56117,4716,Low
12/31/2015,X5,2015,Asia,White,Electric,Automatic,3.5,29030,110841,5884,High
12/31/2021,X1,2021,Asia,White,Petrol,Automatic,3.1,28747,88760,7245,High
12/31/2019,i8,2019,Middle East,Silver,Hybrid,Automatic,3.8,119825,161133,50,Low
12/31/2015,X6,2015,Europe,Blue,Petrol,Automatic,1.6,195650,58150,3765,Low
12/31/2021,M5,2021,South America,Blue,Diesel,Automatic,1.9,177264,103197,1461,Low
12/31/2018,i8,2018,Middle East,White,Electric,Automatic,1.9,159252,135911,253,Low
12/31/2018,i8,2018,Africa,Blue,Electric,Automatic,3,8776,159964,50,Low
12/31/2011,7 Series,2011,Africa,Blue,Electric,Automatic,4.6,95472,106445,50,Low
12/31/2013,X6,2013,Middle East,White,Diesel,Automatic,3.8,23083,92592,274,Low
12/31/2018,X5,2018,Africa,Black,Electric,Automatic,4.9,53820,122851,3355,Low
12/31/2024,3 Series,2024,Europe,Silver,Hybrid,Automatic,1.6,132699,90715,9665,High
12/31/2023,X1,2023,Europe,Blue,Diesel,Automatic,4,36558,101793,7614,High
12/31/2022,7 Series,2022,Europe,Black,Petrol,Automatic,2.6,3034,150422,1236,Low
12/31/2013,5 Series,2013,Europe,Black,Electric,Manual,1.6,56694,69631,6110,High
12/31/2017,X5,2017,South America,Black,Petrol,Automatic,4.4,163395,81379,3066,Low
12/31/2019,M3,2019,Asia,Grey,Hybrid,Automatic,2.1,30036,111051,3110,Low
12/31/2021,M3,2021,South America,White,Electric,Automatic,2.2,122367,102279,2633,Low
12/31/2012,7 Series,2012,Asia,Silver,Petrol,Automatic,2.7,130113,82659,959,Low
12/31/2012,X5,2012,Middle East,Grey,Electric,Automatic,4.3,40070,105569,3213,Low
12/31/2018,i3,2018,North America,Red,Diesel,Automatic,3.7,48765,84283,5187,High
12/31/2020,X1,2020,Africa,Blue,Hybrid,Automatic,2.4,56184,81386,4977,Low
12/31/2019,7 Series,2019,Middle East,Silver,Electric,Automatic,2.1,64973,131523,1229,Low
12/31/2017,X6,2017,North America,White,Diesel,Automatic,1.9,75359,91464,4675,Low
12/31/2010,7 Series,2010,Europe,White,Electric,Automatic,2,39502,96081,280,Low
12/31/2019,X1,2019,Middle East,Black,Electric,Manual,4.5,174905,119897,5201,High
12/31/2023,5 Series,2023,Middle East,Black,Petrol,Manual,4.7,138909,112977,5151,High
12/31/2011,M3,2011,Africa,Silver,Electric,Manual,4.9,107389,79281,1530,Low
12/31/2012,5 Series,2012,Middle East,Black,Electric,Manual,4.4,30383,98355,3553,Low
12/31/2023,X1,2023,Europe,Red,Electric,Manual,4.6,190446,88551,8942,High
12/31/2020,X6,2020,South America,Black,Petrol,Automatic,4.4,100678,107198,2321,Low
12/31/2011,i3,2011,Asia,Black,Petrol,Automatic,4.9,89111,57084,4388,Low
12/31/2012,M5,2012,Africa,White,Electric,Manual,4.5,166352,100761,50,Low
12/31/2017,X1,2017,Africa,Grey,Diesel,Manual,3.1,81232,55028,4892,Low
12/31/2020,X3,2020,Europe,White,Petrol,Manual,2.6,150630,69866,9650,High
12/31/2020,3 Series,2020,North America,Grey,Diesel,Manual,3.5,54276,86990,10297,High
12/31/2021,X3,2021,Europe,Grey,Electric,Automatic,3.6,156086,91556,8503,High
12/31/2023,X1,2023,Europe,Red,Electric,Automatic,3.5,110336,98866,8335,High
12/31/2015,X1,2015,Africa,Grey,Electric,Automatic,4,73002,76239,3359,Low
12/31/2024,5 Series,2024,Africa,Blue,Electric,Automatic,3.9,16508,141704,3805,Low
12/31/2023,5 Series,2023,Middle East,Grey,Petrol,Manual,1.8,51357,108899,5456,High
12/31/2016,X5,2016,South America,Grey,Petrol,Manual,2.5,72003,74089,3481,Low
12/31/2019,M3,2019,Asia,Red,Hybrid,Manual,4.6,172740,98616,3544,Low
12/31/2024,7 Series,2024,Asia,White,Electric,Manual,3.6,91944,156476,2412,Low
12/31/2024,i3,2024,Asia,White,Petrol,Manual,2.6,9620,106970,5259,High
12/31/2022,5 Series,2022,North America,White,Hybrid,Automatic,4.5,143123,154032,5964,High
12/31/2019,X1,2019,North America,Grey,Electric,Automatic,2.4,132499,75173,7690,High
12/31/2015,X6,2015,Africa,Blue,Petrol,Manual,2.9,196900,55805,1945,Low
12/31/2010,7 Series,2010,South America,Grey,Petrol,Automatic,2.5,91641,76861,50,Low
12/31/2020,X5,2020,Middle East,Blue,Petrol,Manual,4.5,89424,107748,4200,Low
12/31/2012,i3,2012,Africa,Black,Petrol,Manual,4,89928,47170,2360,Low
12/31/2022,X6,2022,South America,Red,Hybrid,Automatic,3.1,141279,109353,3171,Low
12/31/2010,i8,2010,Europe,Red,Electric,Automatic,4.8,199152,118330,50,Low
12/31/2021,i8,2021,North America,Black,Hybrid,Manual,4.7,19606,190597,168,Low
12/31/2024,i3,2024,North America,Blue,Petrol,Manual,4,96638,101462,6321,High
12/31/2019,X3,2019,Asia,Red,Diesel,Manual,4.6,56072,97295,7913,High
12/31/2021,7 Series,2021,South America,Grey,Hybrid,Automatic,4,154841,130063,1298,Low
12/31/2018,5 Series,2018,Africa,Grey,Electric,Automatic,3.7,30419,106855,3835,Low
12/31/2022,X5,2022,Africa,Silver,Electric,Automatic,3,1246,129569,3600,Low
12/31/2018,X6,2018,Asia,Silver,Hybrid,Automatic,2.5,143057,97041,4580,Low
12/31/2014,M3,2014,Asia,Blue,Diesel,Manual,1.7,45268,73664,2882,Low
12/31/2013,i3,2013,South America,Black,Diesel,Automatic,4.3,144474,44837,2443,Low
12/31/2021,i3,2021,South America,Red,Hybrid,Automatic,1.9,192830,68940,3802,Low
12/31/2018,i3,2018,Middle East,Blue,Electric,Manual,2.9,135193,78552,3383,Low
12/31/2018,X6,2018,Asia,White,Electric,Manual,2.3,64747,105301,4658,Low
12/31/2024,i3,2024,Asia,White,Petrol,Manual,3.1,126713,92230,5941,High
12/31/2012,X1,2012,Asia,Black,Diesel,Manual,2.6,164921,25000,7358,High
12/31/2014,X6,2014,Africa,Silver,Petrol,Manual,4.4,152171,75196,1603,Low
12/31/2012,X5,2012,Africa,Black,Hybrid,Automatic,4.9,199710,67288,2690,Low
12/31/2019,i8,2019,Asia,Silver,Electric,Automatic,4.8,118994,174518,179,Low
12/31/2011,i3,2011,Europe,Red,Diesel,Automatic,3.7,22124,55636,4481,Low
12/31/2010,X6,2010,South America,Silver,Hybrid,Manual,4.9,145091,70491,1721,Low
12/31/2021,i3,2021,South America,Silver,Diesel,Automatic,2.9,49780,90243,3845,Low
12/31/2019,i3,2019,South America,White,Hybrid,Automatic,3.3,15652,96569,3442,Low
12/31/2011,M5,2011,Asia,Red,Hybrid,Automatic,2.4,28095,104685,882,Low
12/31/2017,M5,2017,Middle East,Red,Diesel,Manual,4.6,25646,144476,1008,Low
12/31/2020,M5,2020,Europe,Silver,Petrol,Manual,2.1,142022,113219,2172,Low
12/31/2017,7 Series,2017,Europe,Grey,Petrol,Automatic,3.6,36079,124920,1024,Low
12/31/2012,i3,2012,North America,Blue,Petrol,Automatic,4.3,27408,69941,4746,Low
12/31/2016,X5,2016,Africa,Black,Diesel,Manual,3.6,87433,79224,2946,Low
12/31/2016,5 Series,2016,Middle East,White,Electric,Automatic,1.8,108330,80469,4388,Low
12/31/2011,i3,2011,Africa,Black,Diesel,Automatic,3.6,142524,34739,2583,Low
12/31/2018,3 Series,2018,Middle East,Blue,Diesel,Manual,4.2,62605,82685,5797,High
12/31/2012,X6,2012,Europe,Silver,Electric,Manual,2.2,73719,82958,2811,Low
12/31/2011,X6,2011,South America,White,Hybrid,Manual,4.1,24556,95484,1225,Low
12/31/2021,7 Series,2021,Africa,Grey,Hybrid,Manual,4.6,7889,161728,640,Low
12/31/2012,X6,2012,Africa,Red,Petrol,Manual,5,199792,61492,1439,Low
12/31/2011,X6,2011,Africa,Red,Electric,Manual,2.9,178568,61235,1385,Low
12/31/2024,M3,2024,Middle East,Grey,Electric,Manual,1.6,172026,108689,3031,Low
12/31/2017,7 Series,2017,South America,Black,Hybrid,Manual,3,117832,107488,421,Low
12/31/2014,X3,2014,Europe,Black,Hybrid,Manual,3.8,128266,63727,8199,High
12/31/2012,3 Series,2012,Middle East,Black,Petrol,Automatic,4.6,125594,54489,6342,High
12/31/2014,3 Series,2014,Asia,Black,Electric,Manual,4.8,67293,88855,10622,High
12/31/2020,M3,2020,Middle East,Black,Diesel,Automatic,4.7,56461,116905,1851,Low
12/31/2020,X1,2020,Europe,Red,Hybrid,Automatic,3.8,70428,91491,8130,High
12/31/2017,i8,2017,Asia,Blue,Petrol,Manual,3.9,8330,156707,50,Low
12/31/2016,M5,2016,South America,Black,Electric,Automatic,1.5,40334,120249,394,Low
12/31/2015,i8,2015,Europe,Silver,Electric,Automatic,2.8,124075,139429,50,Low
12/31/2023,X3,2023,Middle East,Blue,Hybrid,Automatic,4.7,82957,117588,6307,High
12/31/2022,X1,2022,Middle East,White,Hybrid,Manual,3.9,145022,85164,6989,High
12/31/2010,M5,2010,Europe,Silver,Electric,Manual,3.1,136194,93686,782,Low
12/31/2019,5 Series,2019,South America,Red,Diesel,Automatic,1.9,67211,80734,4186,Low
12/31/2010,i3,2010,Asia,Red,Hybrid,Manual,2.4,166669,28236,4762,Low
12/31/2010,X6,2010,Europe,Silver,Petrol,Automatic,3.4,21800,78430,3325,Low
12/31/2023,X6,2023,Middle East,Silver,Diesel,Manual,4.6,101136,129103,2634,Low
12/31/2019,X1,2019,South America,Grey,Hybrid,Manual,1.8,191184,50651,6499,High
12/31/2023,5 Series,2023,Africa,Silver,Electric,Automatic,2,153327,103799,5077,High
12/31/2017,X6,2017,Europe,Grey,Hybrid,Manual,3.8,144225,97918,4244,Low
12/31/2017,7 Series,2017,Middle East,Grey,Electric,Automatic,2.5,115933,116624,568,Low
12/31/2023,X5,2023,North America,Black,Hybrid,Automatic,2.1,121430,109956,7203,High
12/31/2016,i3,2016,Africa,Red,Electric,Manual,2.1,7587,80339,2575,Low
12/31/2015,3 Series,2015,South America,Black,Electric,Automatic,3.2,42776,80837,5309,High
12/31/2013,X6,2013,Europe,Silver,Hybrid,Manual,3.5,80117,91558,3319,Low
12/31/2010,3 Series,2010,South America,Grey,Hybrid,Automatic,4.7,181023,40771,5578,High
12/31/2024,7 Series,2024,Africa,Red,Petrol,Automatic,3.4,59798,140042,820,Low
12/31/2024,i3,2024,Africa,White,Electric,Manual,3.9,199592,94345,4211,Low
12/31/2018,X3,2018,South America,Black,Petrol,Manual,2.1,22991,78826,6077,High
12/31/2024,7 Series,2024,Europe,Silver,Electric,Automatic,4,99551,165209,1673,Low
12/31/2010,M3,2010,Middle East,Blue,Petrol,Automatic,3.8,108842,66638,974,Low
12/31/2013,7 Series,2013,Middle East,Grey,Electric,Manual,2.3,141257,93606,222,Low
12/31/2012,7 Series,2012,South America,Red,Diesel,Automatic,3.8,9272,101948,50,Low
12/31/2016,X5,2016,Africa,Black,Diesel,Automatic,2.2,174753,55088,3096,Low
12/31/2014,X1,2014,Asia,Grey,Diesel,Manual,3.6,13624,60648,8769,High
12/31/2014,7 Series,2014,North America,Blue,Diesel,Manual,3.8,179192,84424,1042,Low
12/31/2013,M5,2013,North America,Black,Petrol,Manual,3.9,145307,94901,1182,Low
12/31/2010,X1,2010,Europe,Black,Hybrid,Manual,4.7,33767,60440,6643,High
12/31/2014,7 Series,2014,Asia,Blue,Diesel,Automatic,4.8,14465,62086,1667,Low
12/31/2013,3 Series,2013,South America,Red,Electric,Manual,4.3,139938,60344,4984,Low
12/31/2023,X6,2023,Asia,Silver,Hybrid,Automatic,4.6,24623,154098,5210,High
12/31/2019,i8,2019,Middle East,Blue,Hybrid,Manual,1.6,183558,133539,446,Low
12/31/2022,i3,2022,Middle East,Blue,Hybrid,Automatic,2.8,37324,109165,4463,Low
12/31/2017,X1,2017,South America,Grey,Electric,Automatic,1.6,101442,64679,4849,Low
12/31/2011,X1,2011,Europe,Silver,Diesel,Automatic,2.3,128728,25000,7328,High
12/31/2017,i8,2017,Asia,Grey,Diesel,Manual,2.8,66886,183965,50,Low
12/31/2010,X6,2010,Asia,Black,Diesel,Automatic,4.5,35261,80710,3228,Low
12/31/2022,X6,2022,South America,Silver,Diesel,Manual,3.3,57579,117100,3028,Low
12/31/2013,X1,2013,South America,Red,Hybrid,Automatic,3.8,79509,60300,4552,Low
12/31/2012,X6,2012,Africa,Blue,Petrol,Automatic,2.8,28827,79316,1447,Low
12/31/2014,X6,2014,Middle East,Blue,Hybrid,Automatic,3.6,126724,90437,2308,Low
12/31/2022,X5,2022,South America,Grey,Petrol,Automatic,4.4,132161,108490,3356,Low
12/31/2014,3 Series,2014,Middle East,Red,Petrol,Manual,2.6,41007,63848,6964,High
12/31/2014,i3,2014,South America,Black,Petrol,Manual,4.8,105911,61820,2769,Low
12/31/2021,i8,2021,Europe,Black,Diesel,Manual,2.2,5655,154268,159,Low
12/31/2013,3 Series,2013,Asia,Grey,Hybrid,Automatic,4.7,134815,67923,8203,High
12/31/2017,i8,2017,Asia,Blue,Hybrid,Automatic,1.6,38741,149881,50,Low
12/31/2012,X3,2012,South America,Grey,Electric,Manual,3.4,156649,51043,4117,Low
12/31/2021,i3,2021,Asia,Grey,Electric,Manual,4.9,99314,104919,13764,High
12/31/2013,X5,2013,North America,Blue,Hybrid,Manual,3.6,48726,87204,4659,Low
12/31/2010,M5,2010,North America,Blue,Diesel,Automatic,3.4,186285,74938,1057,Low
12/31/2016,i8,2016,Middle East,Silver,Hybrid,Automatic,3.9,461,163756,50,Low
12/31/2010,X5,2010,North America,Blue,Diesel,Automatic,2.5,97678,50944,5239,High
12/31/2024,i8,2024,Middle East,Blue,Electric,Automatic,1.7,110506,179320,516,Low
12/31/2011,7 Series,2011,North America,Silver,Diesel,Automatic,2.4,128958,71897,802,Low
12/31/2020,X3,2020,Europe,Blue,Diesel,Automatic,2.1,14397,88440,7388,High
12/31/2016,i8,2016,Europe,Blue,Hybrid,Automatic,4.7,115397,143755,50,Low
12/31/2010,i3,2010,Asia,Blue,Petrol,Manual,4.5,6805,63477,4926,Low
12/31/2020,i3,2020,Middle East,Grey,Diesel,Automatic,2.6,6635,96791,3899,Low
12/31/2012,X1,2012,Europe,Blue,Diesel,Automatic,4.4,161239,37074,6062,High
12/31/2022,5 Series,2022,Asia,Grey,Diesel,Manual,2.2,87629,94186,6819,High
12/31/2015,i8,2015,Africa,Black,Electric,Automatic,2.2,179224,120075,50,Low
12/31/2015,i8,2015,North America,Black,Electric,Automatic,4.2,103868,154831,50,Low
12/31/2015,7 Series,2015,Africa,Silver,Diesel,Manual,2.6,136869,78725,459,Low
12/31/2020,X5,2020,Europe,Black,Electric,Manual,1.7,17229,114237,7003,High
12/31/2022,M5,2022,South America,Red,Petrol,Automatic,4,138324,127831,1314,Low
12/31/2011,i3,2011,North America,Red,Petrol,Automatic,5,13776,68840,4228,Low
12/31/2011,M3,2011,South America,Red,Diesel,Manual,3.5,85453,58606,1128,Low
12/31/2015,5 Series,2015,Middle East,Blue,Hybrid,Manual,2.4,77408,80145,4452,Low
12/31/2019,X3,2019,Middle East,Silver,Petrol,Manual,2.8,174521,67372,5865,High
12/31/2014,X6,2014,South America,White,Electric,Manual,3.8,195568,73366,2409,Low
12/31/2023,X1,2023,Middle East,Black,Petrol,Automatic,4,178409,129719,5868,High
12/31/2016,M5,2016,Middle East,Red,Petrol,Automatic,4.6,100305,124156,533,Low
12/31/2016,M3,2016,Asia,Blue,Diesel,Automatic,4.7,60810,102164,2697,Low
12/31/2014,X1,2014,Asia,Red,Hybrid,Automatic,4.5,148971,57076,8500,High
12/31/2017,i8,2017,South America,White,Hybrid,Manual,3.8,24796,153195,50,Low
12/31/2019,5 Series,2019,Asia,Grey,Hybrid,Manual,3.1,72644,98544,7748,High
12/31/2015,i3,2015,North America,Blue,Diesel,Manual,3.9,9047,80039,5111,High
12/31/2024,i8,2024,Asia,Grey,Petrol,Automatic,3.8,145289,167218,451,Low
12/31/2014,M5,2014,Europe,White,Hybrid,Automatic,2.3,170241,92360,1149,Low
12/31/2013,5 Series,2013,South America,Black,Electric,Automatic,3.3,106015,73448,3432,Low
12/31/2016,3 Series,2016,Africa,White,Diesel,Manual,2.2,105920,46153,5386,High
12/31/2013,i3,2013,Middle East,Grey,Petrol,Manual,4.6,121951,58328,2815,Low
12/31/2014,M5,2014,Asia,White,Electric,Manual,2.6,134927,108018,3231,Low
12/31/2014,X6,2014,Africa,Red,Petrol,Manual,4.3,137636,76058,1729,Low
12/31/2010,M3,2010,Middle East,Red,Electric,Manual,2.8,86326,73860,1045,Low
12/31/2024,X1,2024,Europe,Red,Petrol,Automatic,4.2,58422,103478,8107,High
12/31/2010,X6,2010,Middle East,White,Electric,Automatic,2.3,159959,63491,1865,Low
12/31/2012,i3,2012,Africa,Grey,Diesel,Automatic,4.2,101045,49659,2075,Low
12/31/2024,M5,2024,North America,Grey,Hybrid,Automatic,2.1,79186,158992,2524,Low
12/31/2023,7 Series,2023,Asia,Black,Hybrid,Manual,3.2,96507,136310,2590,Low
12/31/2020,X5,2020,South America,Blue,Diesel,Manual,1.9,89383,80686,3641,Low
12/31/2012,3 Series,2012,South America,Grey,Electric,Manual,3.3,130176,51380,4934,Low
12/31/2011,i8,2011,North America,White,Electric,Manual,4.4,163594,124321,50,Low
12/31/2021,X5,2021,North America,Black,Petrol,Automatic,4.1,114930,112648,5870,High
12/31/2011,M5,2011,South America,Grey,Electric,Manual,1.7,69863,89963,86,Low
12/31/2015,X5,2015,South America,Black,Petrol,Manual,3.2,103506,73847,3115,Low
12/31/2022,i3,2022,Africa,Silver,Electric,Automatic,4.5,133140,108661,3692,Low
12/31/2010,7 Series,2010,South America,Silver,Petrol,Automatic,3.8,66102,90079,50,Low
12/31/2015,X5,2015,Europe,Blue,Hybrid,Automatic,1.7,78739,79610,5430,High
12/31/2014,i8,2014,Europe,Black,Diesel,Automatic,2.6,11217,132276,50,Low
12/31/2015,X1,2015,South America,Black,Electric,Manual,3.4,194529,50235,4350,Low
12/31/2014,M5,2014,Europe,Grey,Petrol,Automatic,2.1,33302,112933,898,Low
12/31/2016,M3,2016,Middle East,Red,Diesel,Manual,3.9,123145,83314,1600,Low
12/31/2010,X1,2010,Europe,Black,Electric,Automatic,3.7,1021,70530,5544,High
12/31/2022,i3,2022,Europe,Black,Petrol,Automatic,2.2,133617,75017,5843,High
12/31/2012,M5,2012,Asia,Silver,Electric,Automatic,3.4,113583,111225,859,Low
12/31/2015,7 Series,2015,Africa,Grey,Diesel,Automatic,4.3,17252,114495,50,Low
12/31/2010,X6,2010,South America,Black,Electric,Manual,2.8,7340,88177,1455,Low
12/31/2022,5 Series,2022,Middle East,Silver,Electric,Manual,2.4,80316,111277,4859,Low
12/31/2020,M3,2020,Middle East,Red,Electric,Automatic,4,16191,135223,1861,Low
12/31/2020,M5,2020,Africa,Blue,Electric,Automatic,1.7,105980,130934,1000,Low
12/31/2016,7 Series,2016,Middle East,Grey,Electric,Automatic,4.4,143274,123173,252,Low
12/31/2013,3 Series,2013,South America,White,Petrol,Automatic,4.8,139627,54160,6040,High
12/31/2012,i8,2012,South America,White,Electric,Manual,4.9,120895,131387,50,Low
12/31/2019,7 Series,2019,South America,Silver,Diesel,Manual,3,162859,92478,1042,Low
12/31/2018,X3,2018,North America,Grey,Electric,Automatic,3.7,141422,91029,15000,High
12/31/2010,i3,2010,Middle East,Silver,Hybrid,Manual,4.5,197525,39384,2778,Low
12/31/2017,i3,2017,North America,Red,Hybrid,Automatic,2.3,3728,91324,5003,High
12/31/2010,7 Series,2010,Asia,Red,Petrol,Automatic,1.6,33065,79132,665,Low
12/31/2022,5 Series,2022,Africa,Blue,Electric,Manual,2.8,151487,95829,5242,High
12/31/2023,7 Series,2023,North America,Grey,Hybrid,Automatic,4.6,45299,164294,1762,Low
12/31/2014,7 Series,2014,Middle East,Red,Hybrid,Manual,3.3,46259,114581,91,Low
12/31/2019,X6,2019,North America,Red,Petrol,Automatic,3.4,26809,114463,4615,Low
12/31/2017,i8,2017,Africa,Blue,Electric,Automatic,3.9,157461,139380,50,Low
12/31/2015,X1,2015,Europe,Red,Diesel,Automatic,3.5,71113,61175,8047,High
12/31/2016,M3,2016,Asia,White,Petrol,Automatic,1.7,144177,29001,3275,Low
12/31/2020,X3,2020,Middle East,Silver,Electric,Automatic,3.5,182957,91769,6457,High
12/31/2017,X3,2017,Africa,Grey,Diesel,Automatic,3.8,94028,70123,4448,Low
12/31/2022,M3,2022,Africa,Blue,Electric,Automatic,3.7,182442,111541,2467,Low
12/31/2015,M3,2015,Asia,Black,Diesel,Automatic,4,93858,87781,2437,Low
12/31/2020,X3,2020,Europe,Red,Electric,Manual,3.3,99641,99852,9111,High
12/31/2015,3 Series,2015,Asia,Silver,Petrol,Automatic,4.7,171677,60418,9068,High
12/31/2020,3 Series,2020,Asia,Grey,Electric,Automatic,3.1,86448,96397,11260,High
12/31/2015,X5,2015,Asia,Silver,Petrol,Automatic,3.3,189893,63579,5222,High
12/31/2014,i3,2014,Asia,Blue,Hybrid,Automatic,4.2,11647,87457,4508,Low
12/31/2017,M5,2017,Europe,Silver,Diesel,Manual,4.4,193381,100365,1454,Low
12/31/2022,5 Series,2022,South America,White,Petrol,Manual,3.8,185043,83334,4892,Low
12/31/2011,3 Series,2011,Middle East,Blue,Electric,Manual,1.9,137894,41242,5780,High
12/31/2016,M5,2016,Africa,Silver,Diesel,Manual,2.7,59781,104827,380,Low
12/31/2024,i3,2024,Europe,Blue,Petrol,Manual,1.6,106244,81002,6372,High
12/31/2013,M5,2013,Asia,White,Electric,Automatic,2.5,38790,121741,877,Low
12/31/2010,X1,2010,Africa,Grey,Electric,Automatic,3.5,114766,45646,3390,Low
12/31/2022,3 Series,2022,Middle East,Red,Diesel,Automatic,4.3,75857,104159,6209,High
12/31/2014,X1,2014,Asia,Grey,Electric,Automatic,3.5,40676,78504,7695,High
12/31/2012,X3,2012,Africa,Grey,Petrol,Automatic,1.6,33002,49228,4310,Low
12/31/2013,7 Series,2013,Middle East,Grey,Petrol,Manual,2.4,26266,102230,116,Low
12/31/2016,X3,2016,North America,Red,Electric,Manual,3.5,70550,91660,7088,High
12/31/2014,i3,2014,North America,White,Hybrid,Automatic,4,26844,81296,4480,Low
12/31/2023,X1,2023,Europe,Red,Petrol,Automatic,4.5,67031,100089,7485,High
12/31/2024,M3,2024,Europe,Grey,Petrol,Automatic,4.9,182488,114827,3159,Low
12/31/2013,3 Series,2013,Asia,Silver,Hybrid,Automatic,4.6,144813,62543,8353,High
12/31/2010,X1,2010,Middle East,Blue,Hybrid,Automatic,3.1,28180,59346,3788,Low
12/31/2015,X5,2015,Africa,Silver,Electric,Manual,4.1,22055,140959,1609,Low
12/31/2020,X1,2020,Asia,Black,Petrol,Automatic,2.3,41775,80740,8425,High
12/31/2019,i8,2019,Asia,Silver,Petrol,Manual,1.7,119216,135355,276,Low
12/31/2015,3 Series,2015,North America,Red,Electric,Manual,1.7,104313,63150,10090,High
12/31/2016,X6,2016,North America,White,Diesel,Manual,2.3,195241,60622,4794,Low
12/31/2010,3 Series,2010,Middle East,Grey,Diesel,Manual,1.6,158547,25000,5632,High
12/31/2023,X5,2023,Middle East,Red,Petrol,Manual,4.5,40129,137199,4150,Low
12/31/2013,i8,2013,Europe,White,Electric,Manual,3.2,120046,127420,50,Low
12/31/2021,i8,2021,Middle East,Black,Petrol,Manual,4.3,21180,179384,50,Low
12/31/2018,X3,2018,Asia,Black,Electric,Manual,4.8,61070,106778,8112,High
12/31/2024,M3,2024,Europe,Grey,Electric,Manual,5,4377,158056,3559,Low
12/31/2021,M3,2021,Europe,Red,Diesel,Manual,4.8,42370,116308,2578,Low
12/31/2023,M3,2023,South America,Blue,Diesel,Manual,4,177553,98709,2524,Low
12/31/2019,X3,2019,Europe,Black,Electric,Manual,3,146963,82733,7866,High
12/31/2015,i8,2015,South America,Red,Petrol,Manual,3.6,61399,136927,50,Low
12/31/2011,i8,2011,Europe,Blue,Petrol,Manual,4.4,45114,124531,50,Low
12/31/2013,M3,2013,North America,Grey,Petrol,Automatic,4.6,20968,93202,2007,Low
12/31/2015,X1,2015,Europe,Blue,Hybrid,Automatic,4.8,32982,84397,7657,High
12/31/2013,3 Series,2013,Africa,White,Diesel,Manual,4.1,108529,50559,5293,High
12/31/2024,7 Series,2024,Asia,White,Diesel,Manual,3.4,30822,155824,1631,Low
12/31/2019,X1,2019,Asia,Red,Petrol,Manual,4.9,41609,89712,7890,High
12/31/2016,i3,2016,North America,Black,Electric,Manual,4.9,46675,96191,4297,Low
12/31/2021,3 Series,2021,Africa,Blue,Electric,Manual,3.2,88048,100584,6295,High
12/31/2022,M5,2022,South America,White,Petrol,Automatic,3.8,61359,140229,1027,Low
12/31/2012,7 Series,2012,Europe,White,Diesel,Automatic,4.3,35097,109624,416,Low
12/31/2015,X6,2015,Middle East,White,Diesel,Manual,3,85936,82239,2321,Low
12/31/2022,M5,2022,Asia,Blue,Electric,Manual,4.4,90069,161516,2197,Low
12/31/2024,X6,2024,South America,Black,Petrol,Automatic,1.9,44171,124618,2817,Low
12/31/2021,X6,2021,Europe,Blue,Hybrid,Automatic,3.2,80198,117767,5245,High
12/31/2013,M3,2013,Africa,Grey,Hybrid,Automatic,3.2,59836,84443,812,Low
12/31/2012,M5,2012,Africa,Blue,Petrol,Manual,3.9,62816,102642,50,Low
12/31/2021,X3,2021,South America,Grey,Petrol,Automatic,1.9,173419,63596,6480,High
12/31/2012,M3,2012,North America,Silver,Hybrid,Manual,1.9,14781,86049,2208,Low
12/31/2023,M5,2023,Asia,Blue,Diesel,Automatic,4.7,50705,152305,1882,Low
12/31/2011,X6,2011,Europe,White,Petrol,Manual,2.6,66296,67381,2983,Low
12/31/2020,3 Series,2020,Asia,Grey,Diesel,Automatic,2.6,151343,68494,10330,High
12/31/2012,i3,2012,Asia,Grey,Electric,Manual,4.2,113534,62579,4064,Low
12/31/2022,X3,2022,Africa,Red,Petrol,Manual,3,18859,97027,4229,Low
12/31/2021,i8,2021,Africa,Grey,Electric,Manual,4.4,156201,165067,94,Low
12/31/2023,i8,2023,Africa,Black,Petrol,Manual,2.9,132042,140332,50,Low
12/31/2019,3 Series,2019,Africa,Red,Petrol,Manual,4.2,93603,82902,5470,High
12/31/2010,M3,2010,Africa,Black,Diesel,Manual,3.3,56201,57295,760,Low
12/31/2024,X1,2024,Africa,Silver,Petrol,Manual,4.8,53221,103615,4563,Low
12/31/2012,i3,2012,Europe,Black,Petrol,Manual,2.6,149860,30995,4249,Low
12/31/2018,i3,2018,Europe,White,Petrol,Automatic,2.8,184488,53117,4519,Low
12/31/2013,M5,2013,South America,Black,Electric,Manual,4.9,82398,122809,50,Low
12/31/2024,3 Series,2024,Middle East,Blue,Electric,Automatic,4.1,170114,108353,7242,High
12/31/2012,i8,2012,South America,Red,Petrol,Automatic,4.2,41591,126272,50,Low
12/31/2017,X5,2017,Middle East,White,Electric,Automatic,2.5,170159,83912,3775,Low
12/31/2010,M3,2010,North America,Black,Petrol,Manual,3.4,60464,68905,2041,Low
12/31/2014,M3,2014,North America,White,Petrol,Manual,2.6,63910,75891,2656,Low
12/31/2010,M5,2010,Middle East,White,Petrol,Manual,2.4,100071,79696,253,Low
12/31/2016,i8,2016,Asia,Black,Electric,Automatic,3.4,146170,144276,50,Low
12/31/2014,X3,2014,Europe,Grey,Petrol,Manual,5,196074,50228,8602,High
12/31/2024,X6,2024,Asia,Grey,Diesel,Automatic,2.3,129995,106234,5262,High
12/31/2011,X5,2011,South America,White,Diesel,Manual,2.3,32911,56902,2647,Low
12/31/2021,7 Series,2021,North America,Blue,Electric,Automatic,2.4,70556,193816,958,Low
12/31/2023,M3,2023,Asia,Red,Electric,Automatic,4.3,177520,121154,4161,Low
12/31/2010,X3,2010,Asia,Red,Hybrid,Automatic,3.3,117440,50420,7740,High
12/31/2020,7 Series,2020,Africa,White,Hybrid,Manual,2.8,143963,118387,1020,Low
12/31/2024,7 Series,2024,South America,Silver,Electric,Manual,4.5,90412,152574,1330,Low
12/31/2016,3 Series,2016,South America,Red,Petrol,Manual,2.5,134587,49281,5432,High
12/31/2021,i3,2021,Middle East,White,Hybrid,Manual,2.9,144117,81643,4086,Low
12/31/2010,7 Series,2010,Asia,Blue,Diesel,Automatic,1.8,63079,76017,719,Low
12/31/2012,7 Series,2012,Africa,Black,Diesel,Manual,1.9,70489,73437,112,Low
12/31/2020,X6,2020,Europe,Black,Diesel,Automatic,2,22805,111385,4073,Low
12/31/2024,i3,2024,South America,Blue,Hybrid,Automatic,2.7,149400,91579,4127,Low
12/31/2015,X1,2015,Middle East,Grey,Hybrid,Manual,3.3,185175,45618,5001,High
12/31/2024,i8,2024,Europe,Grey,Hybrid,Manual,1.5,167174,142506,183,Low
12/31/2015,M3,2015,Asia,Grey,Petrol,Manual,2.2,186260,57858,3244,Low
12/31/2024,M5,2024,Europe,Red,Hybrid,Manual,2.1,168000,128626,2721,Low
12/31/2016,X6,2016,Asia,Grey,Diesel,Automatic,2.4,154497,74639,4260,Low
12/31/2020,5 Series,2020,Europe,White,Diesel,Automatic,2.1,144625,78786,6545,High
12/31/2023,3 Series,2023,Europe,Black,Hybrid,Automatic,2.2,199440,75521,10758,High
12/31/2020,5 Series,2020,Africa,Silver,Diesel,Automatic,4.9,137947,90566,3310,Low
12/31/2010,X6,2010,North America,White,Petrol,Manual,3.6,124719,59693,3110,Low
12/31/2016,7 Series,2016,North America,Silver,Hybrid,Manual,4.2,44020,130376,696,Low
12/31/2011,3 Series,2011,Middle East,White,Electric,Automatic,4.4,148626,57177,5287,High
12/31/2015,i8,2015,North America,Black,Petrol,Automatic,3.8,56285,141920,50,Low
12/31/2022,7 Series,2022,Africa,Silver,Electric,Automatic,4,111406,140111,1142,Low
12/31/2017,i3,2017,South America,Grey,Diesel,Manual,3.7,125179,61045,3033,Low
12/31/2022,7 Series,2022,South America,Silver,Petrol,Manual,3.8,126140,120760,987,Low
12/31/2014,i8,2014,North America,Grey,Hybrid,Manual,4.7,111501,137314,50,Low
12/31/2019,7 Series,2019,Middle East,Black,Hybrid,Automatic,2.2,77623,69430,1818,Low
12/31/2012,i8,2012,Africa,Silver,Petrol,Automatic,2.5,157852,45442,50,Low
12/31/2020,M5,2020,Africa,Silver,Electric,Manual,1.8,117770,125764,1136,Low
12/31/2017,3 Series,2017,South America,Blue,Hybrid,Automatic,4.4,16927,98095,5579,High
12/31/2017,X1,2017,Middle East,Blue,Electric,Manual,3.1,191214,56620,4643,Low
12/31/2013,5 Series,2013,North America,Grey,Hybrid,Automatic,4.7,50797,92779,5313,High
12/31/2017,M5,2017,Asia,Silver,Hybrid,Manual,2.9,138914,113998,1711,Low
12/31/2014,i8,2014,South America,Red,Diesel,Automatic,3,80456,122559,50,Low
12/31/2022,M5,2022,Africa,Red,Diesel,Automatic,3.1,74731,129273,1081,Low
12/31/2020,X3,2020,North America,Black,Diesel,Automatic,3.6,44744,92663,9397,High
12/31/2014,i8,2014,South America,White,Diesel,Manual,4.2,89279,119706,50,Low
12/31/2012,i8,2012,Europe,Silver,Petrol,Automatic,2.7,37934,126582,50,Low
12/31/2024,5 Series,2024,Middle East,White,Hybrid,Automatic,3.7,126594,123039,5735,High
12/31/2016,i3,2016,Middle East,Silver,Electric,Manual,2.2,102874,72240,3249,Low
12/31/2020,i3,2020,Asia,White,Hybrid,Automatic,3.4,190380,79283,6054,High
12/31/2023,i3,2023,South America,Black,Hybrid,Manual,3.4,93972,103999,3614,Low
12/31/2020,X5,2020,Middle East,Red,Diesel,Automatic,4.6,148955,100096,4235,Low
12/31/2018,M5,2018,Africa,Grey,Hybrid,Automatic,4.6,17888,145801,570,Low
12/31/2018,M5,2018,South America,Blue,Petrol,Automatic,3.2,130682,112951,726,Low
12/31/2010,3 Series,2010,North America,Black,Electric,Automatic,1.6,126562,38206,7979,High
12/31/2010,X3,2010,Asia,Grey,Petrol,Manual,4.5,67495,53465,8795,High
12/31/2019,X5,2019,Europe,White,Petrol,Manual,1.5,159684,65399,6653,High
12/31/2021,X6,2021,Europe,Black,Diesel,Manual,3.2,14765,120408,3636,Low
12/31/2021,5 Series,2021,Africa,Black,Electric,Manual,1.6,118515,88587,4991,Low
12/31/2020,i8,2020,Middle East,White,Electric,Manual,2.7,3501,174874,50,Low
12/31/2024,X5,2024,Europe,Blue,Electric,Automatic,3.7,65640,141854,6626,High
12/31/2014,i3,2014,Asia,Black,Hybrid,Manual,2.8,84702,65303,4870,Low
12/31/2010,5 Series,2010,Africa,White,Diesel,Manual,4.7,15529,70377,2744,Low
12/31/2013,X3,2013,South America,Silver,Diesel,Manual,3.7,30956,65949,4180,Low
12/31/2021,i8,2021,Europe,Black,Diesel,Manual,3.8,69280,163502,50,Low
12/31/2010,X3,2010,Europe,White,Diesel,Automatic,2.8,170358,25352,7849,High
12/31/2024,X3,2024,South America,Silver,Petrol,Manual,1.6,71829,93340,5100,High
12/31/2011,X3,2011,South America,Black,Diesel,Automatic,4.1,187193,32513,5520,High
12/31/2011,X5,2011,Asia,Silver,Hybrid,Automatic,4,51719,81545,5171,High
12/31/2013,3 Series,2013,Europe,Blue,Hybrid,Manual,3.4,182152,45166,8659,High
12/31/2017,X5,2017,South America,Black,Electric,Automatic,3,144266,90656,2989,Low
12/31/2011,i8,2011,South America,Grey,Hybrid,Automatic,3.4,18398,139890,50,Low
12/31/2023,M5,2023,North America,Black,Diesel,Automatic,4.1,30940,161163,1932,Low
12/31/2018,M3,2018,South America,Black,Electric,Automatic,4,7126,130092,1714,Low
12/31/2024,i3,2024,Africa,White,Diesel,Manual,3.8,181874,76545,4040,Low
12/31/2021,X5,2021,North America,Red,Hybrid,Manual,4.7,53619,123943,6605,High
12/31/2018,i8,2018,Asia,White,Petrol,Automatic,3.6,75951,150817,50,Low
12/31/2011,i3,2011,South America,White,Petrol,Automatic,1.6,155222,25000,2643,Low
12/31/2010,X1,2010,North America,Red,Hybrid,Automatic,3.7,132744,42242,8053,High
12/31/2019,X5,2019,North America,Grey,Electric,Automatic,3.6,153645,103868,6444,High
12/31/2024,X5,2024,Middle East,Silver,Hybrid,Manual,1.7,14033,132519,5067,High
12/31/2019,X3,2019,Africa,White,Hybrid,Automatic,3,98427,85643,4495,Low
12/31/2018,5 Series,2018,Middle East,Black,Hybrid,Automatic,3.8,7389,121116,3990,Low
12/31/2024,i8,2024,Europe,Blue,Diesel,Manual,4,187663,153495,604,Low
12/31/2011,i3,2011,Middle East,Red,Hybrid,Automatic,4.6,106289,66126,2509,Low
12/31/2017,X1,2017,Middle East,Silver,Petrol,Manual,4.4,91987,73044,5717,High
12/31/2023,5 Series,2023,North America,Blue,Hybrid,Manual,1.9,182287,85706,9063,High
12/31/2012,X1,2012,South America,Black,Electric,Automatic,3.6,160343,46568,4838,Low
12/31/2010,X6,2010,Europe,White,Hybrid,Automatic,3.6,114041,72359,3288,Low
12/31/2020,X3,2020,North America,White,Electric,Manual,2.6,65423,101902,8185,High
12/31/2010,X6,2010,Africa,Blue,Diesel,Manual,2.1,160880,35857,1665,Low
12/31/2019,i3,2019,North America,Grey,Hybrid,Automatic,2.2,42298,93519,5096,High
12/31/2011,i8,2011,South America,Silver,Diesel,Manual,2.1,116575,95280,50,Low
12/31/2016,X6,2016,North America,Grey,Electric,Automatic,4.3,34213,126816,3596,Low
12/31/2021,X6,2021,North America,White,Electric,Automatic,2,146877,108767,4403,Low
12/31/2015,X5,2015,Africa,Silver,Diesel,Automatic,2.4,12538,82865,2683,Low
12/31/2021,X1,2021,Middle East,Black,Electric,Automatic,2.3,83920,91635,5316,High
12/31/2020,M5,2020,Asia,Blue,Electric,Manual,4,27828,159937,1785,Low
12/31/2011,5 Series,2011,North America,Blue,Diesel,Manual,2.1,108786,41583,6935,High
12/31/2013,i3,2013,Africa,Blue,Petrol,Automatic,1.6,15907,52362,2553,Low
12/31/2011,X5,2011,Europe,Silver,Petrol,Automatic,2.8,191529,43042,5626,High
12/31/2010,M3,2010,Africa,White,Diesel,Manual,2.6,76341,50156,729,Low
12/31/2021,X3,2021,South America,Blue,Diesel,Manual,2.9,129879,78287,6090,High
12/31/2012,7 Series,2012,South America,Red,Diesel,Manual,4.1,86067,92354,50,Low
12/31/2024,M3,2024,Middle East,White,Petrol,Automatic,1.5,91412,112054,2418,Low
12/31/2013,3 Series,2013,North America,Red,Hybrid,Manual,1.6,73103,51808,8967,High
12/31/2019,X1,2019,Europe,Red,Hybrid,Manual,2.4,131311,63208,8332,High
12/31/2014,X3,2014,Asia,Blue,Petrol,Manual,4.6,123986,61681,9673,High
12/31/2014,i3,2014,Europe,Silver,Electric,Manual,2.1,191507,41383,5042,High
12/31/2024,X1,2024,Asia,Black,Electric,Automatic,5,18553,139162,8772,High
12/31/2016,5 Series,2016,Middle East,Silver,Electric,Manual,4.3,149115,86532,4177,Low
12/31/2023,X6,2023,Africa,Red,Hybrid,Manual,3.1,187749,107188,3144,Low
12/31/2024,5 Series,2024,Middle East,Black,Hybrid,Manual,4.1,153230,112640,4952,Low
12/31/2019,X3,2019,North America,Red,Hybrid,Automatic,3.3,4391,113101,1999,Low
12/31/2017,5 Series,2017,Europe,Grey,Diesel,Manual,3.5,38986,89571,6676,High
12/31/2018,5 Series,2018,Europe,Black,Electric,Automatic,3.5,161579,93872,7058,High
12/31/2021,X3,2021,Asia,Blue,Diesel,Automatic,3.8,114672,92004,8815,High
12/31/2016,3 Series,2016,Asia,Black,Hybrid,Manual,1.7,66929,64822,10198,High
12/31/2014,X5,2014,Africa,Black,Petrol,Manual,3.7,177095,56199,3218,Low
12/31/2018,X3,2018,Middle East,Silver,Petrol,Manual,4,110631,82827,5567,High
12/31/2017,X1,2017,Middle East,White,Electric,Automatic,2.6,109933,71345,4568,Low
12/31/2019,X1,2019,Asia,Black,Hybrid,Manual,4.9,35774,104649,8357,High
12/31/2018,7 Series,2018,Africa,Silver,Petrol,Automatic,2,101655,99812,595,Low
12/31/2019,X5,2019,Asia,Black,Petrol,Manual,4.7,181601,84114,6070,High
12/31/2017,X1,2017,Asia,Black,Hybrid,Manual,3.9,119847,68412,8188,High
12/31/2015,i3,2015,Middle East,Grey,Petrol,Automatic,3.8,30868,78518,2631,Low
12/31/2013,5 Series,2013,South America,Blue,Diesel,Manual,4.6,66547,70353,3924,Low
12/31/2018,M3,2018,Africa,White,Electric,Automatic,4.4,199361,95500,1893,Low
12/31/2021,M3,2021,Middle East,Red,Diesel,Automatic,2.7,90360,104314,2204,Low
12/31/2018,X1,2018,Asia,Grey,Petrol,Automatic,4,67474,79358,8695,High
12/31/2019,M5,2019,South America,Red,Diesel,Automatic,1.7,143501,101904,1118,Low
12/31/2019,X5,2019,North America,Blue,Hybrid,Automatic,3.1,93131,109464,5664,High
12/31/2018,3 Series,2018,Europe,Grey,Electric,Automatic,4.8,47716,109699,8582,High
12/31/2023,i8,2023,Europe,Red,Diesel,Manual,2.5,177427,137611,820,Low
12/31/2019,M3,2019,Africa,Red,Petrol,Automatic,1.7,22556,100764,1495,Low
12/31/2012,i8,2012,Asia,Red,Electric,Manual,3.5,16842,143862,50,Low
12/31/2020,i3,2020,South America,Silver,Petrol,Manual,2.7,5939,92008,3601,Low
12/31/2021,X5,2021,North America,Grey,Diesel,Manual,2.8,177738,79943,6273,High
12/31/2024,5 Series,2024,Europe,Blue,Petrol,Manual,3.5,159482,94388,15000,High
12/31/2012,M3,2012,Asia,White,Hybrid,Automatic,3.7,44873,93596,2062,Low
12/31/2020,i8,2020,Asia,Red,Hybrid,Manual,3,196719,136888,873,Low
12/31/2015,7 Series,2015,North America,Blue,Petrol,Automatic,3.3,111121,101437,893,Low
12/31/2015,5 Series,2015,Asia,White,Petrol,Manual,5,181241,71240,7963,High
12/31/2024,7 Series,2024,Middle East,Silver,Diesel,Manual,4.9,90493,148360,1027,Low
12/31/2022,X6,2022,North America,Grey,Hybrid,Automatic,4,148028,126459,5042,High
12/31/2024,i8,2024,North America,Grey,Electric,Manual,2.1,93753,168597,1050,Low
12/31/2022,X3,2022,Asia,Black,Hybrid,Manual,2.8,48069,105997,9227,High
12/31/2015,M3,2015,Middle East,Grey,Petrol,Manual,4.6,76619,91636,1260,Low
12/31/2014,7 Series,2014,Asia,Grey,Petrol,Automatic,3,5888,109366,945,Low
12/31/2023,X3,2023,North America,Grey,Petrol,Manual,4.8,84553,105999,8184,High
12/31/2014,i3,2014,North America,Grey,Petrol,Automatic,3.2,137516,25000,5899,High
12/31/2011,i3,2011,North America,Silver,Hybrid,Automatic,4.5,104135,60128,4311,Low
12/31/2023,M3,2023,Middle East,Red,Hybrid,Manual,1.6,81176,121247,2914,Low
12/31/2016,X3,2016,North America,Grey,Electric,Automatic,3,123037,81265,9202,High
12/31/2021,7 Series,2021,South America,Red,Diesel,Automatic,4,122795,118151,864,Low
12/31/2013,i3,2013,Asia,Grey,Hybrid,Automatic,4.5,70047,79392,4915,Low
12/31/2023,X1,2023,South America,Grey,Petrol,Automatic,3.6,69253,89513,5688,High
12/31/2012,X3,2012,Africa,Red,Hybrid,Manual,2.1,77682,50512,3644,Low
12/31/2017,3 Series,2017,Middle East,Red,Hybrid,Manual,4.6,85818,85391,7175,High
12/31/2013,5 Series,2013,Africa,Red,Diesel,Automatic,3.5,129491,55636,3042,Low
12/31/2024,X3,2024,Middle East,Red,Electric,Automatic,1.9,105357,106149,6302,High
12/31/2020,7 Series,2020,North America,Black,Petrol,Manual,3.1,110486,118589,1673,Low
12/31/2013,i3,2013,Middle East,White,Hybrid,Manual,3.9,98892,66067,2798,Low
12/31/2017,7 Series,2017,Asia,White,Hybrid,Automatic,3.1,50813,122086,1202,Low
12/31/2010,M5,2010,Europe,Blue,Hybrid,Manual,4.5,187735,88871,841,Low
12/31/2018,X5,2018,North America,Black,Electric,Manual,3,125309,94914,5622,High
12/31/2023,X1,2023,Asia,Red,Diesel,Manual,3.5,185391,66535,8498,High
12/31/2016,X3,2016,Middle East,Black,Diesel,Manual,2.2,116923,54362,5812,High
12/31/2024,3 Series,2024,North America,Silver,Hybrid,Manual,3.3,65532,112635,11769,High
12/31/2021,X3,2021,Asia,Blue,Petrol,Automatic,2.3,121134,78600,8774,High
12/31/2011,5 Series,2011,Europe,Red,Electric,Manual,2.3,153737,48508,6671,High
12/31/2020,7 Series,2020,South America,Black,Petrol,Manual,2.5,158253,96007,1127,Low
12/31/2021,i3,2021,South America,Grey,Electric,Manual,1.7,32232,94507,3620,Low
12/31/2015,X5,2015,Middle East,Blue,Diesel,Automatic,2.1,160073,57385,3457,Low
12/31/2017,X1,2017,Europe,White,Petrol,Manual,3,179719,42910,8442,High
12/31/2020,X1,2020,Middle East,Grey,Diesel,Automatic,2,6481,84253,5894,High
12/31/2014,X3,2014,North America,Black,Petrol,Automatic,2,121521,50612,7845,High
12/31/2015,i8,2015,Middle East,Black,Electric,Automatic,4.9,147019,157866,50,Low
12/31/2021,M3,2021,Europe,Blue,Petrol,Automatic,3,90993,102759,2754,Low
12/31/2019,3 Series,2019,Africa,Black,Electric,Automatic,2.9,197872,70104,5532,High
12/31/2017,i8,2017,North America,Grey,Petrol,Automatic,2.4,15370,155051,50,Low
12/31/2022,3 Series,2022,Middle East,Grey,Electric,Manual,3.3,142509,98759,7838,High
12/31/2015,i3,2015,Africa,Black,Hybrid,Automatic,3.6,89728,68516,2220,Low
12/31/2021,5 Series,2021,Middle East,Silver,Diesel,Automatic,3,97294,59925,5659,High
12/31/2018,i3,2018,South America,Grey,Hybrid,Automatic,2.9,137755,74606,3352,Low
12/31/2024,i3,2024,North America,Silver,Petrol,Automatic,4,180414,88675,5320,High
12/31/2021,i8,2021,North America,Grey,Petrol,Automatic,4.8,151283,153364,258,Low
12/31/2018,i8,2018,North America,Red,Petrol,Manual,4.6,131045,148239,50,Low
12/31/2018,i8,2018,Asia,Grey,Electric,Manual,1.9,39993,157016,248,Low
12/31/2015,X6,2015,Africa,Red,Electric,Automatic,3.8,19116,113807,1246,Low
12/31/2021,i3,2021,Middle East,Grey,Petrol,Manual,1.5,16296,89069,3947,Low
12/31/2024,7 Series,2024,North America,Blue,Petrol,Automatic,3.7,83749,148922,1588,Low
12/31/2021,X1,2021,North America,Grey,Hybrid,Manual,3.1,71148,93851,827,Low
12/31/2018,X6,2018,North America,White,Diesel,Automatic,3.2,119034,90015,4261,Low
12/31/2012,i3,2012,Middle East,White,Diesel,Manual,3.6,105429,25000,3444,Low
12/31/2014,M3,2014,South America,Blue,Electric,Automatic,4.1,54707,99417,888,Low
12/31/2011,M5,2011,Asia,Silver,Hybrid,Manual,4.1,184365,92337,945,Low
12/31/2021,5 Series,2021,Europe,Blue,Hybrid,Automatic,1.7,12596,117483,7796,High
12/31/2022,i8,2022,Middle East,Blue,Petrol,Automatic,4.1,27011,190405,50,Low
12/31/2022,i8,2022,Africa,Grey,Diesel,Automatic,4.4,155265,142753,69,Low
12/31/2017,X3,2017,South America,White,Diesel,Manual,1.7,32062,65208,5897,High
12/31/2020,X3,2020,Middle East,Silver,Diesel,Manual,2.6,128444,76539,7169,High
12/31/2022,X5,2022,North America,Red,Diesel,Manual,4.3,48032,116806,5701,High
12/31/2013,5 Series,2013,Middle East,White,Hybrid,Manual,3.2,96717,76169,4163,Low
12/31/2015,5 Series,2015,North America,Blue,Petrol,Automatic,3.9,19064,97680,5575,High
12/31/2015,7 Series,2015,South America,Black,Electric,Automatic,3.3,18383,130875,50,Low
12/31/2014,i8,2014,South America,Silver,Diesel,Automatic,4.9,56121,142752,50,Low
12/31/2021,M5,2021,Europe,Grey,Hybrid,Manual,4.8,131419,145991,1838,Low
12/31/2021,X3,2021,Africa,Grey,Electric,Automatic,2.5,179949,84351,5884,High
12/31/2010,7 Series,2010,Asia,Silver,Electric,Automatic,2.9,88266,98424,389,Low
12/31/2020,3 Series,2020,Middle East,Blue,Electric,Manual,3,176274,81376,6903,High
12/31/2016,X6,2016,Middle East,Black,Petrol,Manual,1.9,57948,84205,2790,Low
12/31/2019,5 Series,2019,Europe,Silver,Diesel,Automatic,2.9,184695,70021,6882,High
12/31/2024,X1,2024,South America,White,Diesel,Automatic,4.2,6187,117017,5036,High
12/31/2017,X3,2017,North America,Blue,Petrol,Manual,4.5,145637,72394,9199,High
12/31/2010,X5,2010,Asia,Black,Hybrid,Automatic,4.6,116486,75945,5867,High
12/31/2019,i3,2019,Europe,Red,Electric,Automatic,1.6,156958,69883,5324,High
12/31/2016,M5,2016,Asia,Silver,Petrol,Automatic,4.3,199490,101598,1622,Low
12/31/2013,i8,2013,Middle East,Blue,Electric,Manual,3.3,170119,130739,50,Low
12/31/2015,i8,2015,Middle East,Red,Petrol,Automatic,2.2,76596,129946,50,Low
12/31/2018,X3,2018,Middle East,Black,Hybrid,Automatic,3.2,167694,79825,5519,High
12/31/2024,M5,2024,North America,Silver,Petrol,Automatic,4.5,188423,142726,1890,Low
12/31/2014,7 Series,2014,South America,Grey,Hybrid,Automatic,3,83191,105146,66,Low
12/31/2017,i8,2017,Africa,Grey,Electric,Manual,5,50896,157238,50,Low
12/31/2014,3 Series,2014,Africa,White,Petrol,Manual,3.7,66289,60689,4630,Low
12/31/2011,X1,2011,Asia,Grey,Diesel,Manual,3.2,188639,25000,7449,High
12/31/2013,X3,2013,Africa,Black,Petrol,Automatic,2.5,63867,52500,4404,Low
12/31/2023,5 Series,2023,North America,Silver,Petrol,Automatic,1.5,126038,91531,7430,High
12/31/2011,X6,2011,Europe,Blue,Petrol,Automatic,3.6,48064,82730,3510,Low
12/31/2016,7 Series,2016,South America,Red,Petrol,Automatic,3.5,139773,96110,478,Low
12/31/2016,M5,2016,Africa,Blue,Diesel,Manual,3.3,12845,116688,242,Low
12/31/2023,i3,2023,South America,Red,Diesel,Automatic,3.4,27398,100614,7074,High
12/31/2024,X5,2024,Asia,White,Hybrid,Automatic,4.5,125773,130879,6073,High
12/31/2012,i8,2012,North America,Red,Diesel,Manual,2.6,116233,110204,50,Low
12/31/2023,M3,2023,South America,Grey,Electric,Manual,3.4,193620,105843,2790,Low
12/31/2022,i3,2022,Middle East,Red,Diesel,Automatic,3.9,91745,97107,3594,Low
12/31/2016,7 Series,2016,Middle East,Blue,Petrol,Automatic,2.2,189602,84614,896,Low
12/31/2024,i3,2024,North America,Silver,Diesel,Automatic,4.7,22119,123998,4840,Low
12/31/2010,M3,2010,Europe,Silver,Diesel,Manual,4.1,150575,53818,2153,Low
12/31/2010,X5,2010,Middle East,White,Diesel,Manual,1.7,53694,52488,3538,Low
12/31/2018,M3,2018,South America,Red,Hybrid,Manual,4.5,78524,109719,1873,Low
12/31/2015,M3,2015,Asia,Silver,Hybrid,Manual,4.8,68192,109038,2346,Low
12/31/2022,X3,2022,South America,Silver,Diesel,Automatic,4.3,154315,88922,5991,High
12/31/2023,X3,2023,Asia,Red,Diesel,Automatic,3,69004,96505,9525,High
12/31/2021,i3,2021,Middle East,Grey,Diesel,Automatic,5,104030,97385,3305,Low
12/31/2014,i8,2014,South America,Red,Petrol,Automatic,1.9,195892,92602,50,Low
12/31/2022,i8,2022,Middle East,White,Electric,Manual,3.4,102606,172796,284,Low
12/31/2015,X6,2015,Middle East,Grey,Electric,Manual,2.1,109922,92002,2128,Low
12/31/2015,X6,2015,North America,Grey,Petrol,Manual,3,100616,82596,4379,Low
12/31/2010,i8,2010,North America,Silver,Diesel,Automatic,4.7,32837,132746,50,Low
12/31/2014,M5,2014,Europe,Silver,Petrol,Automatic,4.3,20452,128012,864,Low
12/31/2018,X5,2018,Africa,Red,Petrol,Automatic,4.2,153794,87477,3364,Low
12/31/2013,M5,2013,Middle East,Silver,Electric,Automatic,2.7,129523,107715,259,Low
12/31/2012,5 Series,2012,Middle East,Grey,Petrol,Automatic,4.8,110827,75198,4429,Low
12/31/2010,X1,2010,Europe,Silver,Hybrid,Manual,2.8,136551,30145,6260,High
12/31/2023,i3,2023,Africa,Red,Petrol,Automatic,1.6,17293,97693,2672,Low
12/31/2024,M5,2024,South America,Black,Petrol,Automatic,3.7,84720,142125,1135,Low
12/31/2011,3 Series,2011,Africa,Black,Hybrid,Manual,2.8,92685,46369,4478,Low
12/31/2012,X6,2012,South America,Grey,Diesel,Manual,2,123862,51350,2387,Low
12/31/2013,i3,2013,South America,Black,Diesel,Automatic,4.8,155312,50145,3037,Low
12/31/2016,i3,2016,North America,Grey,Electric,Manual,3.7,153024,74090,5386,High
12/31/2015,7 Series,2015,Europe,Red,Diesel,Automatic,4.8,9059,124523,684,Low
12/31/2020,i3,2020,North America,Black,Diesel,Automatic,3.5,51953,89132,5288,High
12/31/2017,X5,2017,Asia,Silver,Petrol,Automatic,1.7,3808,97825,6456,High
12/31/2023,i8,2023,Europe,Blue,Hybrid,Automatic,1.6,171735,147455,1024,Low
12/31/2018,X3,2018,Asia,Blue,Diesel,Automatic,4.7,77961,86906,8213,High
12/31/2024,i3,2024,North America,Blue,Petrol,Manual,1.6,12838,102504,6063,High
12/31/2015,7 Series,2015,Asia,Grey,Hybrid,Automatic,3.7,126392,106580,892,Low
12/31/2016,X6,2016,Asia,Red,Diesel,Automatic,2.5,113169,82841,3913,Low
12/31/2013,5 Series,2013,Asia,Silver,Electric,Automatic,3.9,155001,71825,6136,High
12/31/2011,X1,2011,Europe,Red,Hybrid,Manual,2.5,181317,25000,6620,High
12/31/2018,3 Series,2018,Africa,Silver,Hybrid,Manual,1.6,16708,81744,5750,High
12/31/2018,3 Series,2018,Middle East,Blue,Electric,Automatic,4.1,127432,90229,7013,High
12/31/2024,i3,2024,Africa,White,Petrol,Manual,2.6,124098,79785,4029,Low
12/31/2013,M3,2013,Africa,Grey,Hybrid,Manual,3.4,20664,89232,797,Low
12/31/2021,i8,2021,Europe,Grey,Electric,Manual,4.2,86062,170041,486,Low
12/31/2012,M5,2012,Asia,Grey,Electric,Manual,4,76975,118920,829,Low
12/31/2019,i3,2019,North America,Black,Hybrid,Manual,2.7,33724,96085,5875,High
12/31/2023,M3,2023,Europe,Blue,Petrol,Manual,4.1,86407,114852,3012,Low
12/31/2020,X6,2020,Middle East,Grey,Petrol,Automatic,4.7,6601,139596,2625,Low
12/31/2015,X1,2015,Europe,Blue,Electric,Automatic,3.6,93034,73704,6867,High
12/31/2023,5 Series,2023,South America,White,Petrol,Manual,4,169752,97085,5260,High
12/31/2023,i8,2023,Asia,Red,Electric,Automatic,4.5,30065,192575,547,Low
12/31/2012,5 Series,2012,South America,Silver,Hybrid,Manual,4.5,83299,77490,2894,Low
12/31/2010,3 Series,2010,Europe,Grey,Hybrid,Manual,2.7,89410,46092,8352,High
12/31/2013,M5,2013,Middle East,Silver,Petrol,Automatic,5,98293,114768,181,Low
12/31/2010,X6,2010,Asia,Red,Electric,Manual,1.6,4583,84267,2969,Low
12/31/2011,M3,2011,North America,Silver,Diesel,Manual,5,134106,69452,2004,Low
12/31/2012,M3,2012,Middle East,Silver,Petrol,Manual,2.4,4438,82602,1104,Low
12/31/2017,X5,2017,Middle East,Black,Hybrid,Automatic,3,136811,90120,3860,Low
12/31/2019,M5,2019,North America,Red,Petrol,Automatic,4.6,156894,125755,1866,Low
12/31/2013,i3,2013,South America,Silver,Diesel,Manual,2.4,50785,49631,2389,Low
12/31/2013,M3,2013,Africa,Red,Petrol,Manual,2.3,129140,55762,1307,Low
12/31/2022,i8,2022,Middle East,Silver,Diesel,Automatic,3.8,96067,162033,50,Low
12/31/2019,X1,2019,South America,Silver,Electric,Automatic,4,18379,100587,5415,High
12/31/2018,3 Series,2018,North America,Grey,Electric,Manual,1.5,6640,89642,10839,High
12/31/2016,i8,2016,Asia,Silver,Electric,Manual,3.1,75642,146158,50,Low
12/31/2011,X3,2011,Africa,Blue,Electric,Automatic,3.2,35118,72825,3174,Low
12/31/2012,M5,2012,Europe,Silver,Hybrid,Automatic,2.5,52708,106161,902,Low
12/31/2013,i8,2013,North America,Grey,Electric,Automatic,3.4,628,163176,50,Low
12/31/2013,i8,2013,Asia,Grey,Hybrid,Automatic,2,196660,109190,50,Low
12/31/2019,X1,2019,Europe,Red,Hybrid,Automatic,2.6,83730,81735,7038,High
12/31/2017,M3,2017,North America,Black,Petrol,Manual,4,55228,101925,2761,Low
12/31/2019,i3,2019,Africa,White,Diesel,Manual,4.6,6352,100078,2297,Low
12/31/2023,i3,2023,Africa,Red,Petrol,Manual,3.6,165401,83293,3838,Low
12/31/2019,3 Series,2019,North America,Red,Hybrid,Automatic,1.8,197846,58196,9313,High
12/31/2015,X3,2015,North America,White,Petrol,Automatic,3.9,128553,67253,7182,High
12/31/2012,X3,2012,Asia,Grey,Electric,Manual,4.6,119429,67200,9415,High
12/31/2020,i8,2020,Europe,Silver,Electric,Manual,3.3,144634,156290,477,Low
12/31/2018,X3,2018,South America,Grey,Diesel,Manual,3.2,67283,76864,4673,Low
12/31/2019,X1,2019,South America,Red,Petrol,Automatic,5,125499,73611,4560,Low
12/31/2017,3 Series,2017,South America,Silver,Petrol,Automatic,3.7,159172,61014,5185,High
12/31/2018,7 Series,2018,Africa,Red,Electric,Manual,4.3,60380,130522,567,Low
12/31/2024,M3,2024,Europe,Red,Electric,Automatic,3.8,69282,136725,3085,Low
12/31/2014,7 Series,2014,Africa,Black,Hybrid,Automatic,2.3,4707,111857,50,Low
12/31/2012,M3,2012,South America,White,Hybrid,Automatic,2.5,72482,75399,969,Low
12/31/2013,M3,2013,South America,Grey,Diesel,Automatic,3.8,178571,55110,1325,Low
12/31/2023,i3,2023,North America,Silver,Hybrid,Manual,3.1,61273,109290,5529,High
12/31/2022,M3,2022,Middle East,Blue,Electric,Manual,2.9,79484,123672,2825,Low
12/31/2021,3 Series,2021,Europe,White,Electric,Manual,1.6,46574,96824,11409,High
12/31/2014,X3,2014,Middle East,Blue,Hybrid,Automatic,4.6,11478,98203,4555,Low
12/31/2018,X3,2018,Asia,Red,Diesel,Automatic,4.6,7084,99542,9308,High
12/31/2018,X1,2018,Asia,Silver,Hybrid,Automatic,3.1,100601,77407,9648,High
12/31/2023,7 Series,2023,North America,Blue,Diesel,Automatic,4,4341,158745,1187,Low
12/31/2012,i8,2012,Africa,White,Hybrid,Manual,2.1,80263,116901,50,Low
12/31/2016,M5,2016,Africa,Grey,Hybrid,Manual,3.3,70938,121155,199,Low
12/31/2015,X6,2015,Africa,Black,Hybrid,Automatic,3,132379,84751,2043,Low
12/31/2024,3 Series,2024,Europe,Blue,Hybrid,Manual,3.8,10631,59794,10585,High
12/31/2013,X6,2013,North America,Blue,Electric,Manual,3.1,62891,93228,3680,Low
12/31/2014,M5,2014,North America,Blue,Electric,Manual,3.2,40885,125043,783,Low
12/31/2023,X1,2023,South America,Blue,Hybrid,Manual,2.5,86952,90982,5314,High
12/31/2024,i3,2024,Africa,Grey,Diesel,Automatic,1.7,127429,74341,3990,Low
12/31/2019,M5,2019,South America,White,Petrol,Manual,4.7,189288,111510,1016,Low
12/31/2011,X6,2011,North America,Grey,Electric,Manual,1.5,6040,86752,3590,Low
12/31/2020,3 Series,2020,Africa,Blue,Diesel,Automatic,2.5,1863,88422,5823,High
12/31/2016,M3,2016,Africa,Silver,Petrol,Manual,3.1,139495,67633,1557,Low
12/31/2023,3 Series,2023,Africa,Silver,Electric,Manual,2.6,110302,96547,6172,High
12/31/2013,7 Series,2013,North America,Blue,Electric,Automatic,3.4,199811,93151,968,Low
12/31/2011,i3,2011,North America,Red,Hybrid,Manual,3.1,10614,63309,3826,Low
12/31/2020,i3,2020,North America,Silver,Hybrid,Automatic,2.4,176593,70251,6141,High
12/31/2015,X3,2015,South America,Red,Diesel,Manual,1.8,153890,37003,5644,High
12/31/2020,3 Series,2020,North America,Silver,Diesel,Automatic,2,20850,85764,9558,High
12/31/2021,7 Series,2021,Africa,Black,Diesel,Automatic,3.2,153972,105066,859,Low
12/31/2011,X5,2011,South America,Silver,Electric,Manual,4.5,115427,75358,2972,Low
12/31/2019,3 Series,2019,Middle East,Blue,Hybrid,Automatic,1.9,119248,76424,8394,High
12/31/2011,M5,2011,Africa,Blue,Hybrid,Automatic,3.9,20842,112094,50,Low
12/31/2016,X5,2016,Asia,Silver,Petrol,Manual,4.3,138358,78864,5200,High
12/31/2010,3 Series,2010,Africa,White,Diesel,Manual,2.5,67193,33751,5022,High
12/31/2016,3 Series,2016,Africa,Blue,Hybrid,Automatic,3.8,72033,79380,4541,Low
12/31/2019,3 Series,2019,North America,Red,Petrol,Manual,3.9,8679,99822,10337,High
12/31/2014,X6,2014,Middle East,Grey,Hybrid,Manual,4,63379,99226,2300,Low
12/31/2010,X3,2010,North America,Grey,Hybrid,Manual,4.6,113583,56252,6804,High
12/31/2015,X6,2015,Asia,White,Petrol,Automatic,2.9,122845,77306,4717,Low
12/31/2016,5 Series,2016,North America,Black,Petrol,Automatic,2.4,60489,80389,7082,High
12/31/2010,i3,2010,Africa,Grey,Diesel,Automatic,3.4,107892,32791,1952,Low
12/31/2018,X6,2018,Asia,Grey,Petrol,Manual,1.7,104675,80021,3964,Low
12/31/2024,X6,2024,South America,Silver,Diesel,Manual,2.7,46259,123106,2959,Low
12/31/2016,X3,2016,Africa,Grey,Diesel,Automatic,4.6,73509,76807,3766,Low
12/31/2010,M3,2010,South America,Blue,Petrol,Manual,3.4,34670,67663,896,Low
12/31/2012,M3,2012,North America,Blue,Diesel,Automatic,3,198447,46571,2641,Low
12/31/2014,3 Series,2014,South America,Red,Hybrid,Automatic,2.4,152364,49064,5670,High
12/31/2013,M3,2013,North America,Blue,Diesel,Manual,2.4,39519,74525,2349,Low
12/31/2011,5 Series,2011,Asia,Red,Diesel,Automatic,2.3,43381,57901,6652,High
12/31/2024,X3,2024,Asia,Blue,Diesel,Automatic,4.4,14673,127842,7833,High
12/31/2010,3 Series,2010,Middle East,White,Petrol,Automatic,4.9,50543,60308,5218,High
12/31/2013,7 Series,2013,Middle East,Red,Diesel,Automatic,3.4,196896,75878,528,Low
12/31/2016,i3,2016,Europe,Blue,Diesel,Manual,1.8,30266,62546,4423,Low
12/31/2020,5 Series,2020,Asia,Blue,Diesel,Manual,4.1,178702,80239,8283,High
12/31/2013,3 Series,2013,Europe,Blue,Hybrid,Manual,4.6,96491,68982,8422,High
12/31/2018,i8,2018,Asia,Grey,Diesel,Automatic,4.8,60843,162482,50,Low
12/31/2023,i8,2023,South America,Blue,Electric,Automatic,3.7,145465,166873,379,Low
12/31/2017,7 Series,2017,Asia,White,Hybrid,Manual,3.3,131863,110843,1091,Low
12/31/2017,X6,2017,South America,White,Diesel,Manual,3.7,114846,90240,2213,Low
12/31/2014,M3,2014,Africa,Blue,Petrol,Automatic,1.5,97018,60869,1415,Low
12/31/2021,M3,2021,Asia,Silver,Hybrid,Manual,3.8,105120,116405,4138,Low
12/31/2024,i8,2024,North America,Red,Electric,Manual,4,174695,179262,706,Low
12/31/2010,5 Series,2010,North America,Silver,Electric,Manual,4,92145,68015,6167,High
12/31/2024,M5,2024,South America,Blue,Electric,Automatic,3.5,111226,151316,1646,Low
12/31/2018,5 Series,2018,Asia,Red,Electric,Automatic,4,24042,118129,6978,High
12/31/2011,X1,2011,North America,Red,Diesel,Manual,3.7,22755,52562,6192,High
12/31/2015,i8,2015,Europe,Black,Petrol,Automatic,1.9,188298,102417,69,Low
12/31/2019,M3,2019,Africa,Red,Diesel,Manual,4.6,183036,85545,1513,Low
12/31/2023,X1,2023,North America,Black,Petrol,Automatic,3.7,149242,85284,9055,High
12/31/2014,X3,2014,Europe,Blue,Petrol,Automatic,4,198702,45393,9248,High
12/31/2019,X3,2019,Europe,Silver,Electric,Automatic,2.7,9666,102821,7964,High
12/31/2022,M3,2022,North America,Blue,Petrol,Manual,4.7,180231,102851,3115,Low
12/31/2024,3 Series,2024,Middle East,White,Electric,Automatic,3.3,40096,129162,6864,High
12/31/2017,X6,2017,Middle East,Blue,Diesel,Automatic,3.9,137554,90277,2595,Low
12/31/2020,X6,2020,North America,Black,Petrol,Automatic,4.8,188200,102017,4987,Low
12/31/2012,M5,2012,North America,White,Hybrid,Automatic,4.7,53228,131914,506,Low
12/31/2015,i8,2015,South America,Silver,Hybrid,Manual,3.8,105223,136064,50,Low
12/31/2015,X6,2015,North America,Silver,Diesel,Automatic,2.1,169595,66738,4728,Low
12/31/2019,i3,2019,South America,Black,Hybrid,Automatic,4.8,45498,103321,3316,Low
12/31/2012,X5,2012,South America,White,Electric,Manual,4.9,16008,100068,2669,Low
12/31/2021,5 Series,2021,South America,Grey,Hybrid,Automatic,1.9,49509,106409,4714,Low
12/31/2021,i3,2021,Europe,Black,Petrol,Automatic,3.1,135010,78715,5982,High
12/31/2024,X3,2024,Africa,Silver,Petrol,Automatic,3.4,159238,44826,6527,High
12/31/2021,5 Series,2021,Europe,Red,Electric,Automatic,1.8,88325,98928,7005,High
12/31/2016,X5,2016,Europe,Red,Electric,Automatic,2.2,78328,89838,5332,High
12/31/2020,i3,2020,South America,Red,Electric,Automatic,3.4,28988,104825,3854,Low
12/31/2013,M3,2013,Africa,Blue,Hybrid,Automatic,4.9,22770,107850,478,Low
12/31/2014,7 Series,2014,Asia,Silver,Hybrid,Automatic,1.6,151567,88643,1296,Low
12/31/2018,X5,2018,Africa,White,Diesel,Manual,4.7,83657,91199,3376,Low
12/31/2015,M3,2015,Europe,Blue,Electric,Automatic,4.6,114595,102038,2249,Low
12/31/2019,5 Series,2019,Middle East,Silver,Electric,Automatic,4.5,180749,99882,5653,High
12/31/2024,3 Series,2024,South America,White,Petrol,Automatic,2.8,85112,92363,5942,High
12/31/2022,7 Series,2022,Africa,Blue,Electric,Manual,3.2,65926,139364,1184,Low
12/31/2013,X6,2013,Middle East,Grey,Petrol,Automatic,2.9,20289,95325,1906,Low
12/31/2017,M3,2017,South America,Black,Diesel,Automatic,4.8,125214,92318,1289,Low
12/31/2018,7 Series,2018,Africa,Grey,Diesel,Automatic,3.3,52764,113988,396,Low
12/31/2019,i3,2019,North America,Blue,Diesel,Automatic,1.8,110416,65907,5563,High
12/31/2014,i3,2014,South America,Silver,Hybrid,Manual,2.5,9457,71861,2244,Low
12/31/2011,X5,2011,Africa,Black,Electric,Manual,3.1,72270,74701,2074,Low
12/31/2024,M3,2024,North America,Black,Hybrid,Manual,4.8,197019,120154,4433,Low
12/31/2024,7 Series,2024,Europe,Blue,Petrol,Manual,3.5,175931,125780,2023,Low
12/31/2015,M3,2015,Middle East,Red,Diesel,Automatic,3.9,104957,88028,1484,Low
12/31/2020,X3,2020,Middle East,Grey,Electric,Manual,1.8,189677,74063,6152,High
12/31/2024,X5,2024,Middle East,Red,Diesel,Manual,4.6,104116,121524,4496,Low
12/31/2021,M3,2021,Asia,Silver,Petrol,Automatic,3.4,128077,103093,3301,Low
12/31/2017,X1,2017,Africa,Black,Petrol,Automatic,4.7,99304,68079,3684,Low
12/31/2022,i3,2022,Africa,Grey,Petrol,Automatic,3.1,72720,89859,2847,Low
12/31/2014,M3,2014,Asia,Red,Diesel,Manual,3.9,158537,68840,2797,Low
12/31/2010,3 Series,2010,North America,Silver,Electric,Automatic,3.1,133488,49165,8411,High
12/31/2017,M5,2017,North America,Blue,Hybrid,Manual,2,140605,109471,1666,Low
12/31/2018,7 Series,2018,North America,Blue,Petrol,Automatic,2.5,56641,117263,213,Low
12/31/2010,7 Series,2010,North America,Blue,Hybrid,Automatic,1.7,154317,68924,879,Low
12/31/2017,7 Series,2017,South America,Grey,Hybrid,Manual,3,89364,113146,351,Low
12/31/2019,M3,2019,South America,Red,Petrol,Automatic,3.8,118626,94413,1574,Low
12/31/2021,M3,2021,Middle East,Blue,Diesel,Automatic,2.4,111963,97892,2471,Low
12/31/2011,M5,2011,South America,Black,Electric,Manual,3.2,141555,90792,75,Low
12/31/2013,X6,2013,Middle East,Silver,Hybrid,Manual,3.1,172478,75806,2080,Low
12/31/2022,i3,2022,Europe,Blue,Hybrid,Manual,3.4,106019,100835,5549,High
12/31/2024,i3,2024,Africa,Blue,Electric,Automatic,2.1,92840,103208,3246,Low
12/31/2024,M3,2024,North America,White,Electric,Automatic,3.4,172204,126004,3799,Low
12/31/2011,7 Series,2011,Africa,Grey,Diesel,Manual,2.8,61182,81590,50,Low
12/31/2011,i8,2011,Africa,Red,Electric,Automatic,2.5,147283,111407,50,Low
12/31/2019,i8,2019,Middle East,Black,Diesel,Automatic,3.6,646,173410,50,Low
12/31/2012,X1,2012,North America,Black,Petrol,Automatic,2,111509,31070,8121,High
12/31/2023,i3,2023,North America,Grey,Electric,Automatic,4.7,9435,141771,5927,High
12/31/2017,3 Series,2017,North America,Red,Hybrid,Manual,4.8,30099,102877,9105,High
12/31/2013,i8,2013,South America,Black,Diesel,Automatic,3.8,21535,133140,50,Low
12/31/2016,X3,2016,North America,Silver,Hybrid,Automatic,2.6,133522,67937,9432,High
12/31/2021,5 Series,2021,Europe,Black,Diesel,Manual,3.7,86811,96511,5910,High
12/31/2019,i8,2019,North America,White,Diesel,Automatic,3.6,93400,146023,50,Low
12/31/2012,i3,2012,North America,White,Electric,Manual,2.9,68437,63969,4436,Low
12/31/2019,7 Series,2019,South America,Black,Hybrid,Automatic,2.5,40769,133564,927,Low
12/31/2021,M5,2021,South America,White,Hybrid,Manual,2.1,169684,111131,1578,Low
12/31/2023,M5,2023,Europe,Blue,Electric,Manual,2.3,18117,159451,2272,Low
12/31/2024,i3,2024,Asia,Blue,Diesel,Manual,3.8,167904,87897,6890,High
12/31/2023,i3,2023,Africa,Red,Diesel,Automatic,4.6,163369,83438,3806,Low
12/31/2022,7 Series,2022,Africa,Silver,Electric,Automatic,2.8,155117,127015,1402,Low
12/31/2020,M3,2020,Asia,Red,Hybrid,Automatic,1.9,43829,109870,3268,Low
12/31/2023,i3,2023,North America,Blue,Petrol,Automatic,1.5,68418,84557,4923,Low
12/31/2012,X3,2012,South America,Silver,Petrol,Automatic,2.9,138815,38727,5327,High
12/31/2011,X5,2011,Europe,Blue,Petrol,Automatic,2.3,175639,41087,4759,Low
12/31/2022,X3,2022,Africa,Silver,Diesel,Automatic,2.6,107859,86835,4419,Low
12/31/2021,M3,2021,Europe,White,Hybrid,Manual,2.3,106947,108773,3458,Low
12/31/2015,i8,2015,Europe,Black,Petrol,Manual,3.8,92825,200000,50,Low
12/31/2015,3 Series,2015,Middle East,Blue,Hybrid,Manual,3.7,11279,84912,5799,High
12/31/2010,X6,2010,North America,Blue,Hybrid,Manual,4.7,194515,66054,3420,Low
12/31/2016,7 Series,2016,Asia,Grey,Petrol,Manual,3.9,120547,105230,1132,Low
12/31/2021,M5,2021,Africa,Silver,Electric,Automatic,2.1,165634,124996,1560,Low
12/31/2023,M3,2023,Africa,Silver,Diesel,Automatic,4.1,199502,91948,2141,Low
12/31/2023,i8,2023,North America,Blue,Electric,Automatic,2.1,102128,172199,771,Low
12/31/2013,5 Series,2013,Asia,Black,Electric,Automatic,3.5,22007,93520,7118,High
12/31/2022,3 Series,2022,Africa,Grey,Petrol,Manual,1.8,71562,81399,6239,High
12/31/2020,X5,2020,Europe,Red,Electric,Manual,1.7,46863,104688,7080,High
12/31/2021,X3,2021,Europe,Grey,Hybrid,Manual,3.1,18802,104847,8691,High
12/31/2012,5 Series,2012,Asia,Grey,Hybrid,Automatic,1.9,124454,54623,5911,High
12/31/2022,M3,2022,Europe,Red,Hybrid,Automatic,2.6,22504,132106,3001,Low
12/31/2022,X6,2022,Europe,Blue,Petrol,Automatic,2.7,10346,122279,4369,Low
12/31/2017,X3,2017,Africa,Black,Petrol,Automatic,4.2,39542,85066,4544,Low
12/31/2011,7 Series,2011,North America,Grey,Petrol,Automatic,2.7,100403,85191,617,Low
12/31/2018,M3,2018,Middle East,Grey,Hybrid,Manual,3.2,117919,103112,2157,Low
12/31/2022,M3,2022,Europe,Silver,Diesel,Automatic,4.2,178552,104168,3086,Low
12/31/2017,i3,2017,South America,Blue,Petrol,Automatic,2.2,179271,47343,3694,Low
12/31/2017,5 Series,2017,North America,Red,Hybrid,Automatic,4.3,36538,110734,5595,High
12/31/2022,3 Series,2022,Europe,Black,Diesel,Automatic,4.4,69544,97910,8412,High
12/31/2012,M3,2012,South America,Black,Petrol,Manual,5,155604,65348,1259,Low
12/31/2022,M3,2022,South America,Red,Hybrid,Automatic,3.1,116851,115624,2708,Low
12/31/2013,3 Series,2013,South America,Blue,Diesel,Manual,2.8,3309,58326,5483,High
12/31/2011,7 Series,2011,South America,Red,Diesel,Manual,4,17418,95196,50,Low
12/31/2011,5 Series,2011,North America,Grey,Hybrid,Automatic,1.7,99014,55195,5613,High
12/31/2013,i8,2013,Middle East,Silver,Electric,Automatic,1.6,199365,106564,50,Low
12/31/2015,X3,2015,Asia,Red,Petrol,Manual,2.7,71064,61679,7780,High
12/31/2014,7 Series,2014,Africa,Silver,Hybrid,Automatic,4.1,82336,114368,50,Low
12/31/2024,M5,2024,Middle East,Red,Electric,Manual,1.9,69982,160026,1877,Low
12/31/2010,i8,2010,North America,Silver,Electric,Manual,3.7,49807,140153,50,Low
12/31/2022,3 Series,2022,Africa,Silver,Hybrid,Automatic,2.4,196515,73434,7099,High
12/31/2019,i3,2019,Africa,Grey,Petrol,Automatic,3.8,92688,82823,2416,Low
12/31/2010,i8,2010,Africa,White,Hybrid,Automatic,3.1,57004,124054,50,Low
12/31/2024,5 Series,2024,Asia,Blue,Hybrid,Manual,1.9,152473,95913,7747,High
12/31/2015,X1,2015,Middle East,Black,Electric,Manual,2.4,41878,74591,4720,Low
12/31/2012,X5,2012,Middle East,Black,Petrol,Automatic,2.3,45283,70033,3604,Low
12/31/2012,M5,2012,Middle East,Silver,Diesel,Automatic,2.1,193008,71547,777,Low
12/31/2016,X1,2016,Europe,White,Hybrid,Manual,3.1,192430,45296,7433,High
12/31/2022,i3,2022,Asia,Black,Petrol,Automatic,4.8,153840,89714,4989,Low
12/31/2022,X5,2022,Asia,White,Diesel,Automatic,3.8,43703,116507,6149,High
12/31/2010,i8,2010,Africa,White,Petrol,Manual,4.4,170762,97612,50,Low
12/31/2010,7 Series,2010,Middle East,Black,Petrol,Manual,4.9,78195,100510,50,Low
12/31/2023,i3,2023,Asia,Grey,Electric,Manual,3.4,50409,48486,7783,High
12/31/2022,7 Series,2022,South America,Blue,Petrol,Automatic,2.3,135794,110061,1259,Low
12/31/2019,5 Series,2019,Middle East,Grey,Diesel,Manual,4.7,170525,80586,5177,High
12/31/2012,7 Series,2012,North America,Red,Hybrid,Automatic,3.9,24344,113235,443,Low
12/31/2023,3 Series,2023,South America,Blue,Electric,Automatic,4.9,129889,114960,7106,High
12/31/2017,5 Series,2017,Asia,Red,Electric,Manual,3.8,66923,100055,6723,High
12/31/2010,M3,2010,South America,Blue,Electric,Manual,4.2,65665,83258,559,Low
12/31/2019,i8,2019,North America,Blue,Diesel,Manual,4.6,65218,155249,50,Low
12/31/2022,M3,2022,North America,White,Petrol,Automatic,4.2,113836,115826,3273,Low
12/31/2013,3 Series,2013,South America,Silver,Electric,Automatic,3.5,19265,80879,4471,Low
12/31/2018,X6,2018,Africa,Grey,Diesel,Manual,3.2,64222,92638,2203,Low
12/31/2023,3 Series,2023,South America,Black,Petrol,Manual,4.4,21695,110866,7054,High
12/31/2013,X1,2013,Europe,Red,Electric,Manual,4.2,160022,52179,6376,High
12/31/2019,3 Series,2019,North America,Grey,Diesel,Manual,2.8,123341,68149,10017,High
12/31/2017,X5,2017,South America,Grey,Hybrid,Automatic,3.2,198033,73994,3808,Low
12/31/2016,7 Series,2016,Middle East,White,Petrol,Manual,3.7,9674,128230,181,Low
12/31/2012,i3,2012,Middle East,Red,Hybrid,Manual,1.6,167481,33555,3152,Low
12/31/2016,3 Series,2016,Middle East,Grey,Diesel,Automatic,2.4,117844,57631,7405,High
12/31/2024,i3,2024,South America,Grey,Electric,Manual,2.4,51652,109869,4086,Low
12/31/2016,X3,2016,Middle East,Grey,Hybrid,Manual,4.6,62274,95585,4822,Low
12/31/2019,X6,2019,North America,Grey,Diesel,Manual,2.7,80391,98465,4070,Low
12/31/2012,5 Series,2012,Europe,Blue,Diesel,Manual,3.4,183205,39935,5485,High
12/31/2011,M5,2011,Middle East,White,Hybrid,Manual,4.4,52121,119179,50,Low
12/31/2024,M3,2024,Asia,Blue,Diesel,Manual,2.4,159455,96675,3395,Low
12/31/2018,X5,2018,Middle East,Grey,Electric,Manual,1.9,43583,110832,4771,Low
12/31/2024,3 Series,2024,North America,Silver,Diesel,Automatic,4.8,53196,112128,8518,High
12/31/2010,X3,2010,Asia,Red,Petrol,Manual,4,125375,42107,9043,High
12/31/2023,X6,2023,Asia,Blue,Hybrid,Automatic,2.1,78450,129732,5782,High
12/31/2016,X5,2016,Africa,Grey,Petrol,Manual,4.4,38526,96808,3039,Low
12/31/2013,i3,2013,Europe,Blue,Hybrid,Manual,4.3,79689,70649,3817,Low
12/31/2011,M5,2011,Africa,Grey,Hybrid,Automatic,4.4,99838,106649,50,Low
12/31/2024,M3,2024,Middle East,Blue,Hybrid,Automatic,2.5,41098,136270,2678,Low
12/31/2011,X1,2011,Asia,White,Electric,Manual,3.1,120132,44974,8309,High
12/31/2017,M3,2017,Asia,Red,Petrol,Manual,3.9,152060,85582,3113,Low
12/31/2016,i3,2016,Middle East,Silver,Petrol,Manual,2.9,132992,53324,3028,Low
12/31/2021,7 Series,2021,Europe,Silver,Hybrid,Manual,1.7,47296,125469,1753,Low
12/31/2016,X1,2016,Middle East,Red,Hybrid,Manual,2,182705,42660,5100,High
12/31/2014,X6,2014,Asia,Blue,Petrol,Automatic,3.6,87364,86457,3924,Low
12/31/2023,X1,2023,Asia,Red,Electric,Automatic,2.8,1533,112478,8954,High
12/31/2019,X6,2019,Africa,Red,Hybrid,Automatic,1.5,143707,84831,3066,Low
12/31/2017,X6,2017,Africa,Blue,Hybrid,Manual,4.2,39867,111937,1879,Low
12/31/2023,M5,2023,Africa,Grey,Petrol,Manual,3,171940,125147,1238,Low
12/31/2011,i8,2011,North America,Silver,Hybrid,Automatic,2.6,20630,139259,50,Low
12/31/2011,X6,2011,Middle East,Black,Electric,Automatic,4,83460,92429,1575,Low
12/31/2014,M5,2014,South America,Blue,Hybrid,Manual,3.1,155863,93646,508,Low
12/31/2024,X5,2024,South America,Silver,Petrol,Automatic,3.9,163323,103704,4201,Low
12/31/2010,5 Series,2010,Africa,Grey,Electric,Manual,1.5,25936,63161,3012,Low
12/31/2015,M5,2015,Middle East,Silver,Hybrid,Manual,1.5,9104,129818,299,Low
12/31/2013,X3,2013,Middle East,White,Diesel,Automatic,3.5,32890,71571,5127,High
12/31/2015,5 Series,2015,Europe,Grey,Electric,Manual,4.9,74397,97997,5557,High
12/31/2016,5 Series,2016,Europe,Silver,Petrol,Manual,2.5,128235,62929,6907,High
12/31/2022,i8,2022,Europe,Silver,Hybrid,Manual,3.9,196661,154176,890,Low
12/31/2012,X3,2012,Europe,White,Electric,Automatic,2.1,32115,73141,7617,High
12/31/2020,M3,2020,Africa,Red,Diesel,Manual,2.6,105296,83722,2020,Low
12/31/2022,7 Series,2022,Europe,White,Hybrid,Manual,1.8,4630,143200,1754,Low
12/31/2017,X5,2017,Middle East,Silver,Diesel,Automatic,4.6,61719,107382,3690,Low
12/31/2016,7 Series,2016,Middle East,White,Hybrid,Automatic,2.6,173328,102253,482,Low
12/31/2022,X6,2022,South America,Black,Hybrid,Automatic,2.3,149946,102687,3814,Low
12/31/2010,X5,2010,Middle East,Blue,Hybrid,Automatic,4.1,70195,78981,2977,Low
12/31/2015,X1,2015,South America,Red,Hybrid,Manual,2.2,61997,59184,5061,High
12/31/2016,X5,2016,Africa,Black,Diesel,Automatic,2.3,4304,90912,3085,Low
12/31/2023,X5,2023,Asia,Blue,Hybrid,Automatic,1.9,101050,117702,7310,High
12/31/2020,5 Series,2020,Middle East,Blue,Diesel,Manual,4.9,138258,100206,5034,High
12/31/2024,X1,2024,South America,Blue,Petrol,Automatic,2.4,114302,85060,6133,High
12/31/2013,i8,2013,Africa,Blue,Electric,Automatic,5,84292,150837,50,Low
12/31/2023,i3,2023,North America,Black,Petrol,Automatic,2.1,70928,90655,5347,High
12/31/2011,M3,2011,Middle East,White,Petrol,Automatic,1.6,143712,45939,1729,Low
12/31/2019,X3,2019,Middle East,Red,Petrol,Automatic,4.6,42086,57554,7191,High
12/31/2018,X1,2018,Asia,Red,Diesel,Automatic,3.5,115845,63212,8639,High
12/31/2016,i3,2016,Africa,White,Diesel,Manual,2.7,70388,60059,2656,Low
12/31/2010,7 Series,2010,North America,White,Hybrid,Automatic,3.3,45559,97208,324,Low
12/31/2017,7 Series,2017,Africa,Grey,Electric,Automatic,2.4,34592,128158,50,Low
12/31/2024,i8,2024,South America,Red,Hybrid,Automatic,3.7,6816,195902,50,Low
12/31/2012,X6,2012,Middle East,Silver,Electric,Manual,3.7,88091,94395,1725,Low
12/31/2013,5 Series,2013,Middle East,White,Electric,Automatic,1.8,22633,87115,4305,Low
12/31/2021,X3,2021,Middle East,Blue,Hybrid,Manual,4.7,56872,116152,5465,High
12/31/2014,M3,2014,Asia,White,Hybrid,Manual,3.1,109370,78617,2725,Low
12/31/2010,M3,2010,Europe,Red,Diesel,Manual,2.2,179446,32568,2824,Low
12/31/2024,X3,2024,Africa,Black,Hybrid,Automatic,2.6,173188,91740,6390,High
12/31/2015,5 Series,2015,South America,Silver,Diesel,Manual,4.5,7453,93016,3893,Low
12/31/2019,5 Series,2019,Europe,Black,Petrol,Automatic,2.8,28333,100350,947,Low
12/31/2015,5 Series,2015,Middle East,Blue,Hybrid,Automatic,3.5,5209,105630,3584,Low
12/31/2011,i8,2011,South America,Red,Hybrid,Manual,4.8,18487,140842,50,Low
12/31/2020,X3,2020,Africa,Black,Diesel,Manual,3.8,69378,45335,5403,High
12/31/2019,7 Series,2019,Africa,Silver,Petrol,Automatic,3.9,57844,124853,67,Low
12/31/2015,M5,2015,Middle East,Blue,Electric,Automatic,2.4,59403,130550,287,Low
12/31/2017,i3,2017,Africa,White,Hybrid,Manual,3.8,164998,64623,2490,Low
12/31/2015,3 Series,2015,Africa,Silver,Hybrid,Automatic,2.9,76569,69253,5175,High
12/31/2013,X1,2013,North America,Grey,Hybrid,Automatic,4.7,12812,80533,6403,High
12/31/2024,X1,2024,North America,Black,Petrol,Manual,2,127896,77326,7571,High
12/31/2013,M5,2013,South America,Red,Diesel,Automatic,2.5,79696,90452,337,Low
12/31/2018,5 Series,2018,Asia,Blue,Diesel,Automatic,1.7,49935,80532,6828,High
12/31/2015,i8,2015,Europe,White,Diesel,Manual,2.8,142951,107489,50,Low
12/31/2017,3 Series,2017,Europe,Blue,Diesel,Automatic,2,122792,53605,8835,High
12/31/2017,X6,2017,Africa,Blue,Electric,Automatic,4.5,12369,134213,1460,Low
12/31/2016,X6,2016,Europe,Grey,Electric,Automatic,4.7,109618,115652,3579,Low
12/31/2012,X5,2012,Middle East,Grey,Petrol,Manual,3.8,191440,55392,3176,Low
12/31/2019,i8,2019,North America,White,Petrol,Manual,1.9,193696,124969,369,Low
12/31/2010,X1,2010,South America,Black,Hybrid,Automatic,2.7,74022,41849,3964,Low
12/31/2014,i8,2014,Asia,White,Petrol,Automatic,4.9,70807,143391,50,Low
12/31/2022,i3,2022,Middle East,Red,Diesel,Automatic,2,181481,68368,4829,Low
12/31/2024,M3,2024,South America,Silver,Diesel,Manual,3.4,63803,121891,2014,Low
12/31/2019,5 Series,2019,Africa,Black,Hybrid,Automatic,2.7,102765,87544,3940,Low
12/31/2019,i8,2019,North America,Black,Diesel,Manual,5,30049,160940,50,Low
12/31/2024,5 Series,2024,Africa,Grey,Petrol,Manual,2.5,17885,112860,3663,Low
12/31/2011,X6,2011,South America,Red,Diesel,Manual,1.7,98355,49436,2055,Low
12/31/2021,X1,2021,Middle East,Silver,Hybrid,Automatic,4,149040,90405,6594,High
12/31/2019,3 Series,2019,South America,Black,Diesel,Automatic,2.6,64990,71557,6683,High
12/31/2022,i8,2022,North America,Grey,Petrol,Manual,3.8,50753,164154,251,Low
12/31/2011,X1,2011,Africa,White,Petrol,Manual,1.9,181902,25000,3638,Low
12/31/2023,3 Series,2023,Middle East,Blue,Hybrid,Manual,3.3,84024,101017,7103,High
12/31/2016,X1,2016,South America,Grey,Electric,Manual,2.8,60525,75136,4400,Low
12/31/2020,M3,2020,Africa,Silver,Hybrid,Manual,3.4,107312,109997,1726,Low
12/31/2022,7 Series,2022,Asia,Black,Petrol,Automatic,4.5,186042,120363,1862,Low
12/31/2012,X3,2012,Africa,Silver,Hybrid,Automatic,4.9,53193,79314,3176,Low
12/31/2022,i3,2022,South America,Black,Hybrid,Manual,4.1,159638,86316,3679,Low
12/31/2017,3 Series,2017,Africa,Grey,Petrol,Automatic,4.2,136617,66930,5390,High
12/31/2018,M3,2018,South America,Red,Hybrid,Automatic,3.4,167492,88743,1891,Low
12/31/2023,X5,2023,North America,Black,Diesel,Manual,1.8,110247,98014,5906,High
12/31/2022,M5,2022,South America,Red,Petrol,Manual,3.8,34590,149923,803,Low
12/31/2017,X5,2017,South America,Silver,Electric,Automatic,2,155021,75856,3135,Low
12/31/2015,X6,2015,South America,White,Hybrid,Manual,2.4,180933,70682,2092,Low
12/31/2014,X5,2014,Middle East,Black,Petrol,Automatic,4,170080,72712,3158,Low
12/31/2012,5 Series,2012,Asia,White,Petrol,Manual,3.8,556,77445,7228,High
12/31/2012,M3,2012,Middle East,Blue,Hybrid,Automatic,2.6,48735,81628,1308,Low
12/31/2016,X1,2016,Europe,Black,Diesel,Manual,4.2,162827,46959,7109,High
12/31/2022,i3,2022,Europe,Grey,Diesel,Manual,4.8,191654,77669,5828,High
12/31/2014,M3,2014,Middle East,Black,Electric,Manual,3.4,37356,103512,1150,Low
12/31/2021,3 Series,2021,South America,Silver,Electric,Automatic,3.9,91797,102004,5924,High
12/31/2023,X5,2023,Africa,Red,Petrol,Automatic,2.5,32034,110306,3579,Low
12/31/2015,5 Series,2015,Europe,Grey,Electric,Automatic,4.9,186071,78916,6598,High
12/31/2023,X6,2023,South America,Silver,Electric,Manual,2.5,173154,105063,3750,Low
12/31/2015,i3,2015,North America,Black,Electric,Manual,4.6,64462,88712,4508,Low
12/31/2018,3 Series,2018,North America,White,Electric,Manual,4.7,21671,114071,9903,High
12/31/2010,5 Series,2010,Middle East,Silver,Diesel,Automatic,4,16877,72841,3264,Low
12/31/2017,i3,2017,South America,White,Diesel,Automatic,4.3,23481,86139,2864,Low
12/31/2019,7 Series,2019,North America,Black,Electric,Automatic,3.1,6082,143654,1331,Low
12/31/2022,X3,2022,Asia,Black,Hybrid,Manual,4.7,36551,124800,10771,High
12/31/2022,X1,2022,Europe,White,Hybrid,Manual,4.1,5773,118459,6742,High
12/31/2014,7 Series,2014,Africa,White,Electric,Automatic,2.6,177905,84686,208,Low
12/31/2022,M3,2022,Asia,Grey,Hybrid,Automatic,1.6,169150,97136,12192,High
12/31/2015,7 Series,2015,Middle East,Red,Electric,Manual,3.4,121067,117361,194,Low
12/31/2015,X3,2015,Europe,White,Electric,Automatic,4.4,22762,99770,1989,Low
12/31/2010,7 Series,2010,Middle East,Silver,Hybrid,Automatic,4.5,118880,100657,50,Low
12/31/2012,M5,2012,South America,White,Electric,Manual,4.4,48711,117105,50,Low
12/31/2021,i8,2021,North America,Grey,Petrol,Automatic,2.3,50359,151400,237,Low
12/31/2015,7 Series,2015,North America,Red,Diesel,Manual,3,166659,85022,1280,Low
12/31/2023,7 Series,2023,Europe,Blue,Hybrid,Automatic,3.6,12854,164326,1925,Low
12/31/2024,i8,2024,Europe,Silver,Petrol,Manual,3.8,1138,183025,182,Low
12/31/2023,M3,2023,Europe,Black,Diesel,Manual,2.7,181640,91437,4076,Low
12/31/2020,7 Series,2020,South America,Silver,Hybrid,Automatic,3.9,169660,120148,1298,Low
12/31/2020,M5,2020,Middle East,White,Hybrid,Automatic,3.6,16448,157954,1006,Low
12/31/2018,3 Series,2018,South America,Grey,Diesel,Manual,3.5,26684,77693,6104,High
12/31/2015,X3,2015,South America,Red,Electric,Automatic,3.8,27575,90258,4556,Low
12/31/2024,X3,2024,North America,Grey,Electric,Automatic,3.6,22742,132807,10615,High
12/31/2021,X5,2021,North America,Silver,Petrol,Manual,2.1,101879,89949,6982,High
12/31/2022,M3,2022,South America,Red,Hybrid,Automatic,4.6,68684,129960,2453,Low
12/31/2015,X1,2015,Europe,Red,Petrol,Manual,2.3,87516,48101,7200,High
12/31/2010,X1,2010,South America,White,Diesel,Manual,4.1,10283,49178,4146,Low
12/31/2018,X5,2018,Europe,Red,Diesel,Manual,2.1,12948,96762,5296,High
12/31/2013,5 Series,2013,Africa,Blue,Diesel,Manual,3.8,145766,53084,3141,Low
12/31/2024,3 Series,2024,Middle East,Red,Petrol,Manual,4.6,99916,104106,8037,High
12/31/2011,X1,2011,Africa,Black,Electric,Automatic,1.5,103134,36713,3715,Low
12/31/2010,5 Series,2010,Europe,Grey,Electric,Manual,4.9,12602,93095,5988,High
12/31/2012,X3,2012,Middle East,Black,Petrol,Automatic,1.6,44797,50276,6043,High
12/31/2012,M5,2012,Africa,White,Electric,Automatic,1.5,167705,77594,278,Low
12/31/2014,X6,2014,Middle East,Black,Electric,Automatic,4.5,192368,127084,1735,Low
12/31/2010,X6,2010,Africa,Grey,Diesel,Manual,4,160471,51400,1529,Low
12/31/2016,i3,2016,South America,Black,Diesel,Automatic,1.9,182360,37890,2947,Low
12/31/2022,X1,2022,Middle East,Black,Electric,Automatic,4.8,107182,107890,6201,High
12/31/2010,X3,2010,Europe,Silver,Diesel,Manual,3.9,48212,51998,6621,High
12/31/2013,i8,2013,North America,Black,Diesel,Automatic,1.9,161606,99239,50,Low
12/31/2015,i3,2015,Africa,Blue,Electric,Automatic,4.5,86085,85044,2218,Low
12/31/2024,X3,2024,Middle East,Red,Electric,Manual,3.2,134469,107429,6455,High
12/31/2010,X6,2010,Asia,Blue,Electric,Automatic,2.5,86186,73113,3589,Low
12/31/2016,M3,2016,Middle East,Red,Petrol,Automatic,4.4,21406,113156,1222,Low
12/31/2019,5 Series,2019,South America,Grey,Hybrid,Automatic,4.1,84993,102700,4828,Low
12/31/2024,M3,2024,Middle East,Silver,Petrol,Automatic,3.7,161236,119400,2285,Low
12/31/2016,M3,2016,Middle East,Red,Petrol,Automatic,4.6,33286,169491,495,Low
12/31/2012,X3,2012,Asia,Grey,Diesel,Automatic,4.5,26112,74336,8640,High
12/31/2013,3 Series,2013,North America,Black,Hybrid,Automatic,2.3,86662,56274,8429,High
12/31/2015,X1,2015,Africa,White,Petrol,Manual,4.6,85000,59231,3837,Low
12/31/2023,i8,2023,Africa,Blue,Hybrid,Manual,2.8,51672,161548,461,Low
12/31/2020,i8,2020,Europe,Silver,Petrol,Automatic,3,86838,143261,212,Low
12/31/2016,M5,2016,Europe,White,Hybrid,Automatic,4.9,57465,147022,692,Low
12/31/2023,X6,2023,North America,Red,Diesel,Manual,4.2,21829,139881,4125,Low
12/31/2022,X5,2022,Africa,Silver,Hybrid,Manual,2.6,79341,112386,4161,Low
12/31/2013,7 Series,2013,Middle East,Blue,Electric,Manual,3.8,165453,103188,104,Low
12/31/2019,5 Series,2019,South America,Black,Hybrid,Manual,3.4,164144,84789,5515,High
12/31/2020,i3,2020,Europe,Red,Diesel,Manual,1.9,196117,50681,5973,High
12/31/2018,i3,2018,Asia,Grey,Petrol,Automatic,4.6,195827,62966,5201,High
12/31/2018,X3,2018,North America,Blue,Electric,Automatic,4.4,178435,84364,9580,High
12/31/2018,M5,2018,South America,Grey,Hybrid,Manual,4.2,87132,127499,1161,Low
12/31/2021,7 Series,2021,South America,Red,Electric,Automatic,3.5,154689,135068,1178,Low
12/31/2019,X5,2019,South America,White,Hybrid,Manual,2.3,39453,104766,4252,Low
12/31/2015,7 Series,2015,Asia,Red,Hybrid,Manual,4.6,123543,113947,824,Low
12/31/2011,X1,2011,Middle East,White,Electric,Automatic,2.7,193048,31758,4988,Low
12/31/2011,3 Series,2011,Africa,Silver,Hybrid,Manual,1.6,45632,45438,4103,Low
12/31/2020,X6,2020,Africa,Grey,Hybrid,Manual,4.9,16230,130106,2636,Low
12/31/2013,3 Series,2013,South America,Blue,Hybrid,Manual,4.5,186166,52707,5012,High
12/31/2018,M5,2018,Africa,Red,Hybrid,Manual,3.7,83098,123954,1017,Low
12/31/2012,M3,2012,Europe,Red,Electric,Manual,1.5,11387,84790,1709,Low
12/31/2015,M3,2015,Europe,Blue,Petrol,Manual,2.3,130422,67082,2436,Low
12/31/2011,X6,2011,South America,Black,Petrol,Automatic,3.1,144860,58993,2058,Low
12/31/2024,3 Series,2024,Africa,Silver,Electric,Automatic,3.7,66491,120784,6498,High
12/31/2010,3 Series,2010,Europe,Black,Diesel,Automatic,4,27237,55059,8966,High
12/31/2021,3 Series,2021,Africa,Black,Diesel,Automatic,4.3,28651,102918,5013,High
12/31/2014,X1,2014,Asia,Blue,Electric,Automatic,3.4,180602,50206,6804,High
12/31/2017,5 Series,2017,North America,Red,Hybrid,Manual,3.8,77241,98782,7423,High
12/31/2019,X5,2019,Asia,Red,Hybrid,Automatic,4.3,26079,126055,6840,High
12/31/2019,X6,2019,Africa,White,Petrol,Automatic,4,64440,105507,2306,Low
12/31/2011,X1,2011,Asia,Black,Electric,Manual,4.8,25519,73200,6202,High
12/31/2019,7 Series,2019,Asia,Blue,Diesel,Manual,4.6,50540,129573,1127,Low
12/31/2018,i3,2018,South America,Grey,Hybrid,Manual,2.1,161131,58553,6973,High
12/31/2021,X1,2021,North America,White,Diesel,Automatic,4.8,153128,80477,9016,High
12/31/2017,X5,2017,South America,Grey,Petrol,Manual,2.2,67745,81977,3044,Low
12/31/2012,M3,2012,Africa,Silver,Petrol,Automatic,5,70817,83813,580,Low
12/31/2010,i3,2010,North America,Red,Electric,Manual,4,195457,40731,4702,Low
12/31/2013,7 Series,2013,Middle East,Silver,Petrol,Manual,3.7,150747,89384,340,Low
12/31/2017,X5,2017,Asia,White,Hybrid,Automatic,2.6,162286,80965,6325,High
12/31/2012,X3,2012,Asia,Silver,Diesel,Automatic,2,5632,56418,8260,High
12/31/2019,i3,2019,Africa,Grey,Hybrid,Manual,1.9,14422,87006,3266,Low
12/31/2021,M5,2021,South America,White,Hybrid,Automatic,4.5,87781,150806,1011,Low
12/31/2011,3 Series,2011,South America,White,Petrol,Manual,3,12986,52622,5553,High
12/31/2016,i3,2016,North America,Blue,Electric,Automatic,3.5,35802,91460,5093,High
12/31/2013,3 Series,2013,Europe,Silver,Petrol,Automatic,4.8,426,76639,7494,High
12/31/2015,i3,2015,Europe,Red,Electric,Automatic,2.4,40562,79667,4266,Low
12/31/2014,X6,2014,Asia,Black,Diesel,Manual,4.2,115130,83163,3854,Low
12/31/2011,i8,2011,North America,Black,Petrol,Manual,3.1,137035,103383,50,Low
12/31/2019,3 Series,2019,South America,Blue,Hybrid,Automatic,2.2,151872,69949,6365,High
12/31/2011,7 Series,2011,Asia,Silver,Diesel,Manual,4.5,6510,106454,399,Low
12/31/2023,i3,2023,South America,Grey,Diesel,Manual,3.9,84041,89703,3763,Low
12/31/2018,3 Series,2018,Europe,Blue,Electric,Automatic,1.8,77965,83821,9555,High
12/31/2020,X1,2020,Asia,Silver,Petrol,Automatic,3.4,110503,75897,8672,High
12/31/2019,X3,2019,Middle East,Red,Hybrid,Manual,4.5,49045,107297,5390,High
12/31/2011,X5,2011,South America,Black,Diesel,Automatic,1.7,67198,52563,3154,Low
12/31/2017,5 Series,2017,Africa,Blue,Hybrid,Manual,3,185773,70500,3923,Low
12/31/2017,M3,2017,South America,Silver,Petrol,Automatic,4.3,118884,94000,1415,Low
12/31/2010,5 Series,2010,Africa,Grey,Diesel,Automatic,4.5,37562,68721,2726,Low
12/31/2010,3 Series,2010,Asia,Grey,Petrol,Manual,4.2,154459,35466,8320,High
12/31/2022,i8,2022,Asia,Silver,Diesel,Manual,2.6,48952,159981,357,Low
12/31/2013,X1,2013,South America,White,Petrol,Manual,3.3,26063,55209,4083,Low
12/31/2011,3 Series,2011,Africa,Grey,Electric,Automatic,4.1,13893,77663,4232,Low
12/31/2021,5 Series,2021,Europe,Red,Diesel,Automatic,2,180793,70911,8251,High
12/31/2024,X3,2024,Africa,Black,Hybrid,Manual,3.6,195250,89854,6503,High
12/31/2010,5 Series,2010,Asia,Red,Electric,Automatic,4,49981,78198,5761,High
12/31/2018,X6,2018,North America,Blue,Petrol,Manual,4.5,20413,123684,4081,Low
12/31/2022,X3,2022,Europe,White,Electric,Manual,1.9,67440,102714,15000,High
12/31/2012,3 Series,2012,Middle East,Red,Diesel,Automatic,2.7,167019,31392,7110,High
12/31/2023,M3,2023,Middle East,Red,Electric,Automatic,3.4,199586,115927,2522,Low
12/31/2023,X1,2023,Africa,Blue,Hybrid,Automatic,4,85034,103198,4323,Low
12/31/2023,X5,2023,North America,Blue,Petrol,Automatic,4.1,29044,133356,5371,High
12/31/2010,X5,2010,Asia,Black,Diesel,Manual,2.4,44048,56400,5028,High
12/31/2011,M3,2011,Middle East,Red,Diesel,Manual,1.5,6052,65602,1431,Low
12/31/2017,X3,2017,North America,White,Electric,Manual,3.9,158713,76201,8798,High
12/31/2014,i3,2014,Asia,Grey,Diesel,Automatic,4.7,165927,51836,4883,Low
12/31/2020,7 Series,2020,Africa,Black,Petrol,Automatic,4.3,149757,121051,542,Low
12/31/2016,i3,2016,North America,Red,Petrol,Automatic,3.7,142426,30099,6229,High
12/31/2015,i3,2015,South America,Grey,Petrol,Manual,4.9,182968,53476,3319,Low
12/31/2022,X1,2022,North America,White,Hybrid,Manual,3,43909,104274,7964,High
12/31/2010,i3,2010,Europe,White,Petrol,Manual,3.3,6499,54944,3776,Low
12/31/2015,3 Series,2015,Africa,Silver,Electric,Automatic,1.5,90298,64149,4743,Low
12/31/2020,7 Series,2020,Europe,Red,Hybrid,Automatic,4.8,156602,132098,1583,Low
12/31/2016,3 Series,2016,South America,Blue,Electric,Manual,3.5,115308,75783,5592,High
12/31/2013,M3,2013,Africa,Blue,Electric,Manual,2.9,19316,95034,608,Low
12/31/2017,7 Series,2017,Asia,Grey,Hybrid,Automatic,1.7,122610,106818,1253,Low
12/31/2017,X5,2017,Africa,Red,Hybrid,Manual,2.8,966,100165,2970,Low
12/31/2016,i8,2016,Asia,Grey,Electric,Manual,1.5,159274,119785,50,Low
12/31/2020,X5,2020,Middle East,Red,Diesel,Automatic,2.6,89471,92279,4201,Low
12/31/2024,X1,2024,North America,Red,Hybrid,Automatic,4.8,4179,129984,7903,High
12/31/2011,i3,2011,South America,White,Hybrid,Manual,2,138697,34252,2853,Low
12/31/2015,X6,2015,South America,Grey,Electric,Automatic,3.4,97166,94554,1715,Low
12/31/2015,M5,2015,Africa,Red,Electric,Manual,2.2,82006,114358,133,Low
12/31/2021,X1,2021,Asia,Grey,Petrol,Manual,4.2,65545,92602,7541,High
12/31/2024,3 Series,2024,Middle East,White,Diesel,Manual,3.5,69443,98665,7601,High
12/31/2021,M5,2021,Africa,Red,Hybrid,Manual,2.2,159520,112663,1772,Low
12/31/2016,M5,2016,North America,Grey,Diesel,Automatic,4.5,128459,119957,1293,Low
12/31/2015,M5,2015,South America,Silver,Electric,Manual,4.2,149949,117024,249,Low
12/31/2011,3 Series,2011,North America,Silver,Petrol,Manual,4.8,70521,59021,7812,High
12/31/2017,3 Series,2017,Asia,Silver,Electric,Automatic,1.5,191498,53301,9708,High
12/31/2024,X6,2024,South America,Red,Hybrid,Manual,3.1,100575,119611,3777,Low
12/31/2013,M3,2013,Asia,Black,Electric,Manual,5,100550,98857,2102,Low
12/31/2018,3 Series,2018,Middle East,Grey,Electric,Automatic,4.3,162116,84427,7006,High
12/31/2017,X3,2017,South America,Grey,Electric,Automatic,4.4,107649,89279,5198,High
12/31/2023,i8,2023,North America,Blue,Hybrid,Manual,3.7,184777,155508,1042,Low
12/31/2012,i3,2012,Europe,Silver,Hybrid,Automatic,4,24908,78175,4215,Low
12/31/2012,X6,2012,South America,White,Electric,Manual,4.3,49672,97429,1548,Low
12/31/2017,5 Series,2017,Asia,Grey,Petrol,Manual,1.8,5583,88501,6956,High
12/31/2011,5 Series,2011,Middle East,Red,Hybrid,Manual,3.9,173894,58476,3810,Low
12/31/2018,X6,2018,Africa,Grey,Electric,Manual,4.4,150603,100603,2178,Low
12/31/2013,7 Series,2013,North America,Grey,Hybrid,Automatic,1.6,151555,86727,944,Low
12/31/2024,7 Series,2024,South America,Black,Diesel,Manual,2.5,188639,110664,1309,Low
12/31/2015,i3,2015,Europe,Blue,Hybrid,Automatic,2.6,194275,47941,4673,Low
12/31/2012,X1,2012,North America,Grey,Electric,Automatic,4.5,199554,47889,7869,High
12/31/2012,3 Series,2012,Middle East,Silver,Hybrid,Automatic,4.2,199720,46126,6793,High
12/31/2012,X3,2012,South America,Red,Electric,Manual,3.8,76422,71927,4499,Low
12/31/2020,5 Series,2020,North America,Black,Petrol,Manual,4.3,50762,109410,5871,High
12/31/2022,i3,2022,Middle East,Black,Hybrid,Automatic,3.1,6446,113929,4595,Low
12/31/2019,i8,2019,Asia,Red,Electric,Manual,4.6,48696,169446,218,Low
12/31/2021,X1,2021,North America,Black,Hybrid,Automatic,2.3,168275,67588,9016,High
12/31/2023,X6,2023,Africa,White,Diesel,Automatic,4,72085,122181,2297,Low
12/31/2023,X6,2023,North America,Red,Petrol,Manual,2.3,118037,106808,5361,High
12/31/2023,3 Series,2023,South America,Grey,Hybrid,Manual,1.6,67416,95835,7287,High
12/31/2021,X1,2021,South America,Red,Electric,Automatic,2.5,58057,98100,4655,Low
12/31/2011,i3,2011,Africa,Grey,Diesel,Automatic,3.2,133821,31707,2573,Low
12/31/2017,X1,2017,Middle East,White,Diesel,Automatic,4.5,154481,62803,4640,Low
12/31/2018,M5,2018,Europe,Black,Diesel,Manual,3.3,186852,97621,1862,Low
12/31/2024,X3,2024,Africa,Black,Hybrid,Automatic,2.1,91915,105258,5223,High
12/31/2017,X1,2017,North America,Blue,Hybrid,Automatic,5,155906,73779,8104,High
12/31/2024,M3,2024,Middle East,Silver,Hybrid,Manual,2.4,32281,131136,2935,Low
12/31/2019,7 Series,2019,South America,Red,Hybrid,Manual,4.9,154064,123687,1096,Low
12/31/2012,X6,2012,Europe,White,Petrol,Automatic,4.8,64211,93206,3424,Low
12/31/2016,3 Series,2016,Asia,Blue,Diesel,Automatic,3.4,110563,64023,10887,High
12/31/2020,7 Series,2020,North America,Blue,Petrol,Manual,1.8,51923,123452,1382,Low
12/31/2019,X1,2019,Europe,Blue,Diesel,Manual,3.9,38374,81751,6883,High
12/31/2011,X5,2011,South America,Grey,Hybrid,Manual,4.5,53234,86237,2463,Low
12/31/2013,i8,2013,Europe,Red,Hybrid,Manual,3.1,177001,115592,50,Low
12/31/2021,3 Series,2021,Middle East,Blue,Hybrid,Automatic,2.3,183976,76339,7656,High
12/31/2022,7 Series,2022,Europe,Silver,Diesel,Manual,4.3,21753,141072,1576,Low
12/31/2023,M5,2023,South America,Blue,Hybrid,Manual,3.4,65164,157576,1197,Low
12/31/2022,5 Series,2022,South America,Blue,Electric,Manual,2.2,188279,88229,5387,High
12/31/2015,i3,2015,North America,Blue,Electric,Automatic,4.8,95911,88866,4228,Low
12/31/2020,M3,2020,South America,Blue,Hybrid,Manual,4.8,166884,109337,2295,Low
12/31/2014,5 Series,2014,Asia,Red,Petrol,Manual,2.8,149554,55560,6028,High
12/31/2022,M3,2022,Middle East,Silver,Diesel,Manual,1.7,21343,108849,2238,Low
12/31/2018,5 Series,2018,Middle East,Black,Petrol,Manual,3.7,141185,83249,4488,Low
12/31/2019,M5,2019,North America,Grey,Electric,Automatic,2.6,157859,127866,2409,Low
12/31/2013,3 Series,2013,Asia,Silver,Petrol,Manual,1.7,71949,42197,9683,High
12/31/2014,5 Series,2014,Europe,White,Hybrid,Automatic,4.6,4863,107864,5727,High
12/31/2013,X5,2013,Europe,Blue,Petrol,Manual,5,33786,92788,9871,High
12/31/2023,i3,2023,Middle East,Blue,Hybrid,Manual,2.7,78489,105076,4863,Low
12/31/2022,3 Series,2022,South America,White,Hybrid,Automatic,4.1,77505,106715,11181,High
12/31/2023,i8,2023,North America,White,Diesel,Automatic,1.7,169866,136367,783,Low
12/31/2017,M3,2017,South America,Black,Petrol,Manual,2.8,41672,89972,1569,Low
12/31/2022,7 Series,2022,Middle East,Blue,Electric,Automatic,1.9,39985,155361,1159,Low
12/31/2017,i8,2017,Africa,Silver,Diesel,Automatic,1.7,51683,132187,50,Low
12/31/2024,i3,2024,South America,Red,Electric,Manual,3.6,169340,95083,4548,Low
12/31/2012,i3,2012,Middle East,White,Electric,Automatic,4.3,138566,62155,2976,Low
12/31/2010,X3,2010,Africa,White,Electric,Manual,3.1,99280,49016,3385,Low
12/31/2015,i8,2015,North America,Red,Petrol,Automatic,3.3,142041,129621,50,Low
12/31/2011,X1,2011,North America,Grey,Diesel,Manual,2.4,20005,42103,6552,High
12/31/2011,M5,2011,North America,Silver,Electric,Automatic,4.1,194949,101632,703,Low
12/31/2012,M5,2012,Europe,Red,Hybrid,Manual,2.8,25745,116880,658,Low
12/31/2017,X5,2017,Europe,White,Petrol,Manual,1.7,189149,57291,5693,High
12/31/2012,M5,2012,North America,Black,Hybrid,Manual,2.1,90858,95385,1163,Low
12/31/2016,i3,2016,Europe,White,Hybrid,Manual,1.9,79692,66573,4482,Low
12/31/2019,X6,2019,Middle East,White,Hybrid,Manual,3,119940,108446,3548,Low
12/31/2023,X5,2023,North America,Silver,Hybrid,Automatic,1.7,75475,118475,6641,High
12/31/2019,X6,2019,Middle East,Silver,Hybrid,Manual,4.3,110887,112522,3225,Low
12/31/2018,7 Series,2018,South America,Silver,Petrol,Manual,4.7,9727,128144,294,Low
12/31/2022,i3,2022,Middle East,Silver,Hybrid,Manual,2.4,31150,109132,4588,Low
12/31/2017,M5,2017,Europe,Red,Diesel,Manual,3.2,124417,107958,1644,Low
12/31/2010,X5,2010,South America,Red,Hybrid,Automatic,3.3,69963,67431,2364,Low
12/31/2016,X6,2016,Asia,Grey,Petrol,Manual,4.9,124307,92818,3515,Low
12/31/2016,3 Series,2016,Europe,Blue,Hybrid,Manual,1.7,49520,72099,9648,High
12/31/2017,X5,2017,North America,Silver,Diesel,Manual,3.8,103161,81630,5847,High
12/31/2019,X6,2019,Africa,Grey,Petrol,Manual,2.7,27378,103740,1943,Low
12/31/2014,X3,2014,Africa,Blue,Petrol,Manual,3.3,28951,66468,3994,Low
12/31/2019,M5,2019,Asia,Silver,Hybrid,Manual,2.3,149154,114682,2376,Low
12/31/2018,X6,2018,North America,Silver,Electric,Manual,2.1,101854,103201,3869,Low
12/31/2018,7 Series,2018,North America,Silver,Electric,Manual,2.4,72028,130927,1400,Low
12/31/2017,5 Series,2017,South America,Blue,Petrol,Automatic,1.7,186418,54059,4682,Low
12/31/2015,X5,2015,South America,Grey,Electric,Manual,2.5,47388,89987,2766,Low
12/31/2015,X6,2015,Europe,Black,Hybrid,Manual,3.9,111555,91028,3467,Low
12/31/2010,3 Series,2010,Asia,Silver,Diesel,Automatic,3.8,114810,38028,9726,High
12/31/2022,i8,2022,South America,Black,Diesel,Manual,3.4,42232,168109,50,Low
12/31/2024,5 Series,2024,North America,Black,Petrol,Manual,1.5,195597,79930,8041,High
12/31/2015,5 Series,2015,Africa,Blue,Hybrid,Automatic,1.9,110235,68492,3099,Low
12/31/2023,X6,2023,Middle East,White,Hybrid,Manual,4.5,121913,139269,3738,Low
12/31/2013,i8,2013,Asia,Grey,Electric,Manual,2.5,78880,134873,50,Low
12/31/2013,X1,2013,Europe,Blue,Hybrid,Automatic,4.7,143719,56517,7245,High
12/31/2023,7 Series,2023,North America,Silver,Petrol,Automatic,4.6,7239,168835,1136,Low
12/31/2011,i3,2011,South America,Grey,Electric,Automatic,2,34354,59767,2306,Low
12/31/2022,M3,2022,Asia,Grey,Diesel,Automatic,4.6,116252,109657,3320,Low
12/31/2020,7 Series,2020,Africa,Black,Hybrid,Manual,3.7,48418,134751,996,Low
12/31/2023,5 Series,2023,South America,Silver,Petrol,Manual,3.7,11365,125748,3897,Low
12/31/2013,X6,2013,Africa,Black,Hybrid,Automatic,4.5,89726,90670,1252,Low
12/31/2014,X6,2014,North America,Grey,Diesel,Manual,2.9,161778,63601,3899,Low
12/31/2022,M3,2022,Europe,Blue,Hybrid,Automatic,4.1,178091,114611,3887,Low
12/31/2021,X3,2021,Africa,Red,Electric,Manual,3.8,159030,94967,5824,High
12/31/2014,X5,2014,Europe,Grey,Petrol,Automatic,4.2,52081,84797,5320,High
12/31/2014,i8,2014,Europe,Silver,Electric,Manual,3.8,125091,129257,50,Low
12/31/2013,X1,2013,Europe,White,Electric,Automatic,1.8,87399,50353,8085,High
12/31/2010,i3,2010,Europe,Black,Diesel,Automatic,2.5,19071,46340,4348,Low
12/31/2023,X3,2023,North America,Red,Electric,Automatic,4.8,88722,122491,8524,High
12/31/2019,X5,2019,Middle East,Silver,Hybrid,Manual,2.3,23163,116303,3674,Low
12/31/2017,X5,2017,Europe,Black,Petrol,Automatic,3.2,182518,71878,5231,High
12/31/2012,i8,2012,South America,Black,Electric,Automatic,2.7,137338,119413,50,Low
12/31/2011,i8,2011,South America,Red,Petrol,Automatic,1.8,78927,103795,50,Low
12/31/2018,X1,2018,Middle East,White,Petrol,Automatic,2.1,182341,25000,6345,High
12/31/2016,M5,2016,Middle East,Blue,Diesel,Manual,2.5,13657,125945,473,Low
12/31/2018,5 Series,2018,Asia,White,Hybrid,Automatic,3.1,139776,85010,1426,Low
12/31/2022,7 Series,2022,Europe,Red,Hybrid,Manual,4.6,105467,146145,1580,Low
12/31/2011,X1,2011,South America,Red,Petrol,Manual,3.3,50410,40213,3659,Low
12/31/2018,X6,2018,North America,Grey,Petrol,Manual,3.8,180762,87702,4032,Low
12/31/2019,i3,2019,Europe,Blue,Diesel,Manual,3,167058,58409,5287,High
12/31/2018,X5,2018,Africa,Silver,Diesel,Automatic,4.5,194018,73841,3540,Low
12/31/2020,7 Series,2020,Africa,White,Diesel,Automatic,3.8,188723,107649,855,Low
12/31/2018,X3,2018,Asia,Grey,Electric,Automatic,1.8,122062,80728,8640,High
12/31/2019,i8,2019,Africa,Silver,Petrol,Manual,3.2,24261,143020,50,Low
12/31/2022,X3,2022,Asia,Blue,Electric,Manual,4.4,16446,128045,8998,High
12/31/2019,X6,2019,Middle East,Blue,Hybrid,Manual,4.1,90974,115885,3206,Low
12/31/2013,5 Series,2013,South America,Blue,Diesel,Automatic,4.7,164065,58453,4253,Low
12/31/2019,X6,2019,Europe,Red,Diesel,Manual,2.3,103676,91710,4494,Low
12/31/2012,X1,2012,North America,Blue,Hybrid,Manual,4.9,82160,62345,7452,High
12/31/2015,M3,2015,South America,White,Hybrid,Automatic,2.5,122221,79882,1251,Low
12/31/2012,5 Series,2012,Asia,Silver,Hybrid,Automatic,1.7,160720,50725,5968,High
12/31/2020,i3,2020,Africa,Silver,Petrol,Manual,3.2,104770,74912,3268,Low
12/31/2018,X6,2018,Africa,Silver,Electric,Automatic,1.9,198378,81873,2818,Low
12/31/2012,7 Series,2012,Asia,Black,Petrol,Automatic,3.9,131411,88498,866,Low
12/31/2011,X6,2011,Europe,Blue,Hybrid,Manual,4.7,153636,76709,3434,Low
12/31/2017,M3,2017,Africa,Silver,Petrol,Manual,4.7,59572,104871,1191,Low
12/31/2015,X3,2015,South America,White,Diesel,Manual,3.6,28360,70708,5525,High
12/31/2017,M3,2017,South America,Blue,Petrol,Automatic,3.4,70638,89345,1565,Low
12/31/2024,7 Series,2024,Africa,White,Hybrid,Manual,5,132646,144769,1341,Low
12/31/2022,X5,2022,Europe,Grey,Diesel,Manual,3.5,42618,109534,5427,High
12/31/2016,X5,2016,Middle East,Grey,Electric,Automatic,4.7,67967,118594,2966,Low
12/31/2012,5 Series,2012,Africa,Black,Diesel,Automatic,4.7,80542,69789,2540,Low
12/31/2017,7 Series,2017,South America,Black,Petrol,Automatic,2.5,64530,102636,625,Low
12/31/2019,3 Series,2019,Africa,Black,Hybrid,Automatic,1.5,151218,63857,5944,High
12/31/2010,7 Series,2010,Africa,Grey,Diesel,Manual,3,75898,72760,50,Low
12/31/2010,i3,2010,South America,Grey,Diesel,Automatic,4.5,114030,42104,2160,Low
12/31/2022,i8,2022,Asia,Black,Petrol,Automatic,4.4,97825,167612,201,Low
12/31/2022,3 Series,2022,North America,Black,Petrol,Automatic,3.6,20405,104984,8610,High
12/31/2019,X5,2019,South America,Silver,Diesel,Automatic,2,196366,65709,3835,Low
12/31/2022,X1,2022,Europe,Blue,Hybrid,Automatic,1.9,11804,95635,7331,High
12/31/2017,X6,2017,South America,Grey,Petrol,Manual,4.8,4074,119778,1714,Low
12/31/2022,i3,2022,Middle East,Red,Petrol,Manual,3,71864,95553,3760,Low
12/31/2018,M5,2018,Africa,Blue,Electric,Manual,3.8,196849,61059,2154,Low
12/31/2019,5 Series,2019,Europe,Grey,Electric,Automatic,4.7,73861,117109,6090,High
12/31/2015,X5,2015,Middle East,White,Hybrid,Manual,4.5,44077,107816,3758,Low
12/31/2014,i8,2014,Middle East,Silver,Hybrid,Automatic,3.5,197702,128991,50,Low
12/31/2011,i3,2011,North America,Grey,Hybrid,Manual,3.2,140872,43084,4604,Low
12/31/2020,M3,2020,South America,Black,Diesel,Manual,4.1,46741,106698,1491,Low
12/31/2018,i8,2018,South America,White,Hybrid,Automatic,2.7,178174,72661,983,Low
12/31/2015,5 Series,2015,Europe,White,Petrol,Automatic,3.7,138389,68205,6480,High
12/31/2017,M5,2017,North America,White,Hybrid,Automatic,1.6,74676,123664,1559,Low
12/31/2018,5 Series,2018,Europe,Silver,Electric,Manual,4.4,148929,97382,7399,High
12/31/2018,M3,2018,Africa,White,Electric,Manual,5,46428,119191,1686,Low
12/31/2017,M5,2017,Africa,White,Diesel,Automatic,4.8,25536,138820,78,Low
12/31/2021,i3,2021,Africa,Blue,Diesel,Automatic,2.8,180534,62558,3811,Low
12/31/2019,i8,2019,North America,Red,Diesel,Automatic,3.4,123103,138108,183,Low
12/31/2017,i3,2017,North America,Black,Electric,Automatic,2.3,75812,84621,5349,High
12/31/2012,M3,2012,Europe,Red,Petrol,Manual,2.6,123685,57094,2253,Low
12/31/2022,X5,2022,North America,Red,Petrol,Automatic,3.1,104899,105324,6030,High
12/31/2012,M3,2012,Europe,Silver,Electric,Manual,4.1,112132,82328,1905,Low
12/31/2011,i8,2011,South America,Red,Petrol,Automatic,1.6,184049,78971,50,Low
12/31/2010,7 Series,2010,Europe,White,Electric,Manual,2.9,20473,104114,148,Low
12/31/2013,X1,2013,Europe,Silver,Diesel,Automatic,3.4,51478,51120,6556,High
12/31/2011,i3,2011,Asia,Red,Diesel,Manual,2.3,144059,25000,5372,High
12/31/2023,X5,2023,Middle East,Grey,Electric,Automatic,1.8,88361,126503,4290,Low
12/31/2023,X6,2023,North America,Grey,Electric,Manual,3.4,39063,141185,5347,High
12/31/2011,X6,2011,North America,Black,Diesel,Automatic,3.7,5545,85771,3190,Low
12/31/2022,X5,2022,Africa,White,Electric,Automatic,3.7,144113,118245,3272,Low
12/31/2020,i8,2020,Africa,Grey,Diesel,Automatic,2.7,182000,123732,50,Low
12/31/2020,7 Series,2020,North America,Blue,Petrol,Manual,2.3,156148,108800,1681,Low
12/31/2014,i8,2014,North America,Red,Hybrid,Manual,2.3,3705,138849,50,Low
12/31/2013,3 Series,2013,Europe,Red,Diesel,Manual,1.6,191458,25000,9690,High
12/31/2010,7 Series,2010,Middle East,Grey,Electric,Manual,2.1,28421,101061,50,Low
12/31/2024,i3,2024,Asia,Black,Hybrid,Automatic,4.4,140005,110414,5381,High
12/31/2024,X6,2024,Middle East,Red,Diesel,Manual,1.5,111810,106103,3886,Low
12/31/2018,7 Series,2018,Asia,White,Electric,Manual,1.7,81308,118733,1921,Low
12/31/2023,X3,2023,Africa,Blue,Petrol,Automatic,1.9,148681,74941,4686,Low
12/31/2013,M5,2013,South America,White,Petrol,Automatic,3,100828,92348,358,Low
12/31/2014,i3,2014,Europe,Grey,Hybrid,Automatic,2.7,145404,51866,5066,High
12/31/2016,X3,2016,Europe,Grey,Hybrid,Automatic,2.1,94594,73130,7572,High
12/31/2011,X6,2011,Europe,Black,Diesel,Automatic,1.9,172653,42308,3481,Low
12/31/2017,i8,2017,Asia,Black,Diesel,Manual,4.8,177173,125015,117,Low
12/31/2020,M5,2020,Africa,Black,Electric,Automatic,4.7,3904,166027,536,Low
12/31/2011,7 Series,2011,Asia,White,Diesel,Automatic,4.2,85150,88655,718,Low
12/31/2020,X1,2020,Asia,Black,Diesel,Manual,2.4,70404,72360,7498,High
12/31/2019,X3,2019,North America,Silver,Diesel,Automatic,2.6,142198,70109,8733,High
12/31/2014,M5,2014,Middle East,Red,Diesel,Manual,3.8,104851,108923,448,Low
12/31/2022,i3,2022,Europe,Silver,Electric,Manual,2.5,191424,77333,5387,High
12/31/2021,i3,2021,Middle East,Red,Diesel,Manual,3.4,13290,101801,3894,Low
12/31/2011,X3,2011,North America,Red,Petrol,Manual,3.8,176470,34634,8325,High
12/31/2011,X3,2011,South America,Red,Electric,Automatic,3.3,37244,69205,4641,Low
12/31/2013,i8,2013,Asia,Blue,Petrol,Manual,2.9,116287,119518,50,Low
12/31/2013,7 Series,2013,South America,White,Hybrid,Automatic,2.7,189891,82163,300,Low
12/31/2022,X5,2022,Africa,Black,Petrol,Automatic,4.2,33565,123500,3016,Low
12/31/2017,3 Series,2017,South America,Grey,Electric,Automatic,4.1,4291,100018,5013,High
12/31/2022,M3,2022,Africa,Silver,Hybrid,Manual,3.9,193396,96724,2227,Low
12/31/2015,M3,2015,South America,White,Electric,Automatic,2.8,169350,74898,1387,Low
12/31/2019,7 Series,2019,Europe,Black,Electric,Manual,4.2,100284,137827,1692,Low
12/31/2017,3 Series,2017,South America,White,Petrol,Manual,4.9,196443,59547,6002,High
12/31/2022,3 Series,2022,South America,White,Electric,Automatic,3.9,62440,108111,7470,High
12/31/2016,X1,2016,Asia,Grey,Diesel,Automatic,2.9,50867,62161,7581,High
12/31/2022,X1,2022,Europe,Blue,Electric,Automatic,4.3,77948,110646,7981,High
12/31/2019,X6,2019,Europe,Red,Petrol,Manual,3.6,134302,92783,4137,Low
12/31/2013,i3,2013,Middle East,Red,Electric,Automatic,4.6,146637,68197,3270,Low
12/31/2011,7 Series,2011,North America,Blue,Petrol,Automatic,4,123666,86050,664,Low
12/31/2024,M5,2024,Middle East,Black,Petrol,Manual,4.2,94598,163143,972,Low
12/31/2018,X3,2018,Africa,Blue,Hybrid,Manual,3.8,64121,90539,4439,Low
12/31/2011,i8,2011,Asia,Grey,Electric,Manual,1.8,162809,107076,50,Low
12/31/2010,3 Series,2010,South America,Red,Electric,Manual,3.2,4974,68923,4242,Low
12/31/2017,i8,2017,North America,Grey,Electric,Manual,1.7,35350,155593,50,Low
12/31/2019,X6,2019,Middle East,Black,Hybrid,Automatic,3.1,179777,99954,2980,Low
12/31/2024,X3,2024,North America,Blue,Diesel,Manual,4,19578,117132,10331,High
12/31/2018,i3,2018,Europe,White,Petrol,Automatic,3,192309,52113,4927,Low
12/31/2010,X5,2010,Africa,Black,Petrol,Automatic,1.5,153850,30973,2974,Low
12/31/2016,i3,2016,South America,Silver,Hybrid,Manual,2.8,64587,70668,2508,Low
12/31/2011,X5,2011,Europe,Grey,Electric,Automatic,1.7,10282,81066,4676,Low
12/31/2015,M5,2015,North America,White,Electric,Automatic,4.2,193418,112983,1185,Low
12/31/2022,3 Series,2022,Asia,Red,Hybrid,Automatic,4.2,110876,100770,12088,High
12/31/2020,M3,2020,Europe,Red,Diesel,Manual,4.3,153404,98932,2664,Low
12/31/2014,7 Series,2014,Middle East,Grey,Petrol,Automatic,1.6,136347,86998,424,Low
12/31/2010,i3,2010,Europe,Grey,Hybrid,Manual,1.6,49593,41566,4071,Low
12/31/2011,7 Series,2011,Middle East,Red,Electric,Automatic,4.7,53983,124675,50,Low
12/31/2011,X3,2011,South America,Black,Petrol,Manual,1.9,123526,29590,4320,Low
12/31/2019,i3,2019,Middle East,Silver,Electric,Automatic,3.8,147582,92035,4491,Low
12/31/2019,X6,2019,South America,Blue,Electric,Manual,4.3,38672,128142,2680,Low
12/31/2015,X3,2015,Asia,White,Hybrid,Manual,3.1,53909,79657,9687,High
12/31/2020,5 Series,2020,Asia,White,Diesel,Manual,3.4,85147,95027,6795,High
12/31/2021,i8,2021,South America,Red,Electric,Manual,2.3,124728,155941,258,Low
12/31/2010,7 Series,2010,Middle East,Silver,Hybrid,Manual,4.7,37377,111032,50,Low
12/31/2020,i8,2020,Africa,Grey,Electric,Manual,2.6,64091,156092,70,Low
12/31/2022,i8,2022,Africa,Red,Electric,Automatic,2.3,48339,171578,143,Low
12/31/2013,M5,2013,South America,White,Diesel,Automatic,3.3,130506,87373,422,Low
12/31/2021,5 Series,2021,North America,White,Electric,Manual,2.2,113836,101266,8561,High
12/31/2019,5 Series,2019,Europe,Grey,Hybrid,Manual,3.9,156180,87084,7984,High
12/31/2020,X5,2020,Europe,Blue,Diesel,Manual,3.3,140497,86673,5810,High
12/31/2014,i8,2014,Asia,Silver,Electric,Automatic,2,94391,129850,50,Low
12/31/2011,i3,2011,Europe,White,Petrol,Automatic,1.7,160187,25000,5287,High
12/31/2011,X6,2011,Middle East,Silver,Electric,Manual,2,193218,56807,2575,Low
12/31/2024,X3,2024,North America,Blue,Diesel,Automatic,2,18856,102308,9162,High
12/31/2016,X3,2016,Europe,Silver,Petrol,Manual,2.6,19700,76076,7472,High
12/31/2016,i3,2016,Africa,Black,Hybrid,Automatic,4.4,12335,94921,1811,Low
12/31/2015,3 Series,2015,North America,Black,Electric,Manual,1.7,144006,56224,9011,High
12/31/2010,X1,2010,South America,Blue,Hybrid,Manual,1.9,146525,25000,4719,Low
12/31/2021,3 Series,2021,Middle East,Black,Hybrid,Manual,2.6,190922,70873,7326,High
12/31/2022,X3,2022,Middle East,Red,Diesel,Automatic,3.4,153808,81502,7125,High
12/31/2021,X3,2021,Middle East,Black,Electric,Automatic,4.2,35935,128696,5827,High
12/31/2012,7 Series,2012,South America,Blue,Electric,Automatic,4.7,52082,121887,50,Low
12/31/2018,X1,2018,Asia,Black,Electric,Manual,2.9,7427,93266,7681,High
12/31/2019,3 Series,2019,North America,Grey,Electric,Manual,1.9,157879,70232,10439,High
12/31/2010,5 Series,2010,South America,Black,Electric,Automatic,2.2,12677,68899,3672,Low
12/31/2011,X6,2011,Middle East,Blue,Diesel,Manual,2.5,23229,74163,2251,Low
12/31/2017,X6,2017,North America,White,Hybrid,Automatic,4.3,163485,101980,4409,Low
12/31/2016,M5,2016,South America,Silver,Hybrid,Manual,3.9,5050,136847,149,Low
12/31/2018,i3,2018,Asia,Grey,Diesel,Manual,2.2,165480,48524,6576,High
12/31/2019,i3,2019,Africa,Grey,Diesel,Automatic,4.4,26812,92031,2614,Low
12/31/2021,M3,2021,Asia,White,Diesel,Manual,4.5,63227,114446,2828,Low
12/31/2024,M5,2024,Middle East,Blue,Hybrid,Manual,4.6,104685,170331,1622,Low
12/31/2024,X6,2024,Asia,White,Diesel,Automatic,2.5,63287,127956,4551,Low
12/31/2024,3 Series,2024,Middle East,Grey,Petrol,Automatic,2,101306,87410,8421,High
12/31/2021,3 Series,2021,North America,Red,Petrol,Automatic,1.9,171980,67446,9909,High
12/31/2013,X1,2013,Europe,Red,Diesel,Manual,2.9,116672,34560,15000,High
12/31/2013,M3,2013,Asia,Red,Hybrid,Manual,3,165819,68319,2467,Low
12/31/2016,i8,2016,Africa,White,Diesel,Manual,4.5,82228,128660,50,Low
12/31/2010,3 Series,2010,North America,White,Electric,Automatic,2.4,5711,67154,9408,High
12/31/2019,3 Series,2019,South America,Silver,Electric,Automatic,3.7,173164,78858,7402,High
12/31/2021,3 Series,2021,Middle East,Blue,Electric,Automatic,4.3,86064,107348,7541,High
12/31/2018,X1,2018,Middle East,Black,Diesel,Manual,2.4,11817,75870,5943,High
12/31/2011,X6,2011,North America,Blue,Hybrid,Automatic,2.4,20696,90748,3318,Low
12/31/2024,X5,2024,Asia,Red,Diesel,Manual,3.8,156865,107805,6535,High
12/31/2010,i3,2010,Africa,Black,Petrol,Manual,4,176730,25000,2427,Low
12/31/2016,X1,2016,Africa,Black,Electric,Manual,4.9,40175,93380,925,Low
12/31/2015,M5,2015,South America,Silver,Diesel,Manual,4.5,100883,113740,340,Low
12/31/2021,X3,2021,Asia,Blue,Diesel,Manual,4.4,38672,106627,9621,High
12/31/2012,i8,2012,Asia,Blue,Hybrid,Manual,3.9,173427,120577,50,Low
12/31/2010,i3,2010,Europe,Black,Diesel,Manual,1.9,109528,25000,4438,Low
12/31/2021,i3,2021,Asia,Blue,Electric,Manual,4.3,134315,103021,6230,High
12/31/2014,M3,2014,Europe,White,Electric,Automatic,4.8,81167,105319,1822,Low
12/31/2019,X6,2019,Middle East,Red,Electric,Manual,2.9,10809,132954,3256,Low
12/31/2023,X5,2023,South America,Silver,Hybrid,Automatic,2.6,57652,116094,4635,Low
12/31/2013,5 Series,2013,South America,Black,Hybrid,Manual,3.3,138833,65291,3928,Low
12/31/2014,3 Series,2014,South America,White,Diesel,Manual,4.8,104585,58782,4908,Low
12/31/2010,7 Series,2010,Middle East,Black,Electric,Manual,1.7,141434,81658,50,Low
12/31/2010,5 Series,2010,North America,Red,Electric,Manual,4,186629,53595,6383,High
12/31/2014,5 Series,2014,Asia,Silver,Petrol,Manual,4.4,143888,66654,7429,High
12/31/2015,3 Series,2015,South America,Silver,Petrol,Manual,4.3,19723,80807,4602,Low
12/31/2014,X1,2014,Europe,Silver,Electric,Automatic,3.5,198953,47528,7332,High
12/31/2011,X1,2011,North America,Grey,Diesel,Manual,4.7,149920,35179,6235,High
12/31/2018,5 Series,2018,Asia,Blue,Petrol,Manual,2,166179,63571,6929,High
12/31/2014,X3,2014,South America,Red,Hybrid,Automatic,2.4,80349,63921,4951,Low
12/31/2020,5 Series,2020,Middle East,White,Electric,Manual,2.6,109078,99391,6099,High
12/31/2020,X3,2020,Africa,Silver,Electric,Automatic,1.5,136436,80714,6136,High
12/31/2014,M3,2014,Asia,Black,Petrol,Manual,2.8,140802,61705,2849,Low
12/31/2019,i3,2019,South America,Black,Hybrid,Manual,2.1,69240,82542,4038,Low
12/31/2018,i8,2018,Africa,White,Petrol,Manual,4,171586,121922,50,Low
12/31/2012,M3,2012,Africa,White,Hybrid,Manual,3,121661,65883,787,Low
12/31/2014,7 Series,2014,Africa,Red,Diesel,Manual,4,67757,99892,50,Low
12/31/2024,7 Series,2024,Europe,Silver,Hybrid,Manual,2.5,122120,134931,440,Low
12/31/2022,X3,2022,South America,Red,Petrol,Automatic,2,9810,100413,5401,High
12/31/2021,M5,2021,Middle East,Red,Petrol,Manual,2,193613,110180,1343,Low
12/31/2014,X5,2014,Middle East,Silver,Hybrid,Manual,2.2,99761,79844,3301,Low
12/31/2011,7 Series,2011,North America,Silver,Diesel,Manual,1.9,193647,52946,1091,Low
12/31/2020,X1,2020,Middle East,White,Electric,Manual,2.3,175487,69751,6363,High
12/31/2013,i3,2013,North America,Red,Electric,Manual,3.5,81633,69362,4168,Low
12/31/2020,X1,2020,Europe,Silver,Diesel,Manual,2.4,1019,80972,7399,High
12/31/2020,M5,2020,North America,Silver,Hybrid,Automatic,2.7,13364,148149,2247,Low
12/31/2011,X1,2011,Europe,Blue,Diesel,Manual,1.7,9460,37737,5997,High
12/31/2014,X6,2014,Asia,Red,Diesel,Manual,4.6,150230,77445,4041,Low
12/31/2019,X6,2019,Africa,Black,Petrol,Automatic,2,68384,96321,2070,Low
12/31/2022,5 Series,2022,Middle East,Black,Petrol,Manual,2.7,44789,111462,5082,High
12/31/2021,5 Series,2021,Asia,Blue,Diesel,Automatic,2.8,192168,78187,7535,High
12/31/2011,3 Series,2011,Europe,Grey,Diesel,Manual,4.2,45375,52385,7420,High
12/31/2019,X1,2019,Middle East,Grey,Diesel,Manual,3.2,151062,57221,4948,Low
12/31/2024,3 Series,2024,Europe,Red,Petrol,Manual,2.8,122434,84692,8809,High
12/31/2023,X6,2023,Middle East,White,Diesel,Manual,3.9,27500,130002,2730,Low
12/31/2018,X5,2018,South America,Blue,Diesel,Manual,3.6,26343,95425,3513,Low
12/31/2019,X1,2019,Asia,Blue,Diesel,Automatic,1.8,64634,63484,7173,High
12/31/2015,5 Series,2015,Africa,Silver,Electric,Manual,2.6,145920,68519,3704,Low
12/31/2017,7 Series,2017,North America,Red,Petrol,Manual,4.9,74779,69622,1842,Low
12/31/2018,M5,2018,North America,Red,Hybrid,Manual,3.2,30156,146764,1531,Low
12/31/2024,3 Series,2024,Asia,Black,Petrol,Automatic,3,162553,86666,9524,High
12/31/2022,X5,2022,Africa,Blue,Electric,Automatic,2,60198,116679,3833,Low
12/31/2017,7 Series,2017,Africa,Silver,Petrol,Automatic,4.4,108782,106748,757,Low
12/31/2014,X3,2014,Europe,Grey,Diesel,Manual,2,26997,61619,15000,High
12/31/2014,M3,2014,South America,Silver,Electric,Manual,1.9,119373,75301,1148,Low
12/31/2015,M5,2015,Asia,Blue,Hybrid,Manual,3,136229,105258,1273,Low
12/31/2023,i3,2023,Europe,White,Electric,Automatic,3,20993,119794,5008,High
12/31/2010,X5,2010,Middle East,White,Petrol,Automatic,4.9,150853,62530,2944,Low
12/31/2022,5 Series,2022,South America,Red,Diesel,Manual,1.9,148275,75281,5053,High
12/31/2020,X6,2020,Europe,Red,Electric,Manual,3.2,7989,138184,4333,Low
12/31/2017,M5,2017,Europe,Red,Diesel,Manual,2.2,41361,120513,1158,Low
12/31/2011,X3,2011,Middle East,Grey,Diesel,Manual,4,188309,34182,5826,High
12/31/2015,X3,2015,Africa,Blue,Petrol,Automatic,2.9,55982,65093,4682,Low
12/31/2023,X1,2023,Africa,White,Electric,Manual,3.8,88395,104827,5292,High
12/31/2023,i8,2023,Africa,White,Electric,Automatic,2.7,72302,176652,195,Low
12/31/2018,3 Series,2018,South America,Grey,Petrol,Automatic,3.5,89973,74100,6230,High
12/31/2022,X3,2022,Africa,Black,Electric,Manual,3.1,14889,122706,5805,High
12/31/2012,X3,2012,North America,Grey,Electric,Manual,2.8,53030,67624,8088,High
12/31/2011,X1,2011,South America,Red,Petrol,Manual,3.4,117394,45216,4032,Low
12/31/2019,X5,2019,South America,Blue,Diesel,Manual,2.8,129091,81039,4058,Low
12/31/2014,i8,2014,Asia,Blue,Hybrid,Manual,4.3,52032,147862,50,Low
12/31/2020,3 Series,2020,Europe,Grey,Electric,Automatic,3.2,8936,112246,10878,High
12/31/2018,X3,2018,South America,White,Electric,Automatic,4.7,92863,100222,4877,Low
12/31/2015,M3,2015,North America,Silver,Diesel,Automatic,2.3,179966,58363,2793,Low
12/31/2023,i8,2023,South America,Silver,Hybrid,Automatic,1.9,187071,146484,743,Low
12/31/2017,X5,2017,Middle East,White,Petrol,Manual,2.8,187064,66417,4642,Low
12/31/2017,5 Series,2017,Africa,Red,Diesel,Manual,2.1,191793,50483,4263,Low
12/31/2016,X1,2016,Asia,Blue,Hybrid,Manual,2.9,64098,68687,8965,High
12/31/2014,X3,2014,Middle East,Silver,Electric,Manual,2.2,159206,54352,5785,High
12/31/2011,3 Series,2011,Africa,White,Diesel,Automatic,4.5,160512,35959,5051,High
12/31/2023,5 Series,2023,Asia,Silver,Petrol,Automatic,3.5,75246,116396,7066,High
12/31/2024,X1,2024,Asia,Red,Petrol,Automatic,3.2,114946,89117,8088,High
12/31/2019,M3,2019,Asia,Blue,Petrol,Automatic,4.3,58883,117929,2974,Low
12/31/2019,i8,2019,Africa,Black,Petrol,Automatic,2,195094,112233,79,Low
12/31/2014,i3,2014,Middle East,Silver,Petrol,Manual,4.5,128154,59052,2762,Low
12/31/2021,3 Series,2021,Middle East,Blue,Diesel,Manual,3.2,23384,94993,6774,High
12/31/2016,X3,2016,Africa,Black,Hybrid,Automatic,2,35836,78406,3850,Low
12/31/2021,M5,2021,Africa,Red,Electric,Manual,4.4,128997,143848,1017,Low
12/31/2021,X5,2021,North America,Silver,Petrol,Manual,3.1,68097,106618,5522,High
12/31/2016,X5,2016,Europe,Black,Hybrid,Automatic,3.6,132011,85871,4996,Low
12/31/2020,3 Series,2020,Middle East,Blue,Electric,Automatic,4.6,42975,122834,6183,High
12/31/2022,7 Series,2022,Africa,Blue,Hybrid,Manual,4.6,49652,157126,803,Low
12/31/2024,3 Series,2024,South America,White,Electric,Manual,4.6,198948,101831,7884,High
12/31/2011,7 Series,2011,Europe,Blue,Diesel,Manual,3,16330,93611,513,Low
12/31/2016,X1,2016,South America,Silver,Hybrid,Automatic,4.1,96176,72412,3872,Low
12/31/2015,i3,2015,North America,Red,Hybrid,Automatic,2.3,134428,59766,5218,High
12/31/2016,M3,2016,South America,White,Petrol,Manual,4.4,82124,91622,1172,Low
12/31/2020,X5,2020,Africa,Silver,Diesel,Manual,2.7,61575,88997,621,Low
12/31/2017,i8,2017,Europe,Black,Petrol,Manual,3.1,153468,122447,72,Low
12/31/2013,M5,2013,North America,Grey,Electric,Manual,4.6,61271,130268,610,Low
12/31/2010,X3,2010,Asia,White,Diesel,Manual,4.3,119099,41539,8675,High
12/31/2017,X6,2017,Africa,Grey,Hybrid,Manual,4.8,7295,124228,1573,Low
12/31/2017,X5,2017,Africa,Grey,Diesel,Automatic,2.8,158044,68116,3666,Low
12/31/2012,M5,2012,Middle East,Red,Hybrid,Manual,2,129472,89841,431,Low
12/31/2012,3 Series,2012,North America,White,Electric,Manual,4.7,85836,72214,9431,High
12/31/2014,3 Series,2014,South America,Grey,Petrol,Manual,3.2,15029,69577,5560,High
12/31/2023,M3,2023,North America,Blue,Diesel,Manual,4.6,183832,106035,3613,Low
12/31/2012,M5,2012,South America,White,Hybrid,Automatic,4.1,82148,111509,50,Low
12/31/2024,5 Series,2024,Europe,Black,Petrol,Automatic,4.6,190086,98624,8158,High
12/31/2023,3 Series,2023,Asia,Black,Petrol,Manual,3.8,163605,81207,10988,High
12/31/2014,M3,2014,Asia,Black,Hybrid,Automatic,4.3,17422,112812,2269,Low
12/31/2024,X1,2024,Europe,Blue,Diesel,Automatic,1.9,156546,67433,8365,High
12/31/2017,i8,2017,Middle East,Grey,Petrol,Automatic,4.9,35452,169715,50,Low
12/31/2010,3 Series,2010,Africa,Red,Hybrid,Manual,2.1,138375,28599,4851,Low
12/31/2011,i8,2011,Middle East,White,Electric,Automatic,1.6,94656,121741,50,Low
12/31/2011,M5,2011,Europe,Black,Petrol,Manual,3.4,178635,72100,1309,Low
12/31/2021,X1,2021,South America,Grey,Diesel,Manual,4,66139,80783,5035,High
12/31/2013,X6,2013,North America,Silver,Petrol,Manual,4,121682,77118,3873,Low
12/31/2018,3 Series,2018,North America,Red,Petrol,Automatic,2.7,147281,64240,9014,High
12/31/2011,X3,2011,South America,Blue,Petrol,Manual,4.1,161228,38565,4259,Low
12/31/2021,7 Series,2021,Middle East,Silver,Electric,Manual,4.4,84984,156985,975,Low
12/31/2023,X1,2023,Middle East,White,Electric,Automatic,3.6,72053,116211,5063,High
12/31/2020,3 Series,2020,Europe,Blue,Petrol,Manual,2.9,127381,67570,10787,High
12/31/2022,i3,2022,Europe,White,Hybrid,Automatic,3.6,184760,89474,6285,High
12/31/2024,X3,2024,South America,Grey,Petrol,Automatic,4.5,18046,123866,4935,Low
12/31/2021,M5,2021,Africa,Grey,Electric,Manual,4.7,196840,137931,1147,Low
12/31/2018,X5,2018,South America,Silver,Electric,Manual,1.6,176744,72835,4479,Low
12/31/2016,7 Series,2016,Middle East,Grey,Electric,Automatic,1.9,114188,108236,409,Low
12/31/2019,X6,2019,North America,Silver,Electric,Automatic,1.5,7843,119497,4811,Low
12/31/2017,M3,2017,Europe,Blue,Petrol,Manual,3.2,29800,101960,2684,Low
12/31/2010,5 Series,2010,Middle East,Silver,Diesel,Manual,3,89006,47786,4482,Low
12/31/2022,i3,2022,South America,Red,Electric,Manual,3.4,85319,99776,3343,Low
12/31/2014,5 Series,2014,North America,White,Diesel,Manual,3.9,13399,87665,5606,High
12/31/2018,7 Series,2018,South America,Black,Electric,Manual,2.8,176996,105833,1272,Low
12/31/2021,M3,2021,Middle East,Black,Electric,Manual,2.2,129743,110086,2592,Low
12/31/2013,X3,2013,Middle East,Red,Petrol,Automatic,2.9,83455,59061,5452,High
12/31/2011,X1,2011,South America,Silver,Petrol,Manual,1.5,35109,32041,4738,Low
12/31/2015,X3,2015,Africa,White,Hybrid,Automatic,4.4,99956,76875,4602,Low
12/31/2011,X5,2011,Europe,Black,Hybrid,Manual,2.8,73391,69371,5600,High
12/31/2012,M5,2012,Africa,Blue,Petrol,Automatic,3.7,16066,105719,50,Low
12/31/2023,M3,2023,South America,Red,Electric,Manual,2.6,111893,114003,2636,Low
12/31/2017,X1,2017,North America,Black,Electric,Automatic,3.7,31715,94533,8053,High
12/31/2024,M5,2024,Africa,White,Electric,Automatic,3.4,112573,155384,1447,Low
12/31/2012,i8,2012,Asia,Silver,Electric,Automatic,2.2,147542,116164,50,Low
12/31/2011,i3,2011,North America,Red,Electric,Automatic,3.7,138240,56569,3890,Low
12/31/2015,M5,2015,Asia,Red,Electric,Manual,1.9,107733,110626,1219,Low
12/31/2023,X5,2023,Europe,Silver,Electric,Automatic,3.2,95422,131165,6080,High
12/31/2012,X6,2012,Middle East,Red,Hybrid,Automatic,4,80847,90221,1961,Low
12/31/2010,i3,2010,North America,Silver,Diesel,Manual,3.4,6263,55004,4282,Low
12/31/2021,M3,2021,Europe,White,Diesel,Manual,4.1,103209,106966,2827,Low
12/31/2023,M3,2023,South America,Black,Hybrid,Manual,2.5,178797,96099,3227,Low
12/31/2024,X5,2024,North America,Black,Diesel,Automatic,1.7,91330,101726,6123,High
12/31/2024,X5,2024,North America,Blue,Petrol,Manual,1.7,15548,123064,6871,High
12/31/2023,X6,2023,Middle East,Black,Hybrid,Automatic,2.4,57190,134386,3248,Low
12/31/2012,i8,2012,Middle East,White,Diesel,Manual,2.9,4479,132989,50,Low
12/31/2015,X5,2015,Europe,White,Petrol,Manual,3.4,46652,81523,6003,High
12/31/2012,7 Series,2012,South America,Silver,Diesel,Automatic,4.2,172681,80122,141,Low
12/31/2018,3 Series,2018,Europe,Grey,Petrol,Automatic,4.4,43555,92338,9359,High
12/31/2016,M3,2016,North America,White,Diesel,Manual,3.9,116582,85526,2914,Low
12/31/2023,X1,2023,Europe,White,Hybrid,Manual,3.1,25144,108484,8523,High
12/31/2014,X5,2014,Middle East,Silver,Electric,Automatic,2.4,146919,75937,3380,Low
12/31/2011,3 Series,2011,Africa,White,Diesel,Automatic,3,186508,25000,4811,Low
12/31/2024,M3,2024,North America,Black,Petrol,Manual,2.5,189089,97468,3409,Low
12/31/2018,5 Series,2018,Europe,Blue,Hybrid,Automatic,3.7,95977,95773,7437,High
12/31/2014,X6,2014,North America,Red,Hybrid,Manual,4.4,129426,91286,4159,Low
12/31/2016,M3,2016,Europe,Black,Electric,Automatic,3.3,29073,114589,1885,Low
12/31/2018,X6,2018,North America,Red,Hybrid,Automatic,1.7,74239,97693,4476,Low
12/31/2013,X6,2013,Middle East,Grey,Hybrid,Automatic,4.8,102025,98391,1733,Low
12/31/2018,i8,2018,Asia,Silver,Petrol,Automatic,2.5,6134,151075,50,Low
12/31/2010,5 Series,2010,Africa,Red,Electric,Automatic,4.7,78733,79846,2509,Low
12/31/2021,X1,2021,Asia,Silver,Diesel,Manual,4.3,40172,91065,7444,High
12/31/2015,M3,2015,North America,Grey,Diesel,Automatic,2.9,121291,71140,2756,Low
12/31/2011,i3,2011,Africa,Blue,Diesel,Automatic,1.7,39304,39116,2015,Low
12/31/2017,X3,2017,North America,Silver,Electric,Automatic,4.8,147948,88198,9012,High
12/31/2014,M3,2014,Africa,Black,Petrol,Automatic,3.8,193293,62743,1352,Low
12/31/2024,X1,2024,Middle East,Black,Diesel,Automatic,2.4,139543,81058,6630,High
12/31/2012,X1,2012,Europe,Silver,Electric,Manual,3.4,11503,70839,6577,High
12/31/2011,5 Series,2011,Middle East,Blue,Petrol,Automatic,3.7,180825,49433,3653,Low
12/31/2017,5 Series,2017,Africa,Grey,Diesel,Automatic,2.3,189933,52610,3472,Low
12/31/2016,X5,2016,Africa,Blue,Diesel,Automatic,1.8,143661,55331,3152,Low
12/31/2018,M5,2018,Africa,Grey,Petrol,Automatic,2.4,46361,116872,1944,Low
12/31/2017,i3,2017,North America,Blue,Petrol,Automatic,1.7,57575,67627,4901,Low
12/31/2020,X3,2020,Middle East,Red,Diesel,Automatic,1.7,162274,63540,6887,High
12/31/2013,3 Series,2013,Europe,White,Petrol,Manual,2,193350,25000,8315,High
12/31/2011,5 Series,2011,Europe,Silver,Petrol,Automatic,2.1,143748,38035,6567,High
12/31/2023,X5,2023,Africa,Black,Hybrid,Manual,2.4,144139,104483,3512,Low
12/31/2022,M3,2022,Asia,Silver,Diesel,Manual,4.8,107224,109924,3221,Low
12/31/2011,i8,2011,Europe,Red,Diesel,Automatic,3.5,181820,100786,50,Low
12/31/2011,5 Series,2011,North America,Silver,Diesel,Automatic,3,80781,54278,6032,High
12/31/2023,X6,2023,South America,White,Hybrid,Manual,3.5,182256,112935,3282,Low
12/31/2020,7 Series,2020,Asia,Silver,Electric,Automatic,1.5,107294,124655,2227,Low
12/31/2021,i3,2021,Africa,Blue,Hybrid,Automatic,4.6,92398,138481,2721,Low
12/31/2015,i3,2015,Africa,White,Electric,Automatic,3.4,173899,57591,2571,Low
12/31/2016,X1,2016,North America,Red,Hybrid,Manual,3.1,131962,61885,8164,High
12/31/2021,i8,2021,North America,Black,Hybrid,Automatic,4.8,59330,189625,166,Low
12/31/2015,7 Series,2015,North America,White,Petrol,Manual,4.1,173228,94698,1113,Low
12/31/2011,M5,2011,North America,White,Diesel,Manual,2.7,165910,72917,1154,Low
12/31/2013,M5,2013,Africa,Red,Diesel,Automatic,4.8,168797,88699,235,Low
12/31/2012,i8,2012,Asia,White,Electric,Automatic,4.5,36996,151273,50,Low
12/31/2020,i8,2020,Europe,Silver,Electric,Manual,4.8,173113,166423,346,Low
12/31/2022,7 Series,2022,Middle East,Grey,Hybrid,Manual,1.8,116320,129490,1776,Low
12/31/2013,M5,2013,Middle East,Grey,Petrol,Manual,4.8,16551,124696,50,Low
12/31/2014,M3,2014,Asia,White,Hybrid,Manual,3.4,129035,81761,2655,Low
12/31/2016,7 Series,2016,South America,Silver,Diesel,Automatic,3.9,39664,119683,166,Low
12/31/2023,X5,2023,South America,Silver,Hybrid,Manual,2.2,195933,95102,4329,Low
12/31/2018,M3,2018,North America,Silver,Diesel,Manual,2,30992,91414,2526,Low
12/31/2024,7 Series,2024,Middle East,Black,Diesel,Manual,1.8,66730,128351,1259,Low
12/31/2020,X6,2020,Middle East,Silver,Electric,Manual,3,7234,133140,2632,Low
12/31/2011,5 Series,2011,North America,White,Electric,Automatic,2.3,149226,57215,6110,High
12/31/2017,7 Series,2017,Asia,Blue,Diesel,Automatic,1.8,180735,87511,1699,Low
12/31/2012,i3,2012,North America,Silver,Diesel,Automatic,4.8,162431,45852,4770,Low
12/31/2018,5 Series,2018,Africa,Blue,Hybrid,Manual,4.1,141770,90722,3587,Low
12/31/2019,M5,2019,Asia,Red,Diesel,Manual,3.3,89229,118170,1737,Low
12/31/2021,3 Series,2021,Asia,Black,Hybrid,Manual,4.1,186975,79223,9558,High
12/31/2013,3 Series,2013,Middle East,Silver,Diesel,Automatic,3.6,179229,38813,6295,High
12/31/2024,M3,2024,Europe,Grey,Electric,Manual,2.1,121668,122040,3701,Low
12/31/2012,i3,2012,Asia,Red,Petrol,Manual,3.7,100108,48039,5100,High
12/31/2019,X3,2019,Asia,Black,Electric,Automatic,3.9,126228,96855,10034,High
12/31/2015,i8,2015,Africa,Red,Diesel,Automatic,2.3,148697,105758,50,Low
12/31/2019,7 Series,2019,Asia,Black,Electric,Automatic,2.6,77093,131922,1770,Low
12/31/2022,X5,2022,North America,White,Hybrid,Automatic,2.8,144756,111527,7012,High
12/31/2018,M5,2018,Middle East,Blue,Electric,Automatic,3.6,102967,143919,874,Low
12/31/2016,M3,2016,Middle East,Black,Diesel,Manual,1.9,101445,76026,1776,Low
12/31/2013,M5,2013,North America,Silver,Electric,Automatic,4.1,168401,105384,933,Low
12/31/2012,X1,2012,Asia,Grey,Electric,Manual,2.7,88670,52998,6453,High
12/31/2019,X5,2019,North America,Blue,Diesel,Manual,3.9,104983,98833,6041,High
12/31/2013,M3,2013,South America,Blue,Diesel,Automatic,4.8,7706,92051,857,Low
12/31/2012,X5,2012,South America,Black,Diesel,Manual,4.5,51975,75725,257,Low
12/31/2021,X3,2021,Europe,Red,Petrol,Manual,4.1,152888,79817,8736,High
12/31/2012,i8,2012,South America,Silver,Diesel,Automatic,2.2,57324,108640,50,Low
12/31/2021,5 Series,2021,Middle East,Black,Petrol,Automatic,4.1,99568,103956,5561,High
12/31/2023,X1,2023,Africa,White,Electric,Automatic,3.7,14212,115642,5215,High
12/31/2022,X3,2022,North America,White,Electric,Automatic,4.2,93330,118463,9535,High
12/31/2018,7 Series,2018,Asia,Silver,Diesel,Automatic,4.5,56446,131241,1046,Low
12/31/2013,i3,2013,Middle East,Red,Petrol,Automatic,2.6,72627,53059,3027,Low
12/31/2018,7 Series,2018,Middle East,Grey,Petrol,Automatic,3.8,195438,100313,983,Low
12/31/2021,X5,2021,North America,Red,Petrol,Automatic,2.5,112420,97427,7047,High
12/31/2024,X1,2024,Middle East,Silver,Hybrid,Automatic,2.7,91615,99715,6218,High
12/31/2019,X5,2019,North America,Silver,Electric,Manual,3.3,61978,115989,7064,High
12/31/2014,X1,2014,Middle East,Silver,Hybrid,Automatic,3,103504,60991,5031,High
12/31/2016,M5,2016,Africa,Silver,Petrol,Automatic,3.6,191201,92496,557,Low
12/31/2023,X6,2023,Middle East,Grey,Petrol,Automatic,4.2,199130,115017,3130,Low
12/31/2014,X1,2014,Africa,White,Hybrid,Automatic,3.6,170543,46225,4099,Low
12/31/2010,i3,2010,South America,Black,Electric,Manual,4.9,198169,42734,2227,Low
12/31/2011,X5,2011,South America,Black,Petrol,Manual,4.1,132325,54362,2678,Low
12/31/2020,M3,2020,Europe,Grey,Electric,Automatic,4.9,92237,130799,3353,Low
12/31/2024,M3,2024,Asia,Red,Electric,Automatic,4.1,181707,119901,3830,Low
12/31/2014,X1,2014,Middle East,Red,Petrol,Manual,3.3,191841,33128,6014,High
12/31/2015,i8,2015,Europe,Red,Diesel,Automatic,2.9,10604,133906,50,Low
12/31/2016,M3,2016,Europe,Blue,Hybrid,Automatic,4.1,47243,105220,2414,Low
12/31/2011,3 Series,2011,Asia,White,Hybrid,Manual,3.9,169504,43644,8549,High
12/31/2019,7 Series,2019,North America,Blue,Diesel,Automatic,3.8,56697,135334,1073,Low
12/31/2018,M5,2018,Asia,White,Hybrid,Manual,4,85359,132309,1711,Low
12/31/2015,X1,2015,Middle East,Blue,Hybrid,Automatic,4.6,59497,83468,4483,Low
12/31/2011,i3,2011,Africa,Black,Petrol,Manual,2.3,52239,40676,2062,Low
12/31/2011,X6,2011,Asia,Blue,Hybrid,Manual,3.5,22452,87110,3672,Low
12/31/2012,X3,2012,Asia,Black,Hybrid,Manual,3.6,130348,59122,8112,High
12/31/2010,i8,2010,Europe,Black,Hybrid,Manual,2.5,140099,98733,50,Low
12/31/2018,7 Series,2018,Europe,Grey,Hybrid,Manual,5,193003,116513,1426,Low
12/31/2023,M5,2023,North America,Silver,Diesel,Manual,4.2,60940,158776,1597,Low
12/31/2019,3 Series,2019,Asia,White,Hybrid,Automatic,2.6,114958,82632,10762,High
12/31/2020,i8,2020,Middle East,Silver,Hybrid,Automatic,2.8,188960,145927,339,Low
12/31/2013,5 Series,2013,Europe,Red,Diesel,Automatic,4,188371,52739,5762,High
12/31/2014,i8,2014,Middle East,Red,Electric,Manual,1.5,165374,123118,50,Low
12/31/2016,i8,2016,Africa,Silver,Hybrid,Manual,3.1,37672,69536,290,Low
12/31/2010,X1,2010,Africa,White,Diesel,Automatic,2.7,79649,29759,4052,Low
12/31/2012,X5,2012,Middle East,Blue,Diesel,Automatic,4.5,157456,64380,3698,Low
12/31/2023,X1,2023,North America,Red,Electric,Automatic,4.3,58152,123753,8391,High
12/31/2012,5 Series,2012,Middle East,Blue,Petrol,Manual,2.7,187654,39612,4890,Low
12/31/2011,i3,2011,Europe,Black,Petrol,Manual,4.5,6187,67849,4452,Low
12/31/2017,X6,2017,Europe,Blue,Diesel,Manual,4.7,91684,103436,4190,Low
12/31/2014,M3,2014,South America,Silver,Diesel,Manual,3.4,77175,73584,1477,Low
12/31/2010,M3,2010,Asia,Blue,Hybrid,Automatic,2.1,71460,67362,1941,Low
12/31/2021,X6,2021,North America,Grey,Diesel,Automatic,4.2,9185,133403,3699,Low
12/31/2011,X5,2011,South America,Blue,Hybrid,Manual,2.6,5825,76085,3073,Low
12/31/2010,X1,2010,Middle East,Red,Hybrid,Automatic,3.3,150011,34587,5094,High
12/31/2024,M5,2024,North America,Red,Hybrid,Automatic,1.7,131070,141287,2724,Low
12/31/2015,i3,2015,Middle East,Black,Hybrid,Automatic,3.3,116842,68272,3377,Low
12/31/2018,X1,2018,North America,Blue,Electric,Manual,2.8,164453,65673,8418,High
12/31/2020,3 Series,2020,Africa,Red,Diesel,Automatic,3.9,102753,84412,5507,High
12/31/2016,3 Series,2016,Asia,Red,Hybrid,Manual,1.6,173886,46519,9335,High
12/31/2014,7 Series,2014,Middle East,White,Electric,Automatic,3.7,64879,127991,50,Low
12/31/2021,M3,2021,South America,Blue,Electric,Automatic,4.2,137811,112937,2032,Low
12/31/2022,3 Series,2022,Asia,White,Electric,Automatic,1.5,41969,104711,11937,High
12/31/2012,X5,2012,Middle East,Black,Electric,Manual,4.1,122576,82716,2837,Low
12/31/2021,X1,2021,South America,Silver,Hybrid,Automatic,2,198857,58606,6225,High
12/31/2021,M3,2021,Africa,Blue,Petrol,Manual,3.9,43037,112241,1541,Low
12/31/2017,X5,2017,North America,Grey,Petrol,Automatic,3.1,140971,78343,5985,High
12/31/2019,X3,2019,North America,Silver,Petrol,Automatic,3.4,41597,92315,7925,High
12/31/2013,i8,2013,Europe,White,Petrol,Manual,2.7,41793,121691,50,Low
12/31/2018,M3,2018,Asia,Blue,Petrol,Automatic,2.4,157608,46634,3353,Low
12/31/2014,7 Series,2014,Europe,Grey,Diesel,Manual,1.7,102203,81781,956,Low
12/31/2023,i8,2023,Middle East,Red,Electric,Automatic,4.5,9214,200000,50,Low
12/31/2015,M5,2015,Europe,Grey,Diesel,Manual,3.6,108855,104377,1173,Low
12/31/2014,M3,2014,Middle East,Grey,Diesel,Automatic,4.9,133399,84999,1425,Low
12/31/2019,M3,2019,Middle East,Black,Hybrid,Manual,4.5,178434,97869,2720,Low
12/31/2021,X5,2021,Asia,Red,Electric,Automatic,4.5,127679,124037,6497,High
12/31/2020,7 Series,2020,South America,Silver,Electric,Automatic,3.6,160655,125482,1115,Low
12/31/2016,i8,2016,Asia,Black,Hybrid,Manual,1.8,163927,116607,92,Low
12/31/2016,X5,2016,South America,Black,Hybrid,Automatic,4.7,93126,104751,3033,Low
12/31/2010,i8,2010,Asia,Red,Diesel,Automatic,1.9,33008,108617,50,Low
12/31/2011,i8,2011,Asia,White,Electric,Manual,3.3,30355,144973,50,Low
12/31/2016,X3,2016,Africa,Black,Petrol,Automatic,4.5,4686,96056,3461,Low
12/31/2017,M5,2017,North America,Red,Petrol,Manual,3.2,185032,103215,1734,Low
12/31/2013,i8,2013,North America,Silver,Hybrid,Automatic,2.1,143160,111496,50,Low
12/31/2015,i8,2015,Europe,Red,Petrol,Manual,2.8,173670,104980,50,Low
12/31/2020,M5,2020,Europe,Grey,Electric,Manual,5,189154,143142,2218,Low
12/31/2021,i8,2021,Europe,Silver,Hybrid,Automatic,5,95554,182073,239,Low
12/31/2019,M3,2019,Middle East,Blue,Diesel,Automatic,4,39735,116199,1592,Low
12/31/2012,3 Series,2012,Middle East,Silver,Diesel,Automatic,4.6,173144,45786,6058,High
12/31/2016,5 Series,2016,Europe,Blue,Petrol,Automatic,1.7,110655,67077,7457,High
12/31/2020,X6,2020,Africa,Grey,Hybrid,Manual,2.5,21698,122399,2210,Low
12/31/2012,X6,2012,Africa,White,Diesel,Automatic,2.8,198926,46966,1772,Low
12/31/2020,i3,2020,South America,Black,Petrol,Automatic,1.5,154199,56241,3514,Low
12/31/2016,M3,2016,South America,Blue,Electric,Automatic,2.8,20301,106998,1086,Low
12/31/2021,M5,2021,Middle East,Grey,Petrol,Manual,1.8,157082,112224,1568,Low
12/31/2020,X1,2020,South America,Blue,Electric,Manual,3.3,147532,79130,5522,High
12/31/2021,X6,2021,Europe,Grey,Hybrid,Automatic,1.5,153686,98082,995,Low
12/31/2020,M5,2020,North America,Black,Petrol,Manual,2.4,21057,139861,1765,Low
12/31/2017,X5,2017,Africa,Red,Petrol,Manual,4.5,91884,88886,2848,Low
12/31/2012,i3,2012,Middle East,White,Electric,Automatic,2.2,138974,48946,3205,Low
12/31/2011,5 Series,2011,Europe,White,Diesel,Automatic,1.7,38671,54971,5880,High
12/31/2021,M5,2021,Asia,White,Petrol,Automatic,2.4,161405,121843,2404,Low
12/31/2015,X5,2015,Middle East,Black,Petrol,Automatic,4.4,146816,76654,3984,Low
12/31/2013,X5,2013,North America,Silver,Hybrid,Automatic,3.6,155969,71188,5745,High
12/31/2017,7 Series,2017,Africa,Grey,Petrol,Automatic,3.6,47967,113159,267,Low
12/31/2022,X6,2022,Europe,Grey,Petrol,Manual,1.5,60481,103412,3883,Low
12/31/2024,M3,2024,Africa,Red,Hybrid,Automatic,3.2,196355,108561,2282,Low
12/31/2023,M3,2023,Asia,Silver,Hybrid,Automatic,2.4,44481,128126,3740,Low
12/31/2011,i8,2011,North America,Red,Hybrid,Manual,2.7,24819,136742,50,Low
12/31/2013,3 Series,2013,Middle East,White,Hybrid,Manual,3.6,176384,50292,5568,High
12/31/2011,X1,2011,Asia,Black,Hybrid,Automatic,4.6,140472,50026,8170,High
12/31/2023,i3,2023,Africa,Red,Hybrid,Manual,2.1,167490,81834,4355,Low
12/31/2011,i3,2011,Europe,White,Diesel,Automatic,4.2,128883,43335,3872,Low
12/31/2011,X3,2011,North America,Black,Diesel,Automatic,1.7,136201,25000,9617,High
12/31/2010,M5,2010,Asia,Red,Hybrid,Manual,2.6,194183,76102,1058,Low
12/31/2013,X3,2013,Europe,Red,Hybrid,Automatic,2.3,82944,61769,8092,High
12/31/2011,X3,2011,Europe,Blue,Petrol,Automatic,4.7,179547,42461,7251,High
12/31/2018,M5,2018,North America,Red,Diesel,Automatic,2.1,199626,97461,2061,Low
12/31/2018,3 Series,2018,Europe,Grey,Diesel,Manual,3.5,156488,61471,9970,High
12/31/2020,X3,2020,Europe,Silver,Petrol,Manual,2.1,43434,87576,8738,High
12/31/2020,5 Series,2020,South America,Red,Petrol,Manual,3.2,96778,91996,3972,Low
12/31/2016,3 Series,2016,Europe,Silver,Petrol,Automatic,2.9,135592,56216,9782,High
12/31/2015,i8,2015,Asia,Blue,Diesel,Automatic,1.6,104000,112022,50,Low
12/31/2021,X6,2021,South America,Blue,Electric,Manual,4.4,77491,124955,2937,Low
12/31/2012,3 Series,2012,Africa,Grey,Diesel,Automatic,4.2,48342,59321,13210,High
12/31/2023,X5,2023,Africa,Black,Diesel,Automatic,2.5,45425,114912,3251,Low
12/31/2021,i3,2021,North America,Black,Petrol,Manual,3.6,84946,85258,4799,Low
12/31/2023,X3,2023,Asia,White,Electric,Automatic,2.8,170284,48796,10951,High
12/31/2024,i3,2024,Europe,Blue,Petrol,Automatic,4.2,151780,95220,5390,High
12/31/2016,5 Series,2016,Asia,Blue,Electric,Manual,3.9,120773,88468,7266,High
12/31/2010,5 Series,2010,North America,Blue,Hybrid,Manual,1.8,91343,51744,7084,High
12/31/2018,3 Series,2018,Africa,Blue,Petrol,Automatic,4.5,181842,62567,5312,High
12/31/2013,i8,2013,North America,Red,Petrol,Manual,2.1,126442,106088,50,Low
12/31/2015,7 Series,2015,South America,Black,Electric,Manual,2.1,9959,117378,50,Low
12/31/2015,X5,2015,Asia,Black,Electric,Manual,4.1,29611,114175,4905,Low
12/31/2020,7 Series,2020,South America,White,Petrol,Automatic,2.1,103564,110206,856,Low
12/31/2012,3 Series,2012,North America,Blue,Diesel,Automatic,1.9,175641,25000,10377,High
12/31/2013,i8,2013,South America,Blue,Electric,Manual,2.7,30399,140523,50,Low
12/31/2022,X3,2022,Asia,Red,Electric,Manual,4.4,83094,118429,8947,High
12/31/2020,X6,2020,Europe,Silver,Electric,Automatic,2.1,67964,118621,4945,Low
12/31/2019,5 Series,2019,South America,Black,Hybrid,Manual,2.7,151656,80594,5057,High
12/31/2012,5 Series,2012,Asia,Silver,Electric,Manual,2.5,102126,37032,7699,High
12/31/2022,X6,2022,Asia,Grey,Hybrid,Manual,2.7,166655,103561,5371,High
12/31/2015,X1,2015,North America,Red,Petrol,Manual,4,163013,48015,6722,High
12/31/2010,M5,2010,Asia,White,Electric,Automatic,2.9,197858,79711,922,Low
12/31/2017,5 Series,2017,North America,White,Petrol,Manual,4.2,163634,74512,6745,High
12/31/2017,M5,2017,Asia,Blue,Diesel,Automatic,3.7,137733,113770,1435,Low
12/31/2018,M5,2018,North America,Silver,Petrol,Automatic,2.8,138256,117615,1563,Low
12/31/2015,X3,2015,North America,Grey,Petrol,Automatic,3,69184,69021,9322,High
12/31/2010,X3,2010,Middle East,Silver,Petrol,Automatic,4,54235,59044,5487,High
12/31/2012,i3,2012,Africa,Grey,Electric,Automatic,3.4,172348,46282,2176,Low
12/31/2024,X3,2024,North America,Silver,Petrol,Manual,4.5,95326,113605,9736,High
12/31/2010,X3,2010,Middle East,Black,Petrol,Manual,4.8,88299,55520,5102,High
12/31/2024,X5,2024,North America,Red,Diesel,Manual,4,189455,96930,5784,High
12/31/2022,7 Series,2022,Middle East,Grey,Hybrid,Automatic,5,138178,156691,1065,Low
12/31/2024,X5,2024,Middle East,Red,Diesel,Automatic,3.6,179846,106391,4311,Low
12/31/2014,7 Series,2014,North America,Black,Diesel,Manual,1.6,145475,72250,1235,Low
12/31/2012,M5,2012,Middle East,Red,Petrol,Automatic,3.3,63478,108748,121,Low
12/31/2023,3 Series,2023,North America,Grey,Electric,Manual,2.3,45516,110615,9154,High
12/31/2011,X5,2011,Africa,White,Diesel,Automatic,2.7,59207,59145,2578,Low
12/31/2012,5 Series,2012,Middle East,Silver,Diesel,Manual,3.2,111779,54498,4347,Low
12/31/2018,7 Series,2018,Africa,Grey,Electric,Manual,2.5,38241,127510,705,Low
12/31/2020,M3,2020,Asia,Grey,Diesel,Manual,2.6,143993,81082,3367,Low
12/31/2017,X1,2017,Asia,Black,Electric,Manual,2.9,62531,80456,7442,High
12/31/2022,i8,2022,North America,Blue,Electric,Manual,2.5,63769,173032,656,Low
12/31/2012,3 Series,2012,Africa,Grey,Diesel,Automatic,2.1,34356,45583,4715,Low
12/31/2020,X6,2020,South America,White,Electric,Automatic,4.2,119187,123843,3166,Low
12/31/2011,7 Series,2011,Middle East,Grey,Diesel,Automatic,2.9,88329,90141,50,Low
12/31/2014,3 Series,2014,Asia,Black,Electric,Manual,4.4,81989,83522,9598,High
12/31/2021,i8,2021,Asia,White,Hybrid,Automatic,4.6,119261,178201,429,Low
12/31/2021,7 Series,2021,Europe,Black,Petrol,Automatic,4.1,100082,130714,1383,Low
12/31/2022,3 Series,2022,Europe,Silver,Petrol,Manual,2.9,51970,94716,10292,High
12/31/2021,M3,2021,North America,White,Electric,Automatic,4,36141,132157,3053,Low
12/31/2010,3 Series,2010,North America,Grey,Diesel,Manual,2,140226,25000,9640,High
12/31/2013,i8,2013,Africa,Silver,Petrol,Automatic,3.8,18255,130772,50,Low
12/31/2017,i8,2017,Middle East,Silver,Electric,Automatic,2.9,67075,161802,50,Low
12/31/2010,X5,2010,Middle East,White,Hybrid,Manual,3.8,163817,78915,3179,Low
12/31/2014,X5,2014,Middle East,White,Petrol,Manual,4.1,54055,92363,3783,Low
12/31/2021,3 Series,2021,North America,White,Petrol,Automatic,3.5,91686,94386,10141,High
12/31/2013,M5,2013,Europe,Red,Petrol,Automatic,3.7,134800,100756,935,Low
12/31/2015,i8,2015,South America,White,Hybrid,Manual,2.2,16495,137803,50,Low
12/31/2016,X1,2016,Middle East,Black,Diesel,Automatic,3.6,96796,62921,5253,High
12/31/2018,3 Series,2018,Europe,Silver,Diesel,Automatic,3.1,83317,69438,8262,High
12/31/2010,3 Series,2010,Middle East,White,Petrol,Manual,3,97225,35782,6697,High
12/31/2020,i3,2020,South America,Red,Diesel,Automatic,2.9,40682,83897,2945,Low
12/31/2019,X5,2019,Europe,Blue,Electric,Automatic,2.6,66760,112645,15000,High
12/31/2013,X1,2013,Asia,Red,Electric,Manual,2.6,54474,62897,7118,High
12/31/2015,7 Series,2015,Europe,Silver,Electric,Manual,3.9,95552,123507,571,Low
12/31/2019,M5,2019,Africa,Red,Petrol,Manual,3.5,91614,122261,595,Low
12/31/2016,i8,2016,Europe,Grey,Diesel,Automatic,1.6,68240,129510,50,Low
12/31/2016,i3,2016,North America,White,Petrol,Manual,1.7,104945,50220,5069,High
12/31/2017,i8,2017,Asia,Black,Electric,Manual,3.5,6847,168508,50,Low
12/31/2023,X6,2023,Africa,Silver,Diesel,Automatic,4.5,108643,116227,2535,Low
12/31/2019,5 Series,2019,Africa,Blue,Hybrid,Manual,1.7,20497,93452,3541,Low
12/31/2017,X3,2017,Europe,Black,Petrol,Automatic,3.3,130043,69396,8624,High
12/31/2017,i8,2017,Africa,Grey,Electric,Manual,4.5,62617,166468,50,Low
12/31/2017,7 Series,2017,Asia,Black,Electric,Manual,1.5,94999,115405,1126,Low
12/31/2021,5 Series,2021,North America,White,Electric,Manual,2.5,143648,99772,8290,High
12/31/2024,3 Series,2024,Asia,White,Diesel,Automatic,4.7,19033,116525,11633,High
12/31/2017,3 Series,2017,Europe,Blue,Diesel,Automatic,1.8,141084,46574,8965,High
12/31/2015,X1,2015,Middle East,Grey,Diesel,Automatic,3.6,36183,64691,5725,High
12/31/2018,M5,2018,South America,Blue,Petrol,Manual,3.3,112537,109798,817,Low
12/31/2012,X1,2012,Asia,Blue,Electric,Automatic,2,34728,58650,6753,High
12/31/2015,5 Series,2015,Africa,Blue,Electric,Automatic,1.6,164376,59423,3338,Low
12/31/2014,i3,2014,Africa,Red,Diesel,Automatic,3.3,61838,60966,2401,Low
12/31/2024,5 Series,2024,Asia,White,Diesel,Manual,4.1,193514,97718,8345,High
12/31/2024,7 Series,2024,Europe,Black,Electric,Automatic,2.1,33502,161193,1915,Low
12/31/2017,M5,2017,South America,Red,Electric,Automatic,3.9,109729,133169,312,Low
12/31/2013,i3,2013,Asia,Red,Hybrid,Automatic,3.4,66887,70791,4776,Low
12/31/2013,X5,2013,Africa,Blue,Hybrid,Automatic,2.8,152346,64952,2963,Low
12/31/2022,i8,2022,Europe,Silver,Petrol,Manual,3.8,196227,140935,538,Low
12/31/2024,i8,2024,Africa,Blue,Hybrid,Manual,2.2,81995,166363,569,Low
12/31/2019,3 Series,2019,Middle East,Grey,Petrol,Manual,3.1,83934,81752,7168,High
12/31/2020,X3,2020,Middle East,Grey,Hybrid,Automatic,3.4,114388,97955,6797,High
12/31/2019,X5,2019,North America,Blue,Electric,Automatic,3.1,164371,94860,7235,High
12/31/2022,X3,2022,South America,White,Hybrid,Manual,2.9,128303,92836,5651,High
12/31/2014,3 Series,2014,North America,Blue,Petrol,Automatic,4.1,132276,59881,9059,High
12/31/2020,X6,2020,Europe,Red,Petrol,Automatic,3.8,74046,113891,4018,Low
12/31/2022,X6,2022,Europe,Black,Diesel,Automatic,3.7,123280,114551,3744,Low
12/31/2022,X6,2022,North America,Grey,Electric,Manual,4.6,16364,145141,4962,Low
12/31/2024,X6,2024,Europe,Blue,Electric,Automatic,5,144590,140932,5295,High
12/31/2015,X1,2015,North America,Grey,Petrol,Automatic,3.5,6559,101618,7079,High
12/31/2024,X6,2024,North America,Silver,Diesel,Manual,2.7,173167,98027,5040,High
12/31/2020,M3,2020,Middle East,Silver,Electric,Automatic,4.2,72561,129099,2161,Low
12/31/2013,5 Series,2013,South America,Red,Diesel,Manual,2,21425,64392,3360,Low
12/31/2011,i8,2011,Middle East,Red,Petrol,Manual,3.3,74336,118768,50,Low
12/31/2021,i8,2021,Asia,White,Diesel,Manual,3.3,17817,163193,132,Low
12/31/2021,7 Series,2021,South America,Grey,Hybrid,Automatic,4.9,160052,137256,2241,Low
12/31/2023,X5,2023,Africa,Black,Diesel,Automatic,5,181969,104031,3401,Low
12/31/2011,i3,2011,Asia,Red,Petrol,Manual,4.3,81904,51092,4209,Low
12/31/2021,X1,2021,Asia,Black,Hybrid,Manual,3.2,112713,81143,7832,High
12/31/2012,i3,2012,Africa,Grey,Petrol,Automatic,3.4,187218,30993,2172,Low
12/31/2011,X1,2011,North America,Red,Hybrid,Manual,2.6,53238,48140,7286,High
12/31/2010,X6,2010,Africa,Red,Petrol,Manual,4.4,194679,47826,1809,Low
12/31/2023,7 Series,2023,Middle East,Blue,Petrol,Automatic,4.1,119864,137109,930,Low
12/31/2017,X1,2017,Asia,Red,Hybrid,Automatic,4.2,41591,88500,6627,High
12/31/2021,X3,2021,Middle East,Black,Electric,Manual,2,145781,84676,7719,High
12/31/2014,X1,2014,Europe,Blue,Diesel,Automatic,2.9,98824,43548,812,Low
12/31/2019,M5,2019,Asia,Black,Diesel,Automatic,3.4,86492,129135,1748,Low
12/31/2010,3 Series,2010,Africa,Silver,Petrol,Automatic,1.9,16044,40912,4585,Low
12/31/2022,5 Series,2022,Middle East,Black,Electric,Manual,2.8,179831,99308,6046,High
12/31/2018,X3,2018,Asia,Red,Electric,Manual,1.8,75995,79572,9003,High
12/31/2017,X1,2017,Africa,Silver,Diesel,Manual,4.9,17873,106614,3839,Low
12/31/2013,X1,2013,Middle East,Blue,Petrol,Automatic,4.1,61416,63691,4492,Low
12/31/2017,M5,2017,Middle East,Black,Diesel,Manual,3.7,199467,106312,995,Low
12/31/2022,M3,2022,Africa,Red,Electric,Automatic,2.2,105519,113175,2271,Low
12/31/2021,X5,2021,South America,Silver,Electric,Automatic,2.7,59119,122934,3964,Low
12/31/2022,X6,2022,North America,Red,Diesel,Automatic,2,115218,98685,4887,Low
12/31/2019,5 Series,2019,North America,Silver,Hybrid,Manual,3.4,44241,108035,6817,High
12/31/2016,M3,2016,Africa,Blue,Electric,Automatic,4.4,103268,101631,856,Low
12/31/2020,X5,2020,Europe,Red,Electric,Manual,1.6,168117,84889,6622,High
12/31/2024,M5,2024,Europe,White,Electric,Automatic,1.9,195147,133675,2978,Low
12/31/2020,5 Series,2020,South America,Black,Hybrid,Manual,2.3,17224,106903,5045,High
12/31/2016,5 Series,2016,South America,White,Diesel,Manual,4,64931,84218,4094,Low
12/31/2010,X5,2010,Middle East,Red,Petrol,Manual,4.6,181134,52527,3860,Low
12/31/2015,X1,2015,North America,Grey,Petrol,Manual,4.1,87417,59263,7404,High
12/31/2022,7 Series,2022,Africa,Black,Petrol,Automatic,3.3,24621,139195,650,Low
12/31/2013,M5,2013,Africa,White,Electric,Manual,1.9,190706,84181,262,Low
12/31/2023,3 Series,2023,North America,Red,Diesel,Manual,4.1,107247,99109,9051,High
12/31/2019,M3,2019,South America,Blue,Petrol,Automatic,1.9,40168,101195,1581,Low
12/31/2019,5 Series,2019,Africa,Silver,Diesel,Manual,2.7,100726,75559,4200,Low
12/31/2019,3 Series,2019,North America,White,Petrol,Automatic,2.6,38070,87478,10503,High
12/31/2020,7 Series,2020,North America,White,Diesel,Automatic,2.8,45949,125502,1256,Low
12/31/2021,5 Series,2021,Middle East,White,Petrol,Manual,2.7,114629,86928,5721,High
12/31/2011,7 Series,2011,Asia,Blue,Petrol,Automatic,4.2,183917,80652,834,Low
12/31/2019,M5,2019,Middle East,Red,Petrol,Automatic,2.1,93369,119260,1105,Low
12/31/2016,3 Series,2016,Europe,Blue,Petrol,Manual,4.5,56049,78318,8107,High
12/31/2018,M5,2018,Europe,Black,Hybrid,Manual,4.5,52775,138836,1755,Low
12/31/2022,5 Series,2022,Europe,Silver,Diesel,Manual,3.2,187017,77428,7225,High
12/31/2014,i8,2014,South America,Red,Hybrid,Manual,1.9,65792,123313,50,Low
12/31/2017,5 Series,2017,Middle East,Grey,Diesel,Automatic,3.5,110359,81870,4254,Low
12/31/2014,X3,2014,North America,Grey,Hybrid,Manual,4.4,16852,92150,8944,High
12/31/2023,7 Series,2023,Middle East,Blue,Diesel,Automatic,2.5,115775,124763,1356,Low
12/31/2016,X6,2016,Middle East,Grey,Diesel,Automatic,4.4,80687,105327,2562,Low
12/31/2016,M3,2016,Europe,Grey,Petrol,Manual,3.9,84273,90567,2359,Low
12/31/2018,M3,2018,Middle East,White,Petrol,Automatic,5,106226,111194,1461,Low
12/31/2012,M5,2012,South America,Black,Hybrid,Manual,4.4,4549,118660,50,Low
12/31/2023,M5,2023,Africa,Grey,Hybrid,Automatic,2.2,31077,156573,1254,Low
12/31/2010,M3,2010,Asia,Black,Diesel,Automatic,3.1,61887,63982,2549,Low
12/31/2011,X6,2011,Asia,Blue,Electric,Manual,1.9,75831,73729,3966,Low
12/31/2021,7 Series,2021,South America,Silver,Electric,Manual,1.7,128040,122352,1327,Low
12/31/2015,M3,2015,Europe,Grey,Hybrid,Automatic,4,140986,87922,2071,Low
12/31/2023,i8,2023,Middle East,Black,Petrol,Manual,4.7,11680,196484,50,Low
12/31/2019,5 Series,2019,Asia,Blue,Diesel,Manual,4.9,104138,92924,6526,High
12/31/2019,X5,2019,Europe,Blue,Hybrid,Manual,2.4,55179,104236,6934,High
12/31/2021,i3,2021,Africa,Blue,Diesel,Automatic,2.2,165116,62396,3199,Low
12/31/2022,M3,2022,Asia,Blue,Petrol,Automatic,3.5,60521,116011,2988,Low
12/31/2023,5 Series,2023,Europe,Grey,Diesel,Automatic,2.2,93931,94207,6317,High
12/31/2018,X6,2018,Asia,Blue,Hybrid,Automatic,2.5,185470,89819,5329,High
12/31/2012,i8,2012,Asia,Red,Petrol,Automatic,4.4,178627,114031,50,Low
12/31/2019,M5,2019,Asia,White,Hybrid,Automatic,4.3,72004,152828,1840,Low
12/31/2011,X3,2011,Asia,Blue,Hybrid,Manual,4.6,38646,78502,8081,High
12/31/2020,5 Series,2020,South America,Blue,Electric,Automatic,3.2,162618,93523,5084,High
12/31/2010,M3,2010,Middle East,Silver,Petrol,Automatic,3.5,30538,79636,880,Low
12/31/2011,X6,2011,Africa,Grey,Diesel,Automatic,4.2,121501,67551,1397,Low
12/31/2012,M3,2012,Asia,Grey,Hybrid,Automatic,2.3,6951,85229,1973,Low
12/31/2016,M3,2016,Europe,Silver,Petrol,Manual,4.4,66804,95781,2478,Low
12/31/2011,X5,2011,South America,Black,Electric,Automatic,1.6,174613,49529,2801,Low
12/31/2022,M5,2022,Europe,Grey,Petrol,Manual,4.3,197272,129476,1921,Low
12/31/2014,7 Series,2014,North America,Black,Petrol,Manual,4.2,180833,91430,996,Low
12/31/2011,5 Series,2011,Asia,Black,Electric,Automatic,2.6,37643,80362,6445,High
12/31/2016,i3,2016,North America,Red,Petrol,Automatic,4,134787,67434,5563,High
12/31/2019,M3,2019,North America,Black,Hybrid,Manual,2.2,39574,113364,3328,Low
12/31/2017,5 Series,2017,South America,Silver,Hybrid,Manual,3.5,14309,97893,4224,Low
12/31/2017,M3,2017,Middle East,Black,Hybrid,Automatic,4,34501,122287,1128,Low
12/31/2022,X6,2022,North America,Black,Diesel,Manual,4,146745,107203,4593,Low
12/31/2024,X1,2024,Asia,Red,Electric,Automatic,4.9,142304,106631,9111,High
12/31/2017,X1,2017,Middle East,Grey,Electric,Manual,2.1,72040,72995,5822,High
12/31/2019,X6,2019,Africa,White,Diesel,Automatic,3.2,128630,89323,2079,Low
12/31/2024,X5,2024,Asia,Grey,Petrol,Automatic,4.6,56354,127568,6606,High
12/31/2018,X5,2018,South America,Blue,Petrol,Manual,3.5,101875,86463,3138,Low
12/31/2010,X5,2010,Europe,Red,Hybrid,Manual,4.6,176096,61796,4602,Low
12/31/2021,i3,2021,Asia,Blue,Diesel,Manual,3,37105,88435,4907,Low
12/31/2010,i8,2010,Middle East,Red,Hybrid,Automatic,4.3,87813,134949,50,Low
12/31/2023,i3,2023,North America,Black,Electric,Automatic,4.5,137606,106910,5450,High
12/31/2024,7 Series,2024,Middle East,Blue,Petrol,Automatic,4.5,175508,135322,1340,Low
12/31/2023,X5,2023,Middle East,Blue,Hybrid,Manual,4.5,194958,113611,4326,Low
12/31/2023,X6,2023,North America,Grey,Diesel,Automatic,2.3,27073,120218,4749,Low
12/31/2019,X3,2019,Africa,Black,Hybrid,Manual,3,94294,86020,5610,High
12/31/2011,i8,2011,Europe,Blue,Diesel,Manual,2.1,169666,83860,50,Low
12/31/2020,M5,2020,Europe,Black,Hybrid,Manual,2.1,1419,138709,2187,Low
12/31/2024,i3,2024,Middle East,White,Hybrid,Automatic,3.2,112688,110508,4034,Low
12/31/2015,5 Series,2015,Europe,Blue,Hybrid,Automatic,4.9,17102,106707,6192,High
12/31/2023,X5,2023,Middle East,Red,Diesel,Automatic,3.6,148925,100708,4952,Low
12/31/2010,i8,2010,Asia,Black,Diesel,Manual,4.5,191776,100976,50,Low
12/31/2014,3 Series,2014,Middle East,White,Hybrid,Automatic,4.8,84717,78211,5987,High
12/31/2024,5 Series,2024,South America,Silver,Diesel,Automatic,1.8,136764,86041,4824,Low
12/31/2014,X3,2014,Asia,Black,Electric,Manual,2.1,43788,75030,9440,High
12/31/2024,7 Series,2024,Asia,Red,Petrol,Automatic,2.5,55948,142003,1753,Low
12/31/2024,i8,2024,Middle East,Red,Petrol,Manual,3.7,87116,174116,65,Low
12/31/2013,3 Series,2013,North America,Blue,Hybrid,Manual,1.7,177510,34746,9131,High
12/31/2020,3 Series,2020,Europe,Black,Electric,Automatic,4.3,41187,110147,10770,High
12/31/2014,i8,2014,Africa,Black,Diesel,Manual,1.7,91148,103593,50,Low
12/31/2021,3 Series,2021,Middle East,White,Hybrid,Manual,2.1,24267,96358,8118,High
12/31/2010,X6,2010,Africa,White,Diesel,Manual,2.8,24960,64339,1350,Low
12/31/2020,7 Series,2020,Africa,Red,Petrol,Automatic,3.5,44971,59903,1534,Low
12/31/2020,X3,2020,Middle East,Grey,Petrol,Automatic,4.6,179579,85713,5691,High
12/31/2015,X5,2015,Africa,Blue,Petrol,Manual,4.9,89648,88512,2880,Low
12/31/2016,i8,2016,Africa,Grey,Hybrid,Automatic,4.6,93136,145930,50,Low
12/31/2017,3 Series,2017,South America,Silver,Petrol,Manual,1.9,97825,54949,5687,High
12/31/2024,3 Series,2024,Middle East,Black,Petrol,Automatic,3.7,17574,122187,7080,High
12/31/2011,X5,2011,Middle East,Blue,Petrol,Automatic,3,186281,47714,3182,Low
12/31/2024,X6,2024,South America,Blue,Diesel,Automatic,1.9,90758,110458,3431,Low
12/31/2024,X6,2024,Europe,White,Diesel,Automatic,3.4,24214,140108,3802,Low
12/31/2016,X3,2016,Europe,Silver,Hybrid,Manual,2.7,123668,68429,7563,High
12/31/2015,i8,2015,Africa,White,Petrol,Automatic,2.7,154101,105079,50,Low
12/31/2018,M5,2018,Asia,Silver,Petrol,Manual,1.8,107562,106788,1693,Low
12/31/2024,X6,2024,Africa,Grey,Diesel,Automatic,4.9,160407,114662,2898,Low
12/31/2017,M3,2017,Middle East,Black,Diesel,Manual,4,185436,31845,2874,Low
12/31/2023,X5,2023,Asia,Red,Hybrid,Manual,2.5,63643,115342,6520,High
12/31/2020,M3,2020,Europe,Grey,Hybrid,Manual,4.7,36673,127737,509,Low
12/31/2023,5 Series,2023,Middle East,Blue,Diesel,Automatic,4.8,149123,112497,4883,Low
12/31/2024,i3,2024,South America,Grey,Hybrid,Manual,4.3,194256,91525,4734,Low
12/31/2013,M5,2013,South America,Silver,Diesel,Automatic,3.8,83795,102259,217,Low
12/31/2023,X1,2023,South America,Blue,Hybrid,Manual,2.8,113278,83470,5471,High
12/31/2022,X5,2022,South America,Red,Hybrid,Manual,3,312,122878,3666,Low
12/31/2018,5 Series,2018,Middle East,Red,Electric,Manual,3.1,20313,116023,5025,High
12/31/2010,7 Series,2010,South America,White,Hybrid,Automatic,4.8,111928,59492,176,Low
12/31/2020,i8,2020,Europe,Black,Electric,Manual,4.2,186325,153016,575,Low
12/31/2015,5 Series,2015,Asia,Blue,Electric,Automatic,2.5,28190,92484,5668,High
12/31/2017,5 Series,2017,Europe,Black,Electric,Manual,3.7,105147,93946,5905,High
12/31/2020,7 Series,2020,Middle East,Grey,Diesel,Manual,3.6,95448,129285,761,Low
12/31/2020,3 Series,2020,Middle East,Grey,Hybrid,Automatic,4.3,50333,110536,7747,High
12/31/2013,X5,2013,Middle East,Grey,Petrol,Automatic,1.8,10927,81787,3296,Low
12/31/2011,i3,2011,Asia,Blue,Diesel,Manual,4,93685,46626,5150,High
12/31/2020,X5,2020,North America,Grey,Hybrid,Manual,2.7,140872,98302,6054,High
12/31/2011,X6,2011,South America,Red,Electric,Manual,2,63901,75858,1469,Low
12/31/2019,X6,2019,Middle East,Black,Electric,Manual,4.1,4648,145852,2545,Low
12/31/2010,i8,2010,North America,Black,Diesel,Automatic,2.7,32927,116163,50,Low
12/31/2014,X6,2014,North America,Black,Electric,Manual,4.1,47854,107324,3143,Low
12/31/2022,i3,2022,North America,Red,Electric,Automatic,2.1,184250,81379,6708,High
12/31/2015,M5,2015,Africa,Silver,Petrol,Automatic,5,40812,126221,50,Low
12/31/2013,X6,2013,North America,White,Petrol,Automatic,4.3,98351,85249,3977,Low
12/31/2013,X1,2013,Europe,White,Diesel,Automatic,2.5,32590,52198,7353,High
12/31/2014,i8,2014,South America,Black,Hybrid,Manual,4.1,131043,124790,50,Low
12/31/2023,M3,2023,North America,White,Hybrid,Manual,2,185826,96230,4528,Low
12/31/2024,7 Series,2024,Africa,Silver,Hybrid,Automatic,3.8,138644,136689,1446,Low
12/31/2014,7 Series,2014,Europe,White,Electric,Automatic,1.7,188835,84410,919,Low
12/31/2023,3 Series,2023,North America,Silver,Petrol,Manual,2.7,73538,88551,9641,High
12/31/2023,M5,2023,Africa,White,Electric,Manual,4.9,137047,153752,1085,Low
12/31/2023,X6,2023,South America,Blue,Diesel,Manual,1.9,136975,98345,3186,Low
12/31/2023,M3,2023,Middle East,Red,Electric,Automatic,3.6,143231,132028,2830,Low
12/31/2018,X6,2018,South America,Grey,Electric,Automatic,1.7,58758,109687,2939,Low
12/31/2017,3 Series,2017,North America,Red,Hybrid,Automatic,3.8,182991,65723,10144,High
12/31/2018,M3,2018,Middle East,White,Petrol,Manual,2.5,155135,78822,2394,Low
12/31/2022,X5,2022,Europe,Silver,Petrol,Manual,2.6,4251,114842,6175,High
12/31/2023,5 Series,2023,Europe,Blue,Petrol,Automatic,2.7,98968,106327,6411,High
12/31/2012,X5,2012,South America,White,Diesel,Automatic,2.2,174877,38149,3788,Low
12/31/2023,3 Series,2023,North America,Silver,Petrol,Automatic,4.8,176010,90199,10220,High
12/31/2012,5 Series,2012,Africa,Black,Hybrid,Automatic,4.7,136745,68687,3213,Low
12/31/2010,7 Series,2010,Africa,Silver,Diesel,Automatic,4.5,196974,67664,50,Low
12/31/2023,i3,2023,Asia,Grey,Electric,Automatic,1.9,127414,90765,7259,High
12/31/2019,5 Series,2019,Africa,Red,Electric,Automatic,2.3,108278,91340,4287,Low
12/31/2022,X5,2022,Middle East,Silver,Petrol,Automatic,3.6,189859,94107,4599,Low
12/31/2015,3 Series,2015,Africa,White,Diesel,Manual,4.9,145837,57773,5603,High
12/31/2013,5 Series,2013,Middle East,Blue,Diesel,Automatic,3.6,58053,71125,4702,Low
12/31/2020,5 Series,2020,Africa,Grey,Hybrid,Manual,2.6,68085,98475,3691,Low
12/31/2024,3 Series,2024,Middle East,White,Petrol,Automatic,4.4,135458,97791,6395,High
12/31/2024,5 Series,2024,North America,Black,Electric,Manual,2,12708,128587,7849,High
12/31/2023,X5,2023,Asia,Silver,Diesel,Automatic,4.6,146983,107773,6969,High
12/31/2017,7 Series,2017,Europe,White,Petrol,Automatic,4.9,132531,117171,1136,Low
12/31/2011,5 Series,2011,Asia,Blue,Petrol,Automatic,4.9,111656,64216,6352,High
12/31/2020,i8,2020,Africa,Grey,Diesel,Manual,2,138372,118706,138,Low
12/31/2011,M3,2011,Africa,Black,Diesel,Automatic,3.4,2812,74232,715,Low
12/31/2016,i3,2016,North America,White,Hybrid,Automatic,3.5,69040,84843,5308,High
12/31/2022,3 Series,2022,Middle East,White,Electric,Automatic,2.2,126268,90834,7996,High
12/31/2024,X6,2024,Middle East,Grey,Petrol,Automatic,3.4,135301,124896,3143,Low
12/31/2014,M3,2014,North America,Black,Electric,Automatic,3.8,164721,81632,2465,Low
12/31/2022,M3,2022,Asia,Grey,Petrol,Automatic,2.7,142514,96255,3878,Low
12/31/2010,M3,2010,Asia,Silver,Electric,Automatic,2.6,64444,76094,2393,Low
12/31/2016,X3,2016,Africa,Silver,Diesel,Automatic,1.7,197911,35086,4940,Low
12/31/2016,3 Series,2016,South America,Silver,Hybrid,Automatic,4.8,32307,95953,4627,Low
12/31/2019,X5,2019,North America,White,Diesel,Manual,4.3,32527,112938,6357,High
12/31/2015,i3,2015,Middle East,Blue,Electric,Manual,4.2,130438,73324,3396,Low
12/31/2013,X3,2013,Asia,Silver,Hybrid,Manual,1.6,93993,52764,9145,High
12/31/2021,M3,2021,North America,Grey,Electric,Automatic,3.7,121049,126314,3444,Low
12/31/2022,X1,2022,Africa,White,Petrol,Manual,2.1,138772,66573,4174,Low
12/31/2017,M5,2017,South America,Blue,Electric,Manual,3.8,154683,123498,506,Low
12/31/2021,M3,2021,Africa,Black,Hybrid,Automatic,3.7,55505,120989,1825,Low
12/31/2020,7 Series,2020,Africa,Black,Electric,Automatic,4.5,136080,140376,904,Low
12/31/2011,X5,2011,Africa,Grey,Diesel,Manual,2.4,80051,49524,2507,Low
12/31/2011,i3,2011,Europe,Blue,Petrol,Manual,1.6,103557,27564,5051,High
12/31/2011,M5,2011,Africa,Silver,Hybrid,Manual,4.7,110994,103384,50,Low
12/31/2012,i8,2012,Asia,White,Petrol,Automatic,4.7,22209,136221,50,Low
12/31/2015,M3,2015,Middle East,Black,Electric,Manual,3.1,71826,101053,1189,Low
12/31/2010,M5,2010,South America,Silver,Electric,Manual,1.8,168216,70186,251,Low
12/31/2020,3 Series,2020,Europe,Silver,Hybrid,Automatic,3.2,33674,98191,8761,High
12/31/2011,7 Series,2011,North America,Grey,Petrol,Automatic,3.3,24641,148216,50,Low
12/31/2019,5 Series,2019,Europe,Blue,Petrol,Automatic,4.4,105893,95696,6992,High
12/31/2024,7 Series,2024,North America,Grey,Petrol,Manual,4,146251,134551,1636,Low
12/31/2011,5 Series,2011,Middle East,Red,Petrol,Manual,1.7,59160,54730,4416,Low
12/31/2023,X1,2023,North America,Black,Diesel,Manual,4,97312,86429,7760,High
12/31/2021,X1,2021,Asia,Grey,Petrol,Manual,2,139645,63426,7437,High
12/31/2010,M3,2010,Asia,Red,Diesel,Automatic,1.8,43660,60682,2299,Low
12/31/2012,3 Series,2012,Africa,Black,Electric,Manual,2.9,1975,73967,4707,Low
12/31/2019,3 Series,2019,Asia,Silver,Petrol,Automatic,1.8,99123,66498,9123,High
12/31/2016,7 Series,2016,Asia,Silver,Diesel,Automatic,4.4,154924,107474,1080,Low
12/31/2024,i3,2024,Middle East,Silver,Hybrid,Manual,3.1,48314,117967,3972,Low
12/31/2022,X5,2022,Asia,Black,Electric,Manual,3.6,168127,106723,6369,High
12/31/2010,7 Series,2010,Asia,Black,Petrol,Manual,3.5,136439,110075,205,Low
12/31/2016,M3,2016,South America,Red,Electric,Automatic,4.9,28276,116992,1021,Low
12/31/2014,M5,2014,Africa,White,Petrol,Automatic,4.7,44119,125584,50,Low
12/31/2018,X3,2018,South America,Red,Electric,Automatic,4.5,33534,115255,4673,Low
12/31/2011,M5,2011,Africa,Black,Diesel,Automatic,2.8,119891,74846,137,Low
12/31/2010,X3,2010,Africa,Red,Diesel,Manual,2,61067,33755,3697,Low
12/31/2018,3 Series,2018,Asia,Blue,Hybrid,Manual,3.6,198572,63888,10731,High
12/31/2017,M5,2017,Europe,Red,Diesel,Automatic,3,71076,120314,1520,Low
12/31/2019,5 Series,2019,Asia,Blue,Hybrid,Automatic,2.3,125546,90164,8620,High
12/31/2015,X1,2015,Africa,White,Hybrid,Automatic,1.8,25712,66789,3914,Low
12/31/2024,X6,2024,South America,White,Petrol,Automatic,3,30578,128701,3135,Low
12/31/2014,X1,2014,Europe,Red,Diesel,Automatic,3.8,94343,53628,6746,High
12/31/2017,i8,2017,Europe,Blue,Diesel,Automatic,3.7,121443,135887,50,Low
12/31/2017,i3,2017,Africa,Red,Hybrid,Automatic,4.2,105709,84201,2350,Low
12/31/2023,X6,2023,Africa,Grey,Diesel,Manual,3.1,119648,103423,2505,Low
12/31/2014,X5,2014,Africa,Black,Diesel,Automatic,2.6,67573,71324,2684,Low
12/31/2021,5 Series,2021,North America,Black,Hybrid,Manual,3.4,187934,88792,6789,High
12/31/2016,X6,2016,Africa,Black,Electric,Automatic,4.9,41573,125688,1438,Low
12/31/2022,X3,2022,Europe,Red,Petrol,Automatic,1.7,85148,83450,9856,High
12/31/2022,X6,2022,South America,Black,Hybrid,Automatic,3.4,39955,127285,3221,Low
12/31/2010,X3,2010,North America,Red,Diesel,Manual,2.7,36603,45807,8397,High
12/31/2013,M5,2013,Europe,Silver,Diesel,Automatic,1.9,198507,67142,1619,Low
12/31/2011,X1,2011,North America,Black,Electric,Manual,3,166471,36754,6246,High
12/31/2019,X3,2019,Asia,Blue,Diesel,Automatic,3.7,178791,71480,10479,High
12/31/2012,5 Series,2012,South America,Grey,Petrol,Automatic,3.3,176242,42566,4419,Low
12/31/2021,X5,2021,Asia,Black,Diesel,Automatic,1.6,112173,91087,6695,High
12/31/2010,7 Series,2010,North America,White,Electric,Automatic,3.5,10852,116799,52,Low
12/31/2020,3 Series,2020,North America,Blue,Petrol,Automatic,2.3,35415,84953,10370,High
12/31/2020,X5,2020,Europe,Silver,Petrol,Automatic,2.7,113536,95811,5208,High
12/31/2011,X5,2011,Asia,Grey,Electric,Automatic,2.6,7993,85822,5543,High
12/31/2022,X5,2022,Europe,Black,Diesel,Manual,4.5,12659,130702,4922,Low
12/31/2010,X1,2010,Africa,Black,Electric,Automatic,1.7,123749,30629,4047,Low
12/31/2017,i8,2017,Africa,Red,Hybrid,Manual,2.7,6986,155842,50,Low
12/31/2013,7 Series,2013,Asia,Blue,Diesel,Automatic,2.9,119849,87988,892,Low
12/31/2012,X6,2012,Asia,Black,Hybrid,Automatic,3.7,187111,68563,3428,Low
12/31/2010,5 Series,2010,Europe,Grey,Electric,Manual,4.3,137702,60706,5098,High
12/31/2011,X5,2011,Middle East,Blue,Electric,Automatic,4,83370,39317,3176,Low
12/31/2012,i3,2012,South America,Blue,Petrol,Manual,4.1,35202,58149,2699,Low
12/31/2012,X5,2012,North America,Black,Petrol,Automatic,2.2,60820,63833,5897,High
12/31/2015,X6,2015,Middle East,White,Hybrid,Automatic,4.7,58820,119964,2015,Low
12/31/2019,5 Series,2019,Europe,White,Diesel,Automatic,2.9,117824,79939,6469,High
12/31/2017,M3,2017,Europe,White,Diesel,Automatic,1.5,92621,76135,3151,Low
12/31/2015,i3,2015,Africa,Black,Petrol,Manual,3.8,20977,71914,2054,Low
12/31/2011,X3,2011,Asia,White,Petrol,Manual,3.6,170870,35527,8725,High
12/31/2011,M5,2011,North America,White,Hybrid,Automatic,1.9,85315,93446,1043,Low
12/31/2023,M3,2023,Africa,Silver,Petrol,Automatic,4.9,185491,109091,1999,Low
12/31/2016,5 Series,2016,Europe,White,Electric,Automatic,3.5,6255,111785,5567,High
12/31/2010,7 Series,2010,Asia,White,Electric,Automatic,3.1,140934,91906,468,Low
12/31/2010,X3,2010,Europe,Red,Electric,Automatic,2.9,88635,57601,7399,High
12/31/2016,X1,2016,Middle East,White,Diesel,Manual,2.2,130863,42192,6087,High
12/31/2018,M3,2018,Asia,Red,Hybrid,Automatic,4.8,74483,114694,3472,Low
12/31/2014,7 Series,2014,Africa,White,Electric,Automatic,4,191880,96773,50,Low
12/31/2020,X3,2020,North America,Grey,Electric,Manual,3.5,4582,119533,9456,High
12/31/2010,X6,2010,Africa,White,Petrol,Automatic,3.7,2465,84333,931,Low
12/31/2014,5 Series,2014,South America,Blue,Diesel,Manual,4.4,169,88677,3514,Low
12/31/2020,5 Series,2020,North America,Blue,Hybrid,Automatic,3.7,99596,104626,8246,High
12/31/2010,3 Series,2010,Africa,Black,Petrol,Manual,1.9,151491,25000,4368,Low
12/31/2019,X3,2019,South America,Black,Diesel,Automatic,3.9,110243,79193,5108,High
12/31/2024,X5,2024,Asia,Silver,Diesel,Manual,3.5,171922,95462,6373,High
12/31/2021,X3,2021,North America,Silver,Electric,Manual,4.9,180944,103284,9564,High
12/31/2018,X5,2018,Asia,Silver,Hybrid,Manual,4.1,103768,98675,5577,High
12/31/2013,X6,2013,Europe,Grey,Petrol,Manual,2.7,184589,55391,4113,Low
12/31/2018,X6,2018,Europe,Grey,Petrol,Manual,2,137220,76881,4413,Low
12/31/2011,M5,2011,North America,Silver,Electric,Manual,3.2,125416,105292,675,Low
12/31/2016,i3,2016,Asia,Red,Diesel,Manual,3.9,46329,72328,4893,Low
12/31/2024,X5,2024,Europe,Black,Hybrid,Manual,2.1,44653,124241,7091,High
12/31/2021,3 Series,2021,South America,Blue,Hybrid,Manual,3.8,87814,98450,5559,High
12/31/2022,X1,2022,Middle East,Red,Diesel,Manual,4.4,10957,104473,5004,High
12/31/2011,7 Series,2011,Middle East,Silver,Electric,Automatic,2,136416,91646,50,Low
12/31/2021,i8,2021,North America,Grey,Electric,Manual,4,83891,170515,455,Low
12/31/2013,X1,2013,North America,Grey,Diesel,Manual,1.7,169859,25000,6871,High
12/31/2015,i3,2015,Africa,Grey,Petrol,Manual,1.5,55987,49830,2917,Low
12/31/2023,X5,2023,North America,Grey,Hybrid,Manual,1.6,94213,106225,7843,High
12/31/2011,i8,2011,Europe,Red,Petrol,Manual,3.7,72000,116799,50,Low
12/31/2011,X6,2011,Asia,Silver,Hybrid,Automatic,4.9,20307,105436,3453,Low
12/31/2011,X1,2011,North America,White,Electric,Manual,4.2,80729,60503,6096,High
12/31/2012,5 Series,2012,Europe,Silver,Diesel,Automatic,2.4,132586,44409,5490,High
12/31/2014,X5,2014,Europe,Blue,Hybrid,Automatic,1.8,104150,75012,5434,High
12/31/2018,X3,2018,North America,Blue,Electric,Automatic,3.7,156684,88469,8547,High
12/31/2015,i3,2015,Africa,Blue,Electric,Automatic,1.5,75322,63474,2491,Low
12/31/2024,7 Series,2024,Asia,Grey,Electric,Automatic,4.3,166200,145863,2230,Low
12/31/2024,X1,2024,North America,White,Petrol,Manual,2.4,64337,90970,7675,High
12/31/2021,M5,2021,Middle East,Silver,Hybrid,Manual,2.5,195422,124948,1922,Low
12/31/2023,M5,2023,North America,Black,Electric,Manual,2.7,92273,147723,2332,Low
12/31/2018,7 Series,2018,Middle East,Black,Petrol,Automatic,4.2,124212,123014,538,Low
12/31/2019,i8,2019,Asia,Silver,Diesel,Manual,2.4,21403,151273,50,Low
12/31/2024,M5,2024,Asia,Grey,Diesel,Manual,2.5,120516,130713,2116,Low
12/31/2023,X5,2023,Europe,Red,Hybrid,Manual,3.4,66579,125220,5801,High
12/31/2022,X3,2022,Africa,Silver,Electric,Manual,3.1,2451,114496,5403,High
12/31/2014,i3,2014,Asia,Black,Electric,Automatic,4.8,139953,73183,11805,High
12/31/2020,X5,2020,Africa,Black,Diesel,Manual,2.4,178317,72203,3435,Low
12/31/2015,5 Series,2015,South America,Grey,Hybrid,Manual,1.8,162062,58107,4421,Low
12/31/2019,7 Series,2019,Asia,Blue,Electric,Automatic,3.4,163747,125298,1917,Low
12/31/2021,7 Series,2021,South America,Blue,Diesel,Automatic,2.1,36637,120379,953,Low
12/31/2017,i8,2017,North America,Silver,Electric,Manual,2.9,13713,159848,50,Low
12/31/2012,M5,2012,Asia,White,Petrol,Manual,2.2,18145,102430,916,Low
12/31/2011,5 Series,2011,Africa,Grey,Diesel,Automatic,4.6,56601,67746,3028,Low
12/31/2012,i8,2012,Asia,Grey,Petrol,Automatic,2.6,95843,110708,50,Low
12/31/2023,3 Series,2023,Asia,Grey,Hybrid,Manual,4.2,112622,102073,9507,High
12/31/2018,5 Series,2018,South America,Grey,Hybrid,Manual,4.8,60011,109443,4158,Low
12/31/2024,i3,2024,North America,Black,Electric,Automatic,4.8,146770,117435,6224,High
12/31/2015,M3,2015,Africa,Black,Petrol,Automatic,3.3,89343,79239,1028,Low
12/31/2019,X5,2019,Middle East,Blue,Hybrid,Automatic,4.9,48575,122902,4760,Low
12/31/2021,X3,2021,Middle East,Blue,Diesel,Manual,3.8,37737,106874,6892,High
12/31/2013,i8,2013,Europe,Blue,Petrol,Manual,1.9,7363,129688,50,Low
12/31/2019,i3,2019,Asia,Silver,Hybrid,Automatic,4.6,69737,107145,5465,High
12/31/2012,X6,2012,Europe,Silver,Diesel,Automatic,3.1,34266,80714,3636,Low
12/31/2022,X3,2022,Europe,Red,Electric,Manual,2,198198,81480,9221,High
12/31/2011,7 Series,2011,Africa,Black,Electric,Automatic,4.3,62274,105905,50,Low
12/31/2024,X5,2024,North America,Black,Hybrid,Automatic,3.7,183664,113214,6474,High
12/31/2023,i3,2023,Middle East,Silver,Hybrid,Manual,4.6,71979,116574,4219,Low
12/31/2013,3 Series,2013,Europe,Silver,Hybrid,Automatic,4.4,152250,57920,9390,High
12/31/2018,M5,2018,Africa,Grey,Diesel,Manual,2.6,75134,113355,639,Low
12/31/2013,M3,2013,South America,White,Diesel,Manual,2.4,52363,69769,3130,Low
12/31/2022,i3,2022,Africa,Grey,Petrol,Manual,4.1,27299,102562,3338,Low
12/31/2021,7 Series,2021,North America,Red,Hybrid,Manual,3.5,65921,141760,1678,Low
12/31/2014,i8,2014,Europe,Black,Diesel,Manual,1.7,186622,91653,64,Low
12/31/2024,X1,2024,Middle East,Silver,Electric,Automatic,2.1,125051,97974,6428,High
12/31/2017,X3,2017,Asia,Red,Petrol,Automatic,2,198697,48326,9013,High
12/31/2011,3 Series,2011,South America,Blue,Diesel,Manual,3.6,140793,31945,5858,High
12/31/2021,5 Series,2021,South America,Silver,Petrol,Manual,1.8,49313,96216,3862,Low
12/31/2020,7 Series,2020,Europe,Black,Hybrid,Automatic,2.2,136485,112148,1893,Low
12/31/2023,3 Series,2023,Middle East,White,Electric,Manual,3.4,95743,106096,7596,High
12/31/2012,3 Series,2012,Asia,White,Hybrid,Manual,2,123466,42890,10666,High
12/31/2015,i3,2015,South America,Black,Electric,Manual,2.4,90718,66653,3196,Low
12/31/2021,M3,2021,Asia,Silver,Diesel,Automatic,4.7,84859,113756,2957,Low
12/31/2016,M3,2016,South America,Red,Petrol,Automatic,3.9,24664,98747,1248,Low
12/31/2013,M5,2013,Asia,Black,Diesel,Manual,2.6,24963,109635,1025,Low
12/31/2023,M3,2023,South America,Blue,Petrol,Manual,4.6,46397,122223,2253,Low
12/31/2024,M3,2024,Africa,Red,Diesel,Manual,2.4,181608,93196,2364,Low
12/31/2010,5 Series,2010,North America,Grey,Hybrid,Manual,3.6,37554,76328,6513,High
12/31/2016,7 Series,2016,Middle East,White,Electric,Manual,2.8,135792,113786,398,Low
12/31/2021,X5,2021,South America,Silver,Hybrid,Manual,4.1,175396,100504,4602,Low
12/31/2018,i8,2018,North America,Red,Diesel,Manual,2.8,162218,129964,135,Low
12/31/2010,X3,2010,Africa,Grey,Hybrid,Automatic,2.4,130523,37866,4013,Low
12/31/2023,7 Series,2023,Asia,White,Diesel,Automatic,3.6,168692,124447,1785,Low
12/31/2010,5 Series,2010,North America,Red,Hybrid,Manual,4.1,87485,67102,6117,High
12/31/2010,3 Series,2010,Africa,Grey,Petrol,Manual,3.4,172338,25000,4539,Low
12/31/2019,X5,2019,South America,Silver,Hybrid,Automatic,4,134708,104613,9713,High
12/31/2016,M3,2016,South America,Grey,Electric,Automatic,3,109056,96724,1134,Low
12/31/2020,5 Series,2020,Europe,Grey,Diesel,Automatic,4.3,180671,87581,7394,High
12/31/2018,3 Series,2018,North America,Black,Electric,Manual,3.5,14223,106482,11100,High
12/31/2012,X5,2012,South America,Silver,Diesel,Manual,2.2,190593,33378,3701,Low
12/31/2017,5 Series,2017,Africa,Grey,Hybrid,Manual,4.6,184810,77355,3250,Low
12/31/2018,X6,2018,Europe,Blue,Electric,Automatic,4.4,69177,123807,3829,Low
12/31/2012,i8,2012,Asia,Silver,Electric,Automatic,4.9,106512,147100,50,Low
12/31/2021,i3,2021,Europe,White,Diesel,Automatic,3.5,4309,101593,5292,High
12/31/2021,X6,2021,Europe,White,Diesel,Automatic,3.9,80079,114865,4373,Low
12/31/2012,7 Series,2012,South America,Silver,Petrol,Automatic,4.5,4614,113102,50,Low
12/31/2024,i3,2024,North America,Blue,Petrol,Manual,1.7,25969,95951,6157,High
12/31/2010,X1,2010,Asia,Silver,Electric,Manual,4.7,56208,65031,6366,High
12/31/2011,X3,2011,North America,White,Hybrid,Automatic,2.4,22036,68011,8370,High
12/31/2016,i8,2016,Asia,Blue,Diesel,Automatic,1.7,9694,136138,50,Low
12/31/2012,i3,2012,North America,Silver,Diesel,Manual,2.3,5070,52316,4155,Low
12/31/2016,i8,2016,Africa,White,Electric,Automatic,3.6,121407,135090,50,Low
12/31/2014,3 Series,2014,Africa,Grey,Diesel,Manual,1.7,63530,45411,5085,High
12/31/2019,X1,2019,Asia,Blue,Electric,Manual,1.5,96244,71478,8527,High
12/31/2017,5 Series,2017,Africa,Black,Petrol,Manual,3.7,22196,95506,3293,Low
12/31/2014,X6,2014,Africa,Blue,Petrol,Automatic,3.1,113832,73582,1737,Low
12/31/2012,X3,2012,Africa,Red,Petrol,Manual,4.5,84461,57557,3952,Low
12/31/2018,i8,2018,Africa,Silver,Petrol,Manual,2.4,126745,124993,50,Low
12/31/2024,7 Series,2024,South America,Black,Electric,Automatic,2.5,107229,143185,1356,Low
12/31/2016,5 Series,2016,Europe,Silver,Petrol,Manual,1.8,127946,57947,7549,High
12/31/2014,M3,2014,Asia,Silver,Hybrid,Manual,3.4,88165,87904,2538,Low
12/31/2016,X3,2016,Africa,White,Petrol,Manual,2.8,76057,66699,4671,Low
12/31/2020,5 Series,2020,Africa,Blue,Hybrid,Automatic,2.7,120059,92828,4345,Low
12/31/2019,X6,2019,South America,Grey,Petrol,Manual,3.1,67141,102276,2174,Low
12/31/2018,i8,2018,North America,Red,Hybrid,Manual,4.5,194029,149819,333,Low
12/31/2014,X3,2014,North America,Red,Petrol,Manual,1.9,182850,35773,9035,High
12/31/2016,7 Series,2016,Europe,Grey,Hybrid,Automatic,3.3,193138,99902,1263,Low
12/31/2020,5 Series,2020,North America,Blue,Hybrid,Automatic,2.2,192232,80925,7250,High
12/31/2018,X6,2018,Africa,Blue,Hybrid,Automatic,2.2,164046,83302,2465,Low
12/31/2010,X6,2010,Asia,White,Hybrid,Manual,2.4,183034,51082,3857,Low
12/31/2013,5 Series,2013,Middle East,Silver,Electric,Manual,3.1,188948,62504,4301,Low
12/31/2010,M3,2010,Asia,Black,Petrol,Automatic,3.2,30761,75007,2324,Low
12/31/2017,M3,2017,Europe,Silver,Petrol,Manual,4.6,3141,115853,1988,Low
12/31/2012,M3,2012,South America,Red,Petrol,Automatic,4.6,17942,93615,765,Low
12/31/2011,i8,2011,Middle East,White,Diesel,Automatic,3.6,198072,99821,50,Low
12/31/2023,X6,2023,Middle East,White,Electric,Automatic,2.5,86324,129685,3789,Low
12/31/2013,X5,2013,South America,Blue,Petrol,Manual,4.4,140029,66017,2855,Low
12/31/2020,i8,2020,Africa,White,Diesel,Manual,4.3,71549,150988,50,Low
12/31/2012,i3,2012,Europe,Red,Petrol,Automatic,4.3,162251,43037,4021,Low
12/31/2020,X5,2020,North America,Grey,Diesel,Automatic,1.6,24782,104275,6195,High
12/31/2014,3 Series,2014,South America,Silver,Hybrid,Manual,4.1,159943,56146,5395,High
12/31/2024,3 Series,2024,South America,Red,Electric,Automatic,4.5,124696,117278,6629,High
12/31/2022,7 Series,2022,South America,White,Hybrid,Manual,3.6,85674,146264,1078,Low
12/31/2017,X6,2017,Middle East,Grey,Electric,Manual,4.1,110255,116778,1996,Low
12/31/2019,3 Series,2019,Europe,Blue,Hybrid,Automatic,4.2,126780,88744,10285,High
12/31/2017,i8,2017,South America,Silver,Electric,Automatic,3.3,40338,163351,50,Low
12/31/2020,X5,2020,North America,Black,Diesel,Automatic,4.3,154658,94845,6331,High
12/31/2016,X6,2016,Africa,Grey,Petrol,Manual,4.3,1044,107740,1545,Low
12/31/2017,X6,2017,South America,White,Hybrid,Manual,4.7,44561,118181,1848,Low
12/31/2022,3 Series,2022,Europe,Black,Hybrid,Manual,4.7,75228,115316,8645,High
12/31/2022,X3,2022,Asia,Red,Hybrid,Manual,3.4,140122,95313,10468,High
12/31/2014,M5,2014,Africa,Blue,Hybrid,Manual,1.6,7241,114600,50,Low
12/31/2019,X5,2019,Middle East,Silver,Petrol,Automatic,1.6,85172,86114,4060,Low
12/31/2019,3 Series,2019,Europe,Black,Hybrid,Manual,4.8,32004,102212,9457,High
12/31/2020,X1,2020,Europe,Silver,Diesel,Manual,2.7,176533,52877,8199,High
12/31/2021,X6,2021,Europe,Grey,Electric,Manual,2.8,84087,120559,4041,Low
12/31/2020,5 Series,2020,Africa,Black,Electric,Automatic,3.1,31629,121734,4196,Low
12/31/2022,X3,2022,Asia,Black,Diesel,Automatic,2.4,77056,86081,9886,High
12/31/2015,M3,2015,Europe,Blue,Petrol,Manual,3.6,169420,70290,2450,Low
12/31/2017,M5,2017,Europe,Red,Hybrid,Manual,4.2,157082,115906,1300,Low
12/31/2024,3 Series,2024,Asia,Grey,Diesel,Automatic,2.4,175536,76952,9734,High
12/31/2022,X3,2022,South America,Red,Hybrid,Manual,4.1,84281,104265,5601,High
12/31/2010,X5,2010,Asia,Red,Electric,Automatic,3.9,154055,68525,5088,High
12/31/2015,X5,2015,Middle East,Grey,Diesel,Manual,3.3,107099,77218,4033,Low
12/31/2015,X6,2015,Europe,Silver,Electric,Automatic,2.6,168217,86477,3940,Low
12/31/2024,X6,2024,North America,Blue,Electric,Manual,4.6,68371,145789,4800,Low
12/31/2020,i3,2020,Asia,Blue,Petrol,Manual,2.9,42125,85934,5052,High
12/31/2022,X6,2022,Africa,Black,Petrol,Automatic,2.8,70265,108750,2370,Low
12/31/2014,5 Series,2014,Africa,Blue,Electric,Manual,3.7,61080,87333,2903,Low
12/31/2013,M3,2013,South America,White,Electric,Manual,4.7,107683,90193,811,Low
12/31/2010,X5,2010,South America,Silver,Petrol,Manual,3.3,151707,44571,2973,Low
12/31/2020,X5,2020,North America,Black,Petrol,Automatic,4,172551,87985,5851,High
12/31/2019,i3,2019,Asia,Red,Petrol,Manual,3.1,171312,58309,5183,High
12/31/2020,X1,2020,Europe,Red,Hybrid,Manual,2.3,101600,75252,8585,High
12/31/2017,M5,2017,Europe,Black,Diesel,Manual,1.9,65285,107964,1719,Low
12/31/2015,X3,2015,Africa,White,Hybrid,Manual,2,48856,68136,4645,Low
12/31/2012,X1,2012,Middle East,Grey,Hybrid,Automatic,1.6,63744,48084,5534,High
12/31/2021,M3,2021,Asia,Blue,Hybrid,Manual,3.4,191325,97494,4103,Low
12/31/2012,M5,2012,North America,White,Petrol,Manual,2,142468,79903,1463,Low
12/31/2021,X1,2021,Africa,Black,Diesel,Manual,4.5,158280,73279,5204,High
12/31/2015,M3,2015,Europe,Black,Hybrid,Manual,4.9,160135,84259,2351,Low
12/31/2021,M5,2021,South America,Blue,Electric,Manual,3.2,150488,135897,1376,Low
12/31/2024,3 Series,2024,South America,Red,Diesel,Automatic,3.1,3446,111983,6227,High
12/31/2016,i8,2016,South America,Grey,Petrol,Manual,2.7,138408,115818,50,Low
12/31/2017,i3,2017,Asia,Black,Electric,Automatic,3.7,8263,104436,5268,High
12/31/2014,M5,2014,Europe,Grey,Diesel,Manual,3.6,102034,100727,282,Low
12/31/2019,7 Series,2019,Asia,Black,Petrol,Automatic,2.7,175106,102193,334,Low
12/31/2015,i3,2015,South America,Grey,Diesel,Manual,2.7,178470,35932,3155,Low
12/31/2021,M3,2021,South America,Silver,Petrol,Automatic,3.8,169487,98861,2050,Low
12/31/2010,i8,2010,North America,Grey,Electric,Manual,3.4,57161,133270,50,Low
12/31/2015,X5,2015,North America,Red,Hybrid,Automatic,4,43205,105482,5895,High
12/31/2018,i3,2018,Europe,White,Petrol,Manual,4.8,97604,81658,5332,High
12/31/2019,5 Series,2019,Europe,Black,Hybrid,Manual,4.2,93456,99424,7825,High
12/31/2013,M5,2013,North America,Blue,Hybrid,Automatic,2.6,46428,118644,869,Low
12/31/2023,M5,2023,Africa,White,Hybrid,Automatic,4.2,829,172919,1018,Low
12/31/2023,M5,2023,Asia,Blue,Hybrid,Manual,3.1,191390,127887,2409,Low
12/31/2019,X6,2019,Europe,White,Electric,Manual,4.2,184450,102321,4782,Low
12/31/2022,5 Series,2022,Africa,Black,Petrol,Automatic,4.6,95525,110977,3982,Low
12/31/2010,X3,2010,South America,Silver,Petrol,Automatic,2.4,91227,35339,5070,High
12/31/2023,5 Series,2023,Europe,Blue,Diesel,Manual,2.3,76763,96605,6694,High
12/31/2020,X3,2020,Europe,Red,Electric,Automatic,3,84672,104195,8899,High
12/31/2018,i8,2018,South America,Red,Hybrid,Automatic,1.7,144715,130609,253,Low
12/31/2013,i8,2013,Asia,Silver,Electric,Automatic,3.9,90767,144914,50,Low
12/31/2011,X3,2011,Europe,White,Hybrid,Automatic,4.1,140632,53323,6765,High
12/31/2010,M5,2010,South America,White,Electric,Automatic,2.7,94343,99765,50,Low
12/31/2012,5 Series,2012,Europe,Silver,Electric,Manual,3.1,146354,65216,6240,High
12/31/2016,M5,2016,Middle East,Black,Diesel,Manual,3.6,157105,106675,676,Low
12/31/2020,5 Series,2020,South America,Red,Electric,Automatic,1.8,54728,104714,4260,Low
12/31/2019,i3,2019,South America,White,Diesel,Manual,4,43229,88855,3101,Low
12/31/2011,X5,2011,Europe,Silver,Petrol,Automatic,3.3,186084,47293,4557,Low
12/31/2024,X3,2024,North America,Blue,Petrol,Manual,3.7,146716,98472,15000,High
12/31/2018,X1,2018,Africa,Red,Hybrid,Automatic,4,166602,93032,4308,Low
12/31/2021,X6,2021,Middle East,Black,Petrol,Automatic,3.9,116177,115766,2607,Low
12/31/2022,3 Series,2022,Europe,Red,Petrol,Manual,1.8,149280,39718,10942,High
12/31/2020,7 Series,2020,Europe,Silver,Diesel,Automatic,4.2,66931,127656,1226,Low
12/31/2011,X1,2011,Middle East,Grey,Hybrid,Manual,3.6,92507,49477,4971,Low
12/31/2014,7 Series,2014,Africa,Silver,Electric,Automatic,4,19844,131654,50,Low
12/31/2017,X1,2017,Africa,White,Hybrid,Manual,2.4,176079,47423,4515,Low
12/31/2022,5 Series,2022,Africa,Black,Hybrid,Manual,2.3,42554,107089,4455,Low
12/31/2022,i3,2022,Europe,White,Diesel,Automatic,4.4,48785,109156,4603,Low
12/31/2021,7 Series,2021,Middle East,Black,Petrol,Automatic,2.9,80026,137402,810,Low
12/31/2019,3 Series,2019,Europe,Silver,Hybrid,Manual,3.5,184977,69745,15000,High
12/31/2017,X1,2017,Africa,Red,Petrol,Manual,3.4,101615,57897,4126,Low
12/31/2012,X5,2012,South America,Silver,Diesel,Manual,3.5,91602,60682,2888,Low
12/31/2011,3 Series,2011,Asia,Grey,Electric,Automatic,1.7,146853,38601,8766,High
12/31/2018,i8,2018,Africa,White,Diesel,Manual,2.6,21696,141996,50,Low
12/31/2012,i8,2012,Asia,Blue,Petrol,Manual,1.7,95418,106504,50,Low
12/31/2017,i3,2017,Africa,Grey,Hybrid,Automatic,3.2,87861,79238,2757,Low
12/31/2011,X5,2011,Africa,Grey,Petrol,Manual,4.7,64020,70915,2403,Low
12/31/2012,X6,2012,Africa,Red,Petrol,Manual,2.9,58594,70355,1755,Low
12/31/2010,i8,2010,Middle East,Silver,Electric,Manual,4.2,115320,135169,50,Low
12/31/2023,X3,2023,Africa,Blue,Hybrid,Manual,2.5,52487,109970,5342,High
12/31/2020,M5,2020,Europe,White,Petrol,Manual,4.5,161346,126048,1938,Low
12/31/2015,i8,2015,Africa,White,Diesel,Automatic,3,48782,123502,50,Low
12/31/2022,X1,2022,North America,Blue,Hybrid,Automatic,2.7,22644,107853,7482,High
12/31/2016,M3,2016,Asia,Blue,Diesel,Automatic,3.9,108112,87190,3098,Low
12/31/2013,X3,2013,Asia,Blue,Electric,Automatic,3.3,136948,62682,8463,High
12/31/2010,M3,2010,Asia,White,Diesel,Manual,2.7,75645,55984,2280,Low
12/31/2012,X1,2012,North America,Silver,Petrol,Manual,1.7,17243,41796,15000,High
12/31/2018,M5,2018,Asia,Red,Diesel,Manual,2.1,23025,122593,1667,Low
12/31/2014,X1,2014,Africa,Silver,Diesel,Manual,4.2,158691,40411,4424,Low
12/31/2015,3 Series,2015,Asia,Silver,Petrol,Manual,4.7,168242,56710,10843,High
12/31/2013,X6,2013,Asia,Red,Diesel,Automatic,2.1,2253,82599,3502,Low
12/31/2010,3 Series,2010,North America,Silver,Petrol,Automatic,3.5,71668,48751,8622,High
12/31/2023,X5,2023,South America,Grey,Hybrid,Manual,1.6,72439,111434,4683,Low
12/31/2014,X5,2014,Middle East,Blue,Hybrid,Automatic,2.5,135312,75662,3651,Low
12/31/2014,X6,2014,Asia,White,Hybrid,Manual,3.1,73333,92573,3370,Low
12/31/2014,M3,2014,South America,Grey,Petrol,Manual,4.1,177446,64228,1612,Low
12/31/2024,X1,2024,Asia,Blue,Hybrid,Automatic,1.7,111813,92493,8777,High
12/31/2015,7 Series,2015,Asia,Red,Petrol,Automatic,4.2,124357,109948,973,Low
12/31/2020,X3,2020,North America,Black,Hybrid,Manual,2.2,32844,93823,8552,High
12/31/2011,X5,2011,South America,Grey,Electric,Automatic,4.2,20130,96813,2258,Low
12/31/2010,X6,2010,Europe,Grey,Electric,Automatic,3.7,97634,81702,3443,Low
12/31/2024,X3,2024,Asia,Black,Petrol,Automatic,2.7,107885,93419,8682,High
12/31/2011,X3,2011,Europe,Grey,Petrol,Manual,4,184474,33487,7638,High
12/31/2022,i3,2022,Middle East,Black,Hybrid,Automatic,2.3,86625,93947,590,Low
12/31/2019,X1,2019,Middle East,Grey,Petrol,Manual,2.3,187138,48999,6613,High
12/31/2015,i8,2015,Asia,White,Diesel,Automatic,1.7,8095,136255,50,Low
12/31/2014,i8,2014,Europe,Blue,Electric,Automatic,2.9,117396,129579,50,Low
12/31/2024,M5,2024,Africa,Grey,Diesel,Automatic,1.8,143516,118056,1519,Low
12/31/2014,3 Series,2014,Africa,White,Petrol,Manual,3,138499,40330,5164,High
12/31/2021,i3,2021,Asia,White,Electric,Manual,1.5,189891,72718,6252,High
12/31/2021,X3,2021,Africa,Red,Diesel,Automatic,2,120678,73559,4900,Low
12/31/2024,X1,2024,South America,Blue,Electric,Manual,4.8,8350,125854,5430,High
12/31/2015,X1,2015,Europe,Grey,Electric,Automatic,4.3,41388,88302,6841,High
12/31/2023,X5,2023,Africa,Silver,Petrol,Manual,2.3,24912,116007,3363,Low
12/31/2019,i3,2019,Middle East,White,Diesel,Manual,4,158022,72034,3677,Low
12/31/2016,X5,2016,North America,Black,Electric,Automatic,3.8,169907,87971,5210,High
12/31/2018,X5,2018,North America,Black,Diesel,Automatic,2.1,175984,65442,6224,High
12/31/2016,5 Series,2016,Europe,White,Petrol,Automatic,2.8,156671,63144,6013,High
12/31/2011,7 Series,2011,Asia,Red,Petrol,Manual,4.7,555,112173,311,Low
12/31/2015,5 Series,2015,Africa,Red,Hybrid,Manual,4.1,61361,86011,3264,Low
12/31/2018,M3,2018,South America,Red,Electric,Manual,4.2,1556,121314,1972,Low
12/31/2016,3 Series,2016,North America,Black,Electric,Automatic,3.5,35094,92714,8150,High
12/31/2011,3 Series,2011,North America,Silver,Hybrid,Automatic,3.8,117452,56493,8154,High
12/31/2012,7 Series,2012,Africa,Red,Electric,Manual,3.3,108577,97082,50,Low
12/31/2017,M3,2017,Middle East,Red,Electric,Manual,4.1,146787,99422,1849,Low
12/31/2020,7 Series,2020,Africa,Red,Petrol,Automatic,4.1,186467,106488,868,Low
12/31/2018,i3,2018,Europe,Blue,Diesel,Automatic,1.6,99595,56651,4647,Low
12/31/2013,i8,2013,Asia,Grey,Petrol,Automatic,3.7,109549,121601,50,Low
12/31/2018,X1,2018,Asia,Grey,Hybrid,Automatic,3.7,35561,90470,8383,High
12/31/2011,i3,2011,North America,Black,Electric,Automatic,1.7,158619,36249,4185,Low
12/31/2022,X6,2022,Africa,Grey,Diesel,Automatic,2.9,33199,122743,2323,Low
12/31/2020,X5,2020,North America,Red,Hybrid,Automatic,4.6,62235,126181,6294,High
12/31/2014,3 Series,2014,Middle East,Blue,Diesel,Automatic,4.8,46854,75842,5880,High
12/31/2020,M3,2020,Asia,Grey,Electric,Manual,4.2,138913,109637,3132,Low
12/31/2011,5 Series,2011,Asia,Grey,Diesel,Automatic,2,39125,59164,6775,High
12/31/2020,X3,2020,Middle East,Black,Hybrid,Manual,2.8,179833,75203,6946,High
12/31/2010,i8,2010,Europe,White,Electric,Manual,2.1,78642,119151,50,Low
12/31/2022,X1,2022,Asia,Black,Electric,Automatic,3.8,49751,114398,9748,High
12/31/2023,X5,2023,Middle East,Red,Petrol,Manual,4.2,78029,120685,4079,Low
12/31/2014,M3,2014,South America,Red,Petrol,Manual,4.6,79439,84271,1283,Low
12/31/2011,M5,2011,Asia,Silver,Petrol,Automatic,4.5,76298,104082,965,Low
12/31/2023,X1,2023,Europe,Blue,Diesel,Manual,1.8,128477,64311,9295,High
12/31/2022,M5,2022,Asia,Silver,Electric,Automatic,1.9,26917,154831,2122,Low
12/31/2016,5 Series,2016,South America,Grey,Hybrid,Automatic,4.7,80041,101813,3577,Low
12/31/2017,X1,2017,Asia,Red,Electric,Manual,4.5,1158,96217,7411,High
12/31/2011,3 Series,2011,Europe,Black,Electric,Automatic,3.1,140077,52043,8288,High
12/31/2016,i3,2016,Europe,Blue,Petrol,Manual,3,141868,54898,4707,Low
12/31/2013,i3,2013,North America,Black,Petrol,Manual,3.4,134274,44968,5484,High
12/31/2010,5 Series,2010,North America,White,Diesel,Manual,3.6,96590,49965,6378,High
12/31/2020,5 Series,2020,South America,White,Electric,Automatic,2.4,58040,105333,4198,Low
12/31/2024,X6,2024,South America,Blue,Electric,Automatic,2.9,133488,130472,3187,Low
12/31/2012,M3,2012,South America,Silver,Electric,Manual,3.7,98558,77574,1014,Low
12/31/2020,X3,2020,Africa,Blue,Hybrid,Manual,2.2,40544,90595,5445,High
12/31/2021,X5,2021,Europe,White,Electric,Automatic,5,99556,124496,5841,High
12/31/2010,M5,2010,Asia,Silver,Hybrid,Automatic,2.5,62672,95056,768,Low
12/31/2014,5 Series,2014,South America,Red,Electric,Manual,3.4,146229,70313,4157,Low
12/31/2024,5 Series,2024,South America,White,Hybrid,Automatic,3.4,76378,117752,4707,Low
12/31/2022,X6,2022,Middle East,White,Hybrid,Automatic,3.1,143332,117820,3147,Low
12/31/2017,3 Series,2017,South America,Blue,Diesel,Automatic,2.3,136339,50666,6290,High
12/31/2010,i8,2010,Europe,Silver,Petrol,Automatic,3.5,99937,104466,50,Low
12/31/2023,i8,2023,Europe,Silver,Diesel,Automatic,1.8,147422,146465,520,Low
12/31/2018,i8,2018,Europe,Black,Hybrid,Automatic,2.9,54532,162627,120,Low
12/31/2012,i3,2012,Europe,Red,Diesel,Automatic,2.3,125138,33934,4604,Low
12/31/2014,i8,2014,Europe,White,Diesel,Automatic,1.9,106111,107097,50,Low
12/31/2018,X5,2018,Middle East,White,Hybrid,Manual,4.7,76758,109229,4860,Low
12/31/2014,X1,2014,North America,Grey,Diesel,Automatic,3.9,126827,25000,7856,High
12/31/2018,X5,2018,Asia,Grey,Hybrid,Manual,2.1,163735,81724,7612,High
12/31/2019,M3,2019,Middle East,White,Hybrid,Manual,4.8,170162,102969,2197,Low
12/31/2017,X1,2017,Middle East,Grey,Electric,Automatic,2.3,118008,72184,5118,High
12/31/2016,X5,2016,North America,Red,Hybrid,Automatic,2.3,53115,95637,5045,High
12/31/2020,M3,2020,South America,Red,Electric,Manual,2,129408,93897,2478,Low
12/31/2010,7 Series,2010,Middle East,Grey,Electric,Manual,4,180019,87631,50,Low
12/31/2013,X3,2013,Europe,Red,Diesel,Manual,3.5,51853,58491,7430,High
12/31/2018,X1,2018,North America,Red,Petrol,Manual,1.7,45030,33476,7484,High
12/31/2019,3 Series,2019,Europe,Blue,Electric,Manual,1.6,13159,96198,10164,High
12/31/2017,7 Series,2017,Middle East,Black,Electric,Automatic,3.4,91724,131785,283,Low
12/31/2013,X1,2013,North America,Blue,Diesel,Manual,3.8,79558,49600,7236,High
12/31/2021,M5,2021,Europe,White,Hybrid,Manual,4.4,121665,138556,2359,Low
12/31/2010,3 Series,2010,North America,Black,Electric,Manual,3.2,191348,36927,8206,High
12/31/2019,i8,2019,Africa,Grey,Diesel,Automatic,3.9,93506,140801,50,Low
12/31/2013,i8,2013,Africa,White,Diesel,Automatic,4.1,31527,130761,50,Low
12/31/2024,i8,2024,Asia,Black,Electric,Manual,3.6,177315,170702,1092,Low
12/31/2012,i3,2012,Middle East,Grey,Petrol,Manual,2.7,26360,55706,2902,Low
12/31/2015,7 Series,2015,South America,Blue,Diesel,Manual,2,111355,82638,539,Low
12/31/2020,i3,2020,Africa,Grey,Hybrid,Manual,3.8,16697,105674,2611,Low
12/31/2014,X1,2014,North America,Grey,Hybrid,Manual,4.2,73437,70885,7114,High
12/31/2014,7 Series,2014,Europe,Silver,Diesel,Manual,2.2,180331,70000,1137,Low
12/31/2011,M5,2011,South America,Black,Hybrid,Manual,3.2,60899,100295,50,Low
12/31/2021,X6,2021,Africa,White,Hybrid,Manual,2.9,21924,126247,2520,Low
12/31/2012,i3,2012,South America,Grey,Diesel,Manual,2.2,87437,35476,2627,Low
12/31/2020,X5,2020,Middle East,Silver,Diesel,Automatic,2.4,52543,105604,3475,Low
12/31/2015,5 Series,2015,Europe,Red,Electric,Manual,2.3,114201,77731,6795,High
12/31/2011,X3,2011,Asia,Black,Hybrid,Manual,3,169838,39499,7693,High
12/31/2024,7 Series,2024,Middle East,Blue,Diesel,Automatic,2.9,107270,133542,1118,Low
12/31/2013,X5,2013,Asia,Grey,Diesel,Automatic,3.4,113243,64891,5168,High
12/31/2011,M3,2011,South America,Silver,Diesel,Manual,1.8,30087,57876,1064,Low
12/31/2018,5 Series,2018,Europe,Black,Diesel,Automatic,3.5,180740,69327,7717,High
12/31/2012,5 Series,2012,South America,Silver,Petrol,Automatic,1.6,77547,52045,4153,Low
12/31/2019,i8,2019,South America,Red,Diesel,Manual,2.4,198691,110472,191,Low
12/31/2019,3 Series,2019,Asia,Red,Petrol,Manual,3.3,20479,140218,10214,High
12/31/2015,M3,2015,Africa,Blue,Diesel,Automatic,3.9,148592,72389,1146,Low
12/31/2024,X1,2024,Africa,Red,Electric,Automatic,4.2,75194,120204,4476,Low
12/31/2010,X1,2010,Europe,Red,Petrol,Manual,1.6,120291,25000,6085,High
12/31/2022,3 Series,2022,Europe,Blue,Diesel,Automatic,3.4,122109,86957,10158,High
12/31/2020,X6,2020,Middle East,Silver,Electric,Automatic,2.7,90498,115914,3502,Low
12/31/2023,X3,2023,Asia,Silver,Hybrid,Automatic,3.9,191037,97332,10529,High
12/31/2024,i8,2024,North America,Grey,Petrol,Manual,2.5,17119,184833,207,Low
12/31/2024,3 Series,2024,North America,Black,Petrol,Automatic,4.1,126513,97736,10821,High
12/31/2019,i3,2019,Middle East,Black,Diesel,Manual,3.6,170676,61145,4197,Low
12/31/2012,i3,2012,Europe,Black,Diesel,Manual,4.3,139383,43228,4095,Low
12/31/2017,M5,2017,Europe,Blue,Hybrid,Manual,4.9,81539,132264,1008,Low
12/31/2014,X3,2014,Asia,Silver,Petrol,Manual,4.7,194766,53193,8430,High
12/31/2017,5 Series,2017,South America,Red,Petrol,Manual,3.6,109588,76915,4248,Low
12/31/2024,i8,2024,Africa,Blue,Electric,Manual,4.6,195603,159514,556,Low
12/31/2011,X6,2011,Africa,White,Diesel,Automatic,2,25811,69229,1199,Low
12/31/2016,X6,2016,Africa,Black,Petrol,Automatic,1.7,156408,67643,2187,Low
12/31/2018,3 Series,2018,Africa,Silver,Electric,Automatic,3.4,89460,87407,6178,High
12/31/2016,X1,2016,North America,Blue,Hybrid,Manual,4.9,50968,86941,8225,High
12/31/2012,X1,2012,Europe,Grey,Diesel,Manual,4,79276,46912,7448,High
12/31/2016,X3,2016,South America,Red,Diesel,Automatic,2.6,168252,47752,5333,High
12/31/2024,5 Series,2024,Asia,Silver,Petrol,Automatic,3.8,63796,122885,8286,High
12/31/2017,M3,2017,Europe,Silver,Electric,Manual,1.6,90846,90407,2273,Low
12/31/2023,i3,2023,Europe,Grey,Hybrid,Manual,3.1,61635,106776,5875,High
12/31/2010,i3,2010,Middle East,Blue,Diesel,Manual,2.3,16567,42783,2395,Low
12/31/2022,i3,2022,Africa,Red,Petrol,Automatic,1.7,186460,63743,3574,Low
12/31/2022,i8,2022,Africa,White,Diesel,Automatic,2.4,23906,159931,50,Low
12/31/2012,3 Series,2012,Middle East,Red,Electric,Automatic,4,55517,81556,6519,High
12/31/2014,M3,2014,South America,Blue,Petrol,Manual,3.4,180665,56059,1608,Low
12/31/2021,X6,2021,South America,White,Hybrid,Automatic,1.6,79140,110076,3396,Low
12/31/2015,M3,2015,Europe,Red,Diesel,Manual,2.9,183812,59806,3148,Low
12/31/2012,5 Series,2012,Europe,Red,Hybrid,Automatic,4.1,13176,92450,5177,High
12/31/2024,X3,2024,North America,Blue,Electric,Manual,4.8,45841,132730,9342,High
12/31/2013,X1,2013,Europe,Black,Diesel,Automatic,4.6,100108,52043,6225,High
12/31/2014,M5,2014,Middle East,Blue,Hybrid,Manual,1.5,81824,102416,528,Low
12/31/2024,7 Series,2024,Middle East,Black,Diesel,Manual,2.3,70081,134266,1183,Low
12/31/2012,X5,2012,Europe,Black,Electric,Manual,2.2,132203,62025,5201,High
12/31/2013,i8,2013,South America,Red,Electric,Manual,2.9,122345,125323,50,Low
12/31/2014,7 Series,2014,Europe,Black,Electric,Manual,3.8,192267,95313,873,Low
12/31/2011,M3,2011,North America,Blue,Petrol,Manual,2,199260,37828,2435,Low
12/31/2019,i3,2019,Europe,Grey,Electric,Automatic,4.7,61102,106064,5744,High
12/31/2018,X1,2018,Middle East,Silver,Hybrid,Manual,4.2,173487,66413,6324,High
12/31/2019,i3,2019,Asia,Red,Diesel,Manual,3,50966,76464,6210,High
12/31/2017,X5,2017,North America,White,Electric,Manual,3.5,85031,107457,5624,High
12/31/2021,i3,2021,Middle East,Grey,Diesel,Manual,3.4,58619,94195,3728,Low
12/31/2015,i8,2015,Asia,Silver,Hybrid,Manual,3.5,1652,154884,50,Low
12/31/2019,M5,2019,South America,White,Electric,Manual,4.5,35716,146758,941,Low
12/31/2020,X5,2020,Middle East,Silver,Hybrid,Manual,2.2,169758,85656,4431,Low
12/31/2012,X3,2012,South America,Red,Hybrid,Automatic,3.9,45206,72446,4695,Low
12/31/2020,7 Series,2020,South America,Silver,Diesel,Automatic,1.9,165903,94529,1090,Low
12/31/2011,5 Series,2011,South America,White,Petrol,Manual,3.1,47175,61629,3361,Low
12/31/2016,5 Series,2016,Africa,Silver,Petrol,Manual,3.7,13493,93611,2735,Low
12/31/2017,X1,2017,Europe,Blue,Diesel,Automatic,1.5,139153,41247,8657,High
12/31/2019,X1,2019,Asia,Blue,Petrol,Manual,1.9,152622,51339,9404,High
12/31/2010,X1,2010,Africa,Red,Diesel,Automatic,1.8,145188,25000,3473,Low
12/31/2023,5 Series,2023,Asia,Red,Electric,Manual,2.8,97831,113944,9148,High
12/31/2024,5 Series,2024,South America,White,Diesel,Automatic,3.7,73799,115558,4210,Low
12/31/2015,X1,2015,North America,Grey,Electric,Automatic,5,196216,63168,8383,High
12/31/2016,X5,2016,Africa,Black,Hybrid,Manual,2.4,192720,62462,3554,Low
12/31/2024,M3,2024,Middle East,Blue,Electric,Manual,2,128324,125029,2819,Low
12/31/2022,i8,2022,North America,White,Hybrid,Automatic,3,58202,185204,464,Low
12/31/2018,5 Series,2018,Middle East,Grey,Hybrid,Automatic,2,134875,79952,5020,High
12/31/2021,5 Series,2021,Asia,Grey,Hybrid,Manual,1.6,194597,78956,8339,High
12/31/2012,i8,2012,Asia,Silver,Diesel,Automatic,3.5,173052,105077,50,Low
12/31/2011,7 Series,2011,Asia,White,Hybrid,Manual,4.6,159386,92352,699,Low
12/31/2014,5 Series,2014,Europe,Blue,Hybrid,Automatic,4.5,74511,88459,5705,High
12/31/2022,X5,2022,Africa,Black,Diesel,Manual,1.9,149134,77525,4379,Low
12/31/2024,X5,2024,Asia,Red,Diesel,Manual,2,123463,98463,6204,High
12/31/2019,X1,2019,North America,Blue,Diesel,Manual,3.2,115686,64349,7980,High
12/31/2010,M5,2010,Middle East,Blue,Petrol,Automatic,2.8,20144,106433,50,Low
12/31/2022,5 Series,2022,Europe,Black,Petrol,Automatic,4,81307,109331,7909,High
12/31/2015,X1,2015,South America,Black,Electric,Automatic,3.2,5070,82268,4135,Low
12/31/2018,7 Series,2018,Asia,Grey,Diesel,Manual,1.6,33211,107587,1264,Low
12/31/2019,M5,2019,Asia,White,Electric,Manual,2.5,190335,110908,2625,Low
12/31/2024,M3,2024,Asia,Grey,Diesel,Automatic,4.7,77207,179090,2255,Low
12/31/2018,M5,2018,Africa,White,Electric,Manual,3.3,16453,143601,728,Low
12/31/2016,M5,2016,Africa,Blue,Electric,Automatic,4.3,32699,145649,50,Low
12/31/2023,X1,2023,South America,White,Petrol,Automatic,2.9,155175,73318,5049,High
12/31/2020,3 Series,2020,North America,Red,Electric,Manual,3.9,178310,87101,9035,High
12/31/2016,X1,2016,Europe,Red,Hybrid,Automatic,2.1,196599,44430,8299,High
12/31/2024,X3,2024,North America,Silver,Diesel,Manual,4.1,93342,102601,9089,High
12/31/2017,X1,2017,Asia,Silver,Hybrid,Manual,4.3,172034,63369,8917,High
12/31/2019,i3,2019,Middle East,White,Hybrid,Manual,1.8,20147,123382,3726,Low
12/31/2023,3 Series,2023,Middle East,Blue,Electric,Manual,2.1,42047,111048,7360,High
12/31/2011,i8,2011,North America,Grey,Petrol,Manual,3.1,160064,103724,50,Low
12/31/2023,3 Series,2023,Middle East,Blue,Hybrid,Manual,3.7,99442,101282,7350,High
12/31/2015,X6,2015,Africa,White,Diesel,Automatic,3.7,88988,86538,1878,Low
12/31/2014,5 Series,2014,Europe,Grey,Petrol,Automatic,3.8,7738,92264,5335,High
12/31/2014,3 Series,2014,Europe,Red,Hybrid,Automatic,4,121342,66669,7613,High
12/31/2022,5 Series,2022,Middle East,Silver,Petrol,Manual,3.3,91902,106772,4820,Low
12/31/2012,X5,2012,Europe,Silver,Petrol,Manual,3.5,132391,57789,4918,Low
12/31/2012,5 Series,2012,Europe,White,Petrol,Manual,1.5,34519,54384,5416,High
12/31/2015,X5,2015,Africa,Blue,Electric,Manual,2.1,191214,59318,2916,Low
12/31/2021,i8,2021,Africa,Silver,Hybrid,Automatic,3.2,104482,149727,334,Low
12/31/2019,5 Series,2019,Asia,Silver,Petrol,Manual,4.1,86598,95530,7446,High
12/31/2022,3 Series,2022,Africa,Black,Diesel,Manual,4.3,93536,87438,5520,High
12/31/2019,X6,2019,Middle East,Silver,Petrol,Manual,4.1,110787,111020,2568,Low
12/31/2016,X5,2016,Africa,Grey,Electric,Automatic,3.2,81569,92488,2354,Low
12/31/2023,7 Series,2023,South America,Silver,Diesel,Manual,2.5,80969,124700,1062,Low
12/31/2010,X6,2010,Asia,Blue,Hybrid,Manual,3.1,37604,106771,2532,Low
12/31/2023,i3,2023,Asia,Blue,Hybrid,Manual,1.5,68243,93759,5591,High
12/31/2012,X3,2012,Middle East,White,Petrol,Automatic,3.6,8235,71584,5088,High
12/31/2021,X6,2021,South America,Silver,Diesel,Manual,1.8,62672,142306,442,Low
12/31/2010,7 Series,2010,Asia,White,Diesel,Automatic,2,184232,54213,1219,Low
12/31/2019,M5,2019,Africa,Silver,Hybrid,Automatic,3.7,73420,134927,796,Low
12/31/2012,i3,2012,Europe,Silver,Petrol,Automatic,1.5,116614,32338,4705,Low
12/31/2014,X5,2014,South America,Silver,Electric,Automatic,3.5,144149,81073,3522,Low
12/31/2018,i3,2018,North America,Grey,Petrol,Automatic,3.7,166154,67295,5960,High
12/31/2012,X6,2012,Middle East,White,Electric,Manual,4.3,116236,90463,1871,Low
12/31/2019,5 Series,2019,North America,Grey,Electric,Manual,1.7,49686,101223,6957,High
12/31/2023,X3,2023,South America,White,Electric,Manual,1.5,77897,96106,6205,High
12/31/2019,7 Series,2019,South America,Silver,Electric,Manual,4.2,53648,200000,50,Low
12/31/2018,M3,2018,Middle East,Silver,Hybrid,Automatic,2.5,151214,94677,2606,Low
12/31/2010,M3,2010,Europe,Black,Petrol,Manual,4.6,110557,64823,1898,Low
12/31/2015,X5,2015,Africa,Silver,Electric,Manual,2.1,29205,94140,2351,Low
12/31/2018,7 Series,2018,Middle East,Grey,Electric,Manual,3.5,146096,120689,1229,Low
12/31/2021,i8,2021,Asia,Black,Hybrid,Automatic,1.9,6055,181346,369,Low
12/31/2014,M3,2014,Africa,Blue,Electric,Manual,2.9,52819,91714,830,Low
12/31/2020,M5,2020,South America,Silver,Petrol,Automatic,4.6,183173,115816,1061,Low
12/31/2023,X6,2023,Middle East,Grey,Petrol,Manual,3.6,81233,118899,2948,Low
12/31/2019,i3,2019,Asia,Black,Hybrid,Manual,3.9,79582,95322,6438,High
12/31/2011,i8,2011,South America,Black,Electric,Automatic,2.3,134553,111090,50,Low
12/31/2014,7 Series,2014,Asia,Blue,Electric,Automatic,4.7,132782,120162,737,Low
12/31/2010,i3,2010,Europe,Blue,Electric,Automatic,3.7,143169,48979,4289,Low
12/31/2018,X3,2018,Middle East,Silver,Electric,Manual,1.9,142075,74542,6180,High
12/31/2019,X1,2019,Middle East,Red,Diesel,Manual,1.6,104620,52868,6477,High
12/31/2022,5 Series,2022,South America,White,Electric,Automatic,1.6,173617,90063,5058,High
12/31/2019,5 Series,2019,Asia,White,Electric,Manual,1.7,35084,106543,7528,High
12/31/2018,M3,2018,Asia,Red,Diesel,Manual,4.7,56357,102577,2897,Low
12/31/2015,X5,2015,South America,Silver,Diesel,Automatic,2.8,31970,83795,3276,Low
12/31/2020,7 Series,2020,Asia,Grey,Hybrid,Manual,2.5,176383,109326,1982,Low
12/31/2018,M5,2018,South America,Red,Electric,Automatic,3,198623,112111,1432,Low
12/31/2023,X3,2023,South America,Red,Electric,Manual,2.9,22300,125005,5113,High
12/31/2012,7 Series,2012,Africa,Black,Electric,Manual,2.3,74365,98160,50,Low
12/31/2024,5 Series,2024,Europe,Blue,Electric,Manual,1.8,38690,124355,8552,High
12/31/2013,i3,2013,Asia,Blue,Electric,Manual,1.9,137883,49208,5356,High
12/31/2022,3 Series,2022,South America,White,Petrol,Automatic,3.6,146514,84978,6700,High
12/31/2015,7 Series,2015,Asia,Grey,Petrol,Manual,2.9,115474,95231,1241,Low
12/31/2013,X5,2013,South America,Black,Petrol,Automatic,4.7,79622,81089,2996,Low
12/31/2010,X5,2010,South America,Red,Petrol,Manual,3.1,131504,44757,2617,Low
12/31/2016,X6,2016,Europe,Red,Petrol,Manual,3.3,107090,82246,3939,Low
12/31/2014,X6,2014,Middle East,White,Electric,Automatic,4.7,167266,99586,2386,Low
12/31/2023,X1,2023,Middle East,Black,Electric,Manual,3.3,190087,85183,6724,High
12/31/2024,5 Series,2024,North America,Blue,Hybrid,Automatic,3.3,80752,125502,6905,High
12/31/2017,i8,2017,Europe,Silver,Hybrid,Automatic,2.8,118243,134801,50,Low
12/31/2018,M5,2018,Asia,Grey,Diesel,Automatic,4,65,145802,1369,Low
12/31/2014,i8,2014,Middle East,Grey,Hybrid,Manual,2.9,157375,127551,50,Low
12/31/2017,5 Series,2017,Europe,Red,Petrol,Manual,3.6,80151,80555,6805,High
12/31/2022,3 Series,2022,Europe,Blue,Hybrid,Automatic,3.1,163086,87248,11205,High
12/31/2010,3 Series,2010,Europe,Silver,Petrol,Manual,3.4,193252,25000,8971,High
12/31/2010,i3,2010,Africa,Blue,Petrol,Automatic,4.4,89090,25000,2222,Low
12/31/2016,X3,2016,North America,Black,Electric,Automatic,2.9,1897,96934,8361,High
12/31/2024,M5,2024,North America,White,Hybrid,Manual,2.3,110833,141716,2306,Low
12/31/2015,M3,2015,Africa,Red,Petrol,Automatic,3.5,84234,81368,1149,Low
12/31/2014,i3,2014,Middle East,Silver,Diesel,Automatic,4.8,119366,61101,3208,Low
12/31/2023,7 Series,2023,South America,Red,Petrol,Automatic,3.9,34598,147652,811,Low
12/31/2024,M5,2024,North America,Silver,Petrol,Automatic,2.6,43669,157149,1944,Low
12/31/2014,i3,2014,Middle East,Blue,Diesel,Manual,4.9,192863,50162,3610,Low
12/31/2023,X1,2023,Africa,Red,Diesel,Manual,2.7,21029,93236,5167,High
12/31/2018,i3,2018,Africa,Silver,Diesel,Automatic,4.9,109446,79254,2729,Low
12/31/2010,X1,2010,North America,Black,Hybrid,Automatic,2.2,114425,34820,6521,High
12/31/2017,i8,2017,North America,White,Electric,Manual,5,62297,172447,50,Low
12/31/2011,X5,2011,Asia,Silver,Diesel,Automatic,1.8,115546,46331,6545,High
12/31/2016,X5,2016,Middle East,Silver,Hybrid,Automatic,4,179124,83695,3494,Low
12/31/2015,X5,2015,Asia,Grey,Diesel,Manual,4.1,48052,86928,5115,High
12/31/2019,X3,2019,North America,Silver,Petrol,Manual,3.9,98947,85596,8471,High
12/31/2011,M3,2011,Europe,Red,Diesel,Automatic,4.2,127161,30541,2460,Low
12/31/2021,7 Series,2021,South America,Grey,Petrol,Manual,3.2,53664,132096,84,Low
12/31/2022,7 Series,2022,South America,Grey,Petrol,Manual,1.7,169565,100430,1393,Low
12/31/2012,i3,2012,Europe,Red,Hybrid,Automatic,2.8,51818,65721,4337,Low
12/31/2013,i3,2013,South America,White,Diesel,Manual,3.7,121723,43947,2738,Low
12/31/2016,M3,2016,North America,Red,Diesel,Automatic,3.8,42046,101343,2190,Low
12/31/2017,5 Series,2017,Africa,Black,Electric,Automatic,2.2,73574,88225,3176,Low
12/31/2022,X1,2022,South America,Red,Diesel,Manual,2.4,170456,55335,5740,High
12/31/2020,X3,2020,Europe,Black,Electric,Automatic,3.2,186201,80038,8330,High
12/31/2011,X5,2011,Middle East,Silver,Diesel,Manual,4.1,39966,72049,3484,Low
12/31/2017,3 Series,2017,South America,Blue,Hybrid,Manual,4.5,90319,87344,4766,Low
12/31/2020,X1,2020,Africa,Grey,Electric,Manual,1.8,190147,60661,4662,Low
12/31/2018,M3,2018,North America,Blue,Diesel,Automatic,4.7,178188,92819,2978,Low
12/31/2016,X5,2016,Africa,Blue,Hybrid,Automatic,4.7,114842,92772,3038,Low
12/31/2010,3 Series,2010,Africa,Silver,Petrol,Automatic,1.5,20792,38834,4840,Low
12/31/2015,X3,2015,Europe,Black,Hybrid,Manual,3.3,197773,55087,8807,High
12/31/2017,X1,2017,Europe,Grey,Hybrid,Automatic,3.6,112691,71473,6694,High
12/31/2014,M5,2014,Asia,Blue,Hybrid,Automatic,3.4,70590,118056,1191,Low
12/31/2021,7 Series,2021,Europe,White,Petrol,Automatic,3.7,119887,123132,1595,Low
12/31/2024,7 Series,2024,Middle East,White,Petrol,Automatic,3.3,7624,155259,901,Low
12/31/2011,5 Series,2011,Middle East,Blue,Diesel,Manual,2.5,155263,36791,5056,High
12/31/2024,M5,2024,Middle East,Blue,Electric,Automatic,1.8,157064,149699,1735,Low
12/31/2014,i3,2014,South America,Blue,Hybrid,Automatic,2.2,71846,58719,2807,Low
12/31/2017,5 Series,2017,North America,Black,Petrol,Automatic,4.1,103770,91469,6647,High
12/31/2011,i3,2011,Asia,Red,Hybrid,Automatic,2.3,22022,60630,4971,Low
12/31/2010,5 Series,2010,North America,Blue,Petrol,Manual,4.4,132664,54273,6006,High
12/31/2024,X3,2024,Africa,Black,Diesel,Automatic,2.9,194026,101640,5784,High
12/31/2013,X6,2013,Middle East,White,Petrol,Automatic,3,68562,83153,1899,Low
12/31/2013,X3,2013,South America,Silver,Hybrid,Manual,4.5,13798,84308,4276,Low
12/31/2018,3 Series,2018,Africa,Grey,Hybrid,Manual,2.3,20943,86356,5545,High
12/31/2012,i3,2012,Middle East,Grey,Diesel,Automatic,2.2,5236,58975,2581,Low
12/31/2013,5 Series,2013,Europe,Red,Electric,Manual,4.9,42383,100296,5133,High
12/31/2012,X3,2012,Middle East,Black,Diesel,Automatic,3.4,30561,65118,5075,High
12/31/2011,i3,2011,Africa,Red,Electric,Automatic,2.2,35518,59724,2123,Low
12/31/2013,X5,2013,Middle East,Red,Electric,Automatic,2.1,68316,84943,2941,Low
12/31/2023,X1,2023,South America,White,Diesel,Automatic,4.5,117862,90502,5539,High
12/31/2017,5 Series,2017,Europe,Blue,Hybrid,Automatic,3.6,30240,105054,6878,High
12/31/2010,X6,2010,Asia,Blue,Electric,Manual,1.9,33940,78933,3518,Low
12/31/2017,M3,2017,South America,Blue,Petrol,Manual,4.6,95710,95563,1469,Low
12/31/2017,X6,2017,South America,Silver,Hybrid,Manual,3.1,59036,104138,2294,Low
12/31/2024,i3,2024,Africa,Black,Petrol,Manual,5,17423,121402,2844,Low
12/31/2012,i3,2012,Asia,Grey,Electric,Automatic,2.5,19884,69271,3919,Low
12/31/2023,M5,2023,Middle East,White,Electric,Manual,3.4,93142,155691,1401,Low
12/31/2019,i8,2019,South America,Silver,Diesel,Automatic,2.1,153188,126238,50,Low
12/31/2019,i3,2019,Middle East,Silver,Petrol,Manual,3,109638,74290,4035,Low
12/31/2021,X5,2021,North America,Grey,Electric,Manual,2.1,81951,108259,7062,High
12/31/2021,X6,2021,Middle East,Grey,Electric,Manual,2.6,76775,120542,3350,Low
12/31/2015,5 Series,2015,Africa,White,Hybrid,Manual,2.4,190634,55624,3516,Low
12/31/2022,M5,2022,Europe,Grey,Hybrid,Automatic,2.5,160905,134914,2030,Low
12/31/2022,X6,2022,Africa,White,Hybrid,Manual,4.9,22286,136246,2867,Low
12/31/2013,X3,2013,South America,Silver,Electric,Manual,1.6,2676,73671,4520,Low
12/31/2022,7 Series,2022,North America,Blue,Hybrid,Automatic,3.2,173369,128381,2173,Low
12/31/2010,X1,2010,Asia,White,Hybrid,Automatic,3.7,133717,40358,8044,High
12/31/2023,X6,2023,North America,White,Petrol,Automatic,3.8,6678,140747,4279,Low
12/31/2010,X5,2010,Middle East,Silver,Diesel,Automatic,4.1,168737,52044,3126,Low
12/31/2014,5 Series,2014,Asia,Red,Hybrid,Manual,4.2,118175,76315,7286,High
12/31/2021,X1,2021,North America,White,Petrol,Automatic,4.8,128692,89468,8067,High
12/31/2017,X1,2017,Asia,Silver,Hybrid,Automatic,4.1,167781,68661,9134,High
12/31/2010,M5,2010,Middle East,Red,Petrol,Automatic,4.4,130974,94292,50,Low
12/31/2011,X5,2011,Asia,White,Hybrid,Manual,3.4,63403,73424,4649,Low
12/31/2016,X1,2016,South America,Grey,Hybrid,Automatic,3.8,87886,74712,3812,Low
12/31/2017,i8,2017,Asia,White,Electric,Manual,3.2,9803,171603,50,Low
12/31/2021,X1,2021,Africa,Grey,Diesel,Automatic,2.5,74850,77292,4554,Low
12/31/2023,X6,2023,Middle East,Grey,Hybrid,Automatic,2.6,86464,131624,3884,Low
12/31/2012,M3,2012,Africa,Red,Hybrid,Automatic,2.8,15595,89579,525,Low
12/31/2020,i3,2020,South America,Blue,Diesel,Manual,2.7,124312,68655,3220,Low
12/31/2021,i3,2021,North America,Red,Electric,Manual,3.4,2825,116482,5049,High
12/31/2022,M3,2022,South America,Silver,Hybrid,Automatic,2.4,30585,117813,2443,Low
12/31/2017,5 Series,2017,South America,Red,Hybrid,Manual,3.3,12969,102435,4294,Low
12/31/2010,X5,2010,Asia,Blue,Electric,Automatic,4.7,78899,90068,4928,Low
12/31/2018,i3,2018,Europe,Grey,Petrol,Automatic,2.9,159806,57158,4909,Low
12/31/2021,7 Series,2021,South America,Red,Diesel,Manual,2.3,99947,107462,1023,Low
12/31/2011,3 Series,2011,Europe,Grey,Petrol,Manual,2.7,30350,25000,9971,High
12/31/2023,X1,2023,Middle East,Blue,Electric,Automatic,4.6,115335,115844,6183,High
12/31/2022,5 Series,2022,Africa,Blue,Hybrid,Automatic,4.8,17061,140665,4147,Low
12/31/2011,M5,2011,Middle East,Grey,Petrol,Manual,4.6,196335,83981,315,Low
12/31/2013,M5,2013,Asia,Red,Petrol,Manual,2.5,166215,81741,1536,Low
12/31/2021,X5,2021,Asia,Red,Electric,Automatic,2.9,170776,98195,7570,High
12/31/2019,i3,2019,Europe,Silver,Electric,Automatic,4.9,121251,96181,5194,High
12/31/2012,X5,2012,Europe,Grey,Electric,Manual,2.6,87248,74442,4403,Low
12/31/2013,X5,2013,Asia,Blue,Petrol,Manual,2,189182,41652,6619,High
12/31/2015,X6,2015,South America,Red,Hybrid,Automatic,2.5,6162,106068,1810,Low
12/31/2016,7 Series,2016,Middle East,Blue,Electric,Automatic,4.9,24668,144165,50,Low
12/31/2014,i3,2014,Middle East,Silver,Petrol,Automatic,3,139453,51638,3412,Low
12/31/2011,M5,2011,Africa,White,Electric,Manual,4.8,111283,107394,50,Low
12/31/2012,3 Series,2012,Middle East,White,Hybrid,Automatic,1.9,149756,43232,6056,High
12/31/2019,5 Series,2019,Middle East,White,Diesel,Manual,4.2,87506,100792,3996,Low
12/31/2020,i3,2020,Middle East,Silver,Hybrid,Manual,1.8,23268,92621,4301,Low
12/31/2012,X5,2012,North America,Grey,Hybrid,Manual,2.2,114915,64281,5557,High
12/31/2023,M3,2023,Middle East,Red,Hybrid,Manual,3.7,125981,121313,2750,Low
12/31/2014,7 Series,2014,Africa,Red,Hybrid,Automatic,3,18058,112924,50,Low
12/31/2021,M3,2021,Asia,Blue,Diesel,Manual,3.8,131848,99215,2939,Low
12/31/2020,X6,2020,North America,Grey,Petrol,Manual,4.9,168052,99037,4412,Low
12/31/2021,M5,2021,Asia,Red,Petrol,Automatic,1.7,194657,111401,2325,Low
12/31/2014,X5,2014,Europe,White,Electric,Automatic,2.2,37011,88007,5533,High
12/31/2013,i8,2013,North America,Black,Petrol,Manual,3.7,147012,115761,50,Low
12/31/2017,i3,2017,South America,Blue,Hybrid,Manual,4.6,4276,105225,2616,Low
12/31/2015,i3,2015,North America,Silver,Electric,Automatic,4.3,37699,97714,4468,Low
12/31/2015,i8,2015,North America,Silver,Electric,Manual,3.1,163977,124345,50,Low
12/31/2010,3 Series,2010,Africa,White,Electric,Automatic,4.1,97516,60089,3795,Low
12/31/2015,M3,2015,Asia,Blue,Electric,Automatic,2.2,107627,87551,2323,Low
12/31/2012,7 Series,2012,Africa,Silver,Diesel,Automatic,1.5,16875,83987,50,Low
12/31/2022,i8,2022,Europe,Red,Hybrid,Automatic,3.5,88385,167970,684,Low
12/31/2015,M3,2015,Europe,Blue,Diesel,Manual,4.3,78205,88701,2448,Low
12/31/2019,3 Series,2019,North America,Black,Petrol,Manual,3,20734,83737,9950,High
12/31/2022,M5,2022,Europe,Red,Electric,Manual,3.5,75190,151874,2216,Low
12/31/2020,M3,2020,Asia,Blue,Petrol,Automatic,3,11757,114560,3208,Low
12/31/2022,7 Series,2022,South America,Grey,Diesel,Automatic,3.3,76425,129038,934,Low
12/31/2015,5 Series,2015,South America,White,Diesel,Manual,4.6,50734,81397,4192,Low
12/31/2011,X6,2011,Middle East,Blue,Diesel,Manual,3.2,8257,80216,1841,Low
12/31/2010,3 Series,2010,Asia,Grey,Electric,Manual,1.5,102095,39060,8714,High
12/31/2020,X1,2020,South America,Silver,Petrol,Manual,4.3,144326,67504,5529,High
12/31/2024,M5,2024,Europe,Red,Petrol,Manual,3.7,128456,135514,2397,Low
12/31/2012,i8,2012,South America,White,Diesel,Automatic,4.1,132462,106885,50,Low
12/31/2014,3 Series,2014,North America,Black,Hybrid,Manual,4.7,46487,79829,7801,High
12/31/2024,X3,2024,Asia,Silver,Diesel,Manual,2.5,75208,101246,9146,High
12/31/2024,3 Series,2024,South America,Grey,Hybrid,Automatic,3.3,199900,87731,7287,High
12/31/2013,i3,2013,Europe,Grey,Diesel,Manual,3.6,48263,59100,4588,Low
12/31/2016,5 Series,2016,South America,Red,Hybrid,Manual,2.7,47115,87421,3765,Low
12/31/2013,X3,2013,South America,Blue,Electric,Automatic,4.5,112520,74465,5043,High
12/31/2017,X6,2017,Europe,Black,Hybrid,Automatic,3.9,170822,94700,3826,Low
12/31/2016,3 Series,2016,North America,Grey,Hybrid,Automatic,4.1,5020,97451,8349,High
12/31/2019,M5,2019,Europe,White,Hybrid,Manual,4.3,42335,145190,1677,Low
12/31/2018,X6,2018,Europe,White,Hybrid,Automatic,2.4,136953,96254,4999,Low
12/31/2010,5 Series,2010,Middle East,Silver,Diesel,Automatic,4.1,76438,61279,4308,Low
12/31/2024,X5,2024,North America,Grey,Petrol,Automatic,4.2,143832,120740,5669,High
12/31/2014,i8,2014,Europe,White,Hybrid,Manual,4.4,105038,135791,50,Low
12/31/2022,i8,2022,Africa,Grey,Petrol,Manual,3.2,88608,154517,50,Low
12/31/2013,X6,2013,Europe,Black,Hybrid,Manual,3.3,44003,91937,3166,Low
12/31/2015,X1,2015,Europe,White,Electric,Automatic,1.8,179933,41948,7339,High
12/31/2010,i8,2010,Asia,White,Diesel,Automatic,4.5,170127,100292,50,Low
12/31/2015,3 Series,2015,Middle East,Blue,Petrol,Manual,3.4,58987,67313,5839,High
12/31/2010,i8,2010,South America,Silver,Diesel,Automatic,3.6,20425,122758,50,Low
12/31/2023,X5,2023,Europe,White,Electric,Automatic,1.9,196790,99506,7749,High
12/31/2023,3 Series,2023,Europe,Red,Hybrid,Automatic,3.6,39025,117515,10274,High
12/31/2010,3 Series,2010,Middle East,Red,Diesel,Manual,1.6,162957,25000,5310,High
12/31/2017,7 Series,2017,Africa,Black,Petrol,Automatic,4.7,175735,98367,412,Low
12/31/2011,M3,2011,Europe,Silver,Electric,Manual,4.5,19469,96953,1857,Low
12/31/2019,5 Series,2019,Africa,Grey,Electric,Automatic,2.2,82482,98931,3689,Low
12/31/2022,X6,2022,Middle East,Grey,Petrol,Manual,3.6,112087,117324,2973,Low
12/31/2023,X3,2023,Europe,Black,Electric,Manual,3.6,42571,119124,10285,High
12/31/2015,3 Series,2015,Europe,Black,Diesel,Manual,4.3,174127,49917,10169,High
12/31/2023,X3,2023,Africa,Silver,Petrol,Manual,4.1,150005,85993,5532,High
12/31/2015,7 Series,2015,Africa,Black,Petrol,Manual,5,147129,98177,152,Low
12/31/2015,7 Series,2015,North America,Black,Diesel,Manual,2.7,25844,105908,989,Low
12/31/2017,M3,2017,Africa,White,Hybrid,Automatic,1.9,150216,80647,1556,Low
12/31/2013,X1,2013,Asia,Red,Petrol,Manual,3.5,70798,51802,7307,High
12/31/2012,3 Series,2012,Africa,Grey,Hybrid,Manual,4.2,131326,55523,4938,Low
12/31/2015,5 Series,2015,Asia,Blue,Electric,Automatic,2.5,29419,97792,5705,High
12/31/2013,X5,2013,Europe,Black,Hybrid,Manual,2.3,34423,80707,5722,High
12/31/2011,X3,2011,Asia,Black,Electric,Automatic,4.3,55887,78911,8997,High
12/31/2015,M3,2015,Asia,White,Petrol,Automatic,4.1,151433,79505,2982,Low
12/31/2019,X5,2019,Asia,Red,Petrol,Manual,2.2,137360,80971,6572,High
12/31/2014,X5,2014,Europe,Blue,Diesel,Manual,4.5,16255,88330,5604,High
12/31/2020,X6,2020,Asia,White,Hybrid,Automatic,2,47095,118071,4617,Low
12/31/2018,M5,2018,Europe,Grey,Hybrid,Manual,1.9,83721,119757,2186,Low
12/31/2020,i3,2020,North America,Black,Hybrid,Manual,2.7,138670,81823,5890,High
12/31/2015,7 Series,2015,North America,Red,Petrol,Manual,4.6,162825,96167,1026,Low
12/31/2023,X3,2023,Europe,Black,Petrol,Automatic,3.9,67516,111131,9599,High
12/31/2012,7 Series,2012,South America,Grey,Electric,Manual,2.9,159080,82338,117,Low
12/31/2020,X5,2020,Asia,White,Diesel,Manual,2.1,77449,94149,6438,High
12/31/2014,X3,2014,Asia,Silver,Petrol,Manual,4,99526,61108,9152,High
12/31/2024,i3,2024,Europe,White,Electric,Automatic,3.6,135521,109007,6308,High
12/31/2019,M5,2019,Africa,Black,Electric,Automatic,5,85440,153907,585,Low
12/31/2017,3 Series,2017,Africa,Black,Diesel,Manual,4.2,128464,61664,5506,High
12/31/2018,X3,2018,Africa,Black,Hybrid,Manual,1.9,57391,82480,4602,Low
12/31/2017,5 Series,2017,North America,White,Electric,Automatic,4,95507,101247,6165,High
12/31/2024,5 Series,2024,Europe,Blue,Petrol,Automatic,2.4,169795,87388,8452,High
12/31/2012,M5,2012,North America,Blue,Hybrid,Automatic,4.9,105517,117346,795,Low
12/31/2018,X5,2018,North America,Silver,Petrol,Manual,1.6,15457,91314,5794,High
12/31/2012,X6,2012,South America,Blue,Electric,Manual,2.3,65059,84763,5075,High
12/31/2017,M5,2017,South America,Black,Diesel,Automatic,3.2,44544,117831,516,Low
12/31/2019,X3,2019,Africa,Grey,Diesel,Automatic,1.8,179047,51227,5929,High
12/31/2018,7 Series,2018,South America,Blue,Diesel,Manual,2.7,3100,114809,474,Low
12/31/2016,X1,2016,Africa,Silver,Diesel,Manual,3.2,119827,48560,3990,Low
12/31/2013,M3,2013,North America,Red,Diesel,Automatic,3.1,197660,53075,3135,Low
12/31/2019,i3,2019,Africa,Black,Electric,Manual,3.1,100367,84836,2862,Low
12/31/2024,i3,2024,Europe,Grey,Electric,Manual,4.6,127311,117018,6133,High
12/31/2018,3 Series,2018,North America,Silver,Diesel,Automatic,3.3,7651,84222,9703,High
12/31/2012,X5,2012,North America,Silver,Petrol,Automatic,4.8,51436,89134,5622,High
12/31/2024,M5,2024,North America,Red,Hybrid,Manual,2,150951,131456,2697,Low
12/31/2012,i8,2012,Europe,White,Hybrid,Manual,2.5,34808,135607,50,Low
12/31/2011,X1,2011,Asia,Blue,Diesel,Automatic,3.8,35216,53067,6526,High
12/31/2019,X1,2019,Europe,Red,Petrol,Automatic,2.5,110298,64641,8336,High
12/31/2024,M3,2024,Asia,Blue,Petrol,Automatic,2.7,37863,127714,2953,Low
12/31/2012,i3,2012,Africa,Blue,Diesel,Manual,4.7,186952,36233,2637,Low
12/31/2010,M5,2010,South America,Blue,Petrol,Automatic,3.4,88211,83077,50,Low
12/31/2024,M3,2024,Middle East,Blue,Diesel,Manual,2.7,5805,135929,2091,Low
12/31/2013,i3,2013,Africa,Red,Electric,Manual,4.2,77847,73816,1825,Low
12/31/2017,M3,2017,Europe,Red,Electric,Manual,1.7,37289,101188,2685,Low
12/31/2014,X6,2014,North America,White,Hybrid,Automatic,3.5,125396,85993,3688,Low
12/31/2011,M3,2011,Middle East,Grey,Electric,Manual,1.8,136400,62422,1481,Low
12/31/2012,X1,2012,South America,White,Diesel,Manual,2.1,44006,35479,4864,Low
12/31/2010,M5,2010,North America,White,Electric,Automatic,1.7,175665,79514,910,Low
12/31/2011,X1,2011,Asia,Black,Electric,Automatic,4.7,102686,59396,6235,High
12/31/2010,X3,2010,Middle East,Black,Diesel,Manual,1.7,53133,37052,4790,Low
12/31/2011,M3,2011,Asia,Red,Diesel,Automatic,3.3,146340,56963,2667,Low
12/31/2012,5 Series,2012,Africa,Grey,Hybrid,Automatic,2.3,6156,73270,2931,Low
12/31/2010,X1,2010,Africa,Black,Diesel,Manual,2.8,164188,25000,3543,Low
12/31/2020,M3,2020,Asia,Black,Diesel,Automatic,3.2,20436,119677,3312,Low
12/31/2018,M5,2018,North America,Silver,Hybrid,Manual,3.1,175786,110018,2126,Low
12/31/2019,M3,2019,Europe,Silver,Hybrid,Manual,4.1,13957,121474,3400,Low
12/31/2014,i3,2014,Middle East,Red,Hybrid,Automatic,4.7,59470,85082,2462,Low
12/31/2017,i8,2017,Europe,Red,Hybrid,Automatic,2.6,108813,200000,50,Low
12/31/2014,i3,2014,Asia,Grey,Electric,Automatic,1.6,34568,70044,4935,Low
12/31/2017,X6,2017,Asia,Black,Hybrid,Automatic,4.6,161581,102500,3727,Low
12/31/2016,3 Series,2016,North America,White,Petrol,Automatic,4.9,7506,92935,2303,Low
12/31/2021,M3,2021,Africa,Silver,Hybrid,Manual,3,104770,102463,2013,Low
12/31/2013,i3,2013,Africa,Black,Diesel,Manual,3.1,55839,52957,2287,Low
12/31/2024,7 Series,2024,North America,Grey,Hybrid,Automatic,2,172544,126505,2530,Low
12/31/2016,i8,2016,Africa,Grey,Diesel,Automatic,3.2,190095,109354,50,Low
12/31/2015,X3,2015,North America,White,Diesel,Automatic,2.6,55653,69516,8649,High
12/31/2012,X6,2012,Middle East,Silver,Diesel,Automatic,5,33900,99652,1765,Low
12/31/2018,M5,2018,Asia,Grey,Petrol,Automatic,2.1,159738,100854,2034,Low
12/31/2021,7 Series,2021,Asia,Blue,Electric,Automatic,2.8,184735,125384,1843,Low
12/31/2019,5 Series,2019,North America,Red,Diesel,Automatic,3.7,124353,85438,7420,High
12/31/2024,M3,2024,North America,Silver,Diesel,Manual,2.7,78179,117404,3745,Low
12/31/2022,X1,2022,Europe,Black,Diesel,Automatic,3.2,64376,88206,7195,High
12/31/2018,X3,2018,South America,Blue,Diesel,Manual,4.9,93522,83424,4597,Low
12/31/2023,5 Series,2023,Asia,Red,Petrol,Automatic,3.3,129966,96911,8749,High
12/31/2014,X6,2014,North America,White,Hybrid,Automatic,4.7,150094,94150,3900,Low
12/31/2017,X6,2017,North America,Red,Hybrid,Manual,1.7,39159,98417,3486,Low
12/31/2016,M3,2016,Middle East,White,Electric,Manual,1.9,24580,102545,1482,Low
12/31/2018,X5,2018,Europe,Blue,Diesel,Automatic,4.8,146244,90892,6472,High
12/31/2016,M5,2016,Asia,Blue,Petrol,Manual,2,124938,101444,1689,Low
12/31/2013,M5,2013,Europe,White,Diesel,Automatic,4.1,63514,107888,952,Low
12/31/2013,5 Series,2013,South America,White,Diesel,Manual,3.1,167524,44975,4332,Low
12/31/2020,M3,2020,Asia,Blue,Electric,Manual,2.9,30982,130503,3617,Low
12/31/2017,X1,2017,Africa,Black,Diesel,Automatic,3.8,113840,60529,3699,Low
12/31/2015,5 Series,2015,Asia,Silver,Diesel,Automatic,4,142377,69884,7915,High
12/31/2018,i3,2018,Africa,Grey,Petrol,Automatic,4.8,126614,74609,2738,Low
12/31/2023,5 Series,2023,North America,Blue,Electric,Manual,2.4,133140,104070,7477,High
12/31/2019,X6,2019,Middle East,Blue,Electric,Automatic,3.9,194160,110403,3160,Low
12/31/2023,i3,2023,South America,Silver,Petrol,Automatic,2.7,25558,98121,3220,Low
12/31/2016,5 Series,2016,Middle East,Blue,Petrol,Manual,4,162432,71427,4207,Low
12/31/2016,X6,2016,Africa,White,Electric,Manual,2,97788,89881,1845,Low
12/31/2013,X3,2013,Middle East,Black,Electric,Manual,3.1,94492,69623,5274,High
12/31/2012,X3,2012,Africa,Red,Petrol,Manual,2.1,153394,27980,3996,Low
12/31/2017,X1,2017,South America,Silver,Hybrid,Automatic,2.7,83106,71394,4808,Low
12/31/2016,X3,2016,Europe,Black,Hybrid,Manual,4,96034,78974,9135,High
12/31/2013,i3,2013,Africa,Silver,Petrol,Automatic,2.3,119332,37500,2781,Low
12/31/2022,X3,2022,Middle East,Blue,Electric,Manual,3.9,60846,114406,6975,High
12/31/2013,i3,2013,Europe,Silver,Electric,Automatic,3.2,111968,64305,4236,Low
12/31/2010,i8,2010,Asia,Grey,Hybrid,Manual,1.8,108165,104097,50,Low
12/31/2020,X1,2020,Africa,Blue,Electric,Automatic,2.9,57929,95892,4807,Low
12/31/2016,M3,2016,Asia,Blue,Electric,Manual,4.5,190875,93606,2956,Low
12/31/2010,X6,2010,North America,Red,Hybrid,Manual,5,174649,70261,2918,Low
12/31/2019,X3,2019,Europe,Silver,Hybrid,Automatic,2.8,62283,95842,9073,High
12/31/2019,i8,2019,Asia,Grey,Petrol,Manual,1.7,97475,131617,299,Low
12/31/2013,M3,2013,North America,Red,Hybrid,Automatic,2,96792,76761,2384,Low
12/31/2020,X5,2020,Africa,Black,Hybrid,Manual,4.3,96198,112432,3951,Low
12/31/2023,X1,2023,Asia,White,Petrol,Automatic,3.8,78035,100533,7877,High
12/31/2012,X1,2012,Middle East,Grey,Petrol,Manual,2.5,178044,25000,5809,High
12/31/2020,M3,2020,South America,Red,Diesel,Automatic,2.9,51510,102640,1790,Low
12/31/2012,7 Series,2012,Middle East,White,Hybrid,Automatic,4.3,114731,108335,50,Low
12/31/2021,3 Series,2021,South America,Red,Hybrid,Manual,2.9,77718,95644,7228,High
12/31/2010,X3,2010,Middle East,Red,Electric,Automatic,4.1,104250,63667,5656,High
12/31/2013,5 Series,2013,Middle East,Blue,Electric,Manual,2.5,129607,68085,4377,Low
12/31/2023,5 Series,2023,Europe,Silver,Diesel,Manual,4,181497,91085,8224,High
12/31/2010,i8,2010,Asia,Silver,Petrol,Manual,3.1,45103,121150,50,Low
12/31/2023,7 Series,2023,Middle East,Blue,Electric,Manual,3.4,91362,159296,1132,Low
12/31/2022,M3,2022,Europe,Grey,Electric,Automatic,3.6,75701,127702,3322,Low
12/31/2022,X5,2022,Middle East,Black,Petrol,Manual,3.1,185844,94471,4879,Low
12/31/2017,X6,2017,Africa,White,Petrol,Automatic,3.1,97817,90381,1763,Low
12/31/2024,M5,2024,Asia,Blue,Petrol,Automatic,2.4,183433,124918,2795,Low
12/31/2024,5 Series,2024,Africa,Red,Electric,Automatic,5,145226,128526,4546,Low
12/31/2010,M5,2010,Europe,Black,Electric,Manual,4.7,97873,111756,388,Low
12/31/2021,3 Series,2021,North America,Red,Electric,Automatic,3.3,194755,86941,11903,High
12/31/2023,i3,2023,Middle East,Red,Diesel,Automatic,1.6,101338,82020,4752,Low
12/31/2015,3 Series,2015,Asia,White,Electric,Manual,2.1,60996,72442,8437,High
12/31/2016,5 Series,2016,Asia,Grey,Petrol,Manual,4.5,174217,72885,6430,High
12/31/2024,i3,2024,South America,Grey,Diesel,Automatic,4.8,46994,118880,3075,Low
12/31/2019,X3,2019,South America,Silver,Diesel,Automatic,2.1,187633,52884,6175,High
12/31/2023,M3,2023,Asia,Black,Diesel,Manual,4.1,89163,123814,3542,Low
12/31/2021,X5,2021,South America,Black,Hybrid,Manual,3.7,59415,113875,3586,Low
12/31/2011,7 Series,2011,Middle East,Grey,Hybrid,Manual,2.6,75599,93246,50,Low
12/31/2013,X1,2013,Europe,Grey,Petrol,Manual,3,181320,26561,7858,High
12/31/2020,i3,2020,North America,Red,Electric,Manual,3.9,113567,97710,4997,Low
12/31/2023,i3,2023,Middle East,Red,Electric,Automatic,1.9,163964,90159,4358,Low
12/31/2012,M5,2012,Europe,Blue,Electric,Automatic,2.2,113426,101085,784,Low
12/31/2022,M3,2022,North America,White,Hybrid,Manual,1.6,93093,106896,3605,Low
12/31/2022,X5,2022,Middle East,Black,Electric,Manual,4.7,117687,134867,4011,Low
12/31/2018,X1,2018,North America,Black,Petrol,Manual,3.5,13780,82590,7524,High
12/31/2023,3 Series,2023,Asia,Blue,Hybrid,Automatic,3.3,37680,118122,10557,High
12/31/2016,7 Series,2016,Asia,White,Hybrid,Automatic,4,73339,121311,1035,Low
12/31/2011,5 Series,2011,Africa,Grey,Petrol,Automatic,5,171653,49879,3555,Low
12/31/2020,7 Series,2020,Middle East,White,Electric,Manual,2.1,174646,117811,1244,Low
12/31/2021,i8,2021,Asia,Blue,Petrol,Manual,2,159745,137471,487,Low
12/31/2015,5 Series,2015,Africa,Red,Petrol,Automatic,2.5,69381,71986,3647,Low
12/31/2018,M5,2018,Asia,Black,Hybrid,Manual,4.7,173264,130953,2235,Low
12/31/2021,X1,2021,Asia,Silver,Hybrid,Automatic,2.9,7410,105949,7899,High
12/31/2012,5 Series,2012,Africa,Silver,Electric,Manual,4.3,17437,91420,2502,Low
12/31/2023,7 Series,2023,Middle East,Red,Electric,Automatic,2.2,80753,144241,1378,Low
12/31/2024,7 Series,2024,South America,White,Diesel,Automatic,3.2,5430,144876,842,Low
12/31/2020,X1,2020,Middle East,Black,Electric,Automatic,1.9,98314,83782,5620,High
12/31/2015,M5,2015,Asia,Blue,Petrol,Manual,2.9,120344,105565,1621,Low
12/31/2023,M5,2023,Asia,Red,Hybrid,Manual,2.4,76194,146773,2363,Low
12/31/2012,i3,2012,Middle East,Black,Petrol,Automatic,3.4,36722,63638,3093,Low
12/31/2012,i3,2012,Asia,White,Hybrid,Automatic,4.2,123848,60265,4852,Low
12/31/2013,M3,2013,Asia,Grey,Petrol,Manual,4.8,50264,89128,2370,Low
12/31/2018,i3,2018,North America,Silver,Electric,Manual,2.5,147308,73976,4921,Low
12/31/2020,X1,2020,Africa,Red,Petrol,Automatic,4.1,82567,80807,3740,Low
12/31/2022,i8,2022,North America,Silver,Electric,Automatic,4.6,105433,200000,162,Low
12/31/2017,i8,2017,South America,White,Diesel,Automatic,1.9,184307,111448,50,Low
12/31/2010,M3,2010,North America,White,Electric,Manual,3.6,117845,70814,1841,Low
12/31/2022,X3,2022,Europe,Grey,Petrol,Manual,3.6,15486,108307,9717,High
12/31/2021,X3,2021,South America,Silver,Petrol,Manual,2.5,195863,65477,5892,High
12/31/2020,7 Series,2020,Africa,White,Electric,Manual,1.6,78991,64350,2033,Low
12/31/2010,X3,2010,Middle East,Grey,Petrol,Automatic,2.4,72365,46079,5987,High
12/31/2016,X3,2016,North America,Red,Electric,Manual,3.5,8329,95662,7089,High
12/31/2012,3 Series,2012,Africa,Blue,Hybrid,Manual,2.2,15809,61047,4265,Low
12/31/2023,M3,2023,North America,Silver,Electric,Automatic,2.5,858,140684,3823,Low
12/31/2020,3 Series,2020,Middle East,Black,Diesel,Automatic,4,193482,70561,6968,High
12/31/2016,X6,2016,South America,Silver,Petrol,Automatic,2.9,155260,75647,2132,Low
12/31/2018,7 Series,2018,North America,Black,Electric,Automatic,1.7,40648,136636,1352,Low
12/31/2012,M3,2012,South America,Black,Hybrid,Manual,2.9,127416,64500,1328,Low
12/31/2012,i3,2012,Middle East,Black,Electric,Automatic,5,136969,66760,3024,Low
12/31/2011,7 Series,2011,South America,White,Petrol,Automatic,2.4,156362,62861,278,Low
12/31/2019,5 Series,2019,North America,Red,Electric,Automatic,2.4,138177,90768,6619,High
12/31/2010,M3,2010,Africa,Grey,Petrol,Automatic,2.1,124688,43369,1050,Low
12/31/2018,X6,2018,Europe,Silver,Petrol,Automatic,2.5,50378,102081,4321,Low
12/31/2015,M3,2015,Africa,Blue,Diesel,Automatic,3.5,107498,78271,1278,Low
12/31/2015,X3,2015,Africa,White,Diesel,Manual,4.9,69221,71553,3906,Low
12/31/2017,X6,2017,Africa,Grey,Electric,Automatic,3.6,108319,103286,2070,Low
12/31/2020,M3,2020,Europe,Blue,Diesel,Automatic,2.9,85444,95701,3354,Low
12/31/2014,X6,2014,South America,Silver,Petrol,Manual,2.9,126097,66649,2117,Low
12/31/2018,M3,2018,Africa,Red,Hybrid,Manual,1.6,152877,72027,2522,Low
12/31/2024,i8,2024,Middle East,Grey,Diesel,Manual,1.5,99885,154904,297,Low
12/31/2020,3 Series,2020,Europe,White,Diesel,Manual,4.3,136321,77725,9851,High
12/31/2014,X5,2014,Middle East,Blue,Diesel,Manual,3.2,180103,58616,4051,Low
12/31/2011,7 Series,2011,North America,Black,Electric,Automatic,1.6,122488,85845,748,Low
12/31/2015,X1,2015,Africa,Blue,Diesel,Manual,2.5,12020,56281,3606,Low
12/31/2024,i3,2024,Asia,Black,Hybrid,Manual,2.7,193563,82084,906,Low
12/31/2018,X5,2018,Asia,Blue,Electric,Automatic,4.2,26612,130805,6626,High
12/31/2012,X1,2012,Africa,White,Diesel,Automatic,3,154108,25000,4365,Low
12/31/2019,X3,2019,North America,Blue,Electric,Manual,4.3,5687,118972,8998,High
12/31/2013,7 Series,2013,South America,Silver,Hybrid,Manual,3.7,150576,90276,142,Low
12/31/2019,X1,2019,Middle East,Grey,Hybrid,Manual,1.6,132604,59686,6676,High
12/31/2020,M5,2020,North America,Silver,Electric,Automatic,4.9,75588,161650,1685,Low
12/31/2017,i3,2017,Europe,Red,Diesel,Automatic,2.1,182621,41870,1403,Low
12/31/2015,i8,2015,North America,Red,Electric,Manual,2.5,108650,135264,50,Low
12/31/2022,i8,2022,Asia,Grey,Electric,Automatic,4.3,60506,187357,372,Low
12/31/2016,3 Series,2016,Africa,Red,Petrol,Automatic,2.2,56986,61074,5567,High
12/31/2016,X6,2016,Africa,Black,Diesel,Manual,2.9,129112,75945,1929,Low
12/31/2013,M3,2013,Asia,Silver,Electric,Automatic,4.5,192410,76743,2641,Low
12/31/2024,i8,2024,Middle East,Silver,Hybrid,Automatic,3.7,134923,183880,399,Low
12/31/2021,3 Series,2021,Africa,Silver,Hybrid,Manual,2.6,142334,77918,5989,High
12/31/2015,5 Series,2015,Africa,Black,Petrol,Automatic,3.8,121859,68245,3862,Low
12/31/2021,i8,2021,North America,Grey,Electric,Automatic,4.3,4787,100129,1327,Low
12/31/2018,M5,2018,North America,Red,Electric,Manual,2.9,3830,148119,1457,Low
12/31/2012,7 Series,2012,Europe,White,Diesel,Manual,3.5,130593,80557,222,Low
12/31/2017,5 Series,2017,Asia,Black,Petrol,Manual,5,83249,93844,6024,High
12/31/2016,M5,2016,Europe,Silver,Diesel,Manual,4.9,24483,136040,999,Low
12/31/2013,X1,2013,Asia,Blue,Hybrid,Automatic,3.3,174457,43155,6824,High
12/31/2019,7 Series,2019,South America,Blue,Petrol,Manual,1.8,74676,110228,780,Low
12/31/2022,X1,2022,Middle East,Silver,Hybrid,Manual,4,170768,85972,6239,High
12/31/2012,M3,2012,South America,Blue,Electric,Automatic,2.4,128031,70400,1100,Low
12/31/2023,7 Series,2023,South America,Red,Hybrid,Manual,3.8,14707,162310,1222,Low
12/31/2016,X5,2016,Africa,Blue,Electric,Automatic,2.7,72245,123030,1972,Low
12/31/2019,3 Series,2019,Middle East,White,Diesel,Manual,4,16747,94073,7384,High
12/31/2018,X5,2018,Europe,White,Diesel,Automatic,2.8,11244,103146,6177,High
12/31/2021,i3,2021,Middle East,Silver,Petrol,Automatic,4.8,183229,79684,3416,Low
12/31/2019,X3,2019,North America,Blue,Electric,Manual,2,17338,104326,9527,High
12/31/2012,i8,2012,South America,Grey,Electric,Automatic,1.7,123851,107782,50,Low
12/31/2024,X5,2024,Middle East,Silver,Hybrid,Manual,4.2,148357,123657,4437,Low
12/31/2019,X3,2019,North America,White,Electric,Manual,2.9,98938,95882,8626,High
12/31/2018,3 Series,2018,Middle East,White,Electric,Automatic,3.1,107151,86893,5980,High
12/31/2022,i3,2022,Europe,Silver,Diesel,Manual,4.8,83308,94145,4934,Low
12/31/2017,X3,2017,Europe,Grey,Electric,Automatic,3.6,121526,49871,7456,High
12/31/2021,X5,2021,North America,Black,Hybrid,Automatic,3.8,139643,113025,6021,High
12/31/2012,3 Series,2012,Asia,Grey,Electric,Automatic,1.6,180314,36972,9302,High
12/31/2024,X3,2024,Europe,Red,Diesel,Automatic,3.8,53315,112292,8998,High
12/31/2017,X6,2017,South America,Red,Petrol,Manual,2.9,73295,87734,2086,Low
12/31/2021,7 Series,2021,Europe,Red,Electric,Manual,3.1,65302,150007,1647,Low
12/31/2013,X5,2013,Middle East,Silver,Hybrid,Automatic,4.3,46444,99880,2826,Low
12/31/2015,X6,2015,North America,Grey,Hybrid,Manual,3.3,167164,84712,3942,Low
12/31/2021,X6,2021,Middle East,Black,Hybrid,Automatic,5,173393,123595,3610,Low
12/31/2019,X6,2019,South America,Red,Diesel,Automatic,4.3,129108,96230,2925,Low
12/31/2011,X5,2011,Europe,White,Diesel,Manual,4.1,177913,47308,5414,High
12/31/2017,i8,2017,South America,White,Electric,Automatic,3.6,2874,174452,50,Low
12/31/2022,X6,2022,North America,Silver,Petrol,Manual,2.9,193369,94501,5240,High
12/31/2018,X6,2018,Middle East,Black,Electric,Manual,1.7,78351,106547,3497,Low
12/31/2016,i3,2016,Africa,White,Petrol,Manual,1.6,199843,29665,3418,Low
12/31/2017,5 Series,2017,North America,Red,Hybrid,Automatic,1.7,176146,66007,6601,High
12/31/2016,X5,2016,North America,Red,Hybrid,Manual,4.9,128788,92151,5949,High
12/31/2020,X5,2020,Middle East,White,Petrol,Automatic,2.6,39650,104364,3901,Low
12/31/2019,i3,2019,Middle East,White,Hybrid,Manual,4,107302,93272,4380,Low
12/31/2013,i8,2013,Asia,Silver,Diesel,Manual,3.6,140276,111286,50,Low
12/31/2010,3 Series,2010,Asia,Black,Hybrid,Automatic,3.5,148516,40459,15000,High
12/31/2012,X3,2012,North America,White,Hybrid,Automatic,3.5,31928,73167,6739,High
12/31/2016,X3,2016,Africa,Black,Petrol,Automatic,2.6,144660,51771,5099,High
12/31/2020,M5,2020,Middle East,Black,Diesel,Automatic,4.6,186324,123080,1029,Low
12/31/2020,X5,2020,North America,White,Hybrid,Automatic,4.7,196492,103714,5968,High
12/31/2016,X1,2016,North America,Red,Hybrid,Automatic,3.8,169728,61860,6818,High
12/31/2020,i8,2020,North America,Red,Petrol,Manual,4.5,184098,141952,289,Low
12/31/2022,X1,2022,Europe,Black,Electric,Manual,1.7,136431,73849,7547,High
12/31/2012,X3,2012,South America,Grey,Petrol,Manual,1.9,54368,47941,5366,High
12/31/2010,X3,2010,Middle East,Red,Hybrid,Automatic,3.5,71089,63629,5369,High
12/31/2019,i3,2019,Asia,Black,Electric,Manual,4.5,195720,77953,6253,High
12/31/2018,X6,2018,Europe,Red,Petrol,Manual,2.6,68190,91202,3624,Low
12/31/2021,X5,2021,Europe,Red,Electric,Automatic,3.4,12406,134328,6053,High
12/31/2015,X5,2015,Middle East,Blue,Electric,Automatic,1.5,107141,85272,3556,Low
12/31/2022,M3,2022,South America,White,Electric,Automatic,5,97839,137795,2210,Low
12/31/2022,X1,2022,North America,Grey,Hybrid,Automatic,4.2,192314,84689,9292,High
12/31/2021,X6,2021,Middle East,White,Petrol,Manual,2.8,63834,119062,3078,Low
12/31/2016,X3,2016,Asia,Red,Electric,Automatic,4.9,160854,87153,8532,High
12/31/2010,M5,2010,North America,Red,Diesel,Automatic,1.8,115906,76647,982,Low
12/31/2010,7 Series,2010,Africa,Grey,Petrol,Automatic,3.1,112979,71831,50,Low
12/31/2013,i3,2013,Europe,Grey,Electric,Automatic,1.7,129650,47949,3970,Low
12/31/2016,X3,2016,Africa,Red,Diesel,Manual,2.7,49045,67516,4606,Low
12/31/2023,X1,2023,Europe,Black,Electric,Manual,2.3,5524,105863,8886,High
12/31/2020,X5,2020,Europe,Blue,Petrol,Manual,2.6,134542,85207,5270,High
12/31/2024,X6,2024,Asia,Grey,Petrol,Manual,4.8,91056,137651,4244,Low
12/31/2020,X1,2020,Middle East,Grey,Diesel,Manual,3,22265,87008,4773,Low
12/31/2017,X3,2017,South America,White,Electric,Manual,2.6,67177,84054,4349,Low
12/31/2019,X5,2019,Europe,White,Hybrid,Automatic,3.7,122446,100963,5534,High
12/31/2018,i8,2018,Africa,Black,Electric,Manual,3.9,89265,146998,50,Low
12/31/2010,X1,2010,Asia,Silver,Hybrid,Manual,4.9,107950,50931,6698,High
12/31/2013,X5,2013,Africa,White,Diesel,Automatic,3.4,130894,60946,2559,Low
12/31/2013,X3,2013,North America,Red,Diesel,Automatic,4.1,65813,27221,7911,High
12/31/2012,i3,2012,Africa,Blue,Petrol,Manual,2.8,126963,35541,2573,Low
12/31/2016,X6,2016,Europe,Black,Petrol,Automatic,2.1,43382,90208,4234,Low
12/31/2010,M3,2010,Europe,Blue,Petrol,Automatic,3,22776,74740,2000,Low
12/31/2018,3 Series,2018,South America,Black,Electric,Automatic,3,131674,81017,6989,High
12/31/2022,X3,2022,Middle East,Grey,Diesel,Automatic,3,6604,109226,6778,High
12/31/2017,i3,2017,North America,Silver,Diesel,Manual,3.9,138997,60379,4456,Low
12/31/2011,i3,2011,Africa,Blue,Petrol,Manual,2.9,957,53582,1956,Low
12/31/2011,i8,2011,Middle East,Silver,Petrol,Manual,4.8,107465,124449,50,Low
12/31/2017,5 Series,2017,Africa,White,Hybrid,Manual,4.9,141458,91305,3794,Low
12/31/2020,i8,2020,Africa,Red,Petrol,Automatic,3.3,64744,154813,50,Low
12/31/2023,5 Series,2023,Middle East,Silver,Diesel,Automatic,3.5,191018,96300,5907,High
12/31/2024,7 Series,2024,South America,Red,Hybrid,Automatic,2.9,137536,137133,1801,Low
12/31/2010,3 Series,2010,Middle East,Black,Diesel,Manual,2.7,123674,28115,6261,High
12/31/2022,X5,2022,Europe,Red,Diesel,Automatic,4.9,166535,103672,6704,High
12/31/2016,X3,2016,Europe,Red,Electric,Automatic,1.6,100176,72342,8498,High
12/31/2018,X3,2018,Africa,Red,Petrol,Automatic,2.9,55272,76791,4754,Low
12/31/2021,X3,2021,Europe,Silver,Hybrid,Automatic,2,34843,101087,7844,High
12/31/2024,M3,2024,South America,Red,Hybrid,Manual,4,27179,140317,2516,Low
12/31/2012,X5,2012,Europe,White,Diesel,Manual,2.2,11882,66966,4638,Low
12/31/2016,X6,2016,South America,White,Hybrid,Automatic,4.6,123354,98775,1924,Low
12/31/2015,X1,2015,Asia,Silver,Electric,Manual,2.8,101856,65621,7807,High
12/31/2024,i8,2024,South America,White,Diesel,Automatic,4.7,4503,183541,50,Low
12/31/2016,M5,2016,Europe,Silver,Petrol,Manual,5,15552,132276,889,Low
12/31/2016,X5,2016,South America,Blue,Diesel,Manual,4.2,177515,66957,3614,Low
12/31/2019,X3,2019,Middle East,Blue,Hybrid,Manual,3.7,31212,110218,6481,High
12/31/2010,3 Series,2010,Europe,Silver,Hybrid,Manual,2,113518,34864,8176,High
12/31/2023,5 Series,2023,Europe,Blue,Petrol,Manual,4.8,50300,128239,6513,High
12/31/2012,M3,2012,Middle East,Blue,Petrol,Manual,4.2,191676,61101,1606,Low
12/31/2019,i8,2019,North America,Silver,Diesel,Manual,2.5,73513,139755,145,Low
12/31/2010,i8,2010,North America,Silver,Electric,Automatic,3.1,129447,118332,50,Low
12/31/2014,7 Series,2014,Middle East,Silver,Diesel,Manual,1.7,159747,74158,679,Low
12/31/2012,X6,2012,South America,Black,Hybrid,Manual,3.8,62783,86160,1536,Low
12/31/2010,X3,2010,Africa,White,Electric,Manual,1.9,145574,35844,3672,Low
12/31/2011,X6,2011,Asia,Grey,Hybrid,Manual,3.8,4814,96396,3711,Low
12/31/2019,i8,2019,Asia,Silver,Diesel,Manual,3.9,120409,138456,203,Low
12/31/2014,3 Series,2014,North America,White,Hybrid,Automatic,2.6,173433,49967,8271,High
12/31/2020,5 Series,2020,North America,Black,Electric,Automatic,4.8,83307,123467,6565,High
12/31/2012,7 Series,2012,Europe,Black,Hybrid,Manual,4.2,70049,110091,345,Low
12/31/2015,M5,2015,Africa,Silver,Hybrid,Manual,3.2,177818,99002,417,Low
12/31/2018,i8,2018,North America,Black,Electric,Automatic,4.7,99756,168782,61,Low
12/31/2015,5 Series,2015,North America,Grey,Diesel,Manual,4.5,130647,70374,7346,High
12/31/2011,X5,2011,Africa,Silver,Diesel,Manual,3.9,173170,41956,3116,Low
12/31/2011,7 Series,2011,South America,Red,Petrol,Automatic,2,132702,69483,143,Low
12/31/2024,X5,2024,Asia,Grey,Petrol,Manual,3.2,183305,96329,5972,High
12/31/2022,M5,2022,Asia,Blue,Petrol,Automatic,4.5,126327,144400,1755,Low
12/31/2022,i8,2022,Europe,Silver,Hybrid,Manual,3.6,71884,171125,554,Low
12/31/2017,X1,2017,Middle East,White,Hybrid,Manual,3.4,210,91780,1078,Low
12/31/2020,5 Series,2020,North America,Black,Petrol,Automatic,4.8,178980,91297,7012,High
12/31/2017,M5,2017,South America,Black,Electric,Automatic,1.6,196098,100190,728,Low
12/31/2015,X5,2015,Middle East,Blue,Hybrid,Manual,1.5,151920,63213,3549,Low
12/31/2019,i3,2019,South America,Blue,Petrol,Automatic,4.6,12424,100670,2981,Low
12/31/2016,M3,2016,Middle East,Blue,Diesel,Manual,1.6,144756,65759,2157,Low
12/31/2010,X6,2010,North America,Blue,Hybrid,Manual,2.7,40002,81732,2879,Low
12/31/2024,i8,2024,South America,Blue,Petrol,Manual,4.7,7171,178879,50,Low
12/31/2021,M3,2021,Middle East,Red,Hybrid,Manual,3.9,162844,106366,2672,Low
12/31/2018,5 Series,2018,Middle East,Blue,Diesel,Automatic,3.8,92603,89301,4903,Low
12/31/2014,5 Series,2014,Africa,Silver,Hybrid,Manual,3.8,198677,57980,3731,Low
12/31/2018,i3,2018,Europe,Black,Diesel,Manual,2.6,85841,68553,5260,High
12/31/2011,M5,2011,Asia,White,Diesel,Manual,3.4,41131,99078,854,Low
12/31/2023,X5,2023,Europe,White,Diesel,Automatic,3.7,174715,96992,5862,High
12/31/2017,X1,2017,Europe,Black,Diesel,Automatic,2.6,97186,75710,6250,High
12/31/2016,X1,2016,Middle East,Grey,Diesel,Automatic,4.3,194069,47570,5489,High
12/31/2020,7 Series,2020,Europe,Grey,Diesel,Manual,2.6,54776,115235,1439,Low
12/31/2023,X5,2023,North America,Black,Diesel,Automatic,1.8,3432,120202,6941,High
12/31/2013,5 Series,2013,North America,Blue,Hybrid,Manual,2.2,181887,47849,5879,High
12/31/2012,M5,2012,Europe,Red,Hybrid,Manual,2.9,86873,103535,768,Low
12/31/2013,X6,2013,Middle East,Silver,Electric,Manual,4.7,10399,112239,2013,Low
12/31/2013,X5,2013,South America,Silver,Electric,Automatic,3,171528,64700,8193,High
12/31/2019,M5,2019,Asia,Silver,Electric,Manual,1.8,113765,121982,2146,Low
12/31/2019,X5,2019,Africa,Blue,Hybrid,Automatic,2.2,79039,102099,3366,Low
12/31/2017,X1,2017,North America,Black,Petrol,Automatic,3.4,158650,51527,7923,High
12/31/2022,X1,2022,North America,Grey,Electric,Manual,2.1,28361,103216,7832,High
12/31/2022,M3,2022,North America,White,Diesel,Automatic,1.7,31679,109811,3271,Low
12/31/2013,X5,2013,Middle East,Grey,Diesel,Manual,4,17762,85477,3689,Low
12/31/2023,3 Series,2023,Europe,Silver,Petrol,Manual,4.2,41780,109303,10118,High
12/31/2014,M3,2014,South America,Grey,Electric,Manual,4.5,48287,105501,751,Low
12/31/2011,M3,2011,North America,Red,Petrol,Automatic,4.5,26037,90805,1620,Low
12/31/2022,7 Series,2022,Middle East,Red,Petrol,Automatic,2.8,9896,142287,861,Low
12/31/2013,7 Series,2013,Asia,Black,Hybrid,Manual,4.1,44982,118197,558,Low
12/31/2016,5 Series,2016,Middle East,White,Diesel,Manual,3.5,57949,81690,4273,Low
12/31/2012,M5,2012,Asia,White,Petrol,Automatic,1.6,184040,67633,1536,Low
12/31/2023,X6,2023,Asia,Red,Electric,Manual,2.9,187554,117876,5135,High
12/31/2023,5 Series,2023,Europe,White,Petrol,Manual,1.7,56121,98365,8074,High
12/31/2010,7 Series,2010,Middle East,Grey,Diesel,Automatic,1.8,13764,88751,50,Low
12/31/2022,M5,2022,Africa,Blue,Petrol,Manual,1.7,186496,107837,1415,Low
12/31/2017,3 Series,2017,Asia,Grey,Petrol,Automatic,4.9,166408,71844,10742,High
12/31/2017,X1,2017,Europe,Black,Hybrid,Manual,4.5,137593,71556,7954,High
12/31/2015,i8,2015,North America,Grey,Electric,Automatic,3,82349,145529,50,Low
12/31/2016,M3,2016,Asia,Black,Electric,Manual,2.4,56740,95819,2825,Low
12/31/2024,M3,2024,Middle East,Blue,Diesel,Manual,1.8,82283,105808,2751,Low
12/31/2019,M3,2019,Africa,Red,Electric,Manual,3,49100,113921,1751,Low
12/31/2020,X6,2020,South America,Silver,Hybrid,Manual,3.6,181906,93453,3585,Low
12/31/2011,5 Series,2011,Asia,Blue,Petrol,Automatic,4.3,118768,62268,5729,High
12/31/2014,7 Series,2014,Middle East,Red,Diesel,Automatic,1.7,119571,85851,437,Low
12/31/2021,M3,2021,Middle East,Grey,Electric,Manual,3,34214,173906,1576,Low
12/31/2016,X5,2016,South America,Black,Petrol,Manual,4.9,81248,92835,3565,Low
12/31/2024,5 Series,2024,Middle East,Silver,Petrol,Manual,1.9,195548,80546,5109,High
12/31/2018,5 Series,2018,Africa,White,Petrol,Manual,2.9,168391,62709,3823,Low
12/31/2010,X1,2010,Africa,Silver,Electric,Automatic,2.5,18068,55838,2826,Low
12/31/2024,3 Series,2024,Europe,Silver,Petrol,Automatic,2,140925,78069,9423,High
12/31/2012,5 Series,2012,Asia,White,Diesel,Automatic,4.4,129255,62778,5798,High
12/31/2015,X6,2015,South America,Grey,Electric,Manual,3.9,117680,93430,1713,Low
12/31/2023,7 Series,2023,Europe,Blue,Electric,Manual,2.9,41472,154498,1636,Low
12/31/2016,3 Series,2016,South America,Black,Diesel,Automatic,2.8,67615,61405,6276,High
12/31/2015,5 Series,2015,Africa,White,Petrol,Automatic,4.4,129037,73283,3154,Low
12/31/2010,7 Series,2010,South America,Black,Hybrid,Manual,1.8,181671,59895,150,Low
12/31/2013,7 Series,2013,Europe,Blue,Diesel,Manual,2,183450,65452,1015,Low
12/31/2015,M3,2015,Middle East,Grey,Hybrid,Automatic,4.7,150204,92522,1486,Low
12/31/2017,3 Series,2017,Africa,Grey,Diesel,Automatic,4.4,191220,54073,4932,Low
12/31/2019,M5,2019,North America,Blue,Electric,Automatic,4.2,139005,142482,2042,Low
12/31/2024,i8,2024,Africa,Grey,Diesel,Manual,3.7,161920,148255,250,Low
12/31/2023,3 Series,2023,Africa,Red,Diesel,Manual,2.5,115702,77081,6646,High
12/31/2013,i8,2013,Middle East,Blue,Hybrid,Automatic,4.8,39145,164027,50,Low
12/31/2016,X1,2016,South America,Grey,Electric,Manual,3.2,138778,58275,4173,Low
12/31/2020,7 Series,2020,North America,Silver,Petrol,Automatic,2.5,39018,136438,1163,Low
12/31/2012,X5,2012,North America,White,Petrol,Manual,2.8,60371,68156,5731,High
12/31/2017,X5,2017,Middle East,Red,Hybrid,Automatic,1.6,184233,72015,3788,Low
12/31/2010,7 Series,2010,South America,Grey,Electric,Manual,2.4,19134,99587,50,Low
12/31/2013,X3,2013,Asia,Blue,Hybrid,Manual,2.2,54359,61691,8136,High
12/31/2017,X6,2017,Asia,Grey,Electric,Manual,2,127133,93189,4007,Low
12/31/2019,X6,2019,Europe,Red,Hybrid,Automatic,1.6,99686,100124,1058,Low
12/31/2013,X6,2013,Asia,Grey,Electric,Automatic,2.3,58037,96393,4004,Low
12/31/2011,M5,2011,Europe,Silver,Petrol,Automatic,1.9,73466,89573,1029,Low
12/31/2011,i3,2011,Asia,Grey,Diesel,Automatic,1.7,186336,25000,5757,High
12/31/2013,i8,2013,Middle East,Black,Petrol,Manual,2,31683,121963,50,Low
12/31/2024,i8,2024,Middle East,Blue,Hybrid,Manual,2.2,58823,187229,369,Low
12/31/2022,M5,2022,Africa,Red,Electric,Automatic,3,145473,142151,1421,Low
12/31/2013,M5,2013,Africa,Silver,Electric,Manual,3.5,67945,116764,50,Low
12/31/2024,7 Series,2024,South America,Black,Diesel,Automatic,2.6,83356,133098,1187,Low
12/31/2011,X5,2011,South America,Blue,Hybrid,Automatic,2,176698,45026,2856,Low
12/31/2016,5 Series,2016,Asia,Black,Petrol,Manual,4.8,155809,76960,8046,High
12/31/2024,M5,2024,South America,Blue,Electric,Automatic,3.3,189876,138201,1711,Low
12/31/2015,X3,2015,South America,White,Hybrid,Manual,4.1,145488,68934,4997,Low
12/31/2020,5 Series,2020,Asia,Grey,Electric,Manual,3.9,67751,110765,8621,High
12/31/2012,X6,2012,Europe,Red,Electric,Manual,2.5,52409,84299,3132,Low
12/31/2017,X6,2017,Asia,Grey,Electric,Automatic,3.5,154268,105301,4211,Low
12/31/2017,7 Series,2017,North America,Grey,Petrol,Automatic,3.6,77637,120295,999,Low
12/31/2010,5 Series,2010,Africa,Blue,Diesel,Manual,2.7,108413,36213,3475,Low
12/31/2012,M3,2012,Middle East,Blue,Diesel,Manual,3.8,169215,59849,1519,Low
12/31/2014,7 Series,2014,North America,Silver,Petrol,Automatic,4.3,195455,90811,1191,Low
12/31/2011,M3,2011,South America,White,Hybrid,Manual,2.8,100819,63457,981,Low
12/31/2021,7 Series,2021,South America,Red,Electric,Automatic,1.6,119156,122676,1238,Low
12/31/2021,5 Series,2021,South America,Black,Electric,Automatic,2.7,184282,88308,4560,Low
12/31/2014,X6,2014,Middle East,Grey,Hybrid,Automatic,1.9,190661,68181,2665,Low
12/31/2020,X6,2020,Africa,Blue,Petrol,Automatic,2,54533,101901,1971,Low
12/31/2019,X6,2019,Africa,Black,Electric,Automatic,2.8,58221,115158,2383,Low
12/31/2012,5 Series,2012,Asia,Red,Diesel,Automatic,2.2,164358,38289,7690,High
12/31/2024,X5,2024,Africa,Silver,Electric,Automatic,4.8,169891,122836,4230,Low
12/31/2018,i8,2018,Middle East,Grey,Hybrid,Manual,3.8,44101,164855,50,Low
12/31/2020,X5,2020,Europe,Black,Diesel,Automatic,3.3,29537,106868,6489,High
12/31/2010,X6,2010,Asia,White,Diesel,Automatic,1.5,109440,49873,3966,Low
12/31/2013,M5,2013,North America,Black,Hybrid,Automatic,1.9,16861,114772,1024,Low
12/31/2019,i8,2019,North America,Red,Petrol,Automatic,4.3,93935,159868,50,Low
12/31/2015,i3,2015,South America,Black,Petrol,Manual,2.9,160464,44346,2892,Low
12/31/2024,X5,2024,Europe,White,Hybrid,Automatic,1.7,89385,119150,6108,High
12/31/2018,X1,2018,Africa,Silver,Petrol,Manual,4.4,113183,64607,4428,Low
12/31/2012,X5,2012,South America,Grey,Diesel,Manual,2.6,21791,67133,2832,Low
12/31/2024,M3,2024,North America,Silver,Electric,Manual,2.9,92421,131284,3526,Low
12/31/2012,3 Series,2012,South America,Black,Electric,Manual,4.9,151173,62884,4613,Low
12/31/2024,i8,2024,Africa,Red,Hybrid,Manual,1.6,144839,149737,673,Low
12/31/2021,X5,2021,Africa,Black,Diesel,Manual,4,18027,118483,3343,Low
12/31/2014,X6,2014,Middle East,Red,Hybrid,Manual,4.8,38816,112815,1966,Low
12/31/2016,i8,2016,South America,Silver,Electric,Manual,1.7,71040,140257,50,Low
12/31/2023,X5,2023,North America,Silver,Hybrid,Automatic,4.5,43354,141989,7326,High
12/31/2014,X3,2014,Africa,Blue,Hybrid,Automatic,3,5063,82000,3668,Low
12/31/2020,M5,2020,North America,White,Hybrid,Automatic,4.6,23884,169959,1615,Low
12/31/2017,M5,2017,Europe,Black,Diesel,Manual,2.6,113316,102486,1436,Low
12/31/2014,M3,2014,North America,White,Diesel,Automatic,4.9,199844,72864,2835,Low
12/31/2016,X3,2016,Asia,Black,Petrol,Automatic,3.8,19570,83571,9698,High
12/31/2015,X5,2015,Europe,Red,Diesel,Automatic,3.7,41705,89702,5881,High
12/31/2023,7 Series,2023,Middle East,Silver,Electric,Manual,4.3,74076,163098,1327,Low
12/31/2019,X1,2019,North America,Red,Petrol,Manual,3,35240,75155,7156,High
12/31/2022,3 Series,2022,North America,Black,Diesel,Automatic,2.4,1881,104914,8842,High
12/31/2011,3 Series,2011,Europe,Silver,Diesel,Manual,2.4,129631,27802,8101,High
12/31/2012,7 Series,2012,Middle East,Silver,Petrol,Automatic,2.7,57513,98071,50,Low
12/31/2020,X1,2020,Middle East,Blue,Diesel,Manual,3.7,195722,56148,5117,High
12/31/2020,5 Series,2020,South America,Silver,Electric,Manual,4.4,12600,125521,4259,Low
12/31/2013,M3,2013,North America,Grey,Hybrid,Manual,3.2,160964,41990,2613,Low
12/31/2014,X6,2014,Europe,Grey,Electric,Manual,2.9,25024,100045,3798,Low
12/31/2018,M5,2018,Middle East,Blue,Petrol,Manual,4.3,124907,124072,765,Low
12/31/2015,M3,2015,North America,White,Electric,Automatic,2.5,58636,103758,2255,Low
12/31/2010,7 Series,2010,Asia,Red,Diesel,Automatic,3.9,47888,94391,429,Low
12/31/2012,3 Series,2012,North America,Black,Electric,Automatic,1.9,52801,61992,8718,High
12/31/2016,M5,2016,Asia,Red,Electric,Automatic,1.9,126813,110524,1674,Low
12/31/2017,3 Series,2017,Africa,White,Electric,Automatic,3.8,77562,89316,5033,High
12/31/2016,5 Series,2016,Middle East,Black,Hybrid,Manual,1.8,199054,56813,5086,High
12/31/2014,M5,2014,Africa,Grey,Electric,Automatic,2,183660,91725,349,Low
12/31/2024,i8,2024,Europe,Blue,Hybrid,Automatic,3.7,193902,164582,992,Low
12/31/2019,M3,2019,Africa,Silver,Hybrid,Manual,3,52488,109776,1922,Low
12/31/2017,i3,2017,Africa,Black,Hybrid,Automatic,3.5,149579,67760,3080,Low
12/31/2018,X5,2018,Africa,Black,Diesel,Manual,4.9,107078,89232,2787,Low
12/31/2016,3 Series,2016,Middle East,White,Diesel,Manual,3.7,146007,59312,6568,High
12/31/2020,M5,2020,Africa,Blue,Diesel,Manual,3.6,167700,112721,813,Low
12/31/2018,i3,2018,North America,Red,Diesel,Manual,2.8,68488,67898,4507,Low
12/31/2010,M3,2010,South America,White,Petrol,Automatic,3.7,46047,69757,701,Low
12/31/2023,X5,2023,South America,White,Petrol,Automatic,1.5,108097,95362,3978,Low
12/31/2018,i3,2018,Europe,Red,Electric,Manual,3.5,65094,94336,4418,Low
12/31/2012,M3,2012,Africa,Grey,Hybrid,Manual,1.7,70913,65786,969,Low
12/31/2015,5 Series,2015,South America,Red,Diesel,Automatic,2.3,116023,59733,3665,Low
12/31/2017,X6,2017,North America,Grey,Petrol,Automatic,3.5,146955,87228,4548,Low
12/31/2012,X3,2012,South America,Silver,Petrol,Manual,3.8,13562,67150,4936,Low
12/31/2013,X1,2013,South America,Blue,Diesel,Automatic,2.8,130359,31694,4902,Low
12/31/2016,X6,2016,North America,White,Petrol,Automatic,3,96756,87411,3585,Low
12/31/2021,i8,2021,North America,Red,Hybrid,Manual,3.2,171470,146369,912,Low
12/31/2016,5 Series,2016,South America,White,Diesel,Manual,4.2,99525,77871,4272,Low
12/31/2013,M5,2013,North America,White,Electric,Automatic,1.6,116154,102030,1257,Low
12/31/2018,X1,2018,Asia,Silver,Hybrid,Automatic,3.1,121670,73905,8865,High
12/31/2022,M3,2022,Middle East,Grey,Petrol,Automatic,1.5,144650,94087,2138,Low
12/31/2012,i8,2012,Middle East,White,Diesel,Manual,2.6,192246,144632,50,Low
12/31/2021,i3,2021,South America,Silver,Hybrid,Automatic,3.3,187778,77492,3807,Low
12/31/2017,X6,2017,Asia,Blue,Electric,Manual,1.8,183457,83216,4538,Low
12/31/2017,5 Series,2017,Asia,Red,Hybrid,Manual,3.2,46046,101400,7547,High
12/31/2022,M5,2022,Europe,Silver,Diesel,Automatic,4.7,191316,131705,2171,Low
12/31/2013,X6,2013,Middle East,White,Diesel,Manual,3.9,173714,68031,2562,Low
12/31/2016,7 Series,2016,Europe,Red,Hybrid,Manual,4.2,189062,106841,907,Low
12/31/2013,M5,2013,Asia,Red,Hybrid,Manual,3.5,148874,96522,1213,Low
12/31/2022,i8,2022,Europe,Blue,Electric,Manual,4.6,1854,200000,162,Low
12/31/2021,X5,2021,Europe,Black,Diesel,Manual,2,21756,100549,5587,High
12/31/2010,X6,2010,South America,Silver,Diesel,Automatic,3.1,36290,72584,1718,Low
12/31/2010,X3,2010,Europe,Red,Hybrid,Automatic,3.6,101047,53951,8062,High
12/31/2023,i8,2023,North America,Blue,Petrol,Automatic,4.6,90538,175298,212,Low
12/31/2010,7 Series,2010,Asia,Red,Diesel,Automatic,2.6,105911,70614,936,Low
12/31/2011,X6,2011,South America,White,Hybrid,Automatic,1.5,55084,72341,1866,Low
12/31/2015,5 Series,2015,South America,Blue,Diesel,Automatic,4.9,50875,92372,4099,Low
12/31/2021,M5,2021,Asia,Black,Hybrid,Automatic,1.6,136307,125385,2534,Low
12/31/2019,3 Series,2019,Asia,Grey,Petrol,Automatic,2,83679,69370,11383,High
12/31/2020,i8,2020,North America,Grey,Diesel,Manual,3,84479,152972,90,Low
12/31/2014,3 Series,2014,Middle East,White,Electric,Manual,3.2,178995,53822,6942,High
12/31/2020,7 Series,2020,Africa,Silver,Petrol,Automatic,4.4,81667,130480,411,Low
12/31/2011,3 Series,2011,Europe,Silver,Hybrid,Automatic,3.1,143586,44153,7903,High
12/31/2017,M3,2017,Africa,Silver,Petrol,Automatic,3.4,112784,80943,1303,Low
12/31/2018,X3,2018,South America,Grey,Electric,Automatic,2.2,49193,95863,5426,High
12/31/2016,X1,2016,North America,Grey,Diesel,Manual,3.5,149732,46829,8120,High
12/31/2021,i8,2021,Europe,Black,Petrol,Automatic,2.7,116411,147877,249,Low
12/31/2023,X5,2023,Europe,Black,Diesel,Manual,1.8,51097,103247,6045,High
12/31/2024,5 Series,2024,Africa,Grey,Diesel,Manual,4.8,130479,104057,4201,Low
12/31/2024,5 Series,2024,Asia,Black,Electric,Automatic,1.8,175679,96999,8737,High
12/31/2021,i8,2021,South America,Red,Electric,Manual,3.9,65680,176428,50,Low
12/31/2018,M5,2018,Africa,Red,Diesel,Manual,4.7,178529,112035,686,Low
12/31/2013,X6,2013,Asia,Grey,Petrol,Manual,2.1,180976,54366,4181,Low
12/31/2022,X6,2022,North America,White,Petrol,Manual,2.3,93383,107536,4492,Low
12/31/2016,X1,2016,North America,Grey,Electric,Automatic,3,106440,70527,6882,High
12/31/2014,M3,2014,Europe,Red,Electric,Automatic,2.5,121734,82231,2395,Low
12/31/2014,3 Series,2014,South America,Black,Hybrid,Manual,4.2,7295,88357,4694,Low
12/31/2012,M5,2012,Africa,Grey,Hybrid,Automatic,2.7,120371,91042,50,Low
12/31/2018,X1,2018,North America,Blue,Electric,Automatic,5,135399,85787,8731,High
12/31/2022,3 Series,2022,North America,Blue,Petrol,Automatic,4.5,179087,85954,10042,High
12/31/2019,5 Series,2019,Asia,Grey,Electric,Automatic,4.6,162033,102011,7388,High
12/31/2014,X3,2014,Middle East,Grey,Electric,Manual,1.7,159987,53029,6268,High
12/31/2015,3 Series,2015,South America,Silver,Diesel,Manual,2.1,21191,61187,6199,High
12/31/2012,5 Series,2012,North America,Black,Electric,Manual,2.1,110165,61437,6376,High
12/31/2019,X1,2019,North America,Black,Diesel,Automatic,3.9,35705,84382,6923,High
12/31/2016,i8,2016,North America,Blue,Petrol,Automatic,1.5,199863,104725,242,Low
12/31/2018,3 Series,2018,Africa,Red,Hybrid,Automatic,4.3,29466,100550,4565,Low
12/31/2018,X1,2018,Europe,Grey,Hybrid,Manual,3.4,9233,94979,7861,High
12/31/2023,i8,2023,North America,Blue,Hybrid,Manual,3.5,106575,176474,632,Low
12/31/2024,M5,2024,Asia,Black,Hybrid,Automatic,3.4,2930,172858,2451,Low
12/31/2022,5 Series,2022,South America,Blue,Diesel,Automatic,3.4,177557,84279,4877,Low
12/31/2019,X3,2019,South America,Grey,Hybrid,Automatic,2.2,171961,70332,6713,High
12/31/2023,i8,2023,South America,Silver,Hybrid,Automatic,2.5,15104,182533,224,Low
12/31/2019,X6,2019,North America,Blue,Diesel,Manual,3.2,99757,100259,3818,Low
12/31/2014,5 Series,2014,Africa,Blue,Electric,Manual,3.9,122709,75783,3183,Low
12/31/2016,i8,2016,South America,White,Diesel,Manual,2.5,197146,104083,50,Low
12/31/2022,i3,2022,Europe,Black,Diesel,Manual,4.3,120677,84411,5345,High
12/31/2021,X6,2021,Asia,Blue,Diesel,Automatic,4.3,25259,129316,4359,Low
12/31/2021,3 Series,2021,Africa,Black,Hybrid,Automatic,2.5,38877,94351,5936,High
12/31/2022,i3,2022,North America,Black,Electric,Manual,3.5,97277,100897,5809,High
12/31/2012,3 Series,2012,North America,Red,Diesel,Automatic,2.7,12370,57413,7773,High
12/31/2015,i3,2015,South America,Grey,Hybrid,Manual,2.2,70688,65078,2957,Low
12/31/2021,i8,2021,Asia,White,Hybrid,Manual,4.3,4789,191238,213,Low
12/31/2017,X1,2017,Middle East,Black,Diesel,Automatic,5,30872,86368,5586,High
12/31/2022,X1,2022,North America,Silver,Electric,Automatic,3.5,71685,101290,8514,High
12/31/2017,i3,2017,Europe,Grey,Petrol,Manual,4.7,32175,92123,4965,Low
12/31/2011,X3,2011,South America,White,Electric,Automatic,3.7,51966,74093,3680,Low
12/31/2015,M5,2015,Africa,Blue,Hybrid,Manual,3.5,45148,119815,55,Low
12/31/2016,X3,2016,Asia,Black,Electric,Automatic,3.2,32270,95659,8429,High
12/31/2021,M3,2021,Europe,Red,Diesel,Automatic,2.3,74187,105500,3196,Low
12/31/2016,X3,2016,Middle East,Blue,Hybrid,Manual,1.8,60346,77394,5293,High
12/31/2012,X1,2012,North America,Grey,Petrol,Manual,3,24869,49696,7274,High
12/31/2023,i8,2023,Middle East,Blue,Electric,Manual,3.5,71054,179822,358,Low
12/31/2023,X6,2023,Africa,Grey,Hybrid,Automatic,3.3,171121,107526,3095,Low
12/31/2018,X5,2018,South America,Grey,Diesel,Manual,3.9,157084,77548,3892,Low
12/31/2011,i3,2011,Middle East,Blue,Diesel,Automatic,2.2,20463,51564,2922,Low
12/31/2020,X6,2020,North America,Silver,Electric,Automatic,2.7,152394,105831,4922,Low
12/31/2012,7 Series,2012,Asia,White,Electric,Automatic,3,105469,100846,689,Low
12/31/2024,5 Series,2024,Middle East,Silver,Petrol,Automatic,2.2,123535,104701,5115,High
12/31/2020,i8,2020,Asia,Silver,Hybrid,Manual,4.7,194464,144660,821,Low
12/31/2011,M5,2011,North America,Red,Hybrid,Manual,3.9,10934,189913,50,Low
12/31/2020,5 Series,2020,Asia,Black,Hybrid,Automatic,1.8,53080,101206,8219,High
12/31/2018,M3,2018,South America,Black,Hybrid,Manual,4,37425,111530,361,Low
12/31/2013,i3,2013,Africa,Black,Diesel,Automatic,3.4,177697,35109,2892,Low
12/31/2011,X5,2011,Africa,Black,Petrol,Automatic,3.3,5823,77882,1890,Low
12/31/2012,X5,2012,Middle East,Black,Hybrid,Automatic,5,130662,84912,3359,Low
12/31/2022,3 Series,2022,Middle East,Grey,Electric,Automatic,3.7,93552,114670,8059,High
12/31/2013,3 Series,2013,North America,White,Petrol,Automatic,4.6,167910,48311,8213,High
12/31/2024,i3,2024,South America,White,Petrol,Automatic,4.7,96130,104249,4009,Low
12/31/2023,X6,2023,Africa,Black,Hybrid,Manual,1.9,137181,109490,2804,Low
12/31/2019,X5,2019,North America,Black,Diesel,Automatic,1.5,127062,78097,6505,High
12/31/2022,M5,2022,Middle East,Grey,Diesel,Automatic,3,182237,128045,1505,Low
12/31/2015,i8,2015,Asia,Blue,Electric,Manual,4.2,112907,152304,50,Low
12/31/2014,X3,2014,Middle East,Grey,Electric,Automatic,4.4,118333,85207,4629,Low
12/31/2012,5 Series,2012,Africa,Red,Electric,Automatic,4.3,114604,76052,2615,Low
12/31/2019,M5,2019,Africa,Silver,Diesel,Automatic,3.1,91109,119928,591,Low
12/31/2017,M3,2017,Middle East,Black,Hybrid,Manual,4.1,11799,115683,1617,Low
12/31/2017,i8,2017,Asia,Black,Hybrid,Manual,4,12567,158730,50,Low
12/31/2016,X5,2016,Middle East,Silver,Hybrid,Automatic,2.6,30429,100165,3600,Low
12/31/2012,7 Series,2012,South America,Red,Electric,Automatic,2.1,114896,90255,50,Low
12/31/2023,i8,2023,Middle East,Silver,Diesel,Automatic,3.7,31715,180488,50,Low
12/31/2024,X3,2024,Asia,Red,Diesel,Manual,3.9,34993,117521,9218,High
12/31/2010,X5,2010,North America,White,Electric,Manual,3.5,10839,86528,5033,High
12/31/2014,X3,2014,Asia,Blue,Electric,Automatic,2.2,41311,78301,7773,High
12/31/2010,7 Series,2010,Europe,Blue,Electric,Manual,2.5,106455,85986,496,Low
12/31/2015,5 Series,2015,Asia,Red,Petrol,Manual,4,54466,82559,7556,High
12/31/2020,i3,2020,Middle East,Red,Petrol,Automatic,4.9,96764,91343,3519,Low
12/31/2016,7 Series,2016,Asia,White,Hybrid,Manual,4.8,37235,132166,692,Low
12/31/2024,5 Series,2024,Asia,Silver,Diesel,Automatic,3.3,8876,129294,7181,High
12/31/2024,X5,2024,Middle East,Red,Petrol,Automatic,4.6,146368,125384,4472,Low
12/31/2021,i3,2021,Asia,Blue,Diesel,Manual,1.6,89364,73138,5901,High
12/31/2014,i8,2014,South America,Grey,Diesel,Automatic,4.5,138635,120740,50,Low
12/31/2013,X6,2013,North America,Black,Hybrid,Manual,3.2,144119,78271,3476,Low
12/31/2011,X1,2011,North America,Grey,Petrol,Automatic,4.2,2147,60112,7546,High
12/31/2014,X1,2014,South America,Black,Diesel,Automatic,1.5,121195,28995,4854,Low
12/31/2018,X3,2018,Africa,Blue,Diesel,Manual,4.5,44626,90391,4041,Low
12/31/2013,X1,2013,Middle East,Silver,Petrol,Manual,3.6,2450,64817,4451,Low
12/31/2023,X5,2023,Africa,Red,Petrol,Automatic,2.3,1380,119213,3233,Low
12/31/2011,M3,2011,Asia,Red,Petrol,Automatic,2.7,102657,58936,2450,Low
12/31/2022,3 Series,2022,Asia,Black,Hybrid,Automatic,2.2,13088,103443,11986,High
12/31/2024,X1,2024,Africa,Blue,Diesel,Manual,3,181668,70758,5666,High
12/31/2015,5 Series,2015,Europe,Black,Electric,Manual,2.7,179487,69015,7064,High
12/31/2017,5 Series,2017,Europe,Red,Hybrid,Automatic,3.4,5375,108086,6629,High
12/31/2011,5 Series,2011,Africa,Black,Diesel,Automatic,4.4,128464,55715,2779,Low
12/31/2018,i8,2018,Europe,Grey,Hybrid,Automatic,4.9,43421,170191,50,Low
12/31/2016,i3,2016,South America,Grey,Electric,Automatic,2.4,44301,85098,2295,Low
12/31/2023,X6,2023,Europe,Grey,Diesel,Automatic,1.9,108323,106570,4917,Low
12/31/2022,3 Series,2022,Asia,Silver,Diesel,Manual,2.9,64844,92829,8981,High
12/31/2011,X3,2011,Africa,Silver,Electric,Manual,2,123193,45168,3510,Low
12/31/2020,3 Series,2020,Europe,Blue,Hybrid,Manual,4.4,183759,84505,10375,High
12/31/2014,X3,2014,Asia,Silver,Hybrid,Manual,3.3,50524,77576,9488,High
12/31/2014,5 Series,2014,Asia,Grey,Diesel,Manual,3.7,75607,72212,6585,High
12/31/2016,M3,2016,South America,Silver,Diesel,Manual,2,186001,50955,2273,Low
12/31/2022,M5,2022,South America,Blue,Electric,Automatic,4.1,134023,146441,1504,Low
12/31/2024,X1,2024,North America,Blue,Hybrid,Automatic,4.9,92612,110113,9116,High
12/31/2014,i3,2014,Asia,Black,Petrol,Manual,3.2,126978,50239,5407,High
12/31/2020,5 Series,2020,Europe,Black,Diesel,Manual,4.9,93765,101182,6588,High
12/31/2023,3 Series,2023,South America,Silver,Diesel,Automatic,1.6,83052,83980,5823,High
12/31/2015,3 Series,2015,Middle East,Blue,Petrol,Manual,1.6,39038,61317,6973,High
12/31/2023,i3,2023,North America,Blue,Electric,Manual,4.9,143120,115649,6425,High
12/31/2018,7 Series,2018,Asia,Black,Electric,Manual,4,166456,117535,2036,Low
12/31/2012,X1,2012,Asia,White,Electric,Manual,2.2,116212,44421,6684,High
12/31/2012,X5,2012,Middle East,White,Electric,Automatic,2.8,104533,77926,3088,Low
12/31/2017,3 Series,2017,South America,Grey,Electric,Automatic,3.3,20840,94089,5933,High
12/31/2019,X6,2019,Middle East,Silver,Diesel,Manual,4,124129,96183,3166,Low
12/31/2021,5 Series,2021,Asia,White,Diesel,Manual,4.4,58038,104085,6480,High
12/31/2015,7 Series,2015,Asia,White,Petrol,Manual,1.8,88261,94153,1375,Low
12/31/2021,X3,2021,Middle East,Black,Diesel,Manual,3.8,169642,76166,7323,High
12/31/2019,i3,2019,Asia,Silver,Hybrid,Manual,3.2,7995,104932,4809,Low
12/31/2012,X5,2012,Middle East,Blue,Diesel,Automatic,3.6,23258,78664,3657,Low
12/31/2011,X3,2011,Middle East,Black,Petrol,Automatic,3.3,127408,45149,4937,Low
12/31/2022,M3,2022,North America,White,Petrol,Automatic,3.1,131405,101533,2886,Low
12/31/2011,M5,2011,South America,White,Electric,Manual,2.2,190618,79934,260,Low
12/31/2011,X1,2011,Europe,White,Diesel,Automatic,3.2,69712,38796,6748,High
12/31/2024,X3,2024,Asia,Red,Electric,Manual,2.2,34252,114020,10367,High
12/31/2014,X3,2014,Middle East,Grey,Petrol,Manual,1.7,119989,47117,6475,High
12/31/2024,3 Series,2024,Europe,Red,Diesel,Automatic,2.8,127615,88714,9268,High
12/31/2021,3 Series,2021,Asia,Blue,Diesel,Automatic,1.6,49384,80604,9335,High
12/31/2014,X1,2014,North America,Silver,Petrol,Automatic,3.5,114580,51001,7982,High
12/31/2010,7 Series,2010,Africa,Red,Electric,Manual,1.8,116802,77771,50,Low
12/31/2011,X1,2011,Middle East,White,Diesel,Automatic,3,107881,32726,5414,High
12/31/2011,7 Series,2011,Middle East,Red,Petrol,Automatic,4.9,155243,90675,50,Low
12/31/2024,i3,2024,Asia,White,Diesel,Manual,1.5,107578,81225,5434,High
12/31/2013,M5,2013,Europe,White,Petrol,Manual,2.8,55680,99716,975,Low
12/31/2016,7 Series,2016,North America,Red,Petrol,Automatic,3.9,20749,124310,865,Low
12/31/2012,i8,2012,Asia,Silver,Hybrid,Automatic,2.1,75133,119722,50,Low
12/31/2014,M3,2014,North America,Grey,Diesel,Manual,3.5,23079,92944,2150,Low
12/31/2020,M3,2020,Asia,Blue,Hybrid,Manual,2.4,11241,120408,3398,Low
12/31/2018,X1,2018,North America,Red,Petrol,Manual,2.3,40712,72379,8640,High
12/31/2014,X5,2014,North America,Silver,Hybrid,Automatic,4.6,197444,77740,4933,Low
12/31/2018,5 Series,2018,Europe,Silver,Diesel,Automatic,2.2,166591,64963,6074,High
12/31/2010,7 Series,2010,Europe,Black,Hybrid,Automatic,2.8,90427,86022,420,Low
12/31/2018,X6,2018,North America,Silver,Electric,Manual,2.1,173600,90138,4973,Low
12/31/2023,X3,2023,Africa,Red,Diesel,Manual,2.5,161483,72339,5961,High
12/31/2014,M5,2014,South America,Silver,Hybrid,Manual,2.5,94003,108098,289,Low
12/31/2017,X5,2017,Asia,Red,Hybrid,Automatic,2.6,167014,78579,6978,High
12/31/2014,X6,2014,Middle East,White,Hybrid,Automatic,3.7,24394,109122,1795,Low
12/31/2023,i8,2023,Middle East,Black,Electric,Manual,4.1,28943,200000,50,Low
12/31/2021,3 Series,2021,Asia,Silver,Electric,Manual,3.3,77570,100319,10758,High
12/31/2015,X6,2015,Asia,Silver,Diesel,Manual,3.6,27396,94224,4267,Low
12/31/2017,M3,2017,Middle East,Black,Diesel,Manual,4.3,4327,115312,1428,Low
12/31/2011,3 Series,2011,Europe,White,Electric,Manual,5,94141,67233,8281,High
12/31/2012,X3,2012,South America,White,Petrol,Manual,3.1,143479,39198,4587,Low
12/31/2020,3 Series,2020,Europe,Red,Diesel,Manual,4.8,191343,70088,10173,High
12/31/2018,i3,2018,Europe,Red,Electric,Manual,3.2,140682,76009,4638,Low
12/31/2014,M3,2014,Asia,Red,Hybrid,Automatic,4.2,62932,99967,2468,Low
12/31/2014,M5,2014,Asia,Blue,Hybrid,Automatic,3.5,120699,115525,1042,Low
12/31/2018,X5,2018,Asia,White,Hybrid,Automatic,4.6,177770,100318,7378,High
12/31/2019,5 Series,2019,North America,Silver,Hybrid,Automatic,3.1,119825,94741,7625,High
12/31/2012,7 Series,2012,Europe,White,Hybrid,Automatic,3.9,193066,83567,174,Low
12/31/2023,X3,2023,North America,Grey,Electric,Manual,3.1,166630,101895,8903,High
12/31/2013,M5,2013,Africa,Blue,Diesel,Manual,4.5,168753,84988,281,Low
12/31/2016,X6,2016,Europe,Silver,Electric,Automatic,5,144869,103369,3654,Low
12/31/2011,i3,2011,Africa,Grey,Diesel,Automatic,2.4,139431,26609,2048,Low
12/31/2017,X5,2017,Middle East,Red,Diesel,Manual,3.2,166348,69545,4689,Low
12/31/2014,5 Series,2014,Africa,Grey,Hybrid,Manual,1.8,49570,70337,3550,Low
12/31/2024,i8,2024,Europe,Silver,Hybrid,Manual,2,58808,167189,1022,Low
12/31/2010,M5,2010,South America,Blue,Petrol,Automatic,4.8,181943,79824,99,Low
12/31/2012,X6,2012,South America,Black,Diesel,Manual,3.4,40022,78517,1534,Low
12/31/2024,X6,2024,Africa,Blue,Electric,Manual,2.9,170119,115029,2937,Low
12/31/2018,i8,2018,North America,Grey,Hybrid,Automatic,3.9,109582,154715,251,Low
12/31/2014,i3,2014,Middle East,Silver,Hybrid,Automatic,3.5,112930,26985,3485,Low
12/31/2017,i8,2017,Asia,Blue,Electric,Automatic,2.5,92747,142091,50,Low
12/31/2010,i3,2010,Africa,Silver,Electric,Automatic,2.3,32648,54742,1712,Low
12/31/2023,X5,2023,Europe,Black,Electric,Automatic,3.6,85414,128893,5685,High
12/31/2016,7 Series,2016,Asia,Silver,Diesel,Manual,2.2,197984,72899,1668,Low
12/31/2016,X1,2016,Africa,Red,Petrol,Manual,2,143291,35931,4559,Low
12/31/2017,M3,2017,Middle East,Grey,Petrol,Manual,2.6,130525,79515,1857,Low
12/31/2012,X3,2012,South America,Black,Hybrid,Manual,4.5,46250,77484,4769,Low
12/31/2010,i3,2010,Europe,Red,Hybrid,Automatic,1.6,29758,51508,3602,Low
12/31/2020,M3,2020,Asia,Red,Hybrid,Automatic,4.4,116393,118924,3835,Low
12/31/2024,M3,2024,North America,Blue,Petrol,Automatic,3.7,80033,127585,2811,Low
12/31/2018,X5,2018,Africa,Black,Petrol,Manual,1.6,63869,81298,2991,Low
12/31/2010,M3,2010,North America,Red,Petrol,Manual,3.6,116368,59369,2294,Low
12/31/2020,5 Series,2020,South America,White,Hybrid,Automatic,3,91456,105805,4514,Low
12/31/2015,7 Series,2015,Africa,Grey,Diesel,Automatic,4.4,162677,90368,251,Low
12/31/2018,M3,2018,Africa,White,Diesel,Automatic,4.7,114530,92994,1264,Low
12/31/2023,M5,2023,Middle East,White,Petrol,Manual,2.5,70841,147536,1118,Low
12/31/2011,i3,2011,South America,Red,Diesel,Automatic,4.2,95113,45043,2286,Low
12/31/2013,5 Series,2013,Africa,White,Diesel,Automatic,2.6,60128,64328,3477,Low
12/31/2011,7 Series,2011,Africa,White,Petrol,Automatic,2.5,45005,86257,50,Low
12/31/2013,5 Series,2013,North America,Grey,Electric,Manual,2.2,134901,61074,5614,High
12/31/2011,7 Series,2011,Africa,White,Electric,Manual,3.9,81413,97530,50,Low
12/31/2021,7 Series,2021,Middle East,Black,Diesel,Manual,2.4,105265,121975,1046,Low
12/31/2010,i3,2010,North America,White,Diesel,Manual,3.1,171283,25000,4029,Low
12/31/2020,X1,2020,Middle East,White,Hybrid,Manual,4.3,15259,62546,6507,High
12/31/2012,i3,2012,North America,Blue,Hybrid,Manual,4.3,42612,71090,4218,Low
12/31/2017,X1,2017,Middle East,Blue,Hybrid,Automatic,4.5,153701,74217,4478,Low
12/31/2014,X1,2014,North America,White,Petrol,Manual,2.1,109813,37526,8033,High
12/31/2013,M5,2013,Europe,Blue,Diesel,Manual,3.6,87999,98114,1229,Low
12/31/2014,5 Series,2014,Africa,Black,Diesel,Manual,4.7,55437,75871,3615,Low
12/31/2015,7 Series,2015,Asia,Black,Diesel,Automatic,1.6,3652,109357,860,Low
12/31/2015,M5,2015,Asia,Black,Electric,Automatic,4.3,192238,115456,1258,Low
12/31/2014,X5,2014,South America,Black,Petrol,Manual,2.4,194404,46147,3907,Low
12/31/2021,5 Series,2021,Middle East,Silver,Electric,Automatic,3.8,182349,102854,5685,High
12/31/2020,i3,2020,South America,Black,Petrol,Manual,4,122614,80662,3821,Low
12/31/2021,M3,2021,South America,Silver,Petrol,Manual,4.7,34809,119477,1670,Low
12/31/2015,X1,2015,Africa,Grey,Petrol,Manual,3.3,171233,36910,3965,Low
12/31/2018,M5,2018,Asia,White,Electric,Automatic,4.5,189648,125762,2255,Low
12/31/2014,M3,2014,Europe,Black,Diesel,Automatic,1.7,180261,50028,2758,Low
12/31/2022,X6,2022,Europe,Red,Electric,Manual,3,73054,134722,5096,High
12/31/2015,7 Series,2015,Africa,Silver,Diesel,Manual,3,112800,89917,300,Low
12/31/2013,X6,2013,North America,White,Hybrid,Manual,3.4,68083,91719,3462,Low
12/31/2022,X5,2022,North America,Blue,Petrol,Automatic,3.2,61493,114155,6541,High
12/31/2012,M5,2012,North America,White,Hybrid,Manual,4.9,153147,108497,842,Low
12/31/2022,X5,2022,South America,Black,Electric,Automatic,1.8,190190,91090,4392,Low
12/31/2021,X6,2021,Africa,White,Electric,Automatic,2.4,191875,98035,2774,Low
12/31/2015,7 Series,2015,Asia,Red,Hybrid,Manual,4.9,130613,111592,1014,Low
12/31/2020,i3,2020,Europe,Black,Electric,Manual,3.1,44772,96680,6127,High
12/31/2020,X6,2020,Europe,Blue,Electric,Automatic,3.5,113812,124259,3836,Low
12/31/2014,X5,2014,Middle East,White,Diesel,Automatic,1.8,169240,49364,4172,Low
12/31/2013,X1,2013,Europe,Red,Diesel,Manual,2.5,67890,39945,7953,High
12/31/2014,X5,2014,Europe,Black,Diesel,Automatic,1.6,169614,47123,5192,High
12/31/2016,X6,2016,South America,Red,Petrol,Automatic,2,158961,64099,2846,Low
12/31/2010,M5,2010,Asia,Silver,Diesel,Automatic,3.7,140030,78449,1247,Low
12/31/2023,7 Series,2023,Africa,White,Electric,Automatic,4.2,35260,155197,1094,Low
12/31/2024,X6,2024,Asia,Grey,Hybrid,Automatic,4.5,183136,131891,5890,High
12/31/2010,X3,2010,Asia,Grey,Petrol,Automatic,2.4,25620,50346,7044,High
12/31/2020,i3,2020,North America,Blue,Diesel,Manual,2.7,114410,71509,5957,High
12/31/2022,X5,2022,Africa,Silver,Diesel,Manual,3.5,125310,94443,4064,Low
12/31/2010,X6,2010,South America,Grey,Electric,Manual,1.8,124843,56737,2027,Low
12/31/2011,M5,2011,Africa,Blue,Electric,Automatic,4.3,65752,109441,50,Low
12/31/2018,X6,2018,Africa,Silver,Petrol,Manual,3.2,23586,100486,2030,Low
12/31/2022,7 Series,2022,North America,Blue,Diesel,Automatic,4.9,69910,60855,2401,Low
12/31/2014,i3,2014,Asia,Red,Diesel,Manual,1.9,141295,34387,5581,High
12/31/2023,X6,2023,South America,White,Hybrid,Automatic,2,8175,128897,2917,Low
12/31/2018,M3,2018,Middle East,Silver,Electric,Manual,2.7,89142,109875,2050,Low
12/31/2022,X1,2022,Asia,Blue,Petrol,Automatic,2.2,196500,60871,8526,High
12/31/2014,X3,2014,Middle East,White,Hybrid,Automatic,3.9,39063,87966,5422,High
12/31/2024,X3,2024,Asia,Grey,Diesel,Automatic,4.8,198972,93172,10563,High
12/31/2023,X3,2023,Middle East,Red,Petrol,Automatic,1.8,143993,86502,7398,High
12/31/2016,5 Series,2016,South America,Grey,Diesel,Automatic,2.3,166616,55717,3823,Low
12/31/2023,i3,2023,Africa,Silver,Petrol,Manual,2.3,101957,83805,3293,Low
12/31/2023,M3,2023,South America,Blue,Hybrid,Automatic,3.3,48372,133322,2094,Low
12/31/2024,i3,2024,Africa,Grey,Hybrid,Manual,3.1,177150,89291,3882,Low
12/31/2015,X5,2015,Middle East,White,Petrol,Manual,4,135779,73171,4375,Low
12/31/2011,M5,2011,Asia,Red,Petrol,Automatic,4.1,191165,83360,1011,Low
12/31/2012,7 Series,2012,South America,Black,Hybrid,Manual,3.5,84193,100317,50,Low
12/31/2014,i8,2014,Middle East,Black,Petrol,Automatic,3.6,149351,123384,50,Low
12/31/2013,3 Series,2013,Middle East,Blue,Electric,Manual,4.4,91151,78213,6002,High
12/31/2023,7 Series,2023,North America,White,Diesel,Manual,2.9,173040,117836,1942,Low
12/31/2020,M5,2020,South America,White,Electric,Automatic,1.5,181396,113161,1533,Low
12/31/2015,5 Series,2015,Europe,Red,Diesel,Automatic,2.2,100994,61729,6588,High
12/31/2017,M5,2017,Africa,Red,Hybrid,Automatic,1.6,73325,118199,360,Low
12/31/2017,M3,2017,Europe,Silver,Electric,Automatic,2.9,160070,94014,2680,Low
12/31/2012,5 Series,2012,Middle East,Black,Petrol,Manual,2.8,97047,54725,4762,Low
12/31/2013,3 Series,2013,Africa,Red,Petrol,Automatic,1.8,50665,49917,4149,Low
12/31/2010,X5,2010,Asia,Blue,Hybrid,Manual,4.1,197240,53693,5652,High
12/31/2011,i3,2011,North America,Black,Hybrid,Automatic,3.4,91539,55165,4857,Low
12/31/2022,X3,2022,North America,Blue,Hybrid,Automatic,2.3,133537,87898,8686,High
12/31/2018,M3,2018,Middle East,Silver,Petrol,Manual,4.2,102573,102419,1797,Low
12/31/2024,M5,2024,North America,Black,Hybrid,Manual,3.8,123847,162284,2645,Low
12/31/2021,X5,2021,North America,Blue,Diesel,Manual,2.2,93912,92035,7082,High
12/31/2019,i8,2019,South America,Red,Diesel,Automatic,4.9,84083,147898,50,Low
12/31/2019,i8,2019,Europe,White,Hybrid,Manual,2.1,76709,147257,458,Low
12/31/2011,5 Series,2011,North America,Blue,Hybrid,Automatic,4.2,172187,58513,6927,High
12/31/2021,X5,2021,South America,Red,Petrol,Automatic,4.9,154428,98568,4347,Low
12/31/2015,i8,2015,North America,Blue,Petrol,Automatic,4,99480,139910,50,Low
12/31/2023,X6,2023,Middle East,Silver,Petrol,Automatic,3.8,56011,132580,3098,Low
12/31/2016,X5,2016,South America,Blue,Electric,Automatic,4.7,73718,110720,2719,Low
12/31/2015,i8,2015,South America,Black,Electric,Automatic,2.4,31441,139194,50,Low
12/31/2017,3 Series,2017,North America,Black,Hybrid,Automatic,2.5,140704,70151,10617,High
12/31/2018,M5,2018,Asia,Silver,Petrol,Manual,3.7,41254,129556,1335,Low
12/31/2017,M3,2017,North America,Grey,Electric,Manual,4.6,149899,104999,2566,Low
12/31/2014,i3,2014,Asia,Blue,Electric,Manual,3.7,151757,64671,5315,High
12/31/2017,X5,2017,Africa,White,Electric,Automatic,4.9,80787,114266,2203,Low
12/31/2019,X1,2019,South America,Blue,Diesel,Automatic,2.3,129384,55421,5714,High
12/31/2024,M5,2024,North America,White,Petrol,Manual,4.4,89329,151195,1933,Low
12/31/2024,i8,2024,North America,Black,Electric,Manual,4.7,71569,192894,602,Low
12/31/2019,X3,2019,South America,White,Hybrid,Manual,3,169161,73174,5431,High
12/31/2018,X5,2018,South America,Black,Petrol,Manual,4.9,103184,92793,3694,Low
12/31/2023,5 Series,2023,Europe,Grey,Hybrid,Automatic,2.2,178052,89934,8273,High
12/31/2017,i3,2017,Europe,Black,Diesel,Manual,4.8,84031,78874,4583,Low
12/31/2011,X5,2011,Middle East,Grey,Diesel,Manual,4.7,185755,52512,462,Low
12/31/2011,3 Series,2011,Middle East,Black,Diesel,Manual,1.7,41444,61567,6367,High
12/31/2021,3 Series,2021,South America,White,Diesel,Manual,3.3,38612,38005,6553,High
12/31/2012,M5,2012,Asia,Blue,Hybrid,Automatic,3.4,65318,119069,782,Low
12/31/2016,X5,2016,South America,Grey,Electric,Automatic,1.7,150634,75851,3033,Low
12/31/2018,3 Series,2018,Europe,White,Hybrid,Automatic,1.6,29950,84993,9610,High
12/31/2017,M3,2017,North America,Black,Electric,Automatic,1.5,81868,98846,2637,Low
12/31/2018,M3,2018,North America,Black,Hybrid,Automatic,3.3,70895,104808,3013,Low
12/31/2015,X6,2015,Europe,Blue,Diesel,Automatic,3.1,195692,65704,4125,Low
12/31/2010,X6,2010,North America,Silver,Petrol,Manual,4.8,118760,70587,3462,Low
12/31/2023,7 Series,2023,Middle East,Black,Electric,Automatic,2.7,15857,158791,1433,Low
12/31/2021,X3,2021,Africa,Red,Hybrid,Automatic,3.8,65020,56461,5958,High
12/31/2013,X5,2013,North America,White,Electric,Manual,1.5,171697,55240,1270,Low
12/31/2022,M5,2022,Middle East,Red,Diesel,Manual,3.8,103780,136818,1146,Low
12/31/2015,X1,2015,Africa,White,Petrol,Automatic,4.7,10069,76935,3908,Low
12/31/2024,M5,2024,South America,Silver,Petrol,Manual,2.7,10724,150176,1280,Low
12/31/2021,M5,2021,South America,Silver,Diesel,Manual,2.6,186634,99757,1659,Low
12/31/2015,i8,2015,Europe,Red,Diesel,Manual,3.7,194520,111084,50,Low
12/31/2024,5 Series,2024,South America,Silver,Electric,Automatic,2.6,51865,129974,4297,Low
12/31/2017,X3,2017,Europe,Black,Electric,Automatic,2.9,34569,94750,7242,High
12/31/2024,i3,2024,South America,Red,Electric,Automatic,2.5,21933,125247,4243,Low
12/31/2010,i8,2010,Asia,Silver,Hybrid,Automatic,2.7,180050,133601,50,Low
12/31/2022,5 Series,2022,Africa,Black,Hybrid,Automatic,3.9,73874,120923,4413,Low
12/31/2020,5 Series,2020,South America,Red,Diesel,Automatic,4.7,187043,87022,832,Low
12/31/2011,M5,2011,North America,White,Diesel,Manual,3.5,75508,96129,866,Low
12/31/2011,3 Series,2011,Africa,White,Electric,Automatic,1.5,99447,41932,5306,High
12/31/2022,M3,2022,Europe,Blue,Electric,Automatic,2.4,106769,113529,3552,Low
12/31/2015,X1,2015,Asia,Silver,Hybrid,Automatic,4.8,130567,70389,7860,High
12/31/2023,7 Series,2023,North America,White,Petrol,Automatic,4.7,171268,130566,1993,Low
12/31/2023,X3,2023,Europe,Blue,Petrol,Automatic,1.9,192583,74920,8480,High
12/31/2020,M5,2020,South America,Red,Petrol,Manual,4.7,77085,139157,638,Low
12/31/2016,i3,2016,Middle East,Grey,Petrol,Manual,4.9,97543,75286,3201,Low
12/31/2011,i3,2011,Africa,Grey,Diesel,Manual,2.6,28835,45500,1979,Low
12/31/2014,X6,2014,North America,Grey,Petrol,Automatic,4,162889,73017,4358,Low
12/31/2015,i3,2015,Middle East,Blue,Petrol,Manual,3.5,116378,61480,3525,Low
12/31/2013,M5,2013,North America,White,Diesel,Automatic,2.7,190194,80905,1337,Low
12/31/2010,X5,2010,Europe,Red,Diesel,Automatic,2,135804,39734,5501,High
12/31/2012,M5,2012,Africa,Blue,Electric,Automatic,2.8,360,119291,50,Low
12/31/2023,5 Series,2023,Europe,Black,Hybrid,Automatic,4.7,188174,114718,7041,High
12/31/2019,X3,2019,Europe,Black,Diesel,Automatic,4.3,123219,81434,8952,High
12/31/2018,i3,2018,South America,Red,Electric,Manual,2.7,141521,73063,3559,Low
12/31/2022,5 Series,2022,Europe,Black,Electric,Automatic,3.4,181750,99196,7835,High
12/31/2015,i8,2015,Europe,Silver,Electric,Automatic,2.9,88358,138591,50,Low
12/31/2011,X5,2011,South America,Blue,Electric,Automatic,3.1,107893,72514,2660,Low
12/31/2018,X3,2018,Europe,Blue,Electric,Automatic,4.2,32203,114770,8399,High
12/31/2013,M5,2013,South America,Grey,Hybrid,Automatic,3.4,66541,108647,119,Low
12/31/2020,7 Series,2020,South America,White,Petrol,Manual,2.1,76074,115833,769,Low
12/31/2022,X5,2022,Asia,Grey,Diesel,Manual,2.4,173424,87551,7251,High
12/31/2017,X6,2017,Africa,Red,Diesel,Manual,3.5,178850,73757,2056,Low
12/31/2019,M5,2019,North America,Red,Diesel,Manual,3.9,124466,117088,1618,Low
12/31/2016,i8,2016,Africa,Silver,Petrol,Manual,3.3,8997,140819,50,Low
12/31/2021,i8,2021,Europe,Blue,Diesel,Manual,3.7,149594,139346,376,Low
12/31/2020,i8,2020,Africa,Silver,Petrol,Automatic,4.3,94279,152303,50,Low
12/31/2012,5 Series,2012,Middle East,White,Hybrid,Automatic,3.4,137634,63639,4055,Low
12/31/2024,X3,2024,North America,Black,Hybrid,Automatic,4.9,179891,109937,9612,High
12/31/2017,3 Series,2017,Asia,Silver,Hybrid,Automatic,2.3,40031,79118,10487,High
12/31/2013,X5,2013,North America,White,Electric,Manual,4.7,189448,102838,5459,High
12/31/2011,X3,2011,North America,White,Hybrid,Automatic,2.4,33451,62842,7729,High
12/31/2020,M5,2020,Africa,Grey,Petrol,Manual,3.4,114695,116768,960,Low
12/31/2014,X1,2014,Middle East,Grey,Hybrid,Manual,3.1,42567,65633,4284,Low
12/31/2010,M5,2010,Europe,Black,Hybrid,Automatic,2.8,29824,50102,1419,Low
12/31/2022,X3,2022,Africa,White,Hybrid,Manual,4.9,165912,100114,5901,High
12/31/2017,5 Series,2017,Europe,Blue,Electric,Manual,2.5,8095,102676,5475,High
12/31/2023,X6,2023,Asia,Red,Electric,Automatic,3.9,195517,117969,4982,Low
12/31/2017,X6,2017,North America,Red,Diesel,Manual,4.3,101897,97096,4408,Low
12/31/2012,M5,2012,North America,Grey,Petrol,Manual,2.2,84847,93972,1220,Low
12/31/2010,5 Series,2010,Middle East,Silver,Electric,Manual,4.9,147171,72554,3565,Low
12/31/2013,i3,2013,Asia,Blue,Electric,Automatic,3.4,40405,76604,4862,Low
12/31/2018,3 Series,2018,Africa,White,Hybrid,Manual,4.7,159632,79621,5987,High
12/31/2018,5 Series,2018,Europe,Grey,Hybrid,Automatic,3.8,86908,104989,5981,High
12/31/2024,M5,2024,South America,White,Hybrid,Manual,3.8,40842,161073,1521,Low
12/31/2010,7 Series,2010,Africa,Silver,Hybrid,Manual,2.7,13742,97849,50,Low
12/31/2020,M3,2020,Middle East,Grey,Hybrid,Manual,4.2,99055,114967,2357,Low
12/31/2024,M3,2024,North America,Red,Hybrid,Automatic,1.6,75048,122345,4047,Low
12/31/2016,5 Series,2016,North America,Grey,Petrol,Manual,3.4,99727,78014,6024,High
12/31/2015,M3,2015,Europe,Black,Petrol,Automatic,1.6,183448,51777,2521,Low
12/31/2023,M3,2023,Europe,Black,Diesel,Automatic,2.6,101917,109611,3138,Low
12/31/2016,X1,2016,Asia,Silver,Petrol,Automatic,1.8,22475,62175,7772,High
12/31/2016,M3,2016,Middle East,White,Hybrid,Automatic,4.7,23278,118806,1130,Low
12/31/2017,7 Series,2017,Middle East,Silver,Diesel,Manual,3.7,86460,117294,460,Low
12/31/2017,3 Series,2017,North America,White,Petrol,Manual,3.8,55344,75200,8589,High
12/31/2019,X1,2019,Middle East,Red,Hybrid,Automatic,4.5,122713,83494,5360,High
12/31/2023,X5,2023,Middle East,Silver,Electric,Manual,4.1,94681,130573,4009,Low
12/31/2020,X1,2020,South America,Blue,Hybrid,Automatic,1.9,68939,75955,4932,Low
12/31/2011,i8,2011,Europe,Blue,Electric,Manual,3.7,100649,132858,50,Low
12/31/2021,i3,2021,Africa,Red,Diesel,Manual,4.9,135230,82857,3250,Low
12/31/2021,X3,2021,North America,Silver,Electric,Manual,2.2,118110,90554,8551,High
12/31/2021,X6,2021,North America,Blue,Hybrid,Manual,3.7,15897,137763,4137,Low
12/31/2013,i8,2013,Middle East,Silver,Petrol,Manual,3.5,71077,136526,50,Low
12/31/2013,3 Series,2013,Africa,Grey,Electric,Automatic,2.9,126405,57181,4663,Low
12/31/2022,i8,2022,Middle East,Silver,Petrol,Manual,4.8,152064,170715,50,Low
12/31/2024,M3,2024,Middle East,Grey,Hybrid,Automatic,2.7,78401,135650,2374,Low
12/31/2020,M5,2020,Africa,Silver,Petrol,Manual,1.8,116058,105934,979,Low
12/31/2019,i8,2019,South America,Blue,Petrol,Manual,4.9,43953,166125,50,Low
12/31/2021,M5,2021,Asia,Grey,Electric,Manual,4.1,44809,68668,3283,Low
12/31/2022,i3,2022,South America,Grey,Hybrid,Automatic,2.7,64968,98333,810,Low
12/31/2017,7 Series,2017,Asia,White,Electric,Automatic,2.5,195891,106920,1171,Low
12/31/2023,i8,2023,Asia,White,Hybrid,Manual,4.7,158218,163859,1021,Low
12/31/2022,X5,2022,Middle East,Silver,Electric,Automatic,2.5,86531,127177,4176,Low
12/31/2022,5 Series,2022,North America,Grey,Diesel,Manual,3.4,75135,107607,6479,High
12/31/2012,X6,2012,Middle East,White,Petrol,Automatic,2.3,118630,67112,2123,Low
12/31/2021,5 Series,2021,Africa,White,Electric,Automatic,5,107866,122511,4487,Low
12/31/2022,M3,2022,South America,Grey,Diesel,Automatic,4.2,142736,101958,2069,Low
12/31/2024,M3,2024,North America,Red,Diesel,Automatic,3.5,196872,106467,3846,Low
12/31/2022,X3,2022,Africa,Blue,Petrol,Automatic,4.1,109166,94907,5061,High
12/31/2021,i8,2021,Europe,Blue,Electric,Manual,4.7,143877,165559,540,Low
12/31/2012,M3,2012,Middle East,Blue,Petrol,Manual,4.9,104156,82202,221,Low
12/31/2022,3 Series,2022,Asia,Black,Electric,Manual,4.3,161732,95724,9906,High
12/31/2011,i8,2011,South America,Black,Electric,Automatic,4.5,176116,118239,50,Low
12/31/2010,X5,2010,Africa,White,Hybrid,Automatic,2.9,15094,75223,2244,Low
12/31/2017,X5,2017,Africa,Black,Electric,Automatic,2.9,193297,78631,2709,Low
12/31/2023,M5,2023,Middle East,White,Petrol,Manual,4.3,123917,149954,1113,Low
12/31/2018,X1,2018,Europe,Red,Petrol,Manual,4.2,56715,81518,6411,High
12/31/2018,i8,2018,Middle East,Black,Diesel,Manual,4.7,122951,148755,50,Low
12/31/2020,i8,2020,Middle East,Blue,Diesel,Automatic,2,104773,141401,50,Low
12/31/2017,7 Series,2017,North America,Black,Electric,Automatic,3.9,184251,114332,1041,Low
12/31/2014,X5,2014,Asia,Black,Electric,Manual,3.8,158163,79986,5554,High
12/31/2010,X1,2010,North America,Grey,Petrol,Manual,4.3,187862,25000,7674,High
12/31/2018,i3,2018,Middle East,Silver,Hybrid,Manual,1.6,52470,81207,3577,Low
12/31/2015,X1,2015,Africa,Silver,Petrol,Automatic,4.4,68432,68468,3699,Low
12/31/2021,7 Series,2021,South America,Silver,Petrol,Manual,2.6,184372,98962,1213,Low
12/31/2024,5 Series,2024,Africa,White,Petrol,Manual,3.9,24438,128636,3877,Low
12/31/2016,3 Series,2016,South America,Silver,Petrol,Manual,3.7,187981,47837,5520,High
12/31/2017,X3,2017,Europe,Blue,Hybrid,Automatic,3,176001,64300,9571,High
12/31/2022,X6,2022,Africa,Blue,Hybrid,Automatic,4.1,132076,126183,2496,Low
12/31/2014,M3,2014,North America,Silver,Hybrid,Manual,4.9,190986,76828,2335,Low
12/31/2015,M5,2015,Africa,Grey,Hybrid,Automatic,2.6,105014,112665,156,Low
12/31/2021,X5,2021,Africa,White,Diesel,Manual,4.1,3168,115827,2812,Low
12/31/2022,i3,2022,South America,Grey,Electric,Manual,2.6,160140,83102,4184,Low
12/31/2016,i8,2016,Europe,Silver,Hybrid,Manual,4.5,62106,149574,50,Low
12/31/2016,i3,2016,North America,Red,Diesel,Manual,3,31677,69825,5334,High
12/31/2011,7 Series,2011,North America,Silver,Diesel,Manual,3.1,35339,94102,492,Low
12/31/2023,X3,2023,North America,Grey,Petrol,Automatic,4.2,77796,108117,9078,High
12/31/2020,M3,2020,Europe,Blue,Hybrid,Automatic,3.2,181950,91632,4011,Low
12/31/2021,7 Series,2021,North America,White,Hybrid,Manual,2.4,52206,142923,1666,Low
12/31/2023,3 Series,2023,South America,Grey,Petrol,Automatic,5,34434,121763,5767,High
12/31/2010,X5,2010,South America,White,Hybrid,Automatic,3.7,41731,75565,2890,Low
12/31/2017,i3,2017,North America,Red,Electric,Manual,3.8,21774,95949,4495,Low
12/31/2014,X6,2014,Africa,Silver,Petrol,Manual,3.8,40155,84891,1622,Low
12/31/2019,M5,2019,Europe,Blue,Petrol,Automatic,4.6,115246,134952,1301,Low
12/31/2024,7 Series,2024,Middle East,Red,Petrol,Manual,2.1,65175,140117,1137,Low
12/31/2011,5 Series,2011,North America,Blue,Electric,Manual,1.7,67525,64157,6257,High
12/31/2012,X1,2012,North America,Grey,Hybrid,Automatic,2.9,163530,37353,6919,High
12/31/2015,i3,2015,Africa,Red,Diesel,Automatic,3.5,98524,59775,2273,Low
12/31/2019,X1,2019,Middle East,Red,Petrol,Manual,2.5,99727,61977,5622,High
12/31/2015,X6,2015,Asia,Silver,Petrol,Automatic,3.9,126284,83726,3888,Low
12/31/2017,X1,2017,North America,Grey,Petrol,Automatic,1.8,65482,60846,8146,High
12/31/2014,7 Series,2014,Europe,Blue,Electric,Manual,4.3,91361,119212,471,Low
12/31/2014,M5,2014,North America,Silver,Petrol,Automatic,4,156241,99515,1210,Low
12/31/2016,i3,2016,Middle East,White,Electric,Automatic,2.2,94776,77607,3206,Low
12/31/2019,X1,2019,South America,Grey,Diesel,Automatic,2.5,199208,42525,5145,High
12/31/2022,i3,2022,Middle East,White,Electric,Automatic,4.3,186798,52379,4693,Low
12/31/2023,i3,2023,South America,Black,Petrol,Manual,4.2,98534,100227,9769,High
12/31/2024,i3,2024,Africa,Silver,Hybrid,Automatic,4.3,110781,106890,3770,Low
12/31/2014,M3,2014,North America,Blue,Electric,Automatic,2.6,10397,107861,1959,Low
12/31/2024,i3,2024,South America,Red,Petrol,Manual,4.9,26126,114354,3814,Low
12/31/2018,X1,2018,North America,White,Diesel,Automatic,4,54515,78555,8139,High
12/31/2015,X1,2015,Middle East,Blue,Electric,Manual,1.7,110609,56580,5729,High
12/31/2016,7 Series,2016,Middle East,Silver,Diesel,Manual,3.2,23452,122852,248,Low
12/31/2021,3 Series,2021,Europe,Blue,Electric,Automatic,3.8,89401,101527,10588,High
12/31/2017,M5,2017,South America,Black,Diesel,Manual,2.1,49884,113506,543,Low
12/31/2022,M5,2022,Middle East,Silver,Petrol,Automatic,4.7,12380,161782,814,Low
12/31/2014,X6,2014,South America,Red,Hybrid,Manual,4.1,180139,78923,2359,Low
12/31/2023,X6,2023,Africa,White,Hybrid,Automatic,1.8,104005,108643,3467,Low
12/31/2020,X3,2020,North America,Blue,Diesel,Manual,4.7,138981,86679,8887,High
12/31/2013,i3,2013,North America,Red,Electric,Manual,2.9,165503,49002,5275,High
12/31/2024,X1,2024,Middle East,Blue,Hybrid,Automatic,3.1,29015,112144,6705,High
12/31/2021,i3,2021,Europe,Red,Petrol,Automatic,4.2,35332,107250,5136,High
12/31/2024,3 Series,2024,North America,Red,Petrol,Manual,3.8,127976,95560,10986,High
12/31/2017,5 Series,2017,Asia,White,Petrol,Automatic,3,179199,67776,8060,High
12/31/2021,i3,2021,South America,Grey,Electric,Manual,2.4,3530,109309,3495,Low
12/31/2019,X3,2019,Europe,Black,Diesel,Manual,3.3,27202,85475,7809,High
12/31/2018,X3,2018,Middle East,White,Petrol,Automatic,3.5,30172,92205,6514,High
12/31/2010,M5,2010,South America,Red,Hybrid,Manual,3.7,190174,75755,162,Low
12/31/2012,i8,2012,Middle East,Black,Petrol,Manual,3.6,197895,101567,50,Low
12/31/2021,M3,2021,South America,White,Hybrid,Manual,3.7,123009,109485,2037,Low
12/31/2013,3 Series,2013,South America,Grey,Electric,Automatic,3.2,4700,84522,5074,High
12/31/2022,X1,2022,Africa,Grey,Petrol,Automatic,3.5,150457,72489,5348,High
12/31/2016,M5,2016,Asia,Black,Electric,Automatic,2.5,86052,121454,1227,Low
12/31/2015,M3,2015,North America,Blue,Electric,Automatic,2.1,122920,85389,2528,Low
12/31/2019,3 Series,2019,South America,White,Diesel,Automatic,3.6,158151,67072,7115,High
12/31/2019,3 Series,2019,Africa,White,Diesel,Automatic,1.7,9251,77110,6067,High
12/31/2020,X6,2020,South America,White,Petrol,Automatic,1.7,85197,98186,2645,Low
12/31/2010,X1,2010,Asia,White,Petrol,Automatic,2.4,189515,25000,6886,High
12/31/2013,i8,2013,South America,White,Electric,Automatic,2.2,56182,135606,50,Low
12/31/2015,X1,2015,Middle East,Silver,Electric,Manual,2.8,4698,78603,4100,Low
12/31/2012,X6,2012,Middle East,White,Diesel,Automatic,2.8,2834,85014,1932,Low
12/31/2024,M5,2024,North America,Red,Diesel,Automatic,1.9,31474,142258,2384,Low
12/31/2011,i3,2011,Europe,Blue,Petrol,Manual,2.4,37196,44407,3979,Low
12/31/2011,M5,2011,Asia,Silver,Petrol,Manual,1.5,52124,125867,469,Low
12/31/2019,i8,2019,Asia,Black,Diesel,Automatic,2.7,40946,156033,50,Low
12/31/2021,3 Series,2021,Asia,Grey,Electric,Automatic,4.3,45319,116942,8913,High
12/31/2021,5 Series,2021,Middle East,Black,Diesel,Automatic,2.4,4284,114665,4211,Low
12/31/2013,7 Series,2013,Europe,Silver,Hybrid,Automatic,3.8,148151,92926,688,Low
12/31/2022,X6,2022,North America,White,Petrol,Manual,1.8,123001,102948,4412,Low
12/31/2010,3 Series,2010,South America,Silver,Diesel,Manual,1.5,58317,27988,6177,High
12/31/2024,3 Series,2024,Middle East,Silver,Diesel,Automatic,3.2,53894,103737,6257,High
12/31/2019,M3,2019,Middle East,Black,Hybrid,Manual,3.1,95683,110426,2519,Low
12/31/2011,3 Series,2011,Europe,White,Hybrid,Manual,2.2,117360,39219,9500,High
12/31/2022,X6,2022,North America,Silver,Hybrid,Manual,2.5,3988,137803,5071,High
12/31/2019,7 Series,2019,Europe,Grey,Electric,Automatic,1.6,31276,130720,1734,Low
12/31/2024,X6,2024,North America,Grey,Petrol,Manual,4.3,6795,200000,3845,Low
12/31/2011,M5,2011,South America,Red,Electric,Manual,2.6,167302,83114,207,Low
12/31/2013,7 Series,2013,Middle East,Silver,Electric,Automatic,2.3,165794,94032,207,Low
12/31/2013,i8,2013,Asia,Blue,Diesel,Automatic,4.3,113546,121129,50,Low
12/31/2010,M3,2010,North America,Red,Diesel,Automatic,1.6,30436,59163,6511,High
12/31/2016,7 Series,2016,South America,Grey,Petrol,Manual,2.5,39465,105935,350,Low
12/31/2016,M5,2016,South America,Black,Hybrid,Manual,2.4,94209,108254,533,Low
12/31/2019,5 Series,2019,Asia,Black,Petrol,Automatic,2.4,165813,69805,6780,High
12/31/2020,7 Series,2020,Middle East,Silver,Hybrid,Manual,1.5,43362,126651,1168,Low
12/31/2019,X6,2019,South America,White,Hybrid,Automatic,4.8,188389,106738,2869,Low
12/31/2019,X5,2019,Africa,White,Electric,Automatic,4.5,199759,95688,3382,Low
12/31/2010,5 Series,2010,Middle East,Silver,Diesel,Manual,3,16050,64694,3457,Low
12/31/2020,M5,2020,Europe,Silver,Diesel,Automatic,3.1,137503,117056,1935,Low
12/31/2017,M3,2017,Asia,Grey,Hybrid,Automatic,3.3,161011,86738,2992,Low
12/31/2019,M3,2019,Africa,Red,Electric,Manual,3.2,76489,112498,1975,Low
12/31/2023,3 Series,2023,South America,Black,Diesel,Automatic,4.2,16395,110092,6811,High
12/31/2023,7 Series,2023,Asia,Blue,Petrol,Manual,3.2,135534,120898,1942,Low
12/31/2016,i3,2016,Asia,Grey,Petrol,Manual,2.2,193478,38032,5639,High
12/31/2016,i8,2016,South America,Red,Electric,Automatic,1.9,20780,150235,50,Low
12/31/2020,X3,2020,North America,White,Petrol,Automatic,4.7,43488,105168,8886,High
12/31/2015,X5,2015,Asia,Blue,Petrol,Automatic,1.7,151656,59816,7083,High
12/31/2021,i8,2021,Middle East,Red,Electric,Manual,4.6,24544,185798,50,Low
12/31/2013,i3,2013,Africa,Grey,Petrol,Automatic,3.9,36421,63755,2038,Low
12/31/2020,X3,2020,North America,Silver,Diesel,Manual,2.9,193709,59898,8557,High
12/31/2017,X6,2017,North America,Blue,Electric,Automatic,2.2,92447,107420,4403,Low
12/31/2011,3 Series,2011,Europe,Black,Petrol,Manual,2.6,161699,25394,8164,High
12/31/2016,i3,2016,North America,Blue,Electric,Manual,3.4,71298,87020,5109,High
12/31/2012,i8,2012,North America,Red,Electric,Automatic,3.8,60452,138975,50,Low
12/31/2023,7 Series,2023,South America,Red,Diesel,Manual,3.9,19053,152585,704,Low
12/31/2012,i3,2012,Africa,Red,Hybrid,Manual,3.1,30031,60799,2104,Low
12/31/2023,X5,2023,Africa,Blue,Electric,Manual,2.8,111875,119347,3508,Low
12/31/2016,X5,2016,Middle East,Black,Petrol,Automatic,4.2,103420,89632,4207,Low
12/31/2021,7 Series,2021,Middle East,Grey,Electric,Manual,4.7,130807,148149,1122,Low
12/31/2012,i3,2012,North America,Black,Diesel,Manual,4.7,79786,57681,3859,Low
12/31/2024,i8,2024,North America,Red,Hybrid,Automatic,3.4,168017,68834,2503,Low
12/31/2024,X3,2024,Africa,Blue,Petrol,Manual,1.8,52010,98551,5411,High
12/31/2014,5 Series,2014,South America,Grey,Hybrid,Automatic,1.8,51170,77495,4106,Low
12/31/2017,X3,2017,South America,Red,Hybrid,Manual,2.9,169793,62226,5334,High
12/31/2023,i3,2023,North America,Blue,Hybrid,Automatic,4.1,139309,106892,6332,High
12/31/2022,X6,2022,Middle East,Silver,Petrol,Manual,3.2,183938,99881,2827,Low
12/31/2013,X5,2013,Europe,Blue,Hybrid,Manual,3.7,132002,73856,5895,High
12/31/2016,M5,2016,South America,Grey,Hybrid,Automatic,4.5,144887,121634,325,Low
12/31/2016,i3,2016,Africa,Grey,Hybrid,Manual,1.6,96654,58404,2729,Low
12/31/2011,M5,2011,Middle East,White,Electric,Manual,4.7,87410,123852,50,Low
12/31/2023,i3,2023,South America,Grey,Electric,Manual,2.7,108278,93508,3752,Low
12/31/2017,X3,2017,Europe,White,Diesel,Manual,1.7,196855,38079,7569,High
12/31/2019,3 Series,2019,Asia,Grey,Electric,Manual,4.4,45903,106005,10768,High
12/31/2021,X5,2021,North America,Red,Electric,Automatic,4.8,157003,115794,6491,High
12/31/2019,X5,2019,Asia,Silver,Electric,Automatic,4.2,141252,110604,7116,High
12/31/2024,5 Series,2024,Africa,Grey,Hybrid,Automatic,4.3,181962,113802,4331,Low
12/31/2023,7 Series,2023,South America,Grey,Hybrid,Automatic,4.5,173701,137911,1418,Low
12/31/2018,M3,2018,South America,Red,Petrol,Manual,3.3,100091,89615,1629,Low
12/31/2015,X1,2015,Middle East,White,Hybrid,Automatic,3.9,35981,84236,5270,High
12/31/2023,i3,2023,Europe,White,Electric,Manual,2.5,165359,87302,5249,High
12/31/2014,X1,2014,Middle East,Blue,Diesel,Manual,2.4,89558,43944,5227,High
12/31/2010,X3,2010,Africa,Silver,Petrol,Automatic,3.6,155881,33654,4133,Low
12/31/2010,X1,2010,Africa,Black,Petrol,Automatic,4.1,55043,44353,3636,Low
12/31/2018,M5,2018,Middle East,Black,Petrol,Manual,2.9,90482,175435,50,Low
12/31/2023,3 Series,2023,Europe,Silver,Electric,Automatic,2.9,105862,104881,9100,High
12/31/2013,3 Series,2013,Asia,Blue,Petrol,Manual,4.8,181954,45737,10601,High
12/31/2010,i3,2010,Asia,Silver,Diesel,Automatic,3.3,8834,54428,4826,Low
12/31/2020,i3,2020,South America,Black,Petrol,Manual,5,16415,102925,3449,Low
12/31/2019,3 Series,2019,South America,Red,Electric,Automatic,4.5,61123,104731,5529,High
12/31/2021,i8,2021,Europe,Blue,Hybrid,Automatic,3.7,91626,169785,406,Low
12/31/2012,i3,2012,South America,Grey,Electric,Automatic,1.5,149897,38118,3123,Low
12/31/2015,M3,2015,North America,Silver,Hybrid,Automatic,2.5,172798,76669,2950,Low
12/31/2023,i8,2023,South America,Red,Hybrid,Automatic,3,63889,166692,416,Low
12/31/2020,X1,2020,Europe,White,Hybrid,Automatic,3.8,94685,90863,9017,High
12/31/2022,X6,2022,Middle East,White,Hybrid,Manual,2.9,27122,134375,3269,Low
12/31/2022,X3,2022,Africa,Silver,Diesel,Manual,4.4,177179,83646,5339,High
12/31/2020,i8,2020,Africa,Blue,Electric,Manual,3.8,12970,179882,50,Low
12/31/2017,X5,2017,North America,White,Hybrid,Manual,2.7,48591,104737,5670,High
12/31/2022,7 Series,2022,Middle East,Silver,Petrol,Manual,4.2,56691,150897,628,Low
12/31/2019,X6,2019,Africa,Silver,Diesel,Automatic,2.6,104349,86090,2130,Low
12/31/2011,i8,2011,South America,White,Electric,Manual,1.7,62846,118969,50,Low
12/31/2017,X5,2017,Europe,Grey,Electric,Manual,2.1,132520,82991,5912,High
12/31/2023,M3,2023,Asia,White,Hybrid,Manual,1.5,118182,104897,4391,Low
12/31/2022,5 Series,2022,Europe,Blue,Petrol,Manual,4.4,126436,105888,7738,High
12/31/2010,X1,2010,South America,Grey,Diesel,Automatic,3.7,57417,40655,3911,Low
12/31/2020,i8,2020,Europe,Grey,Diesel,Automatic,3.5,80024,153692,50,Low
12/31/2011,X1,2011,North America,Silver,Electric,Manual,3.8,76682,56639,6215,High
12/31/2017,M5,2017,Africa,Black,Diesel,Manual,3.8,74619,114568,387,Low
12/31/2016,3 Series,2016,South America,Red,Electric,Automatic,3.5,156374,67736,6521,High
12/31/2014,X6,2014,Middle East,Silver,Diesel,Manual,4.4,94613,84664,2253,Low
12/31/2024,5 Series,2024,North America,Silver,Diesel,Manual,3,29843,114093,6589,High
12/31/2022,M3,2022,Europe,Blue,Hybrid,Manual,4.3,182788,114268,3594,Low
12/31/2019,i3,2019,Middle East,Red,Diesel,Automatic,4.3,142334,73159,3959,Low
12/31/2011,M5,2011,North America,Silver,Petrol,Manual,2.2,5072,97118,887,Low
12/31/2018,M3,2018,Asia,Silver,Hybrid,Automatic,3.1,195473,88122,3822,Low
12/31/2014,M3,2014,Africa,Grey,Petrol,Manual,4.4,61774,87395,913,Low
12/31/2017,X5,2017,Africa,Grey,Hybrid,Manual,4.4,166237,84037,2963,Low
12/31/2022,M3,2022,Asia,Black,Petrol,Manual,1.6,28363,105849,3223,Low
12/31/2013,X1,2013,Middle East,Red,Petrol,Manual,2.3,118145,36498,5815,High
12/31/2023,5 Series,2023,Europe,Black,Hybrid,Manual,3,164070,98227,8452,High
12/31/2018,7 Series,2018,North America,Blue,Hybrid,Manual,1.7,1410,131704,1408,Low
12/31/2019,X1,2019,Middle East,Grey,Diesel,Manual,2.4,15659,74994,4902,Low
12/31/2016,X1,2016,Africa,White,Petrol,Manual,2.4,30029,58552,3911,Low
12/31/2011,X6,2011,South America,Blue,Petrol,Automatic,2.3,34851,70762,1592,Low
12/31/2012,X5,2012,Middle East,Blue,Electric,Manual,2.9,164856,64847,3201,Low
12/31/2023,X6,2023,Africa,Blue,Electric,Automatic,4.3,113060,128989,2655,Low
12/31/2011,X3,2011,South America,Silver,Petrol,Manual,2.4,45042,44900,4954,Low
12/31/2014,i8,2014,North America,Grey,Diesel,Automatic,3.5,177558,113770,50,Low
12/31/2011,M5,2011,Middle East,White,Hybrid,Manual,3.5,83380,111534,50,Low
12/31/2014,X6,2014,Asia,Black,Hybrid,Manual,4.4,126030,94404,4191,Low
12/31/2022,X6,2022,Europe,Red,Petrol,Automatic,2.9,91581,118832,3661,Low
12/31/2018,X3,2018,Middle East,Black,Electric,Manual,2.3,155384,74793,6179,High
12/31/2011,M3,2011,Middle East,Black,Hybrid,Manual,4.6,26681,99506,816,Low
12/31/2018,X6,2018,Asia,Silver,Hybrid,Manual,4.4,175648,102943,4697,Low
12/31/2016,M3,2016,Middle East,Red,Petrol,Manual,3.7,31288,97511,1682,Low
12/31/2016,M5,2016,South America,Grey,Electric,Automatic,1.8,143536,104936,612,Low
12/31/2023,X5,2023,North America,Red,Electric,Manual,1.6,72011,116050,6196,High
12/31/2014,i3,2014,Africa,Grey,Hybrid,Automatic,2.1,188594,40799,2492,Low
12/31/2017,i3,2017,South America,White,Hybrid,Automatic,2.2,162967,59497,3126,Low
12/31/2016,X6,2016,Africa,White,Hybrid,Automatic,2,186182,74117,1810,Low
12/31/2015,X3,2015,Africa,Blue,Diesel,Manual,2.4,106387,48227,4971,Low
12/31/2011,M3,2011,Middle East,White,Petrol,Manual,2.7,168156,50278,1489,Low
12/31/2015,3 Series,2015,North America,Blue,Petrol,Automatic,4.1,197751,47964,8797,High
12/31/2023,7 Series,2023,Asia,Silver,Electric,Automatic,4,37035,164160,1665,Low
12/31/2011,M5,2011,Europe,Blue,Electric,Manual,1.9,144693,85299,894,Low
12/31/2010,7 Series,2010,Africa,Blue,Diesel,Manual,4.9,108806,78066,50,Low
12/31/2018,7 Series,2018,Europe,Grey,Petrol,Automatic,4.1,2308,143375,878,Low
12/31/2022,M5,2022,South America,Grey,Hybrid,Automatic,2.1,35555,154122,1144,Low
12/31/2014,i3,2014,Asia,White,Diesel,Automatic,1.9,186848,29857,5084,High
12/31/2019,X6,2019,North America,White,Diesel,Manual,1.8,45686,102379,4621,Low
12/31/2019,5 Series,2019,North America,White,Electric,Automatic,4.1,130739,109304,6162,High
12/31/2013,X3,2013,North America,Silver,Petrol,Automatic,2.3,133452,45803,9081,High
12/31/2021,X1,2021,South America,Grey,Electric,Automatic,1.8,31391,92038,4623,Low
12/31/2020,X3,2020,Africa,Silver,Diesel,Manual,3,1508,97671,4022,Low
12/31/2017,X6,2017,Asia,Blue,Hybrid,Manual,4,102170,107560,3474,Low
12/31/2024,X5,2024,North America,Black,Petrol,Automatic,2.6,83633,117795,5797,High
12/31/2014,X6,2014,Middle East,Black,Diesel,Manual,3.2,99265,78052,2098,Low
12/31/2023,7 Series,2023,Europe,Blue,Hybrid,Automatic,2.2,74616,138243,2167,Low
12/31/2016,M3,2016,North America,Blue,Petrol,Manual,3,199589,65730,3284,Low
12/31/2012,7 Series,2012,Africa,Silver,Petrol,Automatic,2.8,166334,67343,164,Low
12/31/2024,7 Series,2024,Asia,White,Petrol,Manual,3,15517,148347,1687,Low
12/31/2017,5 Series,2017,North America,Black,Hybrid,Manual,3.1,96813,84397,7668,High
12/31/2017,M5,2017,South America,Silver,Electric,Automatic,1.8,131525,117012,572,Low
12/31/2012,i8,2012,South America,Black,Electric,Automatic,1.8,134706,112798,50,Low
12/31/2018,X1,2018,Asia,Black,Electric,Manual,2.4,35130,84459,8283,High
12/31/2023,3 Series,2023,Europe,Blue,Petrol,Manual,1.9,40250,89150,9086,High
12/31/2017,i3,2017,Middle East,White,Diesel,Manual,2.4,195633,42107,3836,Low
12/31/2010,7 Series,2010,Europe,Blue,Diesel,Manual,1.6,59135,68164,685,Low
12/31/2017,M3,2017,South America,White,Electric,Manual,2.7,93007,91647,1335,Low
12/31/2021,i3,2021,Africa,Silver,Electric,Automatic,2.2,89283,87431,3395,Low
12/31/2020,M3,2020,North America,Red,Petrol,Automatic,4.6,87803,109655,3343,Low
12/31/2024,3 Series,2024,Africa,Red,Diesel,Manual,4.5,191155,81311,6336,High
12/31/2013,X5,2013,Asia,Black,Diesel,Automatic,2.6,74230,65031,6217,High
12/31/2015,M5,2015,North America,Blue,Diesel,Manual,3.2,181055,92431,1620,Low
12/31/2023,5 Series,2023,Africa,White,Petrol,Automatic,4.8,103047,113860,4019,Low
12/31/2022,X6,2022,North America,Black,Electric,Manual,3.3,27481,138807,4992,Low
12/31/2019,X6,2019,South America,Blue,Hybrid,Automatic,4.5,174216,100764,3051,Low
12/31/2018,3 Series,2018,South America,Blue,Hybrid,Manual,4.4,48376,97699,5766,High
12/31/2014,M3,2014,Middle East,White,Electric,Manual,4.8,73995,106338,945,Low
12/31/2016,3 Series,2016,Middle East,Blue,Diesel,Manual,2.6,147547,48790,7684,High
12/31/2022,X1,2022,South America,Silver,Electric,Automatic,1.7,132804,78054,6579,High
12/31/2024,i3,2024,Europe,Grey,Hybrid,Automatic,1.9,51436,104713,6686,High
12/31/2010,i3,2010,South America,White,Electric,Automatic,3.5,7119,67746,2176,Low
12/31/2018,i8,2018,Europe,White,Hybrid,Automatic,3.4,100725,153201,277,Low
12/31/2023,5 Series,2023,Asia,Silver,Diesel,Automatic,2.5,106770,95522,8538,High
12/31/2015,X5,2015,Asia,Silver,Hybrid,Automatic,2.4,80470,84065,5397,High
12/31/2020,X6,2020,Europe,Red,Diesel,Automatic,4,180743,93947,3848,Low
12/31/2013,7 Series,2013,Africa,Grey,Diesel,Automatic,2.7,140901,73010,281,Low
12/31/2015,i8,2015,Asia,Black,Electric,Manual,3.6,189457,127256,50,Low
12/31/2014,i8,2014,Africa,Black,Petrol,Automatic,4,96793,123326,50,Low
12/31/2012,5 Series,2012,Middle East,Black,Hybrid,Manual,3,166954,56834,3705,Low
12/31/2016,5 Series,2016,Middle East,Silver,Petrol,Automatic,2.2,197017,55428,5254,High
12/31/2012,7 Series,2012,Asia,Red,Petrol,Automatic,4.5,146920,87683,972,Low
12/31/2022,5 Series,2022,North America,Black,Petrol,Automatic,1.8,197645,77844,7345,High
12/31/2023,i8,2023,North America,Red,Diesel,Automatic,4.4,165756,164500,370,Low
12/31/2024,X3,2024,Middle East,White,Electric,Manual,4.4,113798,122356,6676,High
12/31/2022,X3,2022,North America,White,Electric,Automatic,3.5,152920,105188,9541,High
12/31/2011,M3,2011,Africa,Red,Diesel,Manual,3.7,1793,75766,523,Low
12/31/2023,X5,2023,North America,White,Hybrid,Manual,2.8,69829,126578,6963,High
12/31/2013,i8,2013,Europe,Blue,Diesel,Automatic,4.4,125111,116451,50,Low
12/31/2016,X3,2016,Asia,White,Electric,Manual,2.4,118777,68675,9343,High
12/31/2014,X3,2014,Middle East,Grey,Petrol,Automatic,3.5,42698,71323,5267,High
12/31/2023,X1,2023,North America,White,Petrol,Manual,1.5,102257,73815,8080,High
12/31/2018,3 Series,2018,South America,White,Petrol,Automatic,4.8,87046,87989,5985,High
12/31/2019,M5,2019,Asia,Blue,Petrol,Manual,4.8,1247,146025,1470,Low
12/31/2024,i3,2024,Europe,Silver,Diesel,Manual,4,188839,78200,5670,High
12/31/2016,i8,2016,Europe,Black,Hybrid,Manual,3,198554,119932,50,Low
12/31/2021,i3,2021,Africa,Grey,Diesel,Manual,2.1,22476,80252,2879,Low
12/31/2023,M5,2023,Asia,Blue,Hybrid,Manual,3.2,20620,170628,2432,Low
12/31/2018,X3,2018,North America,Blue,Petrol,Automatic,4.3,162167,73245,8912,High
12/31/2023,X1,2023,South America,Black,Diesel,Manual,3.6,23107,96497,5356,High
12/31/2018,X6,2018,Middle East,Grey,Petrol,Manual,3.3,17689,117144,2615,Low
12/31/2021,M5,2021,Europe,White,Hybrid,Automatic,4.5,174166,143708,1874,Low
12/31/2011,M5,2011,South America,Red,Hybrid,Manual,2.6,26387,104881,50,Low
12/31/2024,X1,2024,South America,Black,Electric,Manual,4.5,122205,108163,4796,Low
12/31/2010,M3,2010,South America,Grey,Hybrid,Manual,3,163800,50921,1169,Low
12/31/2020,X1,2020,North America,White,Hybrid,Manual,1.5,28856,85847,8693,High
12/31/2013,i3,2013,South America,White,Electric,Automatic,4.1,185242,53566,3049,Low
12/31/2013,X6,2013,Asia,Blue,Hybrid,Automatic,4.6,45759,104698,3284,Low
12/31/2022,M3,2022,Europe,Blue,Electric,Manual,3.2,169167,106642,4025,Low
12/31/2011,5 Series,2011,Africa,White,Electric,Manual,3.1,112131,64014,2837,Low
12/31/2012,5 Series,2012,Middle East,Grey,Petrol,Automatic,4.3,172232,58534,3859,Low
12/31/2012,X5,2012,Africa,White,Petrol,Manual,4.6,63302,78248,2240,Low
12/31/2014,7 Series,2014,South America,White,Electric,Automatic,4.9,168622,112742,50,Low
12/31/2010,M5,2010,Asia,Black,Petrol,Manual,2.7,22803,93072,937,Low
12/31/2018,i8,2018,Europe,Grey,Petrol,Automatic,3.6,141864,143002,50,Low
12/31/2017,X3,2017,Middle East,Grey,Electric,Manual,4.4,956,109693,5844,High
12/31/2017,M5,2017,Africa,White,Diesel,Automatic,3.4,156767,97642,662,Low
12/31/2012,X3,2012,Asia,Black,Petrol,Manual,3.1,190528,32600,8634,High
12/31/2011,5 Series,2011,South America,Grey,Diesel,Manual,3.5,165192,37387,3823,Low
12/31/2010,5 Series,2010,South America,Red,Petrol,Automatic,2.7,127271,42644,4050,Low
12/31/2021,7 Series,2021,South America,Red,Petrol,Automatic,2.2,156370,105440,1245,Low
12/31/2015,X6,2015,Africa,Silver,Hybrid,Automatic,1.7,2215,92776,1894,Low
12/31/2022,i8,2022,Asia,Blue,Electric,Manual,3.6,188001,200000,250,Low
12/31/2019,i8,2019,South America,Grey,Hybrid,Manual,2.8,189237,126563,460,Low
12/31/2010,M5,2010,Middle East,Silver,Electric,Manual,4.6,17889,124859,50,Low
12/31/2023,5 Series,2023,Middle East,Grey,Hybrid,Manual,2.3,85398,115481,6095,High
12/31/2020,M3,2020,Middle East,White,Diesel,Manual,2.6,186816,79164,2102,Low
12/31/2014,i3,2014,Europe,Black,Electric,Automatic,4.9,185763,68978,4313,Low
12/31/2018,5 Series,2018,Middle East,Silver,Electric,Manual,3.4,120534,96062,5025,High
12/31/2020,X3,2020,Asia,Silver,Electric,Automatic,2.7,182079,80060,9541,High
12/31/2018,X3,2018,Asia,Grey,Diesel,Manual,4.5,33116,96102,8946,High
12/31/2022,X3,2022,North America,Blue,Hybrid,Automatic,4.1,180910,95305,10729,High
12/31/2021,X3,2021,Middle East,White,Diesel,Automatic,3.5,124073,84334,6555,High
12/31/2024,i3,2024,Africa,White,Petrol,Automatic,4.6,141210,93241,3784,Low
12/31/2013,5 Series,2013,South America,White,Hybrid,Manual,1.8,98650,57025,3633,Low
12/31/2016,i8,2016,Asia,Blue,Petrol,Automatic,2.9,52886,134978,50,Low
12/31/2023,X1,2023,Europe,Grey,Hybrid,Automatic,4.3,97110,100260,7684,High
12/31/2020,i8,2020,Europe,Black,Petrol,Manual,2.9,78150,149529,229,Low
12/31/2016,i8,2016,Asia,Blue,Hybrid,Automatic,4.7,13652,169721,50,Low
12/31/2013,i8,2013,South America,Blue,Diesel,Automatic,2,140662,102147,50,Low
12/31/2014,X3,2014,Middle East,Blue,Diesel,Manual,2.7,151251,42307,5374,High
12/31/2020,i3,2020,Middle East,Black,Electric,Manual,3,191483,78005,4605,Low
12/31/2018,M5,2018,Asia,Silver,Diesel,Automatic,3.9,19831,135816,1340,Low
12/31/2016,5 Series,2016,South America,Blue,Electric,Automatic,2.2,56998,92473,3970,Low
12/31/2016,i8,2016,Europe,White,Hybrid,Manual,1.5,52661,130194,50,Low
12/31/2019,X1,2019,Europe,Black,Petrol,Manual,4.9,178731,66390,6650,High
12/31/2016,M3,2016,North America,Black,Diesel,Automatic,4.6,29381,101717,2314,Low
12/31/2024,M3,2024,Asia,Grey,Petrol,Automatic,2.6,180817,103669,3232,Low
12/31/2018,7 Series,2018,North America,Blue,Diesel,Manual,3.2,153989,96722,1526,Low
12/31/2014,M5,2014,Middle East,Blue,Diesel,Manual,3.2,178951,93528,606,Low
12/31/2015,3 Series,2015,South America,Blue,Diesel,Manual,4.5,66421,68058,5976,High
12/31/2012,X6,2012,North America,Black,Diesel,Automatic,3.6,82497,76053,3635,Low
12/31/2010,i3,2010,Middle East,Blue,Electric,Automatic,4.4,96551,67456,2293,Low
12/31/2020,5 Series,2020,Europe,Silver,Electric,Automatic,4.7,166765,104096,8040,High
12/31/2021,i3,2021,Europe,Black,Petrol,Automatic,3.5,36798,100183,5472,High
12/31/2011,X1,2011,Middle East,Silver,Hybrid,Automatic,2.5,43987,54533,4361,Low
12/31/2017,X1,2017,Middle East,Silver,Electric,Manual,3.2,92795,77965,5389,High
12/31/2022,X6,2022,Middle East,Grey,Hybrid,Manual,4.5,17577,142920,3531,Low
12/31/2010,X3,2010,Middle East,Blue,Hybrid,Automatic,3.5,158583,47162,4972,Low
12/31/2019,3 Series,2019,Africa,Silver,Electric,Manual,4.6,23756,108905,4877,Low
12/31/2016,X5,2016,Middle East,Blue,Diesel,Manual,4.6,71525,96946,3553,Low
12/31/2014,M5,2014,Africa,Blue,Diesel,Automatic,2.8,140743,83655,517,Low
12/31/2022,7 Series,2022,Asia,Blue,Diesel,Automatic,3.1,19033,145504,1666,Low
12/31/2015,i8,2015,Europe,Grey,Diesel,Manual,3.9,37320,143308,50,Low
12/31/2017,X5,2017,Europe,Black,Electric,Manual,1.9,38875,96909,5202,High
12/31/2013,M3,2013,Middle East,White,Hybrid,Manual,3.1,36486,97225,931,Low
12/31/2015,i8,2015,North America,Red,Petrol,Automatic,2,119808,119698,50,Low
12/31/2023,X6,2023,Africa,Silver,Diesel,Automatic,4.5,190560,102601,2696,Low
12/31/2020,3 Series,2020,Middle East,Black,Petrol,Manual,4.8,27660,107926,5891,High
12/31/2012,X3,2012,Europe,Silver,Diesel,Automatic,2,175073,27644,7787,High
12/31/2016,5 Series,2016,South America,Black,Diesel,Manual,3.8,19594,84276,4141,Low
12/31/2011,5 Series,2011,Asia,Red,Diesel,Manual,3.7,29166,69538,6645,High
12/31/2021,7 Series,2021,Asia,Black,Diesel,Manual,4.2,35055,146757,1505,Low
12/31/2017,i8,2017,Asia,Blue,Diesel,Automatic,3.9,143836,130007,50,Low
12/31/2022,X6,2022,Middle East,Black,Petrol,Automatic,2.3,87535,118346,3133,Low
12/31/2016,7 Series,2016,Asia,Red,Hybrid,Manual,2.5,156922,98892,1210,Low
12/31/2021,X6,2021,Africa,White,Petrol,Automatic,2.1,34778,109431,2083,Low
12/31/2021,M3,2021,North America,White,Petrol,Automatic,4.7,10456,132889,2946,Low
12/31/2017,X5,2017,North America,Black,Electric,Automatic,3.3,173678,87522,5982,High
12/31/2011,X3,2011,Africa,White,Electric,Automatic,4.9,92263,74549,4122,Low
12/31/2012,M5,2012,Asia,Red,Diesel,Manual,3.1,194098,75523,1253,Low
12/31/2021,5 Series,2021,Middle East,Black,Petrol,Automatic,3.4,182142,85327,4461,Low
12/31/2013,X3,2013,South America,Black,Hybrid,Automatic,4.3,175501,58470,4202,Low
12/31/2021,X6,2021,Africa,Blue,Diesel,Automatic,4.3,35853,118026,2472,Low
12/31/2018,X5,2018,Asia,White,Electric,Manual,2.3,141037,86052,6360,High
12/31/2021,X6,2021,South America,Red,Diesel,Automatic,2.5,199542,83357,3067,Low
12/31/2021,5 Series,2021,North America,Red,Hybrid,Manual,1.8,32680,110424,7167,High
12/31/2014,X1,2014,Asia,Silver,Electric,Manual,4.3,189591,52913,8540,High
12/31/2015,X1,2015,South America,Black,Electric,Automatic,4.3,129924,68875,4458,Low
12/31/2010,X5,2010,Africa,Black,Diesel,Automatic,1.8,152865,29872,2862,Low
12/31/2013,i8,2013,South America,White,Electric,Manual,2.4,155295,109089,50,Low
12/31/2023,X5,2023,Africa,Red,Diesel,Manual,3.1,118107,95624,3339,Low
12/31/2013,X3,2013,Africa,Black,Electric,Manual,3.4,159789,56459,4808,Low
12/31/2019,3 Series,2019,Europe,Silver,Electric,Manual,3.3,125388,86223,9785,High
12/31/2017,M5,2017,Middle East,Silver,Hybrid,Automatic,4.9,115727,142974,361,Low
12/31/2017,X3,2017,Africa,Silver,Petrol,Automatic,4.2,93780,78894,5083,High
12/31/2019,X6,2019,South America,Silver,Petrol,Automatic,1.9,160789,75084,2554,Low
12/31/2015,3 Series,2015,Middle East,Blue,Diesel,Automatic,2.5,20694,68551,6513,High
12/31/2017,3 Series,2017,Middle East,Red,Electric,Automatic,2.7,23327,92095,6724,High
12/31/2018,M5,2018,Europe,Red,Petrol,Manual,2.6,82088,116201,1631,Low
12/31/2014,i3,2014,Africa,Black,Diesel,Automatic,4.3,179094,43719,2242,Low
12/31/2010,X5,2010,Middle East,Blue,Diesel,Manual,2.8,178082,37225,3571,Low
12/31/2010,M3,2010,Africa,White,Petrol,Automatic,3.2,47192,66495,580,Low
12/31/2011,i3,2011,Africa,Silver,Hybrid,Automatic,3.4,110830,51389,1821,Low
12/31/2011,M5,2011,Europe,Black,Electric,Automatic,2.4,138154,91435,866,Low
12/31/2014,5 Series,2014,South America,Red,Hybrid,Manual,2.6,198461,49821,4413,Low
12/31/2016,7 Series,2016,North America,Grey,Electric,Automatic,4.2,108588,131815,824,Low
12/31/2016,5 Series,2016,Asia,Grey,Petrol,Manual,4.5,70396,90285,6614,High
12/31/2024,M3,2024,Middle East,Silver,Petrol,Automatic,1.6,49245,124661,2230,Low
12/31/2013,X1,2013,Africa,Blue,Hybrid,Manual,3.6,54712,59545,3819,Low
12/31/2022,X1,2022,Asia,Grey,Diesel,Automatic,3.7,70365,86229,9200,High
12/31/2013,i8,2013,Asia,White,Petrol,Automatic,4.1,82114,128454,50,Low
12/31/2023,7 Series,2023,South America,Blue,Hybrid,Manual,3.9,160255,137254,1280,Low
12/31/2023,M5,2023,Europe,White,Hybrid,Automatic,4.6,123318,149349,2170,Low
12/31/2020,M3,2020,Africa,White,Petrol,Manual,1.8,197278,69477,1955,Low
12/31/2024,i8,2024,South America,Blue,Petrol,Manual,2.9,113891,157306,221,Low
12/31/2019,X1,2019,Europe,Black,Petrol,Automatic,4.2,97785,76950,6739,High
12/31/2012,X3,2012,Europe,White,Electric,Manual,4.5,157109,26734,7364,High
12/31/2020,i8,2020,Africa,White,Diesel,Automatic,2.4,68757,135689,50,Low
12/31/2011,5 Series,2011,Africa,Grey,Electric,Automatic,3.5,151950,62139,3345,Low
12/31/2012,M3,2012,Asia,White,Hybrid,Automatic,2.1,182961,55568,5442,High
12/31/2017,X3,2017,Middle East,White,Hybrid,Automatic,4.5,127511,88651,5787,High
12/31/2024,X6,2024,Middle East,Red,Electric,Manual,4.1,9968,156174,2846,Low
12/31/2010,M3,2010,Europe,Blue,Electric,Automatic,2.3,146471,59252,2021,Low
12/31/2013,5 Series,2013,Africa,Grey,Petrol,Automatic,3.7,20343,78090,2571,Low
12/31/2016,5 Series,2016,Middle East,Grey,Hybrid,Manual,3.3,181168,68752,4389,Low
12/31/2014,i3,2014,Africa,Blue,Diesel,Manual,2.4,180960,27896,2931,Low
12/31/2011,i3,2011,Europe,Black,Hybrid,Automatic,4.6,121158,61384,4475,Low
12/31/2010,M3,2010,North America,Black,Hybrid,Manual,2,88803,61120,2091,Low
12/31/2015,3 Series,2015,Middle East,Silver,Hybrid,Automatic,3.1,75633,78705,5983,High
12/31/2022,i3,2022,Africa,Grey,Diesel,Manual,3.5,190856,70765,3464,Low
12/31/2022,X3,2022,Middle East,Red,Electric,Manual,4.4,57825,125806,7156,High
12/31/2014,5 Series,2014,Europe,Grey,Petrol,Automatic,2,56746,69877,5759,High
12/31/2012,3 Series,2012,South America,Grey,Petrol,Automatic,3.6,15933,60581,4557,Low
12/31/2020,i8,2020,South America,Grey,Hybrid,Manual,1.5,147219,127244,661,Low
12/31/2020,X6,2020,Middle East,Red,Electric,Manual,4.4,156306,114295,3717,Low
12/31/2024,7 Series,2024,South America,Blue,Diesel,Manual,2.3,39135,136521,1174,Low
12/31/2020,M3,2020,South America,Black,Hybrid,Automatic,4,2929,137745,1683,Low
12/31/2018,X1,2018,Europe,Blue,Diesel,Manual,3.6,91894,63173,8223,High
12/31/2012,i3,2012,South America,Silver,Hybrid,Automatic,1.7,125460,40899,2601,Low
12/31/2011,X6,2011,Middle East,Red,Hybrid,Automatic,2.1,89561,76976,2004,Low
12/31/2014,7 Series,2014,North America,Red,Petrol,Automatic,2.4,153352,82188,1055,Low
12/31/2018,X1,2018,North America,Black,Electric,Automatic,4.6,12131,105147,6868,High
12/31/2017,X1,2017,Africa,Black,Petrol,Manual,3.2,43068,70642,4380,Low
12/31/2015,M3,2015,North America,Blue,Petrol,Automatic,4.7,76065,97928,2431,Low
12/31/2012,i3,2012,North America,Grey,Electric,Automatic,1.7,19563,35074,5220,High
12/31/2015,X6,2015,Africa,Grey,Diesel,Manual,1.5,7365,77758,1734,Low
12/31/2014,7 Series,2014,Asia,Grey,Hybrid,Manual,4.8,180640,99062,855,Low
12/31/2010,3 Series,2010,Europe,White,Petrol,Manual,4,129486,38107,7452,High
12/31/2014,7 Series,2014,North America,White,Petrol,Manual,4.2,121681,96239,1040,Low
12/31/2023,3 Series,2023,South America,Grey,Petrol,Automatic,4.7,68694,113106,5716,High
12/31/2016,i3,2016,Middle East,Red,Diesel,Manual,4.9,157242,65228,3159,Low
12/31/2018,M3,2018,Asia,Black,Electric,Manual,1.8,182598,81290,3391,Low
12/31/2021,i8,2021,Asia,White,Diesel,Automatic,2.1,186829,130309,711,Low
12/31/2024,X5,2024,South America,Black,Hybrid,Manual,2.2,181300,94647,11495,High
12/31/2010,X5,2010,South America,Grey,Petrol,Automatic,4.4,66815,71511,2366,Low
12/31/2012,X5,2012,Africa,Blue,Hybrid,Manual,2.7,199251,48692,2798,Low
12/31/2017,X3,2017,South America,Red,Petrol,Manual,3.6,111969,68017,6096,High
12/31/2015,X1,2015,South America,Blue,Petrol,Manual,4.5,159019,47157,4109,Low
12/31/2022,M3,2022,North America,Silver,Electric,Automatic,3.9,172956,121712,3119,Low
12/31/2014,X5,2014,Africa,Silver,Diesel,Automatic,1.7,124038,50304,3133,Low
12/31/2022,i3,2022,Africa,Grey,Petrol,Manual,3.1,89949,84177,3606,Low
12/31/2019,5 Series,2019,Middle East,Silver,Hybrid,Automatic,1.7,61421,93789,5916,High
12/31/2011,i3,2011,Africa,Red,Hybrid,Manual,3.2,82521,52635,1743,Low
12/31/2012,X1,2012,South America,White,Diesel,Automatic,2.3,119492,28669,4030,Low
12/31/2021,5 Series,2021,Asia,Grey,Hybrid,Automatic,1.5,55128,99978,8221,High
12/31/2011,M5,2011,South America,Silver,Diesel,Manual,4.3,152157,77437,313,Low
12/31/2010,M3,2010,Africa,Blue,Diesel,Automatic,4.9,163312,55635,772,Low
12/31/2016,X5,2016,Asia,Silver,Diesel,Manual,4.9,3602,110757,5826,High
12/31/2023,M5,2023,Middle East,Red,Electric,Automatic,2.5,143389,148626,1665,Low
12/31/2012,3 Series,2012,Europe,White,Hybrid,Manual,4.4,40199,70118,9108,High
12/31/2016,i8,2016,Europe,Grey,Hybrid,Manual,3.9,95317,146798,50,Low
12/31/2021,X6,2021,Europe,Silver,Hybrid,Manual,4.3,198621,110911,5410,High
12/31/2016,M3,2016,Middle East,Red,Electric,Automatic,4.5,46353,125640,316,Low
12/31/2017,M3,2017,South America,Silver,Petrol,Automatic,4.9,140246,92841,1583,Low
12/31/2010,7 Series,2010,Asia,Red,Electric,Automatic,2,160571,77977,651,Low
12/31/2014,i8,2014,Middle East,Silver,Petrol,Manual,4.2,28759,142160,50,Low
12/31/2019,X5,2019,North America,Black,Petrol,Automatic,4.1,70443,104279,6523,High
12/31/2018,M5,2018,Asia,Grey,Electric,Manual,2.5,181355,113185,7679,High
12/31/2021,7 Series,2021,Middle East,Grey,Hybrid,Automatic,2.9,103475,138519,1132,Low
12/31/2020,M3,2020,South America,Red,Diesel,Automatic,2.1,50541,96398,1711,Low
12/31/2016,M5,2016,Europe,Grey,Hybrid,Automatic,4.7,188367,122010,1213,Low
12/31/2010,i3,2010,Europe,Blue,Electric,Manual,4.6,2567,74246,3400,Low
12/31/2017,M3,2017,Middle East,Red,Hybrid,Manual,3.6,119180,97333,1927,Low
12/31/2012,X5,2012,Africa,Black,Diesel,Manual,3.3,134057,52814,2671,Low
12/31/2022,X5,2022,North America,Grey,Petrol,Automatic,2.3,173901,87062,6494,High
12/31/2013,M5,2013,South America,Blue,Hybrid,Manual,4.3,183059,97291,257,Low
12/31/2013,i3,2013,Europe,White,Hybrid,Automatic,1.5,192223,32317,4297,Low
12/31/2024,i8,2024,South America,Grey,Petrol,Automatic,3.1,78663,161913,173,Low
12/31/2019,X1,2019,Asia,Blue,Diesel,Automatic,4.5,69441,85401,7395,High
12/31/2023,X3,2023,South America,Silver,Electric,Automatic,3.7,37859,119278,5216,High
12/31/2021,X6,2021,Asia,Red,Diesel,Manual,3.7,59990,111017,3921,Low
12/31/2017,7 Series,2017,Africa,Red,Petrol,Automatic,1.7,138032,89772,672,Low
12/31/2010,X3,2010,Europe,Black,Hybrid,Manual,2.5,144731,36960,7592,High
12/31/2017,X1,2017,Middle East,Blue,Hybrid,Automatic,3.9,132804,76239,5463,High
12/31/2018,X1,2018,Africa,Grey,Hybrid,Automatic,1.7,73088,64857,5083,High
12/31/2018,X1,2018,Africa,Blue,Hybrid,Automatic,2.7,104626,70719,4429,Low
12/31/2014,i8,2014,Europe,Silver,Petrol,Automatic,2.7,103765,115242,50,Low
12/31/2013,X5,2013,Africa,Black,Hybrid,Manual,3.2,89286,74647,2532,Low
12/31/2013,X6,2013,Middle East,White,Petrol,Manual,2.8,143925,68196,2378,Low
12/31/2018,7 Series,2018,North America,Blue,Diesel,Automatic,3.1,88022,109889,1313,Low
12/31/2024,i8,2024,Europe,Silver,Petrol,Manual,3.4,174807,150796,618,Low
12/31/2017,i3,2017,Africa,Red,Diesel,Automatic,1.9,76825,57859,2958,Low
12/31/2019,M3,2019,Middle East,Black,Petrol,Automatic,2.1,142157,81090,1954,Low
12/31/2024,5 Series,2024,South America,Grey,Petrol,Manual,4.4,55770,116429,4058,Low
12/31/2019,M5,2019,Asia,Black,Hybrid,Manual,3.1,187157,119939,2404,Low
12/31/2021,X5,2021,Europe,Silver,Petrol,Manual,2.7,71856,104034,6061,High
12/31/2016,5 Series,2016,Asia,Red,Electric,Automatic,3,117165,84143,7936,High
12/31/2021,i3,2021,South America,Grey,Diesel,Manual,2.1,121827,65653,3235,Low
12/31/2012,M3,2012,Middle East,Red,Electric,Automatic,2.3,22672,93733,1084,Low
12/31/2013,X5,2013,North America,Black,Diesel,Automatic,3.3,68189,75978,1188,Low
12/31/2024,X3,2024,Middle East,Black,Hybrid,Automatic,2.8,145876,107246,6024,High
12/31/2018,X1,2018,Asia,White,Petrol,Automatic,3.2,165511,57439,7623,High
12/31/2023,3 Series,2023,Asia,Black,Diesel,Manual,2,176316,66704,9450,High
12/31/2022,X5,2022,Middle East,Blue,Electric,Manual,2,30465,125334,4612,Low
12/31/2017,X3,2017,Europe,Grey,Hybrid,Manual,2.8,41007,88174,8073,High
12/31/2021,X5,2021,Africa,Red,Hybrid,Automatic,2.8,19188,117825,680,Low
12/31/2021,X5,2021,Africa,White,Hybrid,Automatic,4.6,150332,63325,4623,Low
12/31/2010,X3,2010,North America,Silver,Diesel,Manual,1.6,163340,25000,9547,High
12/31/2012,M5,2012,Europe,White,Diesel,Automatic,5,49564,115515,645,Low
12/31/2023,7 Series,2023,Africa,Grey,Petrol,Manual,4.8,198718,114820,1062,Low
12/31/2021,M3,2021,Africa,Silver,Hybrid,Automatic,3.4,146274,104779,2128,Low
12/31/2019,i8,2019,Europe,Red,Hybrid,Manual,4,70365,168915,187,Low
12/31/2011,X6,2011,Europe,Black,Electric,Automatic,4.8,24109,105611,2998,Low
12/31/2011,M3,2011,Africa,White,Diesel,Manual,2.4,41377,30336,1166,Low
12/31/2022,X5,2022,Middle East,Blue,Electric,Automatic,2.6,182611,107645,4781,Low
12/31/2022,i3,2022,Asia,Blue,Hybrid,Manual,1.9,175209,74968,6113,High
12/31/2017,7 Series,2017,South America,Red,Diesel,Manual,3.5,169870,86338,890,Low
12/31/2015,5 Series,2015,Europe,Blue,Electric,Automatic,2.1,8057,98580,5874,High
12/31/2021,M5,2021,Africa,Red,Petrol,Manual,4.8,158025,120752,979,Low
12/31/2021,7 Series,2021,Africa,Grey,Electric,Manual,3,136428,123282,1032,Low
12/31/2021,M3,2021,Middle East,White,Hybrid,Automatic,4.7,147735,114661,2892,Low
12/31/2022,3 Series,2022,Middle East,Blue,Hybrid,Manual,2.2,35665,107714,6764,High
12/31/2015,X3,2015,Middle East,Silver,Petrol,Automatic,3.9,95259,70906,5322,High
12/31/2013,M5,2013,North America,Silver,Petrol,Automatic,3.8,114251,99264,1006,Low
12/31/2010,X5,2010,Middle East,White,Hybrid,Manual,2.9,10976,76842,6863,High
12/31/2020,X1,2020,Africa,Grey,Diesel,Automatic,4.6,193935,65756,5011,High
12/31/2016,M5,2016,Middle East,Silver,Diesel,Automatic,3,15280,123674,583,Low
12/31/2017,i3,2017,Middle East,Blue,Petrol,Manual,2.2,100009,60797,3866,Low
12/31/2011,i8,2011,Europe,Blue,Petrol,Automatic,4.9,25346,138645,50,Low
12/31/2011,X1,2011,South America,Grey,Electric,Manual,3,86743,47222,4069,Low
12/31/2010,i3,2010,South America,Blue,Petrol,Manual,2.2,77618,31125,2796,Low
12/31/2013,X1,2013,Africa,White,Electric,Manual,2.8,143849,45398,3479,Low
12/31/2015,3 Series,2015,North America,Grey,Hybrid,Manual,3.6,191112,53626,10499,High
12/31/2023,X5,2023,Middle East,Grey,Electric,Automatic,3.3,152802,116812,4924,Low
12/31/2014,X3,2014,North America,White,Petrol,Automatic,3.7,171535,51862,7648,High
12/31/2013,3 Series,2013,Africa,Silver,Hybrid,Automatic,3.8,87240,63426,4015,Low
12/31/2023,X3,2023,Europe,Silver,Petrol,Automatic,1.9,109259,89598,9523,High
12/31/2013,X6,2013,North America,Blue,Electric,Automatic,2.6,11568,101024,3357,Low
12/31/2019,X6,2019,North America,White,Petrol,Automatic,4.1,773,121113,3724,Low
12/31/2024,i3,2024,North America,Grey,Electric,Manual,3.8,160614,105851,6838,High
12/31/2016,i8,2016,North America,Red,Hybrid,Manual,1.8,106269,136918,50,Low
12/31/2016,7 Series,2016,Asia,Black,Petrol,Manual,2.6,50668,103726,1253,Low
12/31/2011,7 Series,2011,Europe,Grey,Petrol,Automatic,4.8,90986,99547,353,Low
12/31/2022,M3,2022,Europe,Grey,Diesel,Manual,4.5,51884,122079,3147,Low
12/31/2016,X1,2016,Europe,Silver,Electric,Manual,3.8,22627,87607,6811,High
12/31/2011,X3,2011,South America,Black,Hybrid,Manual,1.8,140120,35090,4593,Low
12/31/2013,3 Series,2013,Africa,Red,Electric,Automatic,3.6,194332,48634,4813,Low
12/31/2024,X5,2024,South America,Silver,Electric,Automatic,1.5,90291,117945,4245,Low
12/31/2010,3 Series,2010,Europe,Black,Petrol,Manual,3.8,11548,54813,9243,High
12/31/2014,X1,2014,South America,Silver,Electric,Manual,4.1,168054,52959,4874,Low
12/31/2010,3 Series,2010,North America,Grey,Electric,Manual,3.2,144487,44945,9770,High
12/31/2013,5 Series,2013,South America,White,Hybrid,Automatic,1.5,11464,75437,3249,Low
12/31/2022,5 Series,2022,Middle East,Silver,Petrol,Manual,3.8,149588,99043,5120,High
12/31/2018,i3,2018,Asia,Silver,Diesel,Manual,4.4,154350,63921,5987,High
12/31/2022,X5,2022,Asia,Silver,Hybrid,Automatic,3.6,487,136381,5965,High
12/31/2021,X5,2021,Middle East,Grey,Diesel,Manual,4,46346,118190,4566,Low
12/31/2017,M5,2017,North America,White,Diesel,Automatic,1.8,16531,126834,1331,Low
12/31/2015,M3,2015,South America,Black,Hybrid,Automatic,4,94281,90420,1301,Low
12/31/2024,7 Series,2024,North America,Grey,Hybrid,Automatic,3.6,179384,144401,2375,Low
12/31/2017,i3,2017,Asia,Silver,Hybrid,Manual,2.7,128764,69993,5221,High
12/31/2014,M5,2014,Africa,Black,Diesel,Manual,3.9,5547,112736,50,Low
12/31/2016,X6,2016,Middle East,Silver,Electric,Manual,3.8,64496,117027,2323,Low
12/31/2017,X3,2017,Europe,Blue,Electric,Manual,3.6,143231,78761,9028,High
12/31/2016,M3,2016,North America,Grey,Diesel,Automatic,2.1,38816,87009,2809,Low
12/31/2023,X3,2023,North America,Grey,Petrol,Automatic,2.5,124218,89417,10612,High
12/31/2013,X5,2013,Middle East,Grey,Electric,Manual,5,58070,99269,2810,Low
12/31/2014,3 Series,2014,Europe,Black,Electric,Automatic,3,161603,58603,7691,High
12/31/2022,X6,2022,Africa,Blue,Diesel,Automatic,1.7,68844,100375,2235,Low
12/31/2023,3 Series,2023,Middle East,White,Hybrid,Manual,4.6,140814,101909,8175,High
12/31/2019,5 Series,2019,Europe,Grey,Electric,Manual,2.1,120809,85816,7915,High
12/31/2015,X5,2015,South America,White,Petrol,Automatic,2.9,168834,58906,3984,Low
12/31/2023,3 Series,2023,Asia,Silver,Electric,Manual,2.5,138690,90036,10095,High
12/31/2023,3 Series,2023,Africa,White,Diesel,Manual,4.9,76760,106476,5248,High
12/31/2021,X3,2021,Europe,White,Diesel,Manual,2.8,68949,87904,8017,High
12/31/2020,i8,2020,South America,Silver,Diesel,Manual,4,163978,128230,66,Low
12/31/2015,X1,2015,Africa,Blue,Hybrid,Manual,3.6,92746,63888,3719,Low
12/31/2022,X6,2022,Africa,Blue,Hybrid,Manual,1.7,88100,112379,2705,Low
12/31/2018,i8,2018,North America,Silver,Electric,Manual,2.8,129691,141716,433,Low
12/31/2019,7 Series,2019,Middle East,Blue,Hybrid,Manual,2.9,113171,130543,990,Low
12/31/2023,M5,2023,Africa,Black,Hybrid,Automatic,5,85247,155031,1105,Low
12/31/2023,X6,2023,South America,Red,Diesel,Automatic,4.3,27250,127444,2506,Low
12/31/2011,3 Series,2011,Asia,Silver,Petrol,Automatic,4.5,60437,59208,10125,High
12/31/2015,M5,2015,North America,Silver,Hybrid,Manual,2.6,193081,94467,1406,Low
12/31/2022,M5,2022,Europe,White,Electric,Automatic,2.7,199370,130895,2530,Low
12/31/2012,X6,2012,Middle East,White,Diesel,Automatic,3.3,161302,59867,2398,Low
12/31/2023,5 Series,2023,Asia,Silver,Hybrid,Manual,3.7,159329,108686,7434,High
12/31/2011,M3,2011,South America,White,Hybrid,Automatic,4,84001,77610,884,Low
12/31/2015,7 Series,2015,South America,Black,Petrol,Manual,4.4,31977,113314,105,Low
12/31/2013,5 Series,2013,South America,Silver,Diesel,Manual,4.6,19633,77928,4045,Low
12/31/2014,i3,2014,Africa,Blue,Electric,Automatic,1.6,197678,37009,2518,Low
12/31/2014,X1,2014,South America,Black,Diesel,Automatic,4.3,69079,58163,4511,Low
12/31/2012,7 Series,2012,North America,Blue,Electric,Manual,3.6,65200,108140,498,Low
12/31/2021,i3,2021,Middle East,Grey,Electric,Manual,3.4,7042,116505,3354,Low
12/31/2013,i3,2013,South America,White,Electric,Automatic,3.7,107421,63388,2479,Low
12/31/2012,5 Series,2012,Africa,Grey,Hybrid,Automatic,4.6,125718,73905,2505,Low
12/31/2016,3 Series,2016,Europe,Black,Diesel,Manual,3.4,26176,73941,9187,High
12/31/2024,X3,2024,Africa,Black,Electric,Manual,2.1,173841,85581,5705,High
12/31/2010,X1,2010,North America,Silver,Electric,Automatic,3,138675,40197,6213,High
12/31/2024,X1,2024,North America,Grey,Electric,Automatic,4.7,168898,101686,8681,High
12/31/2015,5 Series,2015,North America,Black,Hybrid,Automatic,4.4,177658,79720,6594,High
12/31/2013,i8,2013,Asia,Black,Electric,Automatic,2.2,132567,125620,50,Low
12/31/2010,5 Series,2010,Middle East,Black,Electric,Automatic,4,2072,91452,2983,Low
12/31/2010,M5,2010,Europe,Silver,Electric,Manual,2.4,144129,82075,812,Low
12/31/2014,X5,2014,South America,Black,Hybrid,Manual,2.7,55481,78429,3426,Low
12/31/2023,i8,2023,Europe,White,Diesel,Manual,3.1,42056,171178,216,Low
12/31/2014,X6,2014,North America,Black,Petrol,Automatic,3,141174,76162,3299,Low
12/31/2019,X5,2019,Middle East,White,Electric,Automatic,1.6,8847,115865,4493,Low
12/31/2016,i3,2016,Africa,Blue,Diesel,Automatic,4.2,195774,46955,2990,Low
12/31/2022,M5,2022,Middle East,Grey,Hybrid,Manual,4.5,14890,173380,1234,Low
12/31/2021,M5,2021,Middle East,Red,Diesel,Manual,3.4,5736,143937,829,Low
12/31/2013,X5,2013,Europe,White,Diesel,Manual,2.1,123563,50184,6284,High
12/31/2023,X1,2023,Asia,Black,Hybrid,Manual,2.4,28687,103831,9612,High
12/31/2018,5 Series,2018,South America,Grey,Electric,Automatic,1.9,96974,88388,4092,Low
12/31/2013,X5,2013,Europe,Black,Petrol,Manual,2.1,55814,66639,5630,High
12/31/2016,i3,2016,Europe,Grey,Petrol,Manual,4.6,33946,85875,3815,Low
12/31/2014,X6,2014,Middle East,Silver,Diesel,Manual,3.2,114449,75407,7156,High
12/31/2024,i8,2024,Middle East,Black,Hybrid,Automatic,1.9,141446,172072,665,Low
12/31/2014,X5,2014,Asia,Red,Diesel,Manual,2.4,144725,56293,5388,High
12/31/2015,7 Series,2015,Middle East,White,Electric,Manual,4.8,30525,136356,50,Low
12/31/2017,X5,2017,Europe,Silver,Hybrid,Automatic,3.3,118844,95119,5003,High
12/31/2024,X6,2024,Middle East,Black,Electric,Automatic,3.3,80189,139277,3833,Low
12/31/2014,X3,2014,Asia,Blue,Hybrid,Automatic,3.3,119052,69554,8271,High
12/31/2024,X6,2024,Africa,Blue,Petrol,Manual,1.9,145722,95479,3265,Low
12/31/2012,X1,2012,Africa,Grey,Electric,Manual,4.9,143257,57266,3696,Low
12/31/2015,X5,2015,North America,Blue,Diesel,Automatic,1.8,59388,72781,6366,High
12/31/2023,i8,2023,South America,Grey,Hybrid,Manual,4,7184,88898,1579,Low
12/31/2021,5 Series,2021,Asia,Red,Hybrid,Manual,1.7,121744,86475,7124,High
12/31/2023,M3,2023,North America,Blue,Petrol,Automatic,3.1,184574,100485,3690,Low
12/31/2011,3 Series,2011,South America,Red,Petrol,Automatic,4.6,54799,61022,4794,Low
12/31/2021,M3,2021,North America,Red,Petrol,Manual,4.2,113400,111610,3302,Low
12/31/2021,i3,2021,North America,Blue,Petrol,Manual,2.7,174520,68334,6251,High
12/31/2017,X3,2017,Europe,Black,Petrol,Automatic,3.4,189196,56293,8043,High
12/31/2017,3 Series,2017,Africa,Blue,Diesel,Automatic,2.1,123076,53334,4639,Low
12/31/2024,5 Series,2024,Asia,White,Hybrid,Manual,4.8,26849,137856,6687,High
12/31/2012,X6,2012,North America,Red,Petrol,Manual,4,91154,76192,3311,Low
12/31/2021,X6,2021,Asia,Blue,Hybrid,Manual,2.8,59356,116128,5444,High
12/31/2017,X5,2017,Asia,Silver,Diesel,Manual,2.6,22108,95763,6227,High
12/31/2018,i8,2018,Africa,Blue,Hybrid,Manual,2.3,80971,144699,50,Low
12/31/2014,3 Series,2014,Asia,Red,Petrol,Automatic,4.3,198389,47850,11257,High
12/31/2014,5 Series,2014,Asia,Blue,Electric,Automatic,3,90231,84116,6220,High
12/31/2015,i8,2015,North America,Red,Hybrid,Automatic,2.7,84533,137473,50,Low
12/31/2016,3 Series,2016,Asia,Black,Hybrid,Automatic,4.7,17373,99611,8754,High
12/31/2012,7 Series,2012,South America,Red,Electric,Automatic,2,60336,94479,50,Low
12/31/2014,i3,2014,Middle East,Blue,Diesel,Automatic,2.4,1948,67807,3444,Low
12/31/2010,i8,2010,South America,Grey,Electric,Manual,2.7,95162,112386,50,Low
12/31/2020,7 Series,2020,Europe,Black,Hybrid,Manual,2.4,147388,116666,2201,Low
12/31/2019,M3,2019,Asia,Black,Electric,Manual,3.5,84724,119951,3124,Low
12/31/2014,X3,2014,Asia,Silver,Diesel,Automatic,3.6,129920,55575,7932,High
12/31/2013,3 Series,2013,Africa,White,Diesel,Automatic,1.7,178282,25000,5639,High
12/31/2010,M3,2010,North America,White,Petrol,Automatic,2,180527,36318,2606,Low
12/31/2016,i3,2016,Europe,White,Hybrid,Manual,2.2,78061,67479,4300,Low
12/31/2024,i3,2024,Africa,Black,Electric,Automatic,1.7,18186,113960,3164,Low
12/31/2010,7 Series,2010,Middle East,Blue,Hybrid,Automatic,1.9,76714,86825,50,Low
12/31/2022,7 Series,2022,Africa,Silver,Electric,Manual,2.3,131341,131330,1364,Low
12/31/2017,X3,2017,Africa,Grey,Hybrid,Manual,2.7,161311,61825,4676,Low
12/31/2023,X1,2023,Middle East,Grey,Petrol,Manual,4.3,116079,94596,5736,High
12/31/2019,M3,2019,South America,Silver,Electric,Manual,2.3,39095,109387,2363,Low
12/31/2021,i3,2021,South America,Red,Hybrid,Automatic,3.8,137292,94379,9669,High
12/31/2011,X5,2011,Middle East,Black,Diesel,Manual,1.7,6879,63949,3413,Low
12/31/2019,i8,2019,Asia,Red,Hybrid,Automatic,3.8,135345,157824,387,Low
12/31/2022,X1,2022,North America,Silver,Petrol,Automatic,4.3,34056,103874,7940,High
12/31/2021,X6,2021,Middle East,White,Petrol,Automatic,3.6,173982,104984,3155,Low
12/31/2014,X1,2014,South America,Grey,Diesel,Manual,2.2,134066,29513,4191,Low
12/31/2022,i8,2022,Africa,Red,Electric,Manual,2.7,101237,155642,373,Low
12/31/2015,X3,2015,North America,Silver,Petrol,Automatic,4.3,175281,84777,8774,High
12/31/2018,M3,2018,Middle East,Grey,Electric,Automatic,3,159848,98843,2268,Low
12/31/2024,7 Series,2024,Africa,Blue,Petrol,Automatic,2.4,21456,149691,723,Low
12/31/2023,X1,2023,Asia,White,Petrol,Automatic,4.8,103678,102189,8303,High
12/31/2016,3 Series,2016,Africa,Blue,Hybrid,Automatic,3.7,154743,64964,4954,Low
12/31/2015,5 Series,2015,Middle East,Silver,Petrol,Automatic,4.3,88477,87946,4219,Low
12/31/2014,X3,2014,Africa,Black,Hybrid,Automatic,1.6,176749,42049,5226,High
12/31/2015,3 Series,2015,South America,Black,Petrol,Automatic,2.7,107146,54091,5699,High
12/31/2024,X6,2024,Middle East,Blue,Petrol,Manual,3.1,70530,126869,3205,Low
12/31/2023,5 Series,2023,Africa,White,Petrol,Manual,3.6,6837,117530,4440,Low
12/31/2020,X5,2020,South America,Grey,Diesel,Automatic,2.2,178156,74092,3621,Low
12/31/2013,M3,2013,Asia,White,Electric,Automatic,3.2,110546,85811,2103,Low
12/31/2010,3 Series,2010,Africa,Red,Hybrid,Automatic,3.9,78997,55067,3853,Low
12/31/2024,i3,2024,Africa,Black,Diesel,Automatic,2.7,87728,94942,3685,Low
12/31/2021,3 Series,2021,Asia,Red,Electric,Manual,3.9,21558,117061,9818,High
12/31/2018,5 Series,2018,Africa,Grey,Diesel,Manual,2.9,57173,79793,3549,Low
12/31/2020,X6,2020,North America,Blue,Electric,Manual,3.1,104254,121123,4553,Low
12/31/2014,5 Series,2014,Asia,Silver,Electric,Manual,2,141151,67261,6737,High
12/31/2017,X5,2017,Asia,Blue,Hybrid,Manual,3.8,45911,111105,5569,High
12/31/2016,X6,2016,Asia,Red,Diesel,Manual,2.3,35400,90519,3924,Low
12/31/2017,3 Series,2017,Middle East,Silver,Petrol,Automatic,4.4,111150,79440,6928,High
12/31/2010,X3,2010,Asia,Red,Petrol,Automatic,3.4,187992,28863,9818,High
12/31/2018,X5,2018,Asia,Grey,Petrol,Automatic,3.5,47189,40904,6961,High
12/31/2010,X3,2010,Middle East,Silver,Hybrid,Manual,4.7,191110,46940,5994,High
12/31/2012,5 Series,2012,South America,Grey,Hybrid,Automatic,2.1,64251,66626,3311,Low
12/31/2017,i3,2017,Europe,Blue,Hybrid,Automatic,3.4,199421,62882,4558,Low
12/31/2021,5 Series,2021,South America,White,Hybrid,Automatic,2.8,120500,94402,5493,High
12/31/2020,M3,2020,Asia,Red,Petrol,Manual,4.9,112022,106700,500,Low
12/31/2010,M3,2010,Africa,Grey,Diesel,Manual,4.3,127012,53645,686,Low
12/31/2023,i3,2023,Africa,White,Electric,Automatic,4.2,63587,123587,2856,Low
12/31/2010,M5,2010,North America,White,Petrol,Manual,2.2,57924,87665,984,Low
12/31/2015,M3,2015,Europe,White,Electric,Manual,2.3,119574,83131,2496,Low
12/31/2014,3 Series,2014,North America,Red,Petrol,Manual,1.6,186665,27654,11137,High
12/31/2020,i8,2020,North America,Grey,Hybrid,Automatic,3.7,144596,156206,488,Low
12/31/2015,3 Series,2015,South America,Black,Electric,Manual,2.8,124097,64067,5548,High
12/31/2012,X3,2012,Africa,Red,Electric,Automatic,2.6,179668,44351,4248,Low
12/31/2019,X1,2019,Middle East,White,Hybrid,Manual,3.7,57457,140588,4484,Low
12/31/2021,X6,2021,Africa,Red,Diesel,Automatic,4.4,47121,125454,2262,Low
12/31/2019,X1,2019,Middle East,Silver,Diesel,Manual,2,192529,41170,6653,High
12/31/2015,i3,2015,Africa,Blue,Hybrid,Manual,4.7,54929,79200,2456,Low
12/31/2011,M3,2011,Middle East,White,Electric,Automatic,1.6,124730,66678,1069,Low
12/31/2017,i8,2017,Asia,Blue,Petrol,Manual,1.8,143613,113214,313,Low
12/31/2024,X6,2024,Europe,White,Diesel,Automatic,4.4,29666,147998,4533,Low
12/31/2021,X3,2021,Europe,Blue,Petrol,Manual,3.2,173545,76299,15000,High
12/31/2015,X6,2015,Middle East,Red,Diesel,Automatic,4.8,11130,110776,1842,Low
12/31/2022,X1,2022,Europe,Silver,Electric,Manual,3.1,145951,82476,8626,High
12/31/2022,M5,2022,North America,Grey,Hybrid,Manual,4.7,166281,145574,2599,Low
12/31/2013,5 Series,2013,South America,Red,Petrol,Automatic,2.3,154326,44757,4493,Low
12/31/2013,7 Series,2013,South America,Grey,Hybrid,Automatic,3.7,186458,84876,247,Low
12/31/2023,X5,2023,North America,Blue,Petrol,Automatic,5,86630,122526,6941,High
12/31/2020,X5,2020,North America,Black,Petrol,Automatic,2.8,109074,94662,6744,High
12/31/2016,i3,2016,Asia,White,Petrol,Automatic,1.5,191349,35205,6215,High
12/31/2023,X3,2023,Middle East,Blue,Electric,Manual,1.7,189846,85520,7999,High
12/31/2012,M5,2012,South America,Blue,Hybrid,Automatic,4.5,171018,96770,120,Low
12/31/2020,5 Series,2020,Africa,Silver,Electric,Automatic,3.2,103728,102965,4213,Low
12/31/2012,X1,2012,Middle East,Silver,Hybrid,Automatic,3.4,17219,66306,4817,Low
12/31/2015,X1,2015,Asia,Silver,Petrol,Manual,4.3,121034,57426,8256,High
12/31/2018,X6,2018,North America,Silver,Hybrid,Manual,4.3,66991,121657,3775,Low
12/31/2010,i3,2010,Asia,Blue,Diesel,Automatic,3.2,181128,25000,4420,Low
12/31/2014,i8,2014,North America,Blue,Hybrid,Automatic,4.5,60695,160450,50,Low
12/31/2010,X1,2010,Europe,Grey,Petrol,Automatic,3.1,95496,32284,6296,High
12/31/2010,5 Series,2010,North America,Silver,Diesel,Manual,3.9,164622,39559,7352,High
12/31/2012,i3,2012,South America,Blue,Diesel,Automatic,1.6,80384,34475,3078,Low
12/31/2012,X5,2012,South America,Blue,Petrol,Manual,2,5230,68917,3210,Low
12/31/2013,X5,2013,Middle East,Silver,Electric,Manual,4.5,115449,87797,3086,Low
12/31/2012,M5,2012,Middle East,Red,Electric,Automatic,2.6,180070,99305,292,Low
12/31/2015,3 Series,2015,Europe,White,Hybrid,Automatic,2.7,119830,63452,8522,High
12/31/2021,X5,2021,South America,Grey,Electric,Automatic,3.8,21000,129871,3904,Low
12/31/2024,3 Series,2024,North America,Grey,Electric,Automatic,3.6,52869,123751,11436,High
12/31/2013,i8,2013,Africa,Blue,Petrol,Automatic,1.8,83723,110708,50,Low
12/31/2017,X6,2017,Europe,Grey,Petrol,Automatic,4.2,73579,106611,3923,Low
12/31/2010,M5,2010,South America,White,Hybrid,Automatic,3.7,89581,103606,50,Low
12/31/2017,5 Series,2017,South America,Blue,Hybrid,Automatic,4.5,101774,97313,3346,Low
12/31/2020,3 Series,2020,Europe,Silver,Diesel,Manual,3.4,127999,70931,8379,High
12/31/2010,X5,2010,South America,Blue,Hybrid,Manual,3,90368,63110,2627,Low
12/31/2020,i3,2020,Africa,Grey,Petrol,Automatic,2.8,42636,82320,3161,Low
12/31/2010,i3,2010,Asia,Red,Hybrid,Automatic,1.5,16117,52655,4132,Low
12/31/2016,i3,2016,South America,Blue,Electric,Manual,1.6,8778,83173,2358,Low
12/31/2010,i8,2010,South America,Red,Electric,Manual,2,150845,95797,50,Low
12/31/2018,X5,2018,Africa,Black,Diesel,Automatic,4.8,198863,77701,2887,Low
12/31/2023,7 Series,2023,South America,Grey,Diesel,Automatic,4.6,73460,142440,776,Low
12/31/2024,X6,2024,Middle East,Blue,Electric,Manual,3.2,38018,153706,2917,Low
12/31/2017,i8,2017,North America,Black,Diesel,Automatic,2.1,17423,142929,50,Low
12/31/2022,M3,2022,Middle East,Grey,Electric,Manual,2,185503,105164,2912,Low
12/31/2024,M5,2024,Middle East,White,Diesel,Manual,2.4,105945,145679,1462,Low
12/31/2010,i3,2010,South America,Red,Petrol,Automatic,4.7,114075,43561,2448,Low
12/31/2011,i8,2011,South America,Blue,Diesel,Manual,3.3,157565,96360,50,Low
12/31/2011,M3,2011,Asia,Silver,Petrol,Manual,4.3,88936,73708,2409,Low
12/31/2011,M5,2011,South America,White,Electric,Manual,3.3,146128,94041,50,Low
12/31/2015,M3,2015,Middle East,Blue,Hybrid,Automatic,3.6,153775,83458,1703,Low
12/31/2013,3 Series,2013,Asia,Silver,Petrol,Automatic,3.6,178607,42125,10382,High
12/31/2017,X3,2017,North America,Silver,Hybrid,Automatic,1.6,90379,72183,9383,High
12/31/2010,i8,2010,South America,Grey,Petrol,Manual,3.1,418,118800,50,Low
12/31/2024,5 Series,2024,Asia,Red,Electric,Automatic,4.5,50322,144842,7809,High
12/31/2019,7 Series,2019,South America,Silver,Diesel,Manual,3.2,96224,113793,710,Low
12/31/2023,X3,2023,Africa,Silver,Diesel,Automatic,3,154366,77823,5123,High
12/31/2013,5 Series,2013,Africa,Silver,Electric,Automatic,3.3,70143,78061,2820,Low
12/31/2019,5 Series,2019,Europe,Red,Diesel,Automatic,2.8,107912,82239,7558,High
12/31/2020,X1,2020,North America,Red,Petrol,Manual,3.3,191470,56443,8904,High
12/31/2014,3 Series,2014,Middle East,Silver,Hybrid,Manual,2,81803,58371,6635,High
12/31/2018,i8,2018,South America,Black,Diesel,Manual,4.9,13856,159316,50,Low
12/31/2014,M3,2014,Asia,White,Diesel,Automatic,1.6,80028,70561,2718,Low
12/31/2022,5 Series,2022,South America,Red,Hybrid,Manual,3.2,71564,116745,4556,Low
12/31/2020,M3,2020,North America,Grey,Petrol,Automatic,2.2,194754,80576,3640,Low
12/31/2012,i3,2012,South America,Silver,Electric,Manual,1.7,115426,45939,2262,Low
12/31/2020,i8,2020,Africa,Silver,Diesel,Automatic,3.8,65721,144872,50,Low
12/31/2013,X1,2013,South America,White,Petrol,Manual,4.9,162807,39693,4029,Low
12/31/2019,3 Series,2019,Middle East,Black,Diesel,Manual,4.1,128852,75616,5959,High
12/31/2016,M5,2016,South America,Silver,Electric,Manual,2.4,15462,134955,167,Low
12/31/2010,M3,2010,North America,Blue,Electric,Automatic,3.2,19682,90102,1799,Low
12/31/2020,M3,2020,South America,Grey,Electric,Manual,1.7,21086,112765,2389,Low
12/31/2015,i3,2015,South America,Grey,Diesel,Manual,3.4,80204,59862,3319,Low
12/31/2017,5 Series,2017,Asia,Grey,Electric,Manual,1.8,30943,91878,5944,High
12/31/2010,5 Series,2010,North America,Red,Electric,Manual,4.3,5182,87466,5112,High
12/31/2017,X3,2017,North America,Silver,Diesel,Manual,1.7,40145,67553,7897,High
12/31/2016,X5,2016,Asia,White,Petrol,Automatic,1.5,20715,126985,5377,High
12/31/2010,i8,2010,Middle East,Blue,Hybrid,Manual,4.5,50961,140005,50,Low
12/31/2018,i8,2018,Middle East,Black,Hybrid,Manual,4.8,23423,84889,1024,Low
12/31/2020,7 Series,2020,Asia,Black,Hybrid,Manual,1.8,172397,108955,2563,Low
12/31/2012,3 Series,2012,Europe,Red,Petrol,Manual,2.5,71070,43378,8754,High
12/31/2011,7 Series,2011,South America,Red,Hybrid,Automatic,4.1,65778,105551,50,Low
12/31/2016,M5,2016,Middle East,Black,Diesel,Automatic,3.4,86452,119260,566,Low
12/31/2020,5 Series,2020,North America,Red,Diesel,Automatic,4.8,7905,115720,5793,High
12/31/2012,i8,2012,North America,Blue,Petrol,Manual,2.9,89643,113562,50,Low
12/31/2010,X1,2010,Asia,Black,Diesel,Manual,1.5,177564,25000,7018,High
12/31/2019,i8,2019,Europe,Black,Diesel,Automatic,1.6,166448,119202,407,Low
12/31/2022,M3,2022,Africa,Blue,Electric,Manual,3.5,30776,138179,2010,Low
12/31/2012,X5,2012,South America,White,Diesel,Manual,4.1,93149,63149,3476,Low
12/31/2015,X5,2015,Asia,Grey,Hybrid,Manual,4.3,20083,103024,5944,High
12/31/2012,i3,2012,Africa,Grey,Diesel,Manual,4.7,35416,62628,1965,Low
12/31/2014,i3,2014,Asia,Black,Hybrid,Automatic,2.3,196324,42791,4689,Low
12/31/2018,X3,2018,Middle East,Grey,Hybrid,Automatic,4.1,99748,96399,12593,High
12/31/2016,X5,2016,Africa,Grey,Hybrid,Automatic,4.4,21842,110598,2237,Low
12/31/2011,i3,2011,Europe,Grey,Diesel,Automatic,4.4,156916,40192,4649,Low
12/31/2010,M3,2010,Asia,Silver,Hybrid,Automatic,2.9,136053,63512,2546,Low
12/31/2016,X1,2016,Middle East,Grey,Petrol,Manual,3.7,27743,76033,5284,High
12/31/2013,M3,2013,Europe,Blue,Electric,Manual,3.4,156410,77818,2136,Low
12/31/2020,X6,2020,South America,Grey,Diesel,Automatic,3.6,68209,108008,2419,Low
12/31/2016,X5,2016,Europe,Blue,Electric,Manual,2.5,120420,80587,4733,Low
12/31/2015,X6,2015,South America,White,Diesel,Manual,3.9,38586,88473,2197,Low
12/31/2016,5 Series,2016,South America,Silver,Petrol,Manual,4,195339,57712,3752,Low
12/31/2013,X3,2013,Europe,White,Diesel,Manual,2.2,180366,29250,7744,High
12/31/2012,3 Series,2012,Africa,Blue,Petrol,Manual,3.1,16974,55825,4820,Low
12/31/2021,M5,2021,Europe,Grey,Hybrid,Automatic,3,83515,149908,2226,Low
12/31/2014,M3,2014,Africa,Grey,Diesel,Manual,4.1,108357,74414,1185,Low
12/31/2012,i3,2012,Europe,Silver,Hybrid,Manual,3.8,49820,65103,4057,Low
12/31/2023,M3,2023,Europe,White,Diesel,Manual,3.2,72381,114634,3479,Low
12/31/2012,X1,2012,North America,Red,Diesel,Automatic,3.8,64117,48436,7507,High
12/31/2013,X5,2013,North America,White,Hybrid,Manual,2.4,130714,65543,4934,Low
12/31/2017,i3,2017,North America,Red,Electric,Manual,2.3,177890,58963,5950,High
12/31/2011,i8,2011,North America,White,Electric,Automatic,2.3,165624,113916,50,Low
12/31/2013,M3,2013,Asia,Silver,Diesel,Automatic,1.6,82813,60940,2584,Low
12/31/2020,M3,2020,Asia,White,Petrol,Automatic,3.9,145517,96552,3458,Low
12/31/2012,M5,2012,South America,Red,Petrol,Automatic,5,121682,150037,50,Low
12/31/2016,M5,2016,South America,Red,Hybrid,Automatic,2.6,176935,101243,658,Low
12/31/2011,i3,2011,Middle East,Red,Hybrid,Automatic,4.8,49443,78034,2258,Low
12/31/2010,7 Series,2010,North America,Silver,Diesel,Automatic,3.6,79556,89035,495,Low
12/31/2019,i8,2019,Asia,Red,Diesel,Manual,2.3,109971,131950,330,Low
12/31/2010,i8,2010,South America,White,Electric,Manual,1.5,41953,112485,50,Low
12/31/2015,i3,2015,Europe,Red,Electric,Manual,4,187951,64156,4029,Low
12/31/2012,X5,2012,Middle East,Black,Diesel,Automatic,3.9,166342,60949,4018,Low
12/31/2016,M5,2016,North America,Black,Diesel,Manual,2.3,53601,114146,1451,Low
12/31/2017,5 Series,2017,Europe,Blue,Diesel,Manual,2.7,48950,79498,6364,High
12/31/2014,M5,2014,Middle East,Grey,Electric,Automatic,4.6,152249,119114,285,Low
12/31/2014,5 Series,2014,North America,Black,Electric,Manual,2.1,180518,56406,7160,High
12/31/2021,5 Series,2021,North America,White,Electric,Manual,4.4,4437,141538,6432,High
12/31/2011,3 Series,2011,Asia,Red,Petrol,Manual,2.1,133544,26320,10310,High
12/31/2017,M5,2017,South America,White,Petrol,Manual,3.2,53041,113513,693,Low
12/31/2019,X5,2019,North America,Black,Petrol,Automatic,3.2,107962,92071,5252,High
12/31/2022,i3,2022,Middle East,Black,Electric,Manual,3.2,192439,87239,3843,Low
12/31/2010,7 Series,2010,Asia,Grey,Electric,Manual,2.5,37607,96497,417,Low
12/31/2019,X1,2019,Europe,Grey,Diesel,Automatic,2.4,166324,49884,8325,High
12/31/2018,X3,2018,South America,Black,Hybrid,Automatic,4.1,110309,92234,6089,High
12/31/2010,i3,2010,Africa,White,Electric,Automatic,2.5,116158,41725,1772,Low
12/31/2010,M3,2010,Middle East,Red,Hybrid,Manual,3.6,63144,76719,1035,Low
12/31/2010,3 Series,2010,Africa,Blue,Electric,Manual,4.5,91633,59481,4187,Low
12/31/2016,7 Series,2016,Africa,Red,Hybrid,Automatic,4.4,45597,134320,50,Low
12/31/2013,M5,2013,Europe,White,Petrol,Manual,2.1,112950,83850,1280,Low
12/31/2021,3 Series,2021,Middle East,Red,Electric,Automatic,3.8,107732,101052,6575,High
12/31/2016,3 Series,2016,Asia,Grey,Hybrid,Manual,3.6,119612,70364,10167,High
12/31/2014,i8,2014,Africa,Blue,Electric,Manual,2.5,145063,122295,50,Low
12/31/2021,X3,2021,Asia,Red,Electric,Automatic,2.9,90568,107927,9065,High
12/31/2023,i8,2023,Asia,Red,Diesel,Automatic,2.5,166691,147255,608,Low
12/31/2016,X1,2016,Europe,White,Hybrid,Manual,3.4,5549,82112,7399,High
12/31/2019,X6,2019,Africa,Grey,Hybrid,Manual,4.3,36214,129633,2523,Low
12/31/2023,i8,2023,Europe,Blue,Diesel,Automatic,4.6,73312,181219,81,Low
12/31/2016,3 Series,2016,North America,Red,Electric,Automatic,4,51801,95522,9219,High
12/31/2013,7 Series,2013,North America,Blue,Hybrid,Automatic,3.2,134843,97219,741,Low
12/31/2011,i3,2011,Europe,Grey,Hybrid,Manual,4.9,169473,48946,4023,Low
12/31/2017,X5,2017,Asia,Black,Diesel,Manual,3.5,8483,99841,5704,High
12/31/2011,M3,2011,Europe,Blue,Diesel,Manual,3.2,60588,63425,1954,Low
12/31/2018,X5,2018,North America,Silver,Petrol,Manual,4.5,5597,115063,4910,Low
12/31/2014,3 Series,2014,North America,White,Diesel,Automatic,2.1,74319,50731,9381,High
12/31/2018,i3,2018,North America,Blue,Electric,Automatic,2.1,120456,74890,5664,High
12/31/2024,X3,2024,Africa,Blue,Hybrid,Manual,4.2,74510,122867,5969,High
12/31/2018,3 Series,2018,South America,Silver,Diesel,Manual,4.5,42426,89293,5973,High
12/31/2023,5 Series,2023,Middle East,Black,Electric,Automatic,1.8,162645,99539,4940,Low
12/31/2017,7 Series,2017,Asia,Grey,Diesel,Automatic,4.2,21070,126650,875,Low
12/31/2017,X6,2017,Africa,White,Diesel,Manual,3,49411,88878,2307,Low
12/31/2013,i8,2013,Asia,Silver,Diesel,Manual,4,187112,101820,50,Low
12/31/2023,i8,2023,Europe,Red,Hybrid,Manual,2,146042,157366,1050,Low
12/31/2013,M3,2013,Europe,Red,Hybrid,Manual,4.9,127498,86748,1944,Low
12/31/2023,i8,2023,North America,White,Petrol,Manual,4.6,183791,162310,364,Low
12/31/2011,i3,2011,South America,Red,Hybrid,Manual,2.9,99295,44718,2529,Low
12/31/2013,7 Series,2013,Asia,Black,Electric,Automatic,4.6,148501,108952,634,Low
12/31/2013,i8,2013,South America,Blue,Diesel,Automatic,4.6,24768,137957,50,Low
12/31/2015,M3,2015,Asia,Silver,Hybrid,Manual,3.1,25653,98714,2675,Low
12/31/2012,X6,2012,North America,Silver,Petrol,Manual,4.8,76633,86501,3079,Low
12/31/2011,M3,2011,Middle East,White,Petrol,Manual,4.9,4610,91183,890,Low
12/31/2024,i8,2024,Asia,Red,Electric,Automatic,2.3,52703,191017,76,Low
12/31/2017,i8,2017,Europe,Grey,Diesel,Automatic,1.7,12128,145061,50,Low
12/31/2011,i8,2011,South America,Blue,Hybrid,Manual,2.7,28373,124605,50,Low
12/31/2017,5 Series,2017,Asia,Grey,Electric,Manual,3.2,147128,82720,6378,High
12/31/2016,i8,2016,Asia,Blue,Electric,Manual,1.8,168459,121008,50,Low
12/31/2012,i3,2012,Middle East,Red,Diesel,Automatic,2,116347,36831,3464,Low
12/31/2015,M5,2015,Africa,Red,Electric,Automatic,4.9,162497,115192,148,Low
12/31/2015,M3,2015,Europe,Blue,Hybrid,Automatic,4.1,75620,103498,2410,Low
12/31/2019,3 Series,2019,Africa,Red,Petrol,Automatic,4.6,196615,65026,5076,High
12/31/2023,3 Series,2023,Middle East,White,Electric,Manual,4.9,185219,102206,6468,High
12/31/2014,X3,2014,Europe,Silver,Diesel,Automatic,2.8,145707,46521,8267,High
12/31/2022,7 Series,2022,North America,Red,Petrol,Manual,3.9,185024,121456,1875,Low
12/31/2017,X5,2017,South America,Black,Electric,Manual,2.1,52101,91559,3221,Low
12/31/2024,i3,2024,Europe,Silver,Hybrid,Automatic,3.4,82877,115841,4955,Low
12/31/2020,X3,2020,Europe,Grey,Electric,Manual,2.2,128120,88220,8411,High
12/31/2021,X6,2021,Africa,Black,Electric,Automatic,2.1,51495,122219,2329,Low
12/31/2014,i8,2014,North America,Grey,Diesel,Automatic,1.8,57890,122575,50,Low
12/31/2016,i8,2016,South America,Silver,Electric,Manual,3.5,83838,144495,50,Low
12/31/2015,3 Series,2015,Middle East,Red,Electric,Automatic,4.8,166705,77019,5505,High
12/31/2020,7 Series,2020,North America,Grey,Hybrid,Automatic,1.9,150951,111711,2442,Low
12/31/2024,X1,2024,Europe,Red,Diesel,Automatic,3.3,122634,81701,7629,High
12/31/2016,X3,2016,Africa,Red,Electric,Automatic,3.9,35137,94004,3507,Low
12/31/2022,X6,2022,Asia,Blue,Petrol,Automatic,3.2,179322,98420,4849,Low
12/31/2018,5 Series,2018,Middle East,Silver,Hybrid,Manual,4.7,82961,113121,4953,Low
12/31/2012,i3,2012,Africa,Black,Hybrid,Manual,2.1,144328,37060,2678,Low
12/31/2019,M3,2019,Africa,Red,Hybrid,Automatic,1.6,105029,95368,2164,Low
12/31/2016,X1,2016,North America,White,Diesel,Manual,2.8,69665,57778,8580,High
12/31/2022,i3,2022,Asia,Black,Hybrid,Automatic,3.4,74763,106945,6076,High
12/31/2019,X1,2019,Africa,Blue,Hybrid,Automatic,2.4,16660,83235,5027,High
12/31/2012,X6,2012,Asia,Red,Hybrid,Manual,2.1,171481,59824,3905,Low
12/31/2022,i8,2022,North America,Red,Electric,Manual,4.3,88703,176706,474,Low
12/31/2011,X3,2011,Asia,Grey,Diesel,Automatic,2.2,113929,36024,9651,High
12/31/2021,X6,2021,Asia,Silver,Electric,Automatic,3,118287,120442,4624,Low
12/31/2016,M3,2016,South America,White,Hybrid,Manual,4.8,55062,110809,1172,Low
12/31/2013,M5,2013,South America,Grey,Petrol,Automatic,3.6,114409,134141,50,Low
12/31/2010,5 Series,2010,North America,Black,Electric,Manual,3.2,18836,82505,5468,High
12/31/2015,X5,2015,Africa,Blue,Hybrid,Manual,2.8,59452,83456,2658,Low
12/31/2020,5 Series,2020,Asia,Silver,Electric,Manual,3.3,63786,111235,8286,High
12/31/2015,X1,2015,Europe,Black,Diesel,Automatic,4.1,30393,72392,7759,High
12/31/2015,7 Series,2015,Asia,Blue,Hybrid,Manual,4.4,22538,129539,667,Low
12/31/2011,3 Series,2011,Europe,White,Electric,Manual,3.8,91924,58848,9389,High
12/31/2010,X1,2010,South America,Blue,Hybrid,Automatic,4.3,15736,62235,4232,Low
12/31/2012,X6,2012,Asia,Grey,Hybrid,Manual,1.8,115087,68605,4030,Low
12/31/2021,7 Series,2021,Africa,Grey,Petrol,Automatic,1.6,190624,93085,1015,Low
12/31/2023,X5,2023,Africa,Blue,Petrol,Automatic,4.1,97752,113456,3417,Low
12/31/2011,3 Series,2011,Africa,White,Electric,Automatic,2.4,28832,59819,4879,Low
12/31/2015,7 Series,2015,North America,Grey,Electric,Manual,4.6,14948,142011,364,Low
12/31/2022,3 Series,2022,Middle East,Red,Petrol,Manual,3.4,61943,95081,6701,High
12/31/2021,M3,2021,Europe,White,Hybrid,Automatic,3.2,160353,106770,3927,Low
12/31/2015,3 Series,2015,South America,Grey,Diesel,Automatic,4.2,7283,76674,5069,High
12/31/2022,X6,2022,Asia,Silver,Diesel,Automatic,4.1,22403,131201,4576,Low
12/31/2014,X6,2014,South America,Red,Hybrid,Automatic,4,193243,76217,1904,Low
12/31/2019,i8,2019,South America,Red,Diesel,Manual,3.9,30239,159963,50,Low
12/31/2019,X5,2019,Middle East,Red,Electric,Automatic,3.3,85283,119462,4654,Low
12/31/2014,7 Series,2014,Middle East,Black,Petrol,Manual,4.7,14435,121095,50,Low
12/31/2018,X6,2018,North America,Grey,Electric,Automatic,4.6,43986,127656,3965,Low
12/31/2023,X3,2023,South America,Blue,Diesel,Manual,2.7,160055,78138,5496,High
12/31/2014,3 Series,2014,Asia,Blue,Electric,Manual,4.3,50775,80429,10217,High
12/31/2022,X6,2022,Middle East,Blue,Diesel,Automatic,4.6,44162,135587,2717,Low
12/31/2019,X3,2019,Asia,Blue,Petrol,Automatic,3.7,1165,106354,9722,High
12/31/2015,3 Series,2015,North America,Grey,Hybrid,Automatic,3.4,180703,58330,9410,High
12/31/2020,3 Series,2020,Europe,Blue,Electric,Automatic,3.9,12534,58323,11296,High
12/31/2013,X6,2013,Africa,Red,Petrol,Manual,2.1,33886,73635,1499,Low
12/31/2019,X1,2019,North America,Blue,Electric,Manual,1.8,97825,76175,8022,High
12/31/2023,M3,2023,Asia,Black,Diesel,Automatic,4.4,22750,137048,3309,Low
12/31/2023,X6,2023,Asia,White,Hybrid,Manual,3.5,4131,149850,4357,Low
12/31/2024,M5,2024,Asia,Silver,Petrol,Manual,1.9,188066,124388,2266,Low
12/31/2010,X5,2010,Africa,Grey,Petrol,Automatic,3,170496,40775,2853,Low
12/31/2013,5 Series,2013,North America,White,Electric,Manual,2.5,119278,68303,5713,High
12/31/2011,M5,2011,Middle East,Black,Diesel,Automatic,4.6,138471,94970,177,Low
12/31/2019,i8,2019,Africa,Blue,Electric,Automatic,3.3,190348,137945,197,Low
12/31/2012,i8,2012,North America,Silver,Electric,Manual,3.5,34122,150567,50,Low
12/31/2016,i3,2016,South America,Silver,Hybrid,Manual,2.3,156658,52756,3417,Low
12/31/2016,i3,2016,Middle East,White,Hybrid,Manual,4.3,135242,78048,3518,Low
12/31/2010,X1,2010,Middle East,Blue,Hybrid,Manual,4.8,28312,66104,3769,Low
12/31/2017,3 Series,2017,South America,Silver,Electric,Automatic,4.3,127295,80187,5920,High
12/31/2016,M3,2016,Middle East,White,Hybrid,Automatic,3.2,36740,106654,1224,Low
12/31/2010,5 Series,2010,Asia,Red,Petrol,Automatic,4.4,82044,63763,5765,High
12/31/2017,5 Series,2017,Africa,Blue,Diesel,Automatic,2.2,191678,25339,4343,Low
12/31/2023,M5,2023,Asia,Black,Hybrid,Automatic,1.9,126676,140888,2479,Low
12/31/2023,i3,2023,Africa,Blue,Hybrid,Manual,3,141794,92337,3608,Low
12/31/2011,X5,2011,Africa,Blue,Hybrid,Manual,2.1,35915,65023,2145,Low
12/31/2017,3 Series,2017,South America,Silver,Electric,Automatic,2.4,27699,91192,5423,High
12/31/2012,X5,2012,Asia,Grey,Hybrid,Manual,3.5,16588,87271,6041,High
12/31/2019,3 Series,2019,Africa,Black,Petrol,Manual,2.9,4290,87693,5309,High
12/31/2016,X5,2016,South America,White,Electric,Manual,4.5,176075,85352,3681,Low
12/31/2022,5 Series,2022,South America,Silver,Petrol,Manual,2.3,48558,97904,4080,Low
12/31/2015,M3,2015,Europe,Red,Diesel,Automatic,5,89505,93615,2643,Low
12/31/2014,i3,2014,Asia,White,Petrol,Automatic,2.8,49427,64816,4193,Low
12/31/2024,i8,2024,South America,Grey,Petrol,Manual,3.3,83622,171167,50,Low
12/31/2020,X5,2020,Europe,Black,Petrol,Manual,2,134707,78082,6151,High
12/31/2019,X1,2019,Asia,Silver,Petrol,Manual,3.5,36401,78921,8748,High
12/31/2023,M3,2023,Asia,Blue,Diesel,Manual,4.9,97347,121060,2965,Low
12/31/2020,i3,2020,Asia,Red,Petrol,Manual,4.1,125693,82417,834,Low
12/31/2011,X1,2011,North America,Black,Diesel,Manual,2.4,187184,25000,7556,High
12/31/2011,X5,2011,Middle East,Black,Petrol,Automatic,3,65606,68206,3476,Low
12/31/2022,X5,2022,Asia,Silver,Electric,Manual,3,188216,105487,7144,High
12/31/2021,7 Series,2021,Asia,Blue,Electric,Automatic,1.8,95810,127224,1922,Low
12/31/2024,i3,2024,Africa,Silver,Hybrid,Manual,4.6,115245,104698,3500,Low
12/31/2010,M5,2010,Middle East,Silver,Petrol,Automatic,2.8,51240,94638,50,Low
12/31/2023,7 Series,2023,Africa,White,Hybrid,Automatic,3.2,140700,125807,1667,Low
12/31/2018,M3,2018,North America,Grey,Diesel,Automatic,2.5,102056,90670,3186,Low
12/31/2020,M5,2020,North America,White,Electric,Manual,2,102228,129714,1989,Low
12/31/2017,X6,2017,Asia,White,Petrol,Manual,4.7,78509,103252,4375,Low
12/31/2017,7 Series,2017,South America,Black,Hybrid,Manual,1.6,126232,92708,630,Low
12/31/2010,X3,2010,South America,Silver,Electric,Automatic,2.9,54530,62586,3867,Low
12/31/2014,5 Series,2014,North America,Blue,Electric,Automatic,4.1,180253,75699,782,Low
12/31/2021,7 Series,2021,Africa,White,Petrol,Manual,2.6,118886,110434,910,Low
12/31/2015,7 Series,2015,Asia,Black,Diesel,Automatic,3.1,132949,94513,1313,Low
12/31/2024,i3,2024,Middle East,White,Hybrid,Manual,3.5,62209,118624,4718,Low
12/31/2011,i8,2011,North America,Silver,Diesel,Automatic,5,63240,125759,50,Low
12/31/2019,X6,2019,Europe,Black,Petrol,Manual,4.2,23043,116367,3935,Low
12/31/2024,M5,2024,Europe,White,Petrol,Manual,4.9,51655,157444,1576,Low
12/31/2014,M5,2014,Europe,Blue,Electric,Automatic,3.9,74130,122322,751,Low
12/31/2015,X6,2015,North America,White,Diesel,Manual,2.4,68180,82253,3812,Low
12/31/2018,i8,2018,Africa,Blue,Electric,Automatic,2.5,113536,146406,50,Low
12/31/2024,7 Series,2024,Middle East,Silver,Diesel,Automatic,4.4,126312,145091,1272,Low
12/31/2019,i3,2019,Europe,Silver,Diesel,Automatic,3,48915,81809,4745,Low
12/31/2010,M3,2010,Africa,Blue,Petrol,Manual,2.8,109033,50636,722,Low
12/31/2022,7 Series,2022,Middle East,Black,Electric,Automatic,4.8,53626,163003,977,Low
12/31/2019,X1,2019,South America,Black,Electric,Manual,1.5,95951,71492,5598,High
12/31/2012,i8,2012,Africa,Black,Diesel,Automatic,3.3,120827,100203,50,Low
12/31/2021,3 Series,2021,Asia,Silver,Diesel,Manual,4.2,188807,73276,11078,High
12/31/2018,X1,2018,Middle East,Black,Electric,Manual,4.1,158472,78951,5943,High
12/31/2024,M3,2024,Europe,Grey,Petrol,Automatic,2.8,105510,118438,3105,Low
12/31/2023,X5,2023,Africa,Red,Hybrid,Manual,3.4,124026,111960,4294,Low
12/31/2010,7 Series,2010,North America,Red,Diesel,Manual,1.5,133865,61116,799,Low
12/31/2010,5 Series,2010,North America,Grey,Electric,Automatic,3.4,61649,76202,5857,High
12/31/2010,X6,2010,Europe,Silver,Petrol,Automatic,3.6,113550,60738,3574,Low
12/31/2016,i8,2016,South America,Red,Hybrid,Manual,4.6,25423,166176,50,Low
12/31/2022,X6,2022,Africa,Grey,Diesel,Automatic,2.2,70484,104265,2834,Low
12/31/2014,X6,2014,Europe,White,Diesel,Manual,4.4,182510,69698,3478,Low
12/31/2015,X5,2015,North America,Blue,Hybrid,Automatic,4,54168,98774,4956,Low
12/31/2022,5 Series,2022,Africa,Silver,Hybrid,Manual,3.8,12790,125738,4187,Low
12/31/2024,i8,2024,Europe,Red,Petrol,Manual,2.9,2542,175270,357,Low
12/31/2023,i8,2023,Africa,Silver,Diesel,Manual,2.8,7055,172884,50,Low
12/31/2017,M5,2017,Europe,White,Petrol,Automatic,4,132784,121379,1427,Low
12/31/2023,7 Series,2023,Africa,Black,Electric,Manual,5,86600,157051,883,Low
12/31/2022,X1,2022,Asia,Blue,Hybrid,Automatic,2.9,83941,97198,9621,High
12/31/2011,3 Series,2011,Asia,White,Petrol,Automatic,4.7,195918,35344,10162,High
12/31/2022,3 Series,2022,South America,White,Diesel,Manual,3.6,76492,88232,7143,High
12/31/2011,X3,2011,Africa,Silver,Diesel,Automatic,4.5,24124,62816,4104,Low
12/31/2012,i3,2012,Europe,Grey,Diesel,Automatic,2.3,116085,35502,4034,Low
12/31/2022,i8,2022,Europe,Silver,Electric,Manual,4.2,5675,197840,160,Low
12/31/2012,7 Series,2012,Asia,Grey,Hybrid,Automatic,4.4,68375,110010,544,Low
12/31/2022,X5,2022,Africa,Red,Diesel,Manual,4.4,178354,92358,3713,Low
12/31/2012,X6,2012,Asia,Grey,Diesel,Automatic,4.2,105504,79943,3502,Low
12/31/2013,i3,2013,North America,Silver,Diesel,Manual,2.6,78731,48829,5269,High
12/31/2012,X5,2012,Middle East,Blue,Electric,Automatic,3.3,185993,68268,532,Low
12/31/2011,X1,2011,Africa,Grey,Hybrid,Manual,2.5,103157,37624,3114,Low
12/31/2018,i8,2018,Africa,Red,Electric,Automatic,2.7,35742,165367,50,Low
12/31/2015,X5,2015,Europe,Grey,Electric,Automatic,2.6,162231,76173,5946,High
12/31/2012,M5,2012,Asia,Grey,Hybrid,Manual,2.5,174437,89064,1167,Low
12/31/2018,M5,2018,Africa,Grey,Petrol,Automatic,3.9,66057,123982,512,Low
12/31/2024,3 Series,2024,Europe,Black,Petrol,Manual,3.8,75760,103526,8967,High
12/31/2013,X6,2013,Europe,Red,Diesel,Automatic,2.2,66260,73947,3581,Low
12/31/2013,M5,2013,Middle East,Grey,Hybrid,Manual,3.9,68261,123566,61,Low
12/31/2017,X1,2017,Europe,Blue,Diesel,Automatic,2.5,134117,47847,8122,High
12/31/2016,X5,2016,Asia,Black,Electric,Manual,2.2,126146,78400,6838,High
12/31/2024,i3,2024,Middle East,Red,Diesel,Manual,4.1,58396,108863,4323,Low
12/31/2016,i3,2016,South America,Black,Petrol,Manual,2.8,26212,68759,3063,Low
12/31/2019,i3,2019,Middle East,Silver,Petrol,Automatic,3.5,177338,69333,3232,Low
12/31/2016,X3,2016,Middle East,Silver,Petrol,Automatic,2.2,196740,48683,5800,High
12/31/2019,i8,2019,South America,Black,Diesel,Automatic,3.6,23554,150521,50,Low
12/31/2020,X1,2020,Asia,Black,Diesel,Automatic,2.2,181105,52419,9959,High
12/31/2014,X1,2014,Africa,White,Diesel,Automatic,2.1,97215,36634,4412,Low
12/31/2024,X1,2024,Africa,Grey,Petrol,Manual,2.9,9565,103248,5287,High
12/31/2016,3 Series,2016,Europe,Blue,Electric,Manual,4.3,16174,98986,7843,High
12/31/2013,7 Series,2013,North America,Silver,Petrol,Automatic,2.1,129779,81784,981,Low
12/31/2017,M5,2017,Europe,Grey,Diesel,Automatic,1.9,185863,91980,1853,Low
12/31/2018,X6,2018,Europe,White,Hybrid,Manual,1.6,85099,91769,4636,Low
12/31/2022,5 Series,2022,Europe,White,Hybrid,Manual,3,193719,89326,7557,High
12/31/2021,M3,2021,Africa,Blue,Petrol,Automatic,2.5,135116,93514,1836,Low
12/31/2012,X6,2012,North America,Black,Hybrid,Automatic,2.5,67957,84270,3718,Low
12/31/2016,5 Series,2016,Europe,Red,Electric,Manual,4.9,13749,113619,6592,High
12/31/2021,M3,2021,North America,Red,Electric,Manual,2.2,92917,115458,3251,Low
12/31/2019,i3,2019,Europe,Black,Electric,Manual,3.1,191308,74313,5212,High
12/31/2018,X3,2018,Asia,Silver,Electric,Manual,5,104709,101822,10230,High
12/31/2010,i3,2010,Europe,Grey,Diesel,Manual,1.6,33865,35649,4554,Low
12/31/2011,7 Series,2011,North America,Grey,Hybrid,Automatic,3.9,63385,103156,383,Low
12/31/2016,X5,2016,Asia,Grey,Diesel,Automatic,2.8,55109,86467,5242,High
12/31/2024,M5,2024,Middle East,Grey,Petrol,Automatic,4.7,164734,149589,1141,Low
12/31/2022,i8,2022,Europe,Grey,Electric,Manual,4.7,107801,181478,406,Low
12/31/2011,X3,2011,South America,Silver,Petrol,Automatic,2.9,152475,33454,4616,Low
12/31/2016,X3,2016,North America,Silver,Petrol,Automatic,2.3,20532,80122,7447,High
12/31/2010,5 Series,2010,Middle East,White,Diesel,Automatic,3,155196,40957,4345,Low
12/31/2024,5 Series,2024,Middle East,Grey,Electric,Manual,4.9,165799,122928,5693,High
12/31/2012,5 Series,2012,South America,Black,Hybrid,Manual,2.5,162574,46477,3589,Low
12/31/2024,5 Series,2024,Asia,Blue,Petrol,Manual,4.9,157196,106330,8625,High
12/31/2014,i3,2014,Middle East,Silver,Hybrid,Automatic,4.4,124610,71579,2875,Low
12/31/2023,7 Series,2023,Africa,Red,Electric,Manual,2.4,101364,131620,1449,Low
12/31/2021,i3,2021,Middle East,Black,Diesel,Manual,4.3,156378,82934,4264,Low
12/31/2023,M5,2023,Europe,Black,Diesel,Manual,1.7,91622,121238,7553,High
12/31/2020,X5,2020,North America,Grey,Electric,Automatic,3.4,180908,105776,7150,High
12/31/2015,5 Series,2015,Africa,Blue,Hybrid,Manual,2.8,54094,81145,3530,Low
12/31/2024,X3,2024,North America,Blue,Hybrid,Manual,3,105466,102726,9378,High
12/31/2022,i3,2022,North America,Blue,Hybrid,Automatic,3.2,124983,93883,5623,High
12/31/2018,3 Series,2018,Asia,Silver,Petrol,Manual,3.3,6678,87489,9535,High
12/31/2018,7 Series,2018,Africa,Silver,Petrol,Manual,3.8,189990,92031,664,Low
12/31/2012,X3,2012,North America,Silver,Hybrid,Manual,3.9,139540,59788,9218,High
12/31/2023,X1,2023,South America,Blue,Electric,Manual,4.9,165005,99746,5145,High
12/31/2017,X3,2017,North America,Blue,Petrol,Automatic,4.2,162591,72695,8554,High
12/31/2022,5 Series,2022,Asia,Red,Electric,Manual,3.9,77289,118037,7348,High
12/31/2013,X6,2013,Africa,Grey,Electric,Manual,2.9,139499,75218,1731,Low
12/31/2016,i3,2016,South America,Silver,Electric,Manual,1.9,41790,77230,2844,Low
12/31/2015,7 Series,2015,Middle East,Blue,Petrol,Manual,1.7,189769,74869,944,Low
12/31/2017,X1,2017,Asia,White,Diesel,Automatic,3.2,182037,46566,8601,High
12/31/2015,3 Series,2015,North America,Grey,Diesel,Automatic,3.8,172462,49474,8821,High
12/31/2013,X3,2013,Asia,Silver,Petrol,Manual,3.8,44440,69987,7390,High
12/31/2011,5 Series,2011,Europe,Red,Hybrid,Manual,4.8,78451,75837,6411,High
12/31/2016,7 Series,2016,North America,Silver,Hybrid,Automatic,2.8,81902,120561,770,Low
12/31/2020,M3,2020,Middle East,Blue,Petrol,Automatic,3.7,35932,119778,1725,Low
12/31/2024,i3,2024,Europe,Silver,Electric,Manual,4.6,88262,125425,5583,High
12/31/2022,M3,2022,South America,Blue,Diesel,Automatic,2.9,2289,116528,2078,Low
12/31/2020,5 Series,2020,South America,White,Diesel,Manual,3.2,169762,71077,5211,High
12/31/2013,7 Series,2013,Asia,Red,Hybrid,Automatic,4.7,104527,116714,655,Low
12/31/2022,3 Series,2022,North America,Black,Hybrid,Automatic,3.4,164167,87768,9553,High
12/31/2018,X3,2018,Europe,Red,Electric,Automatic,4.3,183218,86752,9153,High
12/31/2018,X6,2018,Middle East,Grey,Electric,Manual,4.8,54714,132805,2649,Low
12/31/2016,M5,2016,Middle East,Silver,Electric,Manual,3.5,139283,118874,633,Low
12/31/2014,X3,2014,Middle East,Black,Diesel,Manual,1.9,64146,52762,5644,High
12/31/2012,X5,2012,South America,Grey,Petrol,Manual,4.4,176911,54558,3113,Low
12/31/2012,X5,2012,Middle East,White,Hybrid,Manual,4.4,27709,95594,3481,Low
12/31/2018,5 Series,2018,Europe,Silver,Hybrid,Manual,1.9,167196,69366,6794,High
12/31/2018,7 Series,2018,Europe,White,Diesel,Manual,3.4,1371,126354,992,Low
12/31/2021,3 Series,2021,Middle East,Grey,Electric,Manual,3.2,17185,110061,7210,High
12/31/2022,X6,2022,Africa,Grey,Hybrid,Manual,4.5,147792,116455,2612,Low
12/31/2020,M5,2020,Africa,Black,Hybrid,Manual,2.5,52739,138542,1120,Low
12/31/2013,M5,2013,Middle East,Grey,Electric,Manual,3,98102,119850,134,Low
12/31/2020,X6,2020,Africa,Red,Diesel,Automatic,3.6,85043,106650,2432,Low
12/31/2010,3 Series,2010,Europe,Black,Electric,Automatic,3.3,6241,72272,1247,Low
12/31/2022,X6,2022,Middle East,Red,Diesel,Manual,4.8,189469,110336,2775,Low
12/31/2019,X5,2019,North America,White,Diesel,Automatic,4.9,144108,101208,5934,High
12/31/2014,3 Series,2014,Middle East,White,Diesel,Manual,1.8,193210,25474,5958,High
12/31/2023,5 Series,2023,Asia,Grey,Diesel,Manual,2.5,140607,84951,7795,High
12/31/2017,i3,2017,North America,Black,Electric,Manual,1.5,124581,65336,5370,High
12/31/2019,M3,2019,South America,Silver,Petrol,Manual,3,104221,92061,2013,Low
12/31/2024,7 Series,2024,Europe,Red,Hybrid,Automatic,3.8,150238,149725,2024,Low
12/31/2024,M5,2024,Middle East,Grey,Diesel,Automatic,3.1,187690,135822,1622,Low
12/31/2013,i8,2013,Middle East,Red,Hybrid,Manual,1.7,176353,108853,50,Low
12/31/2019,X3,2019,Africa,Grey,Electric,Manual,2.2,189932,67461,4774,Low
12/31/2019,3 Series,2019,Africa,Black,Petrol,Manual,2.1,122065,57343,6098,High
12/31/2013,5 Series,2013,South America,Black,Diesel,Automatic,3.3,10885,79840,3402,Low
12/31/2022,M5,2022,Europe,Red,Diesel,Manual,3.9,44290,146160,1804,Low
12/31/2021,X6,2021,Africa,Silver,Electric,Automatic,2.6,189863,104563,2477,Low
12/31/2023,7 Series,2023,Africa,Black,Electric,Manual,2,137330,124699,1640,Low
12/31/2018,M3,2018,Middle East,Silver,Diesel,Automatic,4.3,100348,96715,1702,Low
12/31/2024,7 Series,2024,Africa,Silver,Diesel,Manual,4.5,139045,137218,1043,Low
12/31/2018,5 Series,2018,South America,Grey,Hybrid,Automatic,2.5,48127,100539,5041,High
12/31/2016,M5,2016,Asia,Silver,Diesel,Automatic,3,71568,119046,1467,Low
12/31/2019,X3,2019,Middle East,Silver,Electric,Manual,1.8,4274,99956,7017,High
12/31/2017,X3,2017,Africa,Red,Electric,Manual,2.3,57754,86212,4078,Low
12/31/2021,i3,2021,Asia,Black,Diesel,Manual,4.2,154317,74345,5215,High
12/31/2021,M3,2021,North America,Red,Hybrid,Manual,2.8,112315,107970,3958,Low
12/31/2013,X3,2013,South America,Black,Electric,Automatic,3.6,134743,61850,4533,Low
12/31/2017,i3,2017,Africa,Red,Hybrid,Manual,4.8,176788,68022,2483,Low
12/31/2023,5 Series,2023,Middle East,Black,Petrol,Manual,4,33600,128144,4153,Low
12/31/2015,7 Series,2015,North America,Silver,Diesel,Manual,3.1,106301,94735,1169,Low
12/31/2022,7 Series,2022,South America,Black,Hybrid,Manual,2.8,32863,138605,1182,Low
12/31/2012,i8,2012,Asia,Black,Hybrid,Manual,2.2,87870,119144,50,Low
12/31/2016,3 Series,2016,Europe,Blue,Electric,Manual,4.1,22841,100034,7464,High
12/31/2012,7 Series,2012,Middle East,Silver,Petrol,Automatic,1.9,46959,96078,57,Low
12/31/2020,5 Series,2020,South America,Silver,Diesel,Manual,1.7,86271,79860,4641,Low
12/31/2016,X6,2016,Africa,Red,Diesel,Manual,1.9,69200,74666,1973,Low
12/31/2014,M5,2014,Africa,Black,Diesel,Automatic,2.4,44605,100771,171,Low
12/31/2013,X5,2013,Europe,Blue,Petrol,Automatic,3.7,3394,92371,4340,Low
12/31/2012,5 Series,2012,Europe,Black,Hybrid,Automatic,4.5,101220,78328,5245,High
12/31/2017,5 Series,2017,Europe,Grey,Electric,Manual,5,174876,90573,6161,High
12/31/2013,M3,2013,North America,Black,Hybrid,Automatic,4.1,33938,97865,2026,Low
12/31/2017,X5,2017,South America,Red,Hybrid,Manual,2,86900,81636,3052,Low
12/31/2019,7 Series,2019,Europe,Silver,Hybrid,Automatic,2.5,199152,104992,406,Low
12/31/2012,X3,2012,Europe,Blue,Petrol,Automatic,2,170726,30968,7085,High
12/31/2019,X3,2019,South America,Silver,Hybrid,Manual,1.9,51822,85661,6730,High
12/31/2022,M5,2022,Middle East,Black,Electric,Automatic,3.5,123012,151991,1554,Low
12/31/2018,i8,2018,North America,Black,Hybrid,Automatic,4.7,187585,142801,391,Low
12/31/2015,M5,2015,Asia,Red,Hybrid,Automatic,3.9,101896,128701,1101,Low
12/31/2024,X5,2024,Africa,White,Petrol,Automatic,4.3,172200,106802,3164,Low
12/31/2014,i3,2014,Asia,White,Hybrid,Automatic,3.3,128664,60755,4245,Low
12/31/2014,X1,2014,North America,Silver,Petrol,Automatic,3.2,25203,65725,8061,High
12/31/2022,M5,2022,Middle East,Silver,Petrol,Manual,4.8,119379,149901,1084,Low
12/31/2012,X3,2012,Europe,Red,Hybrid,Manual,4,137080,59601,8734,High
12/31/2011,X5,2011,Europe,Red,Electric,Automatic,3.1,122176,67366,5496,High
12/31/2015,3 Series,2015,North America,Blue,Hybrid,Manual,2.7,60887,73616,7920,High
12/31/2020,X5,2020,Europe,Grey,Electric,Manual,1.8,13648,113117,6239,High
12/31/2010,X3,2010,Europe,Black,Hybrid,Automatic,4.4,22415,74166,7727,High
12/31/2024,M5,2024,Middle East,Black,Diesel,Manual,2.1,154678,122277,1677,Low
12/31/2024,3 Series,2024,South America,Silver,Petrol,Automatic,3.3,199589,76940,6179,High
12/31/2023,X3,2023,Africa,Blue,Electric,Manual,3.7,115242,108656,5340,High
12/31/2016,5 Series,2016,Africa,Black,Electric,Manual,4.1,191870,77244,3816,Low
12/31/2024,X3,2024,Asia,Black,Hybrid,Automatic,1.8,94087,44325,11054,High
12/31/2014,M3,2014,Asia,Grey,Diesel,Manual,1.5,187196,42625,3293,Low
12/31/2013,X3,2013,North America,Silver,Diesel,Manual,4,168919,43340,7987,High
12/31/2018,X1,2018,North America,Red,Electric,Manual,3.1,100744,78682,7573,High
12/31/2019,X6,2019,North America,Grey,Petrol,Automatic,2.1,23490,106301,3708,Low
12/31/2010,i3,2010,Middle East,Silver,Diesel,Automatic,4.9,73571,55301,2387,Low
12/31/2020,M3,2020,North America,Blue,Petrol,Automatic,4.3,74006,110476,3309,Low
12/31/2024,M3,2024,Africa,Grey,Hybrid,Automatic,3.5,93729,127394,1955,Low
12/31/2013,X1,2013,North America,Red,Petrol,Manual,4,176613,36166,8616,High
12/31/2012,i3,2012,Europe,White,Hybrid,Manual,2,57575,55398,3672,Low
12/31/2015,X6,2015,North America,Grey,Hybrid,Automatic,4.9,34082,125423,2873,Low
12/31/2014,i3,2014,Africa,White,Petrol,Manual,5,156719,53564,2366,Low
12/31/2016,M3,2016,Europe,White,Hybrid,Manual,3.8,184051,78852,2712,Low
12/31/2022,X3,2022,South America,Grey,Petrol,Automatic,3.8,159298,85536,6078,High
12/31/2010,X1,2010,Middle East,Silver,Petrol,Manual,4,55589,46325,4485,Low
12/31/2022,7 Series,2022,South America,Grey,Electric,Manual,3.8,174388,131109,1221,Low
12/31/2014,M5,2014,Middle East,Black,Hybrid,Automatic,3,179490,97687,640,Low
12/31/2023,i3,2023,North America,Grey,Petrol,Automatic,3.4,16370,111111,5844,High
12/31/2011,M3,2011,Africa,Black,Electric,Automatic,2.5,111929,70183,710,Low
12/31/2011,M5,2011,South America,Black,Electric,Automatic,3.1,3139,113134,50,Low
12/31/2020,X6,2020,Europe,Black,Hybrid,Manual,3,171592,95570,4369,Low
12/31/2024,X6,2024,Asia,White,Hybrid,Automatic,2.5,101006,127073,5758,High
12/31/2020,M3,2020,Asia,Black,Electric,Manual,4.3,45493,135254,3596,Low
12/31/2011,i8,2011,Europe,Blue,Electric,Automatic,2.9,42505,138472,50,Low
12/31/2018,M5,2018,South America,Silver,Hybrid,Automatic,3.4,65267,130188,1148,Low
12/31/2019,M5,2019,South America,Grey,Electric,Manual,2,47218,128342,1338,Low
12/31/2012,M3,2012,Asia,Red,Petrol,Manual,3.2,71587,72182,4598,Low
12/31/2013,X1,2013,Asia,Blue,Hybrid,Automatic,4.2,122337,57221,8538,High
12/31/2024,X3,2024,Europe,Blue,Hybrid,Manual,3.1,168441,92767,10693,High
12/31/2014,X5,2014,Middle East,White,Diesel,Automatic,3.5,97848,77783,3799,Low
12/31/2023,X3,2023,North America,Red,Electric,Manual,4,131877,114328,8497,High
12/31/2013,X3,2013,Europe,White,Diesel,Automatic,2.9,181584,35520,7060,High
12/31/2013,7 Series,2013,Africa,White,Electric,Manual,2.7,86211,103011,50,Low
12/31/2014,i8,2014,Middle East,White,Electric,Manual,1.8,26218,142412,50,Low
12/31/2019,3 Series,2019,Asia,Silver,Petrol,Automatic,3.5,75044,82827,8938,High
12/31/2024,X1,2024,Africa,Grey,Electric,Automatic,4,87313,114759,5660,High
12/31/2018,X5,2018,Middle East,Black,Petrol,Manual,3.5,92454,90983,4071,Low
12/31/2021,3 Series,2021,North America,Grey,Diesel,Automatic,2.5,109475,77883,9976,High
12/31/2018,i3,2018,Europe,Blue,Hybrid,Manual,2.4,154868,66685,5890,High
12/31/2023,X5,2023,Middle East,Blue,Electric,Manual,2.1,90118,124185,5070,High
12/31/2023,M5,2023,Europe,Black,Electric,Manual,1.7,120267,138154,2771,Low
12/31/2015,3 Series,2015,Asia,Grey,Petrol,Automatic,3,127122,55837,8845,High
12/31/2020,5 Series,2020,Africa,Silver,Hybrid,Manual,2.1,104137,90576,4590,Low
12/31/2021,X1,2021,South America,White,Hybrid,Manual,3.9,140963,84077,6337,High
12/31/2023,X5,2023,Africa,Grey,Electric,Manual,4.9,154971,122409,3258,Low
12/31/2012,X6,2012,North America,Blue,Hybrid,Manual,1.8,53416,76903,3093,Low
12/31/2015,X6,2015,Africa,Black,Electric,Automatic,4.6,65531,112527,1389,Low
12/31/2019,X1,2019,Europe,Black,Electric,Manual,3.8,81828,88629,8417,High
12/31/2013,X3,2013,Africa,Grey,Hybrid,Manual,4.5,115136,67624,3710,Low
12/31/2012,M5,2012,North America,Red,Diesel,Automatic,2,116277,87586,1150,Low
12/31/2015,5 Series,2015,Middle East,White,Diesel,Manual,4.7,105692,81903,4404,Low
12/31/2024,3 Series,2024,South America,White,Electric,Manual,4.9,25813,126573,6575,High
12/31/2020,X1,2020,South America,White,Hybrid,Automatic,4.7,35189,101676,5161,High
12/31/2015,3 Series,2015,South America,Silver,Electric,Manual,4.2,186798,61362,5363,High
12/31/2011,M5,2011,Africa,Grey,Diesel,Automatic,1.8,123421,67207,255,Low
12/31/2018,M5,2018,Africa,Silver,Diesel,Automatic,2.3,161714,99421,909,Low
12/31/2017,i3,2017,Europe,Black,Hybrid,Automatic,4.7,4294,110778,4056,Low
12/31/2015,X5,2015,Middle East,Silver,Hybrid,Automatic,2.3,162295,73659,3440,Low
12/31/2010,7 Series,2010,Asia,Silver,Diesel,Automatic,2.7,51842,126513,50,Low
12/31/2021,M5,2021,Middle East,Black,Petrol,Automatic,1.7,185669,108621,1489,Low
12/31/2011,M3,2011,Middle East,Red,Hybrid,Manual,3.7,70735,81263,992,Low
12/31/2024,X6,2024,Asia,Grey,Hybrid,Automatic,3.5,64332,141725,5383,High
12/31/2013,X5,2013,Africa,Black,Diesel,Manual,4.9,166662,62708,3079,Low
12/31/2016,5 Series,2016,South America,White,Hybrid,Manual,4.6,98332,95608,3296,Low
12/31/2018,X5,2018,Asia,Blue,Hybrid,Manual,3.3,82358,97028,6916,High
12/31/2019,X5,2019,South America,Grey,Hybrid,Manual,3.6,64458,104226,3704,Low
12/31/2014,5 Series,2014,Middle East,Red,Petrol,Manual,2.9,121213,62993,4314,Low
12/31/2019,3 Series,2019,Africa,Silver,Electric,Automatic,2,12503,97244,5340,High
12/31/2011,3 Series,2011,North America,Red,Electric,Manual,4.5,164249,54688,7634,High
12/31/2024,M5,2024,Africa,Silver,Electric,Manual,3.4,8501,170118,1142,Low
12/31/2022,M3,2022,South America,Red,Electric,Automatic,3,46581,186986,1303,Low
12/31/2020,3 Series,2020,Middle East,White,Diesel,Automatic,1.7,77832,73298,6968,High
12/31/2020,M3,2020,Asia,Black,Electric,Automatic,3.8,38117,132514,2798,Low
12/31/2020,X1,2020,Asia,Black,Petrol,Automatic,2.9,75875,79618,7967,High
12/31/2010,X3,2010,North America,Black,Petrol,Manual,2.4,8168,51529,8176,High
12/31/2019,X6,2019,South America,Black,Hybrid,Manual,4.6,97861,110881,6789,High
12/31/2023,7 Series,2023,North America,Grey,Diesel,Manual,2.1,114229,117947,2209,Low
12/31/2022,3 Series,2022,Middle East,Black,Petrol,Automatic,3.3,7598,111166,6678,High
12/31/2023,X5,2023,Africa,Red,Diesel,Automatic,4.3,81245,119350,2947,Low
12/31/2010,i8,2010,Asia,Black,Electric,Automatic,4.5,102093,130013,50,Low
12/31/2014,X3,2014,North America,Blue,Petrol,Manual,4.4,45999,75815,9087,High
12/31/2023,X1,2023,Europe,White,Petrol,Manual,4.6,75597,97092,7785,High
12/31/2016,i3,2016,South America,Black,Hybrid,Manual,2,160461,47472,3164,Low
12/31/2018,i8,2018,Europe,Grey,Electric,Manual,4.8,30615,175804,50,Low
12/31/2018,X3,2018,Middle East,White,Hybrid,Manual,1.5,53121,79524,5965,High
12/31/2017,i3,2017,Africa,Silver,Electric,Automatic,2.4,101983,77380,2285,Low
12/31/2010,M5,2010,Europe,Black,Petrol,Manual,1.8,51742,85153,842,Low
12/31/2014,i3,2014,South America,Red,Hybrid,Automatic,4.8,160988,64430,2337,Low
12/31/2015,7 Series,2015,North America,Red,Petrol,Manual,3,113229,100691,1060,Low
12/31/2015,i3,2015,Asia,Grey,Electric,Manual,2.6,193599,50142,4664,Low
12/31/2013,M5,2013,Europe,Red,Diesel,Automatic,2.1,112944,88606,1298,Low
12/31/2010,M3,2010,Middle East,Black,Petrol,Automatic,2,28590,68605,980,Low
12/31/2012,i8,2012,Europe,Grey,Electric,Automatic,3.6,174976,118506,50,Low
12/31/2019,i8,2019,Africa,White,Petrol,Manual,1.7,13217,134989,50,Low
12/31/2024,5 Series,2024,South America,Black,Electric,Automatic,3.6,48287,129407,4962,Low
12/31/2024,7 Series,2024,Asia,Blue,Hybrid,Manual,4.2,113854,150861,2442,Low
12/31/2013,7 Series,2013,Europe,White,Electric,Automatic,3.6,71407,110285,483,Low
12/31/2013,X3,2013,Asia,White,Hybrid,Manual,4.4,4926,89519,1419,Low
12/31/2022,X5,2022,Europe,White,Petrol,Automatic,2.4,166067,93385,6076,High
12/31/2013,i8,2013,North America,White,Electric,Manual,1.8,177227,111570,50,Low
12/31/2023,i3,2023,South America,Silver,Petrol,Manual,4,185391,80154,3758,Low
12/31/2014,i8,2014,Africa,Black,Hybrid,Manual,4.4,186498,116299,50,Low
12/31/2022,3 Series,2022,Middle East,Grey,Petrol,Manual,3.3,19698,107221,6100,High
12/31/2024,i8,2024,Africa,White,Petrol,Manual,4.4,85845,160706,99,Low
12/31/2024,i8,2024,Africa,Black,Diesel,Manual,3.1,164889,146904,277,Low
12/31/2020,M5,2020,North America,Blue,Electric,Manual,2.2,173270,117784,2773,Low
12/31/2018,3 Series,2018,Asia,Black,Petrol,Manual,3.2,41475,78376,10273,High
12/31/2013,i8,2013,Asia,Red,Diesel,Manual,2.3,63916,115594,50,Low
12/31/2018,3 Series,2018,Africa,Black,Hybrid,Manual,3.2,115481,72331,6084,High
12/31/2018,7 Series,2018,North America,Silver,Diesel,Manual,2,95460,104806,1562,Low
12/31/2010,7 Series,2010,Asia,White,Hybrid,Manual,2.1,78698,85477,605,Low
12/31/2014,i8,2014,Asia,Silver,Petrol,Manual,4.6,23220,151295,50,Low
12/31/2018,M5,2018,Asia,Black,Hybrid,Manual,1.9,39664,130754,2199,Low
12/31/2013,M3,2013,Asia,Blue,Petrol,Automatic,2.3,63935,72071,2747,Low
12/31/2014,X6,2014,Asia,Grey,Diesel,Automatic,5,93849,96938,3864,Low
12/31/2013,X5,2013,North America,Red,Electric,Automatic,3.5,3417,108642,4800,Low
12/31/2022,7 Series,2022,Europe,White,Petrol,Manual,3.6,73437,134395,1448,Low
12/31/2011,i3,2011,Europe,Grey,Hybrid,Automatic,4.5,19570,77881,4068,Low
12/31/2019,5 Series,2019,Africa,White,Petrol,Automatic,3.3,48507,100643,3740,Low
12/31/2011,X6,2011,Africa,Red,Petrol,Manual,2.3,28316,65462,1281,Low
12/31/2011,X3,2011,North America,Red,Diesel,Manual,3,104543,41960,8580,High
12/31/2022,M3,2022,Asia,White,Hybrid,Automatic,4.1,62012,138907,2973,Low
12/31/2010,X5,2010,Middle East,Black,Petrol,Manual,4.6,94940,70004,3520,Low
12/31/2012,i3,2012,South America,White,Diesel,Automatic,2.5,90292,41446,2966,Low
12/31/2024,i3,2024,North America,Grey,Hybrid,Manual,2.4,124061,94392,6979,High
12/31/2023,X5,2023,Middle East,Black,Electric,Manual,2.6,32735,127567,4476,Low
12/31/2020,5 Series,2020,Asia,Grey,Electric,Manual,3.6,21968,128642,6948,High
12/31/2019,M3,2019,Asia,Silver,Hybrid,Manual,2.5,125021,97192,3612,Low
12/31/2010,M3,2010,Europe,White,Petrol,Automatic,4.6,166533,59415,2158,Low
12/31/2013,X5,2013,Europe,Blue,Petrol,Automatic,4.9,40188,87710,5566,High
12/31/2010,X3,2010,South America,Red,Electric,Automatic,3.9,150627,51743,4603,Low
12/31/2013,X1,2013,Asia,Red,Petrol,Automatic,4.9,111701,56003,6572,High
12/31/2012,X6,2012,Asia,Silver,Diesel,Manual,2.5,99606,60648,3707,Low
12/31/2018,3 Series,2018,Africa,Black,Electric,Automatic,4.4,93516,40656,6825,High
12/31/2010,M3,2010,North America,Red,Diesel,Manual,3.9,18929,73346,2087,Low
12/31/2023,M3,2023,Europe,Red,Diesel,Manual,2.4,42213,111452,3288,Low
12/31/2017,7 Series,2017,Middle East,Blue,Hybrid,Automatic,2.6,151732,108291,712,Low
12/31/2020,i3,2020,North America,White,Hybrid,Manual,3.2,105127,91184,5661,High
12/31/2018,X5,2018,Africa,Blue,Electric,Manual,4.3,151915,92430,3252,Low
12/31/2021,5 Series,2021,North America,Red,Electric,Manual,4.6,80766,125837,8145,High
12/31/2016,i3,2016,Asia,Red,Electric,Manual,3.7,96700,79858,5592,High
12/31/2010,3 Series,2010,South America,Red,Petrol,Automatic,4,172879,28958,5894,High
12/31/2013,X3,2013,Europe,Black,Diesel,Automatic,2.4,108821,44120,8019,High
12/31/2019,7 Series,2019,South America,Silver,Hybrid,Automatic,4.1,167235,121390,1217,Low
12/31/2010,X6,2010,South America,Blue,Diesel,Manual,3.6,133870,51931,1738,Low
12/31/2013,5 Series,2013,North America,Grey,Hybrid,Manual,2.3,185424,51927,6421,High
12/31/2024,M3,2024,South America,Black,Petrol,Manual,4.8,9602,141259,1759,Low
12/31/2012,3 Series,2012,North America,Black,Diesel,Automatic,3.3,111298,43765,8013,High
12/31/2011,X6,2011,South America,Silver,Petrol,Manual,4.3,50597,78460,1848,Low
12/31/2010,X5,2010,North America,Grey,Diesel,Manual,3.3,35212,65146,5743,High
12/31/2015,M5,2015,Africa,Silver,Petrol,Automatic,4.8,31071,121120,50,Low
12/31/2021,5 Series,2021,Europe,Black,Hybrid,Manual,2,157110,86363,8649,High
12/31/2016,M3,2016,South America,Black,Hybrid,Automatic,3.4,76529,93954,1408,Low
12/31/2015,X5,2015,North America,Blue,Electric,Automatic,1.6,198401,61561,5785,High
12/31/2018,X1,2018,Asia,Red,Petrol,Manual,2.2,194212,38783,8495,High
12/31/2021,X1,2021,Africa,Grey,Petrol,Automatic,2.5,138605,65087,5276,High
12/31/2018,X6,2018,South America,Grey,Hybrid,Automatic,3.2,109260,153249,2181,Low
12/31/2011,i3,2011,North America,Grey,Petrol,Manual,4.4,131420,45137,4250,Low
12/31/2024,7 Series,2024,South America,Black,Diesel,Automatic,3.1,131788,120594,1522,Low
12/31/2024,X5,2024,Asia,White,Electric,Automatic,3.5,46001,145614,5943,High
12/31/2011,M3,2011,Asia,White,Hybrid,Automatic,4.7,75923,88379,2293,Low
12/31/2018,X5,2018,Europe,Silver,Diesel,Automatic,4.1,17200,107081,5267,High
12/31/2010,5 Series,2010,Africa,Blue,Hybrid,Automatic,1.7,28408,58423,2411,Low
12/31/2014,i8,2014,Middle East,Silver,Petrol,Manual,2.1,197514,106225,50,Low
12/31/2010,5 Series,2010,South America,Red,Diesel,Automatic,1.6,28135,49123,3022,Low
12/31/2016,X6,2016,Asia,Grey,Electric,Automatic,1.7,55601,105831,4333,Low
12/31/2018,5 Series,2018,North America,Grey,Electric,Manual,2.7,156200,82374,6397,High
12/31/2015,X3,2015,Asia,Grey,Diesel,Automatic,4,28790,77649,15000,High
12/31/2023,7 Series,2023,North America,Black,Petrol,Automatic,2.4,184904,114293,2058,Low
12/31/2011,X3,2011,Middle East,White,Diesel,Automatic,2.9,9934,58478,5081,High
12/31/2015,X5,2015,Europe,Silver,Electric,Manual,2.9,113379,83822,5985,High
12/31/2018,7 Series,2018,Asia,Silver,Diesel,Manual,3.6,180097,98288,1832,Low
12/31/2012,X3,2012,Middle East,White,Hybrid,Automatic,4.6,168459,58983,5081,High
12/31/2018,i3,2018,Asia,Grey,Petrol,Manual,4.9,11860,102527,4215,Low
12/31/2017,i8,2017,North America,Grey,Diesel,Automatic,3.6,132463,134891,50,Low
12/31/2024,X6,2024,Middle East,Black,Electric,Automatic,3.3,199339,125848,3448,Low
12/31/2022,i8,2022,Asia,Silver,Diesel,Manual,3.9,58326,161491,265,Low
12/31/2021,X3,2021,Middle East,Silver,Hybrid,Manual,3.8,115530,97338,5821,High
12/31/2016,M5,2016,Asia,White,Petrol,Manual,3.3,88600,115091,1614,Low
12/31/2017,7 Series,2017,Middle East,Silver,Diesel,Manual,4.1,150342,104050,768,Low
12/31/2019,M3,2019,South America,Black,Electric,Manual,3.2,33607,115974,1851,Low
12/31/2015,5 Series,2015,Asia,White,Hybrid,Automatic,5,70008,105729,6368,High
12/31/2012,3 Series,2012,South America,Blue,Hybrid,Manual,1.7,78229,43742,5824,High
12/31/2016,X6,2016,South America,Red,Hybrid,Automatic,3.1,149093,87526,2211,Low
12/31/2013,7 Series,2013,Africa,Black,Electric,Automatic,2.9,69709,105548,50,Low
12/31/2020,3 Series,2020,North America,Blue,Hybrid,Automatic,4.2,115171,91752,10926,High
12/31/2019,5 Series,2019,Africa,White,Hybrid,Manual,2.2,160262,72950,4641,Low
12/31/2023,M3,2023,South America,Blue,Petrol,Automatic,3,180644,98324,2323,Low
12/31/2014,i3,2014,Asia,Red,Diesel,Manual,3.9,164907,44251,4987,Low
12/31/2017,X1,2017,Middle East,White,Diesel,Manual,3.6,177083,49351,5706,High
12/31/2024,X5,2024,Asia,Black,Electric,Manual,3.4,82611,130940,7770,High
12/31/2016,3 Series,2016,Asia,Blue,Electric,Automatic,3,26755,89731,9911,High
12/31/2016,i8,2016,Africa,Blue,Hybrid,Manual,4.1,88554,140402,50,Low
12/31/2017,X1,2017,Asia,White,Hybrid,Automatic,3.8,52978,81820,8447,High
12/31/2019,7 Series,2019,Middle East,Black,Electric,Automatic,4.6,44161,157476,627,Low
12/31/2012,X3,2012,Middle East,White,Hybrid,Automatic,4.1,88819,72288,4957,Low
12/31/2012,5 Series,2012,Asia,White,Hybrid,Manual,2,109812,57697,6678,High
12/31/2011,M5,2011,Asia,Grey,Petrol,Manual,3.7,174307,80626,1299,Low
12/31/2024,M5,2024,Middle East,Blue,Diesel,Manual,1.7,82589,139485,1455,Low
12/31/2010,5 Series,2010,North America,White,Petrol,Automatic,2.9,93103,71279,5713,High
12/31/2019,i3,2019,Europe,Blue,Electric,Manual,2.9,12698,104193,5771,High
12/31/2015,i8,2015,Asia,Blue,Hybrid,Manual,4.5,70360,156504,50,Low
12/31/2015,X5,2015,Europe,Grey,Petrol,Manual,2.1,89920,65744,6197,High
12/31/2022,X1,2022,South America,Blue,Diesel,Automatic,3.8,18200,101349,4228,Low
12/31/2019,M5,2019,Middle East,Black,Hybrid,Manual,2.2,60975,138428,1304,Low
12/31/2021,X3,2021,Africa,White,Diesel,Manual,4.8,24032,110752,5209,High
12/31/2017,X3,2017,South America,Black,Hybrid,Automatic,3.4,183020,69099,5439,High
12/31/2023,M5,2023,South America,Silver,Diesel,Manual,4,198674,118900,1548,Low
12/31/2015,M5,2015,Middle East,Blue,Electric,Automatic,3.8,143592,127067,349,Low
12/31/2015,X1,2015,Middle East,Silver,Diesel,Manual,2.6,27921,56937,5616,High
12/31/2010,7 Series,2010,Africa,Blue,Hybrid,Manual,4.7,127729,89087,50,Low
12/31/2021,3 Series,2021,South America,Red,Diesel,Automatic,3.7,134150,77780,5783,High
12/31/2016,5 Series,2016,North America,Grey,Electric,Automatic,3.3,33622,102268,6380,High
12/31/2016,M5,2016,North America,White,Electric,Automatic,3.3,122883,129131,1295,Low
12/31/2019,5 Series,2019,North America,White,Petrol,Manual,4.6,17535,115149,5681,High
12/31/2018,i8,2018,Europe,White,Hybrid,Manual,1.7,32808,145596,360,Low
12/31/2023,X3,2023,Africa,Silver,Petrol,Manual,2.9,170572,75810,770,Low
12/31/2024,i3,2024,Africa,Red,Hybrid,Automatic,4.4,96645,109877,3076,Low
12/31/2021,X6,2021,North America,White,Hybrid,Manual,1.6,79308,111460,5105,High
12/31/2016,3 Series,2016,Middle East,Grey,Electric,Automatic,3.7,140222,73853,6648,High
12/31/2017,5 Series,2017,Europe,Black,Hybrid,Automatic,2.9,46225,95384,6189,High
12/31/2013,M5,2013,Europe,Blue,Hybrid,Manual,2.2,121626,91471,1122,Low
12/31/2018,X5,2018,North America,Grey,Diesel,Manual,3.6,189910,71749,7043,High
12/31/2024,M5,2024,Africa,Blue,Diesel,Automatic,4.4,19117,166349,766,Low
12/31/2023,3 Series,2023,North America,Grey,Hybrid,Manual,3.1,152953,90142,10786,High
12/31/2010,X6,2010,Africa,Grey,Petrol,Automatic,2,103213,51829,1600,Low
12/31/2017,X1,2017,Middle East,Black,Hybrid,Automatic,2.6,138718,62935,4598,Low
12/31/2012,i8,2012,Asia,Blue,Hybrid,Automatic,4.9,57940,153400,50,Low
12/31/2023,i3,2023,Middle East,White,Petrol,Automatic,1.9,188376,69496,3726,Low
12/31/2010,3 Series,2010,Europe,White,Electric,Manual,2.1,97836,44375,9498,High
12/31/2011,i3,2011,Middle East,White,Hybrid,Automatic,5,41679,74981,2460,Low
12/31/2024,X3,2024,Africa,White,Petrol,Manual,4.6,66609,110483,5722,High
12/31/2015,X3,2015,Asia,Grey,Petrol,Manual,4,126799,65270,9459,High
12/31/2014,i3,2014,Africa,Silver,Petrol,Automatic,2,3348,65205,2077,Low
12/31/2023,i3,2023,North America,Black,Electric,Automatic,2.3,22000,121158,6180,High
12/31/2012,7 Series,2012,Europe,Red,Hybrid,Manual,2.1,18047,104717,498,Low
12/31/2018,i3,2018,Africa,Silver,Electric,Manual,3.7,189728,67149,2959,Low
12/31/2017,7 Series,2017,Africa,Blue,Petrol,Manual,2.9,40989,114495,214,Low
12/31/2022,i8,2022,Asia,Grey,Petrol,Automatic,1.7,25469,154958,406,Low
12/31/2012,X3,2012,South America,White,Hybrid,Automatic,2.5,135040,49752,5092,High
12/31/2011,i8,2011,South America,Silver,Electric,Manual,4.5,89120,136469,50,Low
12/31/2017,X5,2017,Europe,Black,Diesel,Automatic,4.3,160760,77561,5287,High
12/31/2023,X3,2023,Africa,Black,Petrol,Automatic,3.8,30794,112241,4663,Low
12/31/2024,M3,2024,Europe,Silver,Petrol,Manual,1.8,44871,116509,3217,Low
12/31/2014,i8,2014,Africa,Blue,Petrol,Automatic,4.6,30814,142891,50,Low
12/31/2024,3 Series,2024,Africa,Blue,Electric,Automatic,3.4,168148,97646,6858,High
12/31/2018,X6,2018,Africa,Grey,Petrol,Manual,3.2,52312,95403,2268,Low
12/31/2010,7 Series,2010,Middle East,Blue,Electric,Automatic,4.8,1169,130834,50,Low
12/31/2019,3 Series,2019,Africa,Red,Diesel,Automatic,1.5,125835,57889,5492,High
12/31/2012,3 Series,2012,South America,Blue,Electric,Automatic,3.4,118667,58051,5451,High
12/31/2014,7 Series,2014,North America,Black,Electric,Automatic,4.3,74210,119432,698,Low
12/31/2011,X3,2011,North America,Grey,Hybrid,Automatic,1.7,72127,55223,8026,High
12/31/2012,M5,2012,Europe,Blue,Diesel,Automatic,2.8,156956,78779,1083,Low
12/31/2013,i3,2013,North America,White,Petrol,Manual,4.9,122573,56151,4785,Low
12/31/2013,X3,2013,South America,Grey,Hybrid,Manual,2.2,158028,43308,5727,High
12/31/2020,X3,2020,Africa,Black,Petrol,Manual,3.4,127762,76782,5507,High
12/31/2018,M3,2018,Asia,Blue,Electric,Manual,4.1,175187,96086,3538,Low
12/31/2010,i3,2010,South America,Silver,Electric,Automatic,2.9,121089,43947,2616,Low
12/31/2021,5 Series,2021,Europe,Blue,Hybrid,Automatic,2.9,180139,91045,7217,High
12/31/2018,M3,2018,Middle East,Blue,Hybrid,Automatic,1.7,147747,85089,2632,Low
12/31/2024,X1,2024,Africa,Blue,Electric,Manual,2.2,149777,83115,4762,Low
12/31/2018,X5,2018,Europe,Red,Electric,Manual,4.6,166668,99487,5257,High
12/31/2020,M5,2020,Africa,Black,Electric,Automatic,4.4,35788,160546,657,Low
12/31/2015,3 Series,2015,South America,Black,Petrol,Manual,2.6,158267,40981,6514,High
12/31/2020,M5,2020,Africa,Grey,Hybrid,Manual,2.8,124811,123251,1099,Low
12/31/2010,X6,2010,Middle East,Grey,Diesel,Automatic,3,175099,49324,2521,Low
12/31/2020,M3,2020,Middle East,White,Petrol,Automatic,2.7,143791,96670,1833,Low
12/31/2022,X6,2022,Africa,White,Diesel,Automatic,3.8,62018,117797,2465,Low
12/31/2021,X1,2021,Middle East,Silver,Hybrid,Manual,1.5,199611,59133,7421,High
12/31/2015,7 Series,2015,South America,Silver,Electric,Manual,4.6,37257,135619,50,Low
12/31/2017,i3,2017,North America,White,Electric,Manual,2.6,21635,94419,4388,Low
12/31/2014,3 Series,2014,South America,Blue,Diesel,Manual,4.6,55421,64919,6243,High
12/31/2014,3 Series,2014,Asia,Grey,Diesel,Automatic,3.1,56256,61122,8498,High
12/31/2010,X3,2010,Europe,Silver,Hybrid,Manual,4.2,14524,71369,7760,High
12/31/2010,i3,2010,Middle East,Silver,Petrol,Manual,4.4,105540,46396,2502,Low
12/31/2017,5 Series,2017,Middle East,Red,Electric,Automatic,2.6,65988,95573,4111,Low
12/31/2022,7 Series,2022,Middle East,Black,Hybrid,Automatic,3.7,199726,127716,1556,Low
12/31/2014,X6,2014,Middle East,Silver,Electric,Manual,3.6,117018,90862,2556,Low
12/31/2017,X1,2017,Middle East,Grey,Diesel,Manual,3.2,102012,59594,5309,High
12/31/2019,X6,2019,Middle East,Black,Hybrid,Automatic,3.1,158397,98663,3380,Low
12/31/2011,X3,2011,North America,White,Diesel,Manual,2.6,41542,51515,8551,High
12/31/2024,X5,2024,South America,Black,Electric,Manual,2.6,92720,124357,4517,Low
12/31/2013,M5,2013,Europe,Grey,Petrol,Manual,3.4,123196,93510,987,Low
12/31/2022,3 Series,2022,Africa,Blue,Electric,Manual,1.6,72535,91554,6200,High
12/31/2020,X6,2020,Europe,Black,Petrol,Manual,4.8,123222,109122,3933,Low
12/31/2023,M5,2023,North America,Blue,Hybrid,Manual,3.8,455,174519,1908,Low
12/31/2019,M5,2019,Europe,Black,Hybrid,Automatic,3.1,79261,142229,2055,Low
12/31/2018,5 Series,2018,Asia,White,Electric,Manual,1.7,11663,102950,6886,High
12/31/2022,M3,2022,Middle East,Blue,Hybrid,Manual,3.7,37211,128627,2563,Low
12/31/2012,M3,2012,North America,Grey,Hybrid,Automatic,1.6,140480,58660,2481,Low
12/31/2015,X3,2015,South America,Grey,Electric,Manual,3.9,142781,70024,5062,High
12/31/2020,i3,2020,Africa,Black,Hybrid,Automatic,1.8,19749,94761,2783,Low
12/31/2016,5 Series,2016,Middle East,Silver,Electric,Automatic,3.8,83710,104825,4719,Low
12/31/2012,M5,2012,Africa,Blue,Petrol,Automatic,2.9,172286,76101,306,Low
12/31/2010,i8,2010,Africa,Silver,Electric,Automatic,3.8,6236,143371,50,Low
12/31/2011,3 Series,2011,Asia,Black,Diesel,Manual,2,153438,25000,10889,High
12/31/2020,X6,2020,Asia,Blue,Hybrid,Automatic,1.9,74298,113653,4761,Low
12/31/2023,X3,2023,South America,Silver,Electric,Automatic,2.4,93330,107779,5539,High
12/31/2019,7 Series,2019,Africa,Blue,Hybrid,Automatic,2.9,45320,130095,803,Low
12/31/2016,i3,2016,Middle East,Red,Hybrid,Automatic,2.4,74590,71754,3262,Low
12/31/2016,M3,2016,Europe,Grey,Diesel,Automatic,1.8,195268,56351,623,Low
12/31/2021,X1,2021,Middle East,Silver,Electric,Manual,2.6,199446,73003,5961,High
12/31/2010,X1,2010,Africa,Black,Petrol,Automatic,4,199533,25000,4188,Low
12/31/2019,i3,2019,Europe,Silver,Electric,Automatic,3.5,64182,94803,4542,Low
12/31/2016,i8,2016,Africa,Grey,Electric,Manual,4.9,2132,168456,50,Low
12/31/2024,3 Series,2024,Asia,White,Petrol,Manual,3,72556,94336,9276,High
12/31/2019,i3,2019,North America,Grey,Diesel,Manual,2.7,79928,74478,6040,High
12/31/2020,i8,2020,Europe,Grey,Electric,Manual,3.9,915,183605,89,Low
12/31/2015,X1,2015,South America,Black,Diesel,Automatic,2.9,33147,62165,3850,Low
12/31/2020,X1,2020,Africa,Red,Petrol,Manual,3.7,52910,84483,4653,Low
12/31/2015,X5,2015,South America,Red,Hybrid,Automatic,4.8,106700,97666,2680,Low
12/31/2016,X3,2016,Asia,Grey,Electric,Automatic,3.2,182150,67244,8130,High
12/31/2016,M3,2016,Asia,Silver,Petrol,Manual,3.2,113313,77091,2803,Low
12/31/2010,X3,2010,South America,Red,Diesel,Manual,4.2,169911,30274,4292,Low
12/31/2019,i3,2019,Africa,Black,Hybrid,Automatic,4.1,171635,76530,3172,Low
12/31/2014,i8,2014,North America,White,Petrol,Automatic,3.3,52560,137463,50,Low
12/31/2024,5 Series,2024,Asia,Silver,Diesel,Automatic,1.7,198813,78468,8290,High
12/31/2023,5 Series,2023,North America,Red,Diesel,Manual,4.9,196803,98274,6880,High
12/31/2023,5 Series,2023,Middle East,Grey,Hybrid,Manual,2.8,175619,96076,5492,High
12/31/2017,i3,2017,Asia,Red,Petrol,Manual,2.6,188401,43905,6326,High
12/31/2017,X1,2017,Middle East,Silver,Petrol,Automatic,4.9,92324,74124,4608,Low
12/31/2012,3 Series,2012,Europe,Blue,Petrol,Automatic,4.6,195110,39755,8565,High
12/31/2012,3 Series,2012,North America,Red,Petrol,Automatic,2.7,193571,27389,8394,High
12/31/2016,X1,2016,North America,Black,Diesel,Automatic,2.6,154254,25000,7571,High
12/31/2024,X5,2024,Middle East,Grey,Hybrid,Automatic,4,40405,147655,828,Low
12/31/2013,M5,2013,South America,Silver,Petrol,Manual,2.7,182947,78788,575,Low
12/31/2015,7 Series,2015,South America,Grey,Electric,Automatic,2.4,5628,120739,50,Low
12/31/2018,X3,2018,Middle East,Grey,Diesel,Automatic,4.9,199519,71704,6047,High
12/31/2019,5 Series,2019,Africa,White,Hybrid,Manual,3.5,69449,98203,4293,Low
12/31/2011,i8,2011,Africa,Black,Electric,Automatic,4.2,146154,115007,50,Low
12/31/2011,X3,2011,North America,Grey,Electric,Automatic,4,32720,83130,8627,High
12/31/2015,5 Series,2015,Middle East,White,Diesel,Automatic,4.1,135914,70575,4084,Low
12/31/2012,X5,2012,Middle East,Blue,Petrol,Manual,4.7,150527,66727,3469,Low
12/31/2010,M3,2010,Asia,Silver,Hybrid,Automatic,3.3,142583,64418,2012,Low
12/31/2011,M5,2011,Europe,Red,Hybrid,Manual,4.1,76794,108439,652,Low
12/31/2023,X6,2023,Asia,Blue,Electric,Automatic,4.3,100741,138867,4798,Low
12/31/2022,3 Series,2022,Asia,Silver,Diesel,Automatic,4.8,84588,105144,10304,High
12/31/2016,M5,2016,Africa,White,Hybrid,Manual,4,86137,121242,169,Low
12/31/2013,X6,2013,Africa,Red,Electric,Manual,4.6,179314,77977,1345,Low
12/31/2021,M5,2021,Asia,Silver,Petrol,Automatic,1.8,12256,134311,2108,Low
12/31/2011,X6,2011,Europe,Grey,Petrol,Manual,1.9,152787,46765,3706,Low
12/31/2020,i8,2020,Middle East,Blue,Diesel,Automatic,2.1,14093,153481,50,Low
12/31/2021,X6,2021,South America,Black,Diesel,Manual,2,121834,89274,2851,Low
12/31/2021,i8,2021,Europe,Silver,Diesel,Manual,1.8,51099,151625,237,Low
12/31/2017,i3,2017,Europe,Blue,Electric,Manual,1.9,14579,90096,4822,Low
12/31/2013,X5,2013,North America,Grey,Electric,Manual,5,155899,83143,5259,High
12/31/2013,3 Series,2013,South America,Black,Petrol,Automatic,2.5,1255,62979,5906,High
12/31/2011,5 Series,2011,North America,White,Electric,Automatic,3.2,39557,82273,6575,High
12/31/2023,X5,2023,South America,Red,Hybrid,Manual,4.4,131316,121132,3999,Low
12/31/2010,X1,2010,Middle East,Grey,Hybrid,Automatic,1.9,12394,48578,4986,Low
12/31/2010,M3,2010,Asia,Grey,Hybrid,Automatic,2.6,95466,68170,1991,Low
12/31/2012,5 Series,2012,Asia,Grey,Diesel,Automatic,2.1,159748,38565,6925,High
12/31/2015,X5,2015,Middle East,White,Hybrid,Automatic,1.7,26817,88810,3662,Low
12/31/2016,5 Series,2016,North America,Black,Diesel,Automatic,4.9,117807,81464,7084,High
12/31/2022,X1,2022,North America,Red,Hybrid,Automatic,4.5,132293,98071,8777,High
12/31/2018,M3,2018,North America,Red,Electric,Manual,4.6,169101,106459,2934,Low
12/31/2014,X5,2014,Europe,Red,Hybrid,Manual,4.5,169037,75250,5884,High
12/31/2018,X6,2018,Europe,White,Hybrid,Automatic,2,50525,107285,4251,Low
12/31/2017,i8,2017,North America,Blue,Diesel,Manual,4.2,77612,140521,50,Low
12/31/2010,5 Series,2010,Middle East,Blue,Electric,Manual,4,1191,91129,3358,Low
12/31/2020,5 Series,2020,South America,Blue,Hybrid,Manual,4.7,19530,122036,3966,Low
12/31/2021,X3,2021,Europe,Grey,Diesel,Manual,2.3,154189,65030,8218,High
12/31/2012,5 Series,2012,North America,White,Hybrid,Manual,2.9,79253,66709,5368,High
12/31/2017,7 Series,2017,Africa,Grey,Diesel,Manual,2.5,140162,91678,106,Low
12/31/2018,X1,2018,Africa,White,Electric,Manual,2.4,133532,34917,4708,Low
12/31/2023,M3,2023,North America,Grey,Electric,Manual,3.8,32815,148909,3624,Low
12/31/2013,X3,2013,Middle East,Red,Petrol,Manual,2.1,40173,60167,5560,High
12/31/2023,X1,2023,Asia,Blue,Petrol,Automatic,3.1,143879,81683,8121,High
12/31/2023,i8,2023,South America,Grey,Electric,Manual,3.8,17072,186918,142,Low
12/31/2023,i3,2023,Europe,White,Electric,Manual,2,97414,96064,5628,High
12/31/2021,i8,2021,Europe,Silver,Petrol,Manual,2.4,128407,138075,389,Low
12/31/2015,5 Series,2015,Africa,Red,Diesel,Manual,4.9,151428,68602,3188,Low
12/31/2013,X3,2013,Asia,Black,Diesel,Manual,4.3,90878,61100,8867,High
12/31/2022,i8,2022,Africa,Black,Diesel,Manual,3.9,29267,168627,50,Low
12/31/2024,5 Series,2024,Middle East,Blue,Petrol,Manual,4.5,126015,114877,5406,High
12/31/2018,M5,2018,Middle East,Black,Electric,Automatic,1.5,44720,144618,951,Low
12/31/2011,X6,2011,Middle East,Silver,Hybrid,Automatic,1.5,74949,76287,2273,Low
12/31/2015,5 Series,2015,Asia,White,Diesel,Manual,2,169486,46138,7666,High
12/31/2020,M3,2020,Africa,Grey,Petrol,Manual,3.2,85876,95346,1677,Low
12/31/2022,M3,2022,Asia,Blue,Petrol,Manual,3.5,131692,105107,3143,Low
12/31/2012,X6,2012,Europe,Red,Electric,Manual,1.9,123220,70292,2971,Low
12/31/2019,7 Series,2019,Africa,Silver,Petrol,Automatic,1.8,181768,87300,886,Low
12/31/2013,5 Series,2013,Africa,Grey,Diesel,Automatic,4.4,172462,51775,3190,Low
12/31/2011,X1,2011,Europe,Black,Petrol,Manual,3.1,13675,50092,7507,High
12/31/2020,X1,2020,South America,Blue,Hybrid,Automatic,5,91560,101530,4725,Low
12/31/2017,5 Series,2017,Africa,Black,Petrol,Automatic,2.3,190007,53397,4399,Low
12/31/2019,X5,2019,North America,Blue,Diesel,Manual,3.8,194249,77415,5940,High
12/31/2017,X3,2017,Africa,Black,Electric,Automatic,4.3,185775,79038,4733,Low
12/31/2010,3 Series,2010,North America,Black,Electric,Manual,4.6,164157,51288,8115,High
12/31/2019,i3,2019,Africa,Blue,Petrol,Automatic,2.6,75608,41388,3664,Low
12/31/2015,5 Series,2015,South America,Blue,Electric,Automatic,2.2,150612,65557,4530,Low
12/31/2010,X5,2010,North America,Red,Petrol,Manual,2.3,164545,36923,6096,High
12/31/2015,M5,2015,Middle East,Black,Diesel,Manual,3.8,164457,103569,673,Low
12/31/2016,3 Series,2016,Europe,White,Petrol,Manual,3.3,166759,49582,9622,High
12/31/2024,M5,2024,Africa,Blue,Diesel,Automatic,3.6,49807,149944,857,Low
12/31/2011,3 Series,2011,Middle East,Red,Diesel,Manual,1.6,25264,41647,5385,High
12/31/2018,7 Series,2018,Europe,Red,Diesel,Automatic,2.9,30366,118556,3011,Low
12/31/2017,i8,2017,Africa,Silver,Petrol,Manual,2.6,70219,128614,50,Low
12/31/2018,X5,2018,North America,Black,Petrol,Automatic,4.5,164374,85813,5231,High
12/31/2024,X5,2024,South America,Grey,Electric,Manual,4.2,152809,125493,4953,Low
12/31/2019,3 Series,2019,Europe,Blue,Diesel,Automatic,3,126955,67203,8760,High
12/31/2022,5 Series,2022,South America,Grey,Electric,Manual,3.7,189541,96012,5790,High
12/31/2013,i3,2013,North America,Grey,Petrol,Manual,1.7,51051,46538,4136,Low
12/31/2013,X1,2013,Africa,Red,Petrol,Automatic,3.7,79885,51482,3785,Low
12/31/2021,i8,2021,Africa,White,Petrol,Automatic,1.8,83119,137105,50,Low
12/31/2017,M3,2017,South America,Silver,Diesel,Manual,4,20271,104968,1160,Low
12/31/2010,M5,2010,Europe,White,Diesel,Automatic,3.5,79638,89466,776,Low
12/31/2017,i8,2017,Europe,Grey,Petrol,Manual,2.6,16687,148045,50,Low
12/31/2016,M3,2016,Europe,Silver,Diesel,Automatic,2.8,106160,81257,2333,Low
12/31/2021,M5,2021,Middle East,White,Diesel,Automatic,1.8,181918,111576,1248,Low
12/31/2016,M3,2016,North America,White,Diesel,Manual,2.6,144871,71317,2606,Low
12/31/2018,X6,2018,Africa,White,Petrol,Automatic,4.9,192132,90393,2273,Low
12/31/2024,X3,2024,Asia,Red,Hybrid,Manual,3.2,85826,116228,9451,High
12/31/2022,X5,2022,Africa,Grey,Hybrid,Automatic,3.2,98981,114866,3892,Low
12/31/2019,X1,2019,North America,Black,Electric,Automatic,3.7,57588,92994,8622,High
12/31/2016,X6,2016,North America,Grey,Petrol,Automatic,3.2,96155,92518,4018,Low
12/31/2024,X6,2024,Europe,Red,Electric,Automatic,2.7,152094,121882,5691,High
12/31/2011,M3,2011,Middle East,Red,Hybrid,Automatic,2,117433,64175,1258,Low
12/31/2010,i3,2010,Asia,Grey,Electric,Manual,3.7,179989,40074,4914,Low
12/31/2010,i8,2010,Asia,Grey,Hybrid,Manual,4.1,124144,121664,50,Low
12/31/2016,5 Series,2016,Middle East,Red,Hybrid,Automatic,4.7,32555,111709,3444,Low
12/31/2014,3 Series,2014,South America,Silver,Diesel,Manual,1.5,166868,25401,6209,High
12/31/2013,M3,2013,Middle East,White,Petrol,Automatic,1.7,2222,78687,280,Low
12/31/2014,M5,2014,Europe,Red,Diesel,Automatic,4.6,96724,117233,2341,Low
12/31/2019,M5,2019,Europe,White,Hybrid,Automatic,3.7,137733,126542,2342,Low
12/31/2019,X1,2019,Asia,Silver,Petrol,Automatic,4.9,22537,97248,6956,High
12/31/2015,X5,2015,North America,White,Electric,Manual,3,133671,86138,4903,Low
12/31/2021,5 Series,2021,South America,Black,Petrol,Manual,3,127501,89278,4447,Low
12/31/2024,i3,2024,North America,Black,Hybrid,Manual,2.7,192326,86958,7121,High
12/31/2019,i8,2019,Middle East,Silver,Hybrid,Manual,2,175831,133890,439,Low
12/31/2015,X6,2015,Middle East,White,Hybrid,Automatic,2.8,156302,88311,2773,Low
12/31/2010,M5,2010,Middle East,White,Diesel,Automatic,1.6,176086,67256,517,Low
12/31/2011,5 Series,2011,Europe,Black,Hybrid,Automatic,3.3,28968,81950,5411,High
12/31/2012,3 Series,2012,Asia,Red,Hybrid,Automatic,4.5,8083,79642,8392,High
12/31/2013,X5,2013,Asia,Grey,Hybrid,Automatic,2.6,145203,67599,5971,High
12/31/2015,X5,2015,South America,Silver,Hybrid,Manual,1.8,57097,82266,3514,Low
12/31/2021,X6,2021,Middle East,Red,Diesel,Automatic,4.9,181624,105082,3042,Low
12/31/2021,X3,2021,Africa,Blue,Hybrid,Automatic,2,342,105170,5680,High
12/31/2020,X1,2020,Middle East,Red,Hybrid,Manual,3.4,104688,86724,5779,High
12/31/2022,M3,2022,Middle East,Grey,Electric,Automatic,4.3,196250,117654,2538,Low
12/31/2018,X5,2018,Europe,White,Electric,Automatic,2.4,141162,93717,6602,High
12/31/2021,X5,2021,Africa,Silver,Petrol,Manual,4.4,176237,95478,3833,Low
12/31/2011,i3,2011,Middle East,Black,Diesel,Manual,3.4,50747,48771,2986,Low
12/31/2017,X1,2017,South America,Black,Petrol,Manual,2.7,152571,44724,5345,High
12/31/2018,M5,2018,Africa,Blue,Hybrid,Automatic,4.5,133500,130079,2779,Low
12/31/2011,X6,2011,South America,Blue,Petrol,Manual,3.7,115934,65727,1627,Low
12/31/2018,X3,2018,South America,Grey,Electric,Automatic,3.7,29557,103039,4962,Low
12/31/2016,X6,2016,Asia,Grey,Hybrid,Automatic,3.3,12805,112216,3288,Low
12/31/2018,i8,2018,Europe,Blue,Diesel,Automatic,2.5,98927,129920,88,Low
12/31/2015,X6,2015,Middle East,White,Petrol,Automatic,2.6,133915,79506,2762,Low
12/31/2011,3 Series,2011,Europe,White,Petrol,Manual,1.8,176656,25000,8534,High
12/31/2017,i3,2017,North America,Grey,Electric,Automatic,2.4,124077,77626,5411,High
12/31/2019,M3,2019,Europe,Black,Petrol,Automatic,2.5,64248,102839,2961,Low
12/31/2024,X5,2024,Asia,Grey,Diesel,Automatic,1.7,56174,116100,7624,High
12/31/2018,5 Series,2018,Middle East,Red,Electric,Automatic,1.9,137694,85799,5222,High
12/31/2021,X3,2021,Asia,Black,Petrol,Automatic,2.4,67593,90127,1610,Low
12/31/2017,M3,2017,Asia,Black,Petrol,Automatic,3.9,165798,84597,3227,Low
12/31/2011,M5,2011,Middle East,Black,Hybrid,Automatic,2.1,173289,86772,340,Low
12/31/2024,X3,2024,Africa,White,Hybrid,Manual,3.3,47237,118597,5434,High
12/31/2017,M3,2017,Middle East,Silver,Hybrid,Manual,3.3,120173,96592,1662,Low
12/31/2012,5 Series,2012,Middle East,Blue,Petrol,Automatic,4.4,98131,71443,3809,Low
12/31/2012,7 Series,2012,North America,White,Electric,Manual,3.6,116400,98126,118,Low
12/31/2018,X6,2018,South America,Blue,Hybrid,Manual,4.7,74600,111904,2563,Low
12/31/2022,X6,2022,Africa,Black,Hybrid,Automatic,3.7,98964,123131,2783,Low
12/31/2018,i3,2018,Europe,Grey,Diesel,Manual,1.6,135055,50903,6025,High
12/31/2024,i3,2024,Middle East,Grey,Petrol,Automatic,2.8,3224,114573,4094,Low
12/31/2018,X3,2018,Middle East,Grey,Diesel,Manual,3.9,128618,77192,6903,High
12/31/2013,i8,2013,Africa,Silver,Electric,Automatic,3.2,42145,137275,50,Low
12/31/2021,M5,2021,North America,Red,Electric,Automatic,3,117063,143500,2512,Low
12/31/2023,5 Series,2023,Asia,Grey,Petrol,Manual,3.9,159757,101644,7109,High
12/31/2016,7 Series,2016,Asia,Silver,Diesel,Manual,2.5,94136,99999,1157,Low
12/31/2022,X5,2022,South America,Black,Petrol,Automatic,4.7,27990,123576,3744,Low
12/31/2017,M3,2017,Asia,Grey,Electric,Automatic,2.9,146003,92569,2852,Low
12/31/2024,5 Series,2024,Asia,Silver,Hybrid,Automatic,3.7,115259,125937,8246,High
12/31/2024,X6,2024,Asia,Blue,Diesel,Automatic,4.9,178636,117549,5190,High
12/31/2022,M5,2022,South America,Silver,Diesel,Automatic,4.2,154272,130986,1092,Low
12/31/2024,i8,2024,North America,Blue,Petrol,Manual,3.4,109217,164959,573,Low
12/31/2022,5 Series,2022,South America,White,Hybrid,Automatic,4.5,133919,107152,4329,Low
12/31/2014,i8,2014,Asia,Black,Diesel,Manual,3.5,191721,101392,50,Low
12/31/2022,X6,2022,Europe,Grey,Petrol,Manual,3,50614,116567,4818,Low
12/31/2024,M3,2024,Asia,Black,Electric,Manual,4.6,50460,150499,3526,Low
12/31/2024,7 Series,2024,Asia,Blue,Hybrid,Manual,1.6,135066,129211,2508,Low
12/31/2010,i3,2010,Africa,Blue,Hybrid,Manual,2.9,162661,29647,2534,Low
12/31/2024,5 Series,2024,Middle East,Blue,Diesel,Manual,2.7,113612,101681,4938,Low
12/31/2018,X5,2018,Asia,White,Diesel,Manual,4,4733,110358,4996,Low
12/31/2015,M5,2015,Africa,Black,Petrol,Automatic,1.5,111344,90023,448,Low
12/31/2012,7 Series,2012,Asia,Grey,Hybrid,Automatic,3.8,118613,101050,628,Low
12/31/2012,3 Series,2012,Asia,Red,Petrol,Automatic,2.7,187078,28371,9475,High
12/31/2023,M3,2023,South America,Blue,Electric,Manual,1.8,93510,119486,2599,Low
12/31/2023,M3,2023,Middle East,Blue,Electric,Manual,4.9,23004,155825,2280,Low
12/31/2019,5 Series,2019,Asia,White,Hybrid,Manual,2.2,181095,74304,8720,High
12/31/2010,7 Series,2010,Asia,White,Petrol,Automatic,2.7,4603,99288,375,Low
12/31/2022,X6,2022,North America,Red,Petrol,Automatic,2.2,40833,114780,4414,Low
12/31/2017,3 Series,2017,Africa,Grey,Hybrid,Automatic,3.8,174928,68115,608,Low
12/31/2011,3 Series,2011,Asia,Blue,Diesel,Automatic,4.2,107680,46520,9739,High
12/31/2021,i3,2021,Middle East,Blue,Petrol,Manual,4.5,95501,96057,8512,High
12/31/2010,5 Series,2010,Middle East,Blue,Electric,Automatic,2.6,60341,73070,4088,Low
12/31/2016,M3,2016,Asia,Grey,Diesel,Automatic,3.3,93312,83406,2792,Low
12/31/2023,7 Series,2023,South America,Red,Petrol,Automatic,3.8,154567,127642,1061,Low
12/31/2020,M3,2020,Asia,Red,Hybrid,Automatic,3.7,149544,103353,3932,Low
12/31/2018,M3,2018,Asia,Grey,Hybrid,Automatic,4,129927,106540,3132,Low
12/31/2015,M3,2015,South America,White,Diesel,Automatic,4.2,118300,79454,1588,Low
12/31/2017,M5,2017,Asia,Blue,Hybrid,Manual,1.8,62288,126779,1473,Low
12/31/2017,3 Series,2017,Africa,White,Petrol,Automatic,2.1,126810,54446,5156,High
12/31/2018,i8,2018,South America,Red,Petrol,Manual,4.1,148524,125668,50,Low
12/31/2016,X3,2016,Europe,Grey,Petrol,Manual,3.2,146567,56549,8630,High
12/31/2018,5 Series,2018,Asia,Black,Electric,Automatic,3,17268,111578,7812,High
12/31/2024,7 Series,2024,Middle East,Silver,Electric,Manual,3.1,71813,155511,1415,Low
12/31/2018,i3,2018,Africa,Blue,Diesel,Manual,2.8,20914,76923,2926,Low
12/31/2021,M3,2021,Europe,White,Hybrid,Manual,3.6,175069,105367,3959,Low
12/31/2020,i8,2020,Asia,White,Electric,Manual,2.6,191254,136063,787,Low
12/31/2010,7 Series,2010,Europe,Blue,Hybrid,Automatic,3.7,167374,78124,552,Low
12/31/2015,M5,2015,Middle East,Silver,Petrol,Manual,2.2,174139,85691,847,Low
12/31/2021,X6,2021,North America,Blue,Electric,Automatic,4.2,199693,110134,4601,Low
12/31/2017,7 Series,2017,Asia,Grey,Hybrid,Manual,4.2,101146,125134,915,Low
12/31/2019,i3,2019,Middle East,Blue,Hybrid,Manual,3.5,173250,75983,4694,Low
12/31/2018,X3,2018,Asia,White,Hybrid,Manual,2.8,169066,66951,8296,High
12/31/2024,i8,2024,Middle East,Grey,Diesel,Automatic,1.6,120487,153194,392,Low
12/31/2013,M3,2013,Middle East,Silver,Diesel,Automatic,1.9,97344,65154,1599,Low
12/31/2022,5 Series,2022,Middle East,Blue,Petrol,Manual,1.8,138768,82905,5441,High
12/31/2011,X3,2011,Africa,Silver,Electric,Automatic,1.5,49786,58608,4030,Low
12/31/2020,i3,2020,Asia,Blue,Electric,Automatic,4,57726,63043,6604,High
12/31/2018,7 Series,2018,Europe,Red,Electric,Manual,4.8,83386,144285,1305,Low
12/31/2018,X5,2018,Europe,Silver,Petrol,Automatic,1.5,92043,81316,5611,High
12/31/2021,X3,2021,Middle East,Silver,Hybrid,Automatic,1.9,173840,81807,7560,High
12/31/2017,X6,2017,Asia,Grey,Diesel,Manual,4.5,161941,90514,3887,Low
12/31/2012,5 Series,2012,Europe,Blue,Diesel,Manual,3.9,154381,49028,6140,High
12/31/2014,i8,2014,Middle East,White,Diesel,Automatic,2.9,163880,111166,50,Low
12/31/2011,i3,2011,Africa,Silver,Petrol,Automatic,5,75015,57627,2141,Low
12/31/2023,i8,2023,Asia,Red,Hybrid,Manual,3.5,35186,192255,482,Low
12/31/2012,i8,2012,Asia,Red,Electric,Automatic,3.8,180112,123244,50,Low
12/31/2010,i3,2010,Middle East,Blue,Electric,Manual,3.8,131534,52970,2653,Low
12/31/2013,i3,2013,Middle East,White,Electric,Automatic,2.3,3461,81773,2576,Low
12/31/2014,M3,2014,South America,Silver,Petrol,Automatic,3.2,61178,84666,1264,Low
12/31/2021,M3,2021,Middle East,Blue,Electric,Automatic,2.3,41311,129641,2534,Low
12/31/2011,i8,2011,South America,Grey,Petrol,Automatic,3.3,143343,96273,50,Low
12/31/2024,i8,2024,Europe,Blue,Electric,Manual,1.6,118314,155874,1134,Low
12/31/2024,i8,2024,South America,Silver,Hybrid,Automatic,2.8,18554,174928,524,Low
12/31/2012,M3,2012,North America,Red,Petrol,Manual,2.8,46472,73192,2070,Low
12/31/2021,X6,2021,Africa,Grey,Petrol,Manual,2.5,164179,82793,2347,Low
12/31/2015,X3,2015,Europe,Grey,Petrol,Manual,1.8,139817,43650,7379,High
12/31/2015,X5,2015,Asia,Grey,Petrol,Manual,4.2,10028,97064,5986,High
12/31/2024,X1,2024,North America,Red,Diesel,Automatic,3,82470,91828,8978,High
12/31/2016,7 Series,2016,North America,Red,Hybrid,Manual,4.3,12353,142963,541,Low
12/31/2021,7 Series,2021,Asia,White,Hybrid,Manual,4.4,53201,150290,1565,Low
12/31/2018,X5,2018,Asia,Blue,Diesel,Manual,2.2,54460,87263,6510,High
12/31/2013,3 Series,2013,South America,Grey,Electric,Automatic,3,44197,75873,5372,High
12/31/2014,X5,2014,Asia,Silver,Diesel,Automatic,4,183617,63821,5426,High
12/31/2020,7 Series,2020,South America,Red,Hybrid,Automatic,3.2,193486,107286,1330,Low
12/31/2011,i3,2011,Africa,Black,Hybrid,Automatic,4.5,146826,51587,1806,Low
12/31/2015,X1,2015,Asia,Grey,Petrol,Automatic,3.5,20738,71395,8362,High
12/31/2013,X5,2013,Middle East,Black,Diesel,Automatic,3.7,35464,84433,3130,Low
12/31/2014,i3,2014,Africa,White,Electric,Manual,4.3,48748,81360,1952,Low
12/31/2016,X1,2016,North America,Silver,Hybrid,Manual,1.9,49706,67873,8166,High
12/31/2015,M3,2015,South America,Red,Hybrid,Automatic,3.5,56790,101284,1014,Low
12/31/2017,3 Series,2017,Asia,Grey,Diesel,Manual,1.8,180670,40118,9909,High
12/31/2015,i8,2015,South America,Black,Petrol,Manual,2.4,51820,129032,50,Low
12/31/2019,X5,2019,Europe,White,Petrol,Automatic,2.2,48106,92784,5123,High
12/31/2023,i3,2023,Africa,White,Hybrid,Manual,3.5,183177,85219,3864,Low
12/31/2017,5 Series,2017,North America,Grey,Electric,Automatic,4.5,170015,96380,5847,High
12/31/2022,i8,2022,Africa,Red,Petrol,Automatic,2,173123,128370,245,Low
12/31/2023,i8,2023,Middle East,Blue,Diesel,Automatic,4.2,17510,178132,50,Low
12/31/2023,7 Series,2023,Africa,Silver,Diesel,Manual,2,7981,139680,800,Low
12/31/2013,X5,2013,North America,Black,Diesel,Manual,2.2,181311,45242,5526,High
12/31/2021,i8,2021,Africa,Silver,Electric,Automatic,4.7,28406,195060,50,Low
12/31/2016,M3,2016,Asia,Blue,Electric,Manual,1.5,4969,106459,2816,Low
12/31/2012,3 Series,2012,Europe,White,Hybrid,Automatic,2.2,30893,59723,8402,High
12/31/2010,i3,2010,Asia,Grey,Electric,Automatic,2.3,15874,62218,4885,Low
12/31/2022,3 Series,2022,Middle East,Grey,Hybrid,Manual,2.5,144872,84008,7703,High
12/31/2018,i3,2018,Middle East,Red,Electric,Automatic,2.8,102491,90031,3928,Low
12/31/2018,X3,2018,Europe,Silver,Electric,Automatic,1.9,194771,63973,10253,High
12/31/2015,i8,2015,Asia,Red,Petrol,Manual,3.1,122691,126510,50,Low
12/31/2024,X6,2024,Asia,White,Petrol,Manual,2.9,180669,108626,5057,High
12/31/2011,7 Series,2011,Middle East,Silver,Electric,Manual,3.7,155677,95879,50,Low
12/31/2017,i8,2017,South America,Grey,Hybrid,Manual,4.5,78110,146979,50,Low
12/31/2019,i3,2019,North America,Silver,Electric,Manual,2.5,197288,63880,6008,High
12/31/2015,X5,2015,Africa,Silver,Hybrid,Automatic,3.4,2581,99027,2301,Low
12/31/2016,i8,2016,Middle East,Blue,Hybrid,Manual,2.8,54344,155236,50,Low
12/31/2022,M5,2022,Europe,Blue,Diesel,Manual,1.6,167944,109780,2067,Low
12/31/2010,X5,2010,South America,Blue,Hybrid,Manual,4.4,14494,88351,2500,Low
12/31/2012,3 Series,2012,Asia,Blue,Electric,Manual,3.7,100495,63178,10542,High
12/31/2024,i8,2024,Middle East,White,Hybrid,Manual,1.5,129826,156328,919,Low
12/31/2010,M3,2010,South America,White,Petrol,Automatic,2.4,168853,38816,1115,Low
12/31/2019,X3,2019,Africa,Silver,Petrol,Manual,2.6,115437,66881,4878,Low
12/31/2010,i3,2010,Africa,Red,Petrol,Manual,4.3,4213,57487,1820,Low
12/31/2021,i8,2021,North America,Silver,Hybrid,Automatic,4.2,9907,196492,89,Low
12/31/2021,5 Series,2021,South America,Black,Electric,Automatic,2.9,179898,89514,5519,High
12/31/2020,X5,2020,Middle East,Silver,Diesel,Manual,2.1,43998,102839,3626,Low
12/31/2022,M5,2022,North America,Blue,Diesel,Automatic,2.9,137356,122634,2293,Low
12/31/2010,i3,2010,Middle East,Red,Electric,Automatic,4.3,43739,72001,2468,Low
12/31/2013,i3,2013,Africa,Grey,Diesel,Automatic,3.1,122748,41210,2180,Low
12/31/2022,5 Series,2022,Africa,Blue,Electric,Automatic,1.9,147952,98561,4346,Low
12/31/2016,i8,2016,Middle East,Silver,Diesel,Automatic,1.6,190642,105571,50,Low
12/31/2016,X6,2016,Africa,Blue,Petrol,Automatic,2.7,96166,85334,2085,Low
12/31/2021,i8,2021,Asia,White,Diesel,Manual,2,97850,139516,444,Low
12/31/2022,X3,2022,South America,Blue,Hybrid,Manual,4.1,185471,87755,6589,High
12/31/2014,i3,2014,Middle East,Red,Hybrid,Manual,2.5,37798,74066,2740,Low
12/31/2021,M3,2021,South America,Black,Electric,Automatic,4.6,112710,124333,2029,Low
12/31/2015,i3,2015,South America,Red,Hybrid,Manual,3.7,23033,84523,2457,Low
12/31/2011,7 Series,2011,Europe,Blue,Electric,Automatic,2.9,101080,92998,519,Low
12/31/2014,M5,2014,North America,Red,Hybrid,Manual,3.6,168953,106721,1176,Low
12/31/2016,3 Series,2016,Africa,Black,Hybrid,Automatic,2.5,92224,67861,5607,High
12/31/2023,M5,2023,Africa,Grey,Electric,Automatic,2,29101,162447,1071,Low
12/31/2018,5 Series,2018,Asia,Red,Diesel,Automatic,4.9,174910,81973,6251,High
12/31/2015,7 Series,2015,South America,Red,Petrol,Manual,3.5,13642,116606,57,Low
12/31/2021,i3,2021,Asia,White,Electric,Automatic,1.5,199521,69110,6610,High
12/31/2023,X5,2023,South America,Grey,Electric,Automatic,2.6,90577,119158,4485,Low
12/31/2019,i3,2019,Middle East,Red,Petrol,Manual,2.1,188446,54932,4092,Low
12/31/2013,3 Series,2013,South America,White,Diesel,Manual,2.4,34875,49763,5169,High
12/31/2012,M3,2012,Europe,Grey,Diesel,Automatic,1.7,115471,54351,2303,Low
12/31/2018,X3,2018,Europe,Red,Electric,Automatic,2.4,169778,70906,8725,High
12/31/2016,7 Series,2016,North America,Red,Hybrid,Automatic,3.9,85869,127020,771,Low
12/31/2020,i8,2020,Europe,Red,Diesel,Manual,4.4,14301,174804,50,Low
12/31/2023,X3,2023,Middle East,Silver,Petrol,Automatic,2.7,118582,96474,5591,High
12/31/2022,X1,2022,Middle East,White,Petrol,Manual,3.3,168956,67609,5385,High
12/31/2015,X1,2015,North America,White,Electric,Automatic,1.6,19480,73333,6694,High
12/31/2016,X3,2016,South America,Blue,Hybrid,Manual,1.8,106523,61010,5167,High
12/31/2024,X5,2024,South America,Blue,Diesel,Automatic,3.4,149399,106084,3625,Low
12/31/2017,M3,2017,South America,White,Hybrid,Manual,4.4,67860,106951,1404,Low
12/31/2014,X6,2014,North America,Blue,Hybrid,Manual,1.8,193535,62813,3810,Low
12/31/2012,3 Series,2012,South America,White,Petrol,Manual,3,130800,36589,6439,High
12/31/2012,5 Series,2012,Middle East,White,Electric,Automatic,4.9,89074,90228,4195,Low
12/31/2022,X3,2022,Middle East,White,Electric,Manual,4.1,128906,111022,6563,High
12/31/2011,M5,2011,Asia,White,Hybrid,Automatic,2.2,54324,102216,855,Low
12/31/2017,i8,2017,South America,Black,Petrol,Manual,2.5,22008,135864,50,Low
12/31/2010,3 Series,2010,North America,Blue,Diesel,Manual,4.8,14170,90998,7516,High
12/31/2021,3 Series,2021,Middle East,Blue,Electric,Automatic,2.3,82063,103062,6534,High
12/31/2017,3 Series,2017,South America,Blue,Diesel,Manual,3,85234,65672,5987,High
12/31/2012,7 Series,2012,Asia,White,Petrol,Automatic,2.7,180106,69026,1267,Low
12/31/2018,X3,2018,North America,Red,Petrol,Manual,3.2,10154,89185,8276,High
12/31/2021,X3,2021,Middle East,Silver,Petrol,Automatic,2.3,102222,85445,6279,High
12/31/2023,i3,2023,Europe,Silver,Electric,Manual,3.8,129897,101448,6540,High
12/31/2021,i8,2021,South America,Silver,Hybrid,Automatic,2.3,132905,142415,451,Low
12/31/2020,X6,2020,North America,Silver,Hybrid,Manual,3.6,93525,123515,5069,High
12/31/2011,5 Series,2011,North America,Blue,Petrol,Automatic,2.8,124888,50637,7215,High
12/31/2019,5 Series,2019,Africa,Grey,Petrol,Automatic,2.4,1218,98855,3475,Low
12/31/2018,i3,2018,Africa,White,Petrol,Manual,3.9,191334,55626,3327,Low
12/31/2015,i3,2015,North America,Red,Hybrid,Automatic,4.9,96285,80054,3916,Low
12/31/2010,7 Series,2010,Europe,Black,Diesel,Manual,4.5,185664,64979,671,Low
12/31/2014,5 Series,2014,Asia,Black,Diesel,Automatic,1.8,35884,71649,6940,High
12/31/2019,7 Series,2019,North America,Blue,Diesel,Manual,3.1,66674,118227,1290,Low
12/31/2018,X6,2018,Middle East,Red,Petrol,Manual,3.9,72622,105103,2953,Low
12/31/2022,7 Series,2022,Africa,Silver,Petrol,Manual,3.5,137936,122542,926,Low
12/31/2015,5 Series,2015,Asia,Silver,Electric,Automatic,4,149472,87160,7261,High
12/31/2016,M3,2016,Asia,White,Petrol,Manual,4.9,37580,107531,2359,Low
12/31/2013,X1,2013,Africa,Red,Petrol,Manual,2.7,91911,38829,3554,Low
12/31/2010,M5,2010,Africa,White,Petrol,Manual,4.2,88120,91211,50,Low
12/31/2014,3 Series,2014,Europe,Blue,Hybrid,Manual,1.8,5017,73271,8654,High
12/31/2011,i8,2011,Africa,Blue,Petrol,Automatic,4.5,118853,112728,50,Low
12/31/2017,M3,2017,Middle East,Grey,Hybrid,Automatic,4.2,42059,123006,1124,Low
12/31/2013,M5,2013,Asia,Black,Petrol,Manual,3.3,90460,103079,1237,Low
12/31/2010,5 Series,2010,Africa,Black,Petrol,Automatic,4.4,41619,69713,2469,Low
12/31/2019,X3,2019,Asia,Red,Diesel,Manual,3.8,36012,91762,8428,High
12/31/2016,X3,2016,North America,Grey,Diesel,Manual,3.4,119156,64068,9767,High
12/31/2021,X3,2021,Asia,White,Petrol,Automatic,4.8,77959,108502,8226,High
12/31/2020,X1,2020,Asia,Red,Electric,Automatic,2,192921,62670,8485,High
12/31/2011,i8,2011,Africa,White,Hybrid,Manual,5,165331,110379,50,Low
12/31/2012,X3,2012,South America,Black,Diesel,Automatic,2,93703,38862,5423,High
12/31/2023,M5,2023,Middle East,White,Hybrid,Automatic,3.2,23499,200000,1053,Low
12/31/2018,M3,2018,South America,Silver,Hybrid,Manual,2.3,59535,98789,2191,Low
12/31/2024,M3,2024,North America,White,Diesel,Automatic,2.5,108030,106305,3286,Low
12/31/2022,X1,2022,Africa,Black,Diesel,Automatic,3.7,155249,71117,4924,Low
12/31/2018,X1,2018,North America,Blue,Hybrid,Automatic,1.6,139882,56018,9739,High
12/31/2011,5 Series,2011,Middle East,Red,Hybrid,Automatic,4.8,25316,90738,3237,Low
12/31/2012,M5,2012,North America,Black,Diesel,Automatic,2.5,68746,99561,849,Low
12/31/2020,M3,2020,North America,Black,Diesel,Manual,2.5,172496,83006,3506,Low
12/31/2021,X6,2021,Middle East,Silver,Electric,Automatic,4.5,83701,137253,2984,Low
12/31/2018,M5,2018,Africa,White,Electric,Manual,4.2,105515,130132,169,Low
12/31/2010,5 Series,2010,Asia,White,Hybrid,Automatic,3.9,125575,64069,6555,High
12/31/2011,X1,2011,Middle East,Red,Hybrid,Manual,2,159702,26577,5243,High
12/31/2020,3 Series,2020,North America,Grey,Petrol,Manual,4.2,99397,83047,10180,High
12/31/2011,i3,2011,Asia,Blue,Diesel,Manual,2.8,170367,25000,5564,High
12/31/2019,i3,2019,Middle East,Grey,Diesel,Manual,5,51323,99778,3526,Low
12/31/2023,X6,2023,Middle East,White,Electric,Manual,3.8,111936,130875,3210,Low
12/31/2012,M3,2012,North America,Blue,Hybrid,Manual,4.4,191610,70482,2640,Low
12/31/2019,X1,2019,South America,White,Electric,Manual,4.1,141160,79604,6053,High
12/31/2012,3 Series,2012,Europe,Blue,Petrol,Manual,3.6,157910,36102,9364,High
12/31/2019,X3,2019,Middle East,White,Diesel,Manual,4,93122,88175,5376,High
12/31/2022,X3,2022,Africa,Blue,Petrol,Manual,3.6,15309,102187,4599,Low
12/31/2011,X6,2011,Middle East,White,Petrol,Manual,1.7,98508,60999,2237,Low
12/31/2017,M5,2017,South America,Grey,Hybrid,Manual,2.7,74259,123735,432,Low
12/31/2017,7 Series,2017,Europe,Black,Petrol,Manual,2.6,88418,106128,1345,Low
12/31/2017,X3,2017,Africa,Blue,Electric,Automatic,4,115699,88444,3829,Low
12/31/2011,X3,2011,Africa,Black,Hybrid,Automatic,3.5,125488,49698,4530,Low
12/31/2024,7 Series,2024,Europe,Red,Petrol,Manual,3.6,87026,143768,1443,Low
12/31/2022,7 Series,2022,Europe,Black,Petrol,Manual,4.5,155908,131418,1674,Low
12/31/2018,i8,2018,South America,White,Petrol,Automatic,3.3,146740,132204,50,Low
12/31/2020,M3,2020,Europe,Black,Petrol,Automatic,2.3,424,118542,2549,Low
12/31/2016,X3,2016,South America,Red,Petrol,Automatic,1.5,183892,37686,4987,Low
12/31/2021,X3,2021,Asia,Silver,Electric,Manual,2.1,198704,76496,10956,High
12/31/2014,X1,2014,South America,White,Electric,Manual,1.6,110794,46502,4437,Low
12/31/2016,i8,2016,North America,Silver,Electric,Automatic,2.3,79046,149448,50,Low
12/31/2017,X6,2017,Asia,Red,Petrol,Manual,3.7,59211,100033,4068,Low
12/31/2018,X5,2018,Africa,White,Hybrid,Manual,2,139587,77360,3551,Low
12/31/2011,7 Series,2011,Europe,Grey,Diesel,Automatic,1.8,8470,87573,629,Low
12/31/2015,i3,2015,Europe,Black,Hybrid,Manual,4.9,119599,72408,3993,Low
12/31/2018,i8,2018,North America,White,Diesel,Automatic,5,129723,146679,50,Low
12/31/2022,7 Series,2022,South America,White,Petrol,Automatic,3.7,58945,140729,818,Low
12/31/2015,M3,2015,Europe,Silver,Diesel,Automatic,1.9,171489,54792,3174,Low
12/31/2011,M5,2011,North America,Black,Diesel,Automatic,4.4,182090,85455,1014,Low
12/31/2010,X1,2010,Europe,Black,Diesel,Manual,3.4,86742,32264,7792,High
12/31/2021,M5,2021,Europe,Blue,Hybrid,Automatic,2.1,123826,136556,2261,Low
12/31/2012,i8,2012,Europe,Blue,Diesel,Manual,3.5,159254,104484,50,Low
12/31/2020,X1,2020,Europe,Blue,Diesel,Automatic,1.6,152242,50551,8757,High
12/31/2014,3 Series,2014,North America,Blue,Hybrid,Manual,4.9,77685,78592,9841,High
12/31/2016,M5,2016,Middle East,Red,Electric,Manual,4.4,139244,134547,384,Low
12/31/2019,5 Series,2019,South America,Silver,Hybrid,Automatic,2.4,82804,93339,4003,Low
12/31/2019,M5,2019,Asia,Blue,Diesel,Automatic,3,142941,114038,1816,Low
12/31/2012,i8,2012,Africa,Black,Diesel,Manual,2.9,83302,100858,50,Low
12/31/2018,i8,2018,Asia,Silver,Diesel,Automatic,4.5,18003,168463,50,Low
12/31/2019,M5,2019,Europe,Black,Petrol,Automatic,2.7,95567,123074,1785,Low
12/31/2021,i8,2021,South America,Black,Hybrid,Automatic,1.7,624,164297,196,Low
12/31/2013,i8,2013,Africa,Grey,Hybrid,Manual,2.3,56542,117191,50,Low
12/31/2019,X3,2019,Africa,Blue,Hybrid,Manual,2.3,39481,90484,5227,High
12/31/2011,M5,2011,North America,Silver,Electric,Manual,4.8,79257,116740,553,Low
12/31/2012,X3,2012,North America,Red,Hybrid,Automatic,4.7,196929,57187,8187,High
12/31/2014,X1,2014,Asia,Red,Petrol,Manual,2.6,16696,60856,7388,High
12/31/2012,X5,2012,Africa,Red,Hybrid,Manual,1.5,9132,73867,2696,Low
12/31/2014,M3,2014,Asia,Red,Electric,Manual,3.3,51445,95502,2202,Low
12/31/2013,X3,2013,Middle East,White,Petrol,Automatic,4.3,90860,68278,5603,High
12/31/2022,X1,2022,Europe,Silver,Electric,Manual,2.4,140388,78982,7410,High
12/31/2020,i3,2020,South America,Black,Electric,Manual,3,4629,102208,4018,Low
12/31/2019,M3,2019,North America,White,Diesel,Manual,2.1,83737,89255,2679,Low
12/31/2022,7 Series,2022,North America,Blue,Electric,Automatic,2.6,142512,133975,2120,Low
12/31/2012,i3,2012,Asia,White,Petrol,Manual,4.2,79171,53867,4425,Low
12/31/2021,7 Series,2021,Africa,Silver,Petrol,Automatic,3,6405,139693,512,Low
12/31/2015,5 Series,2015,Asia,Black,Petrol,Automatic,3.1,158719,60143,7133,High
12/31/2017,5 Series,2017,South America,White,Hybrid,Automatic,4.3,176150,78110,3627,Low
12/31/2022,i3,2022,Middle East,Black,Hybrid,Manual,4.2,162879,89573,4968,Low
12/31/2021,M5,2021,North America,Grey,Electric,Manual,2.2,197976,117188,2758,Low
12/31/2013,X3,2013,North America,Red,Electric,Manual,3,105976,67063,8506,High
12/31/2018,7 Series,2018,Europe,Grey,Diesel,Automatic,4.5,112834,118990,1005,Low
12/31/2015,i3,2015,North America,Silver,Petrol,Manual,3.1,67603,61738,5504,High
12/31/2014,i8,2014,Africa,Black,Diesel,Manual,3.8,55547,126316,50,Low
12/31/2012,5 Series,2012,Africa,Red,Petrol,Automatic,2.6,131823,47626,3588,Low
12/31/2014,i8,2014,Middle East,Blue,Electric,Automatic,1.7,121712,132245,50,Low
12/31/2014,M5,2014,Asia,Black,Hybrid,Manual,2.1,52421,108210,1385,Low
12/31/2023,i3,2023,Middle East,Silver,Hybrid,Manual,2.9,74367,104098,4421,Low
12/31/2024,X5,2024,South America,Red,Electric,Manual,2.7,91051,118739,4026,Low
12/31/2021,X3,2021,Africa,Black,Electric,Automatic,4.6,154735,97718,5610,High
12/31/2021,3 Series,2021,Africa,White,Petrol,Manual,3.4,123416,76693,6296,High
12/31/2013,7 Series,2013,Africa,Grey,Diesel,Automatic,3.7,159482,79175,176,Low
12/31/2021,X5,2021,Europe,Silver,Diesel,Automatic,3.9,20720,119741,5325,High
12/31/2015,i3,2015,North America,Red,Diesel,Manual,3.4,161712,44228,5665,High
12/31/2012,M3,2012,North America,Silver,Electric,Manual,4.2,20878,106868,1888,Low
12/31/2019,i8,2019,North America,White,Diesel,Manual,4.2,106085,153064,50,Low
12/31/2010,X5,2010,Africa,Blue,Diesel,Automatic,2.7,75674,53571,542,Low
12/31/2016,X3,2016,South America,Silver,Petrol,Manual,1.8,72164,57049,4870,Low
12/31/2016,X5,2016,South America,Red,Electric,Automatic,5,34585,117792,2814,Low
12/31/2021,X3,2021,South America,Grey,Petrol,Manual,3.7,80393,95818,4750,Low
12/31/2013,7 Series,2013,North America,Black,Petrol,Manual,4,23490,111289,612,Low
12/31/2018,5 Series,2018,Asia,Grey,Hybrid,Manual,4.1,80614,98337,7501,High
12/31/2021,X1,2021,North America,Blue,Diesel,Automatic,3.6,124892,75625,8794,High
12/31/2011,7 Series,2011,North America,White,Hybrid,Manual,3.1,169893,80796,725,Low
12/31/2024,X3,2024,Africa,Blue,Hybrid,Automatic,4.9,114500,114768,5808,High
12/31/2022,X5,2022,Middle East,Red,Diesel,Manual,4,66042,113358,3706,Low
12/31/2010,i8,2010,Europe,Silver,Diesel,Manual,4.5,48580,125669,50,Low
12/31/2024,5 Series,2024,Africa,Grey,Petrol,Automatic,3,26143,119790,4238,Low
12/31/2012,X6,2012,North America,White,Hybrid,Automatic,4.7,181530,77221,3396,Low
12/31/2016,7 Series,2016,Asia,White,Hybrid,Automatic,4.1,35915,127758,844,Low
12/31/2018,X6,2018,Europe,Silver,Petrol,Manual,4.1,133734,92696,4403,Low
12/31/2011,M5,2011,Africa,Black,Petrol,Automatic,1.8,113955,76543,117,Low
12/31/2015,7 Series,2015,Middle East,Black,Diesel,Manual,3.7,19126,120271,131,Low
12/31/2012,i8,2012,North America,Silver,Hybrid,Automatic,2.7,84805,128688,50,Low
12/31/2014,M3,2014,Middle East,Blue,Hybrid,Automatic,3.8,133227,90744,1419,Low
12/31/2021,X3,2021,South America,White,Hybrid,Manual,3.5,18316,110942,5550,High
12/31/2018,X3,2018,North America,White,Diesel,Manual,1.9,22705,78053,8590,High
12/31/2012,M5,2012,South America,Black,Diesel,Manual,3.4,63198,92736,196,Low
12/31/2010,M3,2010,Europe,White,Hybrid,Automatic,3.1,14089,87026,1797,Low
12/31/2014,3 Series,2014,South America,Grey,Electric,Manual,4.2,101670,70909,4797,Low
12/31/2010,X6,2010,South America,White,Hybrid,Manual,3.3,38758,77093,1312,Low
12/31/2017,M3,2017,Europe,Red,Petrol,Manual,3.2,140930,76758,2867,Low
12/31/2016,i3,2016,Middle East,Silver,Diesel,Automatic,4,29682,84545,3453,Low
12/31/2024,i3,2024,Europe,Silver,Hybrid,Automatic,3.8,27628,128419,6026,High
12/31/2020,5 Series,2020,Europe,Blue,Hybrid,Automatic,5,197969,100752,6872,High
12/31/2011,5 Series,2011,Europe,Grey,Hybrid,Manual,2.7,102703,59335,5561,High
12/31/2023,3 Series,2023,Middle East,Grey,Hybrid,Automatic,3.9,192220,91517,8144,High
12/31/2020,X5,2020,Africa,Black,Diesel,Automatic,2.1,150185,79203,3354,Low
12/31/2018,3 Series,2018,Middle East,Silver,Hybrid,Manual,4.3,29311,102811,7740,High
12/31/2014,X5,2014,South America,White,Electric,Automatic,4.3,197038,76583,3548,Low
12/31/2016,3 Series,2016,Asia,Grey,Diesel,Manual,4,96409,68624,9335,High
12/31/2013,3 Series,2013,Middle East,Grey,Hybrid,Automatic,1.9,195317,36077,6651,High
12/31/2021,X3,2021,Asia,Blue,Electric,Manual,5,188063,94018,8523,High
12/31/2022,X5,2022,Middle East,Red,Electric,Automatic,4.8,124570,129422,4553,Low
12/31/2010,X5,2010,South America,Blue,Diesel,Automatic,2.8,96074,47646,3116,Low
12/31/2023,i3,2023,Asia,Red,Electric,Automatic,3.5,164981,100140,5458,High
12/31/2017,i3,2017,Europe,Black,Diesel,Automatic,4.6,64122,85632,4511,Low
12/31/2022,7 Series,2022,Asia,Red,Diesel,Manual,3.2,49256,128890,1741,Low
12/31/2010,3 Series,2010,Europe,Red,Petrol,Automatic,3.6,116212,37014,9931,High
12/31/2012,X6,2012,Europe,Red,Hybrid,Automatic,3.6,14955,98129,2654,Low
12/31/2015,X5,2015,Asia,White,Hybrid,Manual,3.8,113239,86059,5530,High
12/31/2017,5 Series,2017,North America,Black,Diesel,Automatic,3.5,174353,70535,6835,High
12/31/2017,X5,2017,North America,Blue,Petrol,Manual,2.9,79560,88232,6038,High
12/31/2011,X5,2011,South America,Silver,Petrol,Manual,3.4,63509,65700,2915,Low
12/31/2018,X6,2018,Middle East,Silver,Petrol,Manual,4.6,11754,120264,2190,Low
12/31/2013,i8,2013,Middle East,Grey,Diesel,Automatic,4.5,42356,142646,50,Low
12/31/2013,i8,2013,Asia,Grey,Petrol,Manual,4.2,170569,111452,50,Low
12/31/2024,i8,2024,Africa,Black,Petrol,Automatic,2.9,154496,150318,222,Low
12/31/2023,i8,2023,Europe,Silver,Diesel,Automatic,4.3,138114,155122,452,Low
12/31/2011,5 Series,2011,South America,White,Petrol,Automatic,2.9,103275,52596,3705,Low
12/31/2010,i3,2010,South America,Black,Diesel,Automatic,3.8,19417,51494,2447,Low
12/31/2019,i8,2019,Asia,Blue,Hybrid,Automatic,3.5,160695,145458,514,Low
12/31/2016,X1,2016,North America,White,Diesel,Automatic,2.6,112262,51040,6928,High
12/31/2020,3 Series,2020,Africa,Black,Hybrid,Manual,3.1,47258,98287,5077,High
12/31/2019,X3,2019,North America,Blue,Diesel,Manual,4.4,176142,69250,7921,High
12/31/2012,M3,2012,Middle East,White,Hybrid,Automatic,4.7,43606,103548,858,Low
12/31/2013,3 Series,2013,Asia,Black,Electric,Automatic,2.2,114900,58688,10043,High
12/31/2020,X1,2020,Asia,Grey,Diesel,Automatic,3.1,11340,88715,7470,High
12/31/2018,M5,2018,Europe,Blue,Hybrid,Manual,3,21663,145324,1591,Low
12/31/2015,X1,2015,Africa,Silver,Electric,Automatic,3.2,90707,67857,4076,Low
12/31/2023,i3,2023,Europe,Red,Electric,Automatic,4.9,150127,109739,5638,High
12/31/2010,X5,2010,South America,Red,Hybrid,Automatic,3.3,15592,128221,1949,Low
12/31/2018,i8,2018,Africa,Red,Petrol,Manual,4.4,196084,125128,50,Low
12/31/2018,X1,2018,Asia,Red,Electric,Manual,3.8,88479,84519,7135,High
12/31/2014,X5,2014,Europe,Blue,Hybrid,Automatic,1.9,199800,57476,5907,High
12/31/2017,5 Series,2017,Europe,Red,Hybrid,Manual,3.9,111924,89936,7267,High
12/31/2016,7 Series,2016,Middle East,Grey,Electric,Automatic,3.8,38894,139587,50,Low
12/31/2020,i8,2020,North America,Red,Petrol,Manual,4.2,94568,154259,67,Low
12/31/2017,3 Series,2017,South America,Grey,Hybrid,Manual,1.8,38235,71752,5248,High
12/31/2018,X5,2018,North America,Silver,Diesel,Automatic,2.3,114763,77316,5655,High
12/31/2023,X3,2023,South America,White,Hybrid,Automatic,4.2,169669,96134,5620,High
12/31/2011,M5,2011,North America,Black,Electric,Manual,2.8,131289,101631,864,Low
12/31/2019,i3,2019,North America,Black,Hybrid,Automatic,4.7,107984,91758,5838,High
12/31/2014,3 Series,2014,Asia,Red,Hybrid,Automatic,3.3,61629,70360,8968,High
12/31/2017,3 Series,2017,Middle East,Silver,Hybrid,Automatic,1.5,83849,74400,6531,High
12/31/2012,X6,2012,Africa,Grey,Electric,Manual,3.9,115023,82268,1408,Low
12/31/2020,X6,2020,South America,Red,Hybrid,Manual,3.3,48847,121250,2683,Low
12/31/2024,7 Series,2024,Asia,Black,Diesel,Manual,2.6,154235,115853,2287,Low
12/31/2020,3 Series,2020,North America,Red,Hybrid,Manual,1.6,57741,84825,10836,High
12/31/2015,X5,2015,Europe,Blue,Petrol,Automatic,2.2,36210,85191,5708,High
12/31/2015,X3,2015,North America,Black,Hybrid,Automatic,2.1,141592,58490,7896,High
12/31/2016,3 Series,2016,Middle East,White,Petrol,Manual,3.5,29376,78389,6090,High
12/31/2022,i8,2022,Africa,Red,Diesel,Manual,4.2,87119,151510,50,Low
12/31/2020,5 Series,2020,North America,White,Electric,Manual,2.3,8544,113621,7008,High
12/31/2012,7 Series,2012,North America,Silver,Hybrid,Automatic,3.9,142037,98493,683,Low
12/31/2017,X6,2017,Europe,Grey,Hybrid,Manual,4.6,129518,102993,4210,Low
12/31/2017,X6,2017,Europe,Silver,Diesel,Automatic,3.7,87515,94419,3508,Low
12/31/2018,X1,2018,Middle East,Blue,Electric,Manual,4.2,75441,87163,6314,High
12/31/2017,5 Series,2017,North America,Grey,Hybrid,Manual,2.2,126207,79822,7334,High
12/31/2012,X5,2012,Middle East,Grey,Diesel,Manual,1.8,70785,57307,3538,Low
12/31/2015,3 Series,2015,North America,Black,Hybrid,Manual,2.8,26510,79873,7856,High
12/31/2018,X1,2018,Europe,Black,Electric,Automatic,4,109099,82963,8098,High
12/31/2010,X5,2010,Africa,Red,Diesel,Manual,3.9,151211,41504,2691,Low
12/31/2012,M3,2012,Middle East,Silver,Electric,Automatic,4.8,81001,102812,788,Low
12/31/2011,3 Series,2011,Asia,Red,Petrol,Manual,3.7,183662,28982,9332,High
12/31/2021,i8,2021,Middle East,Grey,Petrol,Automatic,2.9,192260,136770,161,Low
12/31/2017,i8,2017,Asia,White,Petrol,Manual,4.3,13599,153493,50,Low
12/31/2015,X5,2015,Asia,Silver,Petrol,Automatic,2,195557,53755,6508,High
12/31/2019,X3,2019,Europe,Silver,Petrol,Manual,4.3,192982,69153,7455,High
12/31/2020,X5,2020,South America,Red,Petrol,Manual,2.8,26821,103585,3732,Low
12/31/2020,5 Series,2020,Middle East,White,Hybrid,Manual,2,189615,80688,5191,High
12/31/2017,X1,2017,South America,Grey,Hybrid,Automatic,2.1,17952,79915,4655,Low
12/31/2011,X3,2011,Africa,Grey,Electric,Automatic,4.9,20200,84141,3814,Low
12/31/2020,X5,2020,Europe,Blue,Electric,Manual,3.7,123521,104579,7038,High
12/31/2015,M3,2015,Asia,Grey,Electric,Manual,2.1,12755,100897,443,Low
12/31/2016,X6,2016,North America,Black,Electric,Manual,2.4,116594,95206,3942,Low
12/31/2017,7 Series,2017,Europe,Silver,Petrol,Manual,2.8,171993,91921,1298,Low
12/31/2018,5 Series,2018,Asia,White,Hybrid,Automatic,1.7,96053,83022,7777,High
12/31/2014,i3,2014,South America,White,Diesel,Automatic,1.9,126105,39662,3009,Low
12/31/2020,X5,2020,North America,Black,Hybrid,Automatic,4.2,41089,126229,5534,High
12/31/2012,X6,2012,Europe,Black,Electric,Automatic,4.3,189377,74990,3017,Low
12/31/2011,3 Series,2011,Africa,Grey,Hybrid,Manual,5,48736,71264,4759,Low
12/31/2017,X1,2017,Europe,Black,Diesel,Automatic,1.7,188489,32695,8132,High
12/31/2010,5 Series,2010,Africa,Silver,Electric,Manual,4.6,56219,76365,2596,Low
12/31/2019,X3,2019,Asia,Blue,Hybrid,Manual,2.6,56334,91420,8722,High
12/31/2024,i8,2024,Middle East,Grey,Petrol,Manual,2.6,66129,162883,222,Low
12/31/2015,M3,2015,South America,Red,Petrol,Automatic,1.9,8678,84774,2817,Low
12/31/2011,M5,2011,South America,Silver,Petrol,Manual,5,197732,76341,262,Low
12/31/2012,5 Series,2012,South America,Silver,Electric,Automatic,4.9,150323,75604,3433,Low
12/31/2017,X1,2017,North America,White,Electric,Manual,4.5,77222,88867,8418,High
12/31/2010,5 Series,2010,Asia,White,Hybrid,Automatic,1.8,155499,42867,5911,High
12/31/2015,i8,2015,North America,White,Electric,Automatic,4.4,2507,169119,50,Low
12/31/2012,3 Series,2012,Europe,Black,Electric,Automatic,3.7,146701,58798,8294,High
12/31/2015,3 Series,2015,Africa,White,Diesel,Automatic,2,116808,45361,4543,Low
12/31/2012,X5,2012,North America,Black,Electric,Manual,2.4,74285,75101,4849,Low
12/31/2020,X6,2020,North America,Black,Diesel,Automatic,3.9,134439,105217,4455,Low
12/31/2020,7 Series,2020,Europe,Blue,Electric,Automatic,4.3,24250,160663,1488,Low
12/31/2017,i3,2017,Middle East,White,Electric,Manual,4.5,44825,98149,3045,Low
12/31/2014,5 Series,2014,Middle East,White,Petrol,Automatic,3.4,199258,52428,5203,High
12/31/2013,M5,2013,Asia,Silver,Electric,Manual,3.4,57871,124471,831,Low
12/31/2018,5 Series,2018,Asia,Grey,Electric,Manual,3.9,138625,95340,6629,High
12/31/2024,3 Series,2024,North America,Red,Hybrid,Manual,4.2,70352,119192,11745,High
12/31/2014,7 Series,2014,Asia,Black,Hybrid,Automatic,2.1,174815,85284,1303,Low
12/31/2021,X6,2021,North America,Grey,Hybrid,Manual,4.1,99902,124271,4911,Low
12/31/2023,M5,2023,Asia,Blue,Hybrid,Automatic,2.7,141720,138592,567,Low
12/31/2013,X5,2013,Asia,Silver,Electric,Manual,2.8,46018,87158,5307,High
12/31/2017,X3,2017,Asia,Blue,Hybrid,Automatic,1.8,43493,84229,8333,High
12/31/2017,5 Series,2017,Europe,Blue,Petrol,Manual,3.6,116066,78245,5800,High
12/31/2017,X5,2017,North America,Black,Petrol,Automatic,1.8,92674,76208,6179,High
12/31/2013,i3,2013,Europe,Red,Diesel,Automatic,4.7,66714,65863,4776,Low
12/31/2022,X5,2022,Africa,Blue,Diesel,Automatic,3.7,45600,109044,3001,Low
12/31/2010,X3,2010,Middle East,Red,Petrol,Automatic,5,99156,56000,5369,High
12/31/2011,X3,2011,Africa,Blue,Petrol,Automatic,2.4,175241,25000,3728,Low
12/31/2013,i8,2013,Europe,Silver,Petrol,Manual,3.9,185012,107780,50,Low
12/31/2019,i3,2019,North America,Red,Hybrid,Automatic,4.9,188880,85862,5229,High
12/31/2011,i3,2011,Asia,Grey,Electric,Manual,2.5,167878,39448,5108,High
12/31/2020,i3,2020,Europe,Red,Electric,Manual,1.8,188382,67100,5837,High
12/31/2019,i3,2019,Middle East,Black,Diesel,Manual,3.7,189607,60793,4440,Low
12/31/2023,X6,2023,Europe,Silver,Hybrid,Manual,2.8,135649,111335,5366,High
12/31/2023,X3,2023,Europe,Black,Hybrid,Manual,2.5,19223,115565,15000,High
12/31/2012,5 Series,2012,Asia,Blue,Diesel,Manual,5,144521,59000,6073,High
12/31/2018,M5,2018,Middle East,Grey,Electric,Automatic,4.1,151856,134984,1029,Low
12/31/2024,3 Series,2024,North America,Red,Petrol,Automatic,3.2,48283,107824,9683,High
12/31/2018,i8,2018,Middle East,Blue,Petrol,Manual,1.7,44905,147079,50,Low
12/31/2023,5 Series,2023,Middle East,Black,Petrol,Manual,2.2,43950,104305,5896,High
12/31/2024,7 Series,2024,South America,Grey,Petrol,Manual,2.5,33548,135676,1106,Low
12/31/2020,i3,2020,North America,Grey,Petrol,Manual,3.2,164444,70796,6252,High
12/31/2018,3 Series,2018,South America,Silver,Diesel,Automatic,3.2,192794,52755,5663,High
12/31/2016,i8,2016,South America,Red,Electric,Automatic,1.6,114762,134469,50,Low
12/31/2024,X5,2024,Asia,Red,Petrol,Manual,4.8,51017,129737,6778,High
12/31/2013,7 Series,2013,Middle East,Red,Electric,Automatic,3.4,7964,128676,50,Low
12/31/2010,i3,2010,Middle East,White,Electric,Automatic,1.6,116971,39988,3079,Low
12/31/2012,M5,2012,Asia,Silver,Electric,Automatic,4,109005,48957,1661,Low
12/31/2024,7 Series,2024,Asia,Grey,Hybrid,Manual,1.7,183508,123706,2979,Low
12/31/2023,X3,2023,North America,Silver,Petrol,Manual,4,99160,97012,10472,High
12/31/2017,X1,2017,Europe,Silver,Diesel,Manual,4,47238,69624,8100,High
12/31/2013,i3,2013,Africa,Black,Hybrid,Manual,4.9,143047,62789,2233,Low
12/31/2019,5 Series,2019,Africa,Grey,Petrol,Manual,2.7,142692,71470,4358,Low
12/31/2019,i8,2019,Europe,Blue,Electric,Automatic,2,81401,149035,1468,Low
12/31/2011,X6,2011,South America,Black,Hybrid,Manual,1.8,137036,55210,2092,Low
12/31/2023,3 Series,2023,Middle East,White,Diesel,Manual,1.8,31270,91208,7203,High
12/31/2017,X1,2017,Europe,White,Diesel,Automatic,4.3,6555,87598,6590,High
12/31/2016,M3,2016,Europe,Red,Diesel,Automatic,4,187471,72120,2794,Low
12/31/2020,X3,2020,South America,Black,Electric,Manual,4.9,199494,89471,5808,High
12/31/2019,X6,2019,South America,Grey,Petrol,Automatic,2.6,162608,87412,2346,Low
12/31/2018,3 Series,2018,Africa,Black,Electric,Manual,4.3,35512,101679,4990,Low
12/31/2011,X5,2011,North America,Blue,Hybrid,Automatic,1.8,67013,65888,5059,High
12/31/2024,5 Series,2024,Europe,Silver,Diesel,Manual,4.7,84110,57166,8451,High
12/31/2014,7 Series,2014,Europe,Black,Petrol,Automatic,1.7,134882,79733,1166,Low
12/31/2015,X6,2015,North America,White,Petrol,Manual,4.3,193148,75796,3701,Low
12/31/2022,X3,2022,Middle East,Black,Petrol,Automatic,2.6,59316,97924,6231,High
12/31/2011,X3,2011,South America,Silver,Diesel,Manual,2.1,181362,25000,4388,Low
12/31/2024,X5,2024,Middle East,Silver,Petrol,Automatic,4,61182,133793,3871,Low
12/31/2011,X5,2011,Middle East,Blue,Petrol,Manual,4.6,138043,65333,3536,Low
12/31/2022,M5,2022,Middle East,Red,Hybrid,Automatic,4.2,83521,169555,1186,Low
12/31/2024,i3,2024,Africa,Silver,Petrol,Manual,2.6,68010,90713,3462,Low
12/31/2023,X1,2023,South America,Blue,Petrol,Automatic,2.7,146209,72260,5803,High
12/31/2023,3 Series,2023,Asia,Grey,Petrol,Manual,2.2,117147,82351,10479,High
12/31/2019,X6,2019,Africa,White,Petrol,Automatic,4.4,43780,110821,2138,Low
12/31/2023,M5,2023,Middle East,Silver,Diesel,Manual,1.9,185762,114627,1804,Low
12/31/2013,7 Series,2013,Asia,Silver,Petrol,Automatic,4.7,52239,113640,662,Low
12/31/2024,3 Series,2024,Asia,Black,Diesel,Manual,3.6,98597,93901,11980,High
12/31/2017,X5,2017,Asia,Silver,Diesel,Automatic,3.6,110825,81710,5380,High
12/31/2024,7 Series,2024,Europe,Red,Petrol,Automatic,4.4,66146,148023,1548,Low
12/31/2023,M5,2023,North America,Blue,Diesel,Manual,3.8,8621,163421,1906,Low
12/31/2024,7 Series,2024,Asia,Silver,Hybrid,Manual,2.6,111275,145556,2578,Low
12/31/2022,X6,2022,Europe,White,Electric,Manual,2.7,164779,109131,4592,Low
12/31/2020,X3,2020,Asia,Grey,Diesel,Manual,2.1,97540,74510,9490,High
12/31/2014,X6,2014,Asia,Red,Diesel,Automatic,3.1,97453,81865,4209,Low
12/31/2018,3 Series,2018,Asia,White,Hybrid,Manual,1.9,106227,41211,9807,High
12/31/2013,X1,2013,Asia,Red,Hybrid,Manual,3.8,100598,54440,7695,High
12/31/2012,7 Series,2012,North America,Black,Electric,Manual,2.1,75584,96043,655,Low
12/31/2019,i3,2019,Middle East,Red,Hybrid,Manual,4.5,18204,115005,3244,Low
12/31/2024,5 Series,2024,South America,White,Electric,Manual,4,33793,134141,4368,Low
12/31/2017,X6,2017,Asia,White,Hybrid,Manual,4.6,123710,102334,4384,Low
12/31/2010,X6,2010,Asia,Red,Electric,Manual,1.8,182864,53562,3583,Low
12/31/2018,i8,2018,Africa,Red,Petrol,Manual,4.3,129699,139992,50,Low
12/31/2013,M5,2013,Europe,White,Diesel,Automatic,4.6,64165,118424,730,Low
12/31/2020,i3,2020,Middle East,White,Petrol,Automatic,1.7,135921,64750,3628,Low
12/31/2018,7 Series,2018,Africa,Black,Diesel,Automatic,5,181617,102803,598,Low
12/31/2017,M3,2017,Europe,Blue,Electric,Manual,2.6,157558,83294,2772,Low
12/31/2012,X3,2012,North America,Silver,Hybrid,Manual,2.2,87639,54258,7620,High
12/31/2012,X3,2012,South America,Blue,Petrol,Manual,3,84231,48794,5534,High
12/31/2023,X3,2023,North America,Silver,Petrol,Manual,1.5,57883,95027,9390,High
12/31/2018,X3,2018,Africa,Silver,Hybrid,Automatic,4.6,23427,103129,4432,Low
12/31/2012,M3,2012,South America,Red,Electric,Manual,2.4,127909,69653,1204,Low
12/31/2013,M3,2013,South America,Black,Hybrid,Manual,3.3,42065,84187,1014,Low
12/31/2018,i8,2018,Africa,Blue,Hybrid,Automatic,3.7,17343,159168,50,Low
12/31/2021,M3,2021,Asia,Blue,Diesel,Automatic,4.3,6894,126179,2822,Low
12/31/2013,M3,2013,North America,Grey,Electric,Automatic,2.4,89976,86756,2024,Low
12/31/2020,M3,2020,South America,White,Petrol,Automatic,4,21831,114909,1633,Low
12/31/2012,X6,2012,Europe,Grey,Petrol,Automatic,1.9,179513,48375,3405,Low
12/31/2023,i3,2023,North America,White,Electric,Automatic,4,144830,102542,6092,High
12/31/2016,3 Series,2016,South America,Red,Electric,Automatic,4.7,163603,76741,5493,High
12/31/2015,i3,2015,Asia,Red,Electric,Manual,1.8,103276,60368,4932,Low
12/31/2010,M3,2010,Africa,Silver,Petrol,Manual,1.9,14754,59349,677,Low
12/31/2023,i8,2023,South America,Grey,Electric,Automatic,3.5,8144,187864,110,Low
12/31/2019,5 Series,2019,Africa,Grey,Hybrid,Automatic,1.7,170954,72174,3871,Low
12/31/2017,X5,2017,Asia,Grey,Electric,Manual,2.2,184955,77418,6516,High
12/31/2010,X1,2010,North America,Blue,Diesel,Manual,2.2,199663,25000,8029,High
12/31/2013,M3,2013,Middle East,White,Electric,Automatic,3.2,117538,83644,1388,Low
12/31/2015,X5,2015,Middle East,Red,Electric,Automatic,2.4,66227,131966,3357,Low
12/31/2015,M5,2015,Africa,Grey,Hybrid,Automatic,3.2,140177,102380,284,Low
12/31/2016,3 Series,2016,Asia,Red,Petrol,Manual,3.3,191995,47679,9738,High
12/31/2023,5 Series,2023,South America,Red,Diesel,Automatic,4.1,11627,125201,4737,Low
12/31/2020,M3,2020,Middle East,Red,Diesel,Manual,4.8,275,123138,1504,Low
12/31/2021,X1,2021,Africa,Silver,Hybrid,Automatic,3.3,127598,79121,4400,Low
12/31/2023,3 Series,2023,Middle East,Grey,Hybrid,Automatic,2.7,133818,91441,7442,High
12/31/2014,X6,2014,North America,Black,Electric,Automatic,2.4,126275,90130,3768,Low
12/31/2014,i3,2014,Asia,Silver,Electric,Automatic,3.7,52889,85248,4965,Low
12/31/2013,X5,2013,North America,Black,Petrol,Automatic,4.8,65804,86596,5563,High
12/31/2015,X1,2015,Middle East,Silver,Electric,Manual,4.2,99220,78135,5460,High
12/31/2016,M5,2016,Asia,Grey,Diesel,Automatic,2.2,167271,88951,2052,Low
12/31/2019,X6,2019,North America,Blue,Petrol,Automatic,4.6,59870,120760,3785,Low
12/31/2024,X5,2024,Middle East,Red,Electric,Automatic,4.1,87028,148153,4252,Low
12/31/2019,M3,2019,South America,Silver,Diesel,Manual,1.9,81901,86748,1888,Low
12/31/2010,7 Series,2010,South America,Silver,Electric,Automatic,4,86198,54844,713,Low
12/31/2018,3 Series,2018,Europe,Silver,Diesel,Automatic,2.5,126290,62258,10197,High
12/31/2024,X6,2024,Africa,Red,Diesel,Automatic,3.2,29664,127517,2788,Low
12/31/2023,5 Series,2023,Asia,Grey,Petrol,Automatic,2.6,151394,89839,9049,High
12/31/2017,5 Series,2017,South America,Grey,Hybrid,Manual,1.8,102166,77195,3948,Low
12/31/2016,3 Series,2016,Asia,Grey,Petrol,Manual,4.2,22213,80383,11014,High
12/31/2018,M3,2018,North America,White,Diesel,Manual,4.4,54809,109917,2565,Low
12/31/2012,X6,2012,Africa,Grey,Petrol,Manual,2.3,12875,71650,1554,Low
12/31/2019,M5,2019,North America,Silver,Diesel,Manual,2.3,76913,119136,1797,Low
12/31/2013,M3,2013,Africa,Black,Hybrid,Manual,3,149298,63632,944,Low
12/31/2016,M5,2016,Europe,White,Hybrid,Manual,4.3,159817,121387,1045,Low
12/31/2015,X5,2015,Europe,Grey,Diesel,Automatic,1.8,26969,79321,4705,Low
12/31/2023,M5,2023,Europe,Grey,Electric,Manual,4.3,154266,144683,2538,Low
12/31/2022,X3,2022,Middle East,Red,Diesel,Manual,4.7,90788,100636,7177,High
12/31/2011,X6,2011,South America,Grey,Diesel,Manual,3.5,77288,67130,1940,Low
12/31/2011,X5,2011,South America,Silver,Electric,Manual,1.7,93223,60056,3002,Low
12/31/2019,7 Series,2019,North America,Red,Diesel,Manual,2.4,77082,114951,1399,Low
12/31/2016,i8,2016,Europe,Silver,Diesel,Manual,1.9,183360,100520,215,Low
12/31/2018,X5,2018,Africa,Blue,Diesel,Automatic,2.4,37819,89543,2968,Low
12/31/2020,3 Series,2020,Africa,White,Hybrid,Manual,4.3,195895,74992,5391,High
12/31/2024,5 Series,2024,South America,Blue,Hybrid,Automatic,1.7,118383,105089,4770,Low
12/31/2021,X1,2021,Europe,Red,Petrol,Manual,2.5,133939,66542,7648,High
12/31/2018,X1,2018,Europe,Red,Electric,Automatic,3.3,80052,83861,7773,High
12/31/2016,X3,2016,South America,Blue,Diesel,Automatic,4.6,166559,59681,4821,Low
12/31/2020,7 Series,2020,North America,White,Electric,Manual,2.4,107231,131523,1972,Low
12/31/2017,X1,2017,Asia,Red,Diesel,Manual,4.2,23762,78446,8119,High
12/31/2019,i3,2019,Asia,Red,Hybrid,Automatic,3.5,50119,95713,9729,High
12/31/2012,X5,2012,Asia,Silver,Diesel,Automatic,3.9,58274,78721,4679,Low
12/31/2010,X6,2010,Europe,Silver,Electric,Automatic,4.5,12336,97936,2992,Low
12/31/2016,X5,2016,Asia,Silver,Electric,Manual,1.6,101517,79737,6659,High
12/31/2017,X6,2017,Africa,Blue,Hybrid,Automatic,3.4,70842,107448,1775,Low
12/31/2011,i8,2011,Asia,Black,Electric,Manual,4.1,187524,118124,50,Low
12/31/2024,M5,2024,Europe,Blue,Diesel,Manual,4.6,126046,142186,1819,Low
12/31/2018,i8,2018,North America,Red,Diesel,Automatic,2,2079,147308,50,Low
12/31/2013,5 Series,2013,Africa,White,Hybrid,Manual,2.7,43735,73672,2935,Low
12/31/2019,7 Series,2019,Africa,Grey,Electric,Manual,1.8,107413,115736,1107,Low
12/31/2020,5 Series,2020,South America,White,Petrol,Automatic,4.4,63548,103640,4779,Low
12/31/2018,5 Series,2018,Middle East,Red,Hybrid,Automatic,4.5,124448,102106,5017,High
12/31/2022,i8,2022,South America,Blue,Hybrid,Automatic,3.2,169422,149544,535,Low
12/31/2012,X3,2012,South America,Grey,Electric,Automatic,1.6,76594,54371,5108,High
12/31/2017,M5,2017,South America,White,Petrol,Manual,1.9,159407,91878,969,Low
12/31/2020,X6,2020,Africa,Silver,Electric,Automatic,3.7,85134,119679,2710,Low
12/31/2011,M5,2011,North America,Silver,Diesel,Manual,4.9,32002,116067,559,Low
12/31/2024,X3,2024,Asia,Black,Diesel,Manual,4.4,165597,96829,8830,High
12/31/2023,5 Series,2023,South America,Grey,Electric,Manual,4.3,116408,185656,3500,Low
12/31/2012,X6,2012,South America,White,Diesel,Automatic,3,66871,70058,1656,Low
12/31/2010,X1,2010,Africa,Grey,Electric,Manual,4.9,122941,50525,2813,Low
12/31/2014,X5,2014,North America,Silver,Hybrid,Automatic,4.4,89873,97877,5197,High
12/31/2013,5 Series,2013,North America,Black,Hybrid,Automatic,2.7,116039,67342,5625,High
12/31/2022,X3,2022,Asia,Black,Hybrid,Manual,4.1,163922,98805,11264,High
12/31/2010,3 Series,2010,South America,Black,Electric,Manual,3,97719,49920,4807,Low
12/31/2019,7 Series,2019,Middle East,Black,Electric,Automatic,3.8,65199,153657,751,Low
12/31/2018,X1,2018,South America,Black,Electric,Automatic,4.9,176986,75056,4778,Low
12/31/2015,X1,2015,Africa,Black,Diesel,Manual,2.4,13700,57539,3393,Low
12/31/2015,X3,2015,Middle East,Silver,Electric,Automatic,4.3,143852,84551,5228,High
12/31/2023,X6,2023,Africa,White,Petrol,Automatic,3.6,176601,104242,2807,Low
12/31/2020,X6,2020,South America,Silver,Petrol,Automatic,4.8,2701,125404,2386,Low
12/31/2011,M5,2011,Middle East,Silver,Petrol,Automatic,2,64808,96095,463,Low
12/31/2024,i3,2024,North America,Blue,Petrol,Automatic,4,36027,117068,5099,High
12/31/2023,i3,2023,Europe,Grey,Diesel,Manual,1.6,113969,77761,5857,High
12/31/2016,i3,2016,Middle East,Blue,Electric,Manual,2.4,166974,62677,3828,Low
12/31/2021,M5,2021,North America,Blue,Hybrid,Manual,2.6,91200,145025,2241,Low
12/31/2021,X3,2021,North America,Silver,Hybrid,Manual,3,127194,88678,8158,High
12/31/2024,3 Series,2024,South America,Red,Electric,Manual,4.9,57873,131343,6969,High
12/31/2018,i8,2018,Africa,Red,Diesel,Automatic,1.7,183313,108976,50,Low
12/31/2015,i3,2015,Middle East,Blue,Diesel,Automatic,2.1,160757,41889,3711,Low
12/31/2020,M3,2020,Middle East,White,Hybrid,Automatic,2.2,17320,185786,1453,Low
12/31/2017,7 Series,2017,Middle East,White,Petrol,Manual,3,118392,110319,580,Low
12/31/2021,M5,2021,South America,Silver,Petrol,Manual,1.7,193098,99310,1441,Low
12/31/2014,i3,2014,North America,Red,Hybrid,Manual,4.9,102981,74201,3868,Low
12/31/2011,3 Series,2011,Africa,Black,Electric,Manual,3.5,53426,59759,4194,Low
12/31/2022,i8,2022,South America,Blue,Diesel,Manual,4.3,20003,176151,50,Low
12/31/2024,3 Series,2024,Asia,Red,Hybrid,Automatic,4.2,46980,123286,9697,High
12/31/2013,M5,2013,Europe,Blue,Hybrid,Automatic,3.8,177697,101053,924,Low
12/31/2021,M3,2021,Asia,Silver,Diesel,Manual,4.7,79118,115784,3089,Low
12/31/2010,M5,2010,Africa,Silver,Petrol,Manual,4.7,82041,92426,50,Low
12/31/2010,M5,2010,Europe,Red,Hybrid,Manual,1.9,81544,89600,786,Low
12/31/2015,X5,2015,Asia,Grey,Diesel,Manual,4.7,10720,100006,5429,High
12/31/2024,X6,2024,Europe,Silver,Petrol,Automatic,3.3,95184,127813,3971,Low
12/31/2011,7 Series,2011,Middle East,Black,Hybrid,Manual,2.4,19315,109051,50,Low
12/31/2015,3 Series,2015,Africa,Red,Petrol,Manual,3.6,177449,45672,5879,High
12/31/2010,5 Series,2010,Middle East,Black,Hybrid,Manual,2.5,54952,64700,3996,Low
12/31/2020,X3,2020,South America,Silver,Diesel,Manual,3.2,52924,84709,4768,Low
12/31/2019,i3,2019,Europe,Grey,Petrol,Automatic,4.4,14026,101614,5256,High
12/31/2012,X3,2012,North America,Red,Diesel,Manual,1.6,107248,34894,7814,High
12/31/2023,X5,2023,Asia,Silver,Petrol,Manual,2.1,154994,95514,5994,High
12/31/2018,i3,2018,North America,Blue,Hybrid,Automatic,4.8,89337,94171,5261,High
12/31/2011,X6,2011,Africa,Grey,Diesel,Manual,3.1,63801,66885,1593,Low
12/31/2017,X6,2017,Asia,Grey,Petrol,Automatic,2.6,108457,86198,4879,Low
12/31/2015,5 Series,2015,Europe,Grey,Diesel,Automatic,4.7,116159,79466,5365,High
12/31/2021,7 Series,2021,Europe,Blue,Electric,Manual,4.7,181362,138533,1927,Low
12/31/2015,3 Series,2015,Middle East,Blue,Diesel,Manual,1.7,97656,44978,6141,High
12/31/2016,3 Series,2016,Africa,Grey,Electric,Automatic,2.8,107604,71211,5120,High
12/31/2014,X1,2014,South America,Blue,Hybrid,Manual,4.7,31558,79693,3621,Low
12/31/2021,5 Series,2021,Middle East,White,Petrol,Manual,2.1,43413,96389,5472,High
12/31/2020,3 Series,2020,Africa,Black,Petrol,Manual,3.5,132464,70546,15000,High
12/31/2013,i8,2013,Asia,Grey,Diesel,Manual,2.6,52959,116231,50,Low
12/31/2015,X6,2015,Middle East,White,Electric,Automatic,4.1,187139,90725,2519,Low
12/31/2017,7 Series,2017,Middle East,White,Electric,Manual,2.1,70862,126523,327,Low
12/31/2013,i3,2013,North America,Black,Electric,Automatic,3.6,149367,59084,4464,Low
12/31/2014,X1,2014,Middle East,Blue,Hybrid,Automatic,1.5,138918,43968,4474,Low
12/31/2016,X3,2016,North America,Blue,Petrol,Manual,2.4,16237,73976,7539,High
12/31/2015,7 Series,2015,Europe,Grey,Diesel,Manual,2.1,44372,94006,1180,Low
12/31/2022,M5,2022,Africa,Silver,Diesel,Manual,2.2,77540,124075,1051,Low
12/31/2013,M3,2013,Middle East,Silver,Petrol,Manual,4.5,189352,63922,1476,Low
12/31/2022,M3,2022,Asia,White,Hybrid,Automatic,4.7,115240,64722,4704,Low
12/31/2013,X1,2013,North America,Silver,Diesel,Automatic,4.1,106469,51586,8365,High
12/31/2019,X1,2019,Asia,Grey,Hybrid,Automatic,3.6,174747,72762,9085,High
12/31/2013,3 Series,2013,Asia,Red,Diesel,Manual,2.3,190966,25119,9184,High
12/31/2010,M5,2010,Africa,Blue,Electric,Automatic,2.5,75434,98604,50,Low
12/31/2014,X5,2014,Asia,Silver,Petrol,Automatic,2.6,59519,74621,6381,High
12/31/2017,i3,2017,Europe,Silver,Diesel,Manual,4.2,82367,75167,5355,High
12/31/2016,X3,2016,North America,Black,Hybrid,Automatic,2.4,85125,79270,7855,High
12/31/2014,X1,2014,Middle East,Silver,Hybrid,Automatic,4.9,36673,86089,4404,Low
12/31/2012,M5,2012,Africa,Grey,Diesel,Manual,4.3,99198,89742,63,Low
12/31/2024,3 Series,2024,Africa,Blue,Diesel,Automatic,5,172658,92354,6084,High
12/31/2024,3 Series,2024,South America,Red,Hybrid,Automatic,3.1,165790,92235,6375,High
12/31/2020,X5,2020,North America,Grey,Diesel,Manual,3.6,197466,79440,5876,High
12/31/2010,X5,2010,South America,Red,Petrol,Manual,2.5,42760,56416,2887,Low
12/31/2022,i3,2022,Middle East,Red,Hybrid,Manual,3.6,11520,119717,3812,Low
12/31/2016,X5,2016,Asia,Black,Hybrid,Automatic,4.9,83982,102091,5758,High
12/31/2022,X5,2022,South America,Silver,Diesel,Manual,1.6,22166,104728,4323,Low
12/31/2024,X1,2024,Europe,Black,Hybrid,Manual,2.5,142736,84381,8226,High
12/31/2020,i8,2020,Middle East,Silver,Diesel,Automatic,2.5,56633,156638,50,Low
12/31/2012,7 Series,2012,Europe,White,Petrol,Manual,4.9,64838,103789,498,Low
12/31/2013,X5,2013,North America,Black,Electric,Automatic,2,126055,72649,4948,Low
12/31/2023,i3,2023,South America,White,Hybrid,Automatic,4.3,172543,95244,4484,Low
12/31/2014,7 Series,2014,South America,Silver,Electric,Manual,2.5,25794,108138,50,Low
12/31/2022,i8,2022,Europe,White,Electric,Manual,4.5,181345,165071,600,Low
12/31/2024,X6,2024,North America,Black,Hybrid,Manual,3.2,112564,131004,5208,High
12/31/2021,X6,2021,North America,Blue,Diesel,Manual,2.3,118354,95846,4746,Low
12/31/2017,X1,2017,North America,Silver,Hybrid,Manual,4,129801,73350,8358,High
12/31/2022,X3,2022,Europe,Red,Electric,Automatic,4.4,125750,109427,10267,High
12/31/2016,X5,2016,South America,Blue,Petrol,Automatic,3.1,54953,89599,3499,Low
12/31/2018,5 Series,2018,Middle East,White,Hybrid,Automatic,4,168699,93086,4499,Low
12/31/2020,5 Series,2020,Asia,Black,Hybrid,Manual,2.1,37606,101895,7899,High
12/31/2012,5 Series,2012,South America,Grey,Diesel,Manual,4.8,56191,102328,2919,Low
12/31/2023,M5,2023,North America,Grey,Hybrid,Automatic,1.8,112406,134708,6838,High
12/31/2020,5 Series,2020,Asia,Grey,Diesel,Manual,2.3,83414,83161,8045,High
12/31/2019,3 Series,2019,Africa,White,Diesel,Manual,2.5,86915,68138,5389,High
12/31/2010,i8,2010,Africa,Grey,Electric,Manual,2,25577,117491,50,Low
12/31/2010,7 Series,2010,North America,White,Diesel,Manual,2.9,142562,65599,806,Low
12/31/2021,i8,2021,Middle East,Blue,Electric,Manual,3.1,74952,177109,54,Low
12/31/2019,X6,2019,South America,Black,Hybrid,Automatic,3.3,38858,121776,2945,Low
12/31/2022,5 Series,2022,North America,Blue,Diesel,Manual,1.6,34880,98222,8365,High
12/31/2023,M5,2023,North America,Black,Hybrid,Manual,2.3,125939,136245,2504,Low
12/31/2010,i3,2010,North America,Red,Petrol,Manual,4.3,93833,44565,5003,High
12/31/2011,X6,2011,Europe,Silver,Diesel,Automatic,4.3,70397,79896,3293,Low
12/31/2011,i8,2011,South America,Silver,Electric,Manual,2.7,72558,118901,50,Low
12/31/2016,7 Series,2016,North America,Red,Hybrid,Manual,3.1,101854,114605,1066,Low
12/31/2018,X1,2018,Asia,Silver,Diesel,Manual,2.1,157019,44913,7922,High
12/31/2017,i8,2017,South America,Red,Diesel,Automatic,4.4,88174,140283,50,Low
12/31/2024,X3,2024,Asia,Blue,Diesel,Manual,4.8,122395,104751,10346,High
12/31/2013,X3,2013,Middle East,Black,Electric,Manual,2.5,197434,49093,6438,High
12/31/2011,X5,2011,Asia,Blue,Diesel,Manual,4.2,161027,50423,6157,High
12/31/2012,M3,2012,Europe,Blue,Diesel,Automatic,2.7,195533,45494,2387,Low
12/31/2019,7 Series,2019,Asia,Red,Petrol,Automatic,1.5,195193,86295,1876,Low
12/31/2014,7 Series,2014,Middle East,Red,Diesel,Automatic,3.6,161348,86723,541,Low
12/31/2018,X5,2018,North America,Black,Electric,Automatic,2.9,94067,105319,6377,High
12/31/2017,3 Series,2017,Africa,Red,Electric,Manual,4.2,69087,90599,4612,Low
12/31/2022,X5,2022,Asia,Silver,Hybrid,Automatic,4.1,148624,119922,6178,High
12/31/2021,X1,2021,South America,White,Electric,Automatic,4.8,132471,97891,4657,Low
12/31/2023,i8,2023,Europe,Blue,Electric,Automatic,3,167289,167530,832,Low
12/31/2012,i3,2012,Asia,Red,Hybrid,Automatic,3.2,111012,54881,5419,High
12/31/2018,M5,2018,Europe,Blue,Petrol,Manual,2.9,21949,130536,1304,Low
12/31/2019,X5,2019,Africa,Black,Petrol,Manual,2.5,165337,69028,3731,Low
12/31/2012,X1,2012,Middle East,Silver,Hybrid,Automatic,3.7,18078,71509,4305,Low
12/31/2019,X1,2019,Asia,Red,Diesel,Manual,4.4,137435,69164,9076,High
12/31/2021,X5,2021,Europe,Red,Electric,Manual,2.1,92571,109120,6726,High
12/31/2023,3 Series,2023,Middle East,Grey,Hybrid,Manual,4.9,87004,121696,6552,High
12/31/2017,5 Series,2017,Middle East,Grey,Electric,Automatic,3.9,183075,86602,4077,Low
12/31/2010,i3,2010,Asia,White,Petrol,Automatic,4.2,116607,44715,4318,Low
12/31/2013,X5,2013,Middle East,Blue,Petrol,Automatic,5,188569,66346,3093,Low
12/31/2013,5 Series,2013,Middle East,Black,Electric,Manual,3.3,14562,92398,4004,Low
12/31/2015,5 Series,2015,Africa,Silver,Petrol,Manual,1.7,2075,70088,3348,Low
12/31/2021,5 Series,2021,North America,White,Electric,Automatic,4.3,190396,109002,7991,High
12/31/2021,7 Series,2021,Asia,Black,Electric,Automatic,4.5,40555,163102,1802,Low
12/31/2011,X3,2011,Middle East,Red,Diesel,Automatic,2.1,183679,25000,5807,High
12/31/2016,M3,2016,Africa,White,Diesel,Manual,1.6,151061,57464,1431,Low
12/31/2014,M3,2014,North America,Black,Electric,Automatic,2,89890,85613,2266,Low
12/31/2019,i8,2019,Africa,Red,Electric,Manual,2.6,124276,145658,70,Low
12/31/2015,X3,2015,Europe,White,Petrol,Manual,4.7,198724,53652,7794,High
12/31/2020,X3,2020,Asia,White,Petrol,Manual,1.5,142858,65691,10487,High
12/31/2023,X1,2023,Middle East,Grey,Diesel,Automatic,4.3,84183,95241,6072,High
12/31/2015,M5,2015,North America,Grey,Petrol,Automatic,4.5,46885,122986,1033,Low
12/31/2023,i3,2023,Europe,Silver,Hybrid,Manual,4.3,96118,106399,5221,High
12/31/2023,X5,2023,Asia,Black,Hybrid,Manual,1.8,19898,121263,7577,High
12/31/2021,X6,2021,Asia,Blue,Petrol,Manual,3.9,85164,111628,5050,High
12/31/2023,M5,2023,South America,Red,Diesel,Automatic,4.8,150139,137920,1286,Low
12/31/2020,X6,2020,South America,White,Electric,Automatic,1.9,77715,107813,3094,Low
12/31/2015,X6,2015,Middle East,Red,Petrol,Automatic,1.6,118668,71975,3005,Low
12/31/2019,5 Series,2019,Europe,White,Diesel,Automatic,4.6,170998,87298,6102,High
12/31/2021,5 Series,2021,Middle East,White,Petrol,Automatic,3.8,17402,119200,5310,High
12/31/2017,3 Series,2017,Europe,Grey,Diesel,Manual,3.8,88061,66817,9297,High
12/31/2019,M3,2019,Asia,Black,Electric,Automatic,4.9,65163,134556,2878,Low
12/31/2013,3 Series,2013,Europe,Black,Hybrid,Automatic,4.2,80631,74446,8956,High
12/31/2019,M3,2019,North America,Grey,Hybrid,Manual,2.9,157219,94256,3658,Low
12/31/2017,M5,2017,South America,White,Hybrid,Manual,3,184157,104113,672,Low
12/31/2018,i8,2018,Europe,Red,Petrol,Manual,2,46417,133387,50,Low
12/31/2022,i3,2022,North America,Black,Diesel,Manual,2.6,62952,86258,5287,High
12/31/2022,X3,2022,Europe,Red,Petrol,Automatic,3.1,165212,77218,7884,High
12/31/2013,i8,2013,Middle East,Silver,Petrol,Automatic,2.4,154504,112442,50,Low
12/31/2010,3 Series,2010,Africa,Grey,Hybrid,Automatic,4.7,89289,57720,3601,Low
12/31/2012,M3,2012,Europe,Silver,Hybrid,Automatic,1.5,190729,48547,2708,Low
12/31/2010,X3,2010,Europe,Grey,Electric,Manual,3.6,131703,51267,1268,Low
12/31/2016,X5,2016,Africa,Red,Diesel,Automatic,4.2,173370,71161,3055,Low
12/31/2021,5 Series,2021,Asia,Red,Diesel,Manual,4.1,29951,107901,8151,High
12/31/2010,M5,2010,Africa,Blue,Petrol,Automatic,3.8,86256,86160,50,Low
12/31/2020,X3,2020,Africa,Black,Electric,Automatic,2.9,47506,107772,5299,High
12/31/2013,X5,2013,Middle East,Silver,Petrol,Manual,4.7,3755,93844,3190,Low
12/31/2022,5 Series,2022,Asia,Red,Diesel,Automatic,2.7,119595,92335,8821,High
12/31/2023,7 Series,2023,Europe,Grey,Petrol,Manual,4.1,148257,133859,1869,Low
12/31/2010,M5,2010,South America,Grey,Electric,Manual,4.7,23348,120434,50,Low
12/31/2022,X5,2022,South America,Red,Electric,Automatic,1.9,119554,107342,3927,Low
12/31/2022,5 Series,2022,South America,Grey,Diesel,Manual,4.8,59630,109411,4071,Low
12/31/2011,5 Series,2011,North America,Grey,Diesel,Automatic,4.2,101563,58439,6686,High
12/31/2020,M3,2020,Europe,Black,Electric,Manual,3.7,76717,121367,3496,Low
12/31/2024,X6,2024,North America,Blue,Diesel,Manual,2.8,77838,121024,4756,Low
12/31/2023,X1,2023,Africa,Black,Hybrid,Automatic,4.7,85090,104951,5162,High
12/31/2010,X6,2010,Asia,Silver,Hybrid,Manual,1.7,175471,45339,3560,Low
12/31/2022,3 Series,2022,North America,Red,Petrol,Manual,3,2431,106700,9069,High
12/31/2014,M5,2014,Europe,White,Hybrid,Manual,4.1,8454,128100,767,Low
12/31/2016,i3,2016,Africa,Black,Electric,Automatic,4.3,72892,87139,2563,Low
12/31/2012,i3,2012,South America,Grey,Hybrid,Automatic,2.2,141602,40494,2368,Low
12/31/2023,X1,2023,South America,Blue,Electric,Automatic,1.7,117936,86461,6208,High
12/31/2017,i8,2017,North America,Blue,Diesel,Automatic,4.3,157650,131462,50,Low
12/31/2023,M3,2023,Europe,Black,Petrol,Manual,3,129020,133554,2536,Low
12/31/2024,5 Series,2024,Africa,Silver,Diesel,Manual,2,191489,78654,4239,Low
12/31/2014,i3,2014,Europe,Blue,Hybrid,Automatic,1.8,61601,62806,4705,Low
12/31/2014,5 Series,2014,Europe,Grey,Hybrid,Automatic,3.7,68075,82633,5842,High
12/31/2022,M3,2022,North America,Silver,Hybrid,Automatic,3.5,99949,118161,3857,Low
12/31/2014,X3,2014,South America,Grey,Hybrid,Automatic,4.5,15039,93145,4105,Low
12/31/2017,M5,2017,Middle East,Silver,Hybrid,Manual,1.6,182818,98755,1010,Low
12/31/2011,i3,2011,Asia,Red,Petrol,Manual,4.5,195533,32006,5034,High
12/31/2011,M3,2011,Africa,White,Petrol,Automatic,4.6,74468,74914,570,Low
12/31/2024,7 Series,2024,Europe,Red,Electric,Automatic,3.1,85913,63362,3810,Low
12/31/2023,3 Series,2023,North America,Blue,Petrol,Manual,1.8,129323,77359,9790,High
12/31/2021,M5,2021,Africa,Black,Diesel,Automatic,4.8,147689,124041,935,Low
12/31/2017,X5,2017,Middle East,Grey,Hybrid,Automatic,1.8,72838,96985,3382,Low
12/31/2018,i3,2018,Europe,Blue,Petrol,Automatic,3.6,104419,76791,4369,Low
12/31/2020,X5,2020,South America,Black,Electric,Automatic,3.2,75092,113765,3562,Low
12/31/2021,M3,2021,Middle East,Blue,Electric,Automatic,4.4,34510,137804,2103,Low
12/31/2019,M3,2019,Europe,White,Hybrid,Automatic,3.3,104952,108506,3366,Low
12/31/2019,X3,2019,North America,Silver,Hybrid,Manual,3.1,72588,123338,8317,High
12/31/2011,i3,2011,Middle East,Red,Electric,Manual,4.6,82899,72141,2650,Low
12/31/2013,M3,2013,North America,Black,Electric,Manual,4.9,76018,105216,1818,Low
12/31/2017,5 Series,2017,Europe,Black,Petrol,Automatic,3.4,68705,89549,7240,High
12/31/2011,i8,2011,Asia,Grey,Electric,Manual,3.1,21337,137859,50,Low
12/31/2013,i3,2013,Europe,Black,Diesel,Manual,4.4,1889,73834,4144,Low
12/31/2019,5 Series,2019,Asia,Silver,Hybrid,Manual,4.4,194643,90139,7913,High
12/31/2022,M3,2022,South America,Red,Electric,Manual,2.6,21010,132534,2365,Low
12/31/2022,M3,2022,Asia,Silver,Hybrid,Manual,3.5,171128,101647,3619,Low
12/31/2010,X5,2010,Europe,Black,Diesel,Manual,2,169956,30138,4712,Low
12/31/2011,i3,2011,Middle East,Grey,Petrol,Automatic,3.7,64286,57802,2798,Low
12/31/2016,M3,2016,South America,Silver,Hybrid,Manual,4.4,131830,89774,1329,Low
12/31/2010,i8,2010,Africa,Red,Electric,Manual,2.2,90154,105835,50,Low
12/31/2021,i3,2021,North America,Black,Petrol,Manual,2.6,4861,96238,5461,High
12/31/2010,M5,2010,North America,Silver,Petrol,Automatic,3.1,107265,90504,886,Low
12/31/2011,7 Series,2011,South America,White,Diesel,Manual,4.5,26389,93484,50,Low
12/31/2013,5 Series,2013,Europe,Silver,Hybrid,Manual,4.1,127312,68763,5592,High
12/31/2016,i3,2016,North America,Red,Hybrid,Manual,2.6,114263,62142,4717,Low
12/31/2013,X5,2013,North America,White,Hybrid,Automatic,2.4,26389,84169,4847,Low
12/31/2014,X3,2014,Africa,White,Hybrid,Manual,3.9,93927,69131,4506,Low
12/31/2013,M3,2013,North America,Blue,Hybrid,Automatic,3.2,74562,84939,2398,Low
12/31/2013,X6,2013,Africa,Blue,Diesel,Manual,3.6,106538,69992,1773,Low
12/31/2018,M5,2018,Africa,White,Petrol,Manual,3.8,192269,102263,733,Low
12/31/2024,M3,2024,South America,Silver,Diesel,Automatic,3.5,155503,110353,2136,Low
12/31/2015,X6,2015,North America,Red,Petrol,Manual,3.6,173129,72574,3657,Low
12/31/2021,M5,2021,South America,Red,Petrol,Automatic,4.6,81534,147630,631,Low
12/31/2012,X1,2012,Asia,Red,Hybrid,Manual,4.5,64019,63786,7044,High
12/31/2015,M3,2015,Europe,Grey,Diesel,Automatic,2,39446,77457,2921,Low
12/31/2022,7 Series,2022,Europe,Black,Petrol,Manual,3.6,186165,118937,1605,Low
12/31/2016,i8,2016,South America,White,Petrol,Manual,3,104038,122733,50,Low
12/31/2016,M5,2016,Europe,Red,Diesel,Automatic,2.5,58941,116739,1403,Low
12/31/2017,X6,2017,Asia,Black,Electric,Automatic,3.7,61938,118447,4143,Low
12/31/2022,M5,2022,North America,Black,Hybrid,Automatic,3.3,55869,153073,2426,Low
12/31/2013,X1,2013,South America,Black,Petrol,Automatic,4.2,106932,50723,4855,Low
12/31/2010,5 Series,2010,Africa,Red,Hybrid,Manual,1.8,176103,32628,2767,Low
12/31/2015,X3,2015,North America,Black,Diesel,Manual,2.6,45372,67456,8782,High
12/31/2017,i8,2017,Asia,Blue,Electric,Manual,1.6,125492,139868,50,Low
12/31/2014,X1,2014,Europe,White,Petrol,Manual,4.1,188034,38659,7828,High
12/31/2022,X1,2022,North America,Silver,Petrol,Automatic,4.7,54667,104800,7258,High
12/31/2012,X1,2012,Asia,Black,Electric,Manual,3.6,134779,48650,6901,High
12/31/2013,i3,2013,South America,White,Petrol,Automatic,3.7,59923,60176,2297,Low
12/31/2017,3 Series,2017,Middle East,Grey,Petrol,Manual,1.7,180760,44189,7502,High
12/31/2015,M3,2015,Europe,White,Diesel,Manual,3.3,171992,62641,2693,Low
12/31/2022,i8,2022,South America,Blue,Petrol,Automatic,3.3,31771,172643,50,Low
12/31/2024,X1,2024,North America,White,Petrol,Automatic,1.6,160271,67160,8515,High
12/31/2022,X3,2022,Middle East,Black,Hybrid,Manual,4.2,35762,125846,5577,High
12/31/2014,i3,2014,South America,White,Diesel,Manual,2.5,58535,53520,2582,Low
12/31/2022,X6,2022,Middle East,Silver,Electric,Automatic,4,49734,143609,3464,Low
12/31/2018,X5,2018,South America,Blue,Electric,Automatic,2.9,119627,144628,3694,Low
12/31/2019,i8,2019,Asia,Grey,Diesel,Manual,5,166249,137937,214,Low
12/31/2012,i8,2012,South America,Blue,Diesel,Automatic,2.2,24290,113321,50,Low
12/31/2016,M5,2016,Asia,Black,Electric,Manual,1.7,107345,108671,1347,Low
12/31/2018,3 Series,2018,Middle East,Blue,Electric,Automatic,4.9,103633,98978,6003,High
12/31/2020,M3,2020,Middle East,Blue,Petrol,Automatic,2.4,147850,86295,2615,Low
12/31/2022,X6,2022,North America,Red,Petrol,Manual,3.7,22266,124271,4060,Low
12/31/2020,M5,2020,Africa,Silver,Hybrid,Manual,2.8,105336,126753,1035,Low
12/31/2021,i8,2021,Africa,Blue,Diesel,Manual,3.7,190975,127375,166,Low
12/31/2013,3 Series,2013,South America,Blue,Petrol,Automatic,3.6,20064,68372,4801,Low
12/31/2019,7 Series,2019,Middle East,Grey,Petrol,Manual,4,6062,138173,436,Low
12/31/2019,X3,2019,North America,Silver,Hybrid,Automatic,1.6,73132,81474,9863,High
12/31/2012,i3,2012,Europe,Blue,Petrol,Manual,4.4,107232,49228,4717,Low
12/31/2010,X3,2010,Middle East,Grey,Hybrid,Automatic,3.2,153550,45240,5769,High
12/31/2018,X1,2018,Africa,White,Electric,Manual,3.3,68821,81504,5046,High
12/31/2022,7 Series,2022,South America,Black,Diesel,Automatic,2.9,94853,121526,1044,Low
12/31/2010,M3,2010,South America,Grey,Petrol,Automatic,5,186554,53007,1129,Low
12/31/2011,i3,2011,Middle East,Grey,Petrol,Automatic,4.3,86485,56451,2891,Low
12/31/2018,i8,2018,Asia,Silver,Petrol,Automatic,2.6,93445,142070,50,Low
12/31/2014,7 Series,2014,Asia,Grey,Diesel,Automatic,4.2,164453,91549,3151,Low
12/31/2013,5 Series,2013,North America,Silver,Electric,Manual,3,74077,77593,6500,High
12/31/2018,7 Series,2018,Asia,Black,Hybrid,Automatic,4.5,182519,121891,4424,Low
12/31/2018,X6,2018,Middle East,Black,Hybrid,Automatic,1.6,82876,101927,3445,Low
12/31/2011,3 Series,2011,Europe,Grey,Diesel,Automatic,2.7,162221,25525,8361,High
12/31/2012,X3,2012,South America,White,Hybrid,Manual,3,167924,43095,4640,Low
12/31/2021,7 Series,2021,Asia,Black,Diesel,Manual,4.1,52717,131507,1509,Low
12/31/2012,M5,2012,Asia,Silver,Hybrid,Automatic,2.1,64467,102259,1105,Low
12/31/2014,X5,2014,South America,White,Diesel,Automatic,2.5,1424,78984,3459,Low
12/31/2022,X1,2022,North America,Blue,Diesel,Manual,4,8412,102230,7633,High
12/31/2012,X3,2012,Middle East,Grey,Hybrid,Automatic,1.8,62922,57526,5460,High
12/31/2019,M3,2019,Europe,Silver,Diesel,Manual,2.2,190833,71962,3723,Low
12/31/2015,7 Series,2015,Middle East,Silver,Hybrid,Automatic,4.1,50666,126473,50,Low
12/31/2011,M5,2011,Middle East,Blue,Petrol,Automatic,4.6,108115,103170,74,Low
12/31/2015,X6,2015,South America,Red,Petrol,Automatic,4.1,154216,77613,1951,Low
12/31/2015,5 Series,2015,Middle East,Grey,Petrol,Manual,3.3,114899,68929,4185,Low
12/31/2011,X6,2011,Asia,Black,Petrol,Manual,1.8,148743,48555,3564,Low
12/31/2015,5 Series,2015,North America,Grey,Petrol,Manual,4.4,16528,89866,6822,High
12/31/2015,i8,2015,Asia,Red,Electric,Automatic,1.9,161209,120889,50,Low
12/31/2015,M3,2015,Africa,Red,Hybrid,Manual,2.8,31691,91006,2498,Low
12/31/2021,i8,2021,North America,Red,Electric,Manual,1.7,66143,157122,669,Low
12/31/2022,X3,2022,Asia,Black,Diesel,Automatic,4,7637,114317,8000,High
12/31/2023,X5,2023,Middle East,Blue,Petrol,Automatic,3.3,70170,124939,4654,Low
12/31/2014,5 Series,2014,North America,Blue,Petrol,Automatic,4.7,169017,64547,6056,High
12/31/2016,7 Series,2016,Middle East,Black,Diesel,Automatic,2,140388,92606,815,Low
12/31/2022,X3,2022,Africa,Grey,Hybrid,Automatic,4.4,101038,105591,5047,High
12/31/2024,X5,2024,South America,White,Hybrid,Manual,3.3,189496,99438,4868,Low
12/31/2021,i3,2021,Europe,White,Hybrid,Manual,2.8,105265,91091,5427,High
12/31/2014,7 Series,2014,North America,Blue,Hybrid,Manual,3.8,51545,119640,668,Low
12/31/2020,X6,2020,Asia,White,Hybrid,Manual,4.3,48798,131534,5292,High
12/31/2010,X6,2010,Asia,Black,Petrol,Manual,3,191772,41968,3919,Low
12/31/2021,X3,2021,Africa,Grey,Petrol,Automatic,2.3,6423,95105,5410,High
12/31/2018,X5,2018,Middle East,Silver,Petrol,Automatic,4.7,56510,106592,3836,Low
12/31/2012,i8,2012,Africa,Grey,Petrol,Manual,2.6,14659,121208,50,Low
12/31/2011,M5,2011,Africa,Grey,Diesel,Manual,5,183789,82625,50,Low
12/31/2019,i8,2019,Africa,White,Diesel,Manual,4.2,14412,152665,50,Low
12/31/2015,M5,2015,South America,White,Electric,Manual,3.9,155399,116144,302,Low
12/31/2017,X6,2017,Africa,Grey,Petrol,Automatic,1.5,193292,60155,2146,Low
12/31/2011,i8,2011,North America,Red,Diesel,Manual,3.1,89083,108835,50,Low
12/31/2013,X1,2013,Asia,Silver,Petrol,Manual,3.3,176256,29012,7171,High
12/31/2011,M3,2011,Europe,Red,Electric,Automatic,2.8,2297,90498,2016,Low
12/31/2021,X5,2021,Europe,Blue,Diesel,Manual,2,125118,85943,6297,High
12/31/2021,X3,2021,Africa,Blue,Electric,Automatic,2.8,66384,109445,5443,High
12/31/2018,X5,2018,Europe,Blue,Diesel,Automatic,1.8,163496,63738,6512,High
12/31/2019,X3,2019,South America,Grey,Electric,Automatic,2.5,182617,75695,5315,High
12/31/2022,5 Series,2022,Europe,Silver,Hybrid,Automatic,1.8,104340,103302,7270,High
12/31/2024,X1,2024,South America,Red,Electric,Manual,4.1,144746,104850,6252,High
12/31/2011,M5,2011,South America,White,Diesel,Manual,3.8,21549,101129,50,Low
12/31/2019,5 Series,2019,North America,Grey,Electric,Automatic,4.8,103235,112218,7758,High
12/31/2011,i8,2011,Middle East,Silver,Hybrid,Automatic,2.8,20365,142600,50,Low
12/31/2023,X6,2023,Middle East,Black,Hybrid,Automatic,4.3,144809,125943,3494,Low
12/31/2022,X6,2022,North America,Grey,Petrol,Manual,3.6,88762,123225,8953,High
12/31/2014,M5,2014,Africa,Red,Petrol,Automatic,3.8,81098,105577,139,Low
12/31/2021,7 Series,2021,Middle East,White,Diesel,Automatic,3.4,62211,136726,835,Low
12/31/2014,X1,2014,Asia,Silver,Electric,Manual,4.2,60321,73151,8333,High
12/31/2021,M3,2021,Middle East,White,Diesel,Manual,1.6,89082,98950,1929,Low
12/31/2016,3 Series,2016,South America,Blue,Electric,Manual,1.8,52827,72099,6152,High
12/31/2010,X5,2010,Middle East,Black,Petrol,Manual,1.8,181825,30985,3656,Low
12/31/2021,i3,2021,Middle East,White,Hybrid,Manual,2.5,182562,76746,4020,Low
12/31/2011,X6,2011,Europe,Grey,Diesel,Automatic,3.6,17159,85790,2682,Low
12/31/2020,5 Series,2020,North America,Silver,Hybrid,Manual,3.8,21048,115209,8012,High
12/31/2020,3 Series,2020,Africa,Black,Electric,Automatic,4,47000,109490,5256,High
12/31/2015,5 Series,2015,Asia,Black,Hybrid,Manual,2.5,152574,63345,6248,High
12/31/2011,X1,2011,South America,Grey,Petrol,Automatic,3.8,63382,44865,4197,Low
12/31/2013,X5,2013,South America,Red,Electric,Manual,1.9,17059,87562,3052,Low
12/31/2019,3 Series,2019,Europe,Red,Diesel,Automatic,1.5,53912,73068,9357,High
12/31/2015,X3,2015,South America,White,Electric,Automatic,3.9,108432,80563,4143,Low
12/31/2022,X1,2022,South America,White,Petrol,Automatic,4,169713,72206,5689,High
12/31/2021,i8,2021,Africa,Grey,Diesel,Manual,3.7,35391,151891,50,Low
12/31/2016,M5,2016,Africa,White,Hybrid,Automatic,2.4,192365,98439,558,Low
12/31/2019,X3,2019,Europe,Red,Petrol,Automatic,4.7,17492,55166,8947,High
12/31/2014,X3,2014,North America,White,Diesel,Automatic,4.6,21380,38973,7524,High
12/31/2017,M3,2017,South America,Blue,Petrol,Manual,3.3,187031,70965,1820,Low
12/31/2015,X6,2015,Africa,Black,Hybrid,Automatic,5,155593,91111,1913,Low
12/31/2014,M3,2014,North America,White,Electric,Manual,2.5,138457,80724,2697,Low
12/31/2013,X1,2013,Middle East,Blue,Hybrid,Automatic,3.2,93231,57133,4735,Low
12/31/2015,i3,2015,Middle East,Red,Hybrid,Automatic,4.7,54004,91272,3022,Low
12/31/2015,i8,2015,Asia,Blue,Petrol,Automatic,3.1,160669,122367,50,Low
12/31/2015,X5,2015,Asia,Blue,Petrol,Manual,3.1,163622,60630,6378,High
12/31/2010,5 Series,2010,Middle East,Silver,Electric,Automatic,1.8,104948,57777,4195,Low
12/31/2015,X1,2015,Europe,Silver,Electric,Automatic,2.2,54371,67380,7566,High
12/31/2010,X6,2010,Europe,Silver,Petrol,Automatic,2.1,146143,46471,3687,Low
12/31/2014,X1,2014,Middle East,White,Hybrid,Automatic,3.5,90439,65483,5596,High
12/31/2016,M5,2016,Asia,Grey,Electric,Automatic,2.6,109699,121207,1465,Low
12/31/2010,3 Series,2010,Asia,White,Hybrid,Manual,1.8,177406,25000,9767,High
12/31/2022,i8,2022,Europe,Red,Electric,Manual,3.3,195672,151921,786,Low
12/31/2010,5 Series,2010,Asia,Silver,Electric,Automatic,3.8,67760,79121,6577,High
12/31/2022,X1,2022,South America,White,Petrol,Automatic,4.1,156559,76493,687,Low
12/31/2022,X3,2022,North America,Red,Petrol,Automatic,4.4,158742,95813,8386,High
12/31/2024,X3,2024,Middle East,Red,Electric,Manual,3.2,130766,108799,6640,High
12/31/2015,i3,2015,Europe,White,Petrol,Manual,2.9,28786,69654,4762,Low
12/31/2024,X5,2024,South America,Silver,Petrol,Manual,3.9,73597,118434,4092,Low
12/31/2016,M5,2016,Europe,Silver,Hybrid,Automatic,1.5,136054,99658,1288,Low
12/31/2015,7 Series,2015,Europe,Grey,Petrol,Automatic,3.7,136600,93490,1003,Low
12/31/2014,i3,2014,Africa,Grey,Diesel,Manual,2.9,118697,42783,2398,Low
12/31/2015,X1,2015,Middle East,Grey,Diesel,Manual,3.1,62154,59329,4813,Low
12/31/2022,X6,2022,South America,Red,Petrol,Manual,2.5,6699,123175,2275,Low
12/31/2023,X1,2023,Middle East,Red,Hybrid,Automatic,1.9,15872,108948,6597,High
12/31/2012,M3,2012,South America,Black,Hybrid,Manual,2.9,150878,62324,1320,Low
12/31/2018,7 Series,2018,South America,Grey,Electric,Automatic,2.6,174450,101910,1325,Low
12/31/2024,X3,2024,Europe,Black,Diesel,Manual,4.9,16661,129344,7983,High
12/31/2014,M3,2014,Europe,Red,Hybrid,Automatic,4.8,174691,85618,2451,Low
12/31/2011,3 Series,2011,Middle East,Red,Petrol,Manual,3.8,90500,47991,5422,High
12/31/2023,7 Series,2023,Europe,Blue,Petrol,Automatic,4.7,7660,154240,1279,Low
12/31/2023,X3,2023,North America,Grey,Electric,Manual,4.1,97396,123108,9224,High
12/31/2021,X3,2021,Asia,White,Petrol,Automatic,2.7,25490,97042,9927,High
12/31/2019,7 Series,2019,Middle East,Red,Electric,Automatic,3.6,138607,198691,59,Low
12/31/2019,X6,2019,South America,Blue,Petrol,Automatic,2.3,57660,96707,2771,Low
12/31/2016,3 Series,2016,South America,White,Diesel,Automatic,3.9,18773,79003,5620,High
12/31/2012,7 Series,2012,South America,Grey,Petrol,Automatic,1.7,138552,67009,328,Low
12/31/2010,M3,2010,Asia,Silver,Petrol,Automatic,4.4,118622,65177,2156,Low
12/31/2012,3 Series,2012,North America,Red,Electric,Manual,3.5,152724,52223,9293,High
12/31/2018,X6,2018,North America,Silver,Diesel,Manual,1.7,12610,95679,4144,Low
12/31/2014,X3,2014,South America,Silver,Hybrid,Automatic,4.6,154172,67205,4736,Low
12/31/2016,X1,2016,Africa,Grey,Hybrid,Automatic,4.6,90442,79708,4157,Low
12/31/2012,M3,2012,Asia,White,Hybrid,Automatic,4.5,137995,79331,2619,Low
12/31/2013,X3,2013,Africa,Red,Hybrid,Manual,4.2,68137,75689,3460,Low
12/31/2010,M5,2010,Middle East,Grey,Diesel,Automatic,3.9,639,116813,50,Low
12/31/2012,X5,2012,Asia,Grey,Electric,Automatic,2.9,7855,91233,5482,High
12/31/2016,M5,2016,North America,Black,Electric,Automatic,2,64084,124646,1326,Low
12/31/2013,X3,2013,Africa,Red,Diesel,Automatic,2.5,182470,29431,4874,Low
12/31/2024,X6,2024,South America,Black,Diesel,Manual,2.7,153310,96422,3576,Low
12/31/2011,i8,2011,Europe,Red,Petrol,Manual,2.8,49070,115488,50,Low
12/31/2023,X3,2023,South America,Silver,Petrol,Automatic,3.5,105443,96009,5483,High
12/31/2014,3 Series,2014,Asia,Blue,Electric,Automatic,2.2,151338,25000,11080,High
12/31/2024,5 Series,2024,North America,Grey,Petrol,Automatic,2.2,51751,110701,6636,High
12/31/2014,X1,2014,North America,Grey,Hybrid,Automatic,4,61751,75821,6301,High
12/31/2024,7 Series,2024,Asia,Red,Electric,Automatic,1.5,59901,154751,2354,Low
12/31/2011,7 Series,2011,Middle East,White,Petrol,Manual,2,4165,93052,50,Low
12/31/2024,X3,2024,North America,Grey,Diesel,Manual,3,21840,114968,7707,High
12/31/2024,5 Series,2024,Europe,Silver,Diesel,Automatic,2,86148,97568,6655,High
12/31/2020,X6,2020,Africa,White,Electric,Manual,4.9,143181,117161,2569,Low
12/31/2015,X5,2015,North America,White,Petrol,Automatic,3.8,189755,65741,5770,High
12/31/2019,7 Series,2019,Asia,Red,Petrol,Automatic,3,48942,126958,1317,Low
12/31/2013,X5,2013,Africa,Red,Petrol,Automatic,1.9,49663,65715,2667,Low
12/31/2023,3 Series,2023,Europe,Grey,Hybrid,Automatic,2.8,149579,93903,8778,High
12/31/2010,7 Series,2010,Middle East,Silver,Petrol,Manual,3.8,28000,100473,50,Low
12/31/2012,7 Series,2012,North America,White,Petrol,Automatic,4.9,4135,119688,316,Low
12/31/2023,X5,2023,Asia,Black,Hybrid,Manual,3.2,142865,109325,7677,High
12/31/2018,X3,2018,North America,Grey,Diesel,Manual,3.9,176202,65935,8647,High
12/31/2019,X5,2019,Europe,Red,Petrol,Manual,2.2,46808,98239,6278,High
12/31/2016,X5,2016,Africa,Silver,Diesel,Automatic,3.7,114418,78207,3192,Low
12/31/2022,3 Series,2022,Africa,Black,Hybrid,Automatic,2.3,145148,85636,5202,High
12/31/2015,5 Series,2015,Europe,Grey,Hybrid,Automatic,2.2,43459,88645,5892,High
12/31/2023,X1,2023,Asia,Grey,Diesel,Manual,3.3,176061,68686,9784,High
12/31/2010,i8,2010,Europe,Grey,Diesel,Automatic,2.2,14086,109696,50,Low
12/31/2018,5 Series,2018,Europe,Grey,Hybrid,Manual,4,18897,107892,5859,High
12/31/2022,X3,2022,Middle East,Blue,Electric,Manual,4.8,187369,107213,6860,High
12/31/2018,5 Series,2018,Asia,Black,Electric,Manual,2.9,54465,102202,8010,High
12/31/2010,3 Series,2010,South America,Blue,Petrol,Manual,2.6,50536,38592,4483,Low
12/31/2023,5 Series,2023,Middle East,Grey,Electric,Manual,2.1,76963,51389,7150,High
12/31/2022,i3,2022,Europe,Grey,Hybrid,Manual,2.9,134202,84679,6333,High
12/31/2022,X3,2022,Middle East,Blue,Petrol,Manual,3.5,40518,106482,6394,High
12/31/2024,i8,2024,South America,Silver,Electric,Manual,2.8,9624,185445,352,Low
12/31/2015,5 Series,2015,Asia,White,Hybrid,Automatic,3.7,193974,67798,7387,High
12/31/2016,3 Series,2016,Europe,White,Petrol,Automatic,3.8,112660,67074,7853,High
12/31/2011,i3,2011,Asia,Black,Petrol,Manual,1.8,167344,25000,5415,High
12/31/2019,i3,2019,Asia,Red,Electric,Manual,3.9,54264,104159,6339,High
12/31/2017,7 Series,2017,South America,Grey,Hybrid,Automatic,4.7,178772,112983,1048,Low
12/31/2017,M3,2017,South America,Blue,Electric,Automatic,1.6,176552,76042,1926,Low
12/31/2015,X5,2015,Asia,Silver,Petrol,Automatic,3.4,19479,94903,5655,High
12/31/2018,M3,2018,Africa,White,Petrol,Automatic,3.6,197539,77433,1535,Low
12/31/2012,X3,2012,Europe,Red,Diesel,Automatic,4,79105,57009,8646,High
12/31/2011,X3,2011,Asia,Red,Diesel,Automatic,2.9,49144,50596,8477,High
12/31/2011,X1,2011,Africa,Silver,Petrol,Automatic,4.4,136701,38003,3217,Low
12/31/2015,3 Series,2015,Middle East,Black,Diesel,Manual,3.4,130060,54932,6571,High
12/31/2016,i8,2016,South America,Red,Petrol,Automatic,2.9,83544,135039,50,Low
12/31/2015,X5,2015,North America,Blue,Electric,Manual,4,10758,109774,5515,High
12/31/2020,7 Series,2020,North America,Red,Hybrid,Manual,4.7,26350,151373,1592,Low
12/31/2012,X1,2012,Asia,Blue,Petrol,Automatic,4.3,149287,38769,8702,High
12/31/2014,X3,2014,South America,Blue,Electric,Automatic,4.8,97850,86332,4188,Low
12/31/2017,i8,2017,Asia,Red,Petrol,Automatic,2.4,159673,121659,146,Low
12/31/2015,X3,2015,North America,Red,Diesel,Automatic,1.9,174986,38539,7843,High
12/31/2011,X3,2011,Africa,Black,Petrol,Automatic,3.4,61456,50323,3792,Low
12/31/2024,5 Series,2024,Asia,Grey,Hybrid,Automatic,1.7,128652,107085,7816,High
12/31/2016,X5,2016,Europe,Red,Hybrid,Automatic,3.9,108552,92739,4819,Low
12/31/2017,M5,2017,Europe,Grey,Diesel,Manual,2.3,135133,97869,1795,Low
12/31/2013,3 Series,2013,North America,Blue,Diesel,Manual,3.1,125609,40904,9378,High
12/31/2021,X5,2021,Europe,Black,Petrol,Automatic,3.8,7048,126106,4912,Low
12/31/2010,i8,2010,South America,Grey,Electric,Automatic,3.2,129044,115595,50,Low
12/31/2011,M5,2011,Middle East,White,Hybrid,Automatic,2.3,72858,107525,50,Low
12/31/2013,X3,2013,Africa,Blue,Diesel,Manual,4.6,173110,44240,4216,Low
12/31/2016,M5,2016,Africa,Grey,Diesel,Automatic,4.2,174114,95101,646,Low
12/31/2011,i3,2011,Africa,Red,Diesel,Manual,3.6,38618,49409,1922,Low
12/31/2015,M3,2015,Europe,Black,Diesel,Manual,3.9,181671,62332,2702,Low
12/31/2011,X5,2011,South America,Black,Diesel,Manual,3,156760,41321,3011,Low
12/31/2021,X5,2021,Middle East,Red,Hybrid,Manual,2.8,46590,116370,4356,Low
12/31/2016,X5,2016,South America,Silver,Hybrid,Automatic,2.1,53660,43328,3741,Low
12/31/2011,3 Series,2011,North America,Red,Electric,Automatic,4.3,60548,75173,9760,High
12/31/2012,X6,2012,Asia,Black,Hybrid,Automatic,2.8,84923,83101,3519,Low
12/31/2018,7 Series,2018,Middle East,Black,Hybrid,Manual,3.9,100069,131968,899,Low
12/31/2022,M5,2022,Europe,Silver,Electric,Automatic,2.5,29586,153607,2105,Low
12/31/2024,7 Series,2024,South America,Silver,Petrol,Automatic,4.3,69538,145493,961,Low
12/31/2013,X6,2013,Europe,Black,Diesel,Automatic,1.9,169645,52946,3367,Low
12/31/2023,X5,2023,South America,Grey,Hybrid,Automatic,3.7,188966,105432,4576,Low
12/31/2014,7 Series,2014,Europe,Silver,Diesel,Manual,4.3,141736,87972,1105,Low
12/31/2018,X3,2018,Middle East,Grey,Petrol,Manual,3.8,132462,71830,6759,High
12/31/2016,3 Series,2016,Africa,Silver,Petrol,Manual,3.9,131928,60006,4957,Low
12/31/2017,5 Series,2017,Africa,Silver,Hybrid,Automatic,3.3,128273,81941,3322,Low
12/31/2024,X1,2024,North America,Silver,Electric,Automatic,3.5,75962,117209,7867,High
12/31/2020,X3,2020,South America,Grey,Electric,Automatic,1.7,86,105719,15000,High
12/31/2012,7 Series,2012,Europe,Grey,Diesel,Automatic,2.4,133117,70699,1088,Low
12/31/2020,i3,2020,North America,Silver,Electric,Manual,4,68765,101238,5911,High
12/31/2020,X5,2020,Middle East,Blue,Diesel,Automatic,4.8,57084,121604,3694,Low
12/31/2013,7 Series,2013,Europe,Red,Hybrid,Automatic,3.4,148288,93979,695,Low
12/31/2016,X3,2016,Middle East,Blue,Diesel,Manual,4,80040,72346,5857,High
12/31/2013,5 Series,2013,Asia,Blue,Electric,Automatic,3.9,89812,82147,5889,High
12/31/2011,M3,2011,Middle East,Grey,Electric,Automatic,5,157494,80775,1095,Low
12/31/2023,i8,2023,Africa,Grey,Hybrid,Manual,4.3,170997,157627,482,Low
12/31/2019,i3,2019,Africa,Silver,Diesel,Automatic,3.7,54316,80784,2453,Low
12/31/2015,X1,2015,Middle East,Black,Diesel,Manual,1.9,35667,55786,4462,Low
12/31/2018,X1,2018,Asia,Black,Diesel,Automatic,2.8,3062,75319,7010,High
12/31/2011,X6,2011,Asia,White,Petrol,Manual,2.4,70978,65154,4118,Low
12/31/2010,i8,2010,North America,Blue,Electric,Manual,4.5,55292,143749,50,Low
12/31/2017,X5,2017,Africa,White,Diesel,Manual,3.1,40464,90950,3246,Low
12/31/2010,3 Series,2010,Africa,Grey,Hybrid,Automatic,3.4,88060,49734,4357,Low
12/31/2010,X3,2010,South America,Blue,Diesel,Manual,4.9,97882,48463,5013,High
12/31/2012,X1,2012,Asia,Silver,Diesel,Manual,4.4,27622,58081,7801,High
12/31/2014,i8,2014,Africa,Silver,Petrol,Manual,4.3,54473,128577,50,Low
12/31/2022,X6,2022,Asia,Silver,Electric,Manual,2,94483,118574,4603,Low
12/31/2021,3 Series,2021,North America,Blue,Hybrid,Manual,1.6,57494,92497,10758,High
12/31/2018,X6,2018,Asia,Blue,Electric,Manual,1.9,93924,101821,4916,Low
12/31/2020,M5,2020,Africa,Grey,Electric,Manual,4.1,170432,125359,1087,Low
12/31/2019,X3,2019,Africa,Red,Petrol,Manual,2.9,57717,79398,5094,High
12/31/2011,5 Series,2011,Middle East,Red,Petrol,Manual,1.9,179718,30870,4758,Low
12/31/2021,5 Series,2021,North America,White,Diesel,Manual,4.1,36483,108084,6481,High
12/31/2021,3 Series,2021,Asia,Red,Diesel,Manual,2.2,24731,85610,10892,High
12/31/2010,i3,2010,South America,Silver,Electric,Automatic,3.6,112146,53406,2442,Low
12/31/2010,i3,2010,North America,Silver,Petrol,Manual,4.1,147321,34134,3908,Low
12/31/2017,M5,2017,Africa,Silver,Diesel,Automatic,3.6,158706,105192,602,Low
12/31/2019,X6,2019,Asia,Grey,Hybrid,Manual,5,33305,138389,3868,Low
12/31/2019,i3,2019,South America,White,Petrol,Automatic,3,186151,55894,3205,Low
12/31/2019,i3,2019,Middle East,Blue,Petrol,Manual,2.6,182645,54969,4528,Low
12/31/2011,i3,2011,Middle East,White,Diesel,Automatic,2.2,173458,25000,3081,Low
12/31/2022,i3,2022,Asia,Red,Hybrid,Manual,3.3,197212,78245,6271,High
12/31/2018,M3,2018,North America,Blue,Electric,Manual,4.5,26618,126967,2800,Low
12/31/2018,i3,2018,South America,White,Electric,Automatic,4.8,64752,103041,2802,Low
12/31/2011,5 Series,2011,South America,Red,Diesel,Automatic,4.9,10900,76797,2846,Low
12/31/2012,M5,2012,North America,Red,Petrol,Automatic,3.4,36356,105360,868,Low
12/31/2011,X1,2011,Africa,White,Petrol,Automatic,3.6,65936,26370,3512,Low
12/31/2015,7 Series,2015,Asia,Black,Electric,Manual,3.5,172965,101650,1127,Low
12/31/2024,M3,2024,North America,Blue,Hybrid,Automatic,3.1,23016,139380,3365,Low
12/31/2016,3 Series,2016,Middle East,Silver,Diesel,Manual,2,82599,58298,6220,High
12/31/2021,5 Series,2021,South America,Black,Petrol,Automatic,1.7,122630,77162,4120,Low
12/31/2015,5 Series,2015,North America,Blue,Hybrid,Manual,3,61045,82046,6000,High
12/31/2012,X5,2012,Middle East,Red,Petrol,Automatic,2.2,129182,55155,3657,Low
12/31/2021,M5,2021,Middle East,Black,Petrol,Manual,4.6,115553,141627,1049,Low
12/31/2024,i3,2024,Asia,Black,Hybrid,Automatic,4.2,15037,126345,5510,High
12/31/2012,7 Series,2012,Asia,Grey,Hybrid,Manual,3.7,177144,88667,914,Low
12/31/2021,5 Series,2021,South America,White,Petrol,Automatic,1.7,182725,67198,5209,High
12/31/2011,i3,2011,North America,Silver,Diesel,Manual,3.7,116254,39360,5276,High
12/31/2011,i8,2011,North America,Silver,Petrol,Manual,3.7,156683,103146,50,Low
12/31/2020,X3,2020,Asia,Grey,Electric,Automatic,3,134030,90133,9714,High
12/31/2021,7 Series,2021,Asia,White,Diesel,Automatic,3.8,196349,116764,1735,Low
12/31/2014,X3,2014,North America,Grey,Diesel,Automatic,4.5,4992,86885,7831,High
12/31/2020,X1,2020,Africa,Grey,Electric,Automatic,4.2,35261,100712,4395,Low
12/31/2020,i8,2020,North America,Blue,Petrol,Automatic,3.2,141529,146434,194,Low
12/31/2017,X6,2017,South America,Black,Diesel,Manual,2.4,91172,81443,2218,Low
12/31/2015,X3,2015,Africa,Blue,Electric,Automatic,3.2,50949,81827,3872,Low
12/31/2018,M5,2018,Africa,Silver,Diesel,Manual,4.8,116247,122139,478,Low
12/31/2020,i3,2020,North America,White,Diesel,Manual,4.4,199615,65382,5734,High
12/31/2014,5 Series,2014,Middle East,Silver,Diesel,Automatic,1.6,141859,51086,4661,Low
12/31/2019,X1,2019,Asia,Black,Electric,Manual,4.2,58859,96953,8352,High
12/31/2013,3 Series,2013,Asia,Grey,Hybrid,Manual,2.1,7672,66199,9789,High
12/31/2018,7 Series,2018,South America,Grey,Diesel,Manual,3.5,49234,115068,540,Low
12/31/2021,i8,2021,South America,Black,Diesel,Automatic,4.3,97591,158296,50,Low
12/31/2019,7 Series,2019,Middle East,Silver,Petrol,Manual,3.5,166737,104784,847,Low
12/31/2020,i3,2020,Middle East,Grey,Hybrid,Manual,2.9,184549,75350,4729,Low
12/31/2023,i8,2023,Middle East,Silver,Electric,Automatic,2.6,70735,182249,285,Low
12/31/2014,3 Series,2014,South America,Blue,Electric,Automatic,2.6,68618,68889,4719,Low
12/31/2010,i3,2010,Europe,Black,Petrol,Automatic,4.4,105219,47460,3542,Low
12/31/2014,7 Series,2014,Middle East,Grey,Electric,Automatic,4.4,126344,116468,53,Low
12/31/2024,i3,2024,Africa,Grey,Hybrid,Automatic,4.4,158678,103929,4239,Low
12/31/2014,i8,2014,North America,Red,Diesel,Automatic,2.5,132169,117850,50,Low
12/31/2014,M3,2014,Europe,Silver,Petrol,Automatic,4.3,131692,78592,2370,Low
12/31/2022,i8,2022,Middle East,Grey,Hybrid,Manual,1.6,24035,178366,180,Low
12/31/2011,X5,2011,South America,Red,Hybrid,Manual,2.2,158189,25010,3043,Low
12/31/2022,X3,2022,Middle East,White,Diesel,Manual,3.3,8358,103367,5321,High
12/31/2015,X1,2015,North America,Blue,Petrol,Automatic,2.9,112450,48534,6554,High
12/31/2014,X3,2014,Europe,Blue,Electric,Manual,1.9,85843,61849,9134,High
12/31/2011,i8,2011,North America,Red,Electric,Manual,1.6,149584,109160,50,Low
12/31/2021,X6,2021,Middle East,White,Petrol,Manual,3.6,198765,95282,3508,Low
12/31/2019,X3,2019,South America,Blue,Hybrid,Automatic,2.6,57774,88117,6106,High
12/31/2024,X1,2024,South America,Blue,Electric,Automatic,1.6,198683,76385,5568,High
12/31/2024,M5,2024,Middle East,Red,Hybrid,Manual,3,4992,170718,1550,Low
12/31/2023,M5,2023,Europe,Silver,Diesel,Automatic,2.6,169507,125593,1894,Low
12/31/2017,i8,2017,Middle East,Blue,Electric,Automatic,3.5,36824,174223,50,Low
12/31/2015,M3,2015,Europe,White,Petrol,Manual,4.8,68960,97907,2164,Low
12/31/2020,M3,2020,North America,Red,Hybrid,Manual,2.6,84529,112552,3696,Low
12/31/2019,5 Series,2019,Asia,Silver,Petrol,Manual,5,185684,83008,6291,High
12/31/2021,3 Series,2021,North America,Black,Diesel,Manual,1.8,152285,63281,8781,High
12/31/2020,7 Series,2020,Africa,Silver,Diesel,Automatic,1.8,142463,92845,1155,Low
12/31/2012,i3,2012,Africa,Silver,Diesel,Manual,4,130687,25000,2611,Low
12/31/2018,X5,2018,Middle East,Red,Petrol,Automatic,4.1,148145,89040,4537,Low
12/31/2022,M3,2022,Africa,Grey,Petrol,Manual,3,7318,113503,1918,Low
12/31/2020,i8,2020,Asia,Grey,Petrol,Automatic,2.5,139956,144425,283,Low
12/31/2020,X1,2020,Africa,Red,Electric,Automatic,4.3,57042,102763,4171,Low
12/31/2023,i3,2023,Middle East,Blue,Hybrid,Automatic,4.8,34441,129413,4339,Low
12/31/2013,i3,2013,Asia,Blue,Electric,Automatic,5,29455,89293,4198,Low
12/31/2012,X1,2012,Asia,Grey,Petrol,Automatic,3.7,95948,45653,7963,High
12/31/2016,3 Series,2016,South America,Black,Hybrid,Automatic,4.1,170409,64542,5986,High
12/31/2021,X6,2021,Middle East,Black,Diesel,Automatic,4.4,50265,132980,2894,Low
12/31/2022,X1,2022,North America,White,Electric,Automatic,4.3,59652,112868,7948,High
12/31/2024,X1,2024,Africa,Grey,Electric,Automatic,5,14045,132365,5116,High
12/31/2023,X3,2023,Africa,White,Electric,Manual,4.3,148900,110314,4971,Low
12/31/2017,X5,2017,Asia,White,Electric,Manual,3.8,21077,118025,5623,High
12/31/2016,X3,2016,South America,Grey,Diesel,Manual,2.8,188850,41007,5569,High
12/31/2010,5 Series,2010,North America,Silver,Diesel,Automatic,3.6,80337,57788,5535,High
12/31/2010,3 Series,2010,North America,Grey,Petrol,Manual,4.6,57692,55669,7775,High
12/31/2022,7 Series,2022,Asia,Black,Petrol,Manual,2.6,1795,142061,1530,Low
12/31/2014,X1,2014,South America,Silver,Hybrid,Manual,1.6,1306,60643,4221,Low
12/31/2024,i8,2024,Africa,Blue,Electric,Manual,2.6,42806,200000,50,Low
12/31/2023,i8,2023,Africa,Red,Electric,Automatic,4.9,13803,198495,50,Low
12/31/2017,X6,2017,Europe,White,Electric,Manual,4.3,45830,126941,3724,Low
12/31/2023,M3,2023,South America,Black,Petrol,Manual,2.2,117948,101325,2051,Low
12/31/2019,X5,2019,Asia,Silver,Petrol,Automatic,1.5,137283,79638,6177,High
12/31/2020,5 Series,2020,Africa,Silver,Hybrid,Automatic,3.8,6169,114955,3692,Low
12/31/2012,X5,2012,Asia,Grey,Petrol,Manual,3.5,155724,53562,6113,High
12/31/2017,X3,2017,South America,Grey,Electric,Automatic,1.8,137418,69092,5700,High
12/31/2012,X6,2012,North America,Grey,Electric,Manual,4.9,25894,111957,2725,Low
12/31/2013,3 Series,2013,Europe,White,Petrol,Automatic,3.7,100385,53424,8302,High
12/31/2019,X1,2019,Europe,Red,Petrol,Manual,3.8,8826,89398,7882,High
12/31/2016,M3,2016,South America,White,Diesel,Automatic,4.5,125859,87722,1439,Low
12/31/2012,M5,2012,Africa,Blue,Petrol,Automatic,2.7,42984,92776,50,Low
12/31/2013,M5,2013,South America,Blue,Hybrid,Manual,3.5,8168,119713,50,Low
12/31/2017,X6,2017,Africa,Grey,Petrol,Automatic,3.5,116929,88698,398,Low
12/31/2013,5 Series,2013,Africa,Grey,Hybrid,Automatic,4.9,111832,76239,3037,Low
12/31/2018,X1,2018,Africa,Blue,Petrol,Automatic,2,96607,56754,4318,Low
12/31/2013,X5,2013,Africa,Black,Petrol,Manual,4.2,60352,75665,2529,Low
12/31/2022,i8,2022,North America,Black,Hybrid,Manual,3.5,64901,174983,506,Low
12/31/2023,7 Series,2023,Africa,Silver,Diesel,Automatic,4.5,149388,125754,841,Low
12/31/2013,7 Series,2013,South America,White,Petrol,Automatic,4.4,16016,114835,50,Low
12/31/2022,i8,2022,North America,Red,Hybrid,Automatic,1.5,24869,165692,602,Low
12/31/2014,5 Series,2014,Europe,Red,Diesel,Manual,2.4,13653,75780,5952,High
12/31/2010,i8,2010,Middle East,Silver,Diesel,Manual,2.1,193832,83894,50,Low
12/31/2016,3 Series,2016,Europe,Blue,Electric,Automatic,3.1,110022,76182,9992,High
12/31/2018,M3,2018,Europe,Black,Diesel,Manual,4.7,66305,105462,2863,Low
12/31/2021,3 Series,2021,North America,Silver,Petrol,Automatic,1.5,150400,62989,9208,High
12/31/2018,7 Series,2018,Asia,Silver,Diesel,Automatic,3.2,106514,113453,1395,Low
12/31/2010,M3,2010,North America,Red,Electric,Manual,4.6,178209,66767,2198,Low
12/31/2024,7 Series,2024,Africa,Blue,Diesel,Manual,4.7,20188,147813,845,Low
12/31/2015,3 Series,2015,Africa,Grey,Diesel,Manual,3.8,144583,49522,4847,Low
12/31/2012,3 Series,2012,Africa,Black,Petrol,Manual,4.4,80345,55469,4722,Low
12/31/2013,i8,2013,Africa,Grey,Electric,Manual,2.6,174858,112342,50,Low
12/31/2017,X3,2017,Europe,White,Electric,Manual,2.5,114377,73327,9474,High
12/31/2024,X1,2024,South America,Red,Petrol,Manual,1.7,100675,79394,5003,High
12/31/2013,3 Series,2013,Europe,Black,Hybrid,Manual,3.3,82866,62295,7915,High
12/31/2017,X1,2017,Europe,Black,Electric,Automatic,3.1,27361,89992,6636,High
12/31/2013,i8,2013,Middle East,Black,Petrol,Manual,2.8,164528,103940,50,Low
12/31/2018,3 Series,2018,Asia,Grey,Electric,Automatic,1.9,60822,81605,10760,High
12/31/2015,X3,2015,Europe,Red,Petrol,Automatic,2.3,183937,43069,8432,High
12/31/2010,3 Series,2010,South America,Silver,Petrol,Manual,2.2,134368,25000,6173,High
12/31/2022,3 Series,2022,North America,Blue,Petrol,Manual,4.8,97939,100732,10461,High
12/31/2019,i8,2019,South America,Silver,Hybrid,Manual,4.9,2124,173047,50,Low
12/31/2011,X3,2011,South America,Red,Petrol,Automatic,1.5,138178,26669,4950,Low
12/31/2016,i8,2016,Asia,Blue,Electric,Automatic,2.1,64145,143772,50,Low
12/31/2019,7 Series,2019,North America,Blue,Hybrid,Manual,4.6,101829,129523,1685,Low
12/31/2016,i8,2016,South America,Black,Electric,Automatic,1.6,140557,170083,50,Low
12/31/2012,i8,2012,Europe,White,Electric,Automatic,4.8,113475,145524,50,Low
12/31/2010,M3,2010,South America,Black,Electric,Manual,2.8,41598,75676,665,Low
12/31/2017,X1,2017,North America,Silver,Electric,Automatic,3.4,144473,71765,6905,High
12/31/2022,3 Series,2022,Middle East,Red,Hybrid,Automatic,4.2,99403,113494,6614,High
12/31/2022,M3,2022,Africa,Grey,Electric,Automatic,2.4,79036,120815,1926,Low
12/31/2019,3 Series,2019,South America,Blue,Hybrid,Manual,1.9,97445,105056,5688,High
12/31/2023,X5,2023,Europe,Silver,Electric,Automatic,4.3,154995,125530,7004,High
12/31/2020,i3,2020,Europe,White,Petrol,Manual,4.9,68571,97996,4900,Low
12/31/2024,X1,2024,South America,Blue,Electric,Manual,3.8,159656,96895,6290,High
12/31/2020,X1,2020,Africa,Black,Diesel,Automatic,4.4,143077,69885,4968,Low
12/31/2019,5 Series,2019,North America,Silver,Petrol,Automatic,4.8,109304,98387,6383,High
12/31/2024,5 Series,2024,South America,White,Hybrid,Manual,2.3,190699,90915,5240,High
12/31/2016,M5,2016,Middle East,Red,Electric,Automatic,2.7,53123,138633,248,Low
12/31/2019,X1,2019,Middle East,Silver,Electric,Automatic,2.3,83783,85398,5067,High
12/31/2017,5 Series,2017,Asia,Grey,Petrol,Manual,1.7,47275,78355,6176,High
12/31/2010,M3,2010,South America,Blue,Petrol,Manual,4.1,132190,57456,1048,Low
12/31/2023,i8,2023,Middle East,Grey,Diesel,Manual,2,68831,93404,1077,Low
12/31/2012,7 Series,2012,South America,Grey,Diesel,Manual,1.8,5891,84224,83,Low
12/31/2022,X6,2022,North America,Black,Hybrid,Manual,2.8,150043,113016,4847,Low
12/31/2011,X3,2011,Middle East,Silver,Hybrid,Manual,1.7,107654,45004,5692,High
12/31/2010,i3,2010,North America,Grey,Electric,Manual,2.1,19080,56869,3990,Low
12/31/2014,X1,2014,South America,Grey,Diesel,Manual,1.7,123700,28109,14750,High
12/31/2012,i8,2012,North America,White,Electric,Automatic,4.6,55520,155086,50,Low
12/31/2019,X5,2019,Asia,Blue,Hybrid,Automatic,4.2,155539,103399,6827,High
12/31/2024,i3,2024,Africa,Blue,Diesel,Manual,4.5,176146,83899,3041,Low
12/31/2017,X6,2017,Asia,Blue,Hybrid,Automatic,4.5,83599,115529,3947,Low
12/31/2015,7 Series,2015,Middle East,Silver,Petrol,Manual,4.8,22658,127031,50,Low
12/31/2019,3 Series,2019,Asia,Blue,Petrol,Automatic,2.2,90885,70901,9974,High
12/31/2023,7 Series,2023,North America,Black,Hybrid,Manual,4.7,133221,145691,1875,Low
12/31/2018,X5,2018,Middle East,White,Diesel,Manual,3.3,145884,77672,4682,Low
12/31/2018,X3,2018,South America,Black,Diesel,Manual,2.1,123761,58921,5543,High
12/31/2020,X1,2020,Europe,Grey,Petrol,Automatic,3.8,34101,88076,7123,High
12/31/2015,7 Series,2015,South America,White,Petrol,Manual,2.6,60513,99072,338,Low
12/31/2011,i8,2011,Asia,Grey,Hybrid,Automatic,1.7,56781,117597,50,Low
12/31/2018,M3,2018,Asia,Silver,Diesel,Manual,1.8,103705,81946,2750,Low
12/31/2011,X3,2011,Middle East,Silver,Electric,Manual,3,164897,49882,5393,High
12/31/2012,X5,2012,Europe,Red,Electric,Manual,4.4,132983,77842,4744,Low
12/31/2015,X1,2015,Middle East,Silver,Electric,Automatic,2.6,72374,67935,4597,Low
12/31/2011,M5,2011,Asia,Black,Electric,Automatic,4.2,190880,97750,935,Low
12/31/2014,5 Series,2014,Europe,Silver,Hybrid,Automatic,1.7,79675,68544,6322,High
12/31/2011,7 Series,2011,Africa,Blue,Diesel,Manual,2.9,97224,69974,50,Low
12/31/2021,5 Series,2021,Middle East,Grey,Electric,Automatic,1.9,181542,93480,5245,High
12/31/2013,3 Series,2013,Middle East,Blue,Diesel,Automatic,4.5,190463,42591,5539,High
12/31/2024,M5,2024,North America,Black,Electric,Manual,4.9,132374,161477,2500,Low
12/31/2020,X1,2020,South America,Blue,Petrol,Automatic,2.6,79416,73126,4979,Low
12/31/2020,5 Series,2020,Middle East,White,Diesel,Automatic,5,648,118825,4722,Low
12/31/2012,X3,2012,South America,Red,Diesel,Manual,4.1,67320,54980,4378,Low
12/31/2014,3 Series,2014,Europe,Silver,Diesel,Automatic,1.5,88841,45559,8110,High
12/31/2015,i3,2015,Europe,Blue,Diesel,Manual,3.2,166669,42720,4953,Low
12/31/2022,X5,2022,South America,Black,Petrol,Manual,4.4,107280,111355,3583,Low
12/31/2016,X6,2016,Europe,Black,Petrol,Automatic,3.4,179835,78593,3887,Low
12/31/2019,X5,2019,North America,Black,Electric,Automatic,3.4,127086,103968,5517,High
12/31/2017,M3,2017,Africa,White,Electric,Manual,3.1,175127,80513,1408,Low
12/31/2018,3 Series,2018,Europe,Silver,Diesel,Automatic,2.9,182796,53888,9165,High
12/31/2023,M5,2023,South America,Blue,Diesel,Manual,1.6,103994,121598,1577,Low
12/31/2013,M5,2013,Asia,Red,Diesel,Manual,3.7,195326,82793,1665,Low
12/31/2013,X1,2013,Middle East,Silver,Electric,Manual,4.2,161764,55910,4971,Low
12/31/2016,i8,2016,South America,White,Electric,Manual,4.3,88256,149521,50,Low
12/31/2021,X5,2021,North America,Grey,Diesel,Automatic,3.7,5157,123730,5532,High
12/31/2024,5 Series,2024,Middle East,Black,Electric,Automatic,2.7,178016,106307,6512,High
12/31/2019,X3,2019,Asia,White,Hybrid,Manual,1.6,150160,66414,8754,High
12/31/2019,i3,2019,South America,White,Diesel,Manual,4.6,54925,85677,2721,Low
12/31/2020,X1,2020,Africa,Silver,Petrol,Automatic,3,174544,57991,4797,Low
12/31/2018,X6,2018,Asia,Red,Electric,Automatic,3.6,123821,112004,5227,High
12/31/2020,X6,2020,South America,Grey,Diesel,Automatic,2.2,2630,112332,2350,Low
12/31/2011,i3,2011,North America,Black,Diesel,Manual,2,15337,44190,5080,High
12/31/2022,X6,2022,South America,Blue,Electric,Manual,1.8,89082,115848,3520,Low
12/31/2020,7 Series,2020,Europe,White,Diesel,Manual,4.3,178606,112894,1553,Low
12/31/2015,5 Series,2015,Middle East,Blue,Petrol,Automatic,3.8,106571,35318,4689,Low
12/31/2019,M3,2019,North America,Blue,Electric,Manual,3.7,32790,131555,3121,Low
12/31/2019,X3,2019,Middle East,Grey,Petrol,Automatic,4.7,9703,111890,6329,High
12/31/2017,M5,2017,South America,Grey,Electric,Automatic,2.1,146031,106268,656,Low
12/31/2022,i8,2022,Europe,Grey,Electric,Manual,2.1,32133,178328,506,Low
12/31/2014,X3,2014,South America,Red,Diesel,Manual,2.2,21226,59249,4659,Low
12/31/2014,3 Series,2014,South America,White,Petrol,Automatic,3,140537,43777,6483,High
12/31/2017,7 Series,2017,South America,White,Diesel,Manual,4.6,199589,96539,670,Low
12/31/2010,X3,2010,Africa,Grey,Petrol,Automatic,4.6,77853,53977,3373,Low
12/31/2015,M5,2015,North America,Black,Petrol,Manual,3.6,102933,105907,1169,Low
12/31/2019,X5,2019,Europe,Black,Diesel,Manual,3.8,50299,98957,6014,High
12/31/2022,X1,2022,Asia,Red,Hybrid,Manual,4.6,13762,119266,8733,High
12/31/2018,7 Series,2018,South America,Grey,Petrol,Manual,3.7,175719,93499,764,Low
12/31/2021,i8,2021,Asia,Blue,Hybrid,Manual,2.3,109095,148713,722,Low
12/31/2015,X1,2015,North America,Blue,Diesel,Automatic,4,194304,40033,7441,High
12/31/2024,M5,2024,Africa,Red,Petrol,Manual,4.2,85091,143478,1179,Low
12/31/2016,M5,2016,South America,Black,Electric,Manual,3.7,39904,134087,173,Low
12/31/2013,7 Series,2013,North America,Red,Petrol,Manual,2.5,196015,68880,1285,Low
12/31/2021,X6,2021,Middle East,White,Petrol,Automatic,2.9,144997,101829,3393,Low
12/31/2019,X6,2019,Africa,Red,Diesel,Manual,3.1,89452,94617,2338,Low
12/31/2010,X3,2010,South America,White,Petrol,Automatic,2,163110,25000,4943,Low
12/31/2018,M5,2018,Asia,Red,Electric,Manual,3.1,128811,123738,2278,Low
12/31/2021,M3,2021,Europe,Red,Hybrid,Manual,2.1,49840,116286,2893,Low
12/31/2015,X5,2015,Middle East,White,Petrol,Automatic,3.2,80700,80687,4210,Low
12/31/2012,X5,2012,South America,Black,Hybrid,Automatic,1.7,98122,59982,3396,Low
12/31/2013,7 Series,2013,Africa,Blue,Hybrid,Automatic,4.8,147125,104440,50,Low
12/31/2019,X3,2019,North America,White,Electric,Manual,2.4,117471,85891,8662,High
12/31/2021,i3,2021,Asia,Black,Hybrid,Automatic,3.1,119826,93298,6177,High
12/31/2015,M3,2015,Europe,Blue,Petrol,Manual,1.6,133396,61426,2592,Low
12/31/2015,3 Series,2015,Asia,Blue,Hybrid,Automatic,2.2,162890,52128,1774,Low
12/31/2021,M5,2021,Africa,Red,Electric,Automatic,3.9,46098,151178,880,Low
12/31/2018,M3,2018,Middle East,Blue,Electric,Manual,1.9,34459,105496,6881,High
12/31/2013,5 Series,2013,Africa,Grey,Electric,Automatic,3.7,152543,68895,3509,Low
12/31/2014,X5,2014,Africa,Red,Diesel,Manual,1.5,50009,63359,3038,Low
12/31/2014,X1,2014,Asia,Silver,Electric,Automatic,3.1,31374,72788,7183,High
12/31/2012,M3,2012,North America,Blue,Petrol,Manual,4,104708,71891,2071,Low
12/31/2011,3 Series,2011,Asia,Silver,Petrol,Manual,4.7,25099,62211,7860,High
12/31/2017,X3,2017,Middle East,Black,Hybrid,Manual,3.2,11756,94170,1287,Low
12/31/2019,M3,2019,North America,Red,Petrol,Automatic,4.4,144634,101201,2606,Low
12/31/2024,M3,2024,Asia,Blue,Electric,Manual,4.3,130352,131027,4433,Low
12/31/2018,M3,2018,Middle East,Blue,Electric,Automatic,2.5,70480,112171,2289,Low
12/31/2019,X6,2019,Middle East,Red,Electric,Manual,4.6,198666,112043,2758,Low
12/31/2020,5 Series,2020,Asia,Black,Petrol,Automatic,3.7,157480,84238,8534,High
12/31/2022,5 Series,2022,Africa,Blue,Diesel,Manual,1.9,73839,89978,3739,Low
12/31/2018,X1,2018,South America,Silver,Petrol,Manual,4.8,64455,79991,4173,Low
12/31/2023,i8,2023,South America,Silver,Electric,Manual,2.1,137639,148903,631,Low
12/31/2014,M5,2014,Africa,Blue,Hybrid,Manual,3.1,73621,110491,50,Low
12/31/2020,i3,2020,Africa,Blue,Diesel,Manual,3.1,142943,64185,3309,Low
12/31/2018,3 Series,2018,Europe,Black,Diesel,Automatic,3.7,141307,66504,8103,High
12/31/2013,3 Series,2013,North America,Silver,Diesel,Manual,3.8,10853,66102,9140,High
12/31/2011,X5,2011,Africa,Red,Hybrid,Manual,2.3,86572,57485,2143,Low
12/31/2012,M3,2012,Asia,Grey,Electric,Automatic,2.7,105334,78753,2427,Low
12/31/2010,i3,2010,South America,White,Hybrid,Automatic,2,150085,30515,2562,Low
12/31/2014,M3,2014,Middle East,Grey,Petrol,Automatic,1.9,143074,60820,1852,Low
12/31/2010,X5,2010,Europe,Grey,Petrol,Automatic,4.4,65994,67971,5213,High
12/31/2021,3 Series,2021,North America,White,Petrol,Manual,4.1,43744,96881,10317,High
12/31/2020,5 Series,2020,Asia,Black,Electric,Manual,3,11468,123086,6613,High
12/31/2010,X6,2010,South America,Red,Hybrid,Manual,1.8,179814,42642,1921,Low
12/31/2023,3 Series,2023,South America,Red,Petrol,Automatic,3.1,24772,108021,6474,High
12/31/2020,X6,2020,Asia,Black,Electric,Manual,2.5,60084,125283,5269,High
12/31/2020,X5,2020,Asia,Black,Petrol,Manual,4.2,54755,109373,5518,High
12/31/2022,X5,2022,South America,Silver,Hybrid,Manual,1.8,142893,92455,4336,Low
12/31/2016,7 Series,2016,Europe,Grey,Hybrid,Manual,3.1,47512,116202,760,Low
12/31/2011,M3,2011,South America,Red,Electric,Automatic,3.6,4931,92457,703,Low
12/31/2024,3 Series,2024,Middle East,White,Electric,Automatic,5,156206,111286,7651,High
12/31/2017,i3,2017,Europe,Silver,Electric,Manual,1.8,161897,60819,5520,High
12/31/2015,5 Series,2015,Asia,Black,Electric,Manual,1.9,100436,32504,7231,High
12/31/2013,X3,2013,Asia,Blue,Petrol,Automatic,5,181817,55138,9897,High
12/31/2018,i8,2018,Africa,Red,Electric,Manual,2.9,32202,158617,50,Low
12/31/2024,i8,2024,South America,Grey,Petrol,Automatic,4.1,31727,176281,50,Low
12/31/2019,X5,2019,Europe,White,Diesel,Manual,4.2,93487,100491,6311,High
12/31/2017,7 Series,2017,Europe,Red,Electric,Manual,2.6,48868,120161,1101,Low
12/31/2022,7 Series,2022,South America,Red,Electric,Manual,2.3,98633,133917,1460,Low
12/31/2019,X6,2019,Europe,Blue,Electric,Automatic,2.5,15242,129805,4389,Low
12/31/2012,i8,2012,Europe,Blue,Hybrid,Automatic,4.2,25770,139757,50,Low
12/31/2012,3 Series,2012,Europe,Black,Hybrid,Automatic,4.4,89800,65828,7758,High
12/31/2013,7 Series,2013,Africa,Silver,Petrol,Manual,3.9,158256,81157,127,Low
12/31/2023,M3,2023,South America,Blue,Diesel,Automatic,3,165040,98219,2169,Low
12/31/2018,i3,2018,North America,Silver,Diesel,Automatic,2.4,146347,55641,5001,High
12/31/2018,X6,2018,Africa,Silver,Electric,Automatic,3,196997,88966,2351,Low
12/31/2014,X6,2014,Africa,Red,Electric,Automatic,4.7,77615,105471,1409,Low
12/31/2021,X6,2021,North America,Red,Hybrid,Automatic,4.5,182232,116595,4445,Low
12/31/2018,5 Series,2018,South America,Red,Petrol,Manual,2.6,113306,74283,4639,Low
12/31/2015,X3,2015,Asia,Grey,Petrol,Manual,2.6,63742,64427,9306,High
12/31/2017,3 Series,2017,Asia,Silver,Electric,Manual,4.2,26801,103878,8275,High
12/31/2020,X5,2020,Europe,Silver,Electric,Automatic,3,96469,106508,5818,High
12/31/2017,X5,2017,Europe,White,Petrol,Manual,3.5,163448,71718,5399,High
12/31/2021,X6,2021,South America,White,Petrol,Manual,3,73554,103030,2421,Low
12/31/2019,M3,2019,South America,Grey,Diesel,Manual,2.3,196949,66156,2536,Low
12/31/2024,7 Series,2024,Africa,Black,Electric,Manual,2.2,92310,136617,1301,Low
12/31/2016,i3,2016,Europe,Blue,Electric,Manual,2,134347,58831,5557,High
12/31/2013,X3,2013,Africa,Silver,Electric,Automatic,1.5,150081,44745,4167,Low
12/31/2013,X1,2013,Middle East,White,Electric,Automatic,2.5,163612,46208,4980,Low
12/31/2015,X3,2015,Asia,White,Diesel,Manual,2.1,187100,36862,8822,High
12/31/2023,X3,2023,Middle East,Grey,Petrol,Manual,2.4,46349,99254,6721,High
12/31/2018,X6,2018,Asia,Blue,Petrol,Manual,1.8,63596,90477,4125,Low
12/31/2016,3 Series,2016,Europe,Black,Hybrid,Manual,2.7,35049,82412,9510,High
12/31/2014,7 Series,2014,South America,Grey,Electric,Manual,3.3,11609,116432,50,Low
12/31/2014,5 Series,2014,North America,Blue,Hybrid,Automatic,4.8,28154,101610,5578,High
12/31/2017,5 Series,2017,Asia,Silver,Electric,Manual,2.7,120092,83465,7321,High
12/31/2015,7 Series,2015,Africa,Black,Diesel,Manual,1.6,27349,92916,228,Low
12/31/2010,M5,2010,Middle East,White,Diesel,Automatic,2.8,183482,71088,373,Low
12/31/2010,M5,2010,Asia,White,Electric,Automatic,4.4,62540,117764,558,Low
12/31/2018,7 Series,2018,Middle East,Black,Petrol,Automatic,2.7,124049,111867,795,Low
12/31/2017,7 Series,2017,Middle East,Silver,Petrol,Automatic,2.5,43078,114793,508,Low
12/31/2015,i8,2015,Africa,Silver,Petrol,Automatic,4.7,32204,148407,50,Low
12/31/2022,7 Series,2022,Africa,Red,Diesel,Manual,2.5,194924,100555,1328,Low
12/31/2010,X1,2010,Africa,Red,Diesel,Automatic,4.9,77615,44045,3778,Low
12/31/2023,M5,2023,South America,Silver,Petrol,Automatic,4.4,16355,156955,798,Low
12/31/2011,7 Series,2011,Asia,White,Hybrid,Manual,3.9,181076,83815,826,Low
12/31/2019,i3,2019,Asia,Black,Petrol,Manual,3.6,18651,93061,5833,High
12/31/2012,X1,2012,Middle East,Red,Diesel,Automatic,2.3,55083,40602,4300,Low
12/31/2019,X3,2019,Asia,Red,Diesel,Manual,4.1,2934,105129,8687,High
12/31/2021,X6,2021,Europe,White,Hybrid,Manual,2.7,115330,106008,4353,Low
12/31/2012,X3,2012,Africa,Blue,Petrol,Automatic,3.2,86524,49700,4054,Low
12/31/2011,M3,2011,Middle East,Blue,Electric,Automatic,1.9,148597,61394,1157,Low
12/31/2021,X1,2021,South America,Black,Hybrid,Automatic,2.5,73883,83049,5198,High
12/31/2011,X3,2011,Middle East,Black,Diesel,Automatic,3.4,178613,33003,6053,High
12/31/2015,M5,2015,Asia,Grey,Hybrid,Automatic,3.1,97580,123996,1189,Low
12/31/2016,M3,2016,Middle East,Silver,Petrol,Automatic,2.7,138666,78682,1874,Low
12/31/2013,3 Series,2013,Asia,Grey,Hybrid,Automatic,3.2,75168,65105,9934,High
12/31/2010,i3,2010,North America,Silver,Hybrid,Manual,4.1,151409,42360,4180,Low
12/31/2015,i3,2015,Africa,Silver,Petrol,Manual,3.1,105100,55361,2263,Low
12/31/2016,M3,2016,Asia,White,Diesel,Automatic,3.3,56104,91350,3002,Low
12/31/2013,i8,2013,North America,Blue,Hybrid,Automatic,4,197112,125990,50,Low
12/31/2015,3 Series,2015,Europe,Blue,Diesel,Manual,4.4,185784,47526,10370,High
12/31/2018,7 Series,2018,North America,Black,Hybrid,Manual,3.3,12026,142757,1156,Low
12/31/2013,M3,2013,Asia,Red,Electric,Manual,4.8,138476,89112,2055,Low
12/31/2021,i8,2021,North America,Grey,Diesel,Manual,2.7,173700,135116,583,Low
12/31/2024,X1,2024,Middle East,Silver,Diesel,Manual,2.4,141539,74482,6048,High
12/31/2023,3 Series,2023,North America,Grey,Hybrid,Automatic,3.9,142567,99343,10790,High
12/31/2019,7 Series,2019,Asia,Grey,Diesel,Manual,2.1,88071,112786,1415,Low
12/31/2013,M3,2013,Middle East,White,Electric,Manual,4.6,139563,87250,1245,Low
12/31/2019,X3,2019,Europe,Grey,Diesel,Manual,2.9,52650,85077,8940,High
12/31/2021,M5,2021,Asia,Black,Electric,Manual,3.9,120680,142477,2058,Low
12/31/2014,M3,2014,South America,White,Electric,Automatic,3.5,26960,104164,895,Low
12/31/2012,M3,2012,Asia,Black,Hybrid,Automatic,1.7,59523,71818,2097,Low
12/31/2019,7 Series,2019,North America,Black,Petrol,Automatic,4,153618,112941,1482,Low
12/31/2011,X5,2011,Africa,Red,Petrol,Manual,4.3,183485,46319,2864,Low
12/31/2024,X6,2024,Africa,Blue,Petrol,Manual,4.9,131065,119578,2587,Low
12/31/2018,3 Series,2018,Europe,Red,Hybrid,Automatic,3,87632,81174,8588,High
12/31/2022,X3,2022,Middle East,White,Electric,Automatic,3.3,69976,119295,6243,High
12/31/2010,i8,2010,Africa,Grey,Diesel,Manual,4.6,98948,108661,50,Low
12/31/2014,7 Series,2014,Asia,Grey,Diesel,Automatic,2.4,85619,89480,1177,Low
12/31/2014,i3,2014,Europe,Grey,Electric,Automatic,2.2,24912,76199,3977,Low
12/31/2017,7 Series,2017,Middle East,White,Petrol,Manual,2,117817,96193,713,Low
12/31/2015,X6,2015,Asia,Black,Electric,Automatic,4.9,181327,100365,3622,Low
12/31/2015,X1,2015,South America,Blue,Diesel,Manual,2.4,71621,45930,4557,Low
12/31/2015,X3,2015,Middle East,Grey,Electric,Manual,4.2,194277,70880,6427,High
12/31/2013,3 Series,2013,Europe,Blue,Petrol,Automatic,3.1,27878,64178,8285,High
12/31/2024,M3,2024,Asia,Red,Petrol,Manual,2.3,141046,99256,4049,Low
12/31/2010,3 Series,2010,Middle East,Red,Petrol,Automatic,4.7,194797,33896,5196,High
12/31/2012,i3,2012,Middle East,White,Hybrid,Manual,3.1,169589,42320,3466,Low
12/31/2022,5 Series,2022,Middle East,Black,Diesel,Manual,3.5,141314,93647,4537,Low
12/31/2022,M3,2022,North America,White,Diesel,Manual,2.3,107281,96408,3709,Low
12/31/2024,M3,2024,North America,White,Hybrid,Automatic,2.6,165485,113107,4414,Low
12/31/2019,X1,2019,South America,Red,Diesel,Manual,4.1,197254,51877,1026,Low
12/31/2021,i3,2021,Middle East,Silver,Hybrid,Automatic,2.7,36142,109554,3536,Low
12/31/2020,3 Series,2020,Asia,Silver,Electric,Automatic,3.3,123534,90742,10736,High
12/31/2015,5 Series,2015,Asia,Grey,Diesel,Manual,1.9,56164,68434,7613,High
12/31/2014,M5,2014,South America,Blue,Electric,Manual,4.5,103997,121899,55,Low
12/31/2019,i8,2019,North America,White,Diesel,Automatic,4.1,181325,142408,119,Low
12/31/2010,i8,2010,Africa,Black,Hybrid,Manual,4.2,143894,110219,50,Low
12/31/2014,i3,2014,Africa,White,Hybrid,Manual,2.1,195065,34386,2479,Low
12/31/2011,X3,2011,Africa,Red,Electric,Manual,3.2,188048,41094,4351,Low
12/31/2010,i3,2010,North America,Silver,Diesel,Automatic,1.6,96533,27182,4970,Low
12/31/2013,M5,2013,North America,Grey,Electric,Manual,2.6,24855,119258,2707,Low
12/31/2015,M3,2015,Africa,Grey,Hybrid,Manual,2.7,17562,93780,935,Low
12/31/2016,5 Series,2016,South America,White,Hybrid,Automatic,4.7,46096,108282,3845,Low
12/31/2018,X6,2018,South America,White,Petrol,Automatic,5,9878,121002,1933,Low
12/31/2014,X3,2014,Asia,Grey,Diesel,Manual,3.7,39296,69580,8109,High
12/31/2017,M3,2017,Asia,Silver,Electric,Manual,3.3,158385,88205,2696,Low
12/31/2017,i3,2017,Asia,Black,Petrol,Automatic,3,122686,92189,4694,Low
12/31/2020,7 Series,2020,Asia,Silver,Petrol,Automatic,1.6,189233,97617,2160,Low
12/31/2018,X3,2018,Europe,White,Hybrid,Manual,4.3,192505,71178,8814,High
12/31/2012,5 Series,2012,Africa,Black,Hybrid,Manual,3.9,97633,65786,3394,Low
12/31/2012,5 Series,2012,Middle East,White,Petrol,Manual,3.8,15724,76380,4247,Low
12/31/2018,X5,2018,North America,Blue,Diesel,Manual,4.3,153470,81388,5958,High
12/31/2016,M5,2016,Europe,Red,Petrol,Automatic,4.7,37997,137859,948,Low
12/31/2024,M5,2024,Asia,Black,Electric,Automatic,2.9,167889,144769,3045,Low
12/31/2013,X5,2013,Asia,Blue,Electric,Manual,3,37687,91098,5062,High
12/31/2024,5 Series,2024,South America,Black,Hybrid,Manual,4.9,43971,132152,4456,Low
12/31/2010,7 Series,2010,South America,Grey,Diesel,Manual,3.8,188374,57011,213,Low
12/31/2016,X3,2016,Asia,Grey,Electric,Automatic,4.5,26666,101430,9470,High
12/31/2019,i8,2019,Europe,Red,Petrol,Automatic,2.3,8851,159628,50,Low
12/31/2015,7 Series,2015,Europe,Blue,Hybrid,Manual,2.6,105173,98459,863,Low
12/31/2012,X6,2012,Asia,Red,Diesel,Manual,2.9,141067,61071,4441,Low
12/31/2023,X3,2023,Europe,Grey,Electric,Manual,2.6,123756,100397,9819,High
12/31/2014,3 Series,2014,Europe,Black,Diesel,Automatic,4.6,148706,53226,8702,High
12/31/2012,M5,2012,Africa,Grey,Hybrid,Automatic,3.3,123609,92118,50,Low
12/31/2017,5 Series,2017,South America,White,Petrol,Automatic,4.8,48572,94474,4159,Low
12/31/2014,5 Series,2014,Asia,Grey,Petrol,Manual,2.6,153835,51488,6761,High
12/31/2019,5 Series,2019,Middle East,Grey,Electric,Manual,1.6,109779,92584,5113,High
12/31/2019,5 Series,2019,Asia,White,Electric,Manual,2,190027,76810,8001,High
12/31/2015,7 Series,2015,South America,Black,Hybrid,Manual,2.3,106238,98841,334,Low
12/31/2011,X5,2011,Middle East,Silver,Electric,Automatic,3.7,160956,72549,3581,Low
12/31/2017,X5,2017,Europe,Red,Diesel,Manual,2.1,164192,59710,6244,High
12/31/2018,M3,2018,South America,Blue,Petrol,Manual,2.8,131708,76882,1875,Low
12/31/2012,5 Series,2012,North America,Silver,Electric,Manual,4.3,29911,93378,6375,High
12/31/2022,X5,2022,North America,Grey,Hybrid,Manual,1.9,94615,109477,7199,High
12/31/2024,X3,2024,Middle East,Black,Petrol,Automatic,1.8,88797,99292,6618,High
12/31/2015,7 Series,2015,Europe,Red,Hybrid,Automatic,3.4,61636,117120,760,Low
12/31/2015,i8,2015,Asia,Grey,Petrol,Automatic,3.9,130951,126040,50,Low
12/31/2011,7 Series,2011,Europe,White,Electric,Manual,4.7,8782,126917,50,Low
12/31/2019,M5,2019,Middle East,White,Electric,Automatic,3.8,55724,157334,817,Low
12/31/2017,X6,2017,Europe,White,Electric,Automatic,4.8,148404,113259,3293,Low
12/31/2014,i8,2014,North America,White,Electric,Automatic,2.4,142070,127540,50,Low
12/31/2020,i3,2020,North America,Grey,Diesel,Automatic,2.7,6419,94749,5645,High
12/31/2020,5 Series,2020,Europe,Blue,Electric,Automatic,4.4,67406,126812,5801,High
12/31/2017,X1,2017,North America,Red,Electric,Automatic,4.3,120533,85414,7578,High
12/31/2023,M3,2023,Asia,Black,Hybrid,Automatic,3.8,105695,124430,3689,Low
12/31/2022,X5,2022,Africa,Black,Petrol,Manual,3.3,100933,103301,2988,Low
12/31/2023,X6,2023,Middle East,Silver,Diesel,Manual,1.6,52581,114729,3468,Low
12/31/2017,X5,2017,North America,Grey,Petrol,Automatic,2.5,146798,77660,5673,High
12/31/2024,i8,2024,North America,Black,Electric,Manual,2.1,29600,192078,600,Low
12/31/2021,M3,2021,North America,Silver,Petrol,Automatic,1.7,77244,96279,2885,Low
12/31/2012,i8,2012,Africa,Grey,Electric,Automatic,4.2,19082,140938,50,Low
12/31/2014,X1,2014,Europe,Blue,Petrol,Automatic,2,174555,27080,7947,High
12/31/2016,5 Series,2016,Africa,Silver,Electric,Automatic,2.8,195888,65831,4060,Low
12/31/2014,X3,2014,South America,Grey,Electric,Automatic,4.9,48194,92285,4571,Low
12/31/2015,5 Series,2015,Africa,White,Diesel,Automatic,2.9,124572,58218,3254,Low
12/31/2011,X1,2011,North America,Blue,Electric,Automatic,2,192887,26702,7627,High
12/31/2017,7 Series,2017,North America,Black,Electric,Manual,3.9,167946,113479,1020,Low
12/31/2014,i8,2014,Middle East,White,Petrol,Manual,4.3,167675,125003,50,Low
12/31/2015,3 Series,2015,Asia,Black,Hybrid,Manual,2.5,163180,52194,9725,High
12/31/2010,M3,2010,Africa,Blue,Electric,Automatic,4.3,36534,87489,711,Low
12/31/2019,i8,2019,Asia,White,Petrol,Manual,2.5,132714,126976,430,Low
12/31/2011,5 Series,2011,Middle East,Grey,Diesel,Manual,3.9,145539,48586,4238,Low
12/31/2020,X6,2020,Middle East,Red,Electric,Manual,1.9,190751,91234,3471,Low
12/31/2013,X3,2013,North America,Blue,Diesel,Manual,3,151987,39984,8418,High
12/31/2020,3 Series,2020,Africa,Silver,Diesel,Automatic,3.3,182077,63836,5616,High
12/31/2018,M3,2018,Africa,Black,Hybrid,Manual,4,113704,100549,2060,Low
12/31/2015,X6,2015,Asia,Black,Diesel,Manual,3.8,154833,75953,4723,Low
12/31/2017,X6,2017,South America,Grey,Hybrid,Manual,4.5,153488,97506,2180,Low
12/31/2011,X1,2011,Middle East,Red,Petrol,Automatic,2.1,77444,34468,4687,Low
12/31/2019,i8,2019,Middle East,Red,Petrol,Automatic,3.8,77127,166709,50,Low
12/31/2024,X1,2024,Africa,Black,Hybrid,Automatic,1.9,6140,110550,5517,High
12/31/2014,7 Series,2014,South America,Silver,Diesel,Manual,3.2,99709,92141,295,Low
12/31/2021,i3,2021,Africa,Red,Petrol,Manual,3.3,190183,65457,3342,Low
12/31/2021,i3,2021,North America,Grey,Electric,Manual,1.6,76525,91511,5017,High
12/31/2022,5 Series,2022,South America,Red,Diesel,Automatic,1.7,62788,97535,4563,Low
12/31/2010,M5,2010,South America,White,Petrol,Manual,4.4,177232,71879,237,Low
12/31/2013,3 Series,2013,Europe,White,Hybrid,Automatic,2.5,181734,43365,15000,High
12/31/2019,M3,2019,Africa,Silver,Diesel,Automatic,2.7,96294,86455,1510,Low
12/31/2010,3 Series,2010,South America,Silver,Electric,Manual,3.7,190185,37585,4993,Low
12/31/2020,X6,2020,Asia,White,Electric,Manual,2.3,99290,113810,5469,High
12/31/2020,X5,2020,Middle East,Red,Petrol,Automatic,2.2,18207,108655,4070,Low
12/31/2018,X5,2018,Africa,White,Electric,Automatic,3,172934,86175,3192,Low
12/31/2011,3 Series,2011,Middle East,Blue,Electric,Manual,1.7,51029,54723,5793,High
12/31/2016,3 Series,2016,North America,Blue,Electric,Automatic,4.7,104625,86799,10278,High
12/31/2012,5 Series,2012,North America,Grey,Diesel,Automatic,4.8,83031,74063,5957,High
12/31/2023,3 Series,2023,Middle East,Black,Hybrid,Automatic,3.1,176042,94641,7712,High
12/31/2011,3 Series,2011,South America,Silver,Diesel,Manual,2.2,24208,41683,5434,High
12/31/2022,M5,2022,North America,White,Hybrid,Automatic,3.1,134598,141563,2214,Low
12/31/2013,i3,2013,Middle East,Black,Diesel,Automatic,1.8,72175,45435,2884,Low
12/31/2016,7 Series,2016,Middle East,White,Electric,Automatic,2.9,42448,138406,50,Low
12/31/2016,i3,2016,Asia,Grey,Diesel,Manual,1.8,133395,41894,907,Low
12/31/2018,i8,2018,Europe,Red,Diesel,Manual,4,3546,166690,50,Low
12/31/2021,i8,2021,South America,Silver,Petrol,Automatic,2.5,164297,132159,159,Low
12/31/2022,i8,2022,Africa,Red,Electric,Automatic,3.3,197573,149848,477,Low
12/31/2012,i8,2012,Europe,White,Hybrid,Automatic,1.5,81140,111767,50,Low
12/31/2016,i3,2016,South America,Black,Electric,Automatic,3.3,185336,65093,2985,Low
12/31/2015,X1,2015,Africa,Blue,Diesel,Manual,1.5,192647,25000,4472,Low
12/31/2019,i3,2019,Middle East,White,Hybrid,Manual,4.7,158970,89300,3843,Low
12/31/2016,M3,2016,Middle East,White,Petrol,Manual,3.3,78891,94087,1431,Low
12/31/2016,X5,2016,South America,Grey,Petrol,Manual,1.9,148797,56018,3217,Low
12/31/2019,M3,2019,Europe,Silver,Petrol,Manual,2.7,4203,106178,2946,Low
12/31/2014,5 Series,2014,Europe,Red,Petrol,Manual,1.7,67922,60645,5647,High
12/31/2018,M5,2018,North America,Grey,Petrol,Manual,3.4,185426,107642,1576,Low
12/31/2016,7 Series,2016,Africa,Silver,Petrol,Automatic,1.9,158485,78505,589,Low
12/31/2016,M3,2016,Europe,Blue,Petrol,Automatic,3.2,39323,98513,2610,Low
12/31/2021,i8,2021,Europe,Grey,Petrol,Manual,2.6,195232,129878,519,Low
12/31/2023,5 Series,2023,Africa,Grey,Petrol,Manual,4.2,124165,104463,824,Low
12/31/2012,M3,2012,Asia,Black,Electric,Automatic,3.2,180107,65789,2701,Low
12/31/2010,X3,2010,Africa,Black,Electric,Manual,4.5,193632,42227,3799,Low
12/31/2023,X1,2023,North America,Silver,Hybrid,Automatic,4.8,54065,112450,8891,High
12/31/2023,X3,2023,Asia,Red,Petrol,Manual,4.9,115576,107789,9012,High
12/31/2014,3 Series,2014,Middle East,Silver,Diesel,Automatic,2.4,121825,45815,6864,High
12/31/2017,X6,2017,Asia,Grey,Electric,Automatic,4.2,163900,101762,4329,Low
12/31/2014,M5,2014,North America,White,Hybrid,Automatic,3,170059,104779,1380,Low
12/31/2019,i8,2019,South America,White,Diesel,Automatic,3,28324,156242,50,Low
12/31/2012,3 Series,2012,North America,White,Electric,Automatic,4.5,195955,55582,8622,High
12/31/2018,M5,2018,Asia,Red,Petrol,Automatic,2,105699,107571,1735,Low
12/31/2011,M5,2011,North America,White,Petrol,Manual,3.2,113529,89856,1086,Low
12/31/2024,i3,2024,Middle East,Red,Electric,Manual,3.6,8035,126618,3540,Low
12/31/2012,7 Series,2012,Europe,Red,Petrol,Automatic,1.7,83174,82399,702,Low
12/31/2021,X6,2021,Africa,Silver,Electric,Automatic,4.5,110140,133671,2751,Low
12/31/2013,X3,2013,Europe,Black,Diesel,Automatic,2.6,81755,53165,8371,High
12/31/2019,X1,2019,South America,Red,Electric,Automatic,3.8,174578,74860,5781,High
12/31/2010,X3,2010,Asia,White,Hybrid,Manual,4.7,335,80400,8492,High
12/31/2020,i3,2020,North America,Black,Electric,Automatic,4,137653,98180,5314,High
12/31/2013,M3,2013,Europe,White,Hybrid,Manual,4.6,134210,85107,2133,Low
12/31/2013,X1,2013,South America,Black,Diesel,Manual,1.7,2517,45113,3911,Low
12/31/2018,X3,2018,Europe,Red,Electric,Automatic,3.2,158777,83595,15000,High
12/31/2017,i8,2017,South America,Black,Diesel,Manual,3.5,65328,139384,50,Low
12/31/2011,i8,2011,Africa,Red,Hybrid,Manual,3.9,46675,124026,50,Low
12/31/2022,X1,2022,Asia,Red,Petrol,Automatic,1.9,10435,94609,9326,High
12/31/2016,X6,2016,Middle East,Grey,Diesel,Automatic,3.8,29020,103400,2293,Low
12/31/2015,5 Series,2015,Europe,Silver,Hybrid,Manual,2,191516,54756,6731,High
12/31/2016,X1,2016,Europe,Blue,Hybrid,Automatic,1.7,180365,42422,7278,High
12/31/2020,M3,2020,Asia,White,Diesel,Automatic,3.1,134528,90115,2991,Low
12/31/2013,X1,2013,Africa,Blue,Petrol,Automatic,3.6,195792,29783,3489,Low
12/31/2023,5 Series,2023,Europe,Blue,Diesel,Manual,4.9,9486,134131,7037,High
12/31/2023,X6,2023,Africa,White,Diesel,Automatic,3.9,77912,124304,2563,Low
12/31/2014,M5,2014,Europe,Red,Petrol,Manual,3.6,66828,108143,972,Low
12/31/2015,i3,2015,Europe,Grey,Hybrid,Automatic,2.3,70167,70281,4840,Low
12/31/2018,M5,2018,Asia,Blue,Hybrid,Manual,2,76170,127998,2134,Low
12/31/2011,M5,2011,North America,Black,Petrol,Manual,3.6,95716,95510,907,Low
12/31/2020,X5,2020,Asia,Silver,Diesel,Automatic,2.3,46781,100708,7233,High
12/31/2018,3 Series,2018,Africa,Red,Diesel,Automatic,4,38936,83293,5173,High
12/31/2019,3 Series,2019,Middle East,Blue,Petrol,Automatic,1.9,160872,57474,7846,High
12/31/2010,X3,2010,South America,Red,Petrol,Manual,2.7,5535,50246,4932,Low
12/31/2013,7 Series,2013,Africa,White,Petrol,Manual,4.2,5184,112306,50,Low
12/31/2021,M5,2021,Africa,Red,Petrol,Automatic,4.4,31400,154307,411,Low
12/31/2014,M3,2014,Asia,Silver,Electric,Manual,2.7,145866,76989,2847,Low
12/31/2018,M5,2018,South America,Black,Diesel,Manual,2.2,103445,105723,777,Low
12/31/2024,i8,2024,Middle East,Red,Petrol,Manual,4.9,138880,171597,108,Low
12/31/2015,5 Series,2015,Europe,Silver,Petrol,Automatic,4.2,95247,81194,7166,High
12/31/2013,X5,2013,Europe,White,Electric,Manual,4.3,10127,99293,4372,Low
12/31/2011,i8,2011,South America,Red,Petrol,Manual,2.3,114020,93611,50,Low
12/31/2014,5 Series,2014,Asia,Grey,Electric,Manual,3,53475,137258,4957,Low
12/31/2017,5 Series,2017,Asia,Grey,Electric,Manual,1.7,175709,65746,6319,High
12/31/2017,5 Series,2017,North America,Black,Diesel,Manual,1.9,71420,71678,6679,High
12/31/2015,i8,2015,Europe,White,Electric,Manual,2.3,19195,151455,50,Low
12/31/2020,X3,2020,South America,Blue,Diesel,Automatic,2.6,186882,61835,5844,High
12/31/2010,i8,2010,North America,Silver,Electric,Automatic,5,4322,160627,50,Low
12/31/2024,i8,2024,Middle East,White,Hybrid,Automatic,3,173491,171614,545,Low
12/31/2017,M5,2017,Africa,White,Hybrid,Manual,3.9,78110,129682,235,Low
12/31/2013,M5,2013,Asia,Red,Diesel,Manual,4.7,101922,108457,274,Low
12/31/2024,i3,2024,Middle East,Black,Diesel,Automatic,2.4,183729,74528,4396,Low
12/31/2023,X1,2023,Asia,Black,Petrol,Manual,2,132464,70530,7882,High
12/31/2011,X6,2011,Europe,White,Electric,Manual,2.4,100317,72528,3209,Low
12/31/2010,X3,2010,Africa,Blue,Hybrid,Manual,4.6,143320,69965,3254,Low
12/31/2016,X6,2016,North America,Silver,Diesel,Automatic,3.8,38422,105359,3571,Low
12/31/2011,X6,2011,Africa,Grey,Electric,Automatic,3.1,112359,76306,1449,Low
12/31/2022,3 Series,2022,Asia,Red,Petrol,Automatic,4.4,64,116712,9351,High
12/31/2013,M3,2013,Europe,Silver,Electric,Automatic,2.3,6864,96850,1927,Low
12/31/2013,X5,2013,North America,White,Diesel,Manual,2.3,36725,69544,4825,Low
12/31/2022,M5,2022,Africa,Grey,Petrol,Manual,3.5,72697,142898,657,Low
12/31/2019,7 Series,2019,Middle East,Blue,Hybrid,Manual,4.3,46568,150192,789,Low
12/31/2024,i8,2024,North America,Grey,Electric,Automatic,2.4,61162,178523,898,Low
12/31/2010,i3,2010,Europe,Silver,Petrol,Automatic,2.2,35948,41482,3825,Low
12/31/2011,3 Series,2011,South America,Grey,Petrol,Automatic,3.2,54074,52035,5748,High
12/31/2010,X3,2010,Europe,Red,Petrol,Manual,2,4350,47850,8107,High
12/31/2015,X6,2015,Africa,Grey,Electric,Automatic,4.1,104866,101839,1659,Low
12/31/2022,i3,2022,Africa,Blue,Hybrid,Automatic,3.5,84030,99492,3752,Low
12/31/2012,i8,2012,Asia,Grey,Hybrid,Manual,3.3,88721,125100,50,Low
12/31/2010,M5,2010,South America,Grey,Diesel,Manual,4.6,63497,93464,50,Low
12/31/2021,7 Series,2021,Middle East,Silver,Electric,Automatic,4.1,181294,134034,1140,Low
12/31/2017,X5,2017,Africa,Silver,Diesel,Automatic,2,196730,53025,3978,Low
12/31/2023,X1,2023,South America,Black,Petrol,Manual,3,106874,80739,5401,High
12/31/2021,i8,2021,Middle East,Red,Electric,Automatic,2.6,176160,161791,325,Low
12/31/2023,M3,2023,Europe,Red,Electric,Manual,4.3,189445,111487,3272,Low
12/31/2013,X1,2013,South America,White,Hybrid,Manual,4,25108,68435,3735,Low
12/31/2019,3 Series,2019,Middle East,Silver,Electric,Automatic,3.2,100142,97848,6169,High
12/31/2016,7 Series,2016,Asia,White,Electric,Manual,4.4,36253,132516,778,Low
12/31/2019,X6,2019,Africa,Grey,Petrol,Automatic,2.9,188156,81164,2532,Low
12/31/2011,3 Series,2011,South America,Blue,Diesel,Automatic,4.3,77766,49059,5336,High
12/31/2024,X3,2024,Middle East,White,Petrol,Manual,1.6,33300,103213,6692,High
12/31/2015,3 Series,2015,Africa,Red,Petrol,Manual,2,59365,55617,5048,High
12/31/2015,i3,2015,North America,Blue,Petrol,Automatic,4.1,84590,67514,5312,High
12/31/2016,X6,2016,South America,Red,Electric,Manual,1.9,150897,78349,2611,Low
12/31/2021,M5,2021,South America,Grey,Diesel,Automatic,3.9,121004,130569,1015,Low
12/31/2010,5 Series,2010,South America,Grey,Hybrid,Automatic,4,100960,63130,3002,Low
12/31/2023,3 Series,2023,Europe,Silver,Electric,Manual,3.8,159093,96069,11660,High
12/31/2021,M3,2021,Middle East,Grey,Hybrid,Manual,4.4,117681,125786,2255,Low
12/31/2010,7 Series,2010,South America,Black,Petrol,Manual,3.3,144770,68938,50,Low
12/31/2024,X1,2024,Middle East,Black,Electric,Manual,4.6,115787,112913,6428,High
12/31/2011,X3,2011,North America,Blue,Hybrid,Manual,3.5,51159,67618,7467,High
12/31/2023,i8,2023,South America,Black,Petrol,Manual,3.3,127558,158074,73,Low
12/31/2020,i3,2020,Europe,White,Petrol,Automatic,3.3,113735,76127,4476,Low
12/31/2011,5 Series,2011,South America,White,Diesel,Automatic,4.7,118062,56997,3062,Low
12/31/2014,5 Series,2014,Africa,Red,Diesel,Manual,2.4,90293,57043,2961,Low
12/31/2010,X3,2010,Middle East,Blue,Petrol,Automatic,3.9,37154,62329,5180,High
12/31/2020,X1,2020,South America,Silver,Electric,Manual,2.3,126526,73336,6210,High
12/31/2011,7 Series,2011,Asia,Black,Hybrid,Automatic,1.8,92419,85559,761,Low
12/31/2015,X6,2015,Europe,Grey,Petrol,Manual,4.8,78625,96915,445,Low
12/31/2012,X6,2012,North America,Silver,Electric,Automatic,2,20262,98479,3344,Low
12/31/2013,X3,2013,Middle East,Black,Electric,Automatic,3.9,156373,69371,5079,High
12/31/2010,i8,2010,Africa,Black,Electric,Automatic,3,102176,112307,50,Low
12/31/2014,i8,2014,North America,Blue,Diesel,Manual,4.4,133322,120202,50,Low
12/31/2013,3 Series,2013,Middle East,Silver,Petrol,Automatic,4.2,69225,32315,5756,High
12/31/2017,X3,2017,Africa,Red,Petrol,Automatic,2,110734,56732,4722,Low
12/31/2012,5 Series,2012,Asia,Blue,Hybrid,Manual,3.1,74843,74594,6847,High
12/31/2019,M3,2019,Middle East,Red,Petrol,Manual,1.6,83229,88992,1810,Low
12/31/2010,X3,2010,North America,White,Hybrid,Manual,3,53225,56262,6678,High
12/31/2023,X6,2023,Middle East,Red,Petrol,Automatic,4,149872,122559,3523,Low
12/31/2022,M5,2022,Europe,Black,Hybrid,Manual,2.3,157995,128889,2797,Low
12/31/2019,3 Series,2019,Africa,Silver,Electric,Automatic,4.3,112918,90498,5860,High
12/31/2014,5 Series,2014,South America,White,Hybrid,Automatic,1.7,165187,53861,3439,Low
12/31/2023,5 Series,2023,North America,Silver,Electric,Manual,1.6,46541,122538,7125,High
12/31/2024,X5,2024,Europe,Black,Petrol,Manual,1.6,48850,114347,6488,High
12/31/2010,7 Series,2010,Middle East,White,Hybrid,Manual,2.5,190935,70146,140,Low
12/31/2020,X1,2020,Africa,Silver,Petrol,Automatic,3.1,197036,54174,4459,Low
12/31/2014,X1,2014,South America,Silver,Diesel,Manual,1.9,166903,25000,4154,Low
12/31/2018,i3,2018,South America,Red,Electric,Manual,5,165091,85935,3795,Low
12/31/2014,i8,2014,Middle East,Black,Hybrid,Automatic,5,158406,147006,50,Low
12/31/2011,i3,2011,Middle East,Grey,Petrol,Automatic,3.3,195835,28378,3412,Low
12/31/2022,X6,2022,South America,Grey,Diesel,Manual,3.5,167697,95106,3148,Low
12/31/2024,7 Series,2024,North America,White,Electric,Manual,4.7,5680,171844,1986,Low
12/31/2011,X6,2011,Middle East,Black,Electric,Manual,4.2,160782,77053,1864,Low
12/31/2019,7 Series,2019,Asia,Blue,Electric,Manual,2.1,2734,146032,1522,Low
12/31/2018,i3,2018,Middle East,Blue,Diesel,Manual,4.3,194288,63229,3974,Low
12/31/2021,3 Series,2021,Africa,Blue,Hybrid,Manual,2.3,74361,84365,6637,High
12/31/2023,M5,2023,Africa,Blue,Diesel,Automatic,3,186500,123428,1103,Low
12/31/2014,X5,2014,Asia,Grey,Petrol,Automatic,3.4,41576,90226,5385,High
12/31/2020,X5,2020,Africa,Silver,Diesel,Automatic,4,69053,102278,2899,Low
12/31/2017,X6,2017,Europe,White,Electric,Manual,2,47750,106843,3677,Low
12/31/2019,5 Series,2019,Asia,White,Hybrid,Manual,1.8,112969,87062,8211,High
12/31/2013,M5,2013,North America,Silver,Hybrid,Manual,4.5,184000,98606,1120,Low
12/31/2011,M3,2011,Middle East,Black,Petrol,Manual,4.4,181853,58737,1444,Low
12/31/2013,7 Series,2013,Asia,Blue,Diesel,Manual,3.3,24553,97783,928,Low
12/31/2021,3 Series,2021,Europe,Blue,Diesel,Manual,3.8,20306,93953,8196,High
12/31/2020,i8,2020,Africa,Red,Hybrid,Automatic,4,133536,148661,156,Low
12/31/2013,X1,2013,South America,Grey,Diesel,Automatic,3.2,149985,31185,4833,Low
12/31/2020,X5,2020,Europe,Grey,Hybrid,Automatic,2.4,81487,110713,5327,High
12/31/2018,X1,2018,Asia,Blue,Hybrid,Manual,3.2,94625,73862,7484,High
12/31/2019,7 Series,2019,Asia,Blue,Petrol,Automatic,4.8,163229,119948,1420,Low
12/31/2020,X3,2020,North America,Grey,Hybrid,Automatic,4.4,114839,105030,9118,High
12/31/2015,i8,2015,South America,Silver,Diesel,Automatic,3.1,182239,110750,50,Low
12/31/2024,X6,2024,Middle East,Blue,Hybrid,Manual,2.3,13839,138742,3542,Low
12/31/2019,3 Series,2019,North America,Black,Hybrid,Automatic,4.6,192338,77883,9833,High
12/31/2024,i8,2024,North America,Grey,Diesel,Manual,3.7,158695,150501,668,Low
12/31/2015,X6,2015,South America,Blue,Diesel,Manual,2.9,160569,62369,2615,Low
12/31/2014,M3,2014,Africa,Black,Diesel,Automatic,1.9,164208,50191,1515,Low
12/31/2015,X5,2015,North America,Red,Electric,Manual,4.1,13314,115203,4818,Low
12/31/2010,i3,2010,Asia,White,Electric,Automatic,2.6,62416,55220,5067,High
12/31/2022,5 Series,2022,Africa,White,Diesel,Automatic,3.6,17694,115318,3566,Low
12/31/2014,M3,2014,Europe,Red,Hybrid,Automatic,3.5,5890,105180,2109,Low
12/31/2021,X3,2021,Africa,White,Diesel,Automatic,3.9,104587,87503,4302,Low
12/31/2015,X6,2015,South America,Blue,Electric,Manual,3.4,83109,123436,1498,Low
12/31/2017,5 Series,2017,South America,Silver,Hybrid,Manual,3.7,186541,71018,3700,Low
12/31/2013,X3,2013,Middle East,White,Hybrid,Automatic,1.8,67421,33129,5494,High
12/31/2023,X5,2023,Asia,Grey,Electric,Manual,3.8,32069,141716,6066,High
12/31/2014,X5,2014,Africa,Red,Electric,Manual,2.2,158540,62089,3004,Low
12/31/2013,M3,2013,Africa,Black,Petrol,Automatic,2.9,67873,71313,1122,Low
12/31/2016,i3,2016,Europe,Blue,Hybrid,Automatic,3.3,55125,81264,4353,Low
12/31/2019,3 Series,2019,Europe,Silver,Diesel,Automatic,3.9,81696,81242,8705,High
12/31/2015,i3,2015,Africa,Silver,Hybrid,Automatic,4.1,168986,58560,2442,Low
12/31/2023,M3,2023,South America,White,Petrol,Manual,4,45451,118780,2136,Low
12/31/2013,X5,2013,North America,White,Diesel,Manual,1.8,168303,41617,5958,High
12/31/2015,7 Series,2015,Africa,Grey,Hybrid,Manual,2.9,52753,105469,50,Low
12/31/2022,3 Series,2022,Europe,Red,Hybrid,Automatic,2.5,113833,94998,10450,High
12/31/2013,i8,2013,Africa,Blue,Electric,Automatic,2.9,126808,123205,50,Low
12/31/2021,i8,2021,South America,Red,Petrol,Automatic,3.8,175389,146997,50,Low
12/31/2017,X1,2017,Middle East,Silver,Petrol,Automatic,2.2,96292,60235,5655,High
12/31/2020,X3,2020,Europe,Red,Petrol,Manual,3.3,92457,84426,9025,High
12/31/2024,X6,2024,Asia,White,Diesel,Manual,4.6,23311,146351,4820,Low
12/31/2024,3 Series,2024,North America,Silver,Diesel,Manual,4.1,184346,86742,11056,High
12/31/2012,M5,2012,Africa,Grey,Diesel,Automatic,4,147294,83633,169,Low
12/31/2017,X1,2017,South America,Silver,Electric,Manual,4.5,51305,86444,4077,Low
12/31/2022,i3,2022,North America,Blue,Hybrid,Automatic,2.9,160255,90762,6701,High
12/31/2011,7 Series,2011,Europe,Red,Hybrid,Manual,4.2,141901,94069,485,Low
12/31/2015,7 Series,2015,Africa,Blue,Petrol,Automatic,1.7,154,101078,145,Low
12/31/2017,M5,2017,South America,Silver,Hybrid,Manual,1.7,190480,94722,810,Low
12/31/2010,X5,2010,Middle East,Red,Hybrid,Automatic,2.7,117882,59370,3290,Low
12/31/2015,M3,2015,North America,Grey,Diesel,Manual,2.2,8965,86766,2528,Low
12/31/2018,i8,2018,North America,Black,Diesel,Manual,3.3,69714,141080,50,Low
12/31/2024,i3,2024,North America,Blue,Diesel,Manual,2.1,89207,89750,6465,High
12/31/2022,X3,2022,South America,Red,Electric,Automatic,4.9,168108,108661,5415,High
12/31/2019,X3,2019,Africa,Grey,Electric,Automatic,4.5,177919,85417,4832,Low
12/31/2019,5 Series,2019,North America,Silver,Diesel,Automatic,4.9,41758,108295,14696,High
12/31/2011,i8,2011,Africa,Grey,Electric,Automatic,4.3,177404,108703,50,Low
12/31/2020,X3,2020,South America,Blue,Hybrid,Automatic,4.8,185050,88059,6095,High
12/31/2022,M3,2022,South America,Blue,Petrol,Automatic,2.8,42982,119713,1628,Low
12/31/2010,M5,2010,Middle East,Black,Hybrid,Manual,3.2,69634,105480,50,Low
12/31/2011,M3,2011,Middle East,White,Petrol,Manual,2.3,150702,50717,1682,Low
12/31/2014,7 Series,2014,Africa,Black,Diesel,Automatic,3.7,168539,80169,326,Low
12/31/2015,i8,2015,Europe,Black,Diesel,Manual,4.3,146928,124718,50,Low
12/31/2010,X6,2010,Europe,White,Diesel,Manual,3.2,109935,58846,3170,Low
12/31/2016,7 Series,2016,North America,Black,Electric,Manual,2.5,23959,130268,837,Low
12/31/2020,M5,2020,Africa,White,Electric,Automatic,3.3,44004,155052,886,Low
12/31/2013,5 Series,2013,Africa,Red,Electric,Automatic,1.7,180426,51882,3371,Low
12/31/2018,3 Series,2018,South America,Silver,Petrol,Automatic,4,118002,70649,6788,High
12/31/2024,M3,2024,South America,Blue,Electric,Automatic,3.1,133662,123285,2859,Low
12/31/2024,i3,2024,North America,Black,Diesel,Automatic,4.6,75054,105714,5631,High
12/31/2024,i3,2024,Asia,Silver,Diesel,Automatic,4.7,196173,89484,6724,High
12/31/2015,X1,2015,Middle East,Silver,Diesel,Manual,1.9,115466,38237,6050,High
12/31/2018,M5,2018,South America,Blue,Electric,Manual,5,34359,151202,772,Low
12/31/2010,3 Series,2010,Europe,Silver,Hybrid,Automatic,4.9,8965,79058,8254,High
12/31/2013,X5,2013,Asia,White,Diesel,Automatic,3.7,138368,65477,6658,High
12/31/2011,3 Series,2011,South America,Blue,Petrol,Manual,4.4,111947,45959,5060,High
12/31/2015,7 Series,2015,Middle East,Black,Hybrid,Manual,1.6,17409,114907,255,Low
12/31/2024,X3,2024,Africa,Silver,Hybrid,Automatic,4.9,59043,122220,5248,High
12/31/2013,M5,2013,Asia,Red,Hybrid,Manual,3.1,179144,90126,1237,Low
12/31/2018,7 Series,2018,Africa,Silver,Petrol,Automatic,4.7,25935,138280,50,Low
12/31/2023,i8,2023,Asia,Silver,Diesel,Manual,2.8,188897,142266,847,Low
12/31/2012,X3,2012,Asia,Grey,Electric,Automatic,4.3,20160,87579,7263,High
12/31/2010,X5,2010,Africa,Black,Diesel,Automatic,3,9852,64656,2395,Low
12/31/2020,i3,2020,Europe,Grey,Hybrid,Automatic,2.8,126752,85254,6065,High
12/31/2022,M5,2022,Africa,Grey,Electric,Automatic,4.8,79937,163223,1057,Low
12/31/2020,7 Series,2020,Africa,Red,Petrol,Manual,3.9,170622,107371,798,Low
12/31/2010,X3,2010,Africa,Silver,Diesel,Automatic,4.4,55772,53535,3484,Low
12/31/2021,X5,2021,Africa,White,Petrol,Manual,3.4,183401,80805,3941,Low
12/31/2018,M3,2018,Europe,Grey,Electric,Automatic,4.7,129907,113840,2992,Low
12/31/2018,M3,2018,Asia,Blue,Hybrid,Automatic,4.1,73032,112843,2969,Low
12/31/2014,3 Series,2014,Middle East,Black,Electric,Manual,1.8,90887,59507,5970,High
12/31/2024,M3,2024,Europe,Blue,Petrol,Automatic,4.2,140507,118759,3115,Low
12/31/2011,3 Series,2011,Europe,White,Petrol,Manual,1.6,6018,46582,8829,High
12/31/2018,M5,2018,Europe,Grey,Petrol,Automatic,4.4,114091,120270,1685,Low
12/31/2022,5 Series,2022,North America,White,Electric,Manual,2.7,192768,93300,8372,High
12/31/2021,7 Series,2021,Asia,Black,Hybrid,Manual,3.6,187311,54010,3500,Low
12/31/2022,X6,2022,Middle East,Silver,Electric,Automatic,4.1,114373,132153,3446,Low
12/31/2017,X6,2017,Middle East,Black,Hybrid,Automatic,3.7,162252,95105,2893,Low
12/31/2022,i8,2022,North America,Red,Electric,Manual,3.9,2476,188752,353,Low
12/31/2020,X3,2020,Africa,Black,Hybrid,Automatic,4.6,73050,105723,4866,Low
12/31/2019,i3,2019,Europe,Silver,Petrol,Manual,2.8,76758,76221,5653,High
12/31/2019,5 Series,2019,Middle East,Black,Petrol,Automatic,3.4,163946,83812,5503,High
12/31/2015,i8,2015,Europe,Silver,Petrol,Manual,2.1,186399,99459,120,Low
12/31/2016,5 Series,2016,Europe,Black,Hybrid,Manual,3.1,2364,97806,6528,High
12/31/2021,X3,2021,Africa,Red,Hybrid,Manual,2,190725,70965,6362,High
12/31/2015,M3,2015,South America,Silver,Petrol,Automatic,3.7,119757,78455,1592,Low
12/31/2024,5 Series,2024,Middle East,White,Diesel,Manual,2.6,2144,126988,4814,Low
12/31/2024,5 Series,2024,South America,Red,Electric,Automatic,4.5,25325,148357,5113,High
12/31/2014,X1,2014,North America,Black,Electric,Automatic,2.7,9149,78336,7289,High
12/31/2013,i3,2013,Asia,White,Petrol,Automatic,2.5,184610,31556,4761,Low
12/31/2016,M5,2016,Asia,Silver,Electric,Manual,3.2,112394,118651,1227,Low
12/31/2013,7 Series,2013,Asia,Blue,Diesel,Manual,2.1,197517,66532,1164,Low
12/31/2019,5 Series,2019,Asia,Silver,Diesel,Automatic,2.2,25452,90591,7767,High
12/31/2019,i8,2019,Middle East,Silver,Electric,Manual,4.2,162348,165815,50,Low
12/31/2019,3 Series,2019,South America,Silver,Hybrid,Manual,3.2,92697,82100,5530,High
12/31/2018,X5,2018,South America,White,Petrol,Manual,2.2,85743,80438,4195,Low
12/31/2014,X1,2014,South America,Silver,Hybrid,Manual,1.6,104743,42213,4317,Low
12/31/2017,i3,2017,South America,Grey,Diesel,Manual,3.1,131662,57267,2980,Low
12/31/2021,3 Series,2021,Europe,Black,Electric,Automatic,4.1,181501,89809,8813,High
12/31/2022,3 Series,2022,North America,Grey,Hybrid,Manual,2.7,107099,90645,10875,High
12/31/2024,i8,2024,South America,Black,Petrol,Manual,2.4,152641,147713,328,Low
12/31/2021,X5,2021,Middle East,Blue,Hybrid,Automatic,2.9,76949,114679,4361,Low
12/31/2021,M5,2021,Asia,Grey,Petrol,Automatic,4.9,69032,157418,1465,Low
12/31/2015,X3,2015,Middle East,Silver,Hybrid,Manual,3,49466,82052,5467,High
12/31/2013,X1,2013,North America,Blue,Hybrid,Manual,2.4,60753,52513,6676,High
12/31/2021,i3,2021,Africa,Red,Diesel,Manual,3.5,45803,88639,2678,Low
12/31/2012,3 Series,2012,South America,Red,Diesel,Manual,4.3,20127,63217,4999,Low
12/31/2020,5 Series,2020,North America,Red,Electric,Automatic,1.6,143982,94179,8340,High
12/31/2015,X5,2015,Africa,Blue,Hybrid,Automatic,3.5,74821,87463,2758,Low
12/31/2010,X5,2010,South America,Grey,Electric,Manual,4.4,171395,63328,2335,Low
12/31/2011,i3,2011,Asia,Blue,Hybrid,Manual,2.3,68337,48865,4289,Low
12/31/2016,X6,2016,Asia,Red,Diesel,Manual,4.7,76747,101269,4201,Low
12/31/2024,X5,2024,Europe,Red,Diesel,Manual,3.5,175972,98290,7214,High
12/31/2013,i8,2013,North America,Red,Diesel,Automatic,3.3,171348,107726,50,Low
12/31/2014,X1,2014,Europe,Silver,Electric,Manual,4.9,64286,82436,7611,High
12/31/2024,M3,2024,Europe,Red,Hybrid,Automatic,2,4117,135551,3374,Low
12/31/2020,X5,2020,Asia,Black,Electric,Automatic,4.1,18061,140535,5364,High
12/31/2019,X6,2019,South America,White,Diesel,Manual,4.4,22216,117858,1938,Low
12/31/2010,i8,2010,Europe,Blue,Electric,Automatic,3.2,103311,124265,50,Low
12/31/2011,3 Series,2011,Asia,White,Electric,Manual,1.5,56975,52879,7974,High
12/31/2013,3 Series,2013,South America,Red,Electric,Automatic,3.3,91165,33437,6390,High
12/31/2017,i3,2017,Asia,Silver,Hybrid,Automatic,2,3691,88603,5393,High
12/31/2019,X1,2019,Europe,White,Hybrid,Manual,3.5,43915,87510,7299,High
12/31/2013,3 Series,2013,South America,White,Hybrid,Automatic,4.1,106717,65832,5694,High
12/31/2023,X6,2023,Africa,Blue,Diesel,Manual,3.4,82174,113599,2496,Low
12/31/2012,X5,2012,Africa,Black,Petrol,Manual,3.7,154245,51882,3108,Low
12/31/2012,M3,2012,Africa,Blue,Electric,Automatic,1.9,184215,53552,1080,Low
12/31/2021,X6,2021,Europe,Grey,Hybrid,Manual,1.8,100876,106121,5454,High
12/31/2014,X1,2014,Asia,White,Diesel,Manual,4.5,14003,69312,7742,High
12/31/2012,X5,2012,South America,Silver,Petrol,Manual,1.7,82413,51095,2807,Low
12/31/2017,X1,2017,Europe,Blue,Petrol,Automatic,2.5,158939,47095,7998,High
12/31/2014,M5,2014,Africa,Silver,Electric,Manual,4.8,82000,118974,50,Low
12/31/2021,X5,2021,North America,Silver,Hybrid,Automatic,3.1,101866,111117,6280,High
12/31/2023,i3,2023,Asia,Black,Petrol,Automatic,3.9,73952,105029,5467,High
12/31/2021,i3,2021,North America,Black,Diesel,Manual,2.3,143174,69018,5108,High
12/31/2023,i3,2023,Africa,Red,Electric,Manual,2.4,24164,115294,3393,Low
12/31/2016,i8,2016,South America,White,Electric,Automatic,3.3,66372,156475,50,Low
12/31/2020,X1,2020,Europe,White,Electric,Automatic,3.7,39392,103758,8420,High
12/31/2017,7 Series,2017,Asia,Blue,Electric,Automatic,4.9,183393,116895,997,Low
12/31/2014,X1,2014,Middle East,Blue,Hybrid,Automatic,3.5,97165,61212,4700,Low
12/31/2017,X3,2017,South America,Red,Hybrid,Manual,1.8,165618,54611,5241,High
12/31/2021,5 Series,2021,North America,Red,Hybrid,Automatic,2.8,81022,107845,7634,High
12/31/2024,M3,2024,South America,Black,Petrol,Automatic,2.4,19668,125814,1977,Low
12/31/2012,X3,2012,South America,Silver,Diesel,Manual,2.4,61265,47460,4963,Low
12/31/2024,X5,2024,Middle East,Blue,Petrol,Automatic,3.3,152781,112727,4595,Low
12/31/2023,M3,2023,South America,Blue,Diesel,Automatic,2.6,23130,119848,2009,Low
12/31/2021,5 Series,2021,Asia,Grey,Diesel,Automatic,2.5,51622,104460,8095,High
12/31/2016,3 Series,2016,Europe,Silver,Hybrid,Manual,4.9,180655,66156,10233,High
12/31/2017,M5,2017,Africa,Silver,Electric,Automatic,3.5,65305,138632,79,Low
12/31/2016,7 Series,2016,North America,Grey,Electric,Automatic,2.4,97015,112806,1107,Low
12/31/2023,i8,2023,South America,Blue,Hybrid,Manual,2.5,126272,147989,651,Low
12/31/2011,3 Series,2011,Europe,Red,Hybrid,Automatic,4.3,117516,56625,7495,High
12/31/2017,i3,2017,Europe,Blue,Petrol,Automatic,4.6,53090,89911,4293,Low
12/31/2015,X3,2015,Asia,Silver,Petrol,Manual,3.9,91767,71699,8474,High
12/31/2019,X3,2019,North America,Black,Electric,Automatic,3,108885,91696,9482,High
12/31/2012,X1,2012,Africa,Red,Electric,Manual,4.2,192172,42804,4225,Low
12/31/2013,3 Series,2013,South America,Blue,Electric,Automatic,4.8,152578,62917,4689,Low
12/31/2016,i3,2016,Europe,Blue,Diesel,Manual,2.1,17134,65503,4610,Low
12/31/2012,5 Series,2012,Europe,Grey,Electric,Manual,4.5,163121,65705,5552,High
12/31/2010,X6,2010,South America,Grey,Diesel,Automatic,4.5,28500,78471,1681,Low
12/31/2015,3 Series,2015,Africa,White,Electric,Automatic,2.8,175458,56700,1280,Low
12/31/2012,3 Series,2012,Asia,Black,Hybrid,Automatic,2.5,86067,54778,9810,High
12/31/2020,5 Series,2020,Asia,White,Electric,Manual,3.5,64759,116075,6687,High
12/31/2024,5 Series,2024,Asia,White,Hybrid,Manual,2.5,68105,114314,7837,High
12/31/2019,X5,2019,South America,Black,Hybrid,Manual,2,141246,83458,4815,Low
12/31/2015,X5,2015,Middle East,Red,Petrol,Automatic,4.8,109806,94051,3712,Low
12/31/2019,i8,2019,South America,Silver,Petrol,Manual,3.2,192819,123429,50,Low
12/31/2021,M5,2021,Europe,Grey,Hybrid,Automatic,3.2,102663,140352,2044,Low
12/31/2012,X3,2012,South America,Blue,Hybrid,Automatic,1.9,121401,46211,4714,Low
12/31/2015,i8,2015,South America,Black,Diesel,Manual,3.3,28035,131631,50,Low
12/31/2020,X6,2020,Middle East,Blue,Hybrid,Automatic,4.1,133409,121567,2895,Low
12/31/2013,X3,2013,Africa,Grey,Diesel,Automatic,2.4,125343,40940,4633,Low
12/31/2022,X3,2022,Middle East,Red,Electric,Automatic,2.8,56299,110754,6619,High
12/31/2013,3 Series,2013,Africa,Red,Hybrid,Automatic,2.1,134388,42624,5199,High
12/31/2019,X3,2019,North America,Blue,Hybrid,Manual,2.7,79241,92820,9505,High
12/31/2019,X5,2019,South America,Silver,Electric,Automatic,4.5,43943,131475,3070,Low
12/31/2020,M5,2020,Asia,Red,Hybrid,Manual,2.3,131532,123268,2189,Low
12/31/2011,X3,2011,North America,Blue,Electric,Manual,1.6,29627,60598,9008,High
12/31/2023,X5,2023,South America,Grey,Diesel,Automatic,3.4,93901,106483,4583,Low
12/31/2013,M5,2013,Africa,Grey,Hybrid,Automatic,3.5,108483,104439,50,Low
12/31/2020,7 Series,2020,Middle East,Silver,Diesel,Manual,2.7,46455,131218,828,Low
12/31/2021,X5,2021,Africa,Red,Petrol,Automatic,3.7,11138,121264,2611,Low
12/31/2013,M3,2013,South America,Blue,Diesel,Automatic,1.6,169074,44158,1663,Low
12/31/2020,X6,2020,North America,Grey,Electric,Manual,2.7,71293,115533,4394,Low
12/31/2016,i3,2016,Africa,Blue,Diesel,Automatic,2,162298,37865,3256,Low
12/31/2014,5 Series,2014,Asia,Grey,Petrol,Automatic,2.3,154306,54025,7845,High
12/31/2017,X5,2017,Asia,Blue,Electric,Automatic,2.8,35586,107938,5879,High
12/31/2016,X6,2016,South America,Silver,Electric,Manual,3.2,13631,115848,1742,Low
12/31/2019,M3,2019,North America,Black,Hybrid,Automatic,1.8,44207,106526,2911,Low
12/31/2018,M3,2018,North America,White,Diesel,Automatic,1.9,177917,67065,2842,Low
12/31/2017,5 Series,2017,Asia,Grey,Petrol,Manual,3.9,28039,96913,6683,High
12/31/2024,X3,2024,Africa,Silver,Hybrid,Automatic,2.9,198830,86521,5178,High
12/31/2018,7 Series,2018,Europe,Red,Electric,Automatic,2.1,44604,133744,1323,Low
12/31/2010,M3,2010,Middle East,Silver,Petrol,Manual,2.3,67187,57131,1271,Low
12/31/2019,X1,2019,Asia,Red,Electric,Manual,4,117274,89070,8457,High
12/31/2022,i8,2022,Europe,Silver,Hybrid,Manual,1.7,96584,159826,679,Low
12/31/2021,i3,2021,South America,White,Electric,Automatic,3.3,42949,105338,3362,Low
12/31/2012,X5,2012,Europe,Red,Electric,Automatic,2.8,128019,68217,5165,High
12/31/2014,X6,2014,South America,White,Hybrid,Automatic,4.3,47971,102706,1775,Low
12/31/2018,X6,2018,Asia,Silver,Petrol,Manual,4.3,148873,98336,4619,Low
12/31/2017,7 Series,2017,Middle East,Grey,Diesel,Automatic,3.9,120771,114055,598,Low
12/31/2023,X6,2023,Africa,Blue,Petrol,Manual,2.8,190643,93175,2902,Low
12/31/2019,X3,2019,South America,Blue,Electric,Manual,3.7,106625,93275,6466,High
12/31/2016,3 Series,2016,Europe,Black,Petrol,Automatic,3.7,195237,49116,8783,High
12/31/2011,i8,2011,Europe,Red,Electric,Automatic,2.7,125568,112336,50,Low
12/31/2024,X1,2024,Europe,Blue,Hybrid,Manual,4.6,95146,107360,8694,High
12/31/2020,5 Series,2020,South America,Blue,Hybrid,Automatic,4.9,40121,120584,4034,Low
12/31/2015,X3,2015,South America,Blue,Diesel,Manual,2.6,68,71271,4653,Low
12/31/2013,5 Series,2013,Middle East,Grey,Petrol,Manual,4.3,117767,68308,3933,Low
12/31/2014,5 Series,2014,Asia,Black,Hybrid,Automatic,3.3,140275,73270,6649,High
12/31/2023,7 Series,2023,South America,Silver,Petrol,Automatic,3.1,91023,135033,882,Low
12/31/2014,i8,2014,Africa,Blue,Petrol,Manual,2.9,467,125261,50,Low
12/31/2022,7 Series,2022,South America,Black,Petrol,Automatic,2.5,123533,118146,1047,Low
12/31/2013,M3,2013,North America,Red,Diesel,Automatic,4.7,185563,68139,2691,Low
12/31/2013,7 Series,2013,Asia,Silver,Hybrid,Automatic,4.1,84349,116344,518,Low
12/31/2024,X1,2024,Europe,Black,Petrol,Automatic,3,188192,76747,8985,High
12/31/2013,7 Series,2013,Middle East,Silver,Electric,Automatic,4.1,74794,117723,50,Low
12/31/2020,X3,2020,North America,Silver,Electric,Automatic,4,113193,107992,7828,High
12/31/2011,X3,2011,Africa,Silver,Petrol,Manual,2.4,170797,25000,4840,Low
12/31/2010,X3,2010,Middle East,Silver,Petrol,Automatic,2.1,152750,27599,5364,High
12/31/2021,X6,2021,Europe,Black,Electric,Automatic,4.4,136814,125686,4457,Low
12/31/2011,X1,2011,North America,Red,Petrol,Manual,4.3,105815,43156,6721,High
12/31/2016,M5,2016,Middle East,White,Petrol,Manual,5,114945,127720,404,Low
12/31/2021,M3,2021,Middle East,Silver,Hybrid,Manual,1.6,88296,107670,2359,Low
12/31/2010,7 Series,2010,North America,Grey,Electric,Manual,3.4,125765,86146,449,Low
12/31/2015,X5,2015,Asia,White,Petrol,Manual,4,62496,92094,5440,High
12/31/2013,7 Series,2013,Europe,Silver,Petrol,Manual,3.5,91588,43096,1687,Low
12/31/2011,3 Series,2011,Europe,White,Diesel,Manual,4,126123,38529,7986,High
12/31/2024,i8,2024,South America,White,Hybrid,Manual,2,46167,167399,504,Low
12/31/2024,7 Series,2024,Africa,Grey,Petrol,Automatic,1.5,163247,112542,1414,Low
12/31/2012,X1,2012,Europe,Black,Hybrid,Automatic,1.8,171967,29027,7193,High
12/31/2016,X5,2016,Asia,White,Diesel,Manual,2.8,146656,64296,6839,High
12/31/2015,X5,2015,Europe,White,Hybrid,Automatic,2.7,97904,82662,4937,Low
12/31/2024,M5,2024,Africa,Blue,Hybrid,Automatic,4.6,183737,141943,1764,Low
12/31/2024,X3,2024,North America,Blue,Electric,Automatic,1.8,181137,88441,11100,High
12/31/2015,M3,2015,North America,Red,Petrol,Manual,3,56996,89009,2878,Low
12/31/2017,7 Series,2017,Middle East,Red,Hybrid,Manual,4.9,172316,125124,404,Low
12/31/2017,X5,2017,Asia,White,Diesel,Manual,3.3,45235,88889,5741,High
12/31/2015,7 Series,2015,North America,Black,Electric,Manual,2,134460,98295,959,Low
12/31/2010,X6,2010,South America,Grey,Hybrid,Manual,2.5,60748,67874,1713,Low
12/31/2019,i3,2019,Asia,Black,Electric,Automatic,3.7,45748,100103,5167,High
12/31/2022,M5,2022,Middle East,Silver,Diesel,Manual,1.5,21104,144854,1074,Low
12/31/2016,7 Series,2016,North America,Red,Electric,Automatic,4.9,139215,129305,856,Low
12/31/2017,X3,2017,Middle East,Blue,Diesel,Manual,3.5,149580,62741,5490,High
12/31/2014,X5,2014,Middle East,Grey,Diesel,Automatic,4,168770,66764,3267,Low
12/31/2022,7 Series,2022,Africa,Blue,Diesel,Automatic,3.2,187749,112446,894,Low
12/31/2020,X3,2020,Asia,White,Electric,Automatic,4.9,162730,99738,9092,High
12/31/2013,X1,2013,South America,Blue,Hybrid,Manual,3.6,37990,63292,3834,Low
12/31/2016,X6,2016,South America,Grey,Diesel,Automatic,3.8,121229,86572,2397,Low
12/31/2021,M5,2021,Africa,Black,Petrol,Automatic,4.5,44811,146961,480,Low
12/31/2021,M5,2021,Europe,White,Petrol,Manual,4.5,131408,127965,1842,Low
12/31/2020,M5,2020,Asia,Blue,Petrol,Manual,1.6,131537,108672,1864,Low
12/31/2022,M5,2022,North America,White,Electric,Manual,2.5,33803,87074,3510,Low
12/31/2015,7 Series,2015,North America,Grey,Diesel,Automatic,2.4,191020,82134,1414,Low
12/31/2021,M5,2021,Europe,Silver,Hybrid,Manual,1.5,128281,124740,2359,Low
12/31/2015,i3,2015,Middle East,Grey,Petrol,Automatic,4.6,122779,66401,3431,Low
12/31/2023,X1,2023,Middle East,White,Diesel,Automatic,2.6,17100,102021,5597,High
12/31/2012,X1,2012,Asia,Silver,Diesel,Automatic,2.7,188541,25000,9035,High
12/31/2020,i3,2020,Africa,Red,Petrol,Automatic,1.8,148099,62386,3352,Low
12/31/2019,X1,2019,Asia,Red,Hybrid,Manual,5,4051,108641,7554,High
12/31/2024,M5,2024,North America,Silver,Petrol,Automatic,4.4,168120,143907,1850,Low
12/31/2013,7 Series,2013,Middle East,Red,Petrol,Automatic,3.5,93961,104858,67,Low
12/31/2014,i3,2014,Middle East,Silver,Electric,Manual,4.2,107824,79044,2798,Low
12/31/2018,M5,2018,Africa,Grey,Electric,Automatic,4.2,155180,132626,926,Low
12/31/2017,7 Series,2017,Europe,Silver,Hybrid,Manual,3.8,123438,121618,850,Low
12/31/2012,i8,2012,Africa,White,Electric,Manual,2.1,146162,103130,50,Low
12/31/2015,X1,2015,Africa,White,Petrol,Manual,4,125641,25000,4718,Low
12/31/2019,5 Series,2019,Africa,Red,Petrol,Automatic,3.5,35686,104295,3033,Low
12/31/2010,7 Series,2010,South America,Black,Diesel,Manual,4,73739,83771,50,Low
12/31/2012,X3,2012,Africa,White,Hybrid,Manual,3.4,182188,40940,3962,Low
12/31/2019,X1,2019,Europe,White,Hybrid,Automatic,4.8,6670,110298,6572,High
12/31/2023,X3,2023,South America,Silver,Electric,Manual,3.7,114127,106710,6686,High
12/31/2021,X5,2021,South America,Black,Diesel,Manual,3.5,65,112239,3500,Low
12/31/2016,M5,2016,Middle East,Silver,Diesel,Automatic,4.4,108494,126508,404,Low
12/31/2016,M3,2016,Africa,Grey,Electric,Automatic,2.8,115278,91453,1091,Low
12/31/2011,X1,2011,Asia,Red,Petrol,Automatic,2.6,79574,36152,7899,High
12/31/2012,X3,2012,North America,Black,Hybrid,Automatic,3.3,72017,67498,7781,High
12/31/2024,M3,2024,Middle East,White,Diesel,Automatic,3.5,67420,127635,2199,Low
12/31/2016,5 Series,2016,North America,Silver,Hybrid,Automatic,2.3,74660,83876,6797,High
12/31/2021,X3,2021,Middle East,Blue,Hybrid,Manual,3.9,175504,89541,7262,High
12/31/2015,7 Series,2015,Asia,Silver,Hybrid,Automatic,4.3,54681,75215,1490,Low
12/31/2022,3 Series,2022,Middle East,Silver,Diesel,Automatic,3.5,158890,81021,6840,High
12/31/2016,X3,2016,Asia,Blue,Electric,Automatic,3.3,118585,81503,7531,High
12/31/2019,5 Series,2019,Middle East,Grey,Petrol,Manual,2.5,16231,99384,5124,High
12/31/2018,X3,2018,Asia,White,Diesel,Automatic,4.7,146675,76184,9182,High
12/31/2017,3 Series,2017,Africa,Blue,Petrol,Automatic,4.1,35136,87202,5419,High
12/31/2015,5 Series,2015,Europe,Blue,Hybrid,Automatic,3.2,191422,66855,6784,High
12/31/2021,X1,2021,Africa,Red,Electric,Automatic,3.8,24648,106637,4566,Low
12/31/2023,X3,2023,Africa,Blue,Hybrid,Manual,2.7,187885,84864,5417,High
12/31/2013,X3,2013,North America,Black,Petrol,Automatic,1.7,118170,40993,8145,High
12/31/2023,M5,2023,Africa,Blue,Hybrid,Automatic,2.2,172237,129655,1696,Low
12/31/2022,X3,2022,North America,Blue,Hybrid,Manual,1.8,59939,94922,9050,High
12/31/2019,3 Series,2019,Middle East,Silver,Hybrid,Manual,3.3,77242,90400,8001,High
12/31/2018,3 Series,2018,Asia,Blue,Diesel,Automatic,3.7,190814,58105,10533,High
12/31/2016,X6,2016,Asia,White,Hybrid,Manual,2.8,12717,112173,3779,Low
12/31/2014,X5,2014,Asia,Blue,Petrol,Automatic,3.4,83741,81172,5193,High
12/31/2011,i8,2011,Africa,Black,Petrol,Manual,1.8,87249,100471,50,Low
12/31/2018,3 Series,2018,South America,Blue,Diesel,Automatic,4.2,172304,63699,6321,High
12/31/2023,M3,2023,North America,White,Electric,Automatic,1.6,24016,126860,3236,Low
12/31/2016,X6,2016,South America,Blue,Petrol,Automatic,3.7,128113,86204,2215,Low
12/31/2018,3 Series,2018,Europe,Black,Electric,Manual,3,56100,90257,8809,High
12/31/2020,X1,2020,South America,Silver,Electric,Automatic,2.1,32250,93726,5153,High
12/31/2018,M3,2018,Asia,White,Petrol,Manual,3.3,82523,96809,2566,Low
12/31/2019,X5,2019,Asia,Blue,Diesel,Automatic,4.2,183693,85220,6982,High
12/31/2014,3 Series,2014,Asia,Silver,Electric,Manual,2.9,4643,81011,10465,High
12/31/2016,5 Series,2016,Middle East,Black,Petrol,Manual,2.8,172194,62483,5120,High
12/31/2014,i3,2014,Asia,Grey,Diesel,Manual,2,30265,55695,4922,Low
12/31/2024,5 Series,2024,Asia,Black,Petrol,Automatic,3.6,138161,106813,6960,High
12/31/2012,i8,2012,North America,White,Electric,Manual,4.4,92093,140575,50,Low
12/31/2019,3 Series,2019,South America,Black,Petrol,Manual,3.5,127549,70536,6506,High
12/31/2017,i3,2017,Middle East,Red,Diesel,Manual,2.1,43557,66489,3256,Low
12/31/2017,i8,2017,Africa,Blue,Electric,Manual,3.8,47730,163822,50,Low
12/31/2018,M5,2018,Asia,Grey,Hybrid,Manual,1.6,135892,113020,2291,Low
12/31/2020,X1,2020,Asia,Red,Hybrid,Manual,4.4,167948,75338,8792,High
12/31/2023,i8,2023,South America,Black,Diesel,Automatic,4.7,134382,157215,93,Low
12/31/2021,X5,2021,North America,Grey,Petrol,Automatic,3.6,70510,115023,5957,High
12/31/2015,3 Series,2015,North America,White,Petrol,Manual,4.6,88041,73145,10093,High
12/31/2011,X1,2011,Africa,Silver,Hybrid,Automatic,1.8,3606,52777,3779,Low
12/31/2012,i3,2012,Asia,Red,Petrol,Manual,2.3,170528,26584,4789,Low
12/31/2022,M5,2022,Asia,Silver,Hybrid,Automatic,2.6,137013,134844,2873,Low
12/31/2020,i8,2020,South America,Black,Petrol,Manual,4.2,33364,166656,50,Low
12/31/2021,X6,2021,South America,White,Diesel,Automatic,3.2,40259,114679,2291,Low
12/31/2019,M5,2019,North America,Black,Electric,Automatic,2.7,42044,142759,1882,Low
12/31/2020,i8,2020,Europe,Silver,Electric,Manual,2.1,84450,158274,410,Low
12/31/2024,M5,2024,North America,White,Diesel,Automatic,4.3,96361,146681,1890,Low
12/31/2015,M3,2015,North America,Black,Electric,Manual,1.6,73523,84466,2562,Low
12/31/2010,i8,2010,Africa,Red,Hybrid,Manual,2.7,139722,93693,50,Low
12/31/2023,3 Series,2023,Middle East,Red,Petrol,Automatic,2.3,96176,86560,6913,High
12/31/2011,X3,2011,Middle East,Silver,Hybrid,Automatic,2,31908,65714,5345,High
12/31/2017,X3,2017,North America,White,Petrol,Manual,2.1,138389,53502,9341,High
12/31/2020,3 Series,2020,Asia,Silver,Hybrid,Manual,3.2,35369,99599,10371,High
12/31/2017,X6,2017,South America,White,Hybrid,Manual,3,152633,88610,312,Low
12/31/2015,X3,2015,Asia,Red,Hybrid,Automatic,3.3,189235,59037,9091,High
12/31/2012,7 Series,2012,Asia,Black,Electric,Automatic,4,142384,97587,756,Low
12/31/2023,M3,2023,Europe,Black,Hybrid,Manual,4.6,81804,131064,3641,Low
12/31/2011,i3,2011,Africa,Red,Hybrid,Automatic,1.9,24765,53382,1926,Low
12/31/2022,M3,2022,Europe,Black,Petrol,Automatic,1.8,136739,96970,3715,Low
12/31/2015,M5,2015,South America,White,Hybrid,Automatic,2.6,199603,89540,185,Low
12/31/2010,M5,2010,Africa,Silver,Diesel,Automatic,3.4,166696,68979,85,Low
12/31/2023,X3,2023,Middle East,Grey,Hybrid,Manual,1.8,70820,102148,6458,High
12/31/2019,M5,2019,Europe,White,Petrol,Automatic,4,101266,126073,1586,Low
12/31/2015,M3,2015,South America,Silver,Petrol,Manual,3.4,112359,73598,1488,Low
12/31/2018,M5,2018,South America,Grey,Petrol,Manual,4.1,5609,138117,470,Low
12/31/2016,X3,2016,South America,Silver,Diesel,Automatic,2.8,29625,74839,4687,Low
12/31/2018,X6,2018,Europe,Grey,Electric,Manual,2.9,152599,96973,3842,Low
12/31/2011,X5,2011,Europe,Silver,Electric,Automatic,4.3,139582,72522,5271,High
12/31/2020,X1,2020,North America,Blue,Electric,Automatic,2.4,135734,77490,7792,High
12/31/2023,5 Series,2023,Middle East,Grey,Hybrid,Automatic,2.8,193667,98818,5435,High
12/31/2014,5 Series,2014,Europe,Black,Diesel,Automatic,1.5,109592,50557,5755,High
12/31/2018,i3,2018,Asia,Silver,Diesel,Manual,3.4,19260,82204,4614,Low
12/31/2016,i3,2016,Africa,Blue,Diesel,Manual,4.5,179230,50566,2749,Low
12/31/2018,X5,2018,South America,Blue,Hybrid,Automatic,1.6,170388,74511,4725,Low
12/31/2023,3 Series,2023,North America,Black,Hybrid,Manual,3.6,80477,102502,9624,High
12/31/2020,X5,2020,South America,Silver,Hybrid,Manual,4.5,65540,115615,4271,Low
12/31/2015,7 Series,2015,Africa,Black,Diesel,Manual,3.2,93507,93163,270,Low
12/31/2024,X3,2024,North America,Black,Hybrid,Manual,2.6,104927,106311,8970,High
12/31/2016,i3,2016,North America,Silver,Electric,Manual,5,139663,79572,4555,Low
12/31/2019,X5,2019,Africa,Blue,Petrol,Automatic,1.7,199307,59946,4037,Low
12/31/2014,X5,2014,North America,Black,Electric,Manual,2.2,5312,49647,6581,High
12/31/2015,5 Series,2015,North America,Black,Petrol,Automatic,4.6,118904,82298,6024,High
12/31/2010,M5,2010,South America,White,Petrol,Automatic,2.5,190919,65195,348,Low
12/31/2010,M3,2010,North America,Red,Petrol,Automatic,4.4,49377,75234,1735,Low
12/31/2011,M3,2011,North America,Red,Diesel,Manual,2.7,52332,66822,2177,Low
12/31/2020,3 Series,2020,North America,Silver,Petrol,Automatic,4.3,191640,74812,10778,High
12/31/2023,5 Series,2023,North America,Silver,Electric,Automatic,3.9,37037,142670,7300,High
12/31/2013,X6,2013,South America,Grey,Hybrid,Manual,3.1,1775,41593,2327,Low
12/31/2020,7 Series,2020,Europe,Red,Electric,Manual,3.3,131999,125156,2007,Low
12/31/2018,i3,2018,South America,Black,Petrol,Automatic,2.1,136636,58431,3200,Low
12/31/2016,i8,2016,Asia,Grey,Petrol,Automatic,1.9,82332,129766,50,Low
12/31/2015,M5,2015,North America,Grey,Petrol,Automatic,4,80247,118459,1148,Low
12/31/2024,5 Series,2024,Asia,Black,Petrol,Automatic,4.5,183890,105892,8825,High
12/31/2010,X5,2010,North America,Black,Electric,Manual,4,68932,79810,5342,High
12/31/2014,i3,2014,Africa,Red,Electric,Automatic,4.7,95702,80975,1866,Low
12/31/2020,M5,2020,Asia,White,Electric,Automatic,4.6,32255,165979,1990,Low
12/31/2021,M3,2021,South America,Blue,Hybrid,Manual,4.2,19444,135041,2044,Low
12/31/2022,5 Series,2022,North America,White,Diesel,Automatic,4.6,151245,99236,6665,High
12/31/2013,3 Series,2013,North America,Red,Hybrid,Manual,2.1,186330,48156,9736,High
12/31/2014,X5,2014,South America,Silver,Diesel,Manual,4.1,124287,66352,3468,Low
12/31/2020,5 Series,2020,South America,Grey,Electric,Manual,4.1,31830,118349,4354,Low
12/31/2018,3 Series,2018,South America,Grey,Diesel,Manual,2,56683,65463,5687,High
12/31/2021,M3,2021,Asia,Grey,Electric,Manual,4.7,156057,117505,3539,Low
12/31/2012,7 Series,2012,Africa,Blue,Hybrid,Automatic,1.5,89926,83517,50,Low
12/31/2013,i3,2013,Asia,Grey,Diesel,Automatic,3,153876,38598,4564,Low
12/31/2017,X6,2017,Asia,Black,Hybrid,Manual,1.6,185552,74122,4074,Low
12/31/2012,i8,2012,Asia,Silver,Petrol,Manual,3.3,147582,103603,50,Low
12/31/2022,7 Series,2022,South America,Black,Electric,Automatic,2.9,120574,136489,1199,Low
12/31/2012,7 Series,2012,Middle East,Black,Hybrid,Manual,3.7,115836,97339,50,Low
12/31/2022,X3,2022,South America,Grey,Diesel,Automatic,4.2,145770,85013,5348,High
12/31/2018,i3,2018,North America,White,Diesel,Automatic,4.2,170487,68370,4665,Low
12/31/2014,5 Series,2014,Europe,Blue,Diesel,Automatic,4,52590,81612,6192,High
12/31/2019,X6,2019,Europe,Black,Petrol,Manual,1.9,61763,93895,4547,Low
12/31/2010,M5,2010,Middle East,Black,Electric,Manual,3,82775,109223,50,Low
12/31/2016,i8,2016,North America,Blue,Hybrid,Manual,4.4,51038,166515,50,Low
12/31/2016,X5,2016,Asia,Red,Diesel,Manual,3.8,177931,64742,5939,High
12/31/2024,3 Series,2024,Africa,Silver,Petrol,Automatic,3.9,86123,107064,6316,High
12/31/2015,X1,2015,North America,Blue,Petrol,Automatic,2.3,136839,42881,8140,High
12/31/2015,M5,2015,Middle East,Grey,Hybrid,Automatic,2.6,13328,127557,347,Low
12/31/2012,X1,2012,Africa,Grey,Electric,Manual,4.8,63997,70385,3540,Low
12/31/2012,X3,2012,Europe,Silver,Hybrid,Manual,4.5,83198,68809,7371,High
12/31/2019,i3,2019,North America,Grey,Electric,Manual,2.1,11248,102500,5657,High
12/31/2020,M5,2020,Asia,Black,Electric,Automatic,3.4,80170,146541,1822,Low
12/31/2018,i8,2018,Asia,White,Electric,Manual,3.2,124432,147814,383,Low
12/31/2010,X5,2010,Asia,White,Hybrid,Automatic,3.1,26105,37998,6597,High
12/31/2016,5 Series,2016,Asia,White,Diesel,Automatic,3.1,105103,114057,6661,High
12/31/2022,X1,2022,Europe,Black,Hybrid,Automatic,3.8,24626,106187,8967,High
12/31/2021,X5,2021,Middle East,Red,Electric,Manual,4.9,129826,121325,4069,Low
12/31/2020,3 Series,2020,South America,Black,Electric,Automatic,4.6,62515,113003,6101,High
12/31/2019,X3,2019,North America,Red,Diesel,Automatic,4.6,189260,71598,9541,High
12/31/2016,i8,2016,Middle East,White,Petrol,Automatic,4,99186,150035,50,Low
12/31/2017,X5,2017,Africa,Blue,Petrol,Manual,1.6,125021,66997,2808,Low
12/31/2015,M3,2015,North America,Grey,Petrol,Automatic,3,70850,85096,2527,Low
12/31/2017,X5,2017,South America,Black,Petrol,Manual,3.3,76740,87905,3449,Low
12/31/2010,X5,2010,Asia,Black,Hybrid,Automatic,4.4,137079,68871,5060,High
12/31/2010,3 Series,2010,South America,Red,Petrol,Automatic,4.7,35724,61968,4197,Low
12/31/2018,X6,2018,Asia,Red,Diesel,Automatic,3.1,197622,76723,4378,Low
12/31/2021,i8,2021,Europe,White,Hybrid,Automatic,2.6,41740,172859,394,Low
12/31/2013,M5,2013,North America,White,Electric,Manual,2.7,82075,119027,897,Low
12/31/2012,X5,2012,Asia,Grey,Hybrid,Automatic,3.5,28792,86595,4857,Low
12/31/2015,7 Series,2015,Europe,Black,Diesel,Automatic,2.5,61742,100314,824,Low
12/31/2019,X1,2019,Africa,Red,Hybrid,Automatic,4.7,71083,93468,4365,Low
12/31/2021,3 Series,2021,Africa,Grey,Petrol,Automatic,3,197054,65187,4963,Low
12/31/2022,i3,2022,Europe,Grey,Electric,Automatic,5,21956,133642,5550,High
12/31/2021,X3,2021,South America,Blue,Petrol,Manual,1.9,105875,75745,5918,High
12/31/2018,3 Series,2018,North America,Blue,Diesel,Manual,2.2,118107,56925,8533,High
12/31/2019,M5,2019,Europe,White,Diesel,Automatic,3.3,145699,56970,2585,Low
12/31/2020,i3,2020,South America,Red,Electric,Manual,4.5,107900,97651,4100,Low
12/31/2013,X5,2013,North America,Red,Electric,Manual,2.7,79983,83326,4553,Low
12/31/2018,M3,2018,Africa,White,Petrol,Manual,4.4,78972,101865,1249,Low
12/31/2024,i3,2024,South America,White,Hybrid,Automatic,3,108797,97841,4659,Low
12/31/2014,X6,2014,Africa,Blue,Diesel,Manual,4.5,50872,92377,1288,Low
12/31/2022,i8,2022,Middle East,Silver,Electric,Automatic,2.5,139094,169769,365,Low
12/31/2016,3 Series,2016,North America,Silver,Electric,Automatic,3.2,133761,73752,9983,High
12/31/2012,M5,2012,Asia,Red,Petrol,Manual,2.5,145511,84766,1258,Low
12/31/2012,i3,2012,South America,White,Hybrid,Automatic,2.3,151582,40007,2629,Low
12/31/2021,X5,2021,South America,Red,Electric,Automatic,3,113583,115117,3955,Low
12/31/2012,X3,2012,North America,White,Petrol,Automatic,2.7,72174,52984,8551,High
12/31/2017,7 Series,2017,South America,Red,Petrol,Manual,4.3,177231,97774,659,Low
12/31/2023,X6,2023,Asia,White,Petrol,Manual,4.1,133144,120952,4422,Low
12/31/2015,3 Series,2015,Africa,Blue,Hybrid,Manual,2.8,85026,65520,981,Low
12/31/2018,X1,2018,South America,Silver,Diesel,Automatic,5,42709,88685,4508,Low
12/31/2018,X6,2018,Asia,White,Diesel,Automatic,4.9,77601,115597,4419,Low
12/31/2017,X3,2017,North America,Black,Petrol,Manual,4.7,51372,88850,7714,High
12/31/2010,7 Series,2010,Asia,White,Electric,Automatic,3.6,82454,105275,264,Low
12/31/2015,M3,2015,North America,Silver,Diesel,Manual,2.9,44905,88251,2330,Low
12/31/2013,X3,2013,South America,White,Electric,Automatic,2.6,151113,55168,4940,Low
12/31/2013,5 Series,2013,Asia,Grey,Diesel,Automatic,1.6,17167,66564,7279,High
12/31/2012,X1,2012,South America,Red,Petrol,Automatic,3.7,104451,43599,4198,Low
12/31/2021,X1,2021,Middle East,Grey,Diesel,Manual,3.4,177845,66357,5459,High
12/31/2018,7 Series,2018,South America,Blue,Diesel,Manual,3.7,131469,99139,853,Low
12/31/2011,5 Series,2011,Asia,Red,Diesel,Automatic,3.5,110415,56680,6629,High
12/31/2010,5 Series,2010,South America,Black,Hybrid,Manual,2,27758,61434,3100,Low
12/31/2023,M5,2023,Europe,Blue,Electric,Automatic,3.9,176505,154204,2487,Low
12/31/2024,X6,2024,Europe,White,Hybrid,Automatic,2.8,100994,132394,4203,Low
12/31/2019,3 Series,2019,Asia,Blue,Diesel,Automatic,3.3,190761,59950,9815,High
12/31/2012,5 Series,2012,Europe,Silver,Diesel,Manual,2.8,138221,43605,6943,High
12/31/2022,X5,2022,South America,Silver,Hybrid,Automatic,1.6,144578,98109,4445,Low
12/31/2024,X3,2024,Middle East,Grey,Electric,Automatic,4.6,169649,121354,914,Low
12/31/2013,X5,2013,Asia,Grey,Petrol,Automatic,2,91318,64598,5453,High
12/31/2013,3 Series,2013,Middle East,Silver,Diesel,Manual,3.5,198355,32082,5758,High
12/31/2015,i3,2015,Asia,Grey,Hybrid,Automatic,4.6,141876,105450,4607,Low
12/31/2010,5 Series,2010,Europe,Silver,Diesel,Manual,2.3,61849,48406,5121,High
12/31/2010,X1,2010,Europe,Black,Electric,Automatic,2.9,167954,31482,6155,High
12/31/2011,i3,2011,Asia,White,Petrol,Automatic,2.8,151924,30550,4490,Low
12/31/2013,X1,2013,Europe,Black,Petrol,Automatic,1.8,73662,40254,8170,High
12/31/2016,M5,2016,North America,White,Hybrid,Manual,3,106356,117487,1264,Low
12/31/2015,X1,2015,Asia,Blue,Electric,Automatic,3.2,126833,93142,7917,High
12/31/2024,X6,2024,North America,Grey,Hybrid,Automatic,1.6,41070,135372,4543,Low
12/31/2020,i3,2020,Europe,Grey,Electric,Manual,3.2,17249,107832,5980,High
12/31/2018,M3,2018,Europe,Silver,Diesel,Manual,1.8,133423,69407,2688,Low
12/31/2016,5 Series,2016,South America,Red,Hybrid,Manual,4.6,122164,86895,3698,Low
12/31/2021,X1,2021,North America,Red,Petrol,Manual,3.8,42679,93538,8070,High
12/31/2014,M3,2014,Asia,Blue,Petrol,Automatic,1.7,103935,62792,2937,Low
12/31/2015,M3,2015,North America,Silver,Diesel,Manual,4.4,170416,75753,2881,Low
12/31/2019,M3,2019,South America,Black,Hybrid,Automatic,2.8,32205,117076,1809,Low
12/31/2018,X3,2018,Middle East,Blue,Diesel,Automatic,2.3,153589,62976,6063,High
12/31/2010,X3,2010,North America,Grey,Diesel,Manual,2.4,81037,36259,9002,High
12/31/2020,X6,2020,Middle East,White,Hybrid,Manual,3.6,171890,100625,3844,Low
12/31/2018,M5,2018,Middle East,Red,Petrol,Manual,1.8,196764,96157,1085,Low
12/31/2015,M3,2015,North America,Black,Petrol,Automatic,1.7,79226,72331,2760,Low
12/31/2021,5 Series,2021,North America,Black,Electric,Manual,3.7,142240,110891,6948,High
12/31/2013,7 Series,2013,North America,White,Petrol,Manual,4.9,180698,93267,753,Low
12/31/2021,M5,2021,Europe,White,Hybrid,Manual,3.2,189914,119356,2667,Low
12/31/2014,5 Series,2014,North America,Red,Diesel,Automatic,2.9,73444,70823,6615,High
12/31/2022,X1,2022,North America,White,Hybrid,Automatic,4.8,109796,100400,9232,High
12/31/2010,i3,2010,South America,Silver,Hybrid,Automatic,2.3,79437,42798,2639,Low
12/31/2016,7 Series,2016,Asia,Blue,Hybrid,Automatic,2.3,44162,122051,1044,Low
12/31/2022,3 Series,2022,Asia,White,Electric,Automatic,4.7,151225,107079,9427,High
12/31/2024,X3,2024,Europe,Silver,Petrol,Automatic,3.8,156564,91628,9736,High
12/31/2024,3 Series,2024,Asia,Silver,Hybrid,Manual,1.7,47917,99968,10211,High
12/31/2022,X5,2022,North America,White,Diesel,Automatic,3.9,183293,91398,6661,High
12/31/2017,M3,2017,Asia,Blue,Petrol,Manual,4.4,198244,76642,2679,Low
12/31/2020,M3,2020,Middle East,Red,Diesel,Manual,2.5,50599,107790,1903,Low
12/31/2014,X6,2014,Asia,Grey,Diesel,Manual,2.8,84549,75700,3774,Low
12/31/2011,3 Series,2011,Africa,White,Hybrid,Automatic,2.2,7617,60256,4163,Low
12/31/2017,3 Series,2017,Asia,Red,Diesel,Manual,3.7,118840,66551,9124,High
12/31/2019,i3,2019,South America,White,Diesel,Automatic,3.8,196606,60935,3939,Low
12/31/2016,5 Series,2016,Europe,Grey,Diesel,Automatic,1.7,182917,46828,7664,High
12/31/2019,M5,2019,South America,Blue,Electric,Automatic,3.9,53622,149342,770,Low
12/31/2018,7 Series,2018,Africa,Grey,Hybrid,Automatic,3.8,140986,112808,846,Low
12/31/2013,7 Series,2013,Europe,Red,Electric,Manual,1.6,151334,82355,969,Low
12/31/2020,X3,2020,Asia,Black,Electric,Manual,3.4,153034,142592,8784,High
12/31/2018,3 Series,2018,Africa,Silver,Diesel,Automatic,3.6,126077,68560,5337,High
12/31/2013,i8,2013,Asia,Black,Petrol,Automatic,3,181828,110097,50,Low
12/31/2012,i8,2012,Europe,Red,Petrol,Manual,4.7,101705,120695,50,Low
12/31/2024,X3,2024,Asia,Silver,Petrol,Manual,2.6,66099,101155,10102,High
12/31/2020,5 Series,2020,Africa,Grey,Electric,Automatic,1.7,76837,102877,4598,Low
12/31/2012,X6,2012,Europe,Blue,Hybrid,Automatic,3.9,151110,80553,3501,Low
12/31/2019,7 Series,2019,Africa,White,Hybrid,Automatic,3.6,130531,117843,1006,Low
12/31/2011,M5,2011,South America,Grey,Diesel,Automatic,5,100718,97384,50,Low
12/31/2019,M5,2019,Africa,Black,Hybrid,Automatic,2.3,63441,130556,986,Low
12/31/2012,i8,2012,South America,Red,Petrol,Manual,2.9,91721,113862,50,Low
12/31/2023,7 Series,2023,Asia,Red,Petrol,Automatic,3.1,16568,156583,1353,Low
12/31/2017,X5,2017,Africa,Silver,Electric,Automatic,4.5,7971,118459,2623,Low
12/31/2020,X3,2020,North America,Black,Diesel,Manual,3,7134,100139,9778,High
12/31/2017,X6,2017,Middle East,White,Petrol,Manual,4.2,3377,112586,2550,Low
12/31/2011,X6,2011,Europe,Silver,Electric,Automatic,2,157511,62850,3154,Low
12/31/2020,X1,2020,Africa,White,Diesel,Automatic,2.9,8487,88355,4065,Low
12/31/2011,X6,2011,Middle East,Blue,Electric,Manual,2,105417,72112,2125,Low
12/31/2011,X1,2011,North America,Silver,Diesel,Manual,4.8,86055,47654,6087,High
12/31/2019,3 Series,2019,Africa,Red,Hybrid,Manual,2.1,121650,69187,6465,High
12/31/2016,X6,2016,North America,Blue,Petrol,Automatic,3,62683,95884,3429,Low
12/31/2024,3 Series,2024,Africa,Red,Hybrid,Manual,1.8,103001,95275,15000,High
12/31/2015,i3,2015,South America,Black,Electric,Manual,4.7,15379,100026,2197,Low
12/31/2021,3 Series,2021,Asia,Blue,Electric,Manual,3.7,39894,111085,9887,High
12/31/2020,i8,2020,South America,White,Diesel,Automatic,4.9,20731,175133,50,Low
12/31/2010,X1,2010,South America,Red,Diesel,Manual,1.6,3664,33002,4478,Low
12/31/2011,X6,2011,Asia,Grey,Diesel,Manual,2.1,96660,54685,3472,Low
12/31/2023,3 Series,2023,Middle East,Black,Hybrid,Manual,2.8,10278,118563,6307,High
12/31/2010,5 Series,2010,South America,Red,Diesel,Automatic,3.7,198750,33079,3817,Low
12/31/2024,X6,2024,South America,Blue,Electric,Manual,2.7,32583,142128,3517,Low
12/31/2021,M5,2021,Africa,Silver,Petrol,Automatic,4,37170,150334,469,Low
12/31/2020,7 Series,2020,South America,Grey,Diesel,Manual,2.1,153108,92052,1059,Low
12/31/2016,5 Series,2016,South America,Grey,Petrol,Automatic,3.6,29683,88635,3760,Low
12/31/2015,5 Series,2015,Middle East,Silver,Hybrid,Automatic,2.9,84025,83566,3799,Low
12/31/2011,i8,2011,Africa,Blue,Hybrid,Automatic,3.3,147377,111282,50,Low
12/31/2011,5 Series,2011,Asia,White,Diesel,Automatic,3.5,143382,46872,6286,High
12/31/2011,X6,2011,North America,Blue,Petrol,Automatic,1.7,112460,56052,4011,Low
12/31/2017,i3,2017,Asia,Grey,Diesel,Manual,4.7,71286,76523,5124,High
12/31/2023,3 Series,2023,Middle East,White,Diesel,Automatic,4.3,23849,117793,7230,High
12/31/2016,5 Series,2016,North America,Grey,Petrol,Manual,3,41257,83842,6008,High
12/31/2010,i3,2010,North America,Black,Petrol,Automatic,3.4,73114,45103,4333,Low
12/31/2013,5 Series,2013,Middle East,Blue,Electric,Automatic,1.6,63635,74180,937,Low
12/31/2020,3 Series,2020,Europe,Grey,Diesel,Automatic,3.2,41661,89286,8296,High
12/31/2013,7 Series,2013,Middle East,Silver,Hybrid,Manual,3,183465,84762,431,Low
12/31/2016,7 Series,2016,Africa,White,Hybrid,Manual,2.8,162174,89703,396,Low
12/31/2011,X1,2011,Middle East,Blue,Hybrid,Manual,4.4,92714,56056,4346,Low
12/31/2013,5 Series,2013,North America,Grey,Electric,Manual,2.1,139824,63265,6169,High
12/31/2010,7 Series,2010,North America,Black,Petrol,Automatic,2.1,139214,65086,741,Low
12/31/2022,M5,2022,South America,Silver,Petrol,Manual,3.3,54618,141857,1106,Low
12/31/2024,7 Series,2024,North America,White,Hybrid,Manual,3.9,50827,160511,1986,Low
12/31/2022,7 Series,2022,South America,White,Petrol,Manual,1.6,197877,97340,1471,Low
12/31/2020,3 Series,2020,Middle East,Silver,Petrol,Automatic,3.4,2087,101109,7470,High
12/31/2020,7 Series,2020,Middle East,Red,Petrol,Automatic,2.5,136059,111251,1170,Low
12/31/2013,X3,2013,Africa,Red,Hybrid,Automatic,4.1,16891,88039,3985,Low
12/31/2020,i8,2020,Middle East,Black,Diesel,Automatic,3.1,15811,165310,50,Low
12/31/2024,7 Series,2024,North America,Grey,Electric,Automatic,4.4,159273,150107,2308,Low
12/31/2023,7 Series,2023,Europe,Red,Petrol,Manual,2.9,80619,137253,1376,Low
12/31/2010,5 Series,2010,North America,White,Diesel,Manual,4.4,84188,60616,5879,High
12/31/2011,M5,2011,Europe,Silver,Diesel,Manual,4,103819,87619,975,Low
12/31/2011,M3,2011,Asia,Blue,Diesel,Automatic,4.4,93040,68802,2297,Low
12/31/2021,7 Series,2021,Africa,White,Diesel,Manual,4.3,17685,138788,401,Low
12/31/2019,M5,2019,Africa,White,Diesel,Automatic,3.2,161880,104741,889,Low
12/31/2021,M3,2021,South America,Blue,Hybrid,Automatic,2.8,103793,113766,2223,Low
12/31/2012,X3,2012,North America,Blue,Hybrid,Manual,4.2,99911,67486,7813,High
12/31/2017,X3,2017,North America,White,Hybrid,Automatic,2.8,43399,93800,15000,High
12/31/2020,X1,2020,Asia,Grey,Electric,Automatic,1.8,39513,93702,8899,High
12/31/2015,3 Series,2015,Middle East,Silver,Diesel,Manual,4.5,18491,80966,6751,High
12/31/2015,X3,2015,Europe,Grey,Diesel,Manual,2.9,180668,42624,9549,High
12/31/2018,i3,2018,South America,Red,Diesel,Automatic,2,148195,49242,3043,Low
12/31/2017,i8,2017,Africa,Black,Petrol,Automatic,3.8,115230,128639,50,Low
12/31/2011,X5,2011,Middle East,Black,Diesel,Automatic,4.6,119246,65978,3082,Low
12/31/2024,i8,2024,Asia,Grey,Hybrid,Manual,4.5,96401,191403,589,Low
12/31/2015,M3,2015,South America,Grey,Diesel,Manual,3.4,159472,64340,1722,Low
12/31/2010,X5,2010,South America,Black,Diesel,Manual,1.8,38197,52017,3179,Low
12/31/2022,M3,2022,South America,Black,Diesel,Manual,3.9,115879,104265,2028,Low
12/31/2023,X1,2023,North America,Black,Petrol,Manual,3.6,21426,100719,9123,High
12/31/2018,X3,2018,North America,Black,Diesel,Manual,2.2,82121,98092,8990,High
12/31/2013,X1,2013,Asia,White,Petrol,Manual,4.7,157127,45075,7845,High
12/31/2013,X6,2013,South America,Grey,Diesel,Manual,1.8,167512,44830,2369,Low
12/31/2018,i8,2018,Africa,Silver,Hybrid,Manual,2.8,55777,148986,50,Low
12/31/2012,X5,2012,North America,Blue,Petrol,Automatic,1.8,143011,47257,5334,High
12/31/2014,X6,2014,North America,Silver,Electric,Manual,4.7,45061,117469,3209,Low
12/31/2010,X6,2010,North America,Red,Hybrid,Manual,1.6,173590,47062,4117,Low
12/31/2015,i8,2015,South America,White,Diesel,Automatic,3,39983,132834,50,Low
12/31/2012,3 Series,2012,Africa,Red,Diesel,Automatic,4.5,21590,65210,3837,Low
12/31/2010,X1,2010,Asia,Grey,Hybrid,Automatic,2.4,32182,50798,7948,High
12/31/2019,X1,2019,Asia,Grey,Hybrid,Manual,1.9,189270,50635,10024,High
12/31/2015,M3,2015,Africa,Grey,Electric,Manual,1.9,178541,62568,1495,Low
12/31/2023,X3,2023,Middle East,Black,Electric,Automatic,2.9,18774,130468,5550,High
12/31/2021,X3,2021,Europe,White,Hybrid,Automatic,3,840,110882,8564,High
12/31/2019,i8,2019,Europe,White,Electric,Automatic,4,95461,171066,149,Low
12/31/2011,3 Series,2011,Europe,Grey,Electric,Automatic,2.3,168356,37597,10028,High
12/31/2017,7 Series,2017,North America,Grey,Hybrid,Automatic,4,99492,181095,123,Low
12/31/2023,X6,2023,Asia,Blue,Electric,Manual,5,87965,143666,4402,Low
12/31/2022,M3,2022,Africa,Red,Electric,Automatic,4.5,173809,111581,2172,Low
12/31/2024,M5,2024,South America,White,Hybrid,Manual,3.7,79676,149967,1690,Low
12/31/2020,M3,2020,Middle East,Silver,Hybrid,Manual,4.8,74031,127883,2014,Low
12/31/2021,X6,2021,North America,Blue,Electric,Manual,5,173030,122996,4992,Low
12/31/2011,5 Series,2011,North America,White,Electric,Manual,3.5,177578,59295,6841,High
12/31/2013,7 Series,2013,South America,Blue,Electric,Manual,2.5,148559,85872,182,Low
12/31/2023,5 Series,2023,Middle East,Grey,Diesel,Automatic,4.7,91155,120136,5219,High
12/31/2012,i8,2012,Asia,Grey,Petrol,Manual,4.5,161322,108229,50,Low
12/31/2018,X5,2018,Asia,Blue,Electric,Automatic,1.8,90185,100967,6255,High
12/31/2011,i8,2011,Africa,Black,Electric,Automatic,4.8,81138,129438,50,Low
12/31/2012,X6,2012,South America,Black,Petrol,Manual,2.8,120603,62233,1986,Low
12/31/2016,7 Series,2016,South America,Black,Petrol,Automatic,2.6,103788,92648,616,Low
12/31/2013,7 Series,2013,Asia,Red,Hybrid,Automatic,2.7,188003,86761,1116,Low
12/31/2015,M3,2015,Europe,White,Hybrid,Manual,2.6,131079,78995,2178,Low
12/31/2012,X3,2012,South America,Black,Electric,Manual,3.3,152678,25000,5942,High
12/31/2010,7 Series,2010,South America,Silver,Petrol,Automatic,3.5,168791,63231,101,Low
12/31/2020,i3,2020,Europe,Red,Electric,Automatic,3,179520,80640,5090,High
12/31/2015,i8,2015,Europe,White,Electric,Automatic,2.9,170384,128693,50,Low
12/31/2013,X6,2013,Africa,White,Electric,Manual,4.1,155451,81883,167,Low
12/31/2011,i8,2011,North America,Red,Petrol,Automatic,1.5,142988,92358,50,Low
12/31/2016,M5,2016,Europe,Blue,Hybrid,Automatic,4.8,181644,114005,1386,Low
12/31/2024,X3,2024,Middle East,Red,Petrol,Automatic,4,83176,117078,6719,High
12/31/2019,i3,2019,Middle East,Blue,Hybrid,Automatic,4,19358,109405,3150,Low
12/31/2022,X3,2022,Asia,White,Electric,Automatic,3,50958,116328,8791,High
12/31/2021,X6,2021,North America,White,Petrol,Manual,4.9,92494,127426,4080,Low
12/31/2024,i3,2024,North America,Red,Diesel,Automatic,1.5,196654,69108,6297,High
12/31/2022,i3,2022,North America,White,Hybrid,Manual,1.8,37373,95743,6796,High
12/31/2014,X1,2014,North America,Grey,Hybrid,Manual,4.3,52259,70226,7075,High
12/31/2015,i8,2015,Africa,White,Diesel,Manual,4.1,84831,126882,50,Low
12/31/2015,M3,2015,North America,Black,Hybrid,Automatic,2.4,196364,69232,3097,Low
12/31/2023,i8,2023,Asia,Grey,Diesel,Automatic,3.6,66814,172037,292,Low
12/31/2018,7 Series,2018,Asia,Silver,Diesel,Manual,3.4,68376,118179,1243,Low
12/31/2021,i3,2021,North America,Grey,Diesel,Automatic,3.3,50261,92080,6043,High
12/31/2011,7 Series,2011,South America,White,Electric,Manual,3.6,108456,96234,50,Low
12/31/2021,i3,2021,Africa,White,Petrol,Manual,5,39795,100684,2627,Low
12/31/2015,7 Series,2015,Africa,Silver,Diesel,Manual,5,42664,119531,50,Low
12/31/2018,X3,2018,Europe,Grey,Electric,Manual,4.9,37443,106979,8270,High
12/31/2021,X3,2021,Middle East,Silver,Hybrid,Manual,3.4,100305,99659,6487,High
12/31/2013,i3,2013,Asia,Black,Diesel,Automatic,2.6,195381,28163,4575,Low
12/31/2022,X3,2022,Middle East,Red,Diesel,Automatic,3.5,49319,103962,6571,High
12/31/2021,M3,2021,Middle East,White,Petrol,Manual,3.7,3476,130942,1720,Low
12/31/2022,X3,2022,Europe,Silver,Diesel,Manual,2.6,29022,95870,8311,High
12/31/2022,X6,2022,North America,Silver,Petrol,Automatic,3.7,124769,113687,5151,High
12/31/2020,X1,2020,Africa,Black,Hybrid,Manual,3.7,76633,89553,4787,Low
12/31/2015,M5,2015,South America,White,Hybrid,Manual,4.7,10584,140042,50,Low
12/31/2016,7 Series,2016,Africa,Grey,Electric,Automatic,2.3,2107,130276,50,Low
12/31/2010,X5,2010,North America,Red,Hybrid,Manual,3.9,14694,110229,4769,Low
12/31/2014,X6,2014,Asia,Red,Hybrid,Manual,3.1,19195,102537,3428,Low
12/31/2013,M3,2013,Europe,White,Hybrid,Manual,2,143323,62921,2225,Low
12/31/2022,X1,2022,South America,White,Petrol,Manual,2.6,27585,86136,5795,High
12/31/2022,X5,2022,Europe,Blue,Electric,Manual,1.7,139714,96288,6936,High
12/31/2022,M3,2022,Middle East,Red,Petrol,Manual,2.6,135836,94847,2463,Low
12/31/2019,5 Series,2019,South America,Black,Diesel,Manual,1.7,127899,63375,4502,Low
12/31/2024,M3,2024,Middle East,Silver,Electric,Manual,4.7,112571,143691,2651,Low
12/31/2024,5 Series,2024,South America,Black,Diesel,Manual,1.9,116325,92632,5248,High
12/31/2011,X5,2011,South America,Silver,Hybrid,Manual,4.4,31322,81820,2584,Low
12/31/2011,i3,2011,Asia,White,Diesel,Automatic,4.7,76550,53858,4297,Low
12/31/2011,i8,2011,Europe,Red,Electric,Manual,3.1,58772,128190,50,Low
12/31/2016,X3,2016,Middle East,Red,Diesel,Manual,1.7,153893,45447,6365,High
12/31/2020,X5,2020,Africa,Black,Petrol,Automatic,3.6,102605,96676,2891,Low
12/31/2022,3 Series,2022,North America,Grey,Electric,Automatic,2.3,12403,116345,9291,High
12/31/2020,X1,2020,Asia,White,Petrol,Manual,2.1,116779,60894,9727,High
12/31/2013,7 Series,2013,North America,Red,Diesel,Manual,3.5,107734,93545,826,Low
12/31/2024,i3,2024,Middle East,Grey,Petrol,Automatic,2.7,93747,97654,4115,Low
12/31/2015,5 Series,2015,North America,White,Petrol,Automatic,4.1,109154,78643,6963,High
12/31/2016,i3,2016,Africa,Grey,Diesel,Manual,3.6,81117,63637,2439,Low
12/31/2018,X5,2018,South America,White,Diesel,Automatic,4.4,193116,77901,3371,Low
12/31/2020,X6,2020,Europe,Grey,Diesel,Manual,1.7,78828,94561,3724,Low
12/31/2011,3 Series,2011,Europe,Silver,Electric,Automatic,2.3,94102,51125,7515,High
12/31/2019,X5,2019,Asia,Grey,Hybrid,Automatic,3.5,119876,108046,6628,High
12/31/2021,3 Series,2021,Middle East,Red,Petrol,Automatic,4.6,76925,104181,6068,High
12/31/2022,M5,2022,North America,Red,Hybrid,Automatic,4.3,7291,177469,1851,Low
12/31/2018,X6,2018,North America,Grey,Electric,Automatic,3.9,172042,100097,4977,Low
12/31/2020,M3,2020,North America,Grey,Petrol,Manual,3.5,137948,98582,2988,Low
12/31/2014,i8,2014,South America,White,Diesel,Manual,3.7,81700,188712,50,Low
12/31/2022,5 Series,2022,Africa,Silver,Petrol,Automatic,2.2,5703,103921,4090,Low
12/31/2015,7 Series,2015,Middle East,White,Hybrid,Manual,3.6,150897,145827,50,Low
12/31/2015,X6,2015,Middle East,Silver,Diesel,Automatic,3.2,85396,89856,2146,Low
12/31/2020,X3,2020,South America,Black,Diesel,Manual,2.8,20110,93383,6002,High
12/31/2012,3 Series,2012,Middle East,Silver,Petrol,Manual,4.6,110636,52253,6222,High
12/31/2020,X3,2020,Europe,Red,Electric,Automatic,4.4,79435,112350,9116,High
12/31/2020,7 Series,2020,North America,Red,Diesel,Automatic,1.8,138478,108431,1583,Low
12/31/2019,i3,2019,South America,Silver,Diesel,Automatic,5,142855,77350,3679,Low
12/31/2016,X5,2016,South America,White,Hybrid,Manual,2.3,94999,80478,3109,Low
12/31/2024,i8,2024,North America,White,Petrol,Automatic,2.3,175174,148187,663,Low
12/31/2022,5 Series,2022,Europe,Grey,Hybrid,Automatic,4.8,67352,133066,6420,High
12/31/2016,M3,2016,North America,Black,Hybrid,Automatic,3.1,118640,94165,2879,Low
12/31/2017,i8,2017,Middle East,Grey,Petrol,Manual,4.3,79076,150579,50,Low
12/31/2014,5 Series,2014,North America,Black,Diesel,Automatic,2.5,90029,64009,6024,High
12/31/2011,X1,2011,South America,Silver,Electric,Manual,4.6,167760,42909,3984,Low
12/31/2024,7 Series,2024,Asia,Blue,Hybrid,Automatic,4.4,106495,158576,1958,Low
12/31/2022,X6,2022,North America,Grey,Electric,Automatic,3.3,151902,124323,4433,Low
12/31/2012,M3,2012,Europe,Red,Hybrid,Manual,4,180350,66976,2110,Low
12/31/2018,i8,2018,North America,Silver,Diesel,Automatic,4.9,78070,158790,50,Low
12/31/2024,i8,2024,South America,Grey,Petrol,Manual,3.1,175210,142908,412,Low
12/31/2015,X1,2015,North America,Blue,Hybrid,Automatic,3.2,37297,72465,7342,High
12/31/2017,X5,2017,North America,Red,Electric,Automatic,4,178119,89582,5267,High
12/31/2017,i8,2017,North America,White,Petrol,Automatic,2.9,189743,123642,95,Low
12/31/2023,i8,2023,Middle East,Red,Diesel,Automatic,4.9,194441,152677,246,Low
12/31/2014,i3,2014,South America,Blue,Electric,Manual,1.6,21209,69369,2362,Low
12/31/2010,M3,2010,Asia,Black,Petrol,Automatic,2.9,190137,41727,2575,Low
12/31/2015,3 Series,2015,Asia,Silver,Hybrid,Automatic,4,87084,79259,9020,High
12/31/2016,i8,2016,Africa,Silver,Petrol,Manual,3,18705,144168,50,Low
12/31/2018,7 Series,2018,North America,Blue,Electric,Manual,2.4,128440,119502,1854,Low
12/31/2011,X1,2011,Africa,Blue,Hybrid,Manual,2.9,68290,46749,3805,Low
12/31/2021,i3,2021,Africa,Red,Petrol,Manual,4.6,75675,90378,2934,Low
12/31/2022,X6,2022,South America,Blue,Diesel,Automatic,3.4,27472,124652,2640,Low
12/31/2011,X5,2011,Europe,White,Electric,Manual,2.7,114850,66757,5545,High
12/31/2019,5 Series,2019,Middle East,Silver,Hybrid,Manual,3.9,69016,105524,5657,High
12/31/2010,7 Series,2010,South America,Black,Hybrid,Automatic,3.6,80705,96827,50,Low
12/31/2014,X3,2014,Middle East,Red,Diesel,Automatic,3.5,32098,76740,5110,High
12/31/2011,5 Series,2011,Middle East,Grey,Petrol,Automatic,2.9,53589,66650,3617,Low
12/31/2012,M5,2012,Middle East,Grey,Electric,Automatic,1.8,72304,113743,197,Low
12/31/2011,3 Series,2011,Africa,Blue,Electric,Automatic,3.7,193652,40840,4992,Low
12/31/2020,i8,2020,Middle East,Silver,Petrol,Manual,3,51768,152079,50,Low
12/31/2013,X6,2013,Asia,Blue,Petrol,Manual,3,69034,79236,3820,Low
12/31/2020,i8,2020,Middle East,Grey,Petrol,Automatic,2.3,137840,135254,50,Low
12/31/2012,M3,2012,Asia,Grey,Electric,Automatic,2.4,9902,98170,1882,Low
12/31/2018,X5,2018,North America,Blue,Petrol,Automatic,4.3,83331,100709,6306,High
12/31/2019,X3,2019,Asia,White,Diesel,Manual,3.2,106904,73703,10075,High
12/31/2021,X5,2021,South America,Grey,Electric,Automatic,1.9,150305,96357,4569,Low
12/31/2011,M5,2011,Europe,Silver,Diesel,Manual,1.7,187885,58839,1218,Low
12/31/2016,3 Series,2016,South America,Red,Electric,Manual,2.3,188484,51756,6735,High
12/31/2024,M3,2024,Africa,Silver,Petrol,Manual,3.2,28200,130072,1768,Low
12/31/2020,i8,2020,South America,Blue,Electric,Manual,3.7,27901,168362,50,Low
12/31/2023,X1,2023,Middle East,White,Diesel,Automatic,2,155590,70546,5712,High
12/31/2012,X1,2012,Europe,Red,Petrol,Automatic,3,51291,47133,7511,High
12/31/2019,5 Series,2019,South America,Silver,Diesel,Automatic,1.8,126035,73499,4710,Low
12/31/2017,X1,2017,South America,Silver,Hybrid,Manual,1.6,9033,72971,4332,Low
12/31/2013,i8,2013,South America,Blue,Hybrid,Manual,4.5,131229,128413,50,Low
12/31/2023,5 Series,2023,North America,Grey,Electric,Automatic,3.8,31859,135743,6518,High
12/31/2013,X1,2013,Europe,Black,Electric,Automatic,4.2,5499,81545,729,Low
12/31/2018,X1,2018,South America,Grey,Electric,Automatic,2.1,186651,55526,5728,High
12/31/2020,5 Series,2020,Europe,White,Hybrid,Manual,2.6,177374,83302,6563,High
12/31/2012,X1,2012,South America,Blue,Electric,Automatic,3.1,30503,63843,3800,Low
12/31/2016,i8,2016,Africa,White,Hybrid,Automatic,3.8,182886,120244,50,Low
12/31/2010,i8,2010,Middle East,Silver,Hybrid,Manual,3.4,111646,123968,50,Low
12/31/2016,X3,2016,Asia,Silver,Petrol,Automatic,3.4,146753,60087,9834,High
12/31/2019,7 Series,2019,Asia,White,Petrol,Manual,2,192606,88265,1986,Low
12/31/2020,X5,2020,Africa,White,Petrol,Automatic,3.2,162321,87792,3033,Low
12/31/2011,M3,2011,Asia,White,Petrol,Manual,4.4,27657,86601,2318,Low
12/31/2021,X3,2021,Asia,Black,Diesel,Automatic,3.3,7023,110149,8104,High
12/31/2023,M3,2023,Europe,Red,Hybrid,Manual,2.2,193351,100136,3638,Low
12/31/2023,X3,2023,Asia,White,Petrol,Manual,2.9,1194,105711,9051,High
12/31/2015,7 Series,2015,South America,Black,Diesel,Automatic,4.1,152365,90841,372,Low
12/31/2024,X6,2024,Middle East,White,Electric,Manual,2,168916,111683,3408,Low
12/31/2022,X6,2022,North America,Red,Petrol,Manual,3.5,174302,97170,4545,Low
12/31/2018,5 Series,2018,Europe,Grey,Diesel,Manual,4.9,75162,94103,5882,High
12/31/2015,i8,2015,Europe,Grey,Electric,Manual,2.8,189276,120835,50,Low
12/31/2012,X5,2012,Middle East,Black,Hybrid,Automatic,1.7,26573,83692,3189,Low
12/31/2010,M5,2010,North America,Blue,Electric,Manual,3.7,13444,124246,322,Low
12/31/2021,i8,2021,Middle East,Blue,Petrol,Automatic,1.7,195399,131369,255,Low
12/31/2021,X3,2021,North America,Black,Electric,Automatic,2.2,72258,102768,10262,High
12/31/2024,3 Series,2024,Asia,White,Electric,Automatic,1.7,120224,94273,9862,High
12/31/2013,X1,2013,Asia,Black,Electric,Automatic,2.1,115502,51338,7093,High
12/31/2013,X5,2013,Asia,Grey,Diesel,Automatic,4.5,14623,92163,6054,High
12/31/2022,7 Series,2022,North America,Black,Hybrid,Automatic,4.1,101032,155051,2011,Low
12/31/2017,M5,2017,Middle East,Red,Petrol,Automatic,2.7,120072,110136,989,Low
12/31/2019,3 Series,2019,South America,Blue,Electric,Manual,4.6,12682,116373,5665,High
12/31/2019,X6,2019,South America,Blue,Petrol,Manual,3.8,87179,100180,2592,Low
12/31/2023,M5,2023,Middle East,White,Petrol,Manual,3.1,11901,154007,1155,Low
12/31/2022,3 Series,2022,South America,Blue,Electric,Manual,1.7,190049,73648,7289,High
12/31/2016,X6,2016,South America,White,Petrol,Automatic,4.1,174129,79499,2089,Low
12/31/2019,M3,2019,Europe,Black,Diesel,Manual,2.8,129144,83454,2961,Low
12/31/2016,3 Series,2016,South America,Blue,Electric,Automatic,2.6,92323,76382,5083,High
12/31/2016,M5,2016,Asia,Red,Petrol,Manual,2.5,57313,118363,1599,Low
12/31/2021,M3,2021,Middle East,Grey,Petrol,Manual,1.5,133917,88607,7177,High
12/31/2011,X1,2011,Africa,White,Electric,Manual,4.1,74152,55156,7408,High
12/31/2018,5 Series,2018,Asia,White,Diesel,Automatic,2,192097,60100,7393,High
12/31/2015,i8,2015,North America,White,Petrol,Manual,3.3,95920,135621,50,Low
12/31/2011,5 Series,2011,North America,Silver,Electric,Manual,1.6,85942,62632,6773,High
12/31/2010,X5,2010,South America,Red,Petrol,Manual,3.7,114335,49931,2984,Low
12/31/2020,X1,2020,South America,Blue,Hybrid,Manual,2.8,3961,96512,5276,High
12/31/2010,M5,2010,South America,Grey,Diesel,Automatic,3.7,59186,93390,50,Low
12/31/2010,M5,2010,Europe,Red,Electric,Manual,1.8,182630,76110,964,Low
12/31/2013,5 Series,2013,Africa,Grey,Diesel,Manual,2.4,115177,49535,3178,Low
12/31/2013,M3,2013,Middle East,Silver,Hybrid,Automatic,1.9,173128,65223,1730,Low
12/31/2023,X6,2023,Middle East,Blue,Electric,Manual,3.8,107737,136965,2948,Low
12/31/2021,5 Series,2021,Europe,Red,Hybrid,Automatic,1.9,168894,86851,7973,High
12/31/2018,i3,2018,North America,Grey,Petrol,Manual,3.7,196117,57876,4789,Low
12/31/2022,M5,2022,North America,Red,Diesel,Manual,2,199282,106382,2541,Low
12/31/2021,i3,2021,Europe,White,Electric,Automatic,4.8,8869,133451,4860,Low
12/31/2021,3 Series,2021,Asia,Blue,Hybrid,Automatic,3,125789,86571,10512,High
12/31/2010,i8,2010,Europe,White,Petrol,Manual,1.9,104864,97688,50,Low
12/31/2012,X3,2012,Africa,Silver,Diesel,Manual,1.6,183949,25000,5011,High
12/31/2012,7 Series,2012,South America,Silver,Hybrid,Automatic,2.7,194628,76670,216,Low
12/31/2017,X1,2017,North America,White,Electric,Automatic,4.6,82441,94726,8145,High
12/31/2011,X5,2011,Africa,Grey,Electric,Manual,2,183979,47324,2441,Low
12/31/2015,7 Series,2015,Asia,Blue,Hybrid,Automatic,4.3,38783,127363,625,Low
12/31/2020,M3,2020,North America,Silver,Petrol,Automatic,3,91544,106148,2699,Low
12/31/2013,X1,2013,Asia,Blue,Petrol,Manual,4.3,51667,59320,7178,High
12/31/2022,i3,2022,Middle East,Grey,Hybrid,Automatic,4.6,162739,97231,4383,Low
12/31/2019,M5,2019,Africa,Black,Hybrid,Automatic,5,139850,130283,997,Low
12/31/2015,X6,2015,Africa,Blue,Diesel,Manual,1.7,16178,76554,2111,Low
12/31/2022,7 Series,2022,Europe,Grey,Diesel,Automatic,4.3,86305,133167,1736,Low
12/31/2014,M5,2014,Africa,White,Diesel,Automatic,1.7,64527,91208,298,Low
12/31/2021,7 Series,2021,South America,White,Hybrid,Manual,2.6,106563,124941,1487,Low
12/31/2018,X6,2018,South America,Red,Hybrid,Manual,3.8,137059,102306,3214,Low
12/31/2018,M5,2018,Africa,Red,Hybrid,Automatic,3.1,69427,133106,917,Low
12/31/2010,7 Series,2010,Europe,Black,Petrol,Manual,3.5,101275,81484,519,Low
12/31/2012,M5,2012,Asia,White,Hybrid,Manual,4.9,59607,126471,656,Low
12/31/2010,X1,2010,Africa,Silver,Hybrid,Manual,4.4,170287,32720,3803,Low
12/31/2015,i3,2015,South America,Red,Hybrid,Automatic,2.8,40648,79108,2400,Low
12/31/2021,X1,2021,Middle East,Grey,Petrol,Manual,3.6,86308,81799,5446,High
12/31/2012,M3,2012,South America,Grey,Diesel,Automatic,1.7,31326,63595,1254,Low
12/31/2023,i3,2023,Africa,White,Diesel,Automatic,3.1,151779,79356,3425,Low
12/31/2010,X5,2010,Middle East,Red,Diesel,Manual,3.6,181416,43648,3988,Low
12/31/2015,3 Series,2015,Europe,Black,Hybrid,Automatic,4,136993,67216,9225,High
12/31/2014,7 Series,2014,Middle East,Black,Hybrid,Manual,4.7,19720,137018,50,Low
12/31/2021,M3,2021,South America,Silver,Petrol,Manual,2.5,145564,90237,2175,Low
12/31/2021,5 Series,2021,Africa,Black,Hybrid,Automatic,4.7,139304,102750,4164,Low
12/31/2017,3 Series,2017,Asia,Silver,Electric,Manual,3.8,188133,69014,9928,High
12/31/2023,X6,2023,South America,Red,Diesel,Automatic,1.8,77937,111149,2872,Low
12/31/2011,X3,2011,North America,Black,Petrol,Automatic,2.8,108223,43952,7663,High
12/31/2017,X1,2017,Asia,Red,Electric,Manual,3.2,6777,92785,7532,High
12/31/2021,i3,2021,North America,Grey,Hybrid,Automatic,2.7,103563,95877,4951,Low
12/31/2014,7 Series,2014,Africa,Grey,Diesel,Manual,1.9,123542,71534,371,Low
12/31/2017,X1,2017,Europe,Grey,Hybrid,Automatic,3.4,109184,68958,6596,High
12/31/2021,i8,2021,Europe,Black,Hybrid,Automatic,2,79070,152499,671,Low
12/31/2019,X6,2019,Europe,Black,Electric,Automatic,4.7,25189,141219,3945,Low
12/31/2013,X6,2013,Europe,Blue,Diesel,Automatic,4.5,45976,91170,2907,Low
12/31/2024,X5,2024,South America,Black,Petrol,Automatic,3.2,95350,113142,4525,Low
12/31/2013,i8,2013,South America,Red,Electric,Automatic,1.7,59139,127421,50,Low
12/31/2019,i3,2019,Asia,Blue,Diesel,Automatic,3.4,169386,66028,5523,High
12/31/2024,5 Series,2024,North America,White,Petrol,Manual,3.6,88409,110560,6432,High
12/31/2024,M5,2024,Europe,White,Hybrid,Automatic,4.6,24607,179579,2132,Low
12/31/2013,5 Series,2013,Asia,Blue,Electric,Manual,1.7,85147,66738,6773,High
12/31/2023,7 Series,2023,South America,Red,Diesel,Manual,3.9,128928,129089,1149,Low
12/31/2020,5 Series,2020,Africa,Red,Electric,Manual,3.5,142490,100858,4332,Low
12/31/2024,X5,2024,South America,Blue,Petrol,Automatic,2.1,72832,111349,3956,Low
12/31/2015,i3,2015,South America,Black,Petrol,Automatic,1.9,99591,48410,2963,Low
12/31/2013,3 Series,2013,Africa,Silver,Hybrid,Manual,3.9,178900,44940,5076,High
12/31/2018,M3,2018,Africa,Silver,Diesel,Manual,2.7,64376,87584,1645,Low
12/31/2018,X3,2018,North America,White,Hybrid,Automatic,5,21122,111362,9116,High
12/31/2012,X6,2012,Africa,Silver,Diesel,Automatic,4.6,186885,60678,1788,Low
12/31/2016,X3,2016,South America,Black,Hybrid,Automatic,3.5,196933,61559,5197,High
12/31/2021,X1,2021,Africa,Silver,Hybrid,Automatic,3.7,12286,101895,4188,Low
12/31/2014,X1,2014,Africa,Grey,Diesel,Automatic,2.1,101808,37107,4551,Low
12/31/2024,5 Series,2024,South America,Grey,Diesel,Manual,4.6,176570,95908,5067,High
12/31/2021,i8,2021,Asia,Grey,Electric,Automatic,3.1,185849,149716,929,Low
12/31/2018,M5,2018,North America,Blue,Diesel,Manual,3.3,146104,107781,1762,Low
12/31/2011,M5,2011,North America,Grey,Electric,Manual,4.6,47885,122467,459,Low
12/31/2012,X3,2012,South America,Blue,Petrol,Automatic,1.5,91602,40585,5487,High
12/31/2019,M5,2019,Africa,White,Petrol,Automatic,3.2,17740,139418,365,Low
12/31/2014,5 Series,2014,Africa,Silver,Petrol,Manual,3.7,137124,59478,2933,Low
12/31/2021,X3,2021,Middle East,Blue,Petrol,Manual,2.1,25640,94510,6379,High
12/31/2014,X1,2014,North America,Red,Petrol,Automatic,1.7,76189,44579,7659,High
12/31/2019,i3,2019,North America,Silver,Petrol,Automatic,3.4,103771,75016,4957,Low
12/31/2021,X3,2021,Middle East,White,Electric,Automatic,3.4,75177,115135,6082,High
12/31/2024,X6,2024,Africa,Blue,Diesel,Manual,2.7,9507,132170,2690,Low
12/31/2023,5 Series,2023,Asia,Red,Petrol,Automatic,4.6,46135,125308,7494,High
12/31/2023,M3,2023,Asia,Grey,Electric,Manual,2.6,85458,123021,4151,Low
12/31/2016,X5,2016,South America,Grey,Hybrid,Automatic,3.3,38768,103931,2865,Low
12/31/2022,3 Series,2022,South America,Silver,Hybrid,Manual,2.2,77901,87374,5880,High
12/31/2023,X6,2023,Africa,White,Hybrid,Automatic,1.5,141081,102854,3663,Low
12/31/2017,M3,2017,North America,Red,Diesel,Manual,3,147283,72367,3061,Low
12/31/2017,i3,2017,Europe,Silver,Petrol,Automatic,3.3,62861,72056,4826,Low
12/31/2023,X6,2023,Asia,Black,Electric,Manual,4.2,112223,139722,5602,High
12/31/2010,i3,2010,Middle East,Red,Diesel,Manual,3.1,153198,25000,2756,Low
12/31/2023,X3,2023,Middle East,Red,Electric,Automatic,2.5,42811,117961,7390,High
12/31/2010,3 Series,2010,Middle East,Grey,Hybrid,Automatic,3.6,128733,48333,5110,High
12/31/2012,i3,2012,North America,Blue,Diesel,Manual,2.8,75035,43241,4203,Low
12/31/2010,X3,2010,North America,White,Diesel,Automatic,2.3,84139,37995,7444,High
12/31/2010,X3,2010,North America,Silver,Electric,Automatic,4.7,187692,52020,9015,High
12/31/2019,7 Series,2019,Asia,White,Petrol,Automatic,3.4,91409,122010,1558,Low
12/31/2017,i3,2017,Asia,White,Petrol,Manual,2.2,126493,51852,5930,High
12/31/2010,X6,2010,Asia,White,Electric,Automatic,3.8,190693,67773,3372,Low
12/31/2018,i3,2018,Europe,White,Hybrid,Manual,4.3,60158,97650,5423,High
12/31/2011,M3,2011,Africa,Grey,Electric,Manual,4.2,107717,78971,504,Low
12/31/2018,7 Series,2018,Europe,White,Petrol,Manual,3.6,42437,128849,1034,Low
12/31/2023,X5,2023,South America,Blue,Diesel,Manual,3.3,172162,94331,4230,Low
12/31/2016,X6,2016,Europe,Red,Hybrid,Manual,4.2,7147,116750,3243,Low
12/31/2018,i8,2018,Asia,Red,Petrol,Automatic,4,171985,142005,50,Low
12/31/2012,X3,2012,South America,Red,Hybrid,Automatic,3.5,17050,78611,4715,Low
12/31/2010,X1,2010,Middle East,White,Electric,Manual,3.8,63285,59270,4861,Low
12/31/2010,i8,2010,North America,Black,Hybrid,Automatic,2.1,18474,122312,50,Low
12/31/2020,M3,2020,South America,White,Diesel,Manual,1.6,72343,86577,2350,Low
12/31/2024,X6,2024,Middle East,White,Electric,Manual,4.8,32602,156362,2937,Low
12/31/2019,i3,2019,Europe,Blue,Petrol,Manual,4.8,178237,73710,15000,High
12/31/2015,i3,2015,Europe,Black,Petrol,Automatic,4.3,160476,58455,5202,High
12/31/2016,X5,2016,Europe,Red,Electric,Automatic,2.8,195155,78386,6115,High
12/31/2018,7 Series,2018,South America,Red,Diesel,Automatic,2,59510,107117,557,Low
12/31/2015,7 Series,2015,Middle East,Silver,Hybrid,Automatic,2.8,174887,98952,455,Low
12/31/2014,X6,2014,Asia,Red,Petrol,Automatic,4,105169,86192,3516,Low
12/31/2023,i8,2023,Asia,Red,Electric,Manual,2.7,131684,172256,912,Low
12/31/2011,X1,2011,Middle East,Grey,Hybrid,Manual,4.3,121682,49911,4655,Low
12/31/2011,X5,2011,Africa,Grey,Electric,Manual,3.9,130062,65313,2665,Low
12/31/2017,7 Series,2017,Africa,Grey,Electric,Automatic,3.7,73463,127977,50,Low
12/31/2024,i8,2024,North America,White,Hybrid,Manual,4.8,10160,200000,441,Low
12/31/2010,i3,2010,Middle East,White,Petrol,Automatic,4.6,4950,69854,2341,Low
12/31/2017,M3,2017,Europe,Red,Electric,Automatic,4,29482,126209,2358,Low
12/31/2020,X1,2020,Middle East,Silver,Electric,Automatic,2.2,117381,81832,6771,High
12/31/2019,M5,2019,Asia,Silver,Hybrid,Manual,4.8,102705,138725,1773,Low
12/31/2020,i8,2020,Africa,Silver,Diesel,Manual,2.3,11309,146939,50,Low
12/31/2016,X6,2016,Asia,Silver,Electric,Automatic,2.8,112485,101067,3792,Low
12/31/2016,X6,2016,Africa,Grey,Hybrid,Automatic,4.4,144619,93815,1698,Low
12/31/2014,7 Series,2014,South America,Silver,Petrol,Manual,2.2,135453,79458,466,Low
12/31/2012,X1,2012,Europe,Blue,Diesel,Manual,3.7,46064,48214,6752,High
12/31/2016,5 Series,2016,Africa,Grey,Electric,Manual,3.1,99191,86002,3237,Low
12/31/2016,3 Series,2016,Africa,Black,Petrol,Automatic,3.7,51485,74907,4470,Low
12/31/2016,X6,2016,Europe,Black,Petrol,Automatic,4.9,17820,121000,3618,Low
12/31/2021,X5,2021,North America,Red,Hybrid,Automatic,4.3,118494,116614,7091,High
12/31/2024,5 Series,2024,Middle East,Red,Hybrid,Manual,2.5,85136,118061,5543,High
12/31/2024,M5,2024,South America,Black,Diesel,Manual,1.7,196487,114082,1899,Low
12/31/2020,X6,2020,Middle East,White,Petrol,Automatic,4.9,196583,107111,3297,Low
12/31/2011,3 Series,2011,Middle East,Blue,Electric,Manual,3.5,88137,62557,11595,High
12/31/2012,7 Series,2012,Europe,Black,Petrol,Manual,2.1,112813,72214,1076,Low
12/31/2012,X6,2012,Europe,White,Diesel,Manual,3.7,176440,59079,3284,Low
12/31/2013,7 Series,2013,Europe,Grey,Hybrid,Automatic,1.6,193102,72343,965,Low
12/31/2021,3 Series,2021,Asia,Silver,Diesel,Automatic,2.2,187753,61374,11358,High
12/31/2018,3 Series,2018,South America,Red,Hybrid,Automatic,3.7,43675,95471,5749,High
12/31/2019,X3,2019,Africa,Black,Petrol,Automatic,2.9,50393,88941,5074,High
12/31/2024,X1,2024,Middle East,White,Hybrid,Automatic,2.6,175955,89087,6876,High
12/31/2010,M3,2010,Asia,Red,Electric,Manual,3.8,137292,68137,2158,Low
12/31/2024,3 Series,2024,North America,Grey,Electric,Manual,4.5,126494,110207,15000,High
12/31/2024,M3,2024,Middle East,Blue,Petrol,Manual,3.9,43314,136527,1961,Low
12/31/2021,7 Series,2021,Europe,Black,Electric,Manual,3.1,67955,145562,1880,Low
12/31/2016,M3,2016,Asia,Grey,Petrol,Automatic,3.8,185549,73399,2785,Low
12/31/2016,X6,2016,South America,Grey,Electric,Manual,3.9,27661,110351,1656,Low
12/31/2020,7 Series,2020,Europe,Red,Hybrid,Automatic,4.2,61395,140357,1504,Low
12/31/2013,X5,2013,Africa,Black,Hybrid,Manual,2.6,11816,83673,2315,Low
12/31/2022,M5,2022,Africa,Grey,Hybrid,Manual,1.9,191138,119452,1522,Low
12/31/2020,X5,2020,Middle East,Blue,Electric,Manual,3.9,117508,116410,4540,Low
12/31/2010,X3,2010,North America,Black,Hybrid,Manual,1.9,67519,47110,7717,High
12/31/2012,3 Series,2012,Europe,Grey,Petrol,Manual,3.1,105847,53554,8522,High
12/31/2014,7 Series,2014,Asia,Silver,Diesel,Manual,2.3,192462,73055,1359,Low
12/31/2021,X6,2021,South America,White,Electric,Manual,2.7,58679,117316,3384,Low
12/31/2011,i8,2011,Asia,Blue,Diesel,Manual,3.1,80972,113974,50,Low
12/31/2016,X6,2016,Asia,Silver,Diesel,Automatic,4.6,23296,109222,3361,Low
12/31/2023,X5,2023,Asia,Red,Petrol,Manual,3.9,182022,99780,6988,High
12/31/2019,M5,2019,North America,Black,Hybrid,Automatic,2.1,127764,121180,2536,Low
12/31/2019,X6,2019,Africa,White,Petrol,Manual,4.6,130763,98259,1980,Low
12/31/2016,5 Series,2016,Africa,Black,Hybrid,Automatic,3.3,21024,100627,2766,Low
12/31/2021,X6,2021,Africa,Blue,Electric,Automatic,2.2,102019,118748,2998,Low
12/31/2019,i8,2019,Africa,Grey,Petrol,Manual,3.3,160178,121758,50,Low
12/31/2014,X6,2014,Middle East,Silver,Electric,Manual,2.2,55600,138880,1448,Low
12/31/2024,X1,2024,Africa,Silver,Petrol,Automatic,2.8,160456,78318,5674,High
12/31/2021,7 Series,2021,North America,Blue,Diesel,Manual,4.3,110118,123691,1397,Low
12/31/2019,X5,2019,Asia,White,Hybrid,Manual,3.8,3130,124077,6921,High
12/31/2024,X3,2024,Europe,Red,Electric,Automatic,3.2,98019,115435,8583,High
12/31/2015,X5,2015,Asia,White,Petrol,Automatic,2.3,112600,67867,15000,High
12/31/2010,X3,2010,North America,Grey,Petrol,Manual,2.5,4579,53119,7842,High
12/31/2013,M5,2013,North America,White,Petrol,Manual,4.9,90164,110422,1012,Low
12/31/2013,X3,2013,Europe,Grey,Electric,Automatic,2.7,142389,60674,8704,High
12/31/2020,X5,2020,North America,Silver,Diesel,Automatic,3.7,88951,104735,6275,High
12/31/2017,7 Series,2017,South America,White,Electric,Automatic,3.2,66365,129329,167,Low
12/31/2024,i3,2024,South America,Black,Hybrid,Manual,1.6,10387,104783,3661,Low
12/31/2011,X5,2011,Middle East,Red,Hybrid,Manual,4.8,4376,99941,3175,Low
12/31/2010,i8,2010,North America,Grey,Diesel,Manual,1.8,133810,86935,50,Low
12/31/2016,X6,2016,Africa,White,Electric,Automatic,3.8,27540,111160,1439,Low
12/31/2015,i3,2015,Africa,Black,Electric,Automatic,4.3,60591,90868,1902,Low
12/31/2014,7 Series,2014,North America,Silver,Electric,Automatic,4.1,36602,133690,412,Low
12/31/2021,5 Series,2021,North America,White,Electric,Manual,4.3,193250,96371,7893,High
12/31/2022,5 Series,2022,South America,Grey,Petrol,Manual,4.1,179765,86414,4086,Low
12/31/2022,X1,2022,Europe,Silver,Diesel,Manual,3.1,118114,73164,7153,High
12/31/2022,X5,2022,Africa,White,Petrol,Manual,4.6,112349,113528,3112,Low
12/31/2017,X6,2017,Middle East,Silver,Petrol,Automatic,4.7,8591,177520,1594,Low
12/31/2020,5 Series,2020,Asia,Black,Hybrid,Manual,3,190294,84483,7056,High
12/31/2024,3 Series,2024,Africa,Black,Electric,Automatic,3.2,181179,93002,5824,High
12/31/2022,X6,2022,South America,Black,Hybrid,Automatic,3.2,9418,133010,2870,Low
12/31/2011,X1,2011,Asia,Silver,Diesel,Manual,2.5,132747,25000,7770,High
12/31/2011,X1,2011,Asia,Black,Electric,Automatic,1.9,65732,48118,6837,High
12/31/2018,X5,2018,Europe,Grey,Hybrid,Manual,2.4,14694,105097,6847,High
12/31/2010,i8,2010,Africa,White,Electric,Automatic,4.5,22327,142674,50,Low
12/31/2015,X6,2015,Middle East,Black,Electric,Manual,3.4,142824,89217,2698,Low
12/31/2022,i3,2022,Middle East,Blue,Hybrid,Automatic,4.5,130347,43353,5580,High
12/31/2022,X1,2022,Middle East,Silver,Petrol,Manual,4.1,25765,101064,5615,High
12/31/2012,7 Series,2012,North America,Red,Electric,Manual,2.7,3605,115622,371,Low
12/31/2024,7 Series,2024,North America,White,Diesel,Manual,2.1,70645,133502,1655,Low
12/31/2022,i8,2022,Africa,Black,Diesel,Automatic,3.5,22036,165769,50,Low
12/31/2014,X3,2014,Africa,Grey,Petrol,Manual,4.8,64376,74934,4122,Low
12/31/2017,X3,2017,Africa,Blue,Electric,Manual,4.4,81242,89678,4368,Low
12/31/2016,M3,2016,Africa,Silver,Electric,Automatic,4.2,77548,111097,783,Low
12/31/2022,X1,2022,South America,Red,Electric,Manual,4.2,5235,112429,5655,High
12/31/2021,X6,2021,North America,White,Diesel,Manual,3.3,193676,92925,5335,High
12/31/2013,M3,2013,Asia,Silver,Electric,Manual,2.1,146419,67151,2713,Low
12/31/2017,i3,2017,South America,Blue,Electric,Automatic,2.5,138333,68819,2904,Low
12/31/2020,3 Series,2020,South America,Silver,Electric,Automatic,3.5,87725,93702,6995,High
12/31/2020,X3,2020,South America,Red,Diesel,Automatic,2.6,163514,65003,6599,High
12/31/2019,5 Series,2019,Middle East,Black,Electric,Manual,4.2,87374,111183,5726,High
12/31/2020,X5,2020,Africa,Black,Diesel,Automatic,2.8,56721,96361,3734,Low
12/31/2023,i8,2023,Africa,Red,Electric,Automatic,1.9,75050,162845,380,Low
12/31/2011,X3,2011,Europe,Black,Electric,Automatic,4.2,144438,57813,8243,High
12/31/2016,i8,2016,South America,Silver,Diesel,Manual,3.9,33994,143540,50,Low
12/31/2014,7 Series,2014,Middle East,White,Hybrid,Automatic,2.4,90694,105923,217,Low
12/31/2020,7 Series,2020,North America,Grey,Hybrid,Automatic,4.9,176232,132381,2014,Low
12/31/2015,X5,2015,North America,White,Diesel,Manual,2.9,153569,63923,6715,High
12/31/2012,5 Series,2012,North America,Blue,Hybrid,Manual,3.9,158351,61542,5988,High
12/31/2020,X5,2020,Europe,Grey,Hybrid,Manual,4.7,87418,69288,6120,High
12/31/2019,X3,2019,Africa,Blue,Diesel,Automatic,2,157352,55702,5643,High
12/31/2016,M3,2016,North America,Grey,Petrol,Automatic,4.6,182453,77737,3240,Low
12/31/2016,M5,2016,Asia,Red,Diesel,Manual,4,185889,99195,1845,Low
12/31/2011,M3,2011,Europe,White,Electric,Automatic,2.1,136081,63615,1874,Low
12/31/2010,M3,2010,Asia,Blue,Diesel,Manual,3.8,56851,66775,2008,Low
12/31/2019,i8,2019,Middle East,Red,Electric,Manual,4.6,50507,182997,50,Low
12/31/2011,5 Series,2011,North America,Black,Petrol,Manual,4.3,38228,74676,5242,High
12/31/2021,i3,2021,Africa,Silver,Diesel,Automatic,4.2,179303,40449,3800,Low
12/31/2017,3 Series,2017,Europe,Silver,Petrol,Manual,2.1,15849,69532,8909,High
12/31/2020,X3,2020,South America,Red,Petrol,Manual,2.2,99246,70790,5959,High
12/31/2019,M5,2019,North America,Red,Petrol,Manual,3.4,61116,130353,1504,Low
12/31/2012,M3,2012,Africa,White,Petrol,Automatic,3.5,199802,46501,1206,Low
12/31/2020,X5,2020,Europe,Silver,Hybrid,Automatic,4.8,181386,105484,6866,High
12/31/2013,X1,2013,South America,Blue,Electric,Automatic,3.1,91274,58044,4818,Low
12/31/2017,X1,2017,North America,Grey,Electric,Manual,2.6,170213,57352,8852,High
12/31/2012,X1,2012,North America,Silver,Electric,Manual,2.2,122139,44857,7775,High
12/31/2015,X6,2015,Asia,Red,Petrol,Manual,1.7,69072,77180,3611,Low
12/31/2011,7 Series,2011,North America,White,Petrol,Automatic,1.7,179680,58397,1187,Low
12/31/2012,M5,2012,Europe,Red,Diesel,Automatic,3.5,98416,92566,870,Low
12/31/2010,M5,2010,Middle East,Silver,Hybrid,Automatic,2.1,60897,154012,50,Low
12/31/2018,i8,2018,Asia,Black,Diesel,Automatic,4.5,146282,139106,50,Low
12/31/2013,3 Series,2013,South America,Silver,Petrol,Automatic,3.6,111209,52502,5307,High
12/31/2015,i3,2015,South America,Grey,Petrol,Automatic,4.5,48548,75530,2675,Low
12/31/2024,X5,2024,South America,Silver,Electric,Automatic,3,175607,113210,4281,Low
12/31/2016,5 Series,2016,North America,Red,Petrol,Manual,3.6,20767,94540,6172,High
12/31/2011,X1,2011,South America,Silver,Diesel,Manual,3.3,151953,25000,4916,Low
12/31/2017,X6,2017,Asia,White,Petrol,Automatic,5,177657,93245,4693,Low
12/31/2021,i3,2021,Asia,Silver,Electric,Automatic,4.3,141003,98208,5339,High
12/31/2018,X3,2018,North America,White,Diesel,Automatic,3.6,146963,69437,9071,High
12/31/2023,3 Series,2023,Africa,Black,Diesel,Manual,3.6,97509,92991,5848,High
12/31/2019,X3,2019,Africa,Black,Hybrid,Manual,2.4,79393,79990,5781,High
12/31/2020,3 Series,2020,Europe,Black,Petrol,Automatic,4.1,156762,78513,10563,High
12/31/2011,i3,2011,North America,Grey,Hybrid,Automatic,4.9,150900,57404,3751,Low
12/31/2014,M5,2014,North America,Silver,Petrol,Automatic,2,109153,98173,1227,Low
12/31/2011,M3,2011,South America,Grey,Diesel,Automatic,3.7,109888,58750,986,Low
12/31/2020,X6,2020,Asia,Grey,Petrol,Automatic,3.3,41806,123300,3777,Low
12/31/2014,i3,2014,North America,Red,Petrol,Manual,4.5,177037,48644,5195,High
12/31/2016,X5,2016,Middle East,Grey,Hybrid,Automatic,1.5,27842,97910,3335,Low
12/31/2015,i3,2015,Asia,Red,Petrol,Manual,2,151674,40070,5033,High
12/31/2013,5 Series,2013,South America,Blue,Petrol,Manual,1.6,33791,60914,4208,Low
12/31/2023,X3,2023,Middle East,Blue,Electric,Automatic,2.1,130945,105381,5934,High
12/31/2011,3 Series,2011,Asia,Grey,Petrol,Automatic,4,7499,65913,9561,High
12/31/2016,X5,2016,Middle East,White,Petrol,Automatic,2,143994,68739,3727,Low
12/31/2021,M5,2021,Africa,White,Hybrid,Automatic,3.7,33598,155292,931,Low
12/31/2019,M5,2019,Africa,Silver,Diesel,Automatic,4.5,102578,128884,559,Low
12/31/2018,3 Series,2018,North America,Red,Petrol,Manual,1.6,112353,56426,9800,High
12/31/2010,i8,2010,South America,Red,Electric,Manual,1.6,180956,93657,50,Low
12/31/2012,M5,2012,Middle East,Blue,Electric,Manual,5,73325,134740,50,Low
12/31/2016,X6,2016,Europe,Grey,Hybrid,Automatic,3.9,89520,105159,3771,Low
12/31/2024,i3,2024,South America,White,Petrol,Manual,2,100168,84663,4114,Low
12/31/2023,X6,2023,South America,Blue,Diesel,Automatic,2.6,165134,100986,3509,Low
12/31/2018,7 Series,2018,North America,Silver,Diesel,Automatic,4.9,159104,111099,1257,Low
12/31/2022,X6,2022,South America,Red,Hybrid,Automatic,2.3,23398,134834,3245,Low
12/31/2014,X3,2014,North America,Black,Diesel,Manual,4.1,40852,72379,7888,High
12/31/2016,5 Series,2016,Africa,Grey,Hybrid,Manual,2.3,162594,64774,4114,Low
12/31/2024,5 Series,2024,South America,Silver,Petrol,Automatic,2.9,72113,107497,4932,Low
12/31/2019,M3,2019,Africa,Black,Hybrid,Manual,4.6,78497,111440,1830,Low
12/31/2016,X6,2016,Asia,Black,Diesel,Automatic,1.6,135882,72614,4032,Low
12/31/2013,X5,2013,Africa,Black,Hybrid,Automatic,2.6,25263,83146,2150,Low
12/31/2014,3 Series,2014,North America,Blue,Hybrid,Manual,3.2,166467,53185,9065,High
12/31/2011,7 Series,2011,Africa,Silver,Petrol,Automatic,3.7,77641,85994,50,Low
12/31/2017,X6,2017,Europe,Grey,Petrol,Manual,1.6,149743,73131,3583,Low
12/31/2021,i8,2021,Asia,Red,Diesel,Manual,2.9,649,158564,174,Low
12/31/2024,7 Series,2024,Europe,Silver,Petrol,Manual,2.7,193638,114127,1930,Low
12/31/2024,X5,2024,South America,Red,Hybrid,Manual,1.6,144798,100745,5170,High
12/31/2010,M3,2010,Asia,Red,Petrol,Manual,2.7,43633,66823,494,Low
12/31/2011,X3,2011,Africa,White,Diesel,Automatic,4.8,189043,35990,4401,Low
12/31/2021,3 Series,2021,Middle East,Blue,Hybrid,Automatic,2.5,179069,81447,6467,High
12/31/2012,M5,2012,Africa,Black,Electric,Manual,3.5,26992,114781,50,Low
12/31/2016,X3,2016,Middle East,White,Electric,Automatic,2.5,104202,77711,6223,High
12/31/2015,X1,2015,Africa,Black,Hybrid,Automatic,1.9,31446,67450,3876,Low
12/31/2023,X1,2023,South America,Grey,Hybrid,Manual,2.5,61161,94427,4849,Low
12/31/2016,X6,2016,Europe,Red,Diesel,Automatic,3.1,141770,74572,3839,Low
12/31/2020,X1,2020,Middle East,Silver,Diesel,Automatic,2.5,152708,57578,5397,High
12/31/2014,M3,2014,South America,Blue,Electric,Automatic,3.7,12198,108208,944,Low
12/31/2023,X6,2023,South America,Blue,Hybrid,Manual,4.8,188840,121688,3519,Low
12/31/2013,i3,2013,Europe,Grey,Diesel,Automatic,1.7,12682,53709,3993,Low
12/31/2024,X6,2024,Africa,White,Hybrid,Manual,4,89785,137320,3097,Low
12/31/2024,X1,2024,Africa,Grey,Hybrid,Automatic,1.5,33839,98089,5680,High
12/31/2016,3 Series,2016,South America,White,Hybrid,Manual,1.5,126073,51155,6119,High
12/31/2012,X6,2012,Middle East,White,Diesel,Manual,2,3015,79892,1848,Low
12/31/2022,i3,2022,Asia,Red,Petrol,Manual,3.2,20216,101592,5557,High
12/31/2019,X1,2019,Middle East,Blue,Hybrid,Automatic,1.7,46900,79672,6279,High
12/31/2016,X5,2016,Asia,Blue,Petrol,Automatic,4,2360,106801,5691,High
12/31/2011,i3,2011,Asia,Red,Hybrid,Manual,1.6,3495,57324,5060,High
12/31/2021,i8,2021,Asia,Red,Electric,Automatic,3.2,170721,154930,738,Low
12/31/2021,X1,2021,Europe,Grey,Petrol,Manual,3.9,2299,97964,6622,High
12/31/2017,M5,2017,North America,Red,Hybrid,Manual,2.3,47408,125952,1496,Low
12/31/2021,M5,2021,Middle East,White,Petrol,Manual,3.5,185277,127069,1104,Low
12/31/2015,3 Series,2015,Africa,Blue,Hybrid,Automatic,2.4,61244,65382,5181,High
12/31/2021,i3,2021,Europe,Red,Petrol,Automatic,2.2,75827,81995,4551,Low
12/31/2024,i8,2024,Middle East,Red,Diesel,Manual,4.4,36507,178965,50,Low
12/31/2012,X1,2012,South America,Grey,Petrol,Automatic,2.7,163777,25000,4626,Low
12/31/2012,X6,2012,Africa,Silver,Petrol,Automatic,4.3,96246,79793,1318,Low
12/31/2014,M3,2014,Asia,Silver,Petrol,Automatic,2.3,51497,76476,2744,Low
12/31/2012,7 Series,2012,Asia,Silver,Hybrid,Automatic,2.7,184653,79201,2782,Low
12/31/2015,X1,2015,Middle East,Blue,Petrol,Automatic,1.9,24388,62189,5316,High
12/31/2011,i8,2011,Europe,White,Electric,Manual,3.2,54434,131137,50,Low
12/31/2017,X5,2017,Europe,Red,Electric,Manual,2.8,158728,79892,5484,High
12/31/2022,7 Series,2022,Middle East,Black,Electric,Automatic,1.5,190726,123627,1508,Low
12/31/2020,X1,2020,Africa,White,Petrol,Manual,3.1,98339,70850,4912,Low
12/31/2021,M5,2021,North America,Silver,Hybrid,Automatic,1.8,63522,140446,2030,Low
12/31/2020,i8,2020,South America,Grey,Petrol,Automatic,4.4,81277,151864,50,Low
12/31/2018,7 Series,2018,Africa,Black,Electric,Manual,3.2,193097,103678,905,Low
12/31/2022,X6,2022,South America,Black,Electric,Manual,3.9,7666,143785,3038,Low
12/31/2024,5 Series,2024,Middle East,Grey,Hybrid,Manual,4.4,123634,123628,5059,High
12/31/2016,X3,2016,Africa,Black,Hybrid,Manual,1.7,131152,58940,3962,Low
12/31/2023,X5,2023,Asia,Black,Hybrid,Manual,2.7,180553,101669,7041,High
12/31/2012,3 Series,2012,North America,Blue,Diesel,Manual,1.6,153759,25000,9661,High
12/31/2020,M5,2020,Asia,White,Hybrid,Manual,1.7,181030,110912,2352,Low
12/31/2023,X1,2023,Asia,White,Diesel,Manual,1.6,179233,57360,9296,High
12/31/2019,X5,2019,North America,Silver,Hybrid,Automatic,3.2,150782,43085,8021,High
12/31/2013,X5,2013,Africa,White,Electric,Automatic,3.1,94631,77608,2681,Low
12/31/2021,X1,2021,South America,Red,Petrol,Automatic,1.7,43150,77509,5171,High
12/31/2019,5 Series,2019,North America,White,Hybrid,Manual,2.4,96432,91447,8157,High
12/31/2011,i8,2011,Africa,Red,Hybrid,Automatic,2.4,31803,127400,50,Low
12/31/2018,M5,2018,North America,White,Petrol,Automatic,2.5,80871,126611,1609,Low
12/31/2023,M3,2023,Europe,White,Diesel,Automatic,3.7,199054,92502,3121,Low
12/31/2014,X3,2014,Africa,White,Petrol,Automatic,3.9,135166,56503,4610,Low
12/31/2021,i8,2021,South America,Black,Hybrid,Automatic,2.7,5372,168450,102,Low
12/31/2011,X1,2011,North America,Red,Electric,Manual,4.3,142737,50475,6603,High
12/31/2019,M3,2019,Europe,Blue,Hybrid,Automatic,3,131461,103075,3599,Low
12/31/2015,X3,2015,North America,Silver,Petrol,Manual,3.3,130295,60288,8227,High
12/31/2016,X3,2016,Africa,Black,Hybrid,Automatic,2,186044,49198,10883,High
12/31/2022,M5,2022,Africa,Blue,Petrol,Manual,2.3,165127,114230,1175,Low
12/31/2011,7 Series,2011,Europe,White,Hybrid,Manual,4,146808,91399,576,Low
12/31/2024,5 Series,2024,Africa,Red,Electric,Manual,4.9,192109,111084,5000,High
12/31/2010,X3,2010,North America,Grey,Diesel,Manual,4,46897,55024,6974,High
12/31/2022,M3,2022,North America,White,Hybrid,Automatic,1.7,135057,100621,3957,Low
12/31/2016,M3,2016,South America,Blue,Hybrid,Automatic,2,27870,100388,1366,Low
12/31/2010,X3,2010,Asia,Red,Petrol,Automatic,3.1,109668,39913,8480,High
12/31/2012,X3,2012,Europe,White,Hybrid,Manual,4.1,128834,57690,7926,High
12/31/2013,5 Series,2013,Africa,Black,Petrol,Manual,2.1,118423,47361,2995,Low
12/31/2011,i3,2011,South America,Silver,Diesel,Automatic,4.1,162654,35218,2386,Low
12/31/2016,X1,2016,South America,Grey,Diesel,Automatic,3.4,95911,55691,4276,Low
12/31/2014,7 Series,2014,Europe,Blue,Hybrid,Automatic,4.2,111482,108086,602,Low
12/31/2010,5 Series,2010,Middle East,Red,Diesel,Automatic,3.5,54935,60712,3862,Low
12/31/2021,X5,2021,Africa,Blue,Diesel,Manual,3.6,10228,109426,3272,Low
12/31/2021,X6,2021,North America,Red,Petrol,Automatic,2.4,141478,98919,5059,High
12/31/2017,X1,2017,North America,Blue,Hybrid,Manual,4,148698,68644,8233,High
12/31/2019,i8,2019,Asia,Grey,Hybrid,Automatic,4.5,104827,166220,303,Low
12/31/2016,M5,2016,Africa,Silver,Petrol,Manual,4.5,189440,95416,511,Low
12/31/2013,3 Series,2013,South America,White,Petrol,Automatic,1.6,13943,51713,6149,High
12/31/2011,i8,2011,Europe,Red,Hybrid,Automatic,3.7,25227,134002,50,Low
12/31/2024,X1,2024,South America,Black,Hybrid,Automatic,5,55875,121096,5254,High
12/31/2016,i8,2016,South America,Grey,Hybrid,Manual,3.6,156908,132335,50,Low
12/31/2020,M5,2020,Asia,Red,Petrol,Automatic,2.1,20143,140358,1848,Low
12/31/2011,7 Series,2011,Africa,Silver,Petrol,Manual,4.6,177191,73449,50,Low
12/31/2015,3 Series,2015,South America,Red,Petrol,Manual,2.4,53913,59325,5044,High
12/31/2010,X3,2010,South America,Grey,Diesel,Manual,1.7,129718,25000,4837,Low
12/31/2023,3 Series,2023,Europe,Red,Hybrid,Manual,3,16792,117493,10571,High
12/31/2016,X5,2016,Middle East,White,Electric,Manual,1.9,89976,86617,4023,Low
12/31/2016,M3,2016,North America,Grey,Diesel,Automatic,1.9,151209,65782,2689,Low
12/31/2021,X6,2021,North America,Blue,Petrol,Automatic,3.1,43544,119048,4870,Low
12/31/2013,i8,2013,South America,White,Diesel,Manual,3.6,134680,102280,50,Low
12/31/2013,5 Series,2013,Asia,Black,Hybrid,Automatic,4.7,59288,93488,5801,High
12/31/2024,M3,2024,Africa,Red,Diesel,Manual,4,82704,112583,1943,Low
12/31/2019,X5,2019,Africa,Red,Petrol,Manual,4.4,143690,85219,3033,Low
12/31/2014,M3,2014,South America,Grey,Electric,Automatic,2.9,152505,77414,1178,Low
12/31/2011,7 Series,2011,Middle East,White,Diesel,Automatic,2.6,188175,68031,343,Low
12/31/2018,X1,2018,Middle East,Grey,Electric,Manual,3.6,128878,76923,6357,High
12/31/2019,5 Series,2019,Europe,Silver,Diesel,Automatic,3.9,193760,78033,7332,High
12/31/2013,i8,2013,Middle East,White,Hybrid,Manual,3.5,22501,154616,50,Low
12/31/2020,X6,2020,South America,Grey,Diesel,Manual,2.4,178566,74882,3038,Low
12/31/2018,M3,2018,Middle East,White,Petrol,Manual,2.8,59722,100696,1583,Low
12/31/2023,X3,2023,Middle East,White,Petrol,Automatic,3.1,70020,104472,6326,High
12/31/2012,X3,2012,Middle East,Black,Electric,Automatic,1.5,111201,54315,4934,Low
12/31/2018,X5,2018,Asia,Red,Diesel,Automatic,4.6,163406,86138,6480,High
12/31/2010,X5,2010,North America,Black,Petrol,Manual,3.3,196231,37909,5923,High
12/31/2016,i8,2016,Asia,White,Petrol,Automatic,4.1,37248,147508,50,Low
12/31/2013,X6,2013,Asia,Blue,Petrol,Manual,2.1,185277,51198,4884,Low
12/31/2016,X5,2016,Africa,Grey,Hybrid,Automatic,3.4,182221,71385,3139,Low
12/31/2023,X6,2023,North America,Red,Hybrid,Manual,4.7,151214,127845,4848,Low
12/31/2019,X5,2019,South America,Black,Electric,Manual,2.2,103227,100039,8402,High
12/31/2024,X3,2024,Asia,Silver,Diesel,Automatic,2.7,199722,76581,10757,High
12/31/2015,i8,2015,South America,White,Hybrid,Automatic,2.9,15206,58223,400,Low
12/31/2013,M5,2013,South America,Silver,Electric,Manual,2.8,178197,87623,363,Low
12/31/2013,X5,2013,Middle East,Blue,Diesel,Manual,3.6,108289,66514,7652,High
12/31/2017,3 Series,2017,Asia,Silver,Petrol,Automatic,2.9,15714,84733,9704,High
12/31/2016,X5,2016,North America,Red,Hybrid,Manual,3.9,54373,102794,4989,Low
12/31/2013,M3,2013,Middle East,Blue,Hybrid,Automatic,3.2,68098,94891,1171,Low
12/31/2020,X5,2020,South America,White,Diesel,Automatic,2.1,168960,73042,3716,Low
12/31/2015,7 Series,2015,North America,Grey,Diesel,Automatic,4.8,18401,126172,576,Low
12/31/2015,3 Series,2015,Middle East,White,Hybrid,Manual,2.3,12008,80120,6608,High
12/31/2010,M5,2010,Middle East,Blue,Hybrid,Manual,3.5,85106,104328,50,Low
12/31/2022,X1,2022,North America,Blue,Hybrid,Automatic,1.7,117700,80572,9811,High
12/31/2011,5 Series,2011,Europe,Blue,Electric,Manual,4.7,181084,61668,5614,High
12/31/2013,i8,2013,Middle East,Black,Diesel,Automatic,4.7,105488,132813,50,Low
12/31/2015,i8,2015,Middle East,Black,Diesel,Automatic,2.8,131485,128382,50,Low
12/31/2015,i8,2015,Middle East,Black,Petrol,Manual,1.9,4940,140912,50,Low
12/31/2010,i8,2010,Middle East,White,Petrol,Automatic,4.2,91244,127549,50,Low
12/31/2017,X6,2017,Middle East,Silver,Hybrid,Automatic,2.4,180872,84941,2900,Low
12/31/2011,M3,2011,Middle East,White,Diesel,Automatic,4,106228,71362,1265,Low
12/31/2022,M3,2022,South America,Grey,Electric,Automatic,4.7,13642,152440,1753,Low
12/31/2014,X5,2014,Middle East,Black,Diesel,Automatic,3.6,175490,60404,3785,Low
12/31/2013,X5,2013,South America,Silver,Electric,Automatic,4.5,197039,71101,3347,Low
12/31/2014,5 Series,2014,Europe,Blue,Petrol,Automatic,2.3,147225,54144,7247,High
12/31/2014,5 Series,2014,North America,Blue,Petrol,Manual,4.7,90963,78409,5598,High
12/31/2024,M3,2024,Africa,White,Electric,Automatic,2.3,145803,118448,2126,Low
12/31/2019,i3,2019,Africa,Black,Hybrid,Automatic,2.3,93249,79277,2988,Low
12/31/2017,X1,2017,Middle East,Black,Electric,Automatic,4.6,16338,103503,4634,Low
12/31/2019,M3,2019,Asia,Red,Electric,Manual,3.4,87232,109550,3607,Low
12/31/2016,i3,2016,Europe,Silver,Hybrid,Automatic,4.3,62812,90564,3882,Low
12/31/2021,X6,2021,Middle East,Grey,Petrol,Automatic,4.3,179734,111741,2530,Low
12/31/2023,M5,2023,Europe,Grey,Diesel,Automatic,3.8,107178,136359,1989,Low
12/31/2018,M3,2018,Europe,Grey,Hybrid,Manual,2.2,161128,81105,3860,Low
12/31/2021,M3,2021,Africa,Black,Petrol,Automatic,3.9,112338,109537,1833,Low
12/31/2020,M5,2020,Africa,Silver,Hybrid,Manual,1.7,109279,113781,1609,Low
12/31/2022,X3,2022,South America,Grey,Diesel,Manual,2.2,141522,72949,6707,High
12/31/2024,i8,2024,Europe,Blue,Electric,Manual,3.8,15724,200000,458,Low
12/31/2010,7 Series,2010,Asia,White,Electric,Automatic,4.7,166524,92342,490,Low
12/31/2015,i8,2015,North America,Red,Electric,Automatic,4.2,140637,146058,50,Low
12/31/2015,X1,2015,North America,Silver,Diesel,Automatic,2.7,35936,58461,8483,High
12/31/2011,X1,2011,Asia,Red,Petrol,Manual,4.4,18108,60339,6486,High
12/31/2020,X1,2020,Asia,White,Diesel,Automatic,4.9,144041,74877,8138,High
12/31/2017,7 Series,2017,Asia,Red,Petrol,Manual,2.7,54382,110598,1264,Low
12/31/2015,i8,2015,Europe,Silver,Petrol,Manual,2.2,6502,134224,50,Low
12/31/2020,X1,2020,Middle East,Black,Electric,Manual,2.2,173248,65750,6638,High
12/31/2022,7 Series,2022,Africa,Blue,Electric,Manual,2.9,183551,122517,1371,Low
12/31/2019,5 Series,2019,South America,Red,Electric,Automatic,1.7,168215,79087,720,Low
12/31/2018,X3,2018,Europe,Blue,Hybrid,Automatic,3.2,162042,78511,7726,High
12/31/2019,M3,2019,Europe,Grey,Hybrid,Manual,4.1,169073,99184,3192,Low
12/31/2014,X5,2014,Middle East,Red,Petrol,Automatic,3.4,123928,73070,3502,Low
12/31/2016,5 Series,2016,Asia,Grey,Electric,Automatic,4.9,194173,83797,7758,High
12/31/2015,M3,2015,South America,Grey,Diesel,Manual,3.1,28698,89177,1084,Low
12/31/2020,3 Series,2020,North America,Silver,Petrol,Automatic,1.5,197006,55011,10427,High
12/31/2024,X6,2024,South America,Blue,Electric,Automatic,3.1,198139,117253,3457,Low
12/31/2014,M3,2014,North America,White,Petrol,Manual,4.8,110441,82137,449,Low
12/31/2015,7 Series,2015,Europe,White,Petrol,Automatic,1.8,15677,103439,974,Low
12/31/2013,M3,2013,Africa,Grey,Petrol,Automatic,2.3,88503,66439,1117,Low
12/31/2012,X1,2012,Asia,Blue,Hybrid,Automatic,4,144405,47753,8287,High
12/31/2022,3 Series,2022,Africa,Blue,Hybrid,Automatic,2.5,74454,93273,5719,High
12/31/2010,i3,2010,Africa,White,Electric,Manual,4.2,192,73727,1456,Low
12/31/2010,X6,2010,Asia,Silver,Hybrid,Automatic,3,77712,74011,3691,Low
12/31/2015,7 Series,2015,Asia,Red,Electric,Automatic,4.3,142138,116785,750,Low
12/31/2023,X5,2023,Asia,Silver,Electric,Manual,3.4,142602,117342,7678,High
12/31/2018,i3,2018,South America,Blue,Hybrid,Manual,1.8,29825,83929,3549,Low
12/31/2017,M5,2017,Asia,Grey,Petrol,Manual,2.9,107705,114612,1429,Low
12/31/2021,7 Series,2021,Europe,Silver,Diesel,Manual,2.7,5899,127634,1451,Low
12/31/2011,M3,2011,Africa,Blue,Hybrid,Automatic,4.3,58038,83040,579,Low
12/31/2018,X1,2018,Africa,Grey,Hybrid,Manual,3.7,23170,85056,3807,Low
12/31/2017,M5,2017,North America,Silver,Electric,Automatic,4.2,198220,126494,1303,Low
12/31/2023,X5,2023,North America,Red,Diesel,Automatic,2.8,61531,114629,5467,High
12/31/2023,M5,2023,Middle East,Grey,Petrol,Manual,3.9,183788,128519,2886,Low
12/31/2021,X3,2021,Asia,Silver,Hybrid,Automatic,1.7,43855,104112,10918,High
12/31/2018,M3,2018,North America,Black,Electric,Automatic,1.6,798,116251,2602,Low
12/31/2013,X5,2013,Asia,Grey,Electric,Automatic,2.5,178283,66530,5930,High
12/31/2018,X3,2018,Europe,Red,Diesel,Automatic,4.2,153311,69743,8690,High
12/31/2011,7 Series,2011,Africa,Grey,Diesel,Automatic,3.4,77178,79894,50,Low
12/31/2022,M3,2022,Middle East,Grey,Electric,Manual,2.9,23167,135642,2563,Low
12/31/2010,M5,2010,Africa,Grey,Electric,Manual,4.6,64761,104843,50,Low
12/31/2022,5 Series,2022,Europe,Red,Hybrid,Automatic,3.2,100369,112772,7343,High
12/31/2018,i8,2018,Middle East,Grey,Hybrid,Manual,3.6,42521,168415,50,Low
12/31/2019,X1,2019,North America,Silver,Petrol,Manual,5,80407,83123,6719,High
12/31/2017,7 Series,2017,South America,Blue,Petrol,Automatic,3.3,181928,90709,733,Low
12/31/2016,X1,2016,Middle East,Black,Hybrid,Automatic,4.2,159087,63619,5879,High
12/31/2023,7 Series,2023,North America,Black,Diesel,Automatic,2.9,175389,116263,1742,Low
12/31/2022,i3,2022,Africa,Black,Petrol,Manual,1.6,129287,66480,3267,Low
12/31/2017,M3,2017,Middle East,Black,Diesel,Automatic,4.4,17581,112670,1578,Low
12/31/2021,3 Series,2021,Africa,Black,Petrol,Automatic,4.8,191675,75912,5135,High
12/31/2010,M3,2010,Europe,White,Hybrid,Manual,3,60632,70798,1650,Low
12/31/2023,X6,2023,Middle East,Silver,Petrol,Automatic,3.3,189913,110379,3512,Low
12/31/2018,5 Series,2018,Europe,White,Hybrid,Automatic,3,76361,93832,7018,High
12/31/2021,7 Series,2021,Africa,Grey,Petrol,Automatic,5,99840,140828,392,Low
12/31/2019,i3,2019,North America,Blue,Hybrid,Manual,4.7,55774,105143,5068,High
12/31/2020,5 Series,2020,Europe,Silver,Electric,Automatic,1.6,137645,92960,7289,High
12/31/2018,5 Series,2018,North America,White,Electric,Manual,4.2,143762,92195,7231,High
12/31/2024,X3,2024,South America,Grey,Petrol,Automatic,3.6,41474,107956,5339,High
12/31/2021,7 Series,2021,South America,White,Petrol,Automatic,1.6,132565,103986,1019,Low
12/31/2020,7 Series,2020,Europe,Silver,Hybrid,Automatic,3.1,189542,115206,1990,Low
12/31/2018,X3,2018,Asia,Black,Electric,Manual,2,186297,63337,9594,High
12/31/2022,7 Series,2022,Africa,Red,Petrol,Automatic,4.6,146265,127717,804,Low
12/31/2023,X6,2023,South America,Black,Diesel,Automatic,1.5,44022,115071,2574,Low
12/31/2015,i3,2015,Europe,Silver,Diesel,Manual,4.6,165496,51979,5304,High
12/31/2013,X3,2013,Africa,Grey,Electric,Manual,4.8,35406,89279,3177,Low
12/31/2022,M5,2022,Africa,Red,Hybrid,Automatic,1.8,11582,153042,1261,Low
12/31/2011,M5,2011,North America,White,Petrol,Manual,4,163593,83626,1210,Low
12/31/2020,5 Series,2020,Middle East,Blue,Petrol,Manual,3.4,147381,85832,5413,High
12/31/2013,i8,2013,Europe,Blue,Petrol,Automatic,4.8,64401,136649,50,Low
12/31/2016,X3,2016,Asia,Black,Hybrid,Automatic,4.3,158266,78313,9018,High
12/31/2010,X5,2010,North America,Grey,Diesel,Automatic,3.9,165291,48128,4849,Low
12/31/2023,7 Series,2023,Africa,Black,Electric,Automatic,4.7,157932,149663,1068,Low
12/31/2018,X6,2018,Asia,Black,Electric,Automatic,2.1,44530,113037,5190,High
12/31/2012,M3,2012,Middle East,Black,Hybrid,Manual,2.8,57850,83091,1130,Low
12/31/2022,X1,2022,Africa,Grey,Hybrid,Automatic,4.5,17262,117158,3981,Low
12/31/2022,3 Series,2022,Africa,Black,Electric,Automatic,1.9,84212,90610,6610,High
12/31/2013,X5,2013,Africa,Red,Electric,Automatic,4.8,199607,72120,2469,Low
12/31/2021,M3,2021,Asia,Blue,Diesel,Automatic,4.1,62355,115152,2998,Low
12/31/2014,3 Series,2014,North America,Blue,Petrol,Automatic,3,158871,43072,9309,High
12/31/2021,3 Series,2021,Europe,White,Hybrid,Manual,2.7,181198,73626,11539,High
12/31/2022,X3,2022,Europe,Red,Hybrid,Manual,2,121255,86917,10453,High
12/31/2012,i8,2012,Asia,Black,Electric,Manual,1.8,11158,136268,50,Low
12/31/2013,5 Series,2013,South America,Grey,Electric,Manual,3,123432,70866,3295,Low
12/31/2014,i8,2014,Africa,Red,Hybrid,Automatic,4.5,166541,120128,50,Low
12/31/2021,M3,2021,North America,Black,Petrol,Manual,3.4,122922,106050,3287,Low
12/31/2010,i8,2010,Africa,Grey,Electric,Automatic,3.1,172134,98161,50,Low
12/31/2023,M5,2023,Africa,Black,Hybrid,Automatic,2.6,83338,138123,1423,Low
12/31/2018,7 Series,2018,South America,Silver,Hybrid,Automatic,2,85077,117821,1026,Low
12/31/2019,i3,2019,Middle East,White,Hybrid,Manual,5,60514,107240,3423,Low
12/31/2022,M3,2022,North America,White,Petrol,Automatic,1.6,78238,104701,2969,Low
12/31/2019,3 Series,2019,Europe,Grey,Hybrid,Manual,2.6,178410,66270,9111,High
12/31/2022,7 Series,2022,North America,Blue,Petrol,Manual,4.2,146100,129926,1510,Low
12/31/2023,i3,2023,Middle East,Blue,Hybrid,Manual,3.3,23148,121936,3681,Low
12/31/2013,X6,2013,Africa,Silver,Hybrid,Automatic,2.6,11469,93060,1205,Low
12/31/2022,M3,2022,North America,Grey,Hybrid,Automatic,5,66200,145632,2762,Low
12/31/2018,M5,2018,North America,Grey,Electric,Manual,3.7,4504,156548,1770,Low
12/31/2013,5 Series,2013,South America,Grey,Electric,Automatic,2.5,195708,51827,4426,Low
12/31/2023,M5,2023,Middle East,Silver,Hybrid,Automatic,4.5,161429,160686,1573,Low
12/31/2010,i8,2010,Africa,Grey,Hybrid,Automatic,2,150745,96142,50,Low
12/31/2021,3 Series,2021,South America,White,Electric,Manual,3.1,124073,91610,6628,High
12/31/2014,X3,2014,South America,Red,Petrol,Automatic,4.4,155659,59093,4767,Low
12/31/2022,M3,2022,Africa,Black,Petrol,Automatic,4.9,55850,130320,1397,Low
12/31/2018,X6,2018,North America,Black,Hybrid,Manual,2.8,42975,111884,4789,Low
12/31/2012,7 Series,2012,Europe,Silver,Electric,Manual,2,121348,85921,757,Low
12/31/2014,i8,2014,Europe,White,Electric,Automatic,3.5,152373,125247,50,Low
12/31/2012,X3,2012,Africa,Grey,Hybrid,Manual,4.8,153360,56996,4252,Low
12/31/2021,M5,2021,South America,Blue,Electric,Automatic,3.8,60884,162918,1066,Low
12/31/2012,M3,2012,North America,Blue,Hybrid,Manual,3.6,128876,72811,2166,Low
12/31/2010,X6,2010,South America,Black,Electric,Manual,2.6,107920,65365,1435,Low
12/31/2011,5 Series,2011,Middle East,Silver,Hybrid,Manual,3.6,9716,84349,3620,Low
12/31/2011,i3,2011,Africa,Red,Diesel,Manual,4.6,35615,57258,1809,Low
12/31/2018,i8,2018,North America,Blue,Electric,Manual,2.8,73249,157348,247,Low
12/31/2016,7 Series,2016,Europe,Silver,Diesel,Automatic,2.3,38633,107362,1015,Low
12/31/2017,X3,2017,Middle East,Black,Electric,Automatic,3.2,185945,73644,6067,High
12/31/2011,X3,2011,Europe,Grey,Petrol,Automatic,2.8,9091,63621,8650,High
12/31/2018,3 Series,2018,Africa,Silver,Hybrid,Automatic,3.1,42092,87104,5050,High
12/31/2022,M3,2022,Middle East,Silver,Petrol,Automatic,1.8,132819,96745,2116,Low
12/31/2012,5 Series,2012,Asia,Blue,Electric,Automatic,2.7,154590,60318,6517,High
12/31/2019,X1,2019,South America,Silver,Diesel,Automatic,4.4,77045,76225,5176,High
12/31/2022,i3,2022,Europe,Grey,Electric,Automatic,2.9,17401,112342,5599,High
12/31/2011,M5,2011,Asia,Silver,Petrol,Automatic,4.9,120135,98545,1080,Low
12/31/2021,X5,2021,Asia,White,Petrol,Manual,4,36165,117800,5477,High
12/31/2010,M5,2010,South America,White,Diesel,Automatic,2.8,60624,89069,50,Low
12/31/2018,7 Series,2018,Middle East,Silver,Electric,Automatic,2.4,118122,118965,1010,Low
12/31/2017,M5,2017,Europe,Black,Hybrid,Manual,3.9,32639,144016,1045,Low
12/31/2022,5 Series,2022,North America,Black,Electric,Automatic,2.6,54488,117690,7130,High
12/31/2024,X3,2024,Europe,Blue,Electric,Manual,4.7,163203,115982,8314,High
12/31/2021,i3,2021,Asia,White,Hybrid,Automatic,1.9,135565,80101,5783,High
12/31/2020,7 Series,2020,Asia,White,Electric,Manual,1.6,88038,128910,1831,Low
12/31/2013,5 Series,2013,South America,Black,Electric,Manual,2.3,130000,63233,3397,Low
12/31/2016,5 Series,2016,North America,Grey,Diesel,Automatic,3.6,123608,73901,5998,High
12/31/2021,i8,2021,Middle East,Blue,Diesel,Manual,4.4,37260,166400,50,Low
12/31/2023,M3,2023,Europe,Grey,Hybrid,Automatic,2.1,94434,122110,3526,Low
12/31/2012,M5,2012,Africa,Silver,Petrol,Automatic,3.5,81609,97560,50,Low
12/31/2012,X3,2012,South America,Red,Electric,Manual,2,141415,43162,5424,High
12/31/2013,X1,2013,Asia,Black,Hybrid,Automatic,3.5,40989,67399,6435,High
12/31/2011,M5,2011,Europe,White,Electric,Automatic,1.6,137425,85723,848,Low
12/31/2023,i8,2023,Europe,Red,Petrol,Automatic,3.5,31480,177529,144,Low
12/31/2019,X6,2019,Asia,Silver,Petrol,Manual,3.3,80450,108669,4715,Low
12/31/2013,M5,2013,Middle East,Red,Petrol,Automatic,1.6,52753,98920,384,Low
12/31/2019,X5,2019,Middle East,Silver,Diesel,Manual,3.9,158996,87927,4281,Low
12/31/2012,X6,2012,South America,Black,Diesel,Automatic,3.5,152408,58158,254,Low
12/31/2017,7 Series,2017,Europe,Red,Electric,Manual,3.7,134187,113896,1216,Low
12/31/2020,M5,2020,Middle East,Grey,Petrol,Automatic,3.4,108088,134992,1053,Low
12/31/2011,7 Series,2011,Asia,Silver,Hybrid,Automatic,4,55991,113183,287,Low
12/31/2020,3 Series,2020,Middle East,Red,Electric,Automatic,3.3,146791,89918,6909,High
12/31/2018,M3,2018,North America,Blue,Electric,Automatic,4.7,177710,109213,3163,Low
12/31/2012,5 Series,2012,Europe,Grey,Electric,Automatic,4.8,150406,77347,5390,High
12/31/2013,M3,2013,Asia,Red,Hybrid,Manual,4,99550,81582,2615,Low
12/31/2022,X1,2022,South America,Blue,Electric,Automatic,4.7,159202,92462,4946,Low
12/31/2019,X6,2019,North America,Blue,Hybrid,Automatic,4.7,63940,125758,4973,Low
12/31/2023,X3,2023,Middle East,White,Hybrid,Manual,2.4,4552,116568,6087,High
12/31/2024,7 Series,2024,Europe,Grey,Petrol,Manual,5,96125,149032,1689,Low
12/31/2019,X1,2019,Middle East,Red,Diesel,Manual,2.4,165906,48884,5599,High
12/31/2024,X3,2024,Europe,Grey,Electric,Automatic,1.6,142504,100568,9679,High
12/31/2024,X3,2024,Asia,Black,Petrol,Manual,4.9,183391,101450,10032,High
12/31/2012,3 Series,2012,Europe,Silver,Petrol,Manual,2.3,178241,25176,9561,High
12/31/2012,M5,2012,North America,Red,Electric,Automatic,3.5,32593,128717,523,Low
12/31/2017,X6,2017,Middle East,White,Petrol,Automatic,4.9,80313,111715,2245,Low
12/31/2017,X5,2017,North America,Silver,Hybrid,Automatic,1.7,163170,76364,5273,High
12/31/2022,X5,2022,Europe,Blue,Electric,Manual,2.4,173695,97152,6606,High
12/31/2022,X6,2022,North America,Silver,Diesel,Manual,3.6,3758,133517,4748,Low
12/31/2015,i3,2015,Europe,Black,Electric,Manual,4.2,195776,63780,5250,High
12/31/2013,i3,2013,Asia,Black,Hybrid,Automatic,4.3,144525,59599,4727,Low
12/31/2010,M3,2010,Middle East,Black,Electric,Automatic,4.6,197964,71393,1066,Low
12/31/2013,X6,2013,North America,White,Petrol,Manual,2.1,21391,82899,3214,Low
12/31/2017,3 Series,2017,Africa,Silver,Electric,Manual,2.8,35360,82620,5097,High
12/31/2015,X6,2015,Europe,Black,Diesel,Automatic,4,154500,77438,4094,Low
12/31/2011,3 Series,2011,Middle East,Red,Hybrid,Automatic,4,176567,49138,6496,High
12/31/2012,M3,2012,South America,Black,Hybrid,Manual,2.6,110116,68926,1101,Low
12/31/2021,5 Series,2021,Middle East,Red,Hybrid,Manual,2.6,185995,89131,6114,High
12/31/2016,3 Series,2016,Africa,Grey,Hybrid,Automatic,2.6,45422,78833,4725,Low
12/31/2020,X1,2020,Africa,Silver,Hybrid,Manual,4.6,78822,95712,5120,High
12/31/2020,3 Series,2020,Africa,Silver,Petrol,Automatic,4.7,20296,108370,4970,Low
12/31/2013,7 Series,2013,South America,Red,Diesel,Manual,1.6,24256,86155,225,Low
12/31/2013,3 Series,2013,Asia,Red,Hybrid,Automatic,2.6,59729,67773,9753,High
12/31/2024,M3,2024,South America,Black,Diesel,Automatic,2.9,172992,99157,2467,Low
12/31/2024,i8,2024,Africa,Blue,Petrol,Automatic,4.9,154926,159925,113,Low
12/31/2014,X5,2014,North America,Grey,Petrol,Manual,4.8,100374,86307,5157,High
12/31/2017,M5,2017,North America,White,Diesel,Manual,3.7,23312,127951,1174,Low
12/31/2023,5 Series,2023,Middle East,White,Hybrid,Automatic,1.7,79529,110973,6166,High
12/31/2023,M3,2023,Asia,Black,Petrol,Manual,2.2,67765,113944,3860,Low
12/31/2016,X3,2016,Middle East,Blue,Petrol,Automatic,3,79664,73430,5616,High
12/31/2018,X6,2018,Middle East,Silver,Electric,Automatic,4.9,81950,128596,2932,Low
12/31/2024,i3,2024,Middle East,Red,Electric,Automatic,1.8,155050,98150,4859,Low
12/31/2014,i3,2014,South America,Silver,Diesel,Automatic,4.3,86025,61059,2634,Low
12/31/2010,X6,2010,Africa,Grey,Petrol,Automatic,2.2,108902,49953,1319,Low
12/31/2013,i8,2013,South America,Red,Diesel,Automatic,3.3,6777,127678,50,Low
12/31/2015,5 Series,2015,Middle East,Blue,Hybrid,Automatic,4.2,187019,73959,4200,Low
12/31/2015,3 Series,2015,Asia,White,Hybrid,Automatic,3.9,150267,68714,10712,High
12/31/2018,5 Series,2018,Asia,White,Electric,Manual,4.2,186148,84616,8184,High
12/31/2019,i3,2019,Europe,Blue,Electric,Automatic,4.3,72224,101480,4724,Low
12/31/2022,M3,2022,Europe,White,Hybrid,Manual,2.6,27552,125537,3897,Low
12/31/2014,X1,2014,Asia,White,Electric,Manual,2.8,73388,61573,7758,High
12/31/2014,5 Series,2014,Middle East,Blue,Petrol,Automatic,4.4,6635,93808,3950,Low
12/31/2015,7 Series,2015,Asia,Blue,Diesel,Automatic,1.6,141870,83589,1349,Low
12/31/2020,X3,2020,South America,Grey,Petrol,Manual,3.3,76615,87121,5517,High
12/31/2015,X1,2015,Middle East,Red,Hybrid,Manual,4.7,74315,80720,4732,Low
12/31/2012,X5,2012,Middle East,Red,Hybrid,Automatic,4.6,113844,37141,4471,Low
12/31/2015,7 Series,2015,Middle East,Grey,Electric,Manual,4.3,4762,141485,50,Low
12/31/2017,5 Series,2017,Europe,Silver,Petrol,Automatic,1.6,34410,79634,5608,High
12/31/2021,M5,2021,North America,Blue,Electric,Manual,4.6,144356,149176,7185,High
12/31/2015,5 Series,2015,Middle East,Grey,Hybrid,Automatic,4.7,140730,89662,4270,Low
12/31/2021,X6,2021,Middle East,White,Diesel,Automatic,3.8,31322,122404,2963,Low
12/31/2020,5 Series,2020,Middle East,Grey,Electric,Manual,2.5,130378,99078,4812,Low
12/31/2014,M5,2014,Middle East,Grey,Diesel,Automatic,3.2,196273,86628,785,Low
12/31/2012,i8,2012,Africa,Red,Electric,Automatic,4.2,145609,120381,50,Low
12/31/2010,M5,2010,Europe,Grey,Hybrid,Manual,4.3,49248,109922,427,Low
12/31/2014,X6,2014,Africa,Black,Electric,Automatic,2.7,136054,82520,1658,Low
12/31/2015,M3,2015,North America,Blue,Electric,Automatic,2.6,63159,95372,2507,Low
12/31/2023,i8,2023,South America,Grey,Electric,Manual,4.1,8209,190555,92,Low
12/31/2015,M5,2015,Asia,Blue,Hybrid,Automatic,3.9,82895,126441,1247,Low
12/31/2023,X1,2023,Europe,White,Diesel,Manual,3.3,35520,98995,6936,High
12/31/2015,M3,2015,Middle East,Blue,Electric,Automatic,3,159462,89989,1444,Low
12/31/2012,i3,2012,Middle East,Black,Electric,Automatic,3.8,150862,57721,3172,Low
12/31/2024,5 Series,2024,Africa,White,Diesel,Manual,1.6,111876,92594,5000,High
12/31/2013,X1,2013,Middle East,Grey,Diesel,Automatic,1.8,20157,51275,4523,Low
12/31/2024,M5,2024,Asia,Black,Petrol,Manual,3.5,180076,138415,2319,Low
12/31/2012,X6,2012,Europe,Black,Electric,Automatic,2.2,62117,89812,2737,Low
12/31/2011,i8,2011,Europe,Red,Electric,Automatic,4.2,106291,138120,50,Low
12/31/2017,7 Series,2017,Africa,Blue,Petrol,Automatic,4.2,37344,117482,182,Low
12/31/2016,M3,2016,Middle East,Silver,Hybrid,Manual,4,87995,107374,1296,Low
12/31/2020,M5,2020,Middle East,White,Hybrid,Automatic,4.7,159587,149213,1319,Low
12/31/2017,i3,2017,Europe,Black,Petrol,Automatic,2,28154,72188,4404,Low
12/31/2022,i8,2022,Africa,Blue,Diesel,Manual,2.4,90007,65866,1183,Low
12/31/2015,M3,2015,South America,Silver,Hybrid,Manual,2.4,124478,77357,1442,Low
12/31/2020,i3,2020,Africa,Blue,Hybrid,Automatic,4.2,154299,83156,3231,Low
12/31/2024,M5,2024,Asia,Blue,Diesel,Automatic,3.3,123657,146893,2435,Low
12/31/2021,M3,2021,South America,Black,Hybrid,Automatic,2.4,153539,96419,2355,Low
12/31/2024,7 Series,2024,North America,Black,Petrol,Manual,2,130548,122181,2085,Low
12/31/2023,7 Series,2023,Africa,Silver,Diesel,Automatic,4.6,133746,134556,833,Low
12/31/2016,X5,2016,North America,Blue,Electric,Automatic,3.9,37125,111069,5007,High
12/31/2010,X3,2010,South America,Red,Petrol,Manual,3.3,112939,34957,5108,High
12/31/2019,X3,2019,Europe,Black,Petrol,Automatic,4.9,16717,111690,8723,High
12/31/2014,i3,2014,Africa,White,Diesel,Automatic,4.5,91002,89336,2155,Low
12/31/2013,M5,2013,Asia,Black,Electric,Manual,2.1,63835,114430,1104,Low
12/31/2019,X6,2019,Middle East,Black,Electric,Manual,3.3,124404,108567,3226,Low
12/31/2012,X3,2012,South America,Silver,Diesel,Automatic,3.2,56657,54823,4964,Low
12/31/2011,7 Series,2011,Europe,Black,Petrol,Manual,4.5,27934,102438,324,Low
12/31/2023,X3,2023,Asia,Grey,Petrol,Manual,2,62754,90983,10824,High
12/31/2023,i8,2023,Europe,Silver,Petrol,Manual,3.1,155107,155978,447,Low
12/31/2018,X6,2018,Europe,Blue,Diesel,Manual,3.7,198176,74545,4940,Low
12/31/2017,i3,2017,Europe,Black,Electric,Automatic,4.8,6878,157094,3980,Low
12/31/2019,5 Series,2019,Africa,Red,Petrol,Automatic,4.6,127192,89490,3755,Low
12/31/2024,5 Series,2024,Asia,Black,Hybrid,Automatic,3.4,111099,114731,8031,High
12/31/2011,M5,2011,North America,White,Electric,Manual,3.6,2942,130512,373,Low
12/31/2015,X3,2015,North America,Grey,Electric,Automatic,4.5,50797,101247,7143,High
12/31/2012,i8,2012,South America,White,Diesel,Manual,4.1,111359,111842,50,Low
12/31/2012,i3,2012,Europe,Blue,Diesel,Manual,4.6,128582,47645,4985,Low
12/31/2014,X1,2014,North America,Silver,Electric,Automatic,4.6,22979,89109,7655,High
12/31/2016,X1,2016,Middle East,Blue,Petrol,Automatic,4.4,107512,67467,4680,Low
12/31/2016,3 Series,2016,North America,White,Diesel,Automatic,1.5,76906,55869,9671,High
12/31/2020,X5,2020,South America,Red,Electric,Automatic,2.6,198273,90244,4746,Low
12/31/2019,X6,2019,Africa,Silver,Diesel,Automatic,2.9,59899,95968,2480,Low
12/31/2010,i3,2010,Europe,Blue,Hybrid,Automatic,3.9,15265,66043,3333,Low
12/31/2020,M5,2020,North America,Silver,Hybrid,Manual,2.6,109798,127193,2044,Low
12/31/2016,M3,2016,South America,Red,Electric,Manual,2.6,5476,108255,1263,Low
12/31/2016,X3,2016,South America,Grey,Hybrid,Manual,2.9,38652,85228,5312,High
12/31/2015,M3,2015,Middle East,Grey,Diesel,Manual,4.8,148117,78328,1648,Low
12/31/2015,X5,2015,Asia,Red,Electric,Automatic,3,52080,101510,5416,High
12/31/2022,X3,2022,Middle East,Silver,Diesel,Manual,2,107648,79212,6990,High
12/31/2022,7 Series,2022,North America,Silver,Petrol,Automatic,1.5,45215,124213,1783,Low
12/31/2011,7 Series,2011,Africa,Red,Petrol,Automatic,2.3,94670,73987,50,Low
12/31/2012,i8,2012,Africa,Silver,Hybrid,Manual,4.8,113967,129534,50,Low
12/31/2012,X3,2012,North America,Grey,Hybrid,Automatic,4.8,168653,59349,7043,High
12/31/2022,i3,2022,Middle East,Grey,Electric,Automatic,3.4,73094,111376,3588,Low
12/31/2012,M3,2012,South America,Blue,Electric,Manual,3.8,168258,70132,1210,Low
12/31/2011,X5,2011,Europe,White,Petrol,Manual,4.3,12353,83520,5241,High
12/31/2018,3 Series,2018,Middle East,White,Petrol,Automatic,1.7,193720,46519,6541,High
12/31/2015,i8,2015,Middle East,Red,Hybrid,Manual,2.8,89460,140308,50,Low
12/31/2011,3 Series,2011,Asia,Blue,Electric,Manual,3.7,177225,45398,8509,High
12/31/2012,i3,2012,North America,Black,Diesel,Manual,4.6,155636,41235,4092,Low
12/31/2019,i3,2019,South America,Silver,Electric,Manual,4,3315,106879,2841,Low
12/31/2015,3 Series,2015,Europe,Blue,Diesel,Automatic,2.7,119122,52737,10218,High
12/31/2013,3 Series,2013,Middle East,Grey,Hybrid,Automatic,4.7,112579,68421,5895,High
12/31/2016,7 Series,2016,North America,Silver,Electric,Manual,3.8,168622,112839,1091,Low
12/31/2015,X3,2015,Asia,Silver,Petrol,Manual,4.4,44232,78954,7532,High
12/31/2024,7 Series,2024,South America,White,Electric,Manual,2.8,144369,134260,1721,Low
12/31/2015,3 Series,2015,North America,White,Diesel,Manual,1.5,74914,46256,10676,High
12/31/2021,7 Series,2021,Middle East,Black,Diesel,Manual,2.1,93490,121258,976,Low
12/31/2012,i8,2012,Asia,Silver,Petrol,Automatic,4.7,116276,127711,50,Low
12/31/2020,X5,2020,Asia,Red,Electric,Automatic,1.6,142820,91425,7738,High
12/31/2017,3 Series,2017,Africa,Blue,Diesel,Automatic,3.6,172937,53225,5060,High
12/31/2018,X6,2018,Asia,White,Diesel,Automatic,2.9,191402,80586,5091,High
12/31/2015,M5,2015,Africa,Black,Electric,Automatic,3,121702,108930,228,Low
12/31/2011,X6,2011,Asia,Grey,Electric,Manual,2.9,41728,91807,3467,Low
12/31/2010,M3,2010,North America,Grey,Hybrid,Manual,1.7,161025,45384,2202,Low
12/31/2012,M5,2012,Africa,Blue,Electric,Automatic,1.9,160356,88573,69,Low
12/31/2012,M3,2012,Africa,Red,Electric,Manual,1.7,56684,71768,831,Low
12/31/2017,i3,2017,Europe,Grey,Electric,Automatic,1.7,158502,62464,5254,High
12/31/2014,X3,2014,Asia,Grey,Petrol,Manual,1.8,87707,52295,7880,High
12/31/2010,i8,2010,Europe,Grey,Electric,Automatic,3.9,98630,121198,50,Low
12/31/2020,X1,2020,Europe,Silver,Electric,Automatic,1.9,77874,82409,8864,High
12/31/2013,i3,2013,South America,Black,Hybrid,Manual,2.4,51947,57117,2274,Low
12/31/2016,i8,2016,North America,Silver,Hybrid,Manual,3.8,53578,162495,50,Low
12/31/2014,X5,2014,North America,Silver,Hybrid,Manual,1.9,43823,80379,5650,High
12/31/2019,i3,2019,Asia,Grey,Diesel,Manual,4.7,75761,88349,5466,High
12/31/2024,X6,2024,Europe,Blue,Hybrid,Manual,3.2,116946,122445,1369,Low
12/31/2022,M5,2022,Middle East,Blue,Petrol,Automatic,4.9,107183,149266,1051,Low
12/31/2015,3 Series,2015,Middle East,Black,Petrol,Manual,2.2,39894,60539,6751,High
12/31/2023,7 Series,2023,Africa,Black,Electric,Automatic,1.6,193502,121043,1349,Low
12/31/2019,X1,2019,Europe,Black,Petrol,Automatic,3.6,143871,65520,15000,High
12/31/2013,i3,2013,Asia,White,Petrol,Manual,2.7,9648,99504,4032,Low
12/31/2011,M5,2011,Asia,Grey,Electric,Automatic,3.5,98184,114392,690,Low
12/31/2018,7 Series,2018,North America,White,Hybrid,Automatic,3.2,16672,139646,1202,Low
12/31/2024,M3,2024,South America,Silver,Electric,Automatic,3.1,185366,117666,3059,Low
12/31/2011,i3,2011,Asia,Blue,Hybrid,Manual,4.5,90727,64255,3927,Low
12/31/2011,X1,2011,Africa,Grey,Petrol,Automatic,2.2,6781,42489,3904,Low
12/31/2022,X6,2022,Europe,Silver,Diesel,Automatic,3.2,118597,109466,4477,Low
12/31/2021,i3,2021,North America,Grey,Electric,Automatic,3,96699,103873,5583,High
12/31/2011,X6,2011,North America,Grey,Diesel,Automatic,3.9,9616,86473,3165,Low
12/31/2010,X3,2010,Europe,Black,Petrol,Automatic,1.7,2177,52550,7356,High
12/31/2022,i8,2022,Middle East,Silver,Hybrid,Automatic,3.4,63782,173810,282,Low
12/31/2021,M3,2021,Asia,Red,Electric,Automatic,3.2,141581,108130,3270,Low
12/31/2021,X5,2021,South America,White,Hybrid,Automatic,4.9,3748,133334,3998,Low
12/31/2012,i8,2012,Europe,Red,Electric,Manual,4.1,11240,151873,50,Low
12/31/2015,X5,2015,North America,Black,Hybrid,Automatic,2,56151,86755,6347,High
12/31/2016,3 Series,2016,South America,Blue,Hybrid,Manual,3.3,187892,54690,5096,High
12/31/2010,i3,2010,Europe,Black,Petrol,Automatic,4.2,37404,55227,3632,Low
12/31/2023,3 Series,2023,Asia,White,Petrol,Automatic,3.3,74605,98831,9805,High
12/31/2014,i3,2014,South America,White,Diesel,Automatic,2.7,40409,58433,3187,Low
12/31/2014,X6,2014,Asia,Blue,Petrol,Manual,2.8,95762,78197,4026,Low
12/31/2010,5 Series,2010,South America,Silver,Hybrid,Manual,2.8,12433,68275,3188,Low
12/31/2013,X6,2013,South America,Black,Diesel,Automatic,1.6,146395,49806,2621,Low
12/31/2019,3 Series,2019,Europe,Blue,Electric,Manual,4.1,137947,90940,10858,High
12/31/2010,X1,2010,South America,Grey,Electric,Manual,3.6,88222,49511,4087,Low
12/31/2022,X5,2022,South America,Blue,Diesel,Automatic,2.4,12683,107427,4028,Low
12/31/2023,X3,2023,Europe,White,Diesel,Automatic,3.7,83779,105551,7943,High
12/31/2024,X3,2024,Europe,Silver,Electric,Manual,2.6,126358,109242,9216,High
12/31/2010,7 Series,2010,Africa,Blue,Diesel,Manual,2.4,52409,72948,50,Low
12/31/2021,M3,2021,Asia,White,Diesel,Manual,4.1,178060,95639,3473,Low
12/31/2024,7 Series,2024,Asia,Silver,Hybrid,Manual,4.3,159888,146059,2139,Low
12/31/2016,i8,2016,Middle East,Silver,Diesel,Automatic,3.7,137237,137508,50,Low
12/31/2016,X6,2016,Asia,Blue,Electric,Automatic,4.2,45896,126501,3732,Low
12/31/2012,5 Series,2012,Asia,Silver,Electric,Automatic,2.8,25409,87932,6036,High
12/31/2016,X1,2016,Asia,Red,Diesel,Manual,1.8,2618,64001,7118,High
12/31/2012,X5,2012,South America,Grey,Diesel,Manual,3.6,176445,44459,3581,Low
12/31/2011,i8,2011,Middle East,Black,Diesel,Automatic,2.4,126343,100404,50,Low
12/31/2019,X5,2019,Middle East,Silver,Hybrid,Manual,4.2,49839,117271,4779,Low
12/31/2024,i8,2024,South America,White,Diesel,Automatic,2.8,197993,142464,415,Low
12/31/2013,X1,2013,Middle East,Red,Hybrid,Automatic,3.8,111112,57408,4434,Low
12/31/2023,M5,2023,Asia,Grey,Hybrid,Automatic,3.4,96765,155131,2759,Low
12/31/2019,M3,2019,Asia,White,Electric,Automatic,4.4,98658,122908,3517,Low
12/31/2012,3 Series,2012,Europe,Blue,Electric,Manual,4.4,56869,78345,9333,High
12/31/2021,i8,2021,Europe,Black,Electric,Automatic,1.7,35178,169239,507,Low
12/31/2016,X3,2016,Middle East,Silver,Hybrid,Manual,2.5,78061,77269,6419,High
12/31/2021,X1,2021,Europe,Silver,Hybrid,Automatic,4.5,94376,98944,8122,High
12/31/2021,5 Series,2021,South America,Red,Diesel,Automatic,2.9,43543,104302,4982,Low
12/31/2010,i3,2010,South America,Blue,Electric,Automatic,3.3,117487,50322,2065,Low
12/31/2015,X6,2015,South America,Silver,Hybrid,Automatic,2.1,80253,83845,2312,Low
12/31/2024,X3,2024,Africa,Blue,Electric,Manual,3.4,187708,93548,5662,High
12/31/2023,X3,2023,South America,Grey,Petrol,Manual,2.4,135146,77674,5799,High
12/31/2011,M3,2011,North America,Grey,Diesel,Automatic,4.4,19971,87277,1953,Low
12/31/2017,X3,2017,South America,Red,Petrol,Manual,2.2,153946,52382,5497,High
12/31/2023,7 Series,2023,Europe,Blue,Diesel,Manual,2.8,54146,132622,1694,Low
12/31/2014,X6,2014,Africa,Red,Electric,Manual,1.8,193738,59888,2260,Low
12/31/2012,M3,2012,Africa,Silver,Petrol,Automatic,3.6,54088,74264,746,Low
12/31/2019,X6,2019,North America,White,Electric,Automatic,4.8,168690,122132,4442,Low
12/31/2016,5 Series,2016,North America,Black,Hybrid,Manual,2.1,125629,74393,7077,High
12/31/2023,i8,2023,Europe,Grey,Electric,Manual,1.6,137378,149906,1145,Low
12/31/2020,5 Series,2020,Asia,Red,Diesel,Manual,3,125757,86158,6822,High
12/31/2024,X5,2024,Asia,Grey,Diesel,Automatic,4.1,27836,127162,6358,High
12/31/2024,X5,2024,Asia,Black,Diesel,Manual,4.9,137696,119562,7196,High
12/31/2011,M5,2011,Asia,White,Electric,Manual,1.7,38286,105463,762,Low
12/31/2014,M3,2014,South America,White,Electric,Manual,4.3,9651,111843,672,Low
12/31/2020,7 Series,2020,North America,Blue,Petrol,Manual,2.8,65087,122865,1334,Low
12/31/2017,M3,2017,South America,Red,Electric,Automatic,2,104294,95019,1587,Low
12/31/2022,X5,2022,Middle East,Red,Hybrid,Manual,2.2,175287,93607,4755,Low
12/31/2020,i3,2020,Asia,Grey,Diesel,Manual,4.7,23454,102665,5386,High
12/31/2010,i8,2010,Middle East,White,Electric,Manual,4.3,78337,133006,50,Low
12/31/2024,5 Series,2024,Africa,Black,Hybrid,Manual,2.6,116473,104017,5360,High
12/31/2010,X6,2010,Europe,White,Hybrid,Automatic,4.8,188742,67639,2797,Low
12/31/2012,3 Series,2012,South America,Black,Diesel,Automatic,1.9,166460,25000,6044,High
12/31/2012,X6,2012,Africa,Blue,Diesel,Automatic,2.6,75448,63320,1438,Low
12/31/2022,3 Series,2022,Europe,Black,Electric,Automatic,3.8,90467,108835,9026,High
12/31/2016,5 Series,2016,Europe,Silver,Diesel,Automatic,5,167688,75965,6405,High
12/31/2015,X3,2015,Middle East,Black,Electric,Manual,3.1,74329,81993,5263,High
12/31/2016,X6,2016,Africa,Silver,Diesel,Automatic,4.3,106419,91568,1605,Low
12/31/2013,7 Series,2013,South America,White,Hybrid,Manual,4.7,133662,97727,50,Low
12/31/2020,3 Series,2020,Europe,Red,Petrol,Manual,1.5,56462,74569,10974,High
12/31/2011,M3,2011,Europe,Blue,Petrol,Automatic,2.5,56080,68448,2037,Low
12/31/2011,X3,2011,Africa,White,Petrol,Manual,1.9,101146,30986,4179,Low
12/31/2019,7 Series,2019,Asia,Silver,Diesel,Manual,4.2,187068,110020,1543,Low
12/31/2010,7 Series,2010,Middle East,Silver,Petrol,Manual,3.5,111843,83452,50,Low
12/31/2023,3 Series,2023,North America,Silver,Petrol,Manual,1.8,125069,116689,10695,High
12/31/2022,M3,2022,Middle East,White,Hybrid,Manual,3,86516,118745,2995,Low
12/31/2023,X1,2023,Europe,Silver,Electric,Automatic,3.3,76763,103220,8232,High
12/31/2018,3 Series,2018,North America,White,Petrol,Manual,3.9,83015,78618,10608,High
12/31/2023,X5,2023,Europe,Black,Electric,Automatic,4.2,100017,125998,5661,High
12/31/2023,X3,2023,Europe,Silver,Diesel,Automatic,1.8,67419,93073,8543,High
12/31/2016,X5,2016,Asia,White,Diesel,Manual,3.2,14504,96434,5569,High
12/31/2019,M3,2019,North America,White,Hybrid,Manual,2.1,74251,102564,3135,Low
12/31/2012,M5,2012,Europe,White,Hybrid,Manual,4.1,81378,111071,808,Low
12/31/2011,7 Series,2011,South America,Grey,Petrol,Manual,3.8,437,104968,50,Low
12/31/2023,7 Series,2023,Middle East,Silver,Petrol,Manual,4,149037,130002,1180,Low
12/31/2012,X3,2012,South America,Red,Hybrid,Manual,1.8,191684,31514,4413,Low
12/31/2016,5 Series,2016,North America,Black,Electric,Automatic,3.3,91973,90736,5622,High
12/31/2014,7 Series,2014,North America,Blue,Petrol,Manual,4.4,32260,120080,610,Low
12/31/2021,7 Series,2021,Africa,Red,Petrol,Manual,4,145512,122066,674,Low
12/31/2012,i3,2012,Middle East,Grey,Hybrid,Automatic,4.5,79505,68847,2846,Low
12/31/2018,5 Series,2018,North America,White,Hybrid,Manual,2.2,24728,102406,7794,High
12/31/2011,X3,2011,Middle East,Silver,Diesel,Manual,2.5,55993,48260,5510,High
12/31/2016,7 Series,2016,North America,Red,Electric,Manual,3,695,130523,820,Low
12/31/2024,M3,2024,North America,Grey,Hybrid,Automatic,3.3,18647,150622,3068,Low
12/31/2019,X1,2019,Middle East,Grey,Hybrid,Automatic,2.4,17750,90310,6198,High
12/31/2015,i3,2015,South America,Silver,Petrol,Manual,2.8,1088,72407,2376,Low
12/31/2015,7 Series,2015,Middle East,Black,Electric,Manual,3.9,168141,104903,389,Low
12/31/2023,X1,2023,Africa,Grey,Diesel,Automatic,3.8,176210,76406,4820,Low
12/31/2016,M3,2016,South America,Black,Diesel,Automatic,1.9,111909,70483,1450,Low
12/31/2015,X1,2015,Asia,Silver,Hybrid,Automatic,4.9,87140,78385,7562,High
12/31/2011,X5,2011,Asia,Grey,Petrol,Automatic,3.5,160453,54139,6508,High
12/31/2020,7 Series,2020,Middle East,Red,Hybrid,Automatic,3.2,198945,116287,1369,Low
12/31/2014,5 Series,2014,Africa,Red,Hybrid,Automatic,4.9,181142,111800,2598,Low
12/31/2012,X3,2012,Middle East,Red,Electric,Automatic,2,120666,57890,5358,High
12/31/2018,X6,2018,Middle East,Red,Petrol,Automatic,3.4,141453,94696,2803,Low
12/31/2017,X3,2017,Middle East,Grey,Petrol,Automatic,4.3,116949,49277,5367,High
12/31/2019,i3,2019,Asia,Red,Electric,Manual,2.9,34860,94007,5171,High
12/31/2020,7 Series,2020,South America,White,Petrol,Manual,4.1,14908,143371,351,Low
12/31/2011,M5,2011,Africa,Red,Electric,Manual,4.6,93642,105525,50,Low
12/31/2024,i8,2024,Europe,Silver,Hybrid,Manual,2.4,63467,177192,855,Low
12/31/2010,5 Series,2010,Asia,Red,Petrol,Automatic,2.3,195787,28532,6789,High
12/31/2024,7 Series,2024,Asia,Grey,Hybrid,Manual,2.8,42072,160802,2295,Low
12/31/2013,3 Series,2013,Africa,Grey,Electric,Automatic,3,68225,64744,3983,Low
12/31/2013,7 Series,2013,Africa,Grey,Diesel,Manual,1.9,16904,85076,62,Low
12/31/2021,X3,2021,Middle East,Blue,Petrol,Manual,2.3,107441,81600,6406,High
12/31/2019,3 Series,2019,South America,White,Petrol,Automatic,4.6,170412,72939,6986,High
12/31/2020,X3,2020,Europe,Blue,Diesel,Manual,3.5,197154,66872,9577,High
12/31/2011,M5,2011,Middle East,Blue,Petrol,Manual,2.4,40927,99345,134,Low
12/31/2016,X1,2016,South America,Red,Electric,Automatic,4.8,26173,95474,4425,Low
12/31/2022,i3,2022,North America,Blue,Hybrid,Automatic,4.2,95693,107831,6019,High
12/31/2024,M5,2024,Middle East,Black,Electric,Automatic,2.8,89180,162247,1866,Low
12/31/2012,X5,2012,Asia,Blue,Petrol,Manual,4.2,174008,55866,12521,High
12/31/2016,7 Series,2016,Europe,Red,Diesel,Automatic,3.6,145709,100325,1229,Low
12/31/2016,7 Series,2016,North America,Silver,Electric,Manual,3.9,148420,115795,880,Low
12/31/2010,X1,2010,Asia,Silver,Hybrid,Automatic,2.6,150608,30557,7764,High
12/31/2015,X6,2015,Africa,White,Electric,Automatic,2.2,81898,92490,1656,Low
12/31/2013,7 Series,2013,Africa,Silver,Diesel,Automatic,2.4,122481,78574,187,Low
12/31/2020,i3,2020,Asia,White,Petrol,Automatic,1.8,190538,53091,6716,High
12/31/2017,X1,2017,Asia,Blue,Electric,Manual,3.1,126365,68113,8954,High
12/31/2017,3 Series,2017,Middle East,Blue,Hybrid,Automatic,2.9,24881,92640,6681,High
12/31/2012,X1,2012,Middle East,Red,Petrol,Automatic,1.5,32014,42445,5299,High
12/31/2013,i8,2013,Europe,Black,Petrol,Automatic,4.5,156451,120477,50,Low
12/31/2024,i8,2024,Europe,Blue,Petrol,Automatic,3.9,41382,174981,371,Low
12/31/2010,i3,2010,Africa,Blue,Petrol,Manual,3.1,147387,25000,2330,Low
12/31/2019,X5,2019,Asia,Blue,Petrol,Manual,4.9,54426,115345,5777,High
12/31/2011,7 Series,2011,North America,Red,Diesel,Manual,4.8,3125,110865,323,Low
12/31/2016,X6,2016,Middle East,Silver,Petrol,Automatic,1.8,2049,97507,2600,Low
12/31/2024,X6,2024,Africa,Grey,Petrol,Manual,3.7,121925,112238,3074,Low
12/31/2023,M3,2023,Europe,Black,Hybrid,Automatic,4.4,149763,123547,3638,Low
12/31/2020,M5,2020,South America,Blue,Electric,Automatic,2.1,179926,116967,1576,Low
12/31/2021,X3,2021,North America,Grey,Electric,Manual,1.9,196142,72764,8728,High
12/31/2024,X1,2024,North America,Black,Petrol,Manual,2.4,71855,93347,7217,High
12/31/2016,X3,2016,Asia,Grey,Electric,Automatic,2.5,103864,78751,8064,High
12/31/2022,M3,2022,Middle East,White,Hybrid,Automatic,4.9,103744,140642,2190,Low
12/31/2018,X1,2018,Africa,Grey,Diesel,Manual,4.2,3563,79877,3551,Low
12/31/2019,X6,2019,Europe,Blue,Electric,Manual,1.7,152693,97439,4034,Low
12/31/2018,7 Series,2018,South America,Red,Electric,Manual,4.3,12620,150086,425,Low
12/31/2018,5 Series,2018,North America,Grey,Petrol,Manual,2.1,1861,95521,7161,High
12/31/2015,3 Series,2015,Europe,White,Electric,Manual,2.8,101025,66945,9087,High
12/31/2017,X6,2017,Middle East,Silver,Hybrid,Manual,2.6,170916,89506,2702,Low
12/31/2018,M3,2018,Asia,Silver,Hybrid,Manual,2.5,181711,77991,913,Low
12/31/2021,3 Series,2021,Africa,Grey,Petrol,Manual,2.6,84662,81246,6286,High
12/31/2023,5 Series,2023,North America,Black,Diesel,Automatic,4.1,137567,103520,7233,High
12/31/2016,X1,2016,Middle East,White,Hybrid,Manual,2.4,145707,51145,4949,Low
12/31/2013,X1,2013,Europe,White,Hybrid,Manual,4.3,26830,73228,7297,High
12/31/2023,X5,2023,North America,Silver,Electric,Automatic,1.8,179315,100709,8065,High
12/31/2013,X3,2013,North America,Black,Hybrid,Automatic,3.6,119107,67498,7969,High
12/31/2015,M5,2015,Asia,Silver,Petrol,Automatic,4.5,21897,135564,882,Low
12/31/2023,7 Series,2023,North America,Black,Hybrid,Manual,1.8,65879,144363,2301,Low
12/31/2020,i3,2020,Middle East,Grey,Diesel,Automatic,3.7,68879,87071,3402,Low
12/31/2013,M3,2013,South America,Blue,Hybrid,Automatic,3.3,22306,97574,895,Low
12/31/2020,i3,2020,Middle East,Blue,Electric,Manual,2.7,76023,93061,3697,Low
12/31/2016,X1,2016,Africa,Silver,Diesel,Automatic,1.9,132135,37132,3959,Low
12/31/2017,X3,2017,Europe,Silver,Petrol,Manual,3.9,52688,78908,8978,High
12/31/2017,3 Series,2017,Africa,Silver,Petrol,Automatic,2.6,198894,45419,5029,High
12/31/2023,X1,2023,North America,Black,Diesel,Automatic,2.7,70492,90678,9058,High
12/31/2017,7 Series,2017,South America,White,Electric,Manual,4,98237,121498,300,Low
12/31/2011,3 Series,2011,South America,White,Diesel,Manual,4.8,136737,42402,860,Low
12/31/2023,M5,2023,Europe,Silver,Petrol,Automatic,2.7,133757,132863,1988,Low
12/31/2019,i3,2019,Africa,White,Diesel,Automatic,4.1,85673,82767,2901,Low
12/31/2011,X1,2011,Africa,Silver,Hybrid,Automatic,4.8,181214,41958,4078,Low
12/31/2011,X6,2011,Middle East,Grey,Electric,Automatic,1.8,123125,72435,1847,Low
12/31/2011,i8,2011,Middle East,Blue,Hybrid,Manual,3.4,88528,126440,50,Low
12/31/2013,7 Series,2013,Asia,Black,Petrol,Automatic,1.5,128771,77357,1132,Low
12/31/2014,i3,2014,Africa,Red,Petrol,Manual,4.4,93206,61790,2502,Low
12/31/2013,X3,2013,Europe,Grey,Electric,Automatic,2.5,37002,75759,8062,High
12/31/2024,X1,2024,North America,Grey,Diesel,Automatic,2.7,131606,77910,8782,High
12/31/2014,X5,2014,Asia,Silver,Petrol,Manual,3.9,3772,91706,6328,High
12/31/2013,3 Series,2013,Middle East,Red,Petrol,Manual,4.3,181237,43556,6118,High
12/31/2016,X3,2016,Europe,Red,Hybrid,Automatic,2.9,197043,59316,9225,High
12/31/2019,X1,2019,Europe,Silver,Petrol,Automatic,3.8,143846,66019,8714,High
12/31/2010,7 Series,2010,North America,Black,Diesel,Manual,4.8,178143,31097,1334,Low
12/31/2023,X5,2023,Asia,Red,Petrol,Manual,4.6,63718,130416,7242,High
12/31/2022,X6,2022,North America,Silver,Petrol,Manual,4,164880,107946,4890,Low
12/31/2010,M3,2010,Europe,Red,Hybrid,Manual,4.8,90710,36419,2762,Low
12/31/2011,X6,2011,Asia,Blue,Hybrid,Automatic,4.6,11553,106116,9879,High
12/31/2022,M3,2022,Europe,White,Hybrid,Manual,4.1,186461,106312,3560,Low
12/31/2010,X5,2010,Europe,Grey,Diesel,Manual,4.7,78298,65319,4158,Low
12/31/2021,M5,2021,Middle East,Blue,Diesel,Manual,4.4,30176,151753,830,Low
12/31/2024,X1,2024,Asia,White,Electric,Manual,3.3,148111,96297,9141,High
12/31/2019,i3,2019,Europe,Red,Petrol,Automatic,3.3,178051,63096,5659,High
12/31/2021,X3,2021,Europe,Black,Electric,Manual,1.5,189491,72002,8157,High
12/31/2021,i8,2021,Asia,Red,Diesel,Automatic,1.6,194682,123786,808,Low
12/31/2019,X3,2019,Middle East,Grey,Diesel,Manual,4.1,128275,75602,5273,High
12/31/2022,X6,2022,Asia,Black,Electric,Automatic,3.4,13407,142775,4578,Low
12/31/2023,X3,2023,Asia,Red,Electric,Automatic,4.2,48225,132730,10738,High
12/31/2020,M5,2020,North America,Blue,Electric,Automatic,4.8,151474,153363,2120,Low
12/31/2012,X5,2012,Middle East,Silver,Hybrid,Automatic,3.1,52652,84063,2788,Low
12/31/2015,X1,2015,North America,Blue,Diesel,Automatic,1.8,193487,25000,8766,High
12/31/2019,X3,2019,South America,Red,Electric,Automatic,3.7,148462,92084,6408,High
12/31/2020,X1,2020,Middle East,Blue,Petrol,Manual,1.8,108764,65746,6620,High
12/31/2015,5 Series,2015,North America,White,Diesel,Manual,3.7,110000,71884,5836,High
12/31/2010,X1,2010,Middle East,Grey,Hybrid,Automatic,3.3,23991,59144,4599,Low
12/31/2015,5 Series,2015,Middle East,Grey,Diesel,Manual,4,105986,75659,4708,Low
12/31/2014,X6,2014,South America,Blue,Diesel,Manual,2.7,141254,62835,2274,Low
12/31/2016,5 Series,2016,North America,Grey,Hybrid,Manual,2,123561,71946,6940,High
12/31/2015,M3,2015,North America,White,Electric,Manual,2.3,144615,78062,2499,Low
12/31/2021,i3,2021,Asia,Silver,Petrol,Manual,3.9,28188,102407,5633,High
12/31/2021,M5,2021,Asia,White,Diesel,Automatic,3.2,129680,131161,1886,Low
12/31/2016,M3,2016,Africa,Silver,Diesel,Manual,3.4,182228,33207,2171,Low
12/31/2011,5 Series,2011,South America,Blue,Electric,Manual,2.6,120987,55923,3938,Low
12/31/2021,7 Series,2021,Middle East,Blue,Electric,Automatic,4.4,185915,136504,1288,Low
12/31/2010,X6,2010,North America,Grey,Hybrid,Manual,5,35806,56101,3107,Low
12/31/2023,5 Series,2023,Middle East,Black,Electric,Automatic,2.6,93915,116543,5316,High
12/31/2016,i8,2016,Middle East,White,Diesel,Automatic,4,75132,138962,50,Low
12/31/2018,X3,2018,North America,Blue,Electric,Automatic,2.1,86336,91233,9077,High
12/31/2011,M3,2011,North America,White,Hybrid,Automatic,4.1,130107,75154,2038,Low
12/31/2021,i3,2021,South America,White,Petrol,Automatic,3,63063,86206,2988,Low
12/31/2016,5 Series,2016,South America,White,Petrol,Automatic,3.6,58812,86193,3633,Low
12/31/2012,i3,2012,South America,Grey,Hybrid,Manual,2.3,169932,32139,2519,Low
12/31/2015,5 Series,2015,North America,White,Diesel,Automatic,4.5,170538,66361,6295,High
12/31/2012,M3,2012,Asia,Black,Diesel,Automatic,2.1,52390,68760,2243,Low
12/31/2022,5 Series,2022,Europe,Grey,Hybrid,Automatic,4.8,192116,109811,7734,High
12/31/2019,7 Series,2019,Africa,Grey,Diesel,Automatic,1.7,192768,84358,872,Low
12/31/2022,X6,2022,Europe,Black,Electric,Manual,2.5,13064,137543,4715,Low
12/31/2020,3 Series,2020,Africa,Grey,Petrol,Automatic,3.5,78055,85542,5872,High
12/31/2020,X6,2020,North America,Silver,Petrol,Automatic,4.5,165076,105548,4204,Low
12/31/2020,3 Series,2020,Europe,Red,Diesel,Automatic,3.5,114761,80836,9804,High
12/31/2014,X1,2014,Africa,Black,Hybrid,Automatic,2.3,115592,50283,3362,Low
12/31/2024,i8,2024,Middle East,Grey,Diesel,Manual,4.5,107906,166677,172,Low
12/31/2011,X1,2011,Middle East,White,Electric,Manual,3.6,149148,46579,4506,Low
12/31/2017,M3,2017,North America,Red,Petrol,Manual,2.3,118613,74238,701,Low
12/31/2023,5 Series,2023,Africa,Blue,Diesel,Manual,3.5,155689,90953,4331,Low
12/31/2017,M5,2017,Middle East,Silver,Petrol,Manual,3.9,55082,137544,486,Low
12/31/2016,i8,2016,Europe,Grey,Petrol,Automatic,3.9,104439,132438,50,Low
12/31/2015,X3,2015,North America,Blue,Diesel,Manual,4,174173,51192,9520,High
12/31/2010,5 Series,2010,North America,White,Hybrid,Manual,4.6,166644,57429,6973,High
12/31/2017,X5,2017,Africa,Red,Petrol,Manual,4.4,132247,85299,3397,Low
12/31/2010,X3,2010,Middle East,Blue,Diesel,Automatic,3.6,3074,64165,4445,Low
12/31/2017,X1,2017,Middle East,Black,Electric,Automatic,1.6,23815,82959,5128,High
12/31/2020,M3,2020,Europe,Silver,Hybrid,Automatic,4.1,49817,127324,2942,Low
12/31/2011,i8,2011,Asia,Grey,Hybrid,Manual,4.9,112494,134124,50,Low
12/31/2017,M5,2017,North America,Black,Diesel,Manual,2.6,127202,103784,1487,Low
12/31/2019,3 Series,2019,South America,White,Diesel,Manual,3.6,179174,59720,6686,High
12/31/2021,X3,2021,Africa,Silver,Diesel,Automatic,4.2,142258,81120,5741,High
12/31/2013,X5,2013,Middle East,Grey,Hybrid,Manual,3.7,198366,63340,3722,Low
12/31/2016,X5,2016,Europe,White,Electric,Manual,4.7,15926,122392,5266,High
12/31/2014,X1,2014,Africa,Grey,Petrol,Manual,3.2,2426,63827,3315,Low
12/31/2017,i3,2017,Europe,Silver,Hybrid,Manual,3.4,64360,81198,4544,Low
12/31/2021,X6,2021,South America,Grey,Diesel,Manual,1.6,94114,89034,2952,Low
12/31/2024,X6,2024,Europe,Red,Electric,Manual,4.7,25935,151612,4657,Low
12/31/2015,i8,2015,South America,Silver,Petrol,Manual,2.4,161290,105105,50,Low
12/31/2023,i3,2023,South America,Red,Diesel,Automatic,4.9,22094,113075,3243,Low
12/31/2024,X6,2024,Asia,Blue,Diesel,Automatic,2.2,35096,131302,4717,Low
12/31/2014,5 Series,2014,North America,Grey,Electric,Manual,2.4,17357,89477,6177,High
12/31/2010,i8,2010,Europe,Grey,Hybrid,Manual,3.2,197320,96877,50,Low
12/31/2012,X3,2012,Africa,Silver,Electric,Automatic,3.8,157577,57800,3712,Low
12/31/2019,7 Series,2019,South America,Red,Petrol,Automatic,3,11948,127707,541,Low
12/31/2018,M5,2018,Asia,Red,Petrol,Automatic,2.7,174725,110025,1585,Low
12/31/2024,7 Series,2024,South America,White,Hybrid,Automatic,3.4,18587,163137,1253,Low
12/31/2023,7 Series,2023,South America,Blue,Diesel,Manual,4.9,117516,135205,1060,Low
12/31/2018,i8,2018,Asia,Blue,Petrol,Automatic,4.9,79596,161527,50,Low
12/31/2014,X1,2014,Africa,Silver,Electric,Automatic,2.6,61004,67697,3845,Low
12/31/2012,X1,2012,Africa,White,Diesel,Manual,3.9,39789,49552,3397,Low
12/31/2015,X3,2015,North America,Red,Diesel,Manual,4,41585,79238,8381,High
12/31/2014,3 Series,2014,Africa,Blue,Petrol,Automatic,3.8,112246,53393,4353,Low
12/31/2024,X6,2024,North America,Blue,Hybrid,Manual,1.9,136262,116210,5930,High
12/31/2010,X3,2010,North America,White,Hybrid,Manual,3.4,50037,61015,7020,High
12/31/2011,3 Series,2011,Africa,Silver,Diesel,Manual,4.2,179766,28370,5381,High
12/31/2021,5 Series,2021,Middle East,Grey,Diesel,Manual,2.2,93913,90017,4544,Low
12/31/2014,i8,2014,Europe,Red,Petrol,Manual,2.7,97750,117523,50,Low
12/31/2023,M5,2023,North America,Red,Diesel,Manual,2.2,189875,120404,2058,Low
12/31/2018,5 Series,2018,Europe,Black,Hybrid,Manual,4.6,71195,102841,6230,High
12/31/2021,X6,2021,Europe,Red,Petrol,Manual,4.5,30975,133380,3682,Low
12/31/2013,X5,2013,South America,Blue,Hybrid,Manual,2.1,194272,49700,2967,Low
12/31/2018,i3,2018,Middle East,White,Petrol,Manual,4.2,155644,72165,3870,Low
12/31/2012,X1,2012,South America,Grey,Petrol,Manual,2.8,189900,25000,4812,Low
12/31/2010,X6,2010,Europe,Grey,Electric,Automatic,3.9,107696,79086,2849,Low
12/31/2015,X1,2015,Middle East,White,Petrol,Automatic,3.2,16865,68812,4705,Low
12/31/2024,i8,2024,Asia,Blue,Hybrid,Manual,3.2,141687,166197,1087,Low
12/31/2019,M5,2019,Europe,Red,Electric,Automatic,4.6,144220,144741,1655,Low
12/31/2023,X3,2023,Middle East,Grey,Diesel,Manual,3.7,135134,93575,7478,High
12/31/2016,i3,2016,Asia,Grey,Petrol,Automatic,2.3,129967,53551,4746,Low
12/31/2013,X3,2013,Africa,Black,Electric,Automatic,1.9,7582,75364,3405,Low
12/31/2019,X5,2019,North America,Blue,Diesel,Automatic,4.8,162711,90643,6673,High
12/31/2014,X1,2014,Middle East,Red,Hybrid,Manual,2,87917,53386,4519,Low
12/31/2013,M3,2013,North America,Blue,Diesel,Manual,4.1,10205,86919,2442,Low
12/31/2012,M5,2012,North America,Grey,Electric,Automatic,3.2,80582,113548,809,Low
12/31/2010,M3,2010,Asia,Silver,Petrol,Automatic,2,20993,63125,2530,Low
12/31/2022,X6,2022,South America,Blue,Hybrid,Manual,4.2,46539,129622,3114,Low
12/31/2015,3 Series,2015,South America,Silver,Diesel,Automatic,4.7,9785,86129,5375,High
12/31/2019,5 Series,2019,Asia,Red,Electric,Manual,1.9,62773,99382,1003,Low
12/31/2014,X1,2014,Europe,Silver,Hybrid,Manual,1.7,113144,42652,7178,High
12/31/2020,X5,2020,North America,Red,Hybrid,Automatic,4.5,4350,137692,6483,High
12/31/2010,X6,2010,North America,Grey,Electric,Automatic,3.3,82470,81992,2992,Low
12/31/2014,7 Series,2014,Middle East,Grey,Hybrid,Manual,3.9,118290,113568,100,Low
12/31/2015,M3,2015,South America,Blue,Petrol,Automatic,3,95301,75958,1438,Low
12/31/2019,7 Series,2019,Asia,Silver,Electric,Manual,2.9,133395,116709,1852,Low
12/31/2014,M3,2014,Asia,Red,Hybrid,Automatic,2.5,99458,80794,2920,Low
12/31/2010,X6,2010,North America,Black,Electric,Manual,3.5,20040,97906,3080,Low
12/31/2023,X3,2023,Europe,Grey,Petrol,Automatic,2.1,37466,97322,8594,High
12/31/2014,5 Series,2014,South America,Silver,Hybrid,Manual,4,135876,74728,4055,Low
12/31/2019,X1,2019,Europe,Black,Hybrid,Automatic,3.4,111043,78968,7976,High
12/31/2010,X1,2010,Africa,Blue,Electric,Manual,4.5,133266,45721,3859,Low
12/31/2020,X1,2020,North America,White,Electric,Automatic,4.7,192100,82502,9427,High
12/31/2012,M5,2012,Europe,Silver,Electric,Automatic,4.7,33551,138002,305,Low
12/31/2021,X3,2021,Middle East,Red,Electric,Manual,3.6,147444,93566,6093,High
12/31/2022,5 Series,2022,Europe,Grey,Petrol,Manual,2.6,163733,83762,7818,High
12/31/2011,M5,2011,Africa,Silver,Electric,Automatic,2.8,110799,99774,50,Low
12/31/2022,X5,2022,South America,Red,Diesel,Automatic,3.8,132244,100973,4370,Low
12/31/2010,3 Series,2010,Asia,Red,Hybrid,Automatic,4,146875,46943,9389,High
12/31/2013,5 Series,2013,Asia,Red,Electric,Automatic,2.1,8993,88674,6907,High
12/31/2011,3 Series,2011,Asia,Blue,Petrol,Automatic,5,148676,49489,8659,High
12/31/2014,X6,2014,Middle East,Grey,Hybrid,Manual,1.9,197071,62090,2867,Low
12/31/2019,M3,2019,South America,Grey,Diesel,Manual,3.6,129804,90289,1989,Low
12/31/2010,X5,2010,Europe,Red,Petrol,Manual,3.4,139743,49991,4764,Low
12/31/2021,3 Series,2021,Africa,White,Hybrid,Automatic,3.6,20045,113602,5588,High
12/31/2019,X1,2019,North America,Grey,Electric,Manual,3.4,190612,67028,8872,High
12/31/2010,7 Series,2010,South America,Silver,Electric,Manual,1.7,16827,94294,50,Low
12/31/2020,X3,2020,South America,Silver,Petrol,Automatic,5,45161,108277,4901,Low
12/31/2019,5 Series,2019,North America,Black,Hybrid,Manual,4.9,30153,118619,7318,High
12/31/2013,X1,2013,South America,Blue,Hybrid,Automatic,3.3,84397,55756,4786,Low
12/31/2016,X3,2016,Africa,Silver,Hybrid,Manual,2.2,61711,69340,4135,Low
12/31/2023,i3,2023,Africa,Black,Electric,Manual,2.1,72886,99459,3159,Low
12/31/2023,X5,2023,Asia,White,Electric,Manual,1.7,139256,107420,6416,High
12/31/2011,X6,2011,Europe,Silver,Petrol,Manual,3.6,142474,62719,3794,Low
12/31/2011,M5,2011,South America,Grey,Petrol,Automatic,3.2,182269,74558,338,Low
12/31/2010,X5,2010,Asia,Blue,Petrol,Manual,3,46196,60381,5859,High
12/31/2014,X6,2014,North America,Black,Diesel,Automatic,3.3,104369,78805,3528,Low
12/31/2015,i8,2015,Africa,White,Electric,Manual,4.6,49226,148251,50,Low
12/31/2022,X1,2022,Asia,Black,Diesel,Manual,1.7,15421,87362,9041,High
12/31/2015,X6,2015,North America,Silver,Petrol,Manual,3.4,157665,73939,4110,Low
12/31/2011,X3,2011,Middle East,Silver,Petrol,Automatic,4,199801,36784,6247,High
12/31/2021,M5,2021,North America,Black,Petrol,Manual,4.9,4102,162574,1315,Low
12/31/2021,X5,2021,Europe,Silver,Hybrid,Manual,4.1,21838,127669,6636,High
12/31/2016,3 Series,2016,Africa,Grey,Hybrid,Manual,3.4,59091,79849,5037,High
12/31/2015,X1,2015,Asia,Blue,Petrol,Manual,4.2,19343,70808,8567,High
12/31/2017,M3,2017,Asia,Red,Hybrid,Automatic,5,140060,107580,2400,Low
12/31/2015,X3,2015,South America,White,Petrol,Manual,4.6,2308,82562,4349,Low
12/31/2018,7 Series,2018,Middle East,Red,Petrol,Manual,1.8,109268,105303,803,Low
12/31/2019,M3,2019,Middle East,Black,Hybrid,Automatic,3.5,153919,104690,2053,Low
12/31/2011,M3,2011,Europe,Red,Electric,Manual,4.3,52622,93754,1825,Low
12/31/2016,M5,2016,Africa,Grey,Petrol,Automatic,3.9,39728,123455,140,Low
12/31/2014,7 Series,2014,Europe,White,Hybrid,Automatic,3,68822,107027,782,Low
12/31/2010,7 Series,2010,Africa,Black,Petrol,Automatic,2.6,177515,56310,55,Low
12/31/2012,X1,2012,Africa,Red,Electric,Automatic,3.7,135602,48535,3786,Low
12/31/2013,X1,2013,North America,Silver,Diesel,Manual,2.9,22526,52834,8291,High
12/31/2021,X1,2021,Asia,Red,Electric,Manual,2.9,25196,98206,8894,High
12/31/2011,M5,2011,Africa,Black,Electric,Manual,4.4,68956,112154,50,Low
12/31/2016,i3,2016,Middle East,Blue,Petrol,Automatic,2.6,115520,62119,3074,Low
12/31/2010,M5,2010,Africa,White,Diesel,Automatic,3.8,20228,102584,50,Low
12/31/2012,7 Series,2012,Asia,Silver,Hybrid,Automatic,4.6,139720,99255,744,Low
12/31/2021,X3,2021,South America,Black,Petrol,Automatic,3.7,195184,77265,5443,High
12/31/2018,5 Series,2018,Asia,Blue,Diesel,Manual,3.2,91104,78416,8133,High
12/31/2020,X5,2020,Asia,Red,Diesel,Manual,1.6,30500,99375,5588,High
12/31/2023,M3,2023,South America,Grey,Hybrid,Automatic,3.9,32052,144944,1948,Low
12/31/2011,X3,2011,South America,Red,Hybrid,Manual,5,100357,66136,4528,Low
12/31/2014,3 Series,2014,Europe,Blue,Petrol,Automatic,4.3,114598,62194,8642,High
12/31/2013,3 Series,2013,Africa,Silver,Diesel,Automatic,3.7,95434,52078,4442,Low
12/31/2021,5 Series,2021,South America,Black,Electric,Automatic,3.1,67160,115997,5349,High
12/31/2012,i8,2012,Africa,Grey,Electric,Automatic,2.3,143057,109127,50,Low
12/31/2014,X3,2014,Europe,Black,Diesel,Automatic,3.9,29909,78234,7771,High
12/31/2015,i3,2015,North America,Blue,Electric,Manual,2.1,43816,76619,4531,Low
12/31/2010,3 Series,2010,Asia,Grey,Diesel,Manual,4.6,158669,33794,1102,Low
12/31/2011,5 Series,2011,Middle East,Red,Diesel,Manual,2.7,188937,34967,4627,Low
12/31/2010,i8,2010,Asia,Grey,Electric,Manual,2.9,94800,121778,50,Low
12/31/2012,3 Series,2012,Africa,Red,Diesel,Automatic,2.3,137308,29559,4738,Low
12/31/2017,X3,2017,South America,Blue,Hybrid,Automatic,3.2,147781,73550,5944,High
12/31/2017,i8,2017,North America,Black,Hybrid,Automatic,3.9,146054,143799,50,Low
12/31/2013,i8,2013,Middle East,Red,Petrol,Automatic,2.6,22788,137919,50,Low
12/31/2015,5 Series,2015,South America,White,Electric,Automatic,4,44194,100213,3433,Low
12/31/2021,X1,2021,Europe,Silver,Petrol,Manual,3.7,19974,93213,8688,High
12/31/2018,X3,2018,Asia,Blue,Diesel,Manual,2.8,119269,68769,9402,High
12/31/2023,5 Series,2023,Africa,Red,Hybrid,Automatic,2.6,67769,116697,4898,Low
12/31/2016,X3,2016,South America,Silver,Electric,Automatic,4.5,40752,96284,5375,High
12/31/2011,X1,2011,South America,Blue,Electric,Automatic,1.5,148982,29276,4442,Low
12/31/2020,M3,2020,Asia,Black,Electric,Manual,4,63539,123447,3584,Low
12/31/2011,i8,2011,South America,Black,Hybrid,Automatic,3,130841,112656,50,Low
12/31/2012,M3,2012,Middle East,Grey,Electric,Automatic,4,24874,101739,857,Low
12/31/2017,5 Series,2017,South America,White,Petrol,Automatic,3.3,20276,89511,3886,Low
12/31/2019,7 Series,2019,Africa,Red,Electric,Automatic,1.8,162416,101794,1267,Low
12/31/2024,i3,2024,Asia,Black,Hybrid,Manual,4.9,173290,103321,5524,High
12/31/2018,7 Series,2018,South America,Red,Diesel,Manual,1.8,103607,93664,809,Low
12/31/2022,X3,2022,North America,Silver,Petrol,Automatic,2.1,197197,70187,10399,High
12/31/2023,X3,2023,Africa,Silver,Petrol,Manual,3,167546,79268,5347,High
12/31/2012,i8,2012,South America,Grey,Hybrid,Manual,4.8,99404,125081,50,Low
12/31/2018,M3,2018,South America,Grey,Petrol,Manual,2.5,80707,86469,1955,Low
12/31/2021,X5,2021,Middle East,Blue,Electric,Manual,3.5,113007,122825,4975,Low
12/31/2021,i8,2021,Africa,Grey,Hybrid,Manual,3.3,84708,165339,80,Low
12/31/2019,7 Series,2019,Europe,White,Hybrid,Automatic,2.7,130720,115039,1723,Low
12/31/2021,i8,2021,Africa,White,Electric,Manual,3.9,47885,182448,50,Low
12/31/2017,X6,2017,Europe,Black,Petrol,Automatic,3.3,11468,111034,3089,Low
12/31/2014,5 Series,2014,Africa,Blue,Diesel,Automatic,3.5,32656,80212,3087,Low
12/31/2020,M3,2020,North America,Blue,Petrol,Automatic,2.2,190574,82832,3822,Low
12/31/2019,X6,2019,North America,Silver,Hybrid,Automatic,4.7,50982,129205,4322,Low
12/31/2012,M3,2012,South America,Silver,Petrol,Automatic,1.9,86063,56273,1115,Low
12/31/2020,X3,2020,Asia,White,Diesel,Manual,3.9,16789,98479,8834,High
12/31/2016,5 Series,2016,Africa,White,Diesel,Automatic,4.6,88150,81236,3851,Low
12/31/2018,7 Series,2018,South America,Black,Diesel,Automatic,1.8,111396,96378,707,Low
12/31/2021,X6,2021,South America,Silver,Hybrid,Automatic,1.6,99939,106614,3236,Low
12/31/2015,7 Series,2015,North America,Blue,Petrol,Automatic,2.7,115432,100281,1040,Low
12/31/2012,M5,2012,Africa,White,Electric,Manual,4.3,168184,94172,50,Low
12/31/2014,7 Series,2014,North America,White,Electric,Automatic,4,143914,116383,584,Low
12/31/2016,X1,2016,Africa,Red,Hybrid,Automatic,4.4,114732,72689,3701,Low
12/31/2017,X3,2017,Africa,Silver,Petrol,Manual,2.9,19938,79544,4763,Low
12/31/2022,M5,2022,North America,White,Electric,Automatic,5,26094,171993,1812,Low
12/31/2023,X3,2023,South America,Silver,Diesel,Automatic,2.8,105923,90840,6569,High
12/31/2021,M5,2021,South America,Grey,Petrol,Manual,4.3,153568,126214,925,Low
12/31/2013,M5,2013,Asia,Black,Hybrid,Manual,2.7,20970,120943,826,Low
12/31/2011,i3,2011,South America,Blue,Electric,Manual,2.3,178744,33455,2619,Low
12/31/2019,5 Series,2019,South America,Red,Diesel,Automatic,2.7,174753,66305,5295,High
12/31/2011,X1,2011,South America,Grey,Hybrid,Manual,2.2,194845,25000,4796,Low
12/31/2021,i8,2021,North America,Black,Hybrid,Automatic,2,157862,141217,829,Low
12/31/2012,M3,2012,Middle East,White,Hybrid,Manual,2.8,114527,75235,1189,Low
12/31/2017,7 Series,2017,Middle East,Silver,Hybrid,Manual,2,89689,115414,511,Low
12/31/2010,M5,2010,Middle East,Red,Hybrid,Automatic,3.3,188838,85138,217,Low
12/31/2023,7 Series,2023,Middle East,Red,Electric,Automatic,1.6,32071,155737,1188,Low
12/31/2016,7 Series,2016,Africa,Grey,Petrol,Manual,3,130009,88332,502,Low
12/31/2015,7 Series,2015,North America,Black,Diesel,Automatic,4.9,135804,106681,1048,Low
12/31/2023,i3,2023,Europe,Grey,Electric,Manual,2.8,32354,111268,5063,High
12/31/2011,X1,2011,Asia,White,Hybrid,Manual,2,75531,41302,6888,High
12/31/2018,X3,2018,Middle East,Grey,Petrol,Manual,2.6,149916,60223,7065,High
12/31/2022,X1,2022,Asia,White,Diesel,Automatic,4.3,3840,101223,9328,High
12/31/2021,i3,2021,North America,White,Diesel,Manual,2.6,144346,71593,6118,High
12/31/2014,X5,2014,Asia,Red,Diesel,Manual,2.8,170406,55720,6785,High
12/31/2011,7 Series,2011,North America,White,Hybrid,Automatic,4.3,31712,110148,325,Low
12/31/2012,X5,2012,North America,Grey,Electric,Automatic,2.4,114287,73769,4980,Low
12/31/2016,i3,2016,Africa,Grey,Diesel,Automatic,3.2,35243,67495,2307,Low
12/31/2016,7 Series,2016,Middle East,White,Electric,Automatic,1.7,86366,120397,301,Low
12/31/2019,X6,2019,Asia,White,Electric,Manual,2.1,79984,110490,4598,Low
12/31/2010,X6,2010,Middle East,Black,Hybrid,Manual,2.2,158816,56785,1905,Low
12/31/2024,7 Series,2024,Europe,Grey,Electric,Manual,3.1,53203,154504,1803,Low
12/31/2019,i8,2019,Europe,Blue,Hybrid,Manual,4.4,141316,157760,339,Low
12/31/2023,3 Series,2023,Middle East,Black,Petrol,Automatic,2.7,162862,78530,7009,High
12/31/2020,i3,2020,Asia,Blue,Diesel,Automatic,2.8,118527,71702,4837,Low
12/31/2020,X5,2020,North America,Grey,Hybrid,Manual,2.6,86416,101343,6833,High
12/31/2021,X5,2021,Europe,Grey,Hybrid,Manual,2.6,25888,115041,6268,High
12/31/2013,5 Series,2013,Africa,Black,Diesel,Automatic,2.9,25257,67772,3361,Low
12/31/2015,M3,2015,North America,Grey,Diesel,Manual,4.6,151446,77678,2347,Low
12/31/2017,X6,2017,North America,Blue,Electric,Automatic,1.6,135749,93833,3690,Low
12/31/2012,5 Series,2012,Asia,Red,Diesel,Automatic,3.7,1329,81963,5625,High
12/31/2023,3 Series,2023,Middle East,Red,Electric,Manual,4.6,38629,130545,6381,High
12/31/2012,X1,2012,North America,Blue,Hybrid,Automatic,3,171011,35919,8006,High
12/31/2017,i3,2017,South America,White,Diesel,Automatic,3.8,99192,70065,2981,Low
12/31/2017,3 Series,2017,Asia,White,Electric,Automatic,3.6,68174,88058,10058,High
12/31/2017,M5,2017,South America,Silver,Petrol,Automatic,2.7,88890,106087,850,Low
12/31/2010,M3,2010,Middle East,Grey,Hybrid,Manual,2,38036,75356,982,Low
12/31/2017,M3,2017,Middle East,Grey,Diesel,Manual,2.3,120567,80604,2212,Low
12/31/2017,5 Series,2017,Middle East,Red,Electric,Manual,1.7,137487,75809,4230,Low
12/31/2011,X5,2011,Europe,Blue,Hybrid,Automatic,4.2,101260,41809,5815,High
12/31/2021,X1,2021,Asia,Grey,Hybrid,Manual,3.4,154247,78406,8291,High
12/31/2018,i3,2018,Asia,Silver,Hybrid,Automatic,4.2,21984,105561,5104,High
12/31/2016,i3,2016,Asia,Silver,Diesel,Automatic,2.5,174908,43882,5222,High
12/31/2017,i8,2017,Asia,Silver,Hybrid,Manual,4.3,160685,138285,50,Low
12/31/2011,M5,2011,North America,White,Diesel,Automatic,2.6,67606,91841,1104,Low
12/31/2013,X1,2013,South America,Silver,Electric,Automatic,1.9,38140,62239,4790,Low
12/31/2016,X1,2016,Middle East,Blue,Diesel,Manual,3.4,194183,38997,5393,High
12/31/2015,5 Series,2015,Europe,Red,Hybrid,Manual,4.8,3987,105379,5422,High
12/31/2016,M5,2016,North America,Grey,Petrol,Manual,3,29749,122630,1317,Low
12/31/2010,7 Series,2010,Asia,Blue,Electric,Automatic,3.3,189331,83515,627,Low
12/31/2017,5 Series,2017,South America,Black,Diesel,Automatic,3.1,5377,91155,3501,Low
12/31/2022,X3,2022,North America,Grey,Hybrid,Automatic,3.1,121953,139208,8047,High
12/31/2016,5 Series,2016,North America,Silver,Petrol,Automatic,2.3,121488,65482,6757,High
12/31/2022,X1,2022,North America,Red,Electric,Automatic,3,24334,108336,8860,High
12/31/2013,i8,2013,Middle East,Silver,Petrol,Automatic,3.2,134592,114327,50,Low
12/31/2010,3 Series,2010,South America,Grey,Diesel,Automatic,4.1,41966,49105,5325,High
12/31/2024,M3,2024,North America,White,Hybrid,Automatic,2,131937,118541,4430,Low
12/31/2017,X3,2017,North America,White,Petrol,Manual,3.5,117956,70121,9162,High
12/31/2019,X3,2019,Europe,Black,Electric,Automatic,3.8,126055,97680,8495,High
12/31/2016,M3,2016,North America,Red,Electric,Manual,2.8,41068,101386,2365,Low
12/31/2017,i3,2017,Africa,Red,Electric,Automatic,3.4,199111,65007,3000,Low
12/31/2019,M3,2019,Africa,Silver,Hybrid,Manual,4,127811,105128,1790,Low
12/31/2010,3 Series,2010,Asia,White,Diesel,Manual,3.1,138123,25965,9336,High
12/31/2014,X6,2014,Europe,Red,Diesel,Automatic,2.7,83939,80045,3707,Low
12/31/2018,i3,2018,Asia,Silver,Hybrid,Manual,4.4,118251,83747,5757,High
12/31/2014,X5,2014,Middle East,Blue,Hybrid,Automatic,5,97885,100112,3302,Low
12/31/2022,X5,2022,Middle East,Blue,Diesel,Automatic,2.3,168658,85335,5239,High
12/31/2023,X3,2023,North America,Red,Diesel,Automatic,4.6,107797,104601,8050,High
12/31/2023,M5,2023,North America,Red,Hybrid,Manual,3.4,83293,159997,2272,Low
12/31/2019,X5,2019,South America,Black,Hybrid,Manual,3.1,965,119369,4271,Low
12/31/2021,7 Series,2021,South America,Red,Hybrid,Automatic,4.6,84200,138234,1171,Low
12/31/2012,3 Series,2012,South America,Black,Electric,Manual,4.7,92540,66228,5429,High
12/31/2018,X6,2018,South America,White,Electric,Automatic,2.5,186771,91721,3091,Low
12/31/2022,M3,2022,Middle East,Grey,Hybrid,Manual,2.8,81265,122875,2251,Low
12/31/2018,i8,2018,Europe,Black,Petrol,Manual,4.5,179086,132231,58,Low
12/31/2013,3 Series,2013,Africa,Red,Hybrid,Manual,3.2,45682,65771,4537,Low
12/31/2013,X6,2013,South America,Grey,Diesel,Automatic,2.5,142116,57652,2369,Low
12/31/2020,i8,2020,Middle East,Red,Electric,Manual,4.9,84635,178884,50,Low
12/31/2017,i3,2017,South America,White,Petrol,Automatic,2.3,63743,63869,3078,Low
12/31/2016,5 Series,2016,Asia,Silver,Hybrid,Manual,3.6,29210,100644,5874,High
12/31/2020,i3,2020,Europe,Blue,Petrol,Manual,3,30505,89714,5128,High
12/31/2014,X3,2014,Europe,Blue,Diesel,Automatic,3.1,18940,74433,7124,High
12/31/2015,X5,2015,South America,Black,Hybrid,Automatic,1.9,162642,62929,722,Low
12/31/2024,3 Series,2024,North America,Blue,Petrol,Manual,2.4,99275,88651,11597,High
12/31/2012,X1,2012,Europe,Silver,Hybrid,Automatic,2.1,154576,32224,7664,High
12/31/2023,7 Series,2023,Middle East,Black,Hybrid,Manual,4.1,71431,161083,1139,Low
12/31/2024,M3,2024,Middle East,Blue,Petrol,Manual,3.9,173114,109402,2368,Low
12/31/2015,X3,2015,North America,Grey,Diesel,Automatic,4.3,88692,74409,7232,High
12/31/2022,M3,2022,Asia,Red,Electric,Manual,3.9,75707,127774,4086,Low
12/31/2017,M3,2017,Africa,Black,Electric,Manual,2,15326,106951,927,Low
12/31/2019,M5,2019,Europe,Red,Diesel,Automatic,4.9,158525,125483,1513,Low
12/31/2023,X5,2023,North America,Silver,Electric,Automatic,2.2,175122,105730,6118,High
12/31/2022,i3,2022,Europe,Black,Petrol,Automatic,2.7,148266,79713,5044,High
12/31/2020,3 Series,2020,Asia,Grey,Petrol,Automatic,4,135099,79165,9899,High
12/31/2018,5 Series,2018,Europe,Grey,Petrol,Manual,2,79282,73516,6586,High
12/31/2012,i3,2012,Asia,White,Electric,Manual,2.1,28479,67488,4606,Low
12/31/2017,7 Series,2017,Middle East,Grey,Petrol,Automatic,4.6,56897,136854,188,Low
12/31/2021,X1,2021,Middle East,Silver,Petrol,Manual,2.7,68421,83761,6428,High
12/31/2012,X3,2012,Europe,White,Electric,Manual,3.8,90344,71364,7507,High
12/31/2011,X1,2011,North America,White,Diesel,Automatic,4.5,174554,31185,8330,High
12/31/2014,X6,2014,Asia,Grey,Hybrid,Automatic,4.9,26927,121080,3084,Low
12/31/2023,M3,2023,Europe,Blue,Diesel,Manual,2.2,5139,119428,3308,Low
12/31/2013,X3,2013,Asia,Blue,Petrol,Automatic,1.9,9666,63453,9756,High
12/31/2022,X3,2022,South America,Red,Electric,Automatic,4.1,15399,133233,661,Low
12/31/2014,5 Series,2014,Asia,White,Electric,Automatic,2.2,40805,88157,5612,High
12/31/2015,7 Series,2015,North America,Black,Electric,Manual,3.5,58897,125941,734,Low
12/31/2024,X6,2024,Africa,White,Diesel,Manual,3.4,154507,103388,2994,Low
12/31/2012,M3,2012,Africa,Silver,Hybrid,Automatic,3.5,118391,70873,815,Low
12/31/2010,X3,2010,South America,Silver,Hybrid,Automatic,3.8,26607,69517,791,Low
12/31/2024,i8,2024,Africa,Red,Diesel,Manual,4.5,85842,173627,50,Low
12/31/2013,X3,2013,Asia,Black,Hybrid,Automatic,2.5,174745,49608,8148,High
12/31/2015,X6,2015,Asia,Red,Electric,Manual,3.4,149792,90815,4022,Low
12/31/2011,X3,2011,Europe,White,Electric,Automatic,2.7,52869,67608,6483,High
12/31/2011,7 Series,2011,Asia,Grey,Petrol,Automatic,2.6,97141,80034,882,Low
12/31/2010,X1,2010,Middle East,White,Diesel,Automatic,1.6,11705,38820,4667,Low
12/31/2018,7 Series,2018,Middle East,Blue,Diesel,Automatic,3.6,2232,141661,294,Low
12/31/2012,3 Series,2012,North America,White,Electric,Manual,4.9,116105,67564,7786,High
12/31/2011,X5,2011,Europe,Blue,Electric,Automatic,4.2,169387,72623,4603,Low
12/31/2013,X5,2013,South America,Red,Electric,Automatic,2.3,30388,85470,2684,Low
12/31/2015,5 Series,2015,Middle East,Black,Electric,Automatic,4,138394,92452,4539,Low
12/31/2010,i8,2010,Africa,Red,Electric,Manual,2.5,180403,94446,50,Low
12/31/2018,5 Series,2018,South America,Blue,Petrol,Manual,4.1,45907,95972,3892,Low
12/31/2018,X6,2018,North America,Grey,Electric,Automatic,4.5,105653,122321,3710,Low
12/31/2017,X1,2017,North America,Grey,Hybrid,Automatic,2.7,114828,64839,7943,High
12/31/2015,X6,2015,Europe,Blue,Hybrid,Manual,1.5,122014,73246,4453,Low
12/31/2013,7 Series,2013,Africa,Black,Electric,Automatic,2.6,14057,113773,50,Low
12/31/2011,i8,2011,North America,Grey,Diesel,Manual,2.2,17360,115045,50,Low
12/31/2017,3 Series,2017,North America,Grey,Electric,Automatic,3.7,189170,69892,8551,High
12/31/2016,M5,2016,Middle East,Grey,Electric,Automatic,2.5,141488,118387,516,Low
12/31/2021,5 Series,2021,Europe,Silver,Hybrid,Manual,1.6,51402,103003,7672,High
12/31/2023,X6,2023,Europe,Silver,Hybrid,Manual,3.4,93746,128050,4328,Low
12/31/2013,M5,2013,South America,Silver,Diesel,Manual,4.6,124409,95858,331,Low
12/31/2012,i3,2012,North America,Silver,Petrol,Manual,3.1,88490,45715,4009,Low
12/31/2024,X1,2024,Asia,Red,Hybrid,Automatic,2.8,41203,111797,7872,High
12/31/2015,X5,2015,Asia,White,Hybrid,Automatic,2.1,189287,66582,5301,High
12/31/2024,i3,2024,Asia,Blue,Diesel,Manual,2.9,7030,103584,5317,High
12/31/2024,M5,2024,Africa,Grey,Diesel,Manual,2.7,177507,121360,159,Low
12/31/2010,3 Series,2010,North America,Silver,Electric,Automatic,5,163662,54259,8612,High
12/31/2011,7 Series,2011,Africa,Red,Electric,Manual,1.6,19157,96136,50,Low
12/31/2016,M5,2016,Africa,Silver,Hybrid,Automatic,2.3,83928,115974,254,Low
12/31/2020,7 Series,2020,Middle East,Blue,Diesel,Manual,1.7,4114,125575,703,Low
12/31/2012,X5,2012,Middle East,Red,Diesel,Manual,4.5,13084,51561,3822,Low
12/31/2023,i3,2023,Africa,Red,Petrol,Manual,3,81399,94577,3210,Low
12/31/2022,i3,2022,Europe,Grey,Petrol,Manual,4.3,94806,91626,11595,High
12/31/2010,X5,2010,Europe,Grey,Diesel,Automatic,3.9,89298,63269,5548,High
12/31/2011,X5,2011,Asia,Grey,Diesel,Manual,4.7,137824,62896,5888,High
12/31/2019,M5,2019,North America,Silver,Petrol,Automatic,1.6,151895,101632,1831,Low
12/31/2019,7 Series,2019,Asia,Blue,Hybrid,Manual,2.2,48677,126889,1695,Low
12/31/2023,X3,2023,North America,Grey,Hybrid,Manual,4,14754,125618,9953,High
12/31/2018,i8,2018,Europe,Red,Hybrid,Automatic,3.5,110264,153954,269,Low
12/31/2016,M3,2016,South America,Black,Petrol,Automatic,3.9,54832,97629,1333,Low
12/31/2016,M5,2016,Africa,Blue,Diesel,Automatic,3.5,155585,95380,523,Low
12/31/2023,7 Series,2023,South America,Silver,Electric,Manual,3.5,189522,123091,1752,Low
12/31/2019,M5,2019,Africa,Black,Hybrid,Automatic,4.8,4646,152826,598,Low
12/31/2017,X1,2017,Asia,Silver,Diesel,Manual,4.7,176686,56364,9110,High
12/31/2024,i3,2024,North America,Blue,Hybrid,Manual,1.6,47776,108321,618,Low
12/31/2021,i8,2021,Middle East,Grey,Hybrid,Automatic,2.9,29018,171032,134,Low
12/31/2021,X1,2021,North America,Blue,Electric,Manual,3.3,133809,82299,8638,High
12/31/2017,5 Series,2017,North America,Grey,Hybrid,Automatic,2.8,89793,87399,7047,High
12/31/2018,M3,2018,Europe,Red,Diesel,Automatic,1.7,127520,77758,3209,Low
12/31/2011,M3,2011,South America,Red,Hybrid,Automatic,3.2,119472,64954,1103,Low
12/31/2023,X3,2023,North America,Grey,Petrol,Automatic,4.9,122054,107395,8366,High
12/31/2017,X1,2017,Europe,White,Electric,Automatic,1.8,12187,79792,6442,High
12/31/2017,5 Series,2017,Middle East,Black,Diesel,Manual,4.4,79531,90204,4284,Low
12/31/2022,X1,2022,Asia,Grey,Petrol,Automatic,2.2,106365,73960,8260,High
12/31/2014,7 Series,2014,Asia,Red,Hybrid,Manual,3.5,105228,100984,839,Low
12/31/2014,7 Series,2014,South America,Red,Diesel,Automatic,2.9,77308,96572,200,Low
12/31/2013,3 Series,2013,Asia,Red,Electric,Automatic,2.7,153822,54910,10500,High
12/31/2023,M5,2023,South America,Black,Diesel,Manual,4.5,88604,141293,1048,Low
12/31/2014,i3,2014,Europe,Silver,Electric,Manual,4.9,37927,87078,3868,Low
12/31/2011,5 Series,2011,North America,Silver,Diesel,Automatic,2.9,101768,53819,5807,High
12/31/2011,M5,2011,South America,White,Electric,Automatic,3.7,49374,113869,50,Low
12/31/2014,X1,2014,South America,Blue,Electric,Manual,3.4,196328,43363,4788,Low
12/31/2020,3 Series,2020,Middle East,Blue,Diesel,Automatic,1.8,183708,53610,7146,High
12/31/2022,X1,2022,Africa,Blue,Petrol,Automatic,1.6,141443,60495,4805,Low
12/31/2012,M3,2012,Europe,Blue,Hybrid,Manual,4.2,172368,67787,1929,Low
12/31/2010,i3,2010,North America,Blue,Electric,Manual,2.9,59794,55544,4535,Low
12/31/2018,i8,2018,Asia,Grey,Diesel,Manual,2.6,81839,143066,50,Low
12/31/2011,3 Series,2011,Middle East,Red,Hybrid,Manual,4.9,50370,73742,5372,High
12/31/2023,X1,2023,Middle East,White,Electric,Manual,1.8,3833,112469,6886,High
12/31/2021,i8,2021,North America,Grey,Hybrid,Manual,2.4,190944,147337,815,Low
12/31/2023,5 Series,2023,Africa,White,Electric,Automatic,4.5,195497,108006,4878,Low
12/31/2019,7 Series,2019,Africa,Black,Hybrid,Automatic,3,125297,119956,885,Low
12/31/2011,M3,2011,Middle East,White,Electric,Manual,3.5,38201,88036,798,Low
12/31/2023,X3,2023,North America,White,Electric,Manual,1.7,18263,112559,10192,High
12/31/2013,i8,2013,South America,Black,Petrol,Manual,4.7,120378,123750,50,Low
12/31/2011,X5,2011,Europe,Red,Petrol,Manual,2,86671,49841,4841,Low
12/31/2016,X6,2016,Asia,Grey,Electric,Manual,2.2,156541,83722,3945,Low
12/31/2024,X3,2024,Africa,Grey,Electric,Automatic,2,119355,104474,5386,High
12/31/2021,X1,2021,South America,Red,Hybrid,Manual,3.2,60610,88849,6021,High
12/31/2019,M3,2019,North America,Blue,Hybrid,Manual,4.4,62352,119124,2928,Low
12/31/2024,7 Series,2024,North America,Black,Electric,Automatic,2.4,6432,173115,1701,Low
12/31/2010,5 Series,2010,Middle East,Blue,Diesel,Manual,2,106354,38064,4249,Low
12/31/2020,X6,2020,Middle East,Silver,Petrol,Automatic,2.9,143814,103183,2653,Low
12/31/2011,X6,2011,Europe,Black,Petrol,Automatic,4.9,89749,82876,3136,Low
12/31/2020,X5,2020,Middle East,Red,Electric,Automatic,1.5,31494,119914,4884,Low
12/31/2014,X5,2014,South America,Red,Diesel,Manual,3.3,103264,67431,2963,Low
12/31/2024,X1,2024,North America,Red,Petrol,Manual,3.8,108253,94442,8713,High
12/31/2011,X1,2011,Africa,Red,Electric,Manual,4.3,196361,37134,3405,Low
12/31/2018,X1,2018,Europe,Blue,Hybrid,Automatic,4.1,41613,92337,7275,High
12/31/2013,3 Series,2013,South America,Red,Petrol,Manual,1.8,128070,30874,5420,High
12/31/2018,7 Series,2018,North America,Grey,Petrol,Manual,3.1,149662,101192,1290,Low
12/31/2020,3 Series,2020,North America,Silver,Electric,Automatic,1.8,23299,103992,9215,High
12/31/2021,M5,2021,Middle East,Grey,Electric,Automatic,3.7,125805,144443,1475,Low
12/31/2010,i3,2010,Europe,Silver,Diesel,Manual,1.8,198191,25000,3868,Low
12/31/2010,M5,2010,Europe,Grey,Diesel,Manual,1.7,57406,79962,896,Low
12/31/2010,i3,2010,Africa,White,Petrol,Automatic,2.6,11881,46445,1844,Low
12/31/2023,3 Series,2023,Asia,White,Diesel,Automatic,4.8,111231,104399,8994,High
12/31/2013,i8,2013,Middle East,White,Diesel,Manual,4,45827,132775,50,Low
12/31/2018,X3,2018,South America,Red,Electric,Automatic,1.5,192718,62679,5677,High
12/31/2017,7 Series,2017,Africa,Blue,Hybrid,Automatic,2.5,117794,109162,285,Low
12/31/2016,M3,2016,North America,White,Electric,Automatic,1.6,186721,73195,3181,Low
12/31/2024,X3,2024,North America,Red,Hybrid,Automatic,2.5,124045,100548,10669,High
12/31/2010,3 Series,2010,Africa,Grey,Electric,Automatic,3.9,150092,46041,4246,Low
12/31/2012,i8,2012,Middle East,Red,Diesel,Automatic,4.2,93079,127494,50,Low
12/31/2018,M5,2018,Asia,Grey,Diesel,Automatic,4.3,60438,135692,1328,Low
12/31/2024,3 Series,2024,South America,White,Hybrid,Manual,4.7,12665,128823,6431,High
12/31/2018,M5,2018,Asia,Grey,Petrol,Manual,2.8,181684,100579,2206,Low
12/31/2014,i8,2014,Europe,Red,Diesel,Manual,4.5,148594,114320,50,Low
12/31/2021,7 Series,2021,Middle East,Silver,Diesel,Manual,4,147151,122583,948,Low
12/31/2022,M5,2022,Europe,White,Hybrid,Automatic,3.4,170522,138260,2048,Low
12/31/2015,M3,2015,North America,Grey,Petrol,Automatic,4.8,171105,78399,2485,Low
12/31/2020,i3,2020,Middle East,Grey,Hybrid,Automatic,4.8,91645,107864,3825,Low
12/31/2022,X3,2022,Africa,Black,Petrol,Manual,4.6,86484,103170,5374,High
12/31/2015,X1,2015,South America,Blue,Hybrid,Automatic,2.2,136976,48991,3987,Low
12/31/2019,X3,2019,Africa,White,Diesel,Automatic,2.2,150457,59481,4761,Low
12/31/2013,X5,2013,Europe,Red,Hybrid,Manual,4.7,113771,80523,4819,Low
12/31/2010,i8,2010,North America,Silver,Hybrid,Manual,2.9,142621,103672,50,Low
12/31/2014,7 Series,2014,Asia,Silver,Electric,Manual,4.3,171053,108788,848,Low
12/31/2022,M5,2022,Middle East,Blue,Hybrid,Manual,3.9,166013,144755,1423,Low
12/31/2010,X5,2010,Asia,Blue,Electric,Manual,4.2,164837,61729,5853,High
12/31/2010,X1,2010,Africa,Black,Hybrid,Manual,1.6,82744,30369,3729,Low
12/31/2020,X5,2020,Europe,White,Diesel,Automatic,3,47749,101902,5156,High
12/31/2014,i8,2014,North America,Black,Diesel,Manual,4.5,97463,129540,50,Low
12/31/2014,3 Series,2014,South America,Silver,Petrol,Manual,3.2,142296,44027,5680,High
12/31/2016,M5,2016,Asia,Silver,Diesel,Automatic,3.9,158277,104472,1800,Low
12/31/2011,X1,2011,South America,Red,Petrol,Manual,4.1,164195,26767,4409,Low
12/31/2024,i8,2024,Middle East,Red,Electric,Manual,1.9,30310,192807,245,Low
12/31/2015,i3,2015,North America,Red,Petrol,Manual,2,105827,49419,4579,Low
12/31/2011,M3,2011,South America,Black,Diesel,Manual,4,74673,38477,1401,Low
12/31/2024,M3,2024,North America,Grey,Hybrid,Manual,1.7,115778,116579,12194,High
12/31/2022,M5,2022,Asia,Blue,Petrol,Manual,2.7,177314,123789,2303,Low
12/31/2019,X3,2019,Africa,Silver,Diesel,Manual,4.7,178798,70568,4839,Low
12/31/2014,3 Series,2014,Africa,Grey,Diesel,Automatic,3.5,45816,63062,4727,Low
12/31/2013,M5,2013,Asia,Silver,Petrol,Manual,4.7,174482,91686,1280,Low
12/31/2020,X6,2020,North America,Red,Petrol,Manual,2.6,61770,105430,4184,Low
12/31/2019,X1,2019,South America,Blue,Petrol,Automatic,3.7,81550,77420,4721,Low
12/31/2014,X1,2014,Europe,Grey,Hybrid,Manual,2.5,94500,52135,7349,High
12/31/2011,5 Series,2011,Middle East,Silver,Electric,Automatic,1.9,188854,45657,4731,Low
12/31/2017,M3,2017,Asia,Blue,Petrol,Automatic,5,117589,101080,2434,Low
12/31/2017,X6,2017,Africa,Black,Electric,Automatic,2.1,187743,81985,1926,Low
12/31/2015,3 Series,2015,Europe,Black,Hybrid,Automatic,2.2,168245,51861,9063,High
12/31/2012,X5,2012,Middle East,Red,Electric,Automatic,4.4,88225,97219,3397,Low
12/31/2013,M5,2013,South America,Grey,Hybrid,Automatic,4.3,87270,120404,50,Low
12/31/2010,X3,2010,Africa,White,Hybrid,Manual,4.9,124659,57344,3292,Low
12/31/2018,X5,2018,South America,Silver,Hybrid,Automatic,1.8,106906,87762,4315,Low
12/31/2019,X3,2019,Middle East,Grey,Petrol,Manual,1.8,78122,76952,6901,High
12/31/2014,M5,2014,Asia,Grey,Petrol,Manual,3.1,119894,100253,1219,Low
12/31/2023,X1,2023,Middle East,Grey,Diesel,Manual,3.6,6543,105492,5851,High
12/31/2017,i8,2017,Asia,White,Petrol,Manual,1.6,40316,136669,50,Low
12/31/2012,X6,2012,Europe,Blue,Electric,Automatic,2.1,49662,88740,3355,Low
12/31/2013,X1,2013,Asia,Black,Diesel,Manual,4,195277,29335,7649,High
12/31/2013,i3,2013,North America,Silver,Diesel,Automatic,3.8,190322,36568,4565,Low
12/31/2017,3 Series,2017,North America,White,Electric,Automatic,1.8,116219,71398,8725,High
12/31/2024,X5,2024,Asia,Red,Diesel,Manual,4.8,172568,114102,7426,High
12/31/2021,M5,2021,Europe,Blue,Electric,Manual,2.4,27204,148478,2192,Low
12/31/2018,X5,2018,Middle East,Blue,Diesel,Manual,4.6,10754,112277,3451,Low
12/31/2012,X3,2012,Middle East,Grey,Hybrid,Manual,4.7,139971,62572,5137,High
12/31/2016,i8,2016,North America,Red,Electric,Automatic,3.2,122058,148627,50,Low
12/31/2018,7 Series,2018,South America,Silver,Hybrid,Automatic,2.9,106055,119394,1040,Low
12/31/2011,X1,2011,Asia,Grey,Petrol,Manual,2.5,39354,42750,6369,High
12/31/2013,7 Series,2013,Asia,Grey,Electric,Automatic,4.3,126293,116254,511,Low
12/31/2012,M5,2012,South America,Red,Diesel,Manual,2.2,98062,79888,403,Low
12/31/2017,i3,2017,North America,Blue,Petrol,Manual,3.7,187196,57044,4923,Low
12/31/2013,i8,2013,Europe,White,Petrol,Automatic,3.5,75147,124314,50,Low
12/31/2018,M3,2018,South America,Red,Diesel,Automatic,2.4,183878,70874,1760,Low
12/31/2010,X3,2010,Africa,Silver,Hybrid,Manual,4.9,168471,45297,3890,Low
12/31/2010,X3,2010,Asia,Blue,Hybrid,Automatic,4.5,97869,60807,8847,High
12/31/2013,X1,2013,Middle East,Silver,Diesel,Automatic,1.6,102333,32859,4509,Low
12/31/2012,X6,2012,Africa,White,Diesel,Manual,3,64265,65328,1666,Low
12/31/2012,7 Series,2012,Europe,Grey,Electric,Manual,2.8,154304,91417,678,Low
12/31/2019,X5,2019,Middle East,White,Petrol,Automatic,4.6,169330,92169,4736,Low
12/31/2021,i3,2021,Asia,Grey,Electric,Automatic,2.4,76548,150762,4922,Low
12/31/2011,X1,2011,Middle East,White,Diesel,Automatic,5,24417,60061,4018,Low
12/31/2023,i3,2023,Europe,Blue,Electric,Automatic,2.2,198764,83033,6782,High
12/31/2019,X5,2019,Middle East,Silver,Electric,Manual,2.4,15870,113880,4616,Low
12/31/2019,M3,2019,Africa,White,Diesel,Manual,3.8,186730,73953,1793,Low
12/31/2011,7 Series,2011,North America,Blue,Electric,Automatic,2.1,37364,105028,372,Low
12/31/2017,X6,2017,Asia,Silver,Petrol,Manual,4.6,82055,100220,9785,High
12/31/2010,7 Series,2010,North America,Red,Hybrid,Automatic,1.9,132146,74920,773,Low
12/31/2023,3 Series,2023,Europe,Silver,Electric,Manual,4.9,174797,103103,11030,High
12/31/2024,X1,2024,Africa,Grey,Petrol,Automatic,4.6,151915,90714,4567,Low
12/31/2017,5 Series,2017,Europe,Grey,Petrol,Automatic,4.4,92708,90031,6668,High
12/31/2019,M3,2019,Middle East,Red,Petrol,Automatic,2.9,188496,81176,2002,Low
12/31/2012,M5,2012,Africa,Red,Petrol,Manual,3.3,153301,78596,257,Low
12/31/2011,7 Series,2011,Asia,Blue,Hybrid,Automatic,3.1,191672,78803,782,Low
12/31/2018,7 Series,2018,Middle East,Red,Petrol,Manual,5,189888,110062,709,Low
12/31/2014,X5,2014,Asia,Silver,Hybrid,Automatic,1.6,98992,72414,6405,High
12/31/2024,M3,2024,Europe,White,Hybrid,Automatic,2.8,151755,121288,3943,Low
12/31/2023,7 Series,2023,South America,Red,Diesel,Manual,4.9,26487,158614,611,Low
12/31/2014,i3,2014,Middle East,White,Hybrid,Manual,2.8,29725,73541,3098,Low
12/31/2022,7 Series,2022,Middle East,White,Hybrid,Manual,2.9,49487,154720,1229,Low
12/31/2015,7 Series,2015,Africa,Red,Petrol,Automatic,3.7,64321,102205,126,Low
12/31/2013,i3,2013,South America,Blue,Hybrid,Manual,4.7,136754,57820,2965,Low
12/31/2016,5 Series,2016,Asia,White,Hybrid,Automatic,2.5,86862,80724,6713,High
12/31/2016,M3,2016,South America,Silver,Petrol,Automatic,4.8,198021,76582,1457,Low
12/31/2020,X6,2020,Middle East,Black,Diesel,Automatic,2.5,92346,164757,2048,Low
12/31/2018,M5,2018,North America,Red,Diesel,Manual,4.4,152693,116640,1617,Low
12/31/2015,5 Series,2015,Africa,Red,Petrol,Automatic,2.5,186469,46937,3407,Low
12/31/2022,M3,2022,North America,Grey,Electric,Automatic,1.8,104708,111213,3322,Low
12/31/2010,i8,2010,North America,Black,Petrol,Automatic,4.3,166723,105838,50,Low
12/31/2018,M3,2018,Middle East,Blue,Petrol,Manual,3.1,27246,109909,1457,Low
12/31/2021,7 Series,2021,North America,Blue,Hybrid,Automatic,2.9,135554,127823,1819,Low
12/31/2022,i8,2022,Africa,Grey,Diesel,Manual,3,133919,132892,224,Low
12/31/2019,X5,2019,Asia,White,Petrol,Manual,3.6,80599,102900,6594,High
12/31/2018,i3,2018,Middle East,Blue,Hybrid,Automatic,2.4,164978,68210,4209,Low
12/31/2014,X1,2014,South America,Red,Electric,Manual,2.3,53053,63431,4550,Low
12/31/2016,M5,2016,Europe,Red,Petrol,Automatic,3.2,26071,128203,1234,Low
12/31/2010,3 Series,2010,North America,Black,Diesel,Automatic,1.6,94493,27512,10054,High
12/31/2013,i8,2013,South America,Red,Hybrid,Automatic,3.7,159153,122321,50,Low
12/31/2021,X6,2021,Middle East,Blue,Diesel,Manual,4.4,120412,114453,3213,Low
12/31/2019,i3,2019,South America,Black,Diesel,Automatic,4,155950,68458,3580,Low
12/31/2013,M5,2013,Africa,Grey,Electric,Manual,3.1,177214,46603,912,Low
12/31/2014,3 Series,2014,Middle East,Black,Petrol,Manual,3.5,48555,67096,6364,High
12/31/2015,i3,2015,Africa,Red,Hybrid,Automatic,1.6,63407,65122,2482,Low
12/31/2013,M3,2013,North America,Blue,Diesel,Manual,4.7,62273,119863,1527,Low
12/31/2015,X5,2015,Asia,Grey,Diesel,Automatic,3.5,127263,74934,5540,High
12/31/2019,3 Series,2019,Africa,Silver,Electric,Automatic,2.6,158045,72662,5056,High
12/31/2016,X3,2016,Africa,Black,Petrol,Manual,2.5,109740,58826,4500,Low
12/31/2012,X5,2012,Middle East,Blue,Diesel,Manual,3.8,55986,73419,3847,Low
12/31/2018,X1,2018,Africa,Blue,Diesel,Automatic,3.5,149044,53095,4015,Low
12/31/2017,7 Series,2017,Middle East,Silver,Petrol,Automatic,2.2,177774,88403,834,Low
12/31/2010,7 Series,2010,Middle East,White,Electric,Automatic,2.9,129912,87200,50,Low
12/31/2022,X3,2022,North America,Red,Diesel,Automatic,3.9,193179,77209,1179,Low
12/31/2011,X5,2011,Middle East,Silver,Hybrid,Automatic,2.5,145240,61117,3004,Low
12/31/2011,7 Series,2011,North America,Red,Diesel,Automatic,3.3,34278,97618,489,Low
12/31/2019,7 Series,2019,North America,Black,Electric,Manual,2.4,151068,121835,1726,Low
12/31/2018,X6,2018,Africa,Blue,Petrol,Manual,1.8,134076,75345,2354,Low
12/31/2021,X5,2021,North America,Grey,Electric,Automatic,2.9,160891,105808,6831,High
12/31/2018,i3,2018,Middle East,White,Electric,Automatic,4.1,195975,77708,3977,Low
12/31/2018,M5,2018,Africa,Red,Petrol,Automatic,2.2,197293,95273,818,Low
12/31/2010,i8,2010,Europe,Red,Diesel,Manual,4.1,162846,99350,50,Low
12/31/2016,M3,2016,Africa,Grey,Diesel,Automatic,3.8,141633,73117,1514,Low
12/31/2024,X6,2024,Asia,Black,Electric,Manual,3.3,78141,134116,5624,High
12/31/2021,M3,2021,Asia,Red,Electric,Manual,4.9,174865,122157,4071,Low
12/31/2020,3 Series,2020,North America,Red,Diesel,Manual,4.6,97206,87489,10722,High
12/31/2022,3 Series,2022,South America,Blue,Petrol,Automatic,3.5,80468,91625,6905,High
12/31/2012,M5,2012,Europe,Silver,Diesel,Automatic,3.5,4069,113329,728,Low
12/31/2020,3 Series,2020,North America,Red,Diesel,Manual,2.5,27221,82153,9535,High
12/31/2018,7 Series,2018,Africa,Blue,Diesel,Manual,4.7,6301,131034,125,Low
12/31/2017,X3,2017,Europe,White,Electric,Automatic,4.6,191826,80763,8581,High
12/31/2012,M3,2012,Asia,Black,Hybrid,Manual,4.1,154388,70417,2591,Low
12/31/2010,M3,2010,Europe,White,Diesel,Manual,1.9,33101,57871,2105,Low
12/31/2018,M5,2018,South America,Blue,Petrol,Manual,4,104076,117890,786,Low
12/31/2022,i8,2022,Middle East,Silver,Hybrid,Manual,2.4,49426,171622,258,Low
12/31/2019,3 Series,2019,Middle East,Blue,Petrol,Manual,2.2,55299,74710,7116,High
12/31/2010,i3,2010,Europe,Silver,Petrol,Manual,4.2,21741,59156,4275,Low
12/31/2024,5 Series,2024,South America,Blue,Petrol,Manual,4.9,169108,107899,4308,Low
12/31/2012,3 Series,2012,Africa,Silver,Electric,Manual,1.9,159500,35832,5023,High
12/31/2022,5 Series,2022,Europe,Silver,Electric,Automatic,2.1,162709,96448,8410,High
12/31/2015,i8,2015,Middle East,Black,Hybrid,Automatic,2.3,111574,130235,50,Low
12/31/2015,X1,2015,Africa,White,Hybrid,Manual,4.9,162352,60129,3902,Low
12/31/2023,M3,2023,North America,Red,Petrol,Manual,3.9,25135,126383,3086,Low
12/31/2020,7 Series,2020,Africa,Black,Electric,Manual,3.9,11024,152730,683,Low
12/31/2019,i3,2019,South America,Silver,Diesel,Automatic,3.3,48871,80540,3325,Low
12/31/2013,M5,2013,North America,Blue,Hybrid,Manual,3.4,3176,126614,773,Low
12/31/2011,M5,2011,Middle East,Grey,Diesel,Manual,2.5,31869,101338,109,Low
12/31/2022,3 Series,2022,Europe,Blue,Petrol,Automatic,2,85181,85861,9965,High
12/31/2019,i3,2019,Asia,Black,Diesel,Automatic,4.2,77737,84243,5137,High
12/31/2015,7 Series,2015,Africa,Grey,Petrol,Automatic,3.1,147492,120814,50,Low
12/31/2019,M3,2019,South America,Black,Petrol,Manual,2.4,10215,102911,1630,Low
12/31/2014,X5,2014,Asia,White,Petrol,Automatic,3.7,147651,67801,5400,High
12/31/2022,X5,2022,Asia,White,Petrol,Manual,2.2,39801,109265,6929,High
12/31/2015,X1,2015,Europe,White,Electric,Manual,3.2,83237,66442,6685,High
12/31/2016,X1,2016,Africa,Red,Diesel,Manual,2.2,168528,31401,4900,Low
12/31/2020,i3,2020,Europe,Blue,Petrol,Manual,4.2,62908,89076,5153,High
12/31/2018,M3,2018,South America,White,Diesel,Manual,2.6,139708,76694,1740,Low
12/31/2021,i3,2021,North America,Black,Petrol,Manual,3,1372,102207,5846,High
12/31/2021,M5,2021,North America,Blue,Hybrid,Automatic,4.1,51982,157187,2219,Low
12/31/2023,i3,2023,Asia,White,Hybrid,Manual,3.8,125595,100282,5464,High
12/31/2016,i3,2016,Africa,Blue,Petrol,Automatic,2.9,48706,68434,2274,Low
12/31/2013,X6,2013,Asia,Blue,Hybrid,Automatic,1.7,45588,84392,3743,Low
12/31/2019,i8,2019,Europe,Silver,Petrol,Manual,4.7,171804,146100,50,Low
12/31/2014,7 Series,2014,Middle East,Blue,Diesel,Manual,1.5,158396,71969,701,Low
12/31/2024,7 Series,2024,Asia,Silver,Electric,Automatic,4.1,78095,169456,1729,Low
12/31/2022,X3,2022,Europe,Grey,Diesel,Automatic,4.8,107818,102020,9659,High
12/31/2015,i3,2015,Asia,Blue,Diesel,Automatic,2.6,175255,41074,5320,High
12/31/2022,i3,2022,Middle East,Grey,Hybrid,Manual,1.8,49119,96427,4298,Low
12/31/2018,X5,2018,Asia,Blue,Hybrid,Automatic,2.4,52766,106969,5662,High
12/31/2014,X3,2014,Asia,Silver,Hybrid,Manual,2.6,97505,65950,9774,High
12/31/2014,X1,2014,South America,White,Diesel,Automatic,3.1,139604,48710,5041,High
12/31/2016,X1,2016,Asia,White,Petrol,Automatic,3.3,56332,68784,8492,High
12/31/2011,X3,2011,Europe,White,Diesel,Manual,4,163608,35869,6771,High
12/31/2012,7 Series,2012,Middle East,Silver,Diesel,Manual,4.7,156786,88168,190,Low
12/31/2021,5 Series,2021,Middle East,Blue,Hybrid,Automatic,3.1,8453,131985,4330,Low
12/31/2011,M3,2011,South America,Black,Petrol,Automatic,4.1,21205,80059,896,Low
12/31/2019,X6,2019,Middle East,Blue,Electric,Automatic,1.9,70222,114619,3435,Low
12/31/2019,7 Series,2019,North America,Red,Diesel,Automatic,2.7,184798,94266,1923,Low
12/31/2021,X5,2021,South America,Red,Petrol,Automatic,1.9,53682,96742,3560,Low
12/31/2023,7 Series,2023,Europe,Grey,Petrol,Manual,3.9,55370,151860,1472,Low
12/31/2011,7 Series,2011,North America,Black,Electric,Manual,4.7,55720,121265,114,Low
12/31/2012,5 Series,2012,Africa,Red,Petrol,Automatic,4.6,26712,78460,2707,Low
12/31/2015,M3,2015,Middle East,Blue,Hybrid,Automatic,2.6,60625,93712,1651,Low
12/31/2014,M5,2014,North America,Silver,Diesel,Automatic,2.3,47778,103894,1261,Low
12/31/2020,M5,2020,South America,Grey,Hybrid,Manual,2.5,115816,120175,1479,Low
12/31/2024,5 Series,2024,Europe,Blue,Diesel,Manual,2.5,109611,98633,8080,High
12/31/2023,i3,2023,South America,Grey,Petrol,Manual,1.8,116749,74794,3737,Low
12/31/2022,5 Series,2022,Africa,Grey,Electric,Manual,2,149996,90106,4637,Low
12/31/2014,5 Series,2014,Asia,White,Diesel,Manual,2.3,125651,74906,6999,High
12/31/2011,M5,2011,North America,Blue,Petrol,Manual,1.5,6969,99743,842,Low
12/31/2011,X5,2011,Asia,Red,Diesel,Manual,1.7,154026,35601,5934,High
12/31/2021,X1,2021,Middle East,Silver,Petrol,Manual,3.9,193978,64138,5415,High
12/31/2010,i3,2010,Europe,Black,Diesel,Manual,3.7,182,53140,11348,High
12/31/2012,3 Series,2012,Europe,Grey,Electric,Automatic,4.8,148641,66064,8842,High
12/31/2021,5 Series,2021,Europe,Grey,Electric,Automatic,2.9,54189,117163,7381,High
12/31/2021,X6,2021,Africa,White,Electric,Manual,3.1,95449,123069,2761,Low
12/31/2020,M3,2020,Middle East,Black,Hybrid,Automatic,1.7,120903,102054,2273,Low
12/31/2023,X1,2023,Middle East,Silver,Diesel,Manual,2,121578,71089,5464,High
12/31/2016,7 Series,2016,Asia,Silver,Petrol,Manual,3.9,198294,88335,1613,Low
12/31/2020,X1,2020,Asia,Black,Diesel,Manual,2.3,82482,68002,8984,High
12/31/2014,3 Series,2014,South America,Silver,Hybrid,Manual,4.2,6498,83552,4723,Low
12/31/2016,5 Series,2016,North America,Silver,Petrol,Automatic,4,53170,88571,5644,High
12/31/2018,X6,2018,South America,Black,Hybrid,Manual,4.1,160383,100284,3138,Low
12/31/2015,5 Series,2015,North America,Black,Hybrid,Manual,3.9,125698,78016,5833,High
12/31/2011,7 Series,2011,Middle East,Silver,Petrol,Automatic,4,97956,89848,50,Low
12/31/2010,7 Series,2010,South America,Red,Diesel,Automatic,3.4,26603,86054,50,Low
12/31/2010,X6,2010,North America,Silver,Electric,Automatic,3.9,9235,98710,2852,Low
12/31/2019,7 Series,2019,Africa,Silver,Electric,Manual,3.3,195799,111030,1220,Low
12/31/2018,X6,2018,Africa,Black,Petrol,Automatic,2.2,188601,69398,2161,Low
12/31/2023,i8,2023,Africa,Red,Petrol,Automatic,2.3,87384,150195,122,Low
12/31/2015,M5,2015,Middle East,Red,Diesel,Automatic,2.9,163602,98401,715,Low
12/31/2015,7 Series,2015,South America,Blue,Diesel,Automatic,1.5,116940,83442,499,Low
12/31/2013,3 Series,2013,Asia,Red,Petrol,Manual,4.6,79189,63715,9053,High
12/31/2021,i3,2021,North America,White,Diesel,Manual,2.4,132515,68695,6056,High
12/31/2023,X3,2023,South America,Grey,Electric,Automatic,1.7,104891,102327,5750,High
12/31/2011,X1,2011,North America,Silver,Electric,Automatic,3,81652,55782,7802,High
12/31/2019,i8,2019,Middle East,Silver,Electric,Manual,4.4,144918,156981,59,Low
12/31/2012,X1,2012,Middle East,Black,Petrol,Automatic,2.9,106451,41730,4221,Low
12/31/2012,X3,2012,Africa,Silver,Petrol,Automatic,2.4,159487,32590,4870,Low
12/31/2017,M3,2017,Middle East,Grey,Petrol,Automatic,3.4,135581,90346,1630,Low
12/31/2015,5 Series,2015,Europe,White,Hybrid,Manual,3.5,111863,76949,6018,High
12/31/2016,M3,2016,Africa,Red,Electric,Automatic,4.2,46588,112412,892,Low
12/31/2018,X5,2018,Africa,Silver,Diesel,Manual,4.3,88189,91248,2951,Low
12/31/2010,X1,2010,Asia,Blue,Electric,Manual,4,112082,50173,7741,High
12/31/2011,3 Series,2011,Africa,Silver,Petrol,Automatic,1.5,68314,35436,5062,High
12/31/2024,7 Series,2024,Asia,Blue,Hybrid,Automatic,1.5,32108,145817,2534,Low
12/31/2018,X6,2018,Europe,Blue,Hybrid,Automatic,4.9,151154,105382,3853,Low
12/31/2014,X6,2014,North America,Grey,Electric,Automatic,2.4,171073,75020,4289,Low
12/31/2013,M5,2013,Europe,Grey,Diesel,Manual,2.5,65383,99733,1103,Low
12/31/2010,M5,2010,North America,Red,Diesel,Manual,4.1,193416,70415,1123,Low
12/31/2018,7 Series,2018,Africa,Blue,Electric,Automatic,3.5,88403,123335,751,Low
12/31/2020,7 Series,2020,Middle East,Blue,Hybrid,Automatic,3.1,76907,142830,990,Low
12/31/2022,X3,2022,Europe,Silver,Petrol,Automatic,1.9,119508,77253,9332,High
12/31/2018,3 Series,2018,North America,Grey,Electric,Automatic,1.8,22095,92801,8662,High
12/31/2013,M5,2013,South America,Blue,Hybrid,Automatic,4,76288,110147,100,Low
12/31/2018,X5,2018,Middle East,Red,Electric,Manual,1.9,45313,107809,3642,Low
12/31/2019,7 Series,2019,South America,Black,Hybrid,Manual,3,167876,112787,1141,Low
12/31/2022,X6,2022,Middle East,Blue,Electric,Manual,4.1,23586,146391,3083,Low
12/31/2010,M5,2010,Middle East,Silver,Petrol,Manual,4.7,18505,108706,50,Low
12/31/2024,X3,2024,North America,Blue,Petrol,Automatic,4.6,47113,122508,10175,High
12/31/2014,X3,2014,Africa,Silver,Hybrid,Automatic,4.5,123417,73580,4550,Low
12/31/2010,X1,2010,North America,White,Petrol,Automatic,2.8,60110,39923,7666,High
12/31/2013,M5,2013,Middle East,Red,Petrol,Manual,4.7,172528,97765,460,Low
12/31/2021,M3,2021,South America,Blue,Hybrid,Manual,3.9,148838,105020,2396,Low
12/31/2014,M5,2014,Africa,Grey,Electric,Manual,4.6,131430,110862,50,Low
12/31/2023,5 Series,2023,North America,Black,Diesel,Manual,1.8,46286,100971,6470,High
12/31/2020,5 Series,2020,North America,Grey,Hybrid,Manual,1.6,102061,92040,7700,High
12/31/2012,3 Series,2012,Asia,Red,Hybrid,Manual,3,94052,53695,9151,High
12/31/2011,i8,2011,Europe,Silver,Electric,Manual,4.4,129713,131290,50,Low
12/31/2015,X3,2015,North America,Grey,Electric,Automatic,2.9,198998,57975,9230,High
12/31/2020,M5,2020,Africa,Red,Diesel,Manual,4.6,166034,113625,1030,Low
12/31/2022,M5,2022,Asia,Grey,Petrol,Manual,2.3,5897,140534,2082,Low
12/31/2012,X6,2012,Asia,Grey,Diesel,Manual,1.6,62723,61357,4507,Low
12/31/2019,i3,2019,Africa,Black,Petrol,Automatic,4.2,131680,76305,2604,Low
12/31/2010,7 Series,2010,South America,Blue,Petrol,Manual,3.7,88486,78968,50,Low
12/31/2020,M5,2020,Asia,Blue,Hybrid,Manual,3,57674,138780,1985,Low
12/31/2022,M3,2022,Europe,Silver,Petrol,Automatic,4.5,151082,110882,3280,Low
12/31/2014,i3,2014,Middle East,Grey,Diesel,Automatic,4.4,158919,53051,3138,Low
12/31/2011,5 Series,2011,Asia,Red,Electric,Automatic,2.6,6108,81820,6807,High
12/31/2024,3 Series,2024,Middle East,Black,Electric,Automatic,4.4,185441,106434,6767,High
12/31/2011,3 Series,2011,Europe,White,Diesel,Automatic,2.7,41940,47049,7517,High
12/31/2024,X6,2024,Europe,Red,Petrol,Automatic,3.7,76914,136081,4150,Low
12/31/2013,i8,2013,South America,Black,Hybrid,Automatic,2.2,29713,134696,50,Low
12/31/2013,X5,2013,Middle East,Blue,Electric,Automatic,2.4,160989,70831,9199,High
12/31/2013,i8,2013,Middle East,Blue,Petrol,Manual,3.1,163245,114602,50,Low
12/31/2016,i8,2016,South America,White,Hybrid,Manual,2.6,149681,122694,50,Low
12/31/2010,5 Series,2010,Europe,Silver,Petrol,Manual,2,71568,44239,5297,High
12/31/2022,X1,2022,Asia,Silver,Hybrid,Automatic,3.2,105946,88651,8087,High
12/31/2017,7 Series,2017,Middle East,Grey,Petrol,Automatic,3.3,39074,127352,309,Low
12/31/2021,M5,2021,Asia,Grey,Hybrid,Manual,2.1,34680,147891,2038,Low
12/31/2022,X5,2022,Africa,White,Hybrid,Manual,2.1,126552,101898,4020,Low
12/31/2019,X6,2019,Asia,Red,Petrol,Automatic,1.6,122672,90105,4922,Low
12/31/2018,X5,2018,North America,Grey,Petrol,Manual,1.6,113063,78043,5438,High
12/31/2019,M5,2019,Europe,Red,Petrol,Manual,2.8,109243,116710,1505,Low
12/31/2022,X1,2022,Africa,Blue,Diesel,Automatic,2,124962,63588,4473,Low
12/31/2023,i8,2023,North America,Black,Electric,Automatic,4.7,47271,193690,440,Low
12/31/2024,X5,2024,Middle East,Black,Petrol,Automatic,2.2,92858,116842,3957,Low
12/31/2015,i8,2015,Africa,Silver,Electric,Manual,1.7,92035,130605,50,Low
12/31/2013,i8,2013,Middle East,Red,Electric,Automatic,2.9,70824,149598,50,Low
12/31/2015,X6,2015,North America,Silver,Electric,Automatic,2.2,198710,76383,3761,Low
12/31/2019,X5,2019,Africa,Blue,Diesel,Automatic,1.7,47098,85918,3413,Low
12/31/2016,M3,2016,North America,Silver,Electric,Automatic,4.1,161412,93036,2432,Low
12/31/2015,X1,2015,Middle East,Blue,Diesel,Manual,3.4,107584,49156,5646,High
12/31/2020,i8,2020,Europe,Black,Electric,Manual,1.7,162718,140047,824,Low
12/31/2010,X1,2010,Asia,Silver,Petrol,Automatic,3.1,148027,25073,6769,High
12/31/2014,X1,2014,Asia,White,Hybrid,Manual,1.6,83626,47217,6889,High
12/31/2017,X1,2017,Europe,Black,Hybrid,Manual,2.7,150536,57175,7466,High
12/31/2024,5 Series,2024,Europe,Grey,Petrol,Manual,2.8,52058,61721,7097,High
12/31/2017,M3,2017,Middle East,Grey,Hybrid,Automatic,4.4,199097,93194,1519,Low
12/31/2021,i8,2021,Asia,White,Hybrid,Automatic,4.1,131983,157915,753,Low
12/31/2019,3 Series,2019,Europe,Red,Diesel,Manual,4.6,135621,77327,8573,High
12/31/2018,i3,2018,Asia,White,Electric,Automatic,2,1016,96476,5441,High
12/31/2013,7 Series,2013,Europe,Red,Petrol,Manual,3.4,64343,101566,559,Low
12/31/2019,M3,2019,Africa,Red,Hybrid,Manual,1.6,128088,82529,2078,Low
12/31/2015,i3,2015,Middle East,Black,Petrol,Manual,4.4,60705,77713,3232,Low
12/31/2016,X3,2016,Africa,Red,Diesel,Manual,2.8,182900,44700,4841,Low
12/31/2014,7 Series,2014,Asia,Blue,Hybrid,Manual,1.7,161236,82761,1379,Low
12/31/2024,i8,2024,Europe,Grey,Diesel,Manual,2.6,18399,180056,238,Low
12/31/2020,3 Series,2020,Middle East,White,Petrol,Automatic,2.5,77516,79478,7545,High
12/31/2017,3 Series,2017,North America,Grey,Electric,Automatic,4.2,86693,92500,10537,High
12/31/2012,5 Series,2012,Asia,Black,Petrol,Automatic,1.9,162609,41690,7042,High
12/31/2017,X5,2017,Europe,White,Petrol,Automatic,3.4,60919,90376,5447,High
12/31/2024,X1,2024,Europe,Red,Hybrid,Manual,4.3,52829,117964,7885,High
12/31/2023,i8,2023,South America,White,Diesel,Automatic,4.1,81291,170482,50,Low
12/31/2014,7 Series,2014,Middle East,Black,Hybrid,Automatic,4.8,4192,137448,50,Low
12/31/2010,5 Series,2010,Africa,Blue,Hybrid,Automatic,1.5,86429,50750,3351,Low
12/31/2022,7 Series,2022,Africa,Blue,Electric,Manual,2.7,192683,111669,1380,Low
12/31/2015,X1,2015,Middle East,Grey,Electric,Automatic,2.8,56821,76513,4394,Low
12/31/2011,i3,2011,Middle East,White,Diesel,Automatic,1.6,96984,33953,3264,Low
12/31/2024,X5,2024,Asia,Black,Electric,Manual,4.4,58461,147967,7044,High
12/31/2016,i8,2016,Europe,Red,Petrol,Manual,3.9,126687,133137,50,Low
12/31/2024,3 Series,2024,Europe,Silver,Diesel,Automatic,3.3,11485,109924,8563,High
12/31/2024,M5,2024,South America,Red,Hybrid,Manual,2.9,141179,134493,1749,Low
12/31/2018,M5,2018,Africa,Grey,Diesel,Manual,4.6,124791,119783,515,Low
12/31/2012,M3,2012,North America,White,Hybrid,Manual,2.4,168449,56313,2462,Low
12/31/2023,X5,2023,Asia,Blue,Hybrid,Automatic,2.7,132553,107958,6507,High
12/31/2019,5 Series,2019,North America,Grey,Petrol,Automatic,4.8,30278,119222,5847,High
12/31/2023,X3,2023,Asia,Black,Petrol,Automatic,1.7,7418,104957,9071,High
12/31/2013,M5,2013,North America,Red,Hybrid,Automatic,4.2,17313,137554,606,Low
12/31/2013,X3,2013,Middle East,Grey,Diesel,Manual,4,129870,54476,4785,Low
12/31/2013,X3,2013,Africa,Grey,Diesel,Manual,4.7,55986,67270,4583,Low
12/31/2012,X1,2012,Middle East,Blue,Petrol,Manual,1.8,13707,46598,4159,Low
12/31/2014,7 Series,2014,Europe,Silver,Hybrid,Automatic,4.9,143727,110026,740,Low
12/31/2018,X1,2018,South America,White,Hybrid,Automatic,1.6,637,82305,5718,High
12/31/2024,X5,2024,North America,Grey,Hybrid,Automatic,2.7,124933,116168,7301,High
12/31/2020,X1,2020,Asia,Silver,Diesel,Manual,1.8,72729,68215,9343,High
12/31/2017,X5,2017,Middle East,White,Diesel,Automatic,1.7,100804,73664,4359,Low
12/31/2019,X6,2019,Asia,Grey,Electric,Manual,4.9,86064,132751,4519,Low
12/31/2011,M3,2011,North America,White,Hybrid,Automatic,4,196530,60409,2048,Low
12/31/2021,3 Series,2021,North America,Blue,Petrol,Manual,3.3,160073,70120,11222,High
12/31/2018,M3,2018,Europe,Blue,Petrol,Manual,1.9,166484,71334,3292,Low
12/31/2021,M5,2021,Middle East,Black,Diesel,Manual,3.3,102107,139323,1107,Low
12/31/2019,M5,2019,Europe,Red,Diesel,Automatic,2.6,163240,112027,2003,Low
12/31/2011,5 Series,2011,Africa,Black,Electric,Manual,2.5,145710,49286,3061,Low
12/31/2016,X1,2016,South America,Blue,Hybrid,Manual,3.7,25997,81037,3848,Low
12/31/2014,X5,2014,Africa,Red,Diesel,Automatic,4.3,128783,66908,2902,Low
12/31/2024,7 Series,2024,Asia,Black,Hybrid,Automatic,3.1,30521,168606,2237,Low
12/31/2022,3 Series,2022,Africa,Blue,Diesel,Automatic,3.2,119918,82997,5686,High
12/31/2016,M3,2016,Europe,White,Diesel,Manual,3.8,174733,67693,3098,Low
12/31/2014,M5,2014,Africa,Silver,Diesel,Automatic,1.9,136395,78477,604,Low
12/31/2021,M5,2021,Europe,Red,Hybrid,Manual,4.4,118000,139994,2076,Low
12/31/2015,3 Series,2015,North America,White,Petrol,Automatic,4.4,51656,79849,9133,High
12/31/2017,X1,2017,North America,Grey,Petrol,Manual,3.4,3202,80188,7316,High
12/31/2010,i3,2010,South America,Silver,Petrol,Manual,2.2,83927,31420,2233,Low
12/31/2022,M3,2022,Africa,Grey,Petrol,Manual,3.3,13104,125124,1711,Low
12/31/2020,M3,2020,North America,Grey,Diesel,Manual,1.9,139560,81334,3395,Low
12/31/2022,X6,2022,Asia,Black,Electric,Automatic,4.2,135186,131841,749,Low
12/31/2021,M5,2021,South America,Silver,Petrol,Manual,2.6,58742,134273,1013,Low
12/31/2010,M5,2010,Asia,Black,Petrol,Automatic,2.6,148993,73625,1341,Low
12/31/2014,M5,2014,Europe,Silver,Petrol,Manual,4.8,189211,95748,1345,Low
12/31/2024,X5,2024,North America,White,Diesel,Manual,3,98985,110686,5869,High
12/31/2010,5 Series,2010,North America,Grey,Diesel,Automatic,4.3,187840,43124,6150,High
12/31/2012,7 Series,2012,South America,Black,Hybrid,Automatic,3.7,112386,91728,50,Low
12/31/2019,M3,2019,Asia,White,Electric,Automatic,2.6,20054,122681,3470,Low
12/31/2024,5 Series,2024,Asia,Silver,Hybrid,Automatic,1.9,194183,98114,7413,High
12/31/2018,X3,2018,Asia,Grey,Diesel,Automatic,4.3,29517,99397,9138,High
12/31/2023,X3,2023,North America,White,Electric,Manual,4.2,35483,125818,8968,High
12/31/2022,i8,2022,South America,Red,Petrol,Manual,2.1,138665,136337,214,Low
12/31/2016,3 Series,2016,North America,Blue,Diesel,Automatic,2.4,61908,61285,9351,High
12/31/2021,X5,2021,Europe,Silver,Hybrid,Automatic,4.2,33657,128500,5806,High
12/31/2015,7 Series,2015,South America,Grey,Hybrid,Automatic,4.9,185218,105151,234,Low
12/31/2017,M5,2017,South America,Blue,Petrol,Manual,4.5,144955,114050,563,Low
12/31/2017,X3,2017,Africa,Silver,Diesel,Automatic,3.9,23405,84328,3774,Low
12/31/2015,i3,2015,Africa,Red,Diesel,Manual,4.7,21810,76731,2550,Low
12/31/2013,i3,2013,Asia,Blue,Petrol,Manual,2.5,144589,36588,5448,High
12/31/2013,i3,2013,Asia,Black,Diesel,Manual,1.5,9362,53637,5460,High
12/31/2013,X1,2013,Asia,Silver,Petrol,Automatic,2.6,34646,54471,7717,High
12/31/2015,X5,2015,South America,Red,Electric,Manual,4.9,61574,109576,2443,Low
12/31/2010,5 Series,2010,Europe,Blue,Hybrid,Automatic,4.6,196648,52925,5692,High
12/31/2021,7 Series,2021,Europe,Grey,Hybrid,Manual,1.7,8059,132617,1760,Low
12/31/2011,M5,2011,Asia,Red,Electric,Manual,3.3,105792,107514,808,Low
12/31/2015,7 Series,2015,Europe,Grey,Hybrid,Manual,1.8,22710,116838,724,Low
12/31/2023,7 Series,2023,Middle East,Black,Diesel,Manual,4.3,138259,137831,1163,Low
12/31/2023,X6,2023,South America,Silver,Diesel,Manual,2.8,175961,94044,3413,Low
12/31/2020,i8,2020,South America,Silver,Electric,Automatic,4.7,80771,176609,50,Low
12/31/2010,7 Series,2010,Africa,Red,Hybrid,Automatic,1.7,82468,79923,50,Low
12/31/2018,5 Series,2018,North America,Grey,Diesel,Manual,4.1,30591,100628,6204,High
12/31/2021,X1,2021,Africa,Blue,Hybrid,Manual,2.9,55633,92056,5327,High
12/31/2015,M5,2015,Middle East,Blue,Electric,Manual,2.4,128720,118484,419,Low
12/31/2016,X3,2016,South America,Red,Hybrid,Automatic,3.3,135445,72449,5573,High
12/31/2023,i3,2023,North America,Silver,Hybrid,Manual,3.2,53035,113182,5773,High
12/31/2021,3 Series,2021,Africa,Blue,Hybrid,Manual,2.7,38251,96659,5833,High
12/31/2010,M3,2010,Africa,Silver,Diesel,Automatic,3.8,186750,40206,892,Low
12/31/2017,5 Series,2017,Asia,Red,Petrol,Automatic,3.8,63036,93110,7356,High
12/31/2021,X3,2021,Africa,Black,Electric,Automatic,1.8,99174,95550,5697,High
12/31/2021,7 Series,2021,Asia,Grey,Electric,Automatic,3.6,15998,163240,1425,Low
12/31/2021,M3,2021,Africa,Red,Petrol,Automatic,4,14057,126987,1210,Low
12/31/2021,7 Series,2021,Middle East,Black,Hybrid,Manual,1.8,149037,123521,1311,Low
12/31/2021,7 Series,2021,Europe,Black,Electric,Automatic,3.8,281,157295,1735,Low
12/31/2014,i8,2014,North America,Red,Diesel,Manual,4.3,124802,120266,50,Low
12/31/2014,i8,2014,Middle East,Blue,Hybrid,Automatic,4.4,192344,134535,50,Low
12/31/2023,7 Series,2023,Asia,White,Petrol,Manual,1.6,100022,119576,2126,Low
12/31/2015,X5,2015,Middle East,Grey,Hybrid,Automatic,3.9,85550,94502,3054,Low
12/31/2016,5 Series,2016,Africa,Silver,Petrol,Automatic,4.3,153647,68549,3626,Low
12/31/2016,7 Series,2016,Asia,Grey,Hybrid,Manual,2.9,35342,123220,911,Low
12/31/2014,7 Series,2014,Asia,Black,Electric,Automatic,3.4,148358,100432,999,Low
12/31/2010,M5,2010,Africa,Silver,Hybrid,Automatic,2.4,164510,72411,50,Low
12/31/2020,7 Series,2020,Middle East,Black,Diesel,Automatic,2.6,79292,118565,963,Low
12/31/2018,X5,2018,Middle East,White,Petrol,Manual,3.3,93357,89800,3525,Low
12/31/2024,X1,2024,Europe,Silver,Diesel,Automatic,2,41998,90140,8881,High
12/31/2015,M3,2015,Asia,Silver,Hybrid,Manual,2.8,113548,84646,2935,Low
12/31/2022,i3,2022,Middle East,Black,Electric,Manual,2.6,197553,78371,5037,High
12/31/2018,X3,2018,Africa,Black,Hybrid,Manual,2.3,42163,87272,11204,High
12/31/2020,5 Series,2020,South America,Red,Hybrid,Manual,3.2,54443,109524,4735,Low
12/31/2013,i3,2013,Middle East,Silver,Petrol,Automatic,4.4,72534,63892,3320,Low
12/31/2011,5 Series,2011,Europe,Silver,Hybrid,Manual,2.3,151490,45421,6691,High
12/31/2022,X6,2022,Europe,Red,Petrol,Automatic,3.8,43795,126080,4709,Low
12/31/2022,X3,2022,North America,White,Hybrid,Automatic,2.4,26194,116770,10590,High
12/31/2012,M3,2012,South America,Silver,Hybrid,Automatic,2,118573,64345,1151,Low
12/31/2021,i3,2021,North America,Silver,Electric,Manual,4.8,96559,105301,4870,Low
12/31/2013,X3,2013,South America,Red,Hybrid,Automatic,3.7,141566,60610,5114,High
12/31/2019,X5,2019,Asia,Red,Electric,Automatic,1.9,86313,98087,6533,High
12/31/2021,M5,2021,Africa,Blue,Diesel,Automatic,3.7,28712,144822,544,Low
12/31/2017,i3,2017,Africa,Silver,Petrol,Manual,2.1,4198,69450,2481,Low
12/31/2012,i3,2012,North America,Black,Electric,Manual,4.6,54301,75235,3613,Low
12/31/2017,5 Series,2017,South America,Blue,Electric,Automatic,2.4,152087,78011,4496,Low
12/31/2015,M5,2015,Europe,Silver,Hybrid,Manual,4.3,180836,102867,1176,Low
12/31/2013,X5,2013,Africa,Blue,Electric,Automatic,2.2,180107,56800,3086,Low
12/31/2023,i3,2023,Africa,White,Electric,Automatic,3.5,99528,109678,3533,Low
12/31/2016,7 Series,2016,North America,Blue,Hybrid,Automatic,4.7,87448,134734,762,Low
12/31/2024,M5,2024,North America,Grey,Petrol,Manual,2.5,14859,151927,2124,Low
12/31/2023,X1,2023,Europe,Grey,Petrol,Manual,1.8,195405,58691,8245,High
12/31/2020,M3,2020,Africa,Grey,Diesel,Manual,3.4,149587,82904,1926,Low
12/31/2022,i8,2022,Europe,Silver,Hybrid,Automatic,2.1,17965,173202,529,Low
12/31/2014,i3,2014,Africa,Red,Diesel,Automatic,4,12588,75133,1927,Low
12/31/2014,i8,2014,Asia,White,Hybrid,Automatic,3.6,153458,132470,50,Low
12/31/2018,M5,2018,Africa,Red,Diesel,Manual,2.7,67869,115701,657,Low
12/31/2022,X3,2022,Asia,White,Electric,Automatic,4,92568,110645,1883,Low
12/31/2012,i3,2012,Africa,Blue,Diesel,Automatic,2.3,190951,25000,2394,Low
12/31/2019,X6,2019,Europe,Black,Hybrid,Manual,4.7,3575,135515,3440,Low
12/31/2024,X1,2024,North America,Black,Diesel,Automatic,2.7,104784,85736,8005,High
12/31/2013,M3,2013,Africa,Silver,Petrol,Manual,4.2,177177,59675,147,Low
12/31/2014,M3,2014,Africa,Red,Hybrid,Automatic,2.4,81966,76465,921,Low
12/31/2010,X6,2010,North America,Silver,Hybrid,Automatic,4,43603,88314,3416,Low
12/31/2016,3 Series,2016,Asia,Grey,Electric,Automatic,1.6,135798,61289,11221,High
12/31/2017,X6,2017,Middle East,Black,Electric,Automatic,2.5,112027,105102,2451,Low
12/31/2024,M5,2024,Asia,Grey,Electric,Manual,1.8,94672,147220,2394,Low
12/31/2015,M5,2015,Africa,White,Electric,Manual,3.1,31066,122390,50,Low
12/31/2018,M3,2018,Europe,Red,Diesel,Automatic,3,41780,104526,2927,Low
12/31/2012,M3,2012,Middle East,Grey,Petrol,Automatic,2.8,162025,91490,1059,Low
12/31/2011,3 Series,2011,Asia,Red,Hybrid,Manual,4.9,34230,71218,10018,High
12/31/2014,i3,2014,Africa,White,Hybrid,Automatic,2.4,3980,76466,2395,Low
12/31/2022,X3,2022,Europe,White,Hybrid,Manual,4.3,140278,97465,7856,High
12/31/2018,i8,2018,South America,Blue,Electric,Automatic,3.1,109587,145561,50,Low
12/31/2020,X6,2020,Europe,White,Hybrid,Manual,2.7,162000,98031,4804,Low
12/31/2010,5 Series,2010,Middle East,White,Petrol,Manual,2.2,53336,54135,3444,Low
12/31/2010,i3,2010,Middle East,Red,Diesel,Manual,3.7,187502,25000,3407,Low
12/31/2019,M3,2019,South America,White,Electric,Manual,2.7,122964,101802,2445,Low
12/31/2012,i3,2012,Middle East,White,Hybrid,Automatic,4.3,22023,78210,2348,Low
12/31/2019,X3,2019,Africa,Blue,Hybrid,Manual,4.9,90723,98850,5464,High
12/31/2012,X5,2012,North America,White,Hybrid,Automatic,2.3,170273,56151,6328,High
12/31/2014,M3,2014,North America,Grey,Petrol,Manual,2,41975,33138,3485,Low
12/31/2013,M5,2013,Asia,Black,Diesel,Automatic,2.6,136555,85581,1579,Low
12/31/2015,X3,2015,Asia,Grey,Electric,Manual,3.1,188207,61554,8445,High
12/31/2021,X3,2021,South America,Silver,Diesel,Automatic,2.6,89723,85922,4875,Low
12/31/2017,7 Series,2017,Europe,Blue,Petrol,Manual,4.9,156041,105223,1254,Low
12/31/2017,5 Series,2017,Africa,Grey,Diesel,Automatic,4.2,150750,73925,3743,Low
12/31/2024,5 Series,2024,Africa,Grey,Hybrid,Manual,4.9,87757,125426,4613,Low
12/31/2020,i3,2020,North America,Grey,Electric,Manual,2.8,157770,81260,9800,High
12/31/2013,X6,2013,Asia,Black,Hybrid,Manual,2.6,111900,75035,3490,Low
12/31/2010,X1,2010,Middle East,Red,Electric,Automatic,2.9,192399,30862,5270,High
12/31/2022,M5,2022,South America,Red,Hybrid,Automatic,3.3,150930,135057,1605,Low
12/31/2023,X1,2023,South America,Silver,Petrol,Manual,4.1,80981,96030,4846,Low
12/31/2023,3 Series,2023,Middle East,Black,Diesel,Automatic,4.6,40343,113469,7065,High
12/31/2016,X1,2016,South America,Silver,Hybrid,Manual,3.1,46903,71316,4995,Low
12/31/2015,3 Series,2015,Africa,Grey,Electric,Automatic,2.5,92011,67693,5475,High
12/31/2014,i8,2014,Asia,Grey,Hybrid,Manual,2.6,12838,138866,50,Low
12/31/2013,i3,2013,Asia,Silver,Petrol,Manual,3.9,171400,39928,5348,High
12/31/2015,i3,2015,Asia,Blue,Hybrid,Manual,3.5,68956,78677,5124,High
12/31/2017,X3,2017,Asia,White,Electric,Manual,3.2,14633,95297,7612,High
12/31/2015,X3,2015,Europe,Red,Diesel,Automatic,2.2,82779,54921,9398,High
12/31/2012,X5,2012,Europe,White,Diesel,Automatic,4.6,5665,90048,5492,High
12/31/2018,X5,2018,North America,White,Hybrid,Manual,4.2,99359,110480,6915,High
12/31/2012,X1,2012,Europe,White,Diesel,Automatic,2,127129,25000,6474,High
12/31/2013,M5,2013,Asia,Red,Hybrid,Automatic,2.8,29263,115025,962,Low
12/31/2022,M3,2022,Asia,White,Diesel,Manual,3.4,134623,103996,3588,Low
12/31/2014,3 Series,2014,Asia,Silver,Diesel,Manual,3.1,114592,45531,8836,High
12/31/2020,M5,2020,Africa,White,Diesel,Automatic,2.9,20906,135947,588,Low
12/31/2011,3 Series,2011,Africa,Red,Diesel,Manual,4,25395,54686,4002,Low
12/31/2020,X5,2020,South America,Silver,Petrol,Automatic,1.7,108859,81226,4176,Low
12/31/2019,X1,2019,North America,Grey,Electric,Automatic,3.1,197715,68005,9058,High
12/31/2024,X5,2024,North America,Grey,Electric,Manual,2.4,185214,102543,6332,High
12/31/2020,X3,2020,Middle East,Silver,Diesel,Manual,1.8,168281,62202,6736,High
12/31/2019,7 Series,2019,Africa,Black,Petrol,Manual,3.1,104013,113887,564,Low
12/31/2011,M3,2011,South America,Red,Diesel,Manual,2.1,57191,54337,1128,Low
12/31/2015,X3,2015,South America,White,Electric,Manual,2.4,27631,84374,4744,Low
12/31/2024,X6,2024,Middle East,Red,Petrol,Manual,3.3,112570,126131,3609,Low
12/31/2023,M3,2023,Asia,White,Electric,Manual,4.9,133675,129081,3291,Low
12/31/2011,X3,2011,Asia,White,Diesel,Automatic,3.9,93678,53202,7539,High
12/31/2019,3 Series,2019,Africa,Silver,Petrol,Manual,2.5,78969,72693,5753,High
12/31/2010,M5,2010,Africa,Blue,Petrol,Automatic,2.8,179095,68418,92,Low
12/31/2017,X6,2017,Middle East,White,Hybrid,Automatic,2.9,119878,102752,2468,Low
12/31/2019,7 Series,2019,Middle East,Blue,Hybrid,Manual,2,14425,135711,931,Low
12/31/2023,3 Series,2023,Africa,Silver,Hybrid,Automatic,2.1,90771,92192,5399,High
12/31/2019,7 Series,2019,North America,White,Diesel,Automatic,2,166296,97432,1599,Low
12/31/2022,X5,2022,South America,White,Electric,Manual,3.3,1245,133583,3558,Low
12/31/2010,5 Series,2010,Middle East,Blue,Diesel,Automatic,3.9,89247,58908,4060,Low
12/31/2019,3 Series,2019,South America,Blue,Petrol,Automatic,3.6,68422,79912,6767,High
12/31/2023,X3,2023,North America,Silver,Electric,Automatic,4.9,112852,121801,10005,High
12/31/2015,M5,2015,Middle East,Grey,Petrol,Automatic,1.9,161556,92956,916,Low
12/31/2021,X1,2021,Asia,White,Electric,Manual,5,35632,119886,7865,High
12/31/2023,3 Series,2023,Europe,Silver,Petrol,Manual,3.1,98582,90342,10785,High
12/31/2010,X1,2010,North America,Blue,Hybrid,Manual,2.3,77247,40095,7012,High
12/31/2017,X6,2017,Africa,Grey,Diesel,Manual,4.8,185867,80219,1956,Low
12/31/2023,i3,2023,Asia,Black,Petrol,Automatic,3.1,87491,95772,5339,High
12/31/2014,M5,2014,Asia,Red,Petrol,Automatic,2.7,9554,115910,1184,Low
12/31/2012,X5,2012,South America,Blue,Electric,Manual,2.2,196356,70314,2720,Low
12/31/2014,X6,2014,North America,Grey,Electric,Automatic,2.4,81855,94704,3260,Low
12/31/2024,7 Series,2024,Middle East,Silver,Diesel,Automatic,4.9,185514,141779,1246,Low
12/31/2022,i8,2022,Asia,Red,Hybrid,Automatic,2.6,27183,175667,522,Low
12/31/2010,5 Series,2010,Africa,Blue,Electric,Automatic,4.9,108673,72574,2673,Low
12/31/2010,7 Series,2010,Africa,Black,Diesel,Automatic,2.7,126145,65896,50,Low
12/31/2021,i3,2021,Europe,Blue,Petrol,Manual,2.3,165066,63392,5634,High
12/31/2023,7 Series,2023,South America,White,Electric,Automatic,2.1,25282,148815,1215,Low
12/31/2013,i8,2013,Africa,White,Hybrid,Automatic,2.9,95776,120443,50,Low
12/31/2018,X1,2018,Africa,Grey,Petrol,Manual,2.3,30742,70589,4654,Low
12/31/2023,X1,2023,Africa,White,Electric,Automatic,3.9,13803,121843,5039,High
12/31/2018,M5,2018,South America,White,Diesel,Automatic,2.3,82897,113494,765,Low
12/31/2010,X5,2010,Africa,Black,Diesel,Manual,4.4,61373,65460,2500,Low
12/31/2012,5 Series,2012,North America,Grey,Hybrid,Manual,4.4,104506,73868,5838,High
12/31/2022,3 Series,2022,North America,Red,Diesel,Manual,2.5,123087,76096,10187,High
12/31/2021,5 Series,2021,North America,Silver,Hybrid,Manual,4.1,105727,108670,6691,High
12/31/2013,i8,2013,Middle East,Blue,Hybrid,Automatic,4.5,89967,146560,50,Low
12/31/2011,X3,2011,Africa,Blue,Hybrid,Manual,3.6,109164,51776,4427,Low
12/31/2016,X3,2016,Asia,Black,Petrol,Manual,2.8,34074,73694,9893,High
12/31/2012,3 Series,2012,Europe,Black,Petrol,Automatic,3,92099,47805,9689,High
12/31/2010,M5,2010,South America,Red,Diesel,Automatic,4.3,193962,69195,255,Low
12/31/2010,7 Series,2010,South America,Silver,Petrol,Manual,2.5,29493,78145,50,Low
12/31/2012,3 Series,2012,North America,Black,Hybrid,Automatic,2.7,28608,66016,9030,High
12/31/2015,5 Series,2015,North America,Red,Diesel,Automatic,2.1,68141,66755,6718,High
12/31/2013,M3,2013,Asia,Red,Hybrid,Manual,2.9,106934,78325,2631,Low
12/31/2010,7 Series,2010,Middle East,Red,Hybrid,Manual,1.8,125037,77538,50,Low
12/31/2016,X3,2016,Middle East,Black,Diesel,Automatic,2.6,129160,57538,5419,High
12/31/2011,i3,2011,Europe,Red,Hybrid,Manual,2.8,175594,33304,4227,Low
12/31/2021,3 Series,2021,Africa,Silver,Petrol,Manual,2.4,136612,69985,5541,High
12/31/2014,3 Series,2014,Middle East,Black,Petrol,Automatic,1.9,72640,54689,6593,High
12/31/2017,X1,2017,Asia,Red,Diesel,Automatic,3.3,66898,68986,7963,High
12/31/2016,3 Series,2016,Middle East,Blue,Hybrid,Manual,4.5,94028,84311,5665,High
12/31/2020,X1,2020,South America,Grey,Petrol,Automatic,2.7,92653,68603,4407,Low
12/31/2021,X3,2021,Europe,Black,Electric,Automatic,2.3,6719,115125,9593,High
12/31/2017,X6,2017,Africa,Silver,Petrol,Automatic,2.5,139336,76299,2434,Low
12/31/2022,7 Series,2022,Africa,Red,Petrol,Manual,4.5,188949,116330,848,Low
12/31/2019,X6,2019,North America,Black,Hybrid,Manual,3.3,51188,56822,5502,High
12/31/2023,i3,2023,Europe,Blue,Hybrid,Manual,2,134040,86489,6106,High
12/31/2020,7 Series,2020,Africa,Black,Hybrid,Manual,4,119176,126914,906,Low
12/31/2015,i8,2015,Europe,White,Electric,Manual,2,6050,148811,50,Low
12/31/2016,i3,2016,North America,Blue,Hybrid,Manual,1.7,171444,49375,5473,High
12/31/2018,5 Series,2018,Middle East,Silver,Electric,Manual,2.4,138285,84260,5676,High
12/31/2015,i8,2015,North America,Silver,Petrol,Automatic,2.1,137389,111275,50,Low
12/31/2018,3 Series,2018,Middle East,White,Diesel,Automatic,3.6,142776,64852,5967,High
12/31/2024,3 Series,2024,North America,Grey,Hybrid,Automatic,3.2,129129,105169,11546,High
12/31/2022,i8,2022,Europe,White,Petrol,Automatic,4,27910,180857,50,Low
12/31/2021,7 Series,2021,South America,White,Diesel,Automatic,3.3,64843,129903,862,Low
12/31/2011,i3,2011,Middle East,White,Petrol,Manual,3,17736,53939,2851,Low
12/31/2022,7 Series,2022,South America,Red,Diesel,Manual,3.3,194565,110597,1352,Low
12/31/2011,i3,2011,North America,Red,Electric,Automatic,3,148055,48811,3828,Low
12/31/2023,i3,2023,Europe,Silver,Petrol,Manual,1.6,199954,63795,5623,High
12/31/2011,i3,2011,Middle East,Black,Electric,Manual,3.9,169014,48387,3186,Low
12/31/2015,X5,2015,Asia,White,Electric,Automatic,4.9,56784,114219,5392,High
12/31/2011,M3,2011,North America,Silver,Hybrid,Automatic,3,55165,82406,1905,Low
12/31/2012,5 Series,2012,Europe,White,Hybrid,Automatic,3,152653,56567,6987,High
12/31/2022,7 Series,2022,Middle East,Grey,Diesel,Manual,1.7,5754,138298,1054,Low
12/31/2017,X5,2017,Middle East,Red,Petrol,Manual,4.6,74990,96415,4018,Low
12/31/2017,X6,2017,Middle East,Red,Petrol,Manual,4.8,107191,107534,2503,Low
12/31/2020,i8,2020,Middle East,Blue,Hybrid,Manual,4.3,14173,187366,50,Low
12/31/2021,i3,2021,North America,Blue,Diesel,Automatic,1.9,177264,58978,6369,High
12/31/2013,3 Series,2013,Asia,Red,Hybrid,Manual,4.7,139095,62258,8967,High
12/31/2018,X1,2018,Middle East,Red,Petrol,Manual,1.6,62927,63307,6277,High
12/31/2017,X5,2017,Middle East,Black,Diesel,Manual,3.1,58001,90078,3428,Low
12/31/2010,i3,2010,Middle East,White,Petrol,Manual,3.3,11658,55931,2887,Low
12/31/2017,M3,2017,Middle East,Grey,Electric,Manual,4.4,191730,95993,5452,High
12/31/2010,X3,2010,North America,Black,Electric,Manual,4.1,42340,70833,8743,High
12/31/2024,X6,2024,South America,Grey,Diesel,Automatic,4.3,60351,132971,2490,Low
12/31/2013,X5,2013,South America,Silver,Diesel,Manual,4.5,6949,83137,2726,Low
12/31/2019,X5,2019,Africa,Black,Diesel,Manual,3.2,145059,76290,3289,Low
12/31/2015,5 Series,2015,Asia,Silver,Hybrid,Automatic,4.2,158746,80121,7843,High
12/31/2016,X6,2016,Africa,White,Hybrid,Automatic,1.7,38407,95168,268,Low
12/31/2019,X5,2019,South America,Black,Electric,Automatic,3.1,14287,118782,3539,Low
12/31/2022,M3,2022,Africa,Black,Electric,Manual,1.6,48256,111157,1993,Low
12/31/2013,7 Series,2013,North America,Silver,Hybrid,Manual,4.7,61145,122269,382,Low
12/31/2017,X3,2017,Asia,Black,Petrol,Automatic,4.9,176606,71555,7787,High
12/31/2017,X6,2017,Asia,Grey,Petrol,Manual,1.8,175203,67222,5212,High
12/31/2023,M3,2023,Asia,Red,Hybrid,Manual,3.4,118210,113955,3925,Low
12/31/2023,i3,2023,South America,Red,Hybrid,Manual,2.6,199616,75609,4116,Low
12/31/2023,i3,2023,South America,Red,Petrol,Manual,2.7,109187,83232,3895,Low
12/31/2018,X3,2018,Asia,Black,Electric,Automatic,3.1,179721,75897,8338,High
12/31/2023,M3,2023,Europe,White,Electric,Manual,1.9,11078,127290,3176,Low
12/31/2015,3 Series,2015,South America,Silver,Petrol,Automatic,2.1,181326,35044,6583,High
12/31/2013,X5,2013,South America,Red,Electric,Manual,3.5,6127,100988,2921,Low
12/31/2011,M5,2011,Asia,Red,Diesel,Manual,1.6,88900,77067,1230,Low
12/31/2024,M3,2024,Middle East,Black,Diesel,Manual,3.6,66291,120339,2494,Low
12/31/2016,i8,2016,Europe,Red,Hybrid,Automatic,2.6,24361,157383,50,Low
12/31/2019,3 Series,2019,Africa,Grey,Petrol,Manual,4.4,15984,96312,5032,High
12/31/2012,3 Series,2012,Asia,Red,Petrol,Automatic,3.6,27004,63058,8527,High
12/31/2020,M3,2020,Europe,Red,Hybrid,Automatic,4,50972,125714,2809,Low
12/31/2022,3 Series,2022,Europe,Blue,Diesel,Automatic,1.9,135414,68177,9527,High
12/31/2021,i8,2021,Europe,Grey,Hybrid,Automatic,2.4,58046,166319,464,Low
12/31/2012,7 Series,2012,Africa,Silver,Petrol,Automatic,5,54040,100104,50,Low
12/31/2012,i8,2012,Asia,Silver,Hybrid,Manual,3,153490,114262,50,Low
12/31/2013,X3,2013,Europe,Red,Hybrid,Automatic,2.8,12240,78308,6899,High
12/31/2011,X3,2011,North America,Grey,Electric,Manual,4.6,1436,83822,6920,High
12/31/2022,X5,2022,Middle East,White,Hybrid,Automatic,1.6,91214,112027,5400,High
12/31/2022,i8,2022,Africa,Grey,Hybrid,Automatic,3.4,87929,166520,202,Low
12/31/2014,5 Series,2014,Europe,Silver,Electric,Automatic,2.2,177666,60918,6396,High
12/31/2012,X5,2012,Africa,Black,Electric,Manual,2.8,145257,60355,2512,Low
12/31/2019,5 Series,2019,Africa,Grey,Petrol,Automatic,2.2,197277,58647,4359,Low
12/31/2014,X1,2014,Asia,Grey,Hybrid,Manual,1.6,8048,61535,7443,High
12/31/2021,X3,2021,Middle East,Grey,Electric,Automatic,3,90054,107908,6261,High
12/31/2022,7 Series,2022,Africa,White,Diesel,Manual,4.3,135759,116240,874,Low
12/31/2016,M5,2016,North America,Grey,Diesel,Automatic,4.8,89988,120091,1268,Low
12/31/2018,7 Series,2018,Europe,White,Electric,Manual,3.7,121680,124063,1691,Low
12/31/2011,7 Series,2011,North America,Grey,Hybrid,Manual,2.9,197320,69991,842,Low
12/31/2018,X5,2018,Middle East,Grey,Diesel,Automatic,4.2,177784,87162,4367,Low
12/31/2019,5 Series,2019,Africa,Blue,Petrol,Manual,3.3,85745,86340,3386,Low
12/31/2015,7 Series,2015,South America,Grey,Petrol,Manual,2.8,195249,76111,588,Low
12/31/2021,3 Series,2021,South America,Red,Electric,Automatic,2.1,135244,85277,6792,High
12/31/2015,i8,2015,Africa,Grey,Diesel,Manual,4.3,39771,131958,50,Low
12/31/2020,X3,2020,Europe,Grey,Hybrid,Manual,3.3,179176,81731,8365,High
12/31/2012,5 Series,2012,Asia,Blue,Electric,Automatic,4.9,31892,96389,6308,High
12/31/2023,3 Series,2023,North America,Red,Diesel,Automatic,4.3,24134,111009,10936,High
12/31/2019,7 Series,2019,South America,Grey,Petrol,Automatic,3,181559,96048,911,Low
12/31/2022,i8,2022,Asia,Red,Hybrid,Manual,4.1,135623,167776,745,Low
12/31/2018,i8,2018,Asia,White,Hybrid,Manual,3.1,94870,155086,299,Low
12/31/2013,M3,2013,Middle East,Black,Diesel,Manual,1.8,69408,36437,1985,Low
12/31/2014,i3,2014,South America,Black,Electric,Manual,3.3,46784,78195,2655,Low
12/31/2012,M3,2012,Asia,White,Electric,Manual,4.5,168343,80369,2474,Low
12/31/2014,7 Series,2014,Middle East,Red,Petrol,Manual,4.5,172886,93018,380,Low
12/31/2017,X3,2017,Asia,White,Diesel,Automatic,3.5,532,92961,8668,High
12/31/2017,3 Series,2017,North America,White,Electric,Automatic,2.8,181617,67444,9837,High
12/31/2023,X6,2023,Middle East,White,Diesel,Automatic,1.5,45526,118368,3586,Low
12/31/2017,5 Series,2017,Middle East,Silver,Electric,Manual,2.6,76884,94667,8560,High
12/31/2015,X1,2015,Europe,Blue,Hybrid,Manual,5,96632,73074,7252,High
12/31/2024,M5,2024,South America,Blue,Petrol,Automatic,4,102391,146550,1366,Low
12/31/2024,i8,2024,North America,Blue,Electric,Manual,4,92949,178385,819,Low
12/31/2010,5 Series,2010,Europe,White,Petrol,Automatic,4.2,113518,54844,5587,High
12/31/2020,i8,2020,Africa,Silver,Hybrid,Manual,3.7,13288,162871,50,Low
12/31/2019,3 Series,2019,North America,Red,Petrol,Automatic,3.6,39213,91468,9172,High
12/31/2021,M3,2021,Europe,White,Hybrid,Automatic,3.1,158696,99670,3791,Low
12/31/2015,7 Series,2015,Middle East,Blue,Petrol,Automatic,3.1,191540,87015,716,Low
12/31/2021,3 Series,2021,Middle East,Black,Hybrid,Automatic,4.5,116833,105859,7745,High
12/31/2020,M5,2020,Europe,Red,Electric,Automatic,2.9,115591,136640,2040,Low
12/31/2019,5 Series,2019,North America,White,Hybrid,Manual,4.4,129623,100900,8294,High
12/31/2016,i8,2016,North America,Black,Hybrid,Automatic,4.4,5931,172070,50,Low
12/31/2023,i3,2023,Africa,Red,Diesel,Automatic,4.2,147336,82937,3188,Low
12/31/2018,X6,2018,South America,White,Diesel,Automatic,1.6,128121,73163,2708,Low
12/31/2021,5 Series,2021,Europe,Grey,Petrol,Manual,2,165918,70955,15000,High
12/31/2017,X3,2017,South America,Grey,Petrol,Automatic,2.6,80394,69253,4781,Low
12/31/2020,7 Series,2020,Europe,White,Hybrid,Manual,4.5,121136,127884,1799,Low
12/31/2021,M5,2021,Asia,Silver,Diesel,Manual,4.6,173662,126282,2227,Low
12/31/2017,i8,2017,Middle East,Grey,Electric,Manual,1.6,116275,144826,50,Low
12/31/2024,M5,2024,Asia,Black,Hybrid,Automatic,2.6,160181,138350,2721,Low
12/31/2016,M5,2016,Middle East,Grey,Hybrid,Automatic,4.5,168770,123441,481,Low
12/31/2011,3 Series,2011,Middle East,Black,Petrol,Manual,2.4,6680,53222,5830,High
12/31/2010,X6,2010,South America,Red,Diesel,Manual,4.9,69196,76397,1397,Low
12/31/2024,7 Series,2024,Middle East,White,Diesel,Manual,3.2,153167,124015,1399,Low
12/31/2011,7 Series,2011,North America,Red,Petrol,Automatic,4.8,85035,103531,407,Low
12/31/2024,i8,2024,Europe,Blue,Electric,Manual,3,122261,170818,947,Low
12/31/2015,3 Series,2015,Asia,Black,Diesel,Automatic,2.6,43148,63739,10766,High
12/31/2022,i8,2022,Africa,Blue,Hybrid,Manual,2.8,24949,171316,153,Low
12/31/2011,M5,2011,North America,Silver,Electric,Manual,4.6,83986,118964,478,Low
12/31/2019,X5,2019,South America,Red,Petrol,Manual,2.7,142777,77607,3849,Low
12/31/2013,X6,2013,Europe,White,Petrol,Manual,3.8,25276,87699,3721,Low
12/31/2024,i3,2024,Asia,Black,Petrol,Manual,3.1,126105,90672,5329,High
12/31/2019,X6,2019,Middle East,Grey,Petrol,Manual,4.8,33064,123808,2290,Low
12/31/2012,M5,2012,Asia,Grey,Electric,Manual,2.1,189693,88025,1094,Low
12/31/2015,5 Series,2015,Asia,Grey,Electric,Manual,3,154103,71465,7095,High
12/31/2021,X6,2021,North America,Blue,Electric,Manual,1.9,153769,108922,4756,Low
12/31/2021,M5,2021,Asia,Black,Petrol,Manual,3.5,178866,117379,1977,Low
12/31/2022,M3,2022,Middle East,White,Hybrid,Automatic,2.9,81616,123988,2434,Low
12/31/2023,3 Series,2023,Africa,Black,Diesel,Automatic,1.7,188028,59274,6058,High
12/31/2017,X6,2017,Africa,Blue,Electric,Automatic,4.5,73990,121479,1721,Low
12/31/2020,i3,2020,North America,Grey,Petrol,Automatic,2.8,150873,70594,5329,High
12/31/2015,X5,2015,South America,White,Petrol,Automatic,3.2,19896,35180,3638,Low
12/31/2011,M5,2011,Africa,Grey,Hybrid,Manual,2.9,190487,72221,200,Low
12/31/2014,X3,2014,North America,Blue,Hybrid,Manual,3.2,183824,51926,7588,High
12/31/2020,X6,2020,North America,Grey,Electric,Manual,1.6,4793,128505,4698,Low
12/31/2022,3 Series,2022,Middle East,Blue,Electric,Manual,4.4,68415,113173,6414,High
12/31/2015,5 Series,2015,Africa,Black,Diesel,Automatic,2.7,182541,46958,3493,Low
12/31/2018,X1,2018,Europe,Blue,Petrol,Automatic,4,104579,69892,7076,High
12/31/2015,X1,2015,Asia,Red,Diesel,Automatic,1.7,150735,33730,7547,High
12/31/2019,i8,2019,Middle East,White,Electric,Manual,3.3,69395,167939,50,Low
12/31/2014,i8,2014,North America,White,Petrol,Automatic,4.7,60389,151400,50,Low
12/31/2010,i8,2010,Europe,Black,Hybrid,Automatic,2.9,187952,101649,50,Low
12/31/2019,i3,2019,North America,Red,Petrol,Automatic,2.2,162449,60642,4818,Low
12/31/2014,7 Series,2014,Asia,Black,Hybrid,Manual,1.8,28955,107794,934,Low
12/31/2014,X5,2014,Middle East,Blue,Electric,Automatic,4.5,101428,100196,3321,Low
12/31/2015,i8,2015,Asia,Black,Petrol,Automatic,2.3,157176,109176,50,Low
12/31/2016,X3,2016,South America,Red,Petrol,Manual,4.9,110091,74071,5180,High
12/31/2022,i3,2022,North America,Red,Hybrid,Automatic,2.4,163952,86106,6390,High
12/31/2022,7 Series,2022,Asia,Grey,Hybrid,Automatic,3.2,45651,145665,1966,Low
12/31/2013,5 Series,2013,Middle East,Grey,Diesel,Automatic,3.1,122052,57467,3782,Low
12/31/2016,i3,2016,Africa,Grey,Electric,Manual,1.7,85353,63875,2330,Low
12/31/2014,7 Series,2014,Europe,Red,Electric,Automatic,3.4,53433,119587,496,Low
12/31/2015,X3,2015,South America,Black,Petrol,Manual,3.9,166691,54195,5952,High
12/31/2013,X1,2013,South America,Red,Hybrid,Automatic,4.1,153022,49540,4396,Low
12/31/2021,M5,2021,North America,Silver,Petrol,Manual,3.3,179007,115890,2000,Low
12/31/2017,5 Series,2017,Asia,Red,Diesel,Automatic,4.3,140914,82104,7455,High
12/31/2018,3 Series,2018,Middle East,Black,Petrol,Manual,4.1,122280,72704,7231,High
12/31/2011,M3,2011,North America,Grey,Electric,Manual,2.2,145301,63318,2486,Low
12/31/2021,i8,2021,Europe,Red,Petrol,Manual,2.9,135628,142987,378,Low
12/31/2020,X6,2020,North America,White,Diesel,Automatic,2,173230,83314,11107,High
12/31/2013,i8,2013,Asia,Blue,Diesel,Manual,2,79646,109226,50,Low
12/31/2020,3 Series,2020,Africa,Grey,Electric,Automatic,4,69455,108948,5356,High
12/31/2017,i8,2017,South America,Silver,Hybrid,Manual,3.4,66589,148110,50,Low
12/31/2017,i8,2017,Europe,Black,Electric,Automatic,3.6,157017,149028,50,Low
12/31/2024,5 Series,2024,Middle East,Grey,Diesel,Manual,4.1,119506,113324,5435,High
12/31/2018,M3,2018,Europe,Blue,Petrol,Automatic,2.5,61877,90943,2436,Low
12/31/2012,X3,2012,Asia,White,Diesel,Automatic,2.9,128338,42538,7570,High
12/31/2010,i3,2010,North America,Blue,Petrol,Manual,3.6,194884,25000,4414,Low
12/31/2018,X3,2018,Europe,Blue,Petrol,Automatic,1.8,109690,65419,8276,High
12/31/2010,X6,2010,South America,Grey,Electric,Manual,4.4,13065,92706,1226,Low
12/31/2012,M5,2012,Europe,Grey,Petrol,Manual,2.7,51296,98564,860,Low
12/31/2012,i8,2012,Asia,White,Petrol,Manual,3.8,8920,128871,50,Low
12/31/2018,i8,2018,North America,Grey,Diesel,Manual,5,65415,153320,50,Low
12/31/2024,M3,2024,Asia,Grey,Hybrid,Automatic,3.2,47287,142975,3399,Low
12/31/2010,X5,2010,Europe,White,Electric,Manual,2.3,188191,47998,4794,Low
12/31/2016,7 Series,2016,Europe,Red,Hybrid,Automatic,2.3,161404,97459,1194,Low
12/31/2011,i3,2011,Asia,Black,Electric,Automatic,1.7,104662,47429,4362,Low
12/31/2016,X1,2016,Middle East,Red,Electric,Manual,4.2,102411,79023,4560,Low
12/31/2024,X6,2024,South America,Silver,Electric,Manual,2.5,173477,112659,3957,Low
12/31/2024,X1,2024,South America,Blue,Hybrid,Manual,2.1,99615,92131,6648,High
12/31/2010,M3,2010,Asia,White,Diesel,Automatic,4,153183,51823,2349,Low
12/31/2022,i8,2022,Europe,Black,Hybrid,Manual,2.6,159361,153114,774,Low
12/31/2019,i3,2019,South America,Blue,Diesel,Automatic,3.6,16550,86208,3152,Low
12/31/2019,X3,2019,Middle East,Blue,Petrol,Manual,3,106244,79563,6797,High
12/31/2017,X5,2017,Middle East,Black,Electric,Manual,2.7,150739,88411,3964,Low
12/31/2019,5 Series,2019,Europe,Blue,Diesel,Automatic,3.2,191456,72048,7380,High
12/31/2022,X1,2022,Asia,Grey,Hybrid,Manual,2.6,60019,90453,8665,High
12/31/2019,3 Series,2019,Africa,White,Electric,Automatic,4.5,174523,86568,5093,High
12/31/2011,3 Series,2011,Asia,White,Petrol,Manual,1.8,60268,56098,10045,High
12/31/2012,M5,2012,South America,Blue,Petrol,Manual,1.6,177867,61138,674,Low
12/31/2023,X5,2023,Europe,Red,Diesel,Automatic,2.9,179000,88723,6284,High
12/31/2017,M3,2017,Middle East,Black,Diesel,Manual,2.1,116216,75555,1753,Low
12/31/2012,X3,2012,Asia,White,Hybrid,Manual,4.1,31802,74227,8952,High
12/31/2010,7 Series,2010,Asia,Red,Electric,Automatic,2.7,171803,81207,726,Low
12/31/2018,M3,2018,South America,Silver,Petrol,Automatic,2.4,15095,105006,1567,Low
12/31/2017,X5,2017,Africa,Red,Electric,Automatic,2.8,179588,81640,3441,Low
12/31/2024,X1,2024,Asia,Red,Hybrid,Manual,2.3,101503,93227,7844,High
12/31/2013,i3,2013,Africa,Black,Hybrid,Automatic,2.5,124993,47735,2223,Low
12/31/2017,X1,2017,Europe,Red,Diesel,Manual,3.5,41248,66660,7414,High
12/31/2023,X1,2023,Asia,White,Diesel,Automatic,4.5,118905,87598,9817,High
12/31/2014,X5,2014,Africa,Black,Diesel,Automatic,2.8,85970,64932,2858,Low
12/31/2012,M3,2012,North America,Red,Hybrid,Automatic,2.6,28776,91030,1842,Low
12/31/2010,i8,2010,North America,Red,Electric,Automatic,4.2,82283,140590,50,Low
12/31/2022,X5,2022,North America,Grey,Electric,Automatic,1.6,52935,123198,6330,High
12/31/2019,i8,2019,Europe,Grey,Petrol,Manual,2.6,83429,140968,72,Low
12/31/2014,X5,2014,Middle East,Silver,Hybrid,Automatic,3.1,132145,82236,3608,Low
12/31/2020,i3,2020,Europe,Silver,Petrol,Manual,3.6,57923,88924,5555,High
12/31/2015,i8,2015,Asia,Black,Hybrid,Automatic,2,26694,151703,50,Low
12/31/2013,3 Series,2013,Europe,Black,Electric,Manual,3,34520,76090,9339,High
12/31/2016,3 Series,2016,Asia,Red,Petrol,Manual,3.5,61369,69042,11044,High
12/31/2012,7 Series,2012,North America,Red,Diesel,Manual,3.3,88710,85305,799,Low
12/31/2016,M3,2016,Asia,White,Electric,Manual,3.5,14957,112963,2461,Low
12/31/2023,i8,2023,Europe,Red,Diesel,Manual,3.8,43719,163787,300,Low
12/31/2010,5 Series,2010,South America,Grey,Petrol,Automatic,2.8,33214,58775,3138,Low
12/31/2016,X1,2016,North America,Silver,Petrol,Manual,1.7,19193,62431,8218,High
12/31/2010,X6,2010,Middle East,Grey,Hybrid,Manual,1.7,39086,75147,1654,Low
12/31/2022,X1,2022,South America,Red,Electric,Automatic,4.5,180668,38810,7213,High
12/31/2020,X6,2020,North America,Grey,Electric,Manual,3.9,171110,107507,4199,Low
12/31/2010,X5,2010,Europe,Black,Electric,Automatic,4.2,186196,64565,4926,Low
12/31/2011,3 Series,2011,Africa,Red,Electric,Automatic,4.8,157396,57516,5043,High
12/31/2011,i8,2011,Africa,Black,Electric,Automatic,4.1,52184,130470,50,Low
12/31/2013,3 Series,2013,Africa,Black,Diesel,Manual,3.9,122458,44242,4571,Low
12/31/2022,7 Series,2022,Africa,Blue,Petrol,Manual,3.8,78093,132042,119,Low
12/31/2010,5 Series,2010,South America,Silver,Diesel,Manual,2.4,152865,28752,4113,Low
12/31/2013,5 Series,2013,Europe,Black,Petrol,Automatic,4.9,100510,77621,6786,High
12/31/2011,i8,2011,Middle East,Silver,Hybrid,Manual,3.4,183012,114838,50,Low
12/31/2013,5 Series,2013,South America,Red,Electric,Automatic,2.3,96709,73550,3901,Low
12/31/2013,X1,2013,Middle East,Blue,Electric,Automatic,2.2,99609,55308,4651,Low
12/31/2018,5 Series,2018,Africa,Silver,Petrol,Automatic,4.4,35507,98182,3762,Low
12/31/2018,i3,2018,Europe,Grey,Electric,Manual,2.4,181363,64708,5088,High
12/31/2010,X3,2010,Asia,Red,Diesel,Automatic,1.6,94239,32174,15000,High
12/31/2014,5 Series,2014,Middle East,Black,Hybrid,Manual,3,194308,61866,4461,Low
12/31/2016,7 Series,2016,Middle East,Red,Diesel,Manual,4.4,34739,130431,133,Low
12/31/2013,X6,2013,South America,Red,Hybrid,Automatic,3,141693,75050,2124,Low
12/31/2021,i8,2021,North America,Blue,Electric,Manual,4.3,90812,185436,282,Low
12/31/2014,i8,2014,Asia,Black,Hybrid,Manual,4.4,178041,124549,50,Low
12/31/2011,5 Series,2011,Asia,Silver,Electric,Manual,4.5,83272,78450,6879,High
12/31/2012,M5,2012,South America,Black,Petrol,Manual,3.6,145552,80435,432,Low
12/31/2016,X1,2016,Middle East,Grey,Hybrid,Manual,3.9,120357,67447,4625,Low
12/31/2019,3 Series,2019,North America,Red,Petrol,Manual,2.4,183309,54541,10704,High
12/31/2022,i8,2022,Asia,Blue,Electric,Automatic,1.8,167122,146558,965,Low
12/31/2024,5 Series,2024,Europe,Black,Electric,Manual,3.4,50996,136113,7595,High
12/31/2016,X3,2016,North America,White,Petrol,Manual,1.5,145165,46416,8089,High
12/31/2013,i8,2013,South America,Black,Hybrid,Manual,3.1,171757,109133,50,Low
12/31/2021,X3,2021,Europe,Grey,Electric,Automatic,1.9,184519,81077,8166,High
12/31/2010,3 Series,2010,Europe,Blue,Electric,Automatic,1.9,85438,46209,8549,High
12/31/2010,M3,2010,Africa,Red,Electric,Automatic,4.5,183923,66087,539,Low
12/31/2013,i3,2013,Middle East,Blue,Hybrid,Automatic,3.7,161612,54505,3268,Low
12/31/2013,i8,2013,Africa,Black,Petrol,Manual,3.8,10711,135458,50,Low
12/31/2015,M5,2015,Middle East,Grey,Hybrid,Automatic,2.9,103351,125453,371,Low
12/31/2016,7 Series,2016,South America,Black,Diesel,Manual,2.9,44168,103084,444,Low
12/31/2018,X1,2018,Europe,Blue,Petrol,Automatic,2.6,37081,71246,8524,High
12/31/2018,3 Series,2018,Asia,Red,Petrol,Automatic,3,116607,67059,11462,High
12/31/2019,7 Series,2019,Asia,Black,Petrol,Manual,3.6,68630,130382,1247,Low
12/31/2021,X5,2021,Africa,Silver,Electric,Automatic,2.2,51681,113416,3897,Low
12/31/2024,5 Series,2024,Middle East,Silver,Petrol,Automatic,2.4,133900,101613,5742,High
12/31/2021,i3,2021,Africa,Black,Electric,Automatic,3.2,82151,104649,3537,Low
12/31/2014,3 Series,2014,Africa,Red,Diesel,Automatic,2.8,34701,59092,4893,Low
12/31/2019,X3,2019,North America,Blue,Electric,Automatic,4.4,73276,106871,8046,High
12/31/2020,X5,2020,Middle East,Blue,Hybrid,Manual,4.4,122085,117005,3916,Low
12/31/2012,X6,2012,Europe,Blue,Petrol,Automatic,2.7,135258,61223,3927,Low
12/31/2012,X1,2012,Asia,Blue,Diesel,Manual,3.1,69205,42864,7708,High
12/31/2024,M3,2024,Europe,Grey,Diesel,Manual,4.9,103080,123091,3018,Low
12/31/2015,7 Series,2015,Asia,Black,Hybrid,Manual,4.4,147348,112337,863,Low
12/31/2010,X6,2010,Asia,Black,Electric,Manual,2.3,100343,30179,3721,Low
12/31/2016,i3,2016,Europe,Grey,Electric,Manual,2.5,95609,70933,4357,Low
12/31/2012,7 Series,2012,Africa,Red,Petrol,Automatic,1.8,44458,84637,50,Low
12/31/2014,5 Series,2014,South America,Grey,Hybrid,Manual,3.9,175512,65545,3580,Low
12/31/2016,i8,2016,North America,Red,Petrol,Automatic,2.6,73723,131943,50,Low
12/31/2016,7 Series,2016,South America,White,Petrol,Automatic,3.4,102549,99728,453,Low
12/31/2018,i8,2018,Asia,White,Diesel,Manual,4.2,198732,124580,286,Low
12/31/2010,X1,2010,Africa,White,Electric,Manual,4.4,33627,60137,2877,Low
12/31/2012,7 Series,2012,Middle East,Blue,Electric,Manual,2.6,4781,113645,50,Low
12/31/2018,5 Series,2018,Middle East,Black,Diesel,Automatic,2.3,123997,71806,4953,Low
12/31/2017,i8,2017,Europe,Grey,Diesel,Manual,4.5,144313,133006,50,Low
12/31/2011,X6,2011,Africa,Black,Electric,Automatic,2.8,162971,64274,1508,Low
12/31/2017,i3,2017,Europe,Red,Petrol,Manual,4.4,13480,86243,4084,Low
12/31/2017,X5,2017,South America,White,Hybrid,Manual,2,159144,72971,3106,Low
12/31/2011,X1,2011,Europe,Black,Hybrid,Manual,4.7,129890,46489,5930,High
12/31/2017,5 Series,2017,North America,Blue,Diesel,Automatic,3.2,135166,69980,7471,High
12/31/2012,X5,2012,Africa,Black,Petrol,Manual,2.1,36914,65167,2889,Low
12/31/2016,7 Series,2016,Europe,Black,Electric,Manual,3.4,126599,112533,161,Low
12/31/2022,i3,2022,South America,White,Petrol,Manual,4.5,13177,106398,3531,Low
12/31/2018,7 Series,2018,South America,White,Diesel,Automatic,2.9,4785,121958,375,Low
12/31/2013,M3,2013,North America,Red,Petrol,Manual,2.1,196767,47015,2740,Low
12/31/2024,X3,2024,South America,Red,Electric,Automatic,3.5,181102,104067,5858,High
12/31/2020,i3,2020,North America,Red,Petrol,Manual,4.4,56422,99978,5395,High
12/31/2015,7 Series,2015,Middle East,Blue,Electric,Manual,1.9,66900,111789,293,Low
12/31/2018,3 Series,2018,Asia,Black,Diesel,Manual,1.6,159957,45648,9370,High
12/31/2020,7 Series,2020,Asia,Red,Hybrid,Manual,1.7,30164,137491,1836,Low
12/31/2020,X3,2020,North America,White,Electric,Automatic,2.3,129707,91398,8141,High
12/31/2014,5 Series,2014,Africa,Grey,Electric,Manual,1.5,184995,49920,3540,Low
12/31/2021,X5,2021,Asia,Blue,Hybrid,Manual,3,138091,102973,6049,High
12/31/2010,i3,2010,Africa,Silver,Hybrid,Manual,3.9,27914,63900,1751,Low
12/31/2012,i3,2012,Asia,Grey,Electric,Manual,4,145159,55617,5286,High
12/31/2020,X5,2020,Africa,White,Petrol,Automatic,3.7,153347,91935,3281,Low
12/31/2024,5 Series,2024,North America,Black,Diesel,Automatic,2.5,130400,96821,7542,High
12/31/2018,X1,2018,Middle East,Blue,Diesel,Manual,4.1,144420,61960,4952,Low
12/31/2012,3 Series,2012,South America,Grey,Hybrid,Manual,3.5,64960,58104,5946,High
12/31/2020,3 Series,2020,Middle East,Black,Petrol,Manual,4.5,14477,101755,6002,High
12/31/2020,X5,2020,Europe,White,Petrol,Automatic,3.2,196449,83507,6041,High
12/31/2019,X5,2019,North America,Blue,Diesel,Manual,2.1,42023,97476,6344,High
12/31/2011,3 Series,2011,South America,Black,Diesel,Manual,3.7,198135,25000,5968,High
12/31/2013,7 Series,2013,North America,White,Electric,Automatic,2,3351,120110,455,Low
12/31/2014,i8,2014,Europe,White,Petrol,Automatic,4.9,108815,130650,50,Low
12/31/2016,5 Series,2016,Europe,Red,Hybrid,Automatic,4,183858,79034,6953,High
12/31/2016,i8,2016,Middle East,Black,Petrol,Manual,4.1,100409,144523,50,Low
12/31/2018,3 Series,2018,Asia,White,Diesel,Automatic,3.9,20705,88193,10373,High
12/31/2022,5 Series,2022,Africa,White,Petrol,Automatic,1.8,43168,95663,4015,Low
12/31/2017,i3,2017,Europe,Blue,Diesel,Automatic,3.1,164566,52963,5251,High
12/31/2022,3 Series,2022,Africa,Black,Electric,Manual,3.8,15351,122680,6086,High
12/31/2024,X6,2024,Middle East,White,Electric,Manual,2.3,187448,53025,5453,High
12/31/2011,X5,2011,South America,White,Electric,Manual,3.9,111818,74208,3074,Low
12/31/2021,i8,2021,Europe,Grey,Hybrid,Automatic,4.4,53979,182225,231,Low
12/31/2017,i3,2017,Asia,Grey,Hybrid,Manual,2.5,149259,63255,5300,High
12/31/2017,5 Series,2017,Middle East,Silver,Petrol,Automatic,2.2,161652,66286,5420,High
12/31/2014,X3,2014,Asia,Grey,Diesel,Manual,4.6,28127,74722,7477,High
12/31/2024,X6,2024,Middle East,White,Hybrid,Automatic,1.5,56577,125629,3762,Low
12/31/2022,i8,2022,South America,Blue,Petrol,Automatic,2.4,38092,162701,50,Low
12/31/2012,7 Series,2012,Middle East,Red,Hybrid,Manual,2.9,178900,86517,230,Low
12/31/2018,i8,2018,Asia,Grey,Petrol,Manual,3.9,119308,137812,60,Low
12/31/2021,i3,2021,Africa,White,Hybrid,Automatic,5,153759,91239,3578,Low
12/31/2016,i3,2016,Europe,Red,Petrol,Automatic,2.8,46436,72309,4448,Low
12/31/2010,5 Series,2010,Asia,Black,Diesel,Automatic,4.8,14739,77270,5473,High
12/31/2017,X3,2017,Africa,Blue,Hybrid,Manual,2.8,117946,73365,4007,Low
12/31/2019,5 Series,2019,Africa,White,Diesel,Automatic,3.9,153856,78956,3704,Low
12/31/2022,M3,2022,Europe,Grey,Diesel,Manual,2.1,170798,84607,3096,Low
12/31/2014,7 Series,2014,Middle East,Red,Electric,Manual,3.1,198860,95633,392,Low
12/31/2015,5 Series,2015,South America,Blue,Diesel,Automatic,4.5,60548,80375,3425,Low
12/31/2018,7 Series,2018,Middle East,White,Hybrid,Manual,2.6,59112,134227,854,Low
12/31/2019,M5,2019,Africa,Blue,Hybrid,Manual,1.9,21858,138153,811,Low
12/31/2024,5 Series,2024,South America,Red,Electric,Automatic,3.3,192255,102776,5268,High
12/31/2023,3 Series,2023,Africa,Blue,Diesel,Manual,3,145372,75245,5198,High
12/31/2017,i8,2017,Africa,Silver,Hybrid,Manual,2.3,112961,130212,50,Low
12/31/2023,i3,2023,South America,Black,Diesel,Manual,4.7,172719,81610,3769,Low
12/31/2020,3 Series,2020,South America,Grey,Diesel,Automatic,3.6,30338,94642,5466,High
12/31/2023,3 Series,2023,Europe,Grey,Diesel,Automatic,2.7,3861,108568,10411,High
12/31/2023,X5,2023,North America,Red,Diesel,Manual,5,169292,107343,5577,High
12/31/2012,X3,2012,Asia,Black,Diesel,Manual,2,55169,46332,8341,High
12/31/2022,7 Series,2022,Middle East,Blue,Petrol,Automatic,4.5,137142,139503,809,Low
12/31/2014,i8,2014,Asia,Silver,Hybrid,Manual,2.3,6539,137413,50,Low
12/31/2013,i8,2013,North America,Red,Electric,Automatic,2.3,55276,136077,50,Low
12/31/2023,3 Series,2023,Africa,Blue,Electric,Manual,3.2,8288,124591,5650,High
12/31/2010,X3,2010,Europe,Blue,Diesel,Manual,3.8,3045,60043,7697,High
12/31/2014,X3,2014,Asia,Silver,Hybrid,Manual,3.9,97742,69845,9407,High
12/31/2019,i3,2019,North America,Blue,Hybrid,Manual,1.6,159889,60690,5555,High
12/31/2016,3 Series,2016,South America,Red,Electric,Automatic,2.5,145970,63902,6349,High
12/31/2010,3 Series,2010,South America,Red,Petrol,Manual,3.8,91352,41040,4570,Low
12/31/2013,i3,2013,Africa,Blue,Hybrid,Automatic,4.6,121079,61929,2488,Low
12/31/2015,M5,2015,South America,Blue,Electric,Automatic,3.8,133697,118970,269,Low
12/31/2020,i8,2020,North America,Black,Diesel,Automatic,2.4,125011,146120,213,Low
12/31/2021,X3,2021,Europe,White,Petrol,Automatic,3.3,116152,90105,7794,High
12/31/2018,X6,2018,North America,Blue,Hybrid,Manual,3.8,43417,121151,3967,Low
12/31/2020,X5,2020,Africa,White,Petrol,Manual,2,109415,81008,3317,Low
12/31/2017,X6,2017,North America,Black,Electric,Automatic,3.4,87497,112594,3317,Low
12/31/2011,M3,2011,Europe,Black,Electric,Manual,3.2,53747,85488,1642,Low
12/31/2020,i3,2020,South America,White,Petrol,Automatic,2.7,82422,77931,3198,Low
12/31/2012,7 Series,2012,South America,Grey,Diesel,Manual,3.7,9309,97120,50,Low
12/31/2019,i3,2019,Africa,Red,Electric,Manual,3.7,48870,102792,3128,Low
12/31/2022,X1,2022,Asia,White,Diesel,Automatic,4.9,79877,93785,8440,High
12/31/2014,i8,2014,Africa,Red,Petrol,Automatic,3,146913,114091,50,Low
12/31/2020,X3,2020,South America,Red,Petrol,Manual,3.4,111927,82379,5318,High
12/31/2016,X5,2016,South America,Silver,Hybrid,Automatic,2.1,30193,96242,537,Low
12/31/2012,7 Series,2012,Middle East,White,Diesel,Manual,3.4,49710,101894,50,Low
12/31/2021,X6,2021,Europe,Black,Diesel,Automatic,1.6,21327,112120,13010,High
12/31/2016,X6,2016,Europe,Red,Petrol,Automatic,2,77842,80889,3950,Low
12/31/2014,3 Series,2014,Europe,White,Hybrid,Manual,2.1,51202,36377,9924,High
12/31/2019,7 Series,2019,Africa,Grey,Electric,Manual,3.7,102540,132833,795,Low
12/31/2015,X6,2015,North America,Grey,Electric,Automatic,3.5,186961,91031,3537,Low
12/31/2015,M5,2015,Asia,Black,Electric,Manual,4.3,119935,123175,1065,Low
12/31/2020,M5,2020,Middle East,Blue,Electric,Automatic,3.1,148264,139182,1569,Low
12/31/2020,X6,2020,Africa,Grey,Diesel,Manual,3.2,157096,86330,2836,Low
12/31/2023,3 Series,2023,Asia,White,Electric,Automatic,2.1,147441,89973,10850,High
12/31/2021,X5,2021,Middle East,Grey,Diesel,Automatic,4.1,102430,113816,3964,Low
12/31/2013,X6,2013,Africa,Blue,Hybrid,Automatic,1.5,82556,74212,1648,Low
12/31/2021,5 Series,2021,Middle East,Black,Electric,Automatic,3,160767,100628,6047,High
12/31/2017,7 Series,2017,Asia,Red,Diesel,Manual,2.2,128594,97261,1372,Low
12/31/2018,X1,2018,Europe,White,Electric,Automatic,4.2,137234,77496,7545,High
12/31/2011,5 Series,2011,Europe,Blue,Petrol,Manual,3.9,163886,44446,6582,High
12/31/2018,i3,2018,Europe,Black,Petrol,Automatic,4,52366,85109,4422,Low
12/31/2020,7 Series,2020,Africa,Silver,Hybrid,Manual,2,37319,123290,1015,Low
12/31/2021,X3,2021,Asia,White,Electric,Manual,3.8,126957,102187,9394,High
12/31/2013,5 Series,2013,Middle East,Silver,Hybrid,Automatic,3.9,192476,62312,4960,Low
12/31/2015,M5,2015,Europe,Black,Petrol,Manual,1.5,44855,102853,1255,Low
12/31/2023,X3,2023,Africa,White,Hybrid,Automatic,2.6,623,117854,5024,High
12/31/2016,M3,2016,Asia,White,Petrol,Manual,1.8,109617,71506,2696,Low
12/31/2013,3 Series,2013,Africa,Blue,Petrol,Manual,3.9,30204,63211,4494,Low
12/31/2017,5 Series,2017,South America,Silver,Electric,Manual,2.2,14864,99754,3459,Low
12/31/2022,i8,2022,North America,White,Petrol,Automatic,2.4,72225,153576,366,Low
12/31/2023,M3,2023,Africa,White,Hybrid,Manual,1.8,128297,104156,2825,Low
12/31/2019,X6,2019,Middle East,Blue,Diesel,Manual,3.2,80877,106392,2677,Low
12/31/2017,3 Series,2017,North America,Blue,Diesel,Automatic,1.6,284,72800,8133,High
12/31/2010,3 Series,2010,South America,Black,Hybrid,Automatic,4.5,33139,65573,4521,Low
12/31/2017,7 Series,2017,Middle East,White,Hybrid,Manual,1.6,148997,98803,683,Low
12/31/2019,i3,2019,Asia,Silver,Electric,Automatic,1.7,161731,73519,5252,High
12/31/2023,X6,2023,Middle East,Silver,Petrol,Automatic,3.7,153578,112134,3581,Low
12/31/2021,3 Series,2021,Europe,Blue,Petrol,Automatic,4.7,23699,107422,10623,High
12/31/2012,3 Series,2012,North America,Blue,Electric,Automatic,4.6,152914,64200,8078,High
12/31/2014,X3,2014,Middle East,Red,Petrol,Manual,1.8,66256,56595,5153,High
12/31/2023,5 Series,2023,Asia,White,Diesel,Automatic,2.5,100196,95210,7222,High
12/31/2019,X5,2019,Africa,White,Hybrid,Automatic,3.3,93274,105366,3171,Low
12/31/2017,7 Series,2017,Africa,White,Diesel,Manual,1.6,103373,88535,656,Low
12/31/2020,X5,2020,Europe,Silver,Diesel,Automatic,3.4,105013,100976,5375,High
12/31/2015,M5,2015,Africa,White,Hybrid,Automatic,3.1,22090,121135,50,Low
12/31/2013,X6,2013,North America,Red,Electric,Automatic,3.6,178695,82814,3952,Low
12/31/2024,M5,2024,South America,Black,Diesel,Manual,4.7,87480,150687,980,Low
12/31/2013,X5,2013,Asia,Silver,Electric,Automatic,2.5,161987,67803,4927,Low
12/31/2021,X1,2021,North America,White,Petrol,Manual,3.7,175460,70442,8878,High
12/31/2013,7 Series,2013,North America,White,Hybrid,Manual,3,82764,106165,623,Low
12/31/2015,i8,2015,Africa,Black,Hybrid,Manual,3,98718,128309,50,Low
12/31/2016,7 Series,2016,Africa,Grey,Petrol,Manual,3.8,91934,105805,200,Low
12/31/2022,X5,2022,North America,Silver,Hybrid,Manual,4.8,66719,135615,6215,High
12/31/2014,M5,2014,Europe,Red,Hybrid,Manual,4.5,134567,118800,960,Low
12/31/2019,X3,2019,South America,Grey,Diesel,Manual,3.7,28396,86893,5234,High
12/31/2023,X3,2023,Africa,Blue,Petrol,Automatic,3.1,104198,89746,4997,Low
12/31/2017,X1,2017,Asia,White,Hybrid,Manual,3,11576,84847,8742,High
12/31/2016,M5,2016,Asia,Grey,Electric,Manual,4.3,34733,148079,211,Low
12/31/2017,X5,2017,Asia,Blue,Electric,Manual,2.3,24369,101376,5430,High
12/31/2024,X1,2024,South America,Red,Hybrid,Manual,3.6,7792,111095,6149,High
12/31/2013,X5,2013,North America,Silver,Electric,Automatic,3.3,111483,83991,6041,High
12/31/2017,M3,2017,North America,Grey,Electric,Manual,3.8,67504,107366,2344,Low
12/31/2022,i3,2022,Europe,Red,Electric,Automatic,2.2,176381,81673,5609,High
12/31/2015,5 Series,2015,North America,Red,Hybrid,Manual,3.9,47845,97069,7220,High
12/31/2012,i8,2012,Asia,White,Electric,Automatic,3.7,14762,150762,50,Low
12/31/2022,3 Series,2022,Europe,White,Diesel,Manual,2.1,59269,85069,10235,High
12/31/2017,X1,2017,Africa,White,Petrol,Automatic,3.1,181077,46383,5012,High
12/31/2022,X5,2022,Asia,Red,Diesel,Manual,3.9,115997,105009,6022,High
12/31/2016,3 Series,2016,North America,Grey,Hybrid,Automatic,4.7,156487,76721,9391,High
12/31/2019,X6,2019,Europe,Blue,Petrol,Automatic,1.9,123371,89570,4594,Low
12/31/2014,X5,2014,Africa,Red,Electric,Manual,1.5,90050,68942,2366,Low
12/31/2020,7 Series,2020,Middle East,Silver,Electric,Manual,2.1,113077,124250,1194,Low
12/31/2013,X5,2013,South America,White,Hybrid,Automatic,5,109769,83711,2458,Low
12/31/2010,5 Series,2010,Middle East,Red,Hybrid,Manual,4.2,57624,76194,3398,Low
12/31/2019,X3,2019,Europe,Red,Diesel,Automatic,3.7,101755,84793,8267,High
12/31/2012,X3,2012,Europe,Blue,Hybrid,Automatic,2,75390,58998,6784,High
12/31/2011,3 Series,2011,South America,Grey,Diesel,Automatic,3,170428,25000,5003,High
12/31/2017,3 Series,2017,Africa,Silver,Diesel,Automatic,4,170661,57557,4650,Low
12/31/2023,i3,2023,Asia,Red,Electric,Automatic,4.6,100904,121054,5377,High
12/31/2017,7 Series,2017,Europe,Red,Hybrid,Automatic,2.8,39726,128794,785,Low
12/31/2021,7 Series,2021,Africa,White,Diesel,Manual,5,27375,139869,402,Low
12/31/2014,M5,2014,Middle East,Silver,Hybrid,Automatic,2,179742,91113,775,Low
12/31/2023,X3,2023,South America,Blue,Hybrid,Automatic,2.9,167073,89472,6628,High
12/31/2014,7 Series,2014,North America,Grey,Diesel,Manual,4.6,170503,87172,935,Low
12/31/2024,i3,2024,North America,Grey,Petrol,Manual,3.8,176695,85419,6141,High
12/31/2020,X6,2020,North America,White,Petrol,Automatic,4.3,170250,101286,4579,Low
12/31/2013,X3,2013,South America,Red,Diesel,Manual,4.7,109637,55569,4468,Low
12/31/2010,X5,2010,Europe,Grey,Petrol,Automatic,3.3,193097,41218,5660,High
12/31/2010,5 Series,2010,North America,Blue,Electric,Manual,2.3,152310,47446,6858,High
12/31/2022,X6,2022,Africa,Red,Hybrid,Manual,3.9,65475,127836,2706,Low
12/31/2015,7 Series,2015,Africa,Black,Electric,Manual,3.5,21570,124772,50,Low
12/31/2024,M3,2024,Africa,Black,Electric,Automatic,4.2,62603,143638,1889,Low
12/31/2013,X5,2013,South America,White,Petrol,Manual,3.3,178108,51297,3453,Low
12/31/2013,M5,2013,North America,Red,Hybrid,Automatic,4.3,128768,111920,994,Low
12/31/2012,X1,2012,Europe,Silver,Hybrid,Manual,4.7,23245,69130,6141,High
12/31/2023,i8,2023,Europe,Grey,Electric,Automatic,4.1,87899,178490,593,Low
12/31/2018,X3,2018,South America,Black,Hybrid,Manual,4.1,151050,82516,6234,High
12/31/2012,X5,2012,Europe,White,Petrol,Manual,3.6,155165,57510,5999,High
12/31/2017,M5,2017,South America,Blue,Hybrid,Manual,3.2,128615,112774,79,Low
12/31/2011,i3,2011,South America,White,Petrol,Manual,4.9,23169,61224,2407,Low
12/31/2013,X5,2013,Asia,Grey,Hybrid,Manual,3.8,124155,74252,5972,High
12/31/2010,5 Series,2010,North America,Grey,Petrol,Manual,4.4,143493,51616,6021,High
12/31/2020,3 Series,2020,Africa,White,Electric,Manual,3.3,14115,110432,5331,High
12/31/2014,X6,2014,Middle East,Black,Diesel,Manual,3.4,641,99207,1907,Low
12/31/2011,X5,2011,Middle East,Grey,Electric,Manual,3.8,125438,76198,3555,Low
12/31/2020,5 Series,2020,Asia,Red,Petrol,Automatic,4,69058,107579,8078,High
12/31/2022,i8,2022,Asia,Grey,Hybrid,Automatic,3.1,186265,149427,846,Low
12/31/2010,X3,2010,Middle East,Silver,Electric,Manual,2.7,170140,40892,6106,High
12/31/2010,i8,2010,Africa,Black,Electric,Automatic,2.3,81110,109379,50,Low
12/31/2011,7 Series,2011,Europe,White,Diesel,Manual,3,17779,91025,584,Low
12/31/2014,X1,2014,Middle East,White,Diesel,Manual,2.2,159871,27875,5936,High
12/31/2021,7 Series,2021,Asia,White,Electric,Automatic,3,89393,138744,1951,Low
12/31/2024,3 Series,2024,South America,Red,Diesel,Automatic,4.6,129798,97839,6410,High
12/31/2024,5 Series,2024,Europe,Grey,Petrol,Automatic,4.9,190267,110135,6743,High
12/31/2018,M5,2018,Europe,Blue,Diesel,Manual,3.5,148803,113971,1800,Low
12/31/2015,M5,2015,North America,Grey,Diesel,Manual,2,145149,89421,1800,Low
12/31/2021,i3,2021,Asia,Grey,Petrol,Automatic,3,121166,83685,5113,High
12/31/2013,X3,2013,Africa,Silver,Diesel,Automatic,3.6,5270,68038,3436,Low
12/31/2024,i3,2024,Middle East,Grey,Hybrid,Manual,2.8,71143,111787,4807,Low
12/31/2012,5 Series,2012,South America,Blue,Petrol,Automatic,2.2,194197,35124,4178,Low
12/31/2017,X5,2017,North America,Silver,Hybrid,Manual,2.3,155262,80955,1103,Low
12/31/2012,X5,2012,North America,White,Electric,Automatic,3.2,46311,92326,4398,Low
12/31/2010,i3,2010,Africa,Blue,Hybrid,Automatic,2.3,109873,39322,2224,Low
12/31/2013,X6,2013,Asia,Black,Electric,Automatic,2.4,79569,86966,3394,Low
12/31/2020,X5,2020,Middle East,Black,Diesel,Manual,4.6,78845,114693,4118,Low
12/31/2022,3 Series,2022,South America,Silver,Hybrid,Manual,4.2,178533,85681,7678,High
12/31/2014,i8,2014,Europe,White,Electric,Automatic,1.7,54872,143200,50,Low
12/31/2014,X5,2014,Middle East,Silver,Diesel,Automatic,2.6,54319,80732,3481,Low
12/31/2014,i3,2014,Europe,Blue,Electric,Manual,3.4,176383,57463,4734,Low
12/31/2017,3 Series,2017,South America,Silver,Diesel,Manual,1.7,53518,57688,6719,High
12/31/2017,X1,2017,Africa,Grey,Petrol,Manual,3.9,166393,47988,4859,Low
12/31/2021,7 Series,2021,Europe,Silver,Hybrid,Automatic,2.8,97669,131347,1997,Low
12/31/2022,3 Series,2022,Asia,Red,Petrol,Automatic,2.9,33850,95708,10278,High
12/31/2013,M3,2013,Europe,Grey,Petrol,Automatic,2.4,108776,62576,2682,Low
12/31/2024,i8,2024,North America,Black,Petrol,Automatic,2.7,23499,181551,294,Low
12/31/2018,i3,2018,Europe,Silver,Hybrid,Manual,4.5,167759,72669,5771,High
12/31/2010,i8,2010,South America,Grey,Electric,Automatic,4.3,33177,138913,50,Low
12/31/2014,X5,2014,Asia,Silver,Hybrid,Manual,4.8,125862,84767,6404,High
12/31/2014,X5,2014,Asia,Black,Electric,Manual,3.9,24903,107356,5062,High
12/31/2014,i8,2014,Middle East,Grey,Petrol,Manual,3.5,1178,152448,50,Low
12/31/2017,i8,2017,South America,Blue,Hybrid,Automatic,2.4,40154,153270,50,Low
12/31/2018,i8,2018,Europe,Blue,Petrol,Manual,3.8,134770,135544,50,Low
12/31/2012,X6,2012,North America,Grey,Hybrid,Manual,4.7,162752,81832,3237,Low
12/31/2018,X5,2018,Asia,Grey,Electric,Automatic,1.7,23466,110390,5822,High
12/31/2022,X5,2022,South America,Silver,Petrol,Manual,3.1,85416,108220,4362,Low
12/31/2020,X1,2020,Europe,White,Petrol,Manual,2,52924,72858,8805,High
12/31/2017,7 Series,2017,Africa,Silver,Electric,Automatic,4.3,197356,111039,253,Low
12/31/2012,M3,2012,North America,Black,Hybrid,Automatic,3.6,55583,88352,2077,Low
12/31/2011,3 Series,2011,Middle East,Black,Hybrid,Manual,4.6,103645,59339,5148,High
12/31/2024,X6,2024,Middle East,Blue,Electric,Manual,1.7,114938,125784,3900,Low
12/31/2013,3 Series,2013,South America,White,Electric,Manual,4.7,54129,83837,5070,High
12/31/2024,X5,2024,Europe,Black,Diesel,Manual,1.7,196143,81757,6592,High
12/31/2022,i8,2022,Asia,White,Hybrid,Automatic,2.5,174598,147776,1126,Low
12/31/2021,X3,2021,Africa,Blue,Electric,Automatic,2,161337,85342,4673,Low
12/31/2011,X6,2011,Middle East,Red,Petrol,Automatic,2,162414,53904,2032,Low
12/31/2013,i8,2013,Europe,Grey,Electric,Automatic,2.1,5764,149363,50,Low
12/31/2014,5 Series,2014,South America,Red,Diesel,Automatic,3.2,111713,62942,3436,Low
12/31/2011,X3,2011,Middle East,Silver,Hybrid,Automatic,4.2,189070,47976,5429,High
12/31/2021,3 Series,2021,Middle East,White,Diesel,Automatic,4.6,179313,83399,6800,High
12/31/2017,X3,2017,North America,Blue,Hybrid,Automatic,3.5,143591,77359,7682,High
12/31/2010,5 Series,2010,North America,Grey,Hybrid,Manual,2.1,43883,63031,6067,High
12/31/2012,X6,2012,Africa,Silver,Petrol,Manual,1.8,31775,71048,219,Low
12/31/2016,7 Series,2016,North America,Red,Diesel,Manual,3.2,4532,124338,951,Low
12/31/2019,M5,2019,South America,White,Electric,Automatic,4.2,25530,155272,864,Low
12/31/2010,X5,2010,Africa,Silver,Diesel,Automatic,3.7,54146,59779,2429,Low
12/31/2022,3 Series,2022,South America,White,Electric,Manual,3.5,44184,109140,5984,High
12/31/2020,i3,2020,Africa,Blue,Electric,Manual,1.7,190438,60315,3241,Low
12/31/2024,i3,2024,Middle East,Grey,Diesel,Manual,2.9,48656,99011,4072,Low
12/31/2011,5 Series,2011,Middle East,Grey,Diesel,Automatic,3.4,143534,48140,4019,Low
12/31/2012,X6,2012,Middle East,White,Diesel,Manual,3.6,47997,85727,1842,Low
12/31/2023,7 Series,2023,Africa,Grey,Electric,Manual,1.5,142754,124132,1620,Low
12/31/2023,5 Series,2023,Africa,Grey,Hybrid,Automatic,2.2,126853,100653,4048,Low
12/31/2011,7 Series,2011,Asia,Blue,Petrol,Automatic,4.8,169872,122435,206,Low
12/31/2011,M3,2011,North America,Silver,Diesel,Manual,3.3,165814,48669,2831,Low
12/31/2021,i8,2021,Africa,Blue,Diesel,Manual,4,115613,142870,50,Low
12/31/2020,i8,2020,Africa,White,Electric,Manual,2.6,105481,147435,216,Low
12/31/2015,X3,2015,Middle East,White,Electric,Automatic,3.5,21186,95130,5803,High
12/31/2016,i8,2016,Africa,Red,Electric,Manual,2.7,196534,117752,50,Low
12/31/2015,i8,2015,South America,Silver,Hybrid,Manual,2.5,40145,137411,50,Low
12/31/2020,X3,2020,Europe,Black,Electric,Automatic,2.9,31311,112312,8389,High
12/31/2015,5 Series,2015,Europe,White,Diesel,Automatic,3.1,87529,73244,5735,High
12/31/2024,i3,2024,Asia,Black,Petrol,Automatic,2.7,120569,91535,5730,High
12/31/2018,7 Series,2018,Asia,Red,Petrol,Automatic,2.4,79001,108382,1345,Low
12/31/2017,X1,2017,North America,Silver,Petrol,Automatic,3.7,126930,59785,7398,High
12/31/2023,5 Series,2023,South America,White,Petrol,Manual,2.8,42320,113503,4520,Low
12/31/2017,X3,2017,Europe,White,Hybrid,Automatic,2.2,133416,70431,8822,High
12/31/2015,i3,2015,Middle East,Black,Petrol,Manual,4.2,47992,73615,3388,Low
12/31/2014,X3,2014,Africa,White,Diesel,Automatic,4,15032,79306,3992,Low
12/31/2018,5 Series,2018,North America,Silver,Hybrid,Manual,4.6,32044,119152,6039,High
12/31/2021,i8,2021,South America,Black,Petrol,Automatic,3.4,133147,144790,50,Low
12/31/2011,X1,2011,Europe,Grey,Diesel,Manual,2.5,35219,40253,7195,High
12/31/2016,M3,2016,Europe,Red,Petrol,Automatic,4.5,170021,85038,2881,Low
12/31/2015,3 Series,2015,South America,Red,Diesel,Automatic,2.5,96605,53629,5565,High
12/31/2016,X5,2016,South America,White,Diesel,Automatic,3.8,153740,73904,3094,Low
12/31/2021,7 Series,2021,North America,Silver,Diesel,Manual,2.2,78732,114822,1560,Low
12/31/2013,X1,2013,South America,Black,Diesel,Automatic,3.7,28250,56844,4603,Low
12/31/2018,3 Series,2018,Asia,White,Diesel,Manual,4.4,25654,93490,11018,High
12/31/2016,X5,2016,Africa,Silver,Hybrid,Automatic,3.4,5715,101544,2287,Low
12/31/2011,i8,2011,South America,Black,Petrol,Automatic,3.1,35338,116116,50,Low
12/31/2022,X3,2022,Europe,Silver,Hybrid,Automatic,5,22384,131121,8819,High
12/31/2013,M5,2013,Asia,Blue,Diesel,Manual,1.6,35736,96268,1383,Low
12/31/2014,i8,2014,Asia,Blue,Diesel,Automatic,2.7,84003,128522,50,Low
12/31/2011,X1,2011,Europe,Black,Petrol,Automatic,4.7,103219,45940,7389,High
12/31/2019,i3,2019,South America,Silver,Hybrid,Manual,3.7,8866,102665,3506,Low
12/31/2017,X5,2017,North America,Blue,Hybrid,Manual,3.4,57368,101471,6095,High
12/31/2010,X3,2010,North America,White,Electric,Automatic,3.7,33409,75924,8324,High
12/31/2024,i3,2024,Middle East,Blue,Petrol,Manual,2.6,148913,85921,4580,Low
12/31/2012,7 Series,2012,Asia,White,Electric,Manual,1.7,8730,103092,582,Low
12/31/2024,X5,2024,North America,White,Petrol,Manual,2.5,5041,131920,5690,High
12/31/2023,X6,2023,Africa,Blue,Hybrid,Manual,2.7,100899,121507,3057,Low
12/31/2010,X3,2010,Asia,Black,Diesel,Manual,3.2,161426,28487,15000,High
12/31/2024,7 Series,2024,Middle East,Blue,Hybrid,Automatic,2.9,58137,151121,1735,Low
12/31/2014,M5,2014,Europe,Black,Hybrid,Automatic,3.3,75168,115819,1105,Low
12/31/2017,M3,2017,Middle East,White,Electric,Manual,2.2,82819,99991,1482,Low
12/31/2016,M3,2016,Asia,Silver,Diesel,Manual,2.1,132801,67684,3073,Low
12/31/2018,7 Series,2018,Asia,Red,Hybrid,Manual,2.7,60573,126232,1898,Low
12/31/2011,5 Series,2011,Middle East,Red,Electric,Manual,3.2,4808,88885,3933,Low
12/31/2021,X1,2021,Africa,Black,Electric,Manual,2.7,136257,79400,4301,Low
12/31/2017,3 Series,2017,North America,Blue,Hybrid,Automatic,3.5,8375,97936,8300,High
12/31/2017,5 Series,2017,Middle East,White,Hybrid,Manual,2.6,163061,74949,4232,Low
12/31/2023,7 Series,2023,South America,Blue,Hybrid,Manual,2.1,103933,133554,1495,Low
12/31/2015,i8,2015,Asia,Red,Electric,Manual,4.5,196873,130355,50,Low
12/31/2012,i3,2012,Africa,Grey,Diesel,Automatic,2.2,149927,26861,2303,Low
12/31/2011,X3,2011,Middle East,Grey,Hybrid,Automatic,4.9,52807,82655,4199,Low
12/31/2023,3 Series,2023,South America,Grey,Diesel,Manual,5,85304,102812,6232,High
12/31/2017,5 Series,2017,Africa,White,Petrol,Automatic,3.9,122672,75125,3753,Low
12/31/2015,X3,2015,Middle East,Blue,Diesel,Manual,3.3,184001,48964,5589,High
12/31/2013,i8,2013,Africa,White,Diesel,Manual,4.3,101212,112611,50,Low
12/31/2014,X5,2014,Asia,Red,Petrol,Automatic,4.6,146194,77957,5375,High
12/31/2014,7 Series,2014,Middle East,White,Hybrid,Automatic,4,118727,114190,74,Low
12/31/2022,X1,2022,Asia,Black,Petrol,Automatic,1.9,137199,64705,8593,High
12/31/2018,X1,2018,Middle East,Silver,Electric,Manual,1.5,50839,79700,6160,High
12/31/2022,i8,2022,Middle East,Blue,Diesel,Automatic,2.2,479,178599,50,Low
12/31/2022,X5,2022,Asia,Blue,Petrol,Manual,2.2,190981,83818,6572,High
12/31/2018,7 Series,2018,Africa,Blue,Electric,Manual,2.1,129233,103556,973,Low
12/31/2017,i8,2017,Asia,Red,Electric,Automatic,3.3,71466,158719,50,Low
12/31/2017,3 Series,2017,North America,White,Electric,Automatic,3.3,114252,81927,9332,High
12/31/2021,X3,2021,Africa,White,Diesel,Automatic,4,149612,77302,4778,Low
12/31/2011,M5,2011,Europe,Grey,Electric,Manual,2.2,86143,94112,858,Low
12/31/2023,i3,2023,Middle East,Grey,Diesel,Automatic,1.8,97359,80845,4478,Low
12/31/2012,5 Series,2012,Middle East,Blue,Petrol,Automatic,3.8,28691,82385,4027,Low
12/31/2023,X6,2023,South America,Blue,Electric,Automatic,3.2,96002,125804,3094,Low
12/31/2017,M5,2017,Africa,Grey,Electric,Manual,3.8,117636,120874,371,Low
12/31/2022,M3,2022,Europe,Grey,Hybrid,Manual,2.8,72550,119153,3092,Low
12/31/2014,3 Series,2014,Europe,Red,Diesel,Automatic,4.1,180904,45754,9030,High
12/31/2016,X1,2016,North America,Grey,Hybrid,Automatic,3.9,28617,87196,6770,High
12/31/2023,i8,2023,Europe,Blue,Petrol,Automatic,3.8,188368,153365,499,Low
12/31/2017,3 Series,2017,Africa,White,Diesel,Manual,1.6,14157,67734,5895,High
12/31/2015,5 Series,2015,Asia,White,Hybrid,Automatic,4.5,19405,105446,5716,High
12/31/2024,X6,2024,Middle East,Red,Electric,Manual,2.8,146606,128081,4215,Low
12/31/2014,M5,2014,Asia,Black,Hybrid,Automatic,2,135772,96649,1559,Low
12/31/2017,M3,2017,North America,Grey,Diesel,Automatic,4.1,102596,90343,2671,Low
12/31/2010,i3,2010,Asia,White,Petrol,Manual,3.2,125955,31456,5405,High
12/31/2010,i8,2010,Middle East,Blue,Hybrid,Automatic,1.6,19295,121128,50,Low
12/31/2010,X6,2010,North America,Blue,Electric,Automatic,4.2,72288,88860,2637,Low
12/31/2012,X1,2012,Europe,Black,Petrol,Manual,3,47823,47138,6235,High
12/31/2019,7 Series,2019,South America,Silver,Hybrid,Manual,4.1,146886,122433,1211,Low
12/31/2022,3 Series,2022,Middle East,Red,Electric,Manual,4.1,74865,112448,6437,High
12/31/2021,M3,2021,North America,White,Petrol,Manual,1.8,196217,77336,3348,Low
12/31/2015,X5,2015,Africa,Blue,Petrol,Manual,3.6,19962,88292,2921,Low
12/31/2015,3 Series,2015,South America,Silver,Petrol,Automatic,2.8,103382,52335,5162,High
12/31/2014,5 Series,2014,Middle East,White,Diesel,Automatic,3.4,62245,73295,4944,Low
12/31/2022,5 Series,2022,Europe,Black,Electric,Manual,1.8,80872,110641,6845,High
12/31/2022,M5,2022,South America,Grey,Hybrid,Manual,3.6,110799,135805,1487,Low
12/31/2023,X5,2023,Africa,Grey,Diesel,Manual,4.2,61014,118379,3843,Low
12/31/2016,i8,2016,South America,Blue,Diesel,Manual,5,1255,161534,50,Low
12/31/2014,i8,2014,North America,Blue,Hybrid,Automatic,2.6,167907,119520,50,Low
12/31/2023,M5,2023,Middle East,Silver,Diesel,Automatic,2,60755,141351,1143,Low
12/31/2011,X5,2011,Europe,Red,Diesel,Automatic,2.8,97686,56487,4580,Low
12/31/2013,X1,2013,Africa,Silver,Hybrid,Manual,1.6,169519,25554,4009,Low
12/31/2010,X1,2010,North America,Silver,Electric,Automatic,2.9,130509,41579,7084,High
12/31/2016,M3,2016,South America,Grey,Diesel,Automatic,4.7,133923,84707,1615,Low
12/31/2013,i3,2013,South America,White,Petrol,Manual,2.2,52269,46306,2908,Low
12/31/2022,i3,2022,South America,Silver,Petrol,Automatic,3.2,160003,75927,3695,Low
12/31/2013,M3,2013,North America,Red,Diesel,Automatic,3.5,168254,63435,2421,Low
12/31/2022,X6,2022,Europe,Red,Hybrid,Automatic,2.1,7505,127591,4430,Low
12/31/2013,5 Series,2013,Africa,Grey,Hybrid,Manual,2.7,78804,65017,3111,Low
12/31/2012,M5,2012,Europe,Silver,Electric,Manual,4.7,125852,117099,736,Low
12/31/2017,X5,2017,North America,White,Hybrid,Automatic,2.5,155862,84158,6657,High
12/31/2013,X3,2013,Middle East,Black,Electric,Automatic,3.7,47669,87859,5384,High
12/31/2017,3 Series,2017,North America,White,Electric,Automatic,2,42960,82726,9577,High
12/31/2018,3 Series,2018,Asia,Silver,Petrol,Automatic,3.8,59896,87685,10352,High
12/31/2010,3 Series,2010,South America,Black,Diesel,Automatic,2.5,87530,31099,5042,High
12/31/2024,3 Series,2024,Europe,White,Petrol,Automatic,2.3,74685,100728,8702,High
12/31/2013,X3,2013,Asia,Grey,Electric,Automatic,1.9,2929,76143,9470,High
12/31/2015,M3,2015,Asia,White,Petrol,Manual,1.7,131858,62816,3225,Low
12/31/2017,M5,2017,Middle East,Red,Hybrid,Manual,4.9,107731,135066,464,Low
12/31/2023,7 Series,2023,South America,Silver,Hybrid,Manual,2.9,163446,124423,1786,Low
12/31/2015,5 Series,2015,North America,Silver,Diesel,Manual,4.2,120124,74285,7371,High
12/31/2021,X6,2021,South America,Black,Hybrid,Manual,4.7,149626,112132,3068,Low
12/31/2015,i3,2015,Africa,Blue,Diesel,Automatic,2.2,158294,37190,2512,Low
12/31/2019,M3,2019,Asia,Red,Petrol,Automatic,4.5,111195,103010,3290,Low
12/31/2013,i8,2013,Asia,Black,Electric,Automatic,4,22261,160594,50,Low
12/31/2018,i3,2018,Europe,Blue,Electric,Automatic,3.5,133640,78835,4647,Low
12/31/2016,i3,2016,Middle East,Black,Petrol,Manual,4.3,103256,73665,3018,Low
12/31/2023,3 Series,2023,South America,Silver,Diesel,Manual,1.9,194770,63394,7796,High
12/31/2020,X5,2020,North America,Blue,Petrol,Manual,2.4,38490,105274,6189,High
12/31/2015,X5,2015,Asia,Silver,Hybrid,Automatic,2,188688,63443,6591,High
12/31/2010,5 Series,2010,North America,Red,Electric,Automatic,4.6,78463,77341,5217,High
12/31/2011,M5,2011,Africa,Black,Hybrid,Automatic,1.8,4932,103647,50,Low
12/31/2021,i3,2021,North America,Red,Diesel,Manual,4.9,9974,108446,5637,High
12/31/2015,i3,2015,North America,Grey,Electric,Automatic,1.9,128744,61924,4984,Low
12/31/2020,X6,2020,Asia,Red,Diesel,Automatic,3.8,87324,108402,4738,Low
12/31/2024,i8,2024,North America,Silver,Petrol,Automatic,3.8,69153,180825,267,Low
12/31/2010,i3,2010,Europe,Blue,Diesel,Manual,4.8,140583,37272,4702,Low
12/31/2024,3 Series,2024,Europe,Black,Petrol,Manual,2.6,1181,107589,8849,High
12/31/2024,M5,2024,Europe,Black,Diesel,Automatic,2.7,93723,146886,2172,Low
12/31/2020,i3,2020,Middle East,Red,Petrol,Automatic,4.5,42283,106151,3713,Low
12/31/2014,M5,2014,Europe,Grey,Electric,Automatic,4.9,19999,138677,527,Low
12/31/2010,M5,2010,Europe,Silver,Hybrid,Automatic,1.6,10532,96614,640,Low
12/31/2022,5 Series,2022,Africa,Red,Hybrid,Manual,3.7,22576,120381,4208,Low
12/31/2012,X6,2012,Africa,Blue,Hybrid,Manual,2.4,132317,64841,1538,Low
12/31/2021,M5,2021,Europe,Red,Petrol,Automatic,4,159969,131635,1560,Low
12/31/2021,M5,2021,South America,Grey,Hybrid,Manual,4.2,116285,141902,1298,Low
12/31/2021,M3,2021,Middle East,White,Hybrid,Manual,4.2,196795,105760,2719,Low
12/31/2016,M3,2016,South America,Silver,Diesel,Manual,3,6919,95693,1329,Low
12/31/2014,X3,2014,North America,Blue,Hybrid,Automatic,2.1,141400,53546,7386,High
12/31/2024,i8,2024,Africa,Black,Electric,Automatic,3.5,84086,175021,340,Low
12/31/2021,3 Series,2021,Europe,Black,Diesel,Automatic,4.3,105825,89882,8318,High
12/31/2024,3 Series,2024,Middle East,Black,Petrol,Manual,4.7,75640,111856,7726,High
12/31/2019,i3,2019,Asia,Blue,Electric,Automatic,3.1,126717,85632,5620,High
12/31/2010,X1,2010,North America,Black,Electric,Automatic,2.4,194583,25117,7161,High
12/31/2010,7 Series,2010,South America,Silver,Diesel,Manual,1.9,17770,74219,50,Low
12/31/2024,i8,2024,Middle East,Blue,Hybrid,Automatic,4.3,104030,188868,370,Low
12/31/2017,X6,2017,Africa,Blue,Petrol,Automatic,3.4,97346,88407,2300,Low
12/31/2020,5 Series,2020,South America,Black,Petrol,Automatic,3.9,102592,97507,4004,Low
12/31/2023,X3,2023,North America,Grey,Electric,Automatic,2.1,45253,117376,10634,High
12/31/2022,3 Series,2022,South America,Blue,Electric,Automatic,1.5,54569,99590,6926,High
12/31/2018,X3,2018,Asia,Red,Hybrid,Automatic,4.9,60789,109577,7797,High
12/31/2016,X6,2016,Asia,White,Diesel,Manual,4.3,190894,75002,4359,Low
12/31/2022,M3,2022,Asia,Red,Electric,Automatic,2.9,43068,134307,3813,Low
12/31/2012,i8,2012,Africa,Blue,Electric,Automatic,3.1,130559,120744,50,Low
12/31/2021,i8,2021,Africa,White,Diesel,Automatic,4.8,46662,164034,50,Low
12/31/2015,3 Series,2015,Middle East,Blue,Electric,Automatic,2.2,163656,60542,6562,High
12/31/2012,i3,2012,South America,Black,Hybrid,Automatic,4.3,145312,53183,2700,Low
12/31/2019,X3,2019,North America,Blue,Diesel,Automatic,1.6,194231,50190,9390,High
12/31/2013,X3,2013,Asia,Black,Diesel,Automatic,4.6,169685,49433,8234,High
12/31/2021,X3,2021,Middle East,Silver,Petrol,Automatic,3.6,35404,105881,6407,High
12/31/2013,X6,2013,Africa,Red,Electric,Automatic,3.2,76465,95422,1245,Low
12/31/2012,X1,2012,Europe,Black,Petrol,Manual,4,146726,35835,6066,High
12/31/2019,X6,2019,Africa,Red,Petrol,Manual,1.7,176861,73626,2215,Low
12/31/2015,i3,2015,Middle East,Black,Hybrid,Manual,2.2,60584,72633,2993,Low
12/31/2014,3 Series,2014,Asia,Silver,Diesel,Manual,2.9,91504,53122,8870,High
12/31/2020,5 Series,2020,Africa,Black,Diesel,Automatic,3.7,166519,78283,4298,Low
12/31/2018,i8,2018,Europe,Black,Diesel,Manual,2,185130,109350,376,Low
12/31/2018,X5,2018,Middle East,White,Petrol,Manual,2.8,51066,99313,4265,Low
12/31/2012,M3,2012,Africa,Red,Petrol,Automatic,2.4,3377,79866,751,Low
12/31/2022,X6,2022,Asia,Grey,Diesel,Manual,3.8,143518,103196,11001,High
12/31/2018,X3,2018,South America,Blue,Petrol,Manual,4.7,108410,82332,4765,Low
12/31/2022,7 Series,2022,Middle East,Grey,Hybrid,Automatic,2.1,141802,133313,1384,Low
12/31/2021,X3,2021,Europe,Silver,Diesel,Automatic,2.2,54809,89457,8542,High
12/31/2012,i3,2012,Africa,Grey,Electric,Manual,3.6,4577,76340,1786,Low
12/31/2013,i8,2013,North America,Black,Petrol,Automatic,3.1,19132,141281,50,Low
12/31/2010,X1,2010,Europe,Silver,Petrol,Automatic,4,96688,39134,5951,High
12/31/2014,i3,2014,Africa,White,Hybrid,Automatic,2.5,140801,51725,2639,Low
12/31/2021,M3,2021,Middle East,White,Diesel,Automatic,3.4,49497,121715,1975,Low
12/31/2018,i8,2018,Africa,Black,Petrol,Manual,2.9,134907,124847,50,Low
12/31/2024,i3,2024,Europe,Blue,Diesel,Automatic,2.5,102509,92382,6012,High
12/31/2011,X6,2011,Africa,Blue,Petrol,Manual,4.1,136965,61045,1500,Low
12/31/2013,M3,2013,Europe,Blue,Hybrid,Automatic,4.3,127205,80411,2354,Low
12/31/2019,X5,2019,North America,Blue,Hybrid,Manual,2.7,173971,89364,6518,High
12/31/2011,X3,2011,Europe,Red,Electric,Automatic,3.7,81992,65510,7505,High
12/31/2023,M5,2023,Asia,Silver,Hybrid,Automatic,2.1,31425,160607,2668,Low
12/31/2017,i3,2017,Europe,Grey,Diesel,Manual,4.3,26852,87573,4324,Low
12/31/2018,7 Series,2018,North America,Red,Petrol,Manual,2.5,199069,87589,1799,Low
12/31/2012,3 Series,2012,Asia,Silver,Diesel,Manual,2.1,61600,41607,10163,High
12/31/2022,i8,2022,North America,White,Diesel,Manual,4.8,35993,175411,53,Low
12/31/2024,i8,2024,Europe,White,Diesel,Manual,3,100925,163179,573,Low
12/31/2018,3 Series,2018,North America,Blue,Hybrid,Automatic,3.8,191791,73525,9886,High
12/31/2015,X3,2015,Asia,White,Electric,Manual,4.3,124024,82602,8611,High
12/31/2015,X5,2015,Asia,Grey,Diesel,Manual,3.9,151694,68046,5762,High
12/31/2016,7 Series,2016,North America,Grey,Diesel,Manual,3.5,71265,114696,1030,Low
12/31/2021,i3,2021,Asia,Silver,Electric,Automatic,2.8,171370,88665,5492,High
12/31/2014,7 Series,2014,South America,Red,Hybrid,Automatic,4.7,60814,122648,50,Low
12/31/2015,X1,2015,Asia,Silver,Hybrid,Manual,2,50124,63614,8183,High
12/31/2020,5 Series,2020,Asia,Red,Diesel,Manual,4.6,124473,92584,14232,High
12/31/2010,M5,2010,North America,Red,Hybrid,Manual,4,18648,110964,588,Low
12/31/2012,M5,2012,Europe,Blue,Electric,Automatic,3.5,119734,108835,802,Low
12/31/2021,X1,2021,Middle East,White,Hybrid,Automatic,2.6,135887,79578,6289,High
12/31/2018,X1,2018,North America,White,Hybrid,Automatic,2,125686,64533,8253,High
12/31/2021,5 Series,2021,North America,Black,Electric,Automatic,3.1,147647,101041,6685,High
12/31/2014,3 Series,2014,Middle East,Grey,Electric,Manual,4.2,109478,99131,5072,High
12/31/2014,i8,2014,Asia,Red,Diesel,Automatic,4.1,5673,153722,50,Low
12/31/2017,5 Series,2017,Africa,Black,Diesel,Automatic,3.8,90698,78836,3532,Low
12/31/2020,i8,2020,North America,Grey,Electric,Automatic,5,100998,181101,196,Low
12/31/2020,X3,2020,North America,White,Electric,Manual,4.9,197269,92232,8217,High
12/31/2022,M3,2022,Asia,Silver,Petrol,Automatic,2.9,113961,107285,3437,Low
12/31/2011,M3,2011,North America,Grey,Petrol,Automatic,2.2,51643,64585,2397,Low
12/31/2022,X6,2022,Middle East,Silver,Petrol,Automatic,3.1,6157,137120,2338,Low
12/31/2016,i8,2016,Middle East,Blue,Electric,Automatic,4.5,31668,175757,50,Low
12/31/2018,X3,2018,North America,Grey,Electric,Automatic,3.1,67142,100506,9548,High
12/31/2016,X3,2016,Europe,Grey,Petrol,Manual,2.7,156060,52857,9553,High
12/31/2021,X3,2021,Europe,Blue,Diesel,Automatic,4.1,32370,103329,7630,High
12/31/2014,i3,2014,Europe,White,Hybrid,Automatic,3.8,52173,81049,3834,Low
12/31/2022,X3,2022,Africa,Red,Hybrid,Manual,4.9,9846,131780,5588,High
12/31/2015,X3,2015,North America,Red,Electric,Manual,3.4,20882,95232,7312,High
12/31/2013,X6,2013,Middle East,Silver,Hybrid,Automatic,4.9,127046,92058,2288,Low
12/31/2023,X3,2023,Africa,Silver,Hybrid,Manual,2.5,194029,77863,5473,High
12/31/2021,7 Series,2021,Europe,White,Petrol,Automatic,4.5,195835,113939,1688,Low
12/31/2016,i8,2016,South America,Grey,Hybrid,Manual,2.7,53909,76868,240,Low
12/31/2010,7 Series,2010,South America,Red,Hybrid,Automatic,4.3,151962,82898,50,Low
12/31/2013,i8,2013,South America,Grey,Electric,Automatic,4.7,158712,131629,50,Low
12/31/2012,X1,2012,Middle East,Grey,Hybrid,Automatic,3.7,64889,60968,4191,Low
12/31/2022,5 Series,2022,Asia,Grey,Diesel,Manual,4,173512,91752,8461,High
12/31/2013,M5,2013,Africa,Silver,Hybrid,Automatic,4.9,1809,128142,50,Low
12/31/2010,X5,2010,Africa,Grey,Petrol,Automatic,2.8,115153,49616,2605,Low
12/31/2021,3 Series,2021,Middle East,Black,Electric,Manual,3.3,191432,84069,8209,High
12/31/2022,X6,2022,South America,Red,Hybrid,Manual,4.6,181482,115213,3105,Low
12/31/2011,3 Series,2011,Europe,Blue,Electric,Automatic,3.9,34922,72615,7365,High
12/31/2021,5 Series,2021,South America,Red,Diesel,Automatic,4.6,50144,113984,4695,Low
12/31/2020,M5,2020,Middle East,Silver,Hybrid,Manual,3.7,117536,136351,1490,Low
12/31/2022,X3,2022,Europe,Red,Petrol,Manual,4.1,177930,82367,9265,High
12/31/2018,7 Series,2018,Asia,Black,Diesel,Automatic,1.5,47865,108689,1396,Low
12/31/2024,M3,2024,South America,White,Hybrid,Automatic,2.7,110912,125443,2384,Low
12/31/2016,M5,2016,Middle East,Grey,Hybrid,Manual,4.2,55754,135358,328,Low
12/31/2022,5 Series,2022,Asia,Red,Electric,Manual,2.9,65113,55550,9327,High
12/31/2015,5 Series,2015,Asia,Grey,Hybrid,Manual,2.8,40262,86488,6037,High
12/31/2011,X5,2011,South America,Red,Diesel,Manual,4.8,61601,71008,2470,Low
12/31/2010,M3,2010,Middle East,Blue,Diesel,Automatic,3.4,177287,50277,1345,Low
12/31/2011,X6,2011,South America,Black,Petrol,Manual,2.2,172351,25000,2228,Low
12/31/2016,5 Series,2016,North America,Red,Diesel,Manual,3.2,58745,79153,7047,High
12/31/2011,5 Series,2011,Africa,Grey,Electric,Manual,3.3,118754,62386,8245,High
12/31/2012,i3,2012,Africa,Grey,Electric,Manual,5,38087,78336,2000,Low
12/31/2017,7 Series,2017,Middle East,Red,Hybrid,Automatic,4,124461,124198,338,Low
12/31/2016,M3,2016,North America,Silver,Hybrid,Manual,3.3,101522,94724,2222,Low
12/31/2021,7 Series,2021,Africa,Grey,Petrol,Automatic,3,56510,125442,665,Low
12/31/2020,X5,2020,Asia,Silver,Diesel,Manual,4.7,83751,106151,5381,High
12/31/2020,5 Series,2020,South America,White,Petrol,Automatic,3.8,3194,117898,4265,Low
12/31/2023,X1,2023,Asia,Silver,Electric,Automatic,2.7,74239,104291,9387,High
12/31/2020,X6,2020,Europe,Red,Electric,Automatic,3.1,21035,134434,4497,Low
12/31/2018,3 Series,2018,North America,White,Diesel,Automatic,2.5,33619,80243,9807,High
12/31/2021,M5,2021,Asia,Blue,Hybrid,Automatic,4.9,4264,173412,1684,Low
12/31/2013,5 Series,2013,North America,White,Electric,Manual,4,4750,95548,5253,High
12/31/2016,7 Series,2016,Europe,Grey,Diesel,Manual,2.9,190864,84539,1541,Low
12/31/2010,M3,2010,Asia,Blue,Petrol,Automatic,2.1,69939,57326,2420,Low
12/31/2020,M5,2020,Middle East,Grey,Petrol,Automatic,2.1,104259,126100,1134,Low
12/31/2020,X3,2020,Middle East,Red,Petrol,Automatic,3.2,143233,81438,5532,High
12/31/2011,M5,2011,Asia,White,Petrol,Automatic,3.1,165778,82275,1186,Low
12/31/2016,i8,2016,Middle East,White,Electric,Automatic,3,19637,158503,50,Low
12/31/2024,M3,2024,Europe,Red,Petrol,Manual,4.5,111179,128571,2826,Low
12/31/2011,7 Series,2011,Asia,Grey,Petrol,Manual,4.9,104269,95423,537,Low
12/31/2015,3 Series,2015,Middle East,Black,Electric,Automatic,2.7,59773,84076,6047,High
12/31/2022,M3,2022,Europe,Red,Electric,Automatic,2.5,188420,101362,4288,Low
12/31/2019,i8,2019,North America,Black,Petrol,Manual,4.2,126617,142484,105,Low
12/31/2021,5 Series,2021,Africa,Red,Hybrid,Manual,3.1,90313,100108,3697,Low
12/31/2018,M3,2018,Africa,Red,Electric,Automatic,2.3,104851,99343,1753,Low
12/31/2020,7 Series,2020,Middle East,Red,Hybrid,Manual,2.1,85259,131845,1123,Low
12/31/2014,M5,2014,Africa,Blue,Electric,Manual,2.5,67142,111281,50,Low
12/31/2019,X6,2019,Asia,Red,Diesel,Manual,1.5,49943,92763,5005,High
12/31/2016,i8,2016,Africa,Grey,Electric,Manual,4.8,47861,162204,50,Low
12/31/2022,5 Series,2022,Asia,Blue,Diesel,Automatic,3,96790,100382,7385,High
12/31/2010,3 Series,2010,Middle East,Blue,Diesel,Manual,1.8,158065,25000,6245,High
12/31/2017,i3,2017,Asia,Black,Electric,Manual,2.1,155787,65135,4650,Low
12/31/2018,X1,2018,North America,Black,Petrol,Automatic,2.6,193091,48255,9253,High
12/31/2024,M5,2024,North America,Red,Hybrid,Automatic,3.4,193795,140246,2551,Low
12/31/2022,5 Series,2022,Africa,Blue,Diesel,Automatic,4,186682,85835,3810,Low
12/31/2014,M3,2014,Asia,Black,Electric,Automatic,2.6,28856,97367,2563,Low
12/31/2015,5 Series,2015,Middle East,Silver,Petrol,Manual,4.9,121532,81108,4980,Low
12/31/2022,5 Series,2022,Asia,Silver,Diesel,Manual,4.2,174379,92541,7229,High
12/31/2020,X3,2020,South America,Blue,Electric,Automatic,4.4,132302,100195,5263,High
12/31/2017,5 Series,2017,Middle East,Silver,Electric,Manual,2.6,171079,76509,5155,High
12/31/2013,X6,2013,North America,Red,Hybrid,Manual,2.8,143948,71440,3403,Low
12/31/2011,5 Series,2011,Europe,Silver,Diesel,Manual,3.4,138833,46048,5973,High
12/31/2024,i8,2024,Asia,Silver,Electric,Manual,3.1,135190,98103,2205,Low
12/31/2019,3 Series,2019,Africa,Grey,Electric,Manual,2.4,163765,65437,5911,High
12/31/2017,3 Series,2017,Europe,Grey,Electric,Automatic,5,45976,100091,7789,High
12/31/2011,X6,2011,South America,Silver,Petrol,Automatic,4.5,85209,74181,1590,Low
12/31/2014,3 Series,2014,Europe,Red,Diesel,Automatic,2.3,160433,34868,9235,High
12/31/2024,X5,2024,North America,White,Diesel,Automatic,4.6,97480,128643,5482,High
12/31/2022,X1,2022,Europe,Grey,Petrol,Automatic,3.6,170293,76765,8809,High
12/31/2015,5 Series,2015,South America,Black,Hybrid,Automatic,1.5,122126,62659,3835,Low
12/31/2014,X1,2014,Middle East,White,Hybrid,Manual,2.7,139953,48704,5562,High
12/31/2015,X5,2015,Europe,Grey,Hybrid,Automatic,1.6,81872,39659,6134,High
12/31/2015,M3,2015,North America,Red,Electric,Automatic,1.8,18356,104190,2044,Low
12/31/2012,X1,2012,Asia,Blue,Hybrid,Manual,2.1,174496,27053,8489,High
12/31/2020,i8,2020,Middle East,Blue,Diesel,Manual,3.2,49526,163333,50,Low
12/31/2020,i3,2020,South America,White,Hybrid,Manual,2.8,144018,74731,3540,Low
12/31/2012,M3,2012,Europe,White,Electric,Manual,2,8243,91673,2175,Low
12/31/2018,X5,2018,South America,Black,Hybrid,Manual,2.9,139708,121160,3289,Low
12/31/2012,X5,2012,Europe,Blue,Hybrid,Manual,2.6,20133,80683,5447,High
12/31/2012,M5,2012,Middle East,Grey,Petrol,Automatic,2.9,197719,76925,703,Low
12/31/2020,X5,2020,Asia,Grey,Diesel,Automatic,2.1,29033,105870,5536,High
12/31/2023,X3,2023,Middle East,Blue,Diesel,Manual,3.6,146010,93918,6962,High
12/31/2011,M5,2011,Africa,Red,Hybrid,Automatic,1.7,179548,74800,130,Low
12/31/2016,5 Series,2016,Africa,Blue,Diesel,Automatic,2.9,1940,86409,3279,Low
12/31/2019,X5,2019,Africa,White,Electric,Manual,4.6,11995,126066,3618,Low
12/31/2019,i8,2019,Europe,White,Petrol,Automatic,3,102880,146291,50,Low
12/31/2013,X1,2013,Africa,Silver,Petrol,Manual,3,117171,34916,3531,Low
12/31/2010,i3,2010,South America,White,Petrol,Automatic,1.7,108274,25190,2661,Low
12/31/2015,X3,2015,Middle East,Silver,Hybrid,Manual,3.6,3863,93182,4955,Low
12/31/2014,M3,2014,Middle East,Blue,Diesel,Automatic,4.8,34214,98104,1362,Low
12/31/2023,X1,2023,Asia,Red,Electric,Automatic,2.5,26834,105982,9948,High
12/31/2020,X6,2020,Africa,Silver,Hybrid,Automatic,2.9,2953,124599,2370,Low
12/31/2011,X6,2011,South America,Red,Petrol,Automatic,3.6,198048,48419,1812,Low
12/31/2015,M3,2015,South America,Red,Petrol,Automatic,1.8,33834,82211,1187,Low
12/31/2010,5 Series,2010,Africa,Silver,Petrol,Automatic,4.8,108134,59871,2865,Low
12/31/2012,M3,2012,Middle East,Silver,Hybrid,Manual,3.1,100653,78363,1173,Low
12/31/2013,X1,2013,North America,Blue,Electric,Manual,1.9,171774,36499,7217,High
12/31/2022,M3,2022,Europe,Red,Diesel,Automatic,2.7,194943,83750,3515,Low
12/31/2012,3 Series,2012,Middle East,Red,Petrol,Automatic,2.8,160483,25000,5575,High
12/31/2024,X3,2024,South America,Black,Diesel,Manual,2.7,12605,104541,5495,High
12/31/2022,i3,2022,Africa,Blue,Electric,Manual,3.9,191602,89055,3865,Low
12/31/2015,X3,2015,Africa,Grey,Electric,Automatic,2.7,98580,73483,3987,Low
12/31/2020,3 Series,2020,Middle East,Blue,Electric,Manual,2.6,45972,102789,6725,High
12/31/2013,X1,2013,Asia,Silver,Diesel,Automatic,2.6,49678,47341,6727,High
12/31/2023,M3,2023,Asia,White,Diesel,Automatic,4.2,17457,138858,2829,Low
12/31/2010,X5,2010,South America,White,Electric,Manual,2.6,113204,56999,2480,Low
12/31/2014,3 Series,2014,South America,Blue,Electric,Automatic,1.5,154746,46456,5351,High
12/31/2014,M5,2014,South America,Red,Electric,Automatic,2.8,92357,112954,223,Low
12/31/2018,X5,2018,Africa,Red,Diesel,Automatic,2.5,28059,93407,2589,Low
12/31/2017,7 Series,2017,North America,Red,Diesel,Manual,4.7,104592,120036,1117,Low
12/31/2024,M3,2024,Europe,Black,Electric,Manual,3.2,121667,120454,3750,Low
12/31/2017,X5,2017,Middle East,White,Petrol,Manual,2.3,56105,86869,4303,Low
12/31/2014,7 Series,2014,Middle East,Red,Diesel,Manual,4.9,44286,112773,98,Low
12/31/2017,X1,2017,Asia,Red,Petrol,Manual,2.4,7785,71211,8545,High
12/31/2023,7 Series,2023,Europe,Blue,Petrol,Manual,4.2,176185,125925,1880,Low
12/31/2019,5 Series,2019,South America,Blue,Diesel,Automatic,3.8,132389,86156,4036,Low
12/31/2016,M3,2016,Europe,Grey,Diesel,Manual,3.1,141503,73859,3038,Low
12/31/2010,X1,2010,South America,White,Hybrid,Automatic,2.9,15823,51839,3337,Low
12/31/2021,X3,2021,Middle East,Red,Diesel,Automatic,4.6,4781,121272,5467,High
12/31/2016,i3,2016,Middle East,Silver,Diesel,Automatic,3.2,22846,78590,3421,Low
12/31/2020,i3,2020,Asia,White,Hybrid,Automatic,2.8,168491,72403,5690,High
12/31/2017,i3,2017,South America,Red,Hybrid,Manual,2.7,81447,74320,2842,Low
12/31/2012,3 Series,2012,Middle East,Silver,Diesel,Automatic,2.5,184330,28376,6575,High
12/31/2018,i3,2018,Europe,Silver,Electric,Manual,2.9,26204,91740,4645,Low
12/31/2017,X6,2017,Asia,White,Hybrid,Automatic,1.9,133502,85622,4724,Low
12/31/2011,X5,2011,Europe,Blue,Hybrid,Automatic,1.7,151565,50462,5614,High
12/31/2015,7 Series,2015,South America,Black,Diesel,Manual,3.4,136535,89440,407,Low
12/31/2013,i3,2013,North America,Silver,Diesel,Manual,3.1,92224,47359,4489,Low
12/31/2012,7 Series,2012,Europe,White,Diesel,Automatic,2.1,132306,72430,980,Low
12/31/2020,X3,2020,South America,Black,Diesel,Automatic,1.9,55135,77027,6132,High
12/31/2015,X5,2015,Asia,Red,Diesel,Automatic,2,142319,58844,7068,High
12/31/2019,i8,2019,Europe,Red,Diesel,Manual,2.6,199821,120669,386,Low
12/31/2022,X1,2022,North America,Grey,Electric,Automatic,3.1,169220,81770,9158,High
12/31/2024,M3,2024,Asia,Silver,Petrol,Automatic,2.2,56134,119585,3249,Low
12/31/2018,7 Series,2018,Asia,White,Hybrid,Automatic,4.1,2430,149992,1387,Low
12/31/2011,7 Series,2011,Europe,Black,Electric,Manual,2.2,55735,38678,1453,Low
12/31/2019,5 Series,2019,Asia,Blue,Electric,Automatic,1.9,73680,95123,7874,High
12/31/2019,M3,2019,Africa,Red,Diesel,Automatic,5,82244,104250,1400,Low
12/31/2019,i8,2019,Middle East,Red,Petrol,Automatic,3.1,40258,168620,50,Low
12/31/2014,i8,2014,Africa,Silver,Hybrid,Manual,2.1,122160,115895,50,Low
12/31/2015,X1,2015,Asia,Black,Hybrid,Automatic,4.6,111708,73984,7677,High
12/31/2013,7 Series,2013,Africa,Blue,Diesel,Manual,2.3,159673,66601,382,Low
12/31/2016,5 Series,2016,Middle East,Blue,Hybrid,Manual,4.7,144677,92372,4487,Low
12/31/2011,i8,2011,North America,Silver,Diesel,Automatic,1.9,38191,119966,50,Low
12/31/2016,3 Series,2016,Europe,Red,Diesel,Manual,4.4,83813,69062,10204,High
12/31/2011,M3,2011,Middle East,Black,Diesel,Manual,2.1,158322,44659,1685,Low
12/31/2010,7 Series,2010,Africa,Blue,Electric,Manual,4.8,131477,90546,50,Low
12/31/2020,X3,2020,Europe,Red,Diesel,Automatic,3.5,79529,92031,7532,High
12/31/2014,X3,2014,Africa,Black,Diesel,Automatic,2.2,130493,42794,4332,Low
12/31/2011,M3,2011,South America,Grey,Petrol,Manual,4.5,36425,75585,982,Low
12/31/2017,M5,2017,Europe,Red,Petrol,Automatic,2.9,101527,118190,1575,Low
12/31/2021,i8,2021,North America,Black,Hybrid,Manual,4.1,9584,186328,212,Low
12/31/2021,i3,2021,South America,Silver,Electric,Automatic,3.8,25586,112566,3831,Low
12/31/2021,3 Series,2021,Asia,Silver,Electric,Automatic,4,94176,110065,9543,High
12/31/2017,M3,2017,Africa,Grey,Diesel,Manual,2.7,63095,85051,1397,Low
12/31/2010,M3,2010,North America,Blue,Electric,Automatic,4.8,90901,90197,1834,Low
12/31/2013,5 Series,2013,Asia,Grey,Petrol,Manual,3.5,41630,70967,7173,High
12/31/2023,3 Series,2023,Europe,Blue,Diesel,Automatic,1.8,82362,83710,10349,High
12/31/2018,i8,2018,North America,White,Diesel,Manual,1.7,105639,128599,178,Low
12/31/2014,X6,2014,Middle East,Blue,Electric,Manual,4.1,176357,89622,1995,Low
12/31/2021,7 Series,2021,Asia,Red,Electric,Manual,4.5,135256,143915,1703,Low
12/31/2020,X6,2020,Middle East,Silver,Hybrid,Manual,3.9,142096,113290,3186,Low
12/31/2019,3 Series,2019,Asia,Grey,Petrol,Automatic,2.5,33223,113577,8321,High
12/31/2022,M5,2022,North America,Black,Hybrid,Manual,2.3,34563,148698,2290,Low
12/31/2015,M3,2015,North America,Red,Diesel,Automatic,3.5,79699,84517,2520,Low
12/31/2012,M5,2012,Africa,Grey,Hybrid,Manual,2.2,26874,108034,50,Low
12/31/2014,X1,2014,North America,Red,Electric,Automatic,2.8,196487,43398,6694,High
12/31/2023,i8,2023,Africa,Silver,Hybrid,Manual,3.7,156055,150813,618,Low
12/31/2021,X5,2021,Middle East,Blue,Electric,Automatic,2.5,198952,94985,5260,High
12/31/2022,i3,2022,North America,Red,Petrol,Automatic,2.8,154551,81361,5391,High
12/31/2022,M5,2022,South America,Silver,Electric,Manual,2.8,14235,164771,1156,Low
12/31/2022,X5,2022,Asia,Blue,Diesel,Automatic,3.1,79393,111296,7378,High
12/31/2010,i3,2010,South America,White,Electric,Automatic,3.9,145735,49790,2480,Low
12/31/2017,X6,2017,South America,Grey,Hybrid,Automatic,4.2,87663,107536,2398,Low
12/31/2020,3 Series,2020,Asia,Grey,Diesel,Manual,3.8,56174,92217,10573,High
12/31/2024,X6,2024,Africa,Red,Electric,Automatic,1.6,68355,131782,3084,Low
12/31/2015,X3,2015,Europe,Silver,Diesel,Manual,4.6,48529,81672,7601,High
12/31/2021,X3,2021,Middle East,Silver,Diesel,Automatic,3.5,163105,76762,7304,High
12/31/2011,i3,2011,Asia,White,Diesel,Manual,4.7,153471,38719,4687,Low
12/31/2013,X6,2013,Africa,Silver,Petrol,Manual,4.9,134811,78586,1377,Low
12/31/2013,X6,2013,Asia,White,Diesel,Automatic,3.1,91373,76073,4364,Low
12/31/2018,i8,2018,South America,Grey,Electric,Automatic,4.7,113135,158268,50,Low
12/31/2018,i8,2018,Asia,Blue,Petrol,Automatic,2.8,193957,124033,259,Low
12/31/2014,X1,2014,North America,Red,Diesel,Automatic,2.4,12657,58336,7428,High
12/31/2021,X5,2021,Africa,Blue,Hybrid,Automatic,1.8,108612,96381,4041,Low
12/31/2012,X3,2012,Asia,Red,Diesel,Manual,3.1,145784,37307,9080,High
12/31/2010,i3,2010,Europe,White,Petrol,Manual,3.9,67747,47884,3638,Low
12/31/2015,M5,2015,South America,Red,Petrol,Automatic,4.9,189445,104352,423,Low
12/31/2017,i3,2017,Africa,Silver,Diesel,Manual,3.3,35891,71123,2400,Low
12/31/2010,X1,2010,North America,Blue,Diesel,Automatic,4.1,161911,26711,7667,High
12/31/2020,3 Series,2020,Africa,White,Hybrid,Automatic,4.6,102182,95952,5791,High
12/31/2010,i8,2010,Europe,Grey,Petrol,Automatic,3.4,142477,97823,50,Low
12/31/2024,X3,2024,North America,Red,Petrol,Automatic,2.1,176496,83474,10390,High
12/31/2020,M5,2020,North America,Grey,Hybrid,Automatic,4.5,153388,137065,2049,Low
12/31/2016,X6,2016,South America,White,Hybrid,Manual,3.5,195289,76787,2364,Low
12/31/2016,i8,2016,North America,White,Hybrid,Automatic,4.2,160345,139237,50,Low
12/31/2011,M5,2011,Africa,White,Diesel,Automatic,3.8,49914,100402,50,Low
12/31/2012,X3,2012,Europe,White,Electric,Automatic,1.7,157100,46895,6754,High
12/31/2011,X1,2011,South America,Red,Petrol,Automatic,2.1,174065,25000,4039,Low
12/31/2015,i8,2015,Asia,Silver,Hybrid,Manual,2.5,103547,132328,50,Low
12/31/2022,M5,2022,Asia,Silver,Petrol,Manual,2.5,23430,150228,1756,Low
12/31/2022,M5,2022,Europe,Red,Electric,Manual,4.4,33551,168811,1600,Low
12/31/2017,5 Series,2017,North America,White,Hybrid,Manual,3.6,93288,89027,6319,High
12/31/2017,M5,2017,South America,Black,Electric,Manual,1.8,183676,95982,994,Low
12/31/2024,M5,2024,Africa,Grey,Hybrid,Automatic,2.9,79017,149032,1669,Low
12/31/2010,M3,2010,Asia,Grey,Electric,Automatic,3.4,62016,84693,1673,Low
12/31/2020,3 Series,2020,Africa,White,Electric,Manual,2.4,115838,81488,6686,High
12/31/2018,5 Series,2018,Europe,Black,Diesel,Manual,1.6,181733,55527,6501,High
12/31/2020,X1,2020,Middle East,Blue,Diesel,Automatic,2.8,175154,58120,5723,High
12/31/2017,X5,2017,Europe,Red,Electric,Automatic,3.1,48605,113659,4882,Low
12/31/2018,i3,2018,Europe,Black,Electric,Manual,4.7,83774,96919,5592,High
12/31/2022,i8,2022,Africa,Blue,Diesel,Automatic,4.7,152052,144776,50,Low
12/31/2023,7 Series,2023,Europe,Grey,Electric,Automatic,3.3,102614,144831,2014,Low
12/31/2022,M3,2022,Africa,Silver,Hybrid,Automatic,3.2,181377,104602,2295,Low
12/31/2018,M5,2018,North America,Grey,Hybrid,Automatic,3.7,131133,126040,2080,Low
12/31/2020,X5,2020,Africa,White,Petrol,Automatic,2.4,112173,89458,3693,Low
12/31/2021,M3,2021,Europe,Silver,Hybrid,Automatic,2.5,65293,112082,3087,Low
12/31/2015,X1,2015,Middle East,White,Petrol,Manual,1.5,2637,61467,5451,High
12/31/2012,X1,2012,Europe,Red,Electric,Automatic,1.8,47658,53956,6140,High
12/31/2010,i8,2010,Europe,Grey,Hybrid,Automatic,2.1,49536,123975,50,Low
12/31/2020,M5,2020,South America,Blue,Electric,Manual,3.7,113947,138858,1287,Low
12/31/2017,7 Series,2017,Middle East,White,Electric,Manual,2.2,192595,101258,631,Low
12/31/2019,5 Series,2019,North America,Silver,Hybrid,Automatic,1.9,92178,91751,6804,High
12/31/2012,i3,2012,South America,Black,Hybrid,Automatic,3.7,128480,53642,2537,Low
12/31/2022,X6,2022,Europe,Blue,Hybrid,Manual,3.8,42995,135364,4941,Low
12/31/2016,X5,2016,South America,Silver,Diesel,Manual,1.7,197309,47551,3325,Low
12/31/2022,5 Series,2022,South America,White,Hybrid,Manual,4.2,57315,121689,5382,High
12/31/2019,X6,2019,North America,White,Petrol,Automatic,3.6,132103,98427,4032,Low
12/31/2015,5 Series,2015,South America,Silver,Petrol,Automatic,2.9,109158,67113,3463,Low
12/31/2012,X1,2012,Europe,Black,Hybrid,Manual,4.9,106451,60287,7056,High
12/31/2015,i3,2015,Asia,Silver,Hybrid,Automatic,1.5,113723,55948,5576,High
12/31/2021,X1,2021,Middle East,Red,Electric,Manual,3.4,7211,111960,5740,High
12/31/2012,7 Series,2012,South America,Blue,Electric,Automatic,2.1,52860,100478,50,Low
12/31/2022,X5,2022,Europe,White,Diesel,Automatic,2.7,47792,109440,6570,High
12/31/2024,M5,2024,Asia,Red,Petrol,Manual,2,14165,156092,1897,Low
12/31/2022,M3,2022,Europe,Silver,Diesel,Manual,3.8,100206,108166,3232,Low
12/31/2023,7 Series,2023,North America,Blue,Electric,Automatic,2.9,190681,137407,2200,Low
12/31/2018,X6,2018,Africa,Grey,Hybrid,Automatic,5,138671,111300,2009,Low
12/31/2022,i3,2022,North America,Blue,Hybrid,Manual,3.8,17101,118510,5059,High
12/31/2010,M3,2010,Middle East,Grey,Hybrid,Automatic,4.7,11542,95512,653,Low
12/31/2022,X3,2022,Africa,Blue,Petrol,Manual,2.3,176689,69838,4779,Low
12/31/2017,M3,2017,Europe,Blue,Electric,Automatic,2.6,178,114250,2277,Low
12/31/2014,M3,2014,North America,Blue,Hybrid,Automatic,2.8,86596,83096,2258,Low
12/31/2024,3 Series,2024,South America,White,Diesel,Manual,4.4,25266,109303,5797,High
12/31/2013,X1,2013,Asia,White,Petrol,Automatic,2.2,161611,26525,8980,High
12/31/2010,M5,2010,Europe,Grey,Diesel,Manual,4.8,123220,89364,808,Low
12/31/2018,M5,2018,South America,Silver,Petrol,Manual,1.7,7440,117191,651,Low
12/31/2022,3 Series,2022,Africa,Blue,Diesel,Manual,4.6,43976,100608,4769,Low
12/31/2018,M5,2018,Europe,Red,Petrol,Manual,3.1,105727,121866,1642,Low
12/31/2022,M3,2022,Asia,Black,Electric,Automatic,3.3,88784,122995,4108,Low
12/31/2014,5 Series,2014,South America,Red,Electric,Manual,5,181331,75445,3312,Low
12/31/2023,X1,2023,South America,Black,Diesel,Automatic,4.5,54680,99957,5485,High
12/31/2020,M5,2020,Europe,Red,Petrol,Manual,4.7,10849,147689,1272,Low
12/31/2018,X1,2018,Europe,Blue,Electric,Automatic,3.5,47194,92299,8526,High
12/31/2024,X1,2024,North America,Red,Petrol,Automatic,4.8,151684,98522,8708,High
12/31/2019,X5,2019,Europe,Black,Hybrid,Manual,3.9,174787,96064,6704,High
12/31/2023,5 Series,2023,South America,White,Hybrid,Automatic,4.4,171887,108005,15000,High
12/31/2018,M3,2018,Middle East,Silver,Diesel,Automatic,4,112536,93010,2084,Low
12/31/2016,M5,2016,Europe,White,Petrol,Automatic,4.2,178992,107465,1264,Low
12/31/2017,i3,2017,Asia,White,Hybrid,Automatic,3.7,46617,93987,4594,Low
12/31/2010,i8,2010,Europe,Red,Diesel,Manual,4,187127,96604,50,Low
12/31/2013,M5,2013,Middle East,Silver,Hybrid,Automatic,3,17150,130815,50,Low
12/31/2019,X6,2019,Middle East,Silver,Diesel,Manual,4,64346,113035,2607,Low
12/31/2019,i8,2019,Africa,Grey,Petrol,Automatic,2.5,101163,140792,50,Low
12/31/2024,X6,2024,Africa,Black,Diesel,Manual,3.7,109415,116982,2324,Low
12/31/2013,3 Series,2013,North America,Black,Petrol,Automatic,3.3,55968,60110,8701,High
12/31/2021,M3,2021,Europe,Silver,Hybrid,Manual,4.6,32188,132406,3002,Low
12/31/2018,X1,2018,Europe,Black,Petrol,Automatic,3.9,112904,71917,15000,High
12/31/2012,X1,2012,Middle East,Silver,Hybrid,Manual,3.6,107170,53364,4954,Low
12/31/2024,5 Series,2024,Europe,Silver,Electric,Automatic,2.6,45575,134316,6585,High
12/31/2021,M5,2021,Africa,Silver,Petrol,Automatic,4.5,189324,125973,938,Low
12/31/2019,X6,2019,Middle East,White,Hybrid,Manual,1.7,47811,111421,3337,Low
12/31/2024,X6,2024,Africa,White,Diesel,Automatic,4.6,162216,115542,3037,Low
12/31/2019,X5,2019,Middle East,Red,Hybrid,Automatic,3.8,113028,103741,4858,Low
12/31/2010,7 Series,2010,Middle East,Grey,Petrol,Manual,2.2,159851,60989,250,Low
12/31/2024,7 Series,2024,Asia,Blue,Petrol,Manual,4.7,121066,138478,1842,Low
12/31/2020,i8,2020,Africa,Red,Hybrid,Manual,2.6,130829,144925,206,Low
12/31/2014,i8,2014,Europe,Black,Petrol,Manual,2.1,39755,127802,50,Low
12/31/2016,i3,2016,Middle East,Blue,Hybrid,Automatic,2.6,113156,67238,3711,Low
12/31/2021,M3,2021,Africa,White,Electric,Automatic,4.9,154252,116623,2147,Low
12/31/2013,X3,2013,Europe,Black,Electric,Automatic,4.1,34326,90658,6567,High
12/31/2018,M3,2018,South America,White,Petrol,Automatic,4.7,167977,90551,1664,Low
12/31/2015,X1,2015,Middle East,Blue,Hybrid,Manual,2.5,43436,67820,5665,High
12/31/2015,7 Series,2015,Europe,Grey,Diesel,Manual,1.8,127524,80049,1086,Low
12/31/2012,i3,2012,Middle East,Blue,Electric,Automatic,3.5,133182,58624,2664,Low
12/31/2019,5 Series,2019,Africa,White,Hybrid,Manual,3.2,147568,87814,4719,Low
12/31/2019,i8,2019,South America,Black,Electric,Manual,4,13160,200000,50,Low
12/31/2014,X1,2014,Middle East,Silver,Petrol,Automatic,3.4,143533,43484,4761,Low
12/31/2019,3 Series,2019,South America,White,Electric,Automatic,2.9,118264,80772,6484,High
12/31/2015,X1,2015,Europe,White,Electric,Manual,1.5,72054,58043,7140,High
12/31/2023,3 Series,2023,Europe,Grey,Hybrid,Automatic,3.1,165441,89568,10270,High
12/31/2013,M3,2013,Africa,Blue,Hybrid,Manual,1.9,47599,76721,896,Low
12/31/2022,i3,2022,Middle East,Blue,Diesel,Automatic,4.7,170872,82985,4367,Low
12/31/2012,i3,2012,South America,Black,Hybrid,Manual,4.7,29390,77329,2228,Low
12/31/2014,M3,2014,Europe,Red,Diesel,Manual,4.3,57122,88267,2239,Low
12/31/2016,X5,2016,Middle East,Black,Diesel,Manual,2.1,183991,56266,4497,Low
12/31/2020,3 Series,2020,Europe,Silver,Electric,Automatic,2,39278,96551,8337,High
12/31/2015,M5,2015,Africa,Grey,Hybrid,Automatic,3.5,50135,118469,95,Low
12/31/2011,i8,2011,South America,Blue,Electric,Automatic,4,27690,141247,50,Low
12/31/2010,X3,2010,Africa,Grey,Diesel,Manual,4.7,87606,47508,3780,Low
12/31/2014,M5,2014,Africa,Silver,Hybrid,Manual,4.6,92249,111921,50,Low
12/31/2014,X5,2014,North America,Red,Petrol,Manual,2,41761,74407,5324,High
12/31/2021,3 Series,2021,South America,White,Electric,Manual,5,13203,117920,5393,High
12/31/2021,X5,2021,Asia,Blue,Petrol,Manual,2,28992,109224,6638,High
12/31/2015,i3,2015,South America,Grey,Hybrid,Manual,4.4,133583,64911,2707,Low
12/31/2012,X5,2012,Middle East,Red,Electric,Automatic,3.6,50679,90569,3303,Low
12/31/2010,X5,2010,Europe,White,Diesel,Manual,3.9,145996,48906,4608,Low
12/31/2024,X3,2024,Middle East,Silver,Electric,Automatic,3.6,150626,115511,6647,High
12/31/2013,X6,2013,South America,Blue,Hybrid,Manual,4.5,86012,89410,1557,Low
12/31/2013,M3,2013,Middle East,Grey,Hybrid,Automatic,3.7,88990,89174,1294,Low
12/31/2019,i3,2019,Africa,Red,Hybrid,Manual,4.5,106156,86314,2816,Low
12/31/2011,X3,2011,South America,Grey,Petrol,Manual,2,72624,38558,5229,High
12/31/2023,i8,2023,Africa,Grey,Electric,Manual,4.5,183142,168441,290,Low
12/31/2017,M3,2017,South America,Silver,Petrol,Manual,5,132280,92865,1338,Low
12/31/2015,i8,2015,Middle East,White,Petrol,Manual,3.8,156877,128362,50,Low
12/31/2021,i3,2021,Europe,Black,Petrol,Automatic,4.9,195861,81635,5143,High
12/31/2012,M3,2012,Africa,Black,Hybrid,Manual,2.3,22016,79810,631,Low
12/31/2024,i8,2024,Asia,White,Diesel,Manual,4.4,176761,158032,733,Low
12/31/2010,7 Series,2010,Asia,Blue,Diesel,Automatic,2.1,131311,65969,822,Low
12/31/2021,i3,2021,Middle East,Red,Hybrid,Automatic,3.3,122780,91078,4447,Low
12/31/2020,5 Series,2020,Asia,Grey,Diesel,Automatic,3.8,2382,114211,6352,High
12/31/2012,3 Series,2012,Asia,Grey,Hybrid,Automatic,3.8,146920,52815,10117,High
12/31/2017,X5,2017,Asia,Grey,Diesel,Manual,3.8,82,104263,6523,High
12/31/2013,i3,2013,South America,Blue,Electric,Automatic,2.6,61410,68198,2504,Low
12/31/2012,i8,2012,South America,Silver,Diesel,Automatic,4.9,21826,134432,50,Low
12/31/2022,i3,2022,Europe,Black,Diesel,Manual,1.5,67113,79195,5583,High
12/31/2020,X6,2020,South America,Grey,Petrol,Automatic,3.7,164021,95820,2856,Low
12/31/2013,X1,2013,Africa,Blue,Diesel,Automatic,4.5,66674,57529,4129,Low
12/31/2020,X6,2020,North America,Silver,Hybrid,Automatic,4.6,134226,124617,4065,Low
12/31/2024,X5,2024,Africa,Black,Hybrid,Automatic,4,182524,110092,3711,Low
12/31/2013,3 Series,2013,North America,Red,Petrol,Manual,3.5,40821,64657,8411,High
12/31/2011,M3,2011,Asia,Black,Electric,Automatic,3.1,187501,63073,2089,Low
12/31/2013,X6,2013,Middle East,Black,Petrol,Automatic,3.1,63702,87351,1827,Low
12/31/2020,i3,2020,South America,Grey,Petrol,Automatic,3,59710,88192,3228,Low
12/31/2021,X6,2021,North America,Blue,Electric,Manual,3.9,73158,126526,4271,Low
12/31/2018,M5,2018,Europe,Grey,Diesel,Manual,4.1,35975,127593,1280,Low
12/31/2013,i3,2013,Asia,Blue,Electric,Automatic,3.3,136260,60404,4228,Low
12/31/2021,X6,2021,Africa,Black,Petrol,Manual,4.1,22501,129011,2300,Low
12/31/2010,7 Series,2010,South America,White,Petrol,Manual,3.3,134389,70168,50,Low
12/31/2010,X6,2010,Africa,Grey,Electric,Manual,1.8,36024,76171,1245,Low
12/31/2010,7 Series,2010,Middle East,Grey,Hybrid,Automatic,4.5,22108,120973,50,Low
12/31/2023,X1,2023,Africa,Silver,Petrol,Automatic,4.5,197352,73466,5289,High
12/31/2014,i3,2014,Europe,Blue,Diesel,Automatic,2.4,141084,38774,5149,High
12/31/2015,X1,2015,Asia,Red,Electric,Manual,4.3,24244,88458,6570,High
12/31/2021,M5,2021,South America,Grey,Hybrid,Automatic,3.3,197771,118609,1674,Low
12/31/2015,3 Series,2015,Africa,Silver,Diesel,Automatic,1.9,104208,45778,5365,High
12/31/2015,M3,2015,Africa,Red,Diesel,Automatic,2.9,33082,80460,1082,Low
12/31/2018,X5,2018,North America,Red,Hybrid,Automatic,1.8,84430,93450,6776,High
12/31/2010,3 Series,2010,Europe,Grey,Diesel,Automatic,4.3,8406,60282,9208,High
12/31/2019,X5,2019,North America,White,Diesel,Automatic,2.2,71861,88212,6743,High
12/31/2015,M5,2015,Europe,Blue,Petrol,Manual,2.1,159004,84196,1455,Low
12/31/2022,X1,2022,Africa,Red,Diesel,Manual,2.2,148215,63175,4451,Low
12/31/2017,M3,2017,Europe,Silver,Petrol,Automatic,2.3,150247,74773,3318,Low
12/31/2017,X5,2017,Middle East,White,Diesel,Automatic,3.9,142890,83804,4546,Low
12/31/2021,i8,2021,South America,Red,Hybrid,Automatic,3.7,40306,175117,50,Low
12/31/2024,i3,2024,North America,Black,Electric,Automatic,2,59140,108196,5150,High
12/31/2024,X1,2024,South America,Blue,Hybrid,Automatic,4,163445,92103,6112,High
12/31/2012,7 Series,2012,Middle East,Black,Electric,Manual,2.7,173538,89771,133,Low
12/31/2022,X5,2022,North America,Blue,Petrol,Automatic,3.1,165157,96816,7227,High
12/31/2014,5 Series,2014,Europe,Red,Hybrid,Manual,1.9,105098,65397,6370,High
12/31/2019,M3,2019,South America,Blue,Diesel,Automatic,4,49301,112274,1369,Low
12/31/2013,X6,2013,Middle East,Silver,Electric,Manual,2.8,62401,93024,2323,Low
12/31/2021,7 Series,2021,Middle East,Red,Petrol,Manual,3.7,150412,128171,884,Low
12/31/2010,5 Series,2010,Middle East,White,Petrol,Automatic,3,76277,54767,545,Low
12/31/2018,7 Series,2018,North America,White,Electric,Automatic,1.7,19049,130788,1535,Low
12/31/2014,X5,2014,Africa,White,Electric,Automatic,4,131183,86342,2395,Low
12/31/2011,3 Series,2011,Africa,Silver,Electric,Automatic,3.4,131966,53228,4438,Low
12/31/2021,5 Series,2021,North America,Red,Electric,Manual,3,178596,91687,7385,High
12/31/2011,X5,2011,Asia,Silver,Electric,Automatic,2.2,79538,70191,6136,High
12/31/2020,3 Series,2020,Asia,Grey,Petrol,Manual,3.7,2810,98470,10569,High
12/31/2016,X3,2016,Africa,Red,Diesel,Manual,2.5,151072,48312,4254,Low
12/31/2013,M3,2013,Asia,Silver,Electric,Automatic,3,60920,90108,2268,Low
12/31/2010,i8,2010,Africa,Black,Diesel,Manual,1.7,13111,102622,50,Low
12/31/2014,5 Series,2014,South America,Red,Hybrid,Manual,4.2,42581,94216,3936,Low
12/31/2011,5 Series,2011,Middle East,Red,Electric,Manual,1.8,183356,45811,4892,Low
12/31/2024,X6,2024,Africa,Red,Petrol,Automatic,4.6,102662,133760,2136,Low
12/31/2016,X1,2016,North America,Grey,Petrol,Manual,4.5,39269,79120,8068,High
12/31/2024,X6,2024,Asia,Silver,Electric,Automatic,4.9,77572,157946,4349,Low
12/31/2018,i8,2018,Europe,Silver,Diesel,Manual,4.7,32378,155219,50,Low
12/31/2022,M5,2022,North America,Silver,Electric,Manual,4.9,28473,179858,308,Low
12/31/2010,M5,2010,North America,Red,Diesel,Automatic,4.6,156448,85237,832,Low
12/31/2021,X6,2021,Europe,Black,Hybrid,Manual,1.9,3905,122236,4543,Low
12/31/2011,3 Series,2011,Middle East,Black,Diesel,Manual,3,21608,50471,6451,High
12/31/2020,X1,2020,Middle East,Black,Electric,Manual,1.8,33238,93181,5760,High
12/31/2015,i3,2015,Africa,White,Electric,Automatic,3.4,55460,82067,7769,High
12/31/2017,M5,2017,North America,White,Electric,Automatic,3.4,162018,129280,1327,Low
12/31/2016,X1,2016,Middle East,Blue,Hybrid,Manual,4.7,108483,73647,4869,Low
12/31/2018,i3,2018,Asia,Silver,Hybrid,Manual,4.9,40235,103227,5288,High
12/31/2023,X6,2023,North America,Black,Hybrid,Automatic,2.4,65605,180118,4045,Low
12/31/2011,M3,2011,Europe,Red,Diesel,Automatic,3.5,160332,54548,2536,Low
12/31/2021,X5,2021,Europe,Blue,Hybrid,Manual,3.1,181029,91254,7566,High
12/31/2018,5 Series,2018,South America,Silver,Petrol,Manual,3.4,103007,77066,3679,Low
12/31/2013,X5,2013,Middle East,White,Hybrid,Manual,3.4,63294,88236,3619,Low
12/31/2020,7 Series,2020,North America,Red,Electric,Manual,4.7,52597,154479,1596,Low
12/31/2024,X5,2024,Europe,White,Electric,Automatic,4.6,152548,134437,6492,High
12/31/2012,5 Series,2012,Asia,Silver,Hybrid,Manual,1.9,142319,49938,7192,High
12/31/2016,3 Series,2016,North America,White,Diesel,Manual,2.7,34517,68391,9134,High
12/31/2014,i3,2014,Africa,Grey,Petrol,Manual,4.1,25698,68092,2385,Low
12/31/2022,3 Series,2022,Europe,Blue,Electric,Automatic,3.9,150767,102972,10714,High
12/31/2014,M3,2014,South America,Red,Electric,Manual,3.7,171303,75379,1133,Low
12/31/2021,X3,2021,North America,Black,Petrol,Automatic,5,66741,103758,7820,High
12/31/2022,7 Series,2022,Middle East,Grey,Hybrid,Automatic,2.7,150935,133089,1729,Low
12/31/2011,X5,2011,North America,Grey,Petrol,Manual,3.3,35424,71943,4945,Low
12/31/2015,X3,2015,North America,Silver,Diesel,Automatic,4.9,196404,60072,9322,High
12/31/2015,M3,2015,North America,Black,Diesel,Automatic,3.9,132947,82309,2508,Low
12/31/2021,X3,2021,Africa,White,Electric,Manual,3.8,71430,104796,4959,Low
12/31/2013,7 Series,2013,Middle East,Black,Electric,Automatic,2,189486,87607,375,Low
12/31/2014,M3,2014,South America,Black,Diesel,Manual,2.4,4737,78158,1439,Low
12/31/2016,X1,2016,South America,Blue,Hybrid,Automatic,2.8,178981,47517,5463,High
12/31/2023,X6,2023,Europe,Grey,Electric,Automatic,3.1,17137,149093,4143,Low
12/31/2017,X1,2017,Asia,White,Petrol,Automatic,3.2,125215,57419,8908,High
12/31/2015,i3,2015,South America,Blue,Electric,Automatic,4.7,22695,101319,2217,Low
12/31/2014,X5,2014,Africa,Black,Petrol,Automatic,1.9,87659,65764,3183,Low
12/31/2021,7 Series,2021,South America,Grey,Electric,Manual,2.4,46721,140448,1045,Low
12/31/2012,M3,2012,Africa,Blue,Diesel,Manual,2,131954,45389,1310,Low
12/31/2016,i3,2016,Africa,Grey,Electric,Automatic,4.1,56066,88459,1967,Low
12/31/2017,X1,2017,North America,White,Electric,Manual,4.9,46669,94059,7412,High
12/31/2012,X3,2012,Asia,Grey,Diesel,Automatic,4.6,68977,62820,7365,High
12/31/2014,i3,2014,South America,Blue,Hybrid,Automatic,4,110293,67952,2801,Low
12/31/2020,X3,2020,Middle East,Black,Hybrid,Manual,1.6,97699,80998,6916,High
12/31/2011,i3,2011,South America,Grey,Petrol,Manual,2.7,120718,32928,2700,Low
12/31/2019,i3,2019,Europe,Silver,Electric,Manual,4.5,185952,80152,4907,Low
12/31/2019,M3,2019,North America,Silver,Electric,Automatic,3.8,68039,119265,2857,Low
12/31/2021,i3,2021,South America,White,Hybrid,Automatic,2.2,97806,84049,3640,Low
12/31/2013,X5,2013,Africa,Silver,Petrol,Manual,3.1,167422,47951,2847,Low
12/31/2021,X6,2021,Middle East,Blue,Hybrid,Manual,1.8,78430,112821,3083,Low
12/31/2013,3 Series,2013,Middle East,Silver,Diesel,Automatic,3.3,185325,35508,7225,High
12/31/2021,M5,2021,Asia,Black,Petrol,Automatic,4.7,73395,143379,1736,Low
12/31/2022,X6,2022,North America,Black,Diesel,Automatic,1.6,132805,91927,4406,Low
12/31/2017,i8,2017,Europe,Red,Electric,Automatic,3.6,47147,168464,50,Low
12/31/2012,i8,2012,Europe,Black,Electric,Automatic,2.3,86563,125823,50,Low
12/31/2014,X6,2014,North America,Black,Diesel,Manual,5,142255,78771,3777,Low
12/31/2020,X6,2020,South America,Silver,Hybrid,Automatic,1.7,36711,114341,3177,Low
12/31/2014,5 Series,2014,Middle East,Silver,Diesel,Automatic,3.7,130549,68208,4373,Low
12/31/2011,X1,2011,Africa,Red,Hybrid,Automatic,2.4,16136,53354,3345,Low
12/31/2018,X3,2018,North America,Blue,Hybrid,Manual,4.6,104374,91871,9655,High
12/31/2013,X1,2013,South America,Grey,Petrol,Automatic,1.9,1190,52555,4166,Low
12/31/2018,M3,2018,Middle East,Blue,Electric,Automatic,3,150454,102401,2587,Low
12/31/2018,i3,2018,North America,Blue,Petrol,Automatic,2.1,103875,31566,5394,High
12/31/2011,X3,2011,Middle East,Silver,Diesel,Manual,4.3,188601,37246,5577,High
12/31/2018,M5,2018,Africa,Grey,Diesel,Automatic,2.7,17640,121190,524,Low
12/31/2018,M5,2018,Middle East,Red,Hybrid,Manual,2.2,77496,131665,1026,Low
12/31/2011,M5,2011,Middle East,Red,Hybrid,Manual,4,41714,116904,50,Low
12/31/2020,M5,2020,South America,White,Electric,Automatic,4.4,32658,168304,660,Low
12/31/2022,5 Series,2022,Africa,Black,Electric,Manual,3.1,124047,105725,4342,Low
12/31/2015,X6,2015,Asia,Silver,Hybrid,Manual,2.8,32468,103307,3379,Low
12/31/2018,i8,2018,Middle East,Silver,Hybrid,Manual,3.7,43103,165493,50,Low
12/31/2013,X3,2013,Africa,White,Diesel,Automatic,3.8,32666,68852,3984,Low
12/31/2011,i3,2011,South America,Blue,Hybrid,Manual,3.8,32844,67215,2333,Low
12/31/2016,X1,2016,Middle East,White,Petrol,Automatic,2.5,86372,54982,4761,Low
12/31/2024,X6,2024,Africa,Silver,Diesel,Automatic,4.8,122106,124235,2462,Low
12/31/2018,M5,2018,Europe,Blue,Petrol,Automatic,2.2,47248,120507,1275,Low
12/31/2015,X6,2015,North America,Black,Hybrid,Automatic,2.8,46195,104159,3658,Low
12/31/2020,X1,2020,North America,Black,Electric,Manual,2.5,47652,96499,7394,High
12/31/2020,3 Series,2020,Asia,Red,Diesel,Automatic,4.8,114111,85993,11312,High
12/31/2023,i3,2023,Europe,Blue,Electric,Manual,4.4,58492,119001,5828,High
12/31/2013,X1,2013,North America,Blue,Electric,Manual,4.3,15252,81742,7300,High
12/31/2010,5 Series,2010,Asia,Silver,Hybrid,Manual,1.5,118060,45346,5913,High
12/31/2013,X6,2013,Middle East,Red,Electric,Manual,3.9,91018,94538,1923,Low
12/31/2012,5 Series,2012,Middle East,White,Diesel,Manual,2.3,137450,45368,4486,Low
12/31/2016,i8,2016,South America,Red,Diesel,Automatic,4.9,17937,150977,50,Low
12/31/2020,3 Series,2020,Africa,Red,Hybrid,Manual,3.4,175363,71120,6726,High
12/31/2022,M3,2022,Europe,Silver,Hybrid,Manual,3.5,51683,128875,2976,Low
12/31/2020,M5,2020,Middle East,Silver,Petrol,Automatic,2.7,137383,122946,987,Low
12/31/2019,X6,2019,South America,White,Hybrid,Manual,3.4,187569,88150,3531,Low
12/31/2014,3 Series,2014,North America,Black,Petrol,Automatic,4.1,171265,50342,10802,High
12/31/2021,3 Series,2021,Europe,Black,Electric,Manual,3.5,54852,110659,10524,High
12/31/2012,7 Series,2012,South America,Silver,Diesel,Manual,3.7,110049,80871,124,Low
12/31/2023,3 Series,2023,Africa,White,Petrol,Automatic,3.2,131299,87412,6582,High
12/31/2011,M5,2011,Asia,Black,Hybrid,Manual,4,184952,90831,1056,Low
12/31/2022,i3,2022,Africa,Blue,Hybrid,Manual,4.6,30701,115771,2954,Low
12/31/2011,X1,2011,South America,White,Electric,Automatic,1.7,66886,43213,4183,Low
12/31/2014,i8,2014,Middle East,Grey,Electric,Manual,1.9,53864,141126,50,Low
12/31/2022,7 Series,2022,Africa,Silver,Petrol,Manual,3.9,198878,107122,1073,Low
12/31/2022,i3,2022,Asia,Silver,Electric,Automatic,2.8,102220,103313,6248,High
12/31/2017,X6,2017,Africa,Red,Petrol,Manual,2.5,159840,70449,1951,Low
12/31/2017,i3,2017,Africa,White,Diesel,Automatic,2.1,100060,53057,2650,Low
12/31/2023,7 Series,2023,South America,Blue,Diesel,Manual,3.5,113657,131285,1124,Low
12/31/2021,5 Series,2021,North America,Black,Petrol,Automatic,2.7,109130,93103,6536,High
12/31/2014,X5,2014,Middle East,Red,Diesel,Manual,3.3,102731,74205,3968,Low
12/31/2022,X3,2022,Europe,Blue,Diesel,Automatic,4.9,48796,115627,7715,High
12/31/2011,7 Series,2011,Middle East,Black,Electric,Automatic,4.2,694,131913,50,Low
12/31/2022,5 Series,2022,South America,Blue,Hybrid,Automatic,4.3,106202,164482,9253,High
12/31/2013,X6,2013,South America,White,Diesel,Manual,1.9,125166,53284,2014,Low
12/31/2016,M3,2016,Africa,Grey,Electric,Manual,2.6,115468,82880,1241,Low
12/31/2023,X6,2023,Middle East,Black,Hybrid,Automatic,1.9,154515,109792,3865,Low
12/31/2015,X6,2015,Asia,Silver,Hybrid,Automatic,4.9,4368,126154,3227,Low
12/31/2019,5 Series,2019,Europe,Blue,Electric,Automatic,3.9,127655,102564,6509,High
12/31/2016,X3,2016,Asia,White,Petrol,Automatic,1.6,188794,43202,9399,High
12/31/2014,X3,2014,South America,Blue,Diesel,Automatic,3.2,179185,40996,5730,High
12/31/2011,7 Series,2011,South America,Blue,Diesel,Manual,2.4,67981,78197,50,Low
12/31/2017,i8,2017,Europe,Blue,Diesel,Automatic,3.4,189325,116882,140,Low
12/31/2023,X5,2023,Africa,Red,Diesel,Automatic,2.1,8668,110592,3994,Low
12/31/2021,X3,2021,Asia,White,Electric,Manual,1.7,82266,91445,9390,High
12/31/2011,7 Series,2011,Middle East,Black,Petrol,Manual,2.6,2903,94615,50,Low
12/31/2021,X1,2021,Europe,Silver,Diesel,Manual,2.5,74473,72741,8493,High
12/31/2017,X3,2017,Middle East,Grey,Diesel,Automatic,4,124932,72385,6462,High
12/31/2024,M3,2024,Europe,Red,Electric,Manual,3.2,8652,146278,3393,Low
12/31/2016,M5,2016,Asia,White,Petrol,Manual,2.5,120563,99668,1693,Low
12/31/2012,X3,2012,Europe,Blue,Electric,Manual,3.5,55733,72516,6534,High
12/31/2022,i8,2022,Asia,Red,Petrol,Manual,1.7,172385,137459,581,Low
12/31/2013,X1,2013,Europe,Blue,Petrol,Manual,3.8,43503,56638,7584,High
12/31/2022,M5,2022,Asia,White,Diesel,Manual,2,40456,134191,1969,Low
12/31/2016,M5,2016,North America,Black,Petrol,Manual,2.5,161697,98170,1666,Low
12/31/2013,5 Series,2013,Africa,Blue,Hybrid,Automatic,2.5,47035,74195,2650,Low
12/31/2018,X5,2018,Africa,Red,Electric,Manual,3.1,119067,98115,3554,Low
12/31/2016,7 Series,2016,Africa,Black,Electric,Automatic,4.8,132665,122059,50,Low
12/31/2010,X6,2010,Middle East,Grey,Petrol,Automatic,2.6,55873,68032,2236,Low
12/31/2010,7 Series,2010,Asia,Red,Electric,Manual,2.5,55153,94147,503,Low
12/31/2024,7 Series,2024,North America,Red,Hybrid,Manual,2.1,74395,145802,2174,Low
12/31/2013,3 Series,2013,Middle East,Blue,Diesel,Automatic,2.9,142582,40688,7392,High
12/31/2023,i3,2023,Africa,Silver,Diesel,Automatic,2.1,34348,94954,2735,Low
12/31/2023,3 Series,2023,Asia,Black,Petrol,Manual,2,47205,88075,9541,High
12/31/2022,X6,2022,Asia,Black,Hybrid,Automatic,4.5,771,157222,4057,Low
12/31/2018,7 Series,2018,Europe,Grey,Hybrid,Automatic,1.7,115836,115018,1951,Low
12/31/2022,M3,2022,North America,White,Diesel,Automatic,4,18559,129769,3373,Low
12/31/2013,i3,2013,North America,Blue,Hybrid,Manual,2.2,127191,45781,4971,Low
12/31/2022,M5,2022,South America,Grey,Petrol,Manual,1.5,41281,128517,1017,Low
12/31/2014,X1,2014,South America,Red,Electric,Manual,4.3,104189,64458,3690,Low
12/31/2010,M5,2010,North America,Black,Diesel,Manual,4,105533,90811,875,Low
12/31/2024,5 Series,2024,Asia,Grey,Diesel,Manual,2.7,121021,99614,8630,High
12/31/2023,3 Series,2023,South America,Blue,Hybrid,Manual,1.8,197541,72689,7101,High
12/31/2011,M3,2011,North America,Grey,Diesel,Automatic,2.8,175340,45542,2520,Low
12/31/2020,M3,2020,Europe,Blue,Hybrid,Automatic,2.1,109626,103595,3102,Low
12/31/2013,M3,2013,Europe,Grey,Electric,Manual,4.8,162336,81001,1921,Low
12/31/2021,X3,2021,South America,Red,Electric,Manual,3.4,79028,101778,6426,High
12/31/2013,i3,2013,Europe,Blue,Diesel,Automatic,4.9,27159,75694,4623,Low
12/31/2020,i8,2020,Middle East,Black,Petrol,Automatic,2.7,39008,168704,50,Low
12/31/2019,5 Series,2019,Europe,Silver,Petrol,Manual,3.4,156129,73638,6437,High
12/31/2015,M5,2015,Africa,White,Electric,Automatic,2.2,190928,90985,521,Low
12/31/2022,X3,2022,North America,Grey,Hybrid,Manual,4.3,170490,96207,8554,High
12/31/2015,M3,2015,Middle East,Grey,Electric,Automatic,1.6,165933,78455,1679,Low
12/31/2017,3 Series,2017,Middle East,Black,Diesel,Automatic,3.9,129491,65056,6610,High
12/31/2021,i8,2021,Europe,White,Diesel,Automatic,2.9,148200,146672,337,Low
12/31/2022,X5,2022,Europe,White,Electric,Manual,3.5,115027,116351,5709,High
12/31/2018,X5,2018,Asia,Red,Electric,Manual,3.6,75478,110548,747,Low
12/31/2023,i3,2023,Asia,Black,Diesel,Automatic,4,62142,107561,5036,High
12/31/2010,X3,2010,Middle East,White,Diesel,Manual,2.2,168900,25000,5972,High
12/31/2010,7 Series,2010,Africa,Grey,Petrol,Manual,3.4,34781,83298,50,Low
12/31/2024,X3,2024,South America,Silver,Electric,Automatic,3,165268,161064,4986,Low
12/31/2015,X1,2015,Africa,Red,Hybrid,Automatic,2.5,96037,55512,4543,Low
12/31/2013,7 Series,2013,North America,Silver,Petrol,Manual,3.2,32997,104518,696,Low
12/31/2020,X1,2020,North America,Silver,Hybrid,Automatic,4.8,96784,93585,7905,High
12/31/2013,M5,2013,South America,Black,Electric,Manual,4.8,56270,122445,50,Low
12/31/2010,i3,2010,Europe,Silver,Electric,Automatic,2.5,114962,47160,3820,Low
12/31/2018,X6,2018,Africa,Blue,Hybrid,Manual,4.6,138010,103990,2332,Low
12/31/2021,X3,2021,Africa,Blue,Hybrid,Automatic,4.6,145468,98555,4508,Low
12/31/2020,X1,2020,Africa,Black,Hybrid,Automatic,2.4,164497,64644,4839,Low
12/31/2012,X5,2012,Middle East,Silver,Petrol,Manual,3.6,23382,77751,3465,Low
12/31/2024,i3,2024,Asia,Blue,Diesel,Automatic,4.5,126003,100864,5127,High
12/31/2014,i3,2014,Africa,Silver,Hybrid,Automatic,3.3,43947,75711,2317,Low
12/31/2019,7 Series,2019,South America,Blue,Petrol,Manual,2.8,112648,109730,779,Low
12/31/2010,3 Series,2010,North America,Blue,Petrol,Manual,3.8,187986,25000,9462,High
12/31/2017,7 Series,2017,Middle East,Black,Petrol,Automatic,2.1,137510,99378,743,Low
12/31/2012,M5,2012,Europe,Silver,Petrol,Automatic,2.1,72996,88721,1191,Low
12/31/2023,5 Series,2023,South America,White,Petrol,Manual,4.4,76638,110496,4157,Low
12/31/2024,i8,2024,North America,Black,Hybrid,Manual,1.6,79199,173305,771,Low
12/31/2010,i8,2010,Asia,White,Petrol,Manual,4.3,61776,126361,50,Low
12/31/2019,i3,2019,South America,Grey,Hybrid,Manual,2.5,179481,59713,4602,Low
12/31/2015,X1,2015,Asia,Red,Electric,Automatic,3.2,134098,62854,8511,High
12/31/2010,M5,2010,Asia,Grey,Petrol,Manual,3.4,18766,103292,737,Low
12/31/2024,X6,2024,North America,Red,Diesel,Automatic,4.2,32316,145853,4193,Low
12/31/2024,i8,2024,North America,White,Diesel,Manual,4.6,52360,187623,181,Low
12/31/2012,M3,2012,Africa,Red,Hybrid,Automatic,4.3,82613,81639,711,Low
12/31/2014,5 Series,2014,Europe,Grey,Electric,Manual,3.5,15386,98444,6233,High
12/31/2013,i8,2013,Europe,White,Diesel,Manual,2.7,74735,121469,50,Low
12/31/2016,5 Series,2016,Africa,Blue,Electric,Automatic,3.3,29058,104999,2625,Low
12/31/2015,7 Series,2015,North America,Black,Hybrid,Automatic,1.6,24513,115751,905,Low
12/31/2021,i3,2021,Europe,Grey,Petrol,Manual,2.4,138936,71437,6107,High
12/31/2012,X6,2012,Asia,White,Diesel,Manual,2.8,14595,78316,3449,Low
12/31/2020,i3,2020,Asia,Grey,Electric,Automatic,2.6,91699,89277,6663,High
12/31/2017,X3,2017,South America,Blue,Diesel,Automatic,1.8,107474,56072,5846,High
12/31/2017,X5,2017,Middle East,Blue,Electric,Manual,1.7,13376,108539,4122,Low
12/31/2023,X3,2023,North America,Blue,Electric,Automatic,3,91005,108136,10638,High
12/31/2011,X5,2011,Asia,Black,Petrol,Automatic,1.8,53347,57481,4970,Low
12/31/2016,3 Series,2016,South America,Grey,Electric,Automatic,2.5,6926,84963,5815,High
12/31/2023,M5,2023,Africa,Red,Petrol,Manual,3.2,52521,147863,872,Low
12/31/2010,X3,2010,Africa,Blue,Petrol,Manual,2.2,8247,45180,3909,Low
12/31/2011,5 Series,2011,South America,Red,Petrol,Automatic,1.8,179797,29505,4372,Low
12/31/2017,X6,2017,North America,Grey,Hybrid,Automatic,3,87628,101447,3756,Low
12/31/2021,X3,2021,South America,Black,Petrol,Manual,3.1,184139,65841,5593,High
12/31/2010,7 Series,2010,South America,Silver,Petrol,Manual,4.7,34385,97402,50,Low
12/31/2011,M5,2011,Europe,Blue,Hybrid,Manual,1.9,21505,98092,676,Low
12/31/2021,X6,2021,North America,Silver,Diesel,Automatic,3.7,116222,177819,3685,Low
12/31/2010,X3,2010,South America,Grey,Diesel,Automatic,2.6,182846,25000,5134,High
12/31/2014,X3,2014,South America,Red,Diesel,Manual,1.9,1198,59830,5147,High
12/31/2016,X3,2016,Europe,Silver,Electric,Manual,2.9,76928,83358,7078,High
12/31/2015,7 Series,2015,North America,White,Hybrid,Automatic,3,78957,120361,779,Low
12/31/2015,X6,2015,Middle East,Black,Hybrid,Automatic,2.8,67041,104616,388,Low
12/31/2015,7 Series,2015,Asia,Blue,Diesel,Manual,4.2,173649,90063,1098,Low
12/31/2017,X1,2017,South America,Red,Electric,Manual,4.4,58030,86511,4001,Low
12/31/2014,M5,2014,Europe,Silver,Petrol,Manual,2,40580,106246,1166,Low
12/31/2024,X6,2024,Asia,Grey,Diesel,Manual,2.1,67059,118939,5419,High
12/31/2019,M5,2019,North America,Grey,Petrol,Manual,3,25293,130586,1653,Low
12/31/2016,X3,2016,Africa,Grey,Diesel,Automatic,2.6,62876,68570,4379,Low
12/31/2012,M5,2012,North America,Blue,Electric,Manual,4.4,88244,122002,631,Low
12/31/2018,X1,2018,Asia,Grey,Petrol,Manual,5,126197,73578,7863,High
12/31/2019,3 Series,2019,Middle East,Grey,Electric,Manual,2.1,95358,83049,6221,High
12/31/2012,i8,2012,Middle East,Blue,Hybrid,Automatic,4.2,99543,135731,50,Low
12/31/2023,5 Series,2023,Africa,Red,Hybrid,Manual,3.6,178186,102995,4515,Low
12/31/2023,5 Series,2023,Middle East,Blue,Electric,Automatic,3.8,136282,124757,5188,High
12/31/2015,i3,2015,Asia,Black,Diesel,Automatic,2.4,84780,55291,5369,High
12/31/2012,M3,2012,Europe,Blue,Diesel,Manual,1.8,330,68643,2054,Low
12/31/2010,i3,2010,Middle East,Black,Petrol,Automatic,3.4,25208,58311,2617,Low
12/31/2010,X3,2010,Africa,Blue,Hybrid,Manual,3.6,85181,55300,3909,Low
12/31/2012,X3,2012,Asia,Black,Petrol,Manual,4.9,197908,43788,8271,High
12/31/2013,3 Series,2013,Africa,Grey,Hybrid,Manual,3.9,177717,47767,5183,High
12/31/2023,M5,2023,South America,Silver,Diesel,Manual,3.1,26019,152396,995,Low
12/31/2011,X5,2011,Middle East,Black,Hybrid,Automatic,5,16323,98469,2441,Low
12/31/2018,M3,2018,Africa,Grey,Hybrid,Manual,2.8,6388,107511,1456,Low
12/31/2024,3 Series,2024,Africa,Black,Hybrid,Automatic,2.1,112107,91966,6946,High
12/31/2020,X6,2020,North America,Grey,Diesel,Manual,3.7,179600,90712,4915,Low
12/31/2017,X6,2017,Middle East,Red,Diesel,Automatic,2.4,107265,85389,2648,Low
12/31/2021,X3,2021,Middle East,Red,Diesel,Manual,4.7,41852,111284,6251,High
12/31/2022,i3,2022,South America,White,Hybrid,Automatic,3,171891,82733,4513,Low
12/31/2012,X5,2012,Middle East,Red,Electric,Automatic,2,177530,59834,3827,Low
12/31/2016,i8,2016,North America,Grey,Petrol,Manual,2,12972,63016,819,Low
12/31/2013,M5,2013,North America,Red,Diesel,Manual,3.8,95539,104958,915,Low
12/31/2014,X6,2014,Africa,Blue,Electric,Manual,2.8,71288,89231,1388,Low
12/31/2013,X6,2013,Middle East,White,Petrol,Automatic,2.8,64024,82634,2255,Low
12/31/2018,i3,2018,South America,Black,Diesel,Automatic,3.6,142476,65784,3164,Low
12/31/2020,7 Series,2020,South America,Red,Petrol,Manual,2.3,142836,105278,839,Low
12/31/2016,i8,2016,South America,Grey,Petrol,Automatic,2,162192,114449,50,Low
12/31/2022,X3,2022,Middle East,Silver,Petrol,Manual,3.8,132383,87470,5890,High
12/31/2013,5 Series,2013,Asia,Blue,Hybrid,Manual,1.5,3639,80027,6505,High
12/31/2022,X6,2022,South America,Blue,Diesel,Manual,4.7,165166,110143,2555,Low
12/31/2017,X5,2017,North America,Blue,Electric,Manual,2.1,26485,107889,6017,High
12/31/2011,5 Series,2011,Africa,Grey,Petrol,Automatic,3.1,59277,60294,3083,Low
12/31/2016,X1,2016,Africa,Silver,Electric,Manual,2.2,27322,74603,3875,Low
12/31/2020,5 Series,2020,Europe,White,Diesel,Manual,2.3,27028,95299,6184,High
12/31/2010,3 Series,2010,Middle East,Red,Diesel,Automatic,4.4,27808,59553,5944,High
12/31/2017,3 Series,2017,Asia,Red,Electric,Automatic,3.5,40847,95879,9344,High
12/31/2022,7 Series,2022,Asia,Black,Hybrid,Manual,2.6,2159,157017,1890,Low
12/31/2023,X6,2023,Asia,Red,Hybrid,Automatic,2.4,41045,135428,5219,High
12/31/2021,X3,2021,Middle East,Black,Petrol,Manual,2.2,173706,68434,6677,High
12/31/2023,M3,2023,Africa,Blue,Electric,Automatic,3.4,174556,109501,2382,Low
12/31/2022,i8,2022,Europe,Blue,Petrol,Manual,4.1,28377,179141,50,Low
12/31/2024,i3,2024,South America,Blue,Diesel,Automatic,2.4,72826,94395,4133,Low
12/31/2015,3 Series,2015,Europe,Blue,Petrol,Automatic,2.7,108434,54031,8955,High
12/31/2021,3 Series,2021,Middle East,Black,Electric,Manual,4,99567,107755,7041,High
12/31/2014,i8,2014,Europe,Silver,Petrol,Automatic,4.1,108710,133953,50,Low
12/31/2018,3 Series,2018,Asia,Blue,Electric,Automatic,2.2,136206,73751,11469,High
12/31/2018,M3,2018,North America,Silver,Hybrid,Manual,2.8,61235,102601,7234,High
12/31/2012,i3,2012,Europe,Black,Electric,Manual,4.5,190586,51209,4354,Low
12/31/2018,X5,2018,Middle East,Blue,Diesel,Automatic,4.1,38057,105177,4225,Low
12/31/2022,5 Series,2022,Africa,Blue,Electric,Automatic,2.1,41277,118232,4242,Low
12/31/2024,7 Series,2024,Africa,Silver,Petrol,Manual,2.9,59578,137217,948,Low
12/31/2022,X1,2022,South America,Red,Hybrid,Manual,4.9,26097,117834,4921,Low
12/31/2018,i8,2018,Europe,Blue,Diesel,Automatic,3.3,142750,126886,148,Low
12/31/2011,X5,2011,Asia,Red,Diesel,Automatic,4,89370,63890,6221,High
12/31/2014,X1,2014,North America,Blue,Petrol,Automatic,1.8,88070,41643,8553,High
12/31/2020,X5,2020,Europe,White,Petrol,Automatic,4.4,186589,90525,5389,High
12/31/2011,M5,2011,Europe,Grey,Petrol,Manual,3.6,199168,71343,1021,Low
12/31/2010,7 Series,2010,Middle East,Silver,Electric,Manual,2.1,136592,83206,50,Low
12/31/2016,7 Series,2016,North America,Grey,Electric,Automatic,2.8,3904,134202,673,Low
12/31/2013,5 Series,2013,South America,Red,Petrol,Automatic,1.8,91882,53829,3617,Low
12/31/2014,i8,2014,South America,White,Diesel,Manual,4.2,24892,141939,50,Low
12/31/2013,5 Series,2013,Europe,Grey,Diesel,Automatic,4.1,6801,85007,6744,High
12/31/2015,X5,2015,South America,White,Electric,Automatic,3.2,88108,94810,3006,Low
12/31/2020,X3,2020,Asia,Grey,Petrol,Manual,3.1,33708,90537,8773,High
12/31/2011,i8,2011,Asia,Silver,Diesel,Manual,3.1,158289,100849,50,Low
12/31/2017,X5,2017,Europe,Blue,Electric,Automatic,1.6,147987,76769,4904,Low
12/31/2013,i8,2013,North America,Blue,Petrol,Automatic,2.8,193585,108417,50,Low
12/31/2017,X1,2017,Africa,Blue,Hybrid,Manual,1.9,184485,44463,4190,Low
12/31/2012,X5,2012,Asia,Blue,Diesel,Manual,2.1,38540,65235,5182,High
12/31/2021,7 Series,2021,Africa,Blue,Petrol,Manual,4.9,125095,126568,646,Low
12/31/2021,M5,2021,Europe,Silver,Electric,Manual,2.4,23729,150966,1802,Low
12/31/2020,7 Series,2020,South America,Red,Hybrid,Manual,3.2,185280,105929,1661,Low
12/31/2014,i8,2014,South America,Silver,Electric,Manual,4.6,139211,140009,50,Low
12/31/2021,i3,2021,Africa,Blue,Diesel,Automatic,2.9,18976,90359,3190,Low
12/31/2012,i3,2012,Middle East,Silver,Hybrid,Automatic,3.4,155711,50992,2791,Low
12/31/2021,7 Series,2021,North America,Blue,Hybrid,Automatic,2.1,149163,124440,1825,Low
12/31/2024,7 Series,2024,Asia,Silver,Electric,Automatic,2.5,10660,159995,1767,Low
12/31/2022,X6,2022,Africa,Blue,Petrol,Manual,3.3,43019,123945,1964,Low
12/31/2016,X6,2016,Africa,Grey,Electric,Automatic,2.8,157268,85520,2081,Low
12/31/2024,X5,2024,South America,Blue,Hybrid,Automatic,1.6,32065,122053,4742,Low
12/31/2012,M5,2012,Africa,White,Hybrid,Automatic,2.9,115717,95553,50,Low
12/31/2024,i8,2024,North America,White,Electric,Automatic,4.4,17153,200000,553,Low
12/31/2021,M5,2021,Africa,Grey,Hybrid,Manual,1.9,115455,119926,1564,Low
12/31/2017,X6,2017,Middle East,Black,Electric,Manual,1.6,81274,105279,2535,Low
12/31/2018,M3,2018,Europe,Grey,Diesel,Automatic,1.9,142038,75199,3252,Low
12/31/2022,7 Series,2022,Middle East,Silver,Hybrid,Manual,3.9,13794,156633,1144,Low
12/31/2021,7 Series,2021,Africa,White,Hybrid,Manual,4.3,13294,146604,754,Low
12/31/2011,i3,2011,Asia,Grey,Electric,Automatic,1.7,92593,48710,4376,Low
12/31/2012,X1,2012,Middle East,Black,Electric,Manual,4.6,157674,55231,4496,Low
12/31/2021,5 Series,2021,North America,Blue,Diesel,Manual,3.7,106303,99689,6817,High
12/31/2022,i8,2022,North America,Black,Diesel,Manual,3.3,182373,146379,564,Low
12/31/2016,i8,2016,Asia,Blue,Electric,Manual,2.4,187897,128047,50,Low
12/31/2014,X1,2014,Asia,Grey,Electric,Manual,2.8,34576,72531,7363,High
12/31/2019,3 Series,2019,North America,White,Petrol,Automatic,4.8,40900,101262,9298,High
12/31/2016,i3,2016,Europe,Black,Diesel,Manual,4.7,57353,79793,5120,High
12/31/2011,X6,2011,Middle East,Black,Electric,Manual,3.7,108874,83637,1921,Low
12/31/2023,X5,2023,Middle East,Blue,Hybrid,Automatic,3.5,71550,134602,5044,High
12/31/2023,M3,2023,Asia,Grey,Hybrid,Automatic,2.2,188277,99991,4654,Low
12/31/2013,X1,2013,South America,Silver,Hybrid,Manual,4.8,107431,59460,4510,Low
12/31/2010,5 Series,2010,South America,White,Electric,Manual,4.1,61598,71430,3519,Low
12/31/2024,X3,2024,South America,Red,Hybrid,Manual,2.8,78530,109287,5357,High
12/31/2014,X1,2014,Asia,Blue,Diesel,Manual,4.4,196566,36486,7493,High
12/31/2017,i3,2017,Asia,Grey,Diesel,Automatic,2.2,66718,68407,5918,High
12/31/2010,X6,2010,South America,White,Hybrid,Automatic,2.2,14128,79907,1560,Low
12/31/2016,3 Series,2016,Middle East,White,Electric,Manual,4.3,158181,76441,5700,High
12/31/2016,M3,2016,South America,Silver,Electric,Manual,3.5,51936,108693,1165,Low
12/31/2016,M3,2016,Asia,Black,Electric,Manual,3.4,80278,105470,2546,Low
12/31/2024,X3,2024,South America,Blue,Hybrid,Automatic,3.5,4590,132236,6749,High
12/31/2010,M5,2010,Europe,White,Hybrid,Manual,1.9,85527,84865,796,Low
12/31/2021,i3,2021,North America,White,Diesel,Manual,2.7,95807,77054,5806,High
12/31/2020,3 Series,2020,Africa,Blue,Diesel,Automatic,3.5,43829,89375,4710,Low
12/31/2012,X6,2012,Africa,Silver,Electric,Automatic,2.4,161360,65977,1452,Low
12/31/2020,X6,2020,Europe,Grey,Petrol,Manual,3.3,43847,108934,4448,Low
12/31/2011,5 Series,2011,Asia,Black,Electric,Manual,3.4,63548,75582,7205,High
12/31/2024,i3,2024,South America,Black,Electric,Automatic,4.8,4472,143493,3185,Low
12/31/2024,i3,2024,Middle East,Red,Diesel,Manual,2.4,175118,77420,4154,Low
12/31/2014,M5,2014,North America,Black,Petrol,Automatic,3,163034,126363,1012,Low
12/31/2011,X5,2011,Europe,Black,Hybrid,Automatic,4.9,119952,78640,5466,High
12/31/2022,7 Series,2022,Middle East,Blue,Hybrid,Manual,2.2,9557,154843,1223,Low
12/31/2023,3 Series,2023,North America,Red,Petrol,Manual,4.2,115924,96101,11238,High
12/31/2014,7 Series,2014,South America,Red,Electric,Manual,2.1,19204,111045,50,Low
12/31/2014,7 Series,2014,Asia,Silver,Electric,Manual,4.5,88229,117540,668,Low
12/31/2013,M5,2013,South America,Black,Electric,Automatic,3.2,192412,95509,318,Low
12/31/2020,X6,2020,South America,White,Diesel,Automatic,4.9,122378,107826,289,Low
12/31/2016,X3,2016,Europe,Blue,Diesel,Manual,2.1,186215,38916,9587,High
12/31/2019,X6,2019,Europe,Grey,Hybrid,Automatic,3.9,94179,121115,4344,Low
12/31/2015,i8,2015,Europe,Grey,Hybrid,Manual,3.9,122936,136112,50,Low
12/31/2011,X1,2011,Europe,White,Hybrid,Automatic,4,14919,65142,6723,High
12/31/2024,i8,2024,Middle East,Red,Petrol,Manual,1.9,13472,171568,104,Low
12/31/2013,M3,2013,Africa,Red,Petrol,Automatic,2.5,19967,76082,791,Low
12/31/2022,X5,2022,Asia,Black,Diesel,Manual,2.7,59951,106459,5753,High
12/31/2023,X6,2023,Africa,Blue,Electric,Manual,2.6,8407,137725,3063,Low
12/31/2020,7 Series,2020,South America,Blue,Hybrid,Automatic,3.9,62067,136993,942,Low
12/31/2016,5 Series,2016,Asia,Black,Petrol,Automatic,1.7,65687,72522,6151,High
12/31/2018,X5,2018,Africa,Black,Diesel,Automatic,4.1,76370,94802,2777,Low
12/31/2018,3 Series,2018,North America,Blue,Diesel,Manual,3.3,133538,63030,15000,High
12/31/2021,7 Series,2021,Asia,Red,Petrol,Automatic,2.1,89750,120827,1596,Low
12/31/2012,X6,2012,Africa,White,Electric,Manual,2.3,26101,84339,1445,Low
12/31/2010,5 Series,2010,Asia,Grey,Petrol,Automatic,1.8,4142,60306,6131,High
12/31/2018,M5,2018,Middle East,White,Electric,Automatic,3.1,31217,153415,796,Low
12/31/2017,3 Series,2017,North America,Red,Diesel,Automatic,3.6,119640,63786,9579,High
12/31/2016,X1,2016,Asia,Silver,Electric,Manual,3.5,193680,57440,7965,High
12/31/2015,i8,2015,Europe,Blue,Petrol,Automatic,4.9,196288,128246,50,Low
12/31/2023,3 Series,2023,North America,Black,Electric,Automatic,2.5,184439,87208,10420,High
12/31/2024,X6,2024,North America,Silver,Petrol,Manual,4.2,33138,138850,4891,Low
12/31/2019,X6,2019,Asia,Grey,Electric,Automatic,4,132918,119832,4354,Low
12/31/2016,X1,2016,Asia,Red,Hybrid,Automatic,1.7,183846,44326,7789,High
12/31/2020,7 Series,2020,South America,Blue,Electric,Automatic,4.8,177577,133674,1050,Low
12/31/2018,X1,2018,Asia,Silver,Hybrid,Automatic,4.8,38633,94302,7711,High
12/31/2015,i3,2015,Africa,Silver,Electric,Manual,2.9,115883,64650,2210,Low
12/31/2024,i8,2024,South America,Red,Hybrid,Automatic,3,145808,169946,580,Low
12/31/2023,7 Series,2023,Middle East,Black,Petrol,Manual,4.4,51318,159304,730,Low
12/31/2023,5 Series,2023,Middle East,White,Petrol,Automatic,3.2,179611,89949,5575,High
12/31/2019,i8,2019,Africa,Blue,Hybrid,Automatic,4.3,33048,177005,50,Low
12/31/2012,M5,2012,Asia,White,Petrol,Manual,1.6,118673,76418,1239,Low
12/31/2022,i8,2022,Middle East,Red,Hybrid,Manual,2.4,170406,144913,688,Low
12/31/2023,X1,2023,North America,Silver,Diesel,Manual,1.8,157675,63057,8342,High
12/31/2012,X6,2012,Asia,White,Hybrid,Manual,3.1,73054,86620,4105,Low
12/31/2013,3 Series,2013,Asia,Grey,Hybrid,Automatic,4.5,21863,81705,9194,High
12/31/2019,X1,2019,South America,White,Petrol,Manual,3.5,21870,79378,4928,Low
12/31/2022,X5,2022,North America,Red,Petrol,Automatic,3.3,186346,95369,6016,High
12/31/2023,M5,2023,Europe,White,Electric,Automatic,2.8,63691,162727,1867,Low
12/31/2024,7 Series,2024,North America,Black,Petrol,Automatic,1.7,82982,136526,1591,Low
12/31/2023,5 Series,2023,South America,Red,Diesel,Manual,4.2,103344,105741,4150,Low
12/31/2019,3 Series,2019,Europe,Silver,Hybrid,Automatic,3.5,10190,99861,10383,High
12/31/2017,X6,2017,Asia,White,Electric,Automatic,4.8,70625,126832,3643,Low
12/31/2019,X3,2019,Asia,Black,Electric,Manual,3,134157,82394,8537,High
12/31/2018,M5,2018,Europe,Red,Petrol,Automatic,2.9,194868,105388,1820,Low
12/31/2023,M3,2023,Middle East,Red,Diesel,Manual,4.9,93422,125989,1842,Low
12/31/2017,i8,2017,Europe,White,Electric,Manual,2,138306,137802,50,Low
12/31/2020,7 Series,2020,South America,Blue,Electric,Manual,2.4,90321,121526,1338,Low
12/31/2019,i3,2019,Europe,Red,Hybrid,Manual,3.2,42364,96326,4529,Low
12/31/2011,X5,2011,South America,Red,Electric,Automatic,3.3,133572,69269,3001,Low
12/31/2013,X6,2013,South America,Red,Petrol,Manual,3.4,148992,64346,2109,Low
12/31/2013,i8,2013,Asia,White,Hybrid,Manual,2.2,52858,133062,50,Low
12/31/2021,M3,2021,Asia,Silver,Petrol,Automatic,4.7,182613,100514,3171,Low
12/31/2011,M3,2011,Asia,Silver,Diesel,Manual,4,4478,81543,2187,Low
12/31/2022,5 Series,2022,Europe,Grey,Hybrid,Manual,2.4,136099,95164,8658,High
12/31/2017,5 Series,2017,Europe,Silver,Hybrid,Manual,2.5,110820,78820,7030,High
12/31/2012,3 Series,2012,North America,Blue,Hybrid,Manual,4.6,62648,74545,9216,High
12/31/2011,M5,2011,Africa,Black,Electric,Automatic,2.8,92010,100073,50,Low
12/31/2016,X1,2016,South America,Blue,Diesel,Manual,3.4,47741,62602,3923,Low
12/31/2024,3 Series,2024,Europe,Grey,Hybrid,Automatic,1.9,34603,107498,8800,High
12/31/2010,M3,2010,Asia,White,Electric,Manual,2.4,171492,54706,2657,Low
12/31/2024,7 Series,2024,South America,White,Petrol,Manual,3,91913,128894,1041,Low
12/31/2015,3 Series,2015,South America,Grey,Petrol,Manual,3.8,6626,75807,5210,High
12/31/2022,5 Series,2022,Middle East,Red,Petrol,Automatic,2.5,190343,86070,1308,Low
12/31/2022,X3,2022,Middle East,Black,Diesel,Manual,4.8,67127,107388,5560,High
12/31/2012,7 Series,2012,South America,Grey,Petrol,Manual,2.3,38288,86454,54,Low
12/31/2022,X1,2022,South America,Black,Diesel,Manual,4.2,24394,99115,5009,High
12/31/2012,i3,2012,Africa,Silver,Petrol,Automatic,2.8,46808,49158,2413,Low
12/31/2024,i3,2024,North America,White,Electric,Automatic,4.4,27887,137259,6285,High
12/31/2014,X6,2014,Asia,Grey,Hybrid,Automatic,4.7,144692,97149,3811,Low
12/31/2023,M5,2023,Middle East,Black,Electric,Manual,2.2,102666,149276,1632,Low
12/31/2012,X3,2012,Europe,Red,Diesel,Manual,3.2,144340,37719,8101,High
12/31/2021,X6,2021,Africa,Black,Diesel,Automatic,2,21401,113878,2567,Low
12/31/2013,M5,2013,North America,White,Diesel,Manual,4,311,124035,703,Low
12/31/2022,X6,2022,North America,Grey,Hybrid,Manual,4.4,185439,119217,5341,High
12/31/2022,7 Series,2022,Asia,Red,Petrol,Automatic,2.9,165489,112420,1852,Low
12/31/2024,7 Series,2024,Africa,Black,Diesel,Manual,2.9,28920,145624,165,Low
12/31/2012,M3,2012,Europe,Red,Diesel,Manual,2.2,44383,68549,1931,Low
12/31/2016,3 Series,2016,Middle East,Black,Diesel,Manual,2.6,97781,57442,7456,High
12/31/2012,X5,2012,Asia,Red,Diesel,Manual,2.6,45257,64203,6198,High
12/31/2023,M3,2023,South America,Red,Electric,Automatic,2,90578,123705,2531,Low
12/31/2019,M3,2019,North America,Blue,Electric,Manual,2.6,7941,119935,3025,Low
12/31/2013,X1,2013,South America,Silver,Diesel,Automatic,4.7,64712,56105,4052,Low
12/31/2011,3 Series,2011,Middle East,Blue,Petrol,Automatic,2.6,84582,43348,5466,High
12/31/2011,X6,2011,Middle East,Silver,Diesel,Automatic,2.5,168460,52272,2444,Low
12/31/2018,X1,2018,South America,Blue,Petrol,Manual,2.8,18936,77199,4355,Low
12/31/2020,X5,2020,South America,Grey,Electric,Manual,4.9,7246,130573,3544,Low
12/31/2010,X3,2010,North America,White,Hybrid,Manual,4.2,187355,40333,7306,High
12/31/2010,7 Series,2010,Europe,Black,Hybrid,Automatic,2.2,15734,97775,238,Low
12/31/2019,X6,2019,South America,Black,Hybrid,Automatic,4.1,42944,128484,2479,Low
12/31/2010,i3,2010,Asia,Grey,Diesel,Manual,4.2,148680,33852,4522,Low
12/31/2023,7 Series,2023,Middle East,Blue,Petrol,Automatic,4.8,81341,147725,969,Low
12/31/2012,X3,2012,Asia,Black,Petrol,Automatic,4.6,103601,62242,7259,High
12/31/2011,X3,2011,Middle East,White,Diesel,Automatic,1.8,61849,43368,5922,High
12/31/2012,M5,2012,North America,Silver,Petrol,Automatic,3.1,42904,108609,864,Low
12/31/2023,7 Series,2023,Middle East,Grey,Petrol,Manual,4,162249,134739,1111,Low
12/31/2014,i8,2014,Middle East,Blue,Petrol,Automatic,4.9,146847,135776,50,Low
12/31/2018,X3,2018,Africa,Red,Electric,Automatic,1.8,121083,76722,5832,High
12/31/2011,3 Series,2011,North America,Black,Hybrid,Manual,2.8,108964,44835,10080,High
12/31/2021,X5,2021,South America,Blue,Hybrid,Automatic,3.2,194273,91304,4642,Low
12/31/2020,X1,2020,South America,Grey,Electric,Automatic,2.9,173544,69358,5688,High
12/31/2024,i3,2024,Middle East,Black,Petrol,Automatic,3.1,192686,79893,4061,Low
12/31/2023,i8,2023,Europe,Silver,Petrol,Automatic,2.8,60204,170265,263,Low
12/31/2010,X5,2010,Asia,White,Petrol,Automatic,4.9,144572,58592,5606,High
12/31/2020,3 Series,2020,North America,Grey,Hybrid,Automatic,4.3,190790,83746,10383,High
12/31/2015,X1,2015,North America,Red,Electric,Manual,4.1,169526,57311,6783,High
12/31/2012,X6,2012,Middle East,White,Electric,Manual,2.9,26272,97728,1726,Low
12/31/2022,M5,2022,Middle East,Red,Petrol,Automatic,4.6,138212,148569,1179,Low
12/31/2016,7 Series,2016,Asia,Blue,Diesel,Automatic,1.8,108659,91396,1296,Low
12/31/2015,7 Series,2015,Africa,Black,Petrol,Manual,2,10916,105331,68,Low
12/31/2020,X1,2020,North America,Silver,Diesel,Automatic,4.8,89558,87834,8554,High
12/31/2016,M3,2016,South America,Black,Hybrid,Manual,3.5,103285,94675,1257,Low
12/31/2022,X3,2022,Middle East,Red,Petrol,Manual,2.1,162494,70932,7252,High
12/31/2022,5 Series,2022,Africa,White,Petrol,Manual,4.8,62550,114836,4012,Low
12/31/2014,M3,2014,North America,White,Hybrid,Manual,4.9,45843,102773,2325,Low
12/31/2010,i8,2010,South America,Silver,Hybrid,Automatic,4.6,14224,132673,50,Low
12/31/2023,7 Series,2023,North America,Red,Electric,Manual,2.3,116774,134919,2281,Low
12/31/2012,X5,2012,Africa,Grey,Petrol,Automatic,2.5,95870,58663,2237,Low
12/31/2012,M5,2012,South America,Blue,Hybrid,Automatic,2.9,37392,106036,50,Low
12/31/2016,i8,2016,Middle East,Grey,Petrol,Automatic,3.5,5301,159004,50,Low
12/31/2024,7 Series,2024,Africa,Red,Hybrid,Automatic,5,188892,140162,1229,Low
12/31/2023,3 Series,2023,Africa,Silver,Diesel,Automatic,4.8,39321,106943,5053,High
12/31/2022,X1,2022,South America,White,Diesel,Manual,4.7,11692,99897,5432,High
12/31/2012,M3,2012,North America,Grey,Petrol,Manual,1.8,96178,54885,2907,Low
12/31/2020,3 Series,2020,Europe,White,Electric,Automatic,4.2,159714,87188,10703,High
12/31/2014,i8,2014,Europe,Blue,Petrol,Automatic,4.6,126985,131912,50,Low
12/31/2013,X5,2013,Europe,Grey,Hybrid,Automatic,2.7,136204,67607,5273,High
12/31/2013,X1,2013,Africa,Silver,Hybrid,Automatic,2.3,59302,54487,3630,Low
12/31/2022,X3,2022,Middle East,Blue,Hybrid,Automatic,4.1,159000,103924,6413,High
12/31/2016,5 Series,2016,Middle East,Blue,Hybrid,Manual,1.8,22897,94374,4258,Low
12/31/2010,X3,2010,North America,White,Petrol,Automatic,4.8,70692,58001,8218,High
12/31/2016,X5,2016,Europe,Silver,Diesel,Automatic,2,39861,79183,6388,High
12/31/2024,5 Series,2024,Asia,Grey,Diesel,Automatic,3.1,183615,88338,7761,High
12/31/2017,M5,2017,Asia,Silver,Electric,Automatic,4.9,5695,157597,852,Low
12/31/2012,X5,2012,Europe,Black,Electric,Automatic,5,82202,94045,5131,High
12/31/2024,M3,2024,Middle East,Black,Hybrid,Automatic,4.2,48717,154077,2118,Low
12/31/2012,M5,2012,Middle East,Blue,Electric,Manual,4.4,21882,136745,50,Low
12/31/2013,i3,2013,Africa,Silver,Hybrid,Manual,4.9,138138,58534,2271,Low
12/31/2024,5 Series,2024,Asia,Blue,Hybrid,Automatic,4.7,144853,123017,8294,High
12/31/2022,X3,2022,Asia,Grey,Petrol,Manual,3.7,19555,112636,10504,High
12/31/2015,i8,2015,Middle East,Silver,Hybrid,Manual,4.1,189702,125413,50,Low
12/31/2023,X1,2023,Middle East,Blue,Hybrid,Automatic,3.6,182725,90600,6934,High
12/31/2016,X5,2016,South America,White,Diesel,Automatic,3.3,39582,91584,2813,Low
12/31/2010,X5,2010,South America,Silver,Hybrid,Manual,4.6,76230,74503,2840,Low
12/31/2024,X5,2024,Asia,Silver,Diesel,Automatic,4.1,178956,109182,7313,High
12/31/2022,5 Series,2022,Middle East,Silver,Petrol,Manual,4.5,119152,111293,5153,High
12/31/2013,X3,2013,Europe,Blue,Petrol,Automatic,1.8,163605,34495,8662,High
12/31/2021,X3,2021,North America,Blue,Electric,Automatic,3.5,36878,121463,9466,High
12/31/2016,7 Series,2016,North America,Blue,Hybrid,Manual,2.7,59306,123256,841,Low
12/31/2020,7 Series,2020,Middle East,Blue,Diesel,Automatic,3.3,52682,136010,640,Low
12/31/2011,X3,2011,Middle East,White,Petrol,Automatic,3.6,89172,53791,5057,High
12/31/2010,X1,2010,Asia,Black,Electric,Manual,4.5,67712,59944,7683,High
12/31/2010,X1,2010,Europe,Red,Petrol,Manual,1.6,173866,25000,6059,High
12/31/2019,M5,2019,Asia,Grey,Hybrid,Manual,2.1,135638,124771,2101,Low
12/31/2023,5 Series,2023,Africa,Blue,Hybrid,Automatic,4.7,93180,129618,3727,Low
12/31/2023,X3,2023,Europe,Black,Petrol,Manual,4.9,25372,115421,8222,High
12/31/2015,X6,2015,Africa,Silver,Petrol,Automatic,1.7,53885,82488,1915,Low
12/31/2021,X3,2021,Asia,Black,Electric,Automatic,2.7,49499,109063,10764,High
12/31/2014,i8,2014,Middle East,Red,Diesel,Automatic,1.5,126841,116146,50,Low
12/31/2010,X6,2010,Middle East,White,Petrol,Automatic,4.2,30374,83581,1774,Low
12/31/2019,M5,2019,Asia,Blue,Hybrid,Automatic,3.9,54279,155677,1550,Low
12/31/2012,5 Series,2012,Africa,Grey,Petrol,Automatic,3.5,117811,54762,2726,Low
12/31/2024,7 Series,2024,Africa,White,Diesel,Manual,3.9,153122,127418,962,Low
12/31/2020,X6,2020,Asia,Black,Diesel,Automatic,3.4,189163,85965,5101,High
12/31/2016,5 Series,2016,South America,Blue,Hybrid,Manual,2.3,36758,82264,3593,Low
12/31/2021,X5,2021,North America,Black,Petrol,Automatic,4.1,57553,123922,6069,High
12/31/2018,X1,2018,South America,Black,Electric,Manual,4.2,128179,78410,5287,High
12/31/2022,7 Series,2022,South America,Red,Petrol,Manual,4.5,155007,126970,993,Low
12/31/2018,X6,2018,Europe,White,Petrol,Manual,4.8,92883,105527,4104,Low
12/31/2024,X1,2024,Africa,Red,Electric,Manual,4.1,95879,113043,4476,Low
12/31/2015,i3,2015,Europe,Black,Petrol,Automatic,1.7,94369,49762,4580,Low
12/31/2012,7 Series,2012,Africa,Silver,Electric,Automatic,1.6,147922,80053,50,Low
12/31/2010,i3,2010,Europe,Black,Petrol,Manual,4.1,143343,35240,3991,Low
12/31/2012,5 Series,2012,Europe,Blue,Petrol,Manual,1.7,52944,55884,6945,High
12/31/2019,X3,2019,Middle East,Silver,Petrol,Manual,2.6,107447,72862,6653,High
12/31/2011,X1,2011,Africa,Blue,Diesel,Automatic,2,125297,25000,3324,Low
12/31/2020,M3,2020,North America,Red,Electric,Automatic,4.9,104127,126889,3267,Low
12/31/2014,i8,2014,Europe,Black,Electric,Automatic,2.6,78170,132080,50,Low
12/31/2017,X1,2017,Middle East,Red,Electric,Manual,1.7,46673,71426,5368,High
12/31/2014,X1,2014,South America,Red,Petrol,Automatic,4.8,84608,61218,4234,Low
12/31/2010,M5,2010,North America,Black,Electric,Automatic,3.6,132691,100112,639,Low
12/31/2012,X6,2012,Middle East,White,Petrol,Automatic,1.6,119363,59850,2750,Low
12/31/2021,M3,2021,South America,Black,Petrol,Manual,4.4,4263,122721,1696,Low
12/31/2014,M5,2014,South America,Blue,Electric,Manual,2,143260,92684,532,Low
12/31/2016,M5,2016,Middle East,Grey,Petrol,Manual,4.3,100740,117575,549,Low
12/31/2014,X3,2014,Middle East,Blue,Petrol,Manual,3.6,63651,69243,1108,Low
12/31/2023,i8,2023,Africa,Silver,Hybrid,Automatic,2.1,198552,142458,710,Low
12/31/2019,X5,2019,Middle East,Silver,Electric,Manual,4.1,153594,105791,5029,High
12/31/2014,M5,2014,Middle East,White,Diesel,Automatic,3.1,106181,100822,590,Low
12/31/2016,i8,2016,Middle East,Red,Electric,Automatic,3.7,149371,148551,50,Low
12/31/2022,X3,2022,Africa,White,Petrol,Automatic,4.5,18892,110916,4212,Low
12/31/2024,X6,2024,Africa,Grey,Petrol,Manual,2.4,33360,125723,2428,Low
12/31/2017,X3,2017,Europe,Grey,Electric,Automatic,2.8,108701,81204,8111,High
12/31/2023,X5,2023,Asia,Red,Diesel,Automatic,5,69625,127994,5971,High
12/31/2017,7 Series,2017,Africa,Silver,Electric,Automatic,3.3,43467,136382,50,Low
12/31/2016,7 Series,2016,Europe,Blue,Diesel,Manual,3.5,174615,89518,1152,Low
12/31/2022,X6,2022,Asia,White,Hybrid,Automatic,2.5,59294,128798,5285,High
12/31/2023,X3,2023,Africa,Grey,Diesel,Automatic,3,65424,101167,4336,Low
12/31/2012,i3,2012,Asia,Silver,Hybrid,Manual,3.3,25530,66332,5197,High
12/31/2020,i8,2020,Africa,White,Diesel,Automatic,2.4,10430,151356,50,Low
12/31/2011,3 Series,2011,Africa,Silver,Petrol,Automatic,2.3,32135,48562,4946,Low
12/31/2010,i3,2010,Asia,Blue,Petrol,Automatic,3.6,127128,37024,4582,Low
12/31/2015,i3,2015,Europe,Blue,Electric,Manual,2.1,132490,58424,4831,Low
12/31/2022,M5,2022,Middle East,Black,Diesel,Manual,3.4,186329,125266,1261,Low
12/31/2018,i8,2018,Africa,White,Petrol,Automatic,4,78745,143860,50,Low
12/31/2012,X1,2012,North America,Black,Electric,Automatic,2.2,86941,50360,6610,High
12/31/2014,X5,2014,Europe,Red,Diesel,Manual,4.1,65213,82252,5727,High
12/31/2018,i3,2018,Middle East,Grey,Petrol,Manual,2.8,169456,58960,3231,Low
12/31/2023,5 Series,2023,Africa,Blue,Diesel,Automatic,5,140937,109821,3786,Low
12/31/2023,X6,2023,North America,White,Electric,Manual,4.9,5081,166118,3916,Low
12/31/2018,i8,2018,Asia,Blue,Petrol,Automatic,4.3,50883,159977,50,Low
12/31/2016,3 Series,2016,Africa,Red,Petrol,Automatic,2.7,138084,51680,5818,High
12/31/2023,X6,2023,Europe,White,Electric,Manual,4.8,185461,120345,4332,Low
12/31/2013,X6,2013,North America,Black,Petrol,Automatic,5,19471,101788,3665,Low
12/31/2020,M3,2020,Asia,Grey,Petrol,Automatic,3.1,84300,108050,2936,Low
12/31/2011,i8,2011,North America,Blue,Petrol,Automatic,3.7,29441,124413,50,Low
12/31/2011,3 Series,2011,South America,Grey,Diesel,Manual,1.5,168721,25000,6421,High
12/31/2013,7 Series,2013,Middle East,Black,Hybrid,Manual,1.7,87002,91000,325,Low
12/31/2010,i3,2010,Middle East,Grey,Hybrid,Manual,3.3,147748,41990,2951,Low
12/31/2023,i8,2023,South America,Black,Petrol,Automatic,3.6,28388,173377,50,Low
12/31/2013,7 Series,2013,Africa,Black,Electric,Manual,2.6,129328,90606,50,Low
12/31/2021,M3,2021,North America,White,Electric,Manual,1.8,109320,103094,4166,Low
12/31/2023,5 Series,2023,Asia,Grey,Diesel,Manual,4.2,66205,118628,7641,High
12/31/2020,X5,2020,Middle East,Blue,Hybrid,Automatic,3,136758,107501,4908,Low
12/31/2015,X3,2015,Middle East,Black,Petrol,Manual,3.8,4881,85327,5183,High
12/31/2015,i8,2015,Middle East,Grey,Diesel,Manual,3.8,116903,130168,50,Low
12/31/2016,7 Series,2016,Europe,Silver,Diesel,Manual,3.4,190571,88438,1242,Low
12/31/2014,X1,2014,South America,Red,Hybrid,Manual,2.1,135973,38775,4167,Low
12/31/2018,M5,2018,Europe,Silver,Diesel,Automatic,3.7,181260,107841,1916,Low
12/31/2011,7 Series,2011,North America,Grey,Electric,Manual,2.6,154649,82147,693,Low
12/31/2011,i3,2011,North America,Grey,Petrol,Manual,4.4,22582,64517,3634,Low
12/31/2013,M5,2013,Asia,White,Diesel,Manual,2.2,144639,77976,1792,Low
12/31/2024,5 Series,2024,North America,Blue,Electric,Manual,2.5,184310,101069,8159,High
12/31/2013,X3,2013,Africa,Red,Electric,Manual,3,172351,52608,4691,Low
12/31/2013,M3,2013,Middle East,Grey,Diesel,Automatic,4.1,161631,66270,1402,Low
12/31/2010,7 Series,2010,Middle East,White,Diesel,Automatic,4,199128,66916,175,Low
12/31/2013,M5,2013,Middle East,Red,Petrol,Automatic,2.7,126932,97137,512,Low
12/31/2021,7 Series,2021,Middle East,Silver,Hybrid,Manual,3.3,140318,125209,1309,Low
12/31/2014,X1,2014,Africa,Silver,Electric,Manual,2.3,180365,38976,3635,Low
12/31/2018,M3,2018,Africa,Blue,Hybrid,Manual,4.2,98360,108075,1904,Low
12/31/2012,7 Series,2012,Africa,Red,Hybrid,Automatic,2.2,49367,94316,50,Low
12/31/2024,7 Series,2024,Africa,Blue,Hybrid,Manual,4.4,10061,170160,836,Low
12/31/2012,i3,2012,Africa,Grey,Electric,Manual,4.8,90187,71839,1994,Low
12/31/2023,5 Series,2023,Middle East,Blue,Diesel,Automatic,5,155407,104990,5296,High
12/31/2014,M3,2014,Middle East,Red,Electric,Manual,4.5,197598,80102,1284,Low
12/31/2019,X6,2019,Asia,Red,Petrol,Manual,2.3,26801,109558,3960,Low
12/31/2015,7 Series,2015,Africa,Silver,Petrol,Manual,3,177250,81410,474,Low
12/31/2012,i8,2012,Middle East,Grey,Petrol,Manual,1.8,26512,119808,50,Low
12/31/2010,X3,2010,Europe,White,Hybrid,Manual,2.1,155814,32834,8625,High
12/31/2019,i8,2019,Middle East,Blue,Hybrid,Manual,1.7,69079,147140,217,Low
12/31/2017,M3,2017,South America,Grey,Hybrid,Manual,3.7,12969,106930,1426,Low
12/31/2021,5 Series,2021,Africa,Red,Petrol,Manual,3.4,99958,90035,4152,Low
12/31/2010,5 Series,2010,Africa,White,Diesel,Automatic,4.7,33753,68396,2995,Low
12/31/2011,X6,2011,Europe,Grey,Hybrid,Automatic,3.1,123670,73848,3392,Low
12/31/2012,5 Series,2012,Asia,Silver,Petrol,Automatic,3.7,113092,64007,7233,High
12/31/2015,M3,2015,Middle East,Red,Diesel,Automatic,2.9,145343,68932,1956,Low
12/31/2013,i3,2013,Asia,Red,Diesel,Manual,4.4,188257,38053,5587,High
12/31/2013,M5,2013,Africa,Red,Diesel,Automatic,4.7,194695,85799,235,Low
12/31/2024,X1,2024,North America,Red,Electric,Automatic,3,38439,120375,7314,High
12/31/2018,M5,2018,Africa,White,Electric,Automatic,1.8,159630,108563,1084,Low
12/31/2015,7 Series,2015,South America,Red,Petrol,Manual,2.1,47065,96144,327,Low
12/31/2021,X6,2021,Europe,Grey,Electric,Automatic,4,82648,133979,4323,Low
12/31/2011,i8,2011,Africa,Silver,Hybrid,Manual,2.6,88145,106464,50,Low
12/31/2016,5 Series,2016,South America,Red,Hybrid,Automatic,4.2,160651,80358,3743,Low
12/31/2024,X1,2024,Middle East,Grey,Petrol,Manual,4.1,165775,87144,5456,High
12/31/2022,5 Series,2022,Asia,Blue,Diesel,Automatic,3.9,76827,110418,7681,High
12/31/2012,X5,2012,Africa,Grey,Electric,Automatic,4.3,102587,79664,2100,Low
12/31/2018,X1,2018,North America,Silver,Electric,Manual,4.1,134043,78384,7759,High
12/31/2015,i3,2015,North America,Blue,Petrol,Automatic,3.7,78231,70641,5239,High
12/31/2017,X1,2017,Africa,Silver,Petrol,Manual,1.5,127845,38723,4057,Low
12/31/2022,i3,2022,Asia,White,Electric,Manual,3.3,162434,90253,6901,High
12/31/2022,M3,2022,Middle East,Silver,Electric,Manual,3.6,115350,126786,2836,Low
12/31/2010,3 Series,2010,Africa,Red,Hybrid,Automatic,4.9,8657,75545,4283,Low
12/31/2011,X3,2011,North America,Silver,Hybrid,Automatic,3.8,114529,59297,6998,High
12/31/2015,M5,2015,Middle East,Red,Electric,Automatic,3.5,151385,117815,514,Low
12/31/2012,7 Series,2012,South America,Black,Electric,Automatic,3.4,25532,116645,50,Low
12/31/2010,M3,2010,Asia,Silver,Electric,Automatic,1.9,39554,76630,1881,Low
12/31/2015,i3,2015,Africa,Grey,Petrol,Automatic,3,3942,71109,2625,Low
12/31/2014,X5,2014,North America,Grey,Diesel,Automatic,2,48028,72769,4874,Low
12/31/2022,7 Series,2022,Africa,Silver,Hybrid,Automatic,1.7,103765,125355,1496,Low
12/31/2018,i3,2018,North America,Blue,Electric,Manual,2.7,141914,72205,4850,Low
12/31/2015,X1,2015,North America,Black,Petrol,Manual,3.8,150316,47290,6576,High
12/31/2014,X1,2014,Asia,Red,Electric,Automatic,4.5,104295,69836,7489,High
12/31/2010,X3,2010,South America,Silver,Petrol,Automatic,4.3,58587,57285,4644,Low
12/31/2024,3 Series,2024,Middle East,Grey,Electric,Manual,2.5,189847,86875,8763,High
12/31/2010,i8,2010,South America,White,Hybrid,Manual,1.7,150867,90617,50,Low
12/31/2020,X5,2020,Europe,White,Hybrid,Manual,2.9,83873,104971,7035,High
12/31/2010,i8,2010,Europe,Red,Petrol,Manual,2.6,31322,108232,50,Low
12/31/2016,X1,2016,Asia,White,Hybrid,Manual,2.8,5780,82758,7042,High
12/31/2015,3 Series,2015,Middle East,Red,Hybrid,Manual,3.5,109838,67819,6053,High
12/31/2023,i3,2023,Africa,Silver,Diesel,Manual,1.6,41996,81789,3779,Low
12/31/2014,X1,2014,South America,White,Petrol,Manual,2.8,153276,34438,4186,Low
12/31/2013,7 Series,2013,Asia,Red,Electric,Automatic,3.5,154089,98461,961,Low
12/31/2020,X5,2020,Africa,Black,Electric,Automatic,3,171704,94078,3711,Low
12/31/2023,i3,2023,North America,Red,Electric,Automatic,3.8,104227,115274,5687,High
12/31/2022,X1,2022,Middle East,Silver,Hybrid,Manual,2.2,173867,71285,6919,High
12/31/2022,M5,2022,Africa,Grey,Electric,Automatic,2,72202,147479,1030,Low
12/31/2020,X3,2020,Middle East,Red,Petrol,Automatic,2.6,157723,74420,5902,High
12/31/2017,7 Series,2017,South America,Silver,Hybrid,Automatic,1.9,70480,108404,456,Low
12/31/2020,i8,2020,Europe,Blue,Petrol,Automatic,2.3,172864,127686,392,Low
12/31/2017,X1,2017,Middle East,Grey,Petrol,Automatic,1.8,86265,58833,6038,High
12/31/2014,M3,2014,North America,Black,Electric,Automatic,2.9,151275,83337,2649,Low
12/31/2024,X3,2024,Africa,Blue,Petrol,Manual,4,77882,108260,4844,Low
12/31/2013,7 Series,2013,Asia,Silver,Petrol,Manual,2.5,134513,83595,958,Low
12/31/2024,X1,2024,Asia,White,Diesel,Manual,1.5,24115,88333,9930,High
12/31/2011,5 Series,2011,Asia,Silver,Hybrid,Manual,3.4,63546,73470,6872,High
12/31/2016,3 Series,2016,Asia,Silver,Hybrid,Automatic,3.9,83213,86353,9115,High
12/31/2014,X6,2014,Middle East,Red,Petrol,Automatic,2.9,82978,80795,2623,Low
12/31/2012,X3,2012,Africa,Black,Hybrid,Manual,2.5,66050,58582,3790,Low
12/31/2018,X6,2018,Europe,Red,Diesel,Automatic,3.2,5823,114714,3626,Low
12/31/2018,M3,2018,Africa,Silver,Petrol,Manual,1.9,56158,84740,1694,Low
12/31/2020,X3,2020,Europe,Black,Hybrid,Automatic,3.8,75248,103120,8605,High
12/31/2024,M3,2024,Asia,White,Electric,Manual,4.1,97318,137798,3642,Low
12/31/2020,X6,2020,Middle East,Grey,Petrol,Manual,4,109028,43739,4151,Low
12/31/2019,5 Series,2019,North America,Blue,Electric,Manual,2.7,55519,111231,6353,High
12/31/2023,X1,2023,Europe,Silver,Electric,Manual,4.4,90438,107524,8208,High
12/31/2020,3 Series,2020,Europe,White,Hybrid,Automatic,4.8,29528,108922,8155,High
12/31/2017,5 Series,2017,South America,Black,Petrol,Automatic,2.5,176733,60101,3807,Low
12/31/2010,i8,2010,Africa,Red,Diesel,Automatic,2.4,60564,100526,50,Low
12/31/2021,X6,2021,Europe,Silver,Electric,Manual,4,27535,143686,4110,Low
12/31/2012,X3,2012,North America,White,Hybrid,Manual,4,120113,61434,8587,High
12/31/2011,7 Series,2011,Africa,Black,Electric,Automatic,3.3,23593,109961,50,Low
12/31/2013,M3,2013,Asia,Red,Hybrid,Automatic,4.7,136278,87092,2568,Low
12/31/2011,M5,2011,North America,Grey,Petrol,Automatic,2,180956,68002,1167,Low
12/31/2021,M5,2021,Middle East,Grey,Diesel,Manual,3.2,86406,133170,1077,Low
12/31/2020,X1,2020,Asia,Silver,Diesel,Manual,1.6,182659,44638,7701,High
12/31/2017,M3,2017,South America,Blue,Hybrid,Automatic,1.7,116283,85770,1811,Low
12/31/2010,M5,2010,South America,Blue,Electric,Manual,1.7,119981,82644,50,Low
12/31/2013,3 Series,2013,North America,Silver,Diesel,Manual,3.2,173628,35257,9965,High
12/31/2014,3 Series,2014,Africa,Blue,Petrol,Automatic,3.6,73925,58025,4725,Low
12/31/2023,i8,2023,North America,White,Petrol,Manual,1.5,56832,151920,637,Low
12/31/2019,X1,2019,South America,Blue,Hybrid,Automatic,3.7,64354,89489,5425,High
12/31/2013,7 Series,2013,Middle East,Grey,Electric,Manual,3.2,164638,95045,249,Low
12/31/2017,i8,2017,Middle East,Blue,Electric,Manual,2.3,66504,151633,50,Low
12/31/2011,7 Series,2011,Africa,Blue,Petrol,Automatic,1.6,124643,66974,50,Low
12/31/2018,M5,2018,South America,Black,Electric,Automatic,2,153434,113532,1206,Low
12/31/2011,i3,2011,Asia,Red,Diesel,Automatic,3.6,47228,55755,4363,Low
12/31/2011,M3,2011,North America,Red,Diesel,Manual,3.8,53534,75219,263,Low
12/31/2022,i3,2022,South America,Black,Diesel,Manual,3.8,31652,100387,2951,Low
12/31/2011,X6,2011,Asia,White,Electric,Automatic,2,42970,88977,3160,Low
12/31/2021,5 Series,2021,Middle East,Blue,Petrol,Automatic,4.7,84853,118897,4185,Low
12/31/2019,3 Series,2019,Europe,White,Petrol,Automatic,2.9,54541,82367,15000,High
12/31/2017,5 Series,2017,North America,Silver,Petrol,Manual,4.2,3543,101718,6950,High
12/31/2012,M3,2012,Africa,Black,Diesel,Automatic,2.1,20290,67619,799,Low
12/31/2019,X3,2019,North America,Black,Electric,Manual,3.1,194343,73294,8643,High
12/31/2020,5 Series,2020,Asia,White,Petrol,Automatic,3.3,110964,88566,7406,High
12/31/2023,M3,2023,Europe,Black,Electric,Automatic,4.2,158486,120610,3734,Low
12/31/2019,M3,2019,Middle East,Grey,Hybrid,Manual,3.7,113301,109172,2645,Low
12/31/2024,X6,2024,Middle East,Red,Hybrid,Automatic,2.9,55198,140882,3886,Low
12/31/2023,7 Series,2023,Europe,Black,Hybrid,Manual,2.5,172593,122436,2498,Low
12/31/2017,X5,2017,North America,Black,Petrol,Manual,4.9,172734,80654,6037,High
12/31/2016,i8,2016,North America,Blue,Electric,Automatic,2.5,72890,148079,50,Low
12/31/2019,i8,2019,Middle East,Silver,Electric,Automatic,2,107986,153648,123,Low
12/31/2013,M3,2013,South America,Blue,Electric,Automatic,2.6,146335,68325,1086,Low
12/31/2016,X5,2016,Africa,Black,Petrol,Automatic,2.6,123069,67811,2732,Low
12/31/2020,M5,2020,Africa,Silver,Electric,Manual,1.9,110603,122631,1391,Low
12/31/2017,3 Series,2017,North America,White,Electric,Automatic,4,141573,79176,9134,High
12/31/2015,7 Series,2015,Africa,Grey,Hybrid,Automatic,3.7,33823,123098,50,Low
12/31/2015,5 Series,2015,South America,Silver,Diesel,Manual,2.6,11399,75567,4289,Low
12/31/2012,X6,2012,Africa,Silver,Electric,Manual,5,51106,97166,1234,Low
12/31/2014,3 Series,2014,Asia,Black,Petrol,Manual,3.8,139086,53018,10302,High
12/31/2019,5 Series,2019,South America,Silver,Petrol,Manual,4,174043,75163,4393,Low
12/31/2011,X6,2011,North America,Black,Hybrid,Manual,3.5,55098,90295,3584,Low
12/31/2021,i3,2021,Europe,Black,Hybrid,Automatic,3.4,181037,80895,5238,High
12/31/2014,i8,2014,Europe,Blue,Electric,Automatic,1.6,154206,119925,50,Low
12/31/2014,M5,2014,Africa,Red,Petrol,Manual,4.2,40456,113123,50,Low
12/31/2016,i3,2016,Africa,Silver,Electric,Automatic,4.7,141866,76180,2427,Low
12/31/2013,M3,2013,Europe,White,Petrol,Manual,1.9,65026,68942,2359,Low
12/31/2023,5 Series,2023,Asia,Red,Electric,Manual,4.3,47176,136215,6800,High
12/31/2020,M3,2020,Africa,White,Petrol,Manual,3.4,132290,93409,1699,Low
12/31/2015,X5,2015,Africa,Blue,Petrol,Automatic,2.5,70129,73846,3002,Low
12/31/2018,3 Series,2018,Middle East,Grey,Diesel,Automatic,4.7,110546,78039,7606,High
12/31/2013,3 Series,2013,North America,Black,Hybrid,Manual,1.6,132291,42726,9009,High
12/31/2020,5 Series,2020,Europe,White,Electric,Manual,2.5,64005,101249,6392,High
12/31/2023,i8,2023,Africa,Blue,Hybrid,Manual,4.6,63208,177551,223,Low
12/31/2015,X1,2015,Africa,Red,Electric,Automatic,3.2,166219,53559,3519,Low
12/31/2022,7 Series,2022,South America,White,Hybrid,Manual,3.6,11617,147716,1289,Low
12/31/2021,i8,2021,South America,Grey,Electric,Manual,4.1,45768,176629,50,Low
12/31/2018,7 Series,2018,Europe,Black,Petrol,Manual,2,51448,111417,1278,Low
12/31/2019,X5,2019,Europe,Blue,Hybrid,Automatic,2.3,88091,102440,5649,High
12/31/2021,3 Series,2021,Africa,Grey,Hybrid,Automatic,5,163625,94410,5073,High
12/31/2010,X1,2010,Asia,Silver,Petrol,Manual,2.3,83159,26527,8605,High
12/31/2017,3 Series,2017,Middle East,Red,Hybrid,Manual,3.4,154091,72112,5690,High
12/31/2010,M5,2010,Middle East,Red,Petrol,Automatic,2.5,41365,99510,50,Low
12/31/2013,X3,2013,Middle East,Red,Hybrid,Manual,4.5,79037,81224,5622,High
12/31/2012,M3,2012,South America,Blue,Electric,Automatic,4.9,18916,109349,438,Low
12/31/2013,i8,2013,South America,Black,Petrol,Manual,2,137626,97426,50,Low
12/31/2023,X3,2023,Asia,Silver,Hybrid,Manual,3.6,90484,111839,2297,Low
12/31/2016,7 Series,2016,Asia,White,Diesel,Automatic,4.3,47259,121238,1063,Low
12/31/2022,i3,2022,Asia,Blue,Electric,Automatic,4.4,168081,102943,5269,High
12/31/2023,X5,2023,Africa,Grey,Electric,Manual,3,169845,110341,4371,Low
12/31/2018,3 Series,2018,North America,Black,Diesel,Automatic,2.3,143749,59141,11315,High
12/31/2018,X3,2018,Europe,Silver,Petrol,Automatic,2.9,73499,116520,8177,High
12/31/2019,X1,2019,Africa,Black,Petrol,Manual,4.1,102208,72818,3999,Low
12/31/2010,5 Series,2010,Europe,Red,Petrol,Automatic,5,131410,56460,6584,High
12/31/2024,M3,2024,Africa,Grey,Petrol,Automatic,3.4,19089,131849,1916,Low
12/31/2019,5 Series,2019,Africa,Blue,Hybrid,Automatic,2.2,163151,79684,4977,Low
12/31/2010,X3,2010,Africa,Silver,Petrol,Manual,1.6,102629,25431,4813,Low
12/31/2018,5 Series,2018,South America,Grey,Petrol,Automatic,4.8,107395,96550,4573,Low
12/31/2013,5 Series,2013,Middle East,Silver,Electric,Manual,3.2,1117,146189,3301,Low
12/31/2021,i8,2021,North America,Black,Diesel,Manual,4,167539,138077,538,Low
12/31/2022,X5,2022,Middle East,Blue,Diesel,Automatic,3.8,88272,109733,3810,Low
12/31/2023,i8,2023,North America,White,Diesel,Manual,4.6,107927,171896,266,Low
12/31/2012,i3,2012,South America,Silver,Diesel,Manual,2.4,23563,49743,2272,Low
12/31/2022,5 Series,2022,Asia,Blue,Electric,Manual,3,83402,120673,8614,High
12/31/2018,X3,2018,South America,White,Diesel,Manual,4.7,70886,83284,5344,High
12/31/2014,i3,2014,Africa,White,Hybrid,Manual,3.5,29151,78263,1872,Low
12/31/2021,X1,2021,Asia,Grey,Hybrid,Manual,1.7,14024,88918,9209,High
12/31/2015,5 Series,2015,Middle East,Red,Petrol,Manual,2.2,51594,71944,4485,Low
12/31/2010,i8,2010,South America,White,Diesel,Manual,2.3,105679,94996,50,Low
12/31/2010,X5,2010,Europe,White,Hybrid,Manual,5,97673,78175,4681,Low
12/31/2022,3 Series,2022,Middle East,Blue,Hybrid,Automatic,2.3,72078,98562,7233,High
12/31/2023,X5,2023,North America,Black,Hybrid,Manual,4.5,95036,132245,5727,High
12/31/2016,X6,2016,Europe,Grey,Diesel,Automatic,1.8,82654,78914,4466,Low
12/31/2019,X3,2019,Europe,Red,Petrol,Automatic,2.1,77714,80881,8144,High
12/31/2024,M5,2024,Middle East,Blue,Hybrid,Manual,4.6,1980,179373,1437,Low
12/31/2017,7 Series,2017,Asia,Grey,Diesel,Automatic,4.6,184786,101856,1357,Low
12/31/2020,i3,2020,Asia,Blue,Electric,Automatic,2.1,35307,98320,5122,High
12/31/2017,3 Series,2017,Africa,Silver,Petrol,Manual,2.3,198589,40035,6158,High
12/31/2023,M3,2023,South America,Grey,Electric,Automatic,3.4,45154,132278,2232,Low
12/31/2022,M3,2022,Europe,White,Petrol,Automatic,1.7,33475,114570,2888,Low
12/31/2016,X5,2016,North America,White,Hybrid,Automatic,4.8,18510,118424,5238,High
12/31/2022,7 Series,2022,South America,Black,Electric,Automatic,2.8,18422,154054,953,Low
12/31/2020,3 Series,2020,Europe,Blue,Electric,Automatic,3.2,95936,99349,1360,Low
12/31/2018,X5,2018,Africa,Red,Diesel,Manual,1.9,145781,62448,3435,Low
12/31/2010,i3,2010,Europe,Grey,Petrol,Manual,1.6,21749,39765,4773,Low
12/31/2011,X3,2011,North America,Silver,Hybrid,Manual,3.1,47999,63267,8728,High
12/31/2022,X5,2022,Asia,White,Petrol,Manual,1.9,192914,36796,7900,High
12/31/2012,X5,2012,Europe,Grey,Hybrid,Automatic,3.7,125793,69825,5469,High
12/31/2022,X6,2022,Europe,Grey,Electric,Automatic,4.3,131550,129876,4744,Low
12/31/2021,X1,2021,Middle East,White,Hybrid,Manual,1.6,68945,81984,6558,High
12/31/2022,X1,2022,South America,Blue,Hybrid,Automatic,3.6,74191,99711,5362,High
12/31/2014,i3,2014,Europe,Blue,Hybrid,Manual,4.4,141146,61807,4140,Low
12/31/2013,i3,2013,Middle East,Blue,Petrol,Manual,3,196560,31280,3405,Low
12/31/2013,X3,2013,Asia,Red,Diesel,Automatic,4.9,126994,63383,8413,High
12/31/2024,X6,2024,North America,Grey,Hybrid,Automatic,1.9,42739,132781,5708,High
12/31/2017,X6,2017,Asia,Grey,Petrol,Manual,2.6,160489,74339,4304,Low
12/31/2017,X3,2017,South America,Silver,Diesel,Automatic,2.3,974,81377,4370,Low
12/31/2020,X6,2020,Africa,White,Diesel,Manual,5,153094,104314,2154,Low
12/31/2016,X6,2016,Africa,Grey,Petrol,Automatic,2.5,178221,65302,1909,Low
12/31/2010,M5,2010,North America,Silver,Hybrid,Automatic,2.9,68440,97672,634,Low
12/31/2019,X5,2019,North America,Silver,Diesel,Manual,4.5,9389,110214,14112,High
12/31/2024,i3,2024,Middle East,Blue,Diesel,Automatic,4.8,30680,120248,3930,Low
12/31/2013,X6,2013,North America,Red,Diesel,Automatic,4.8,79518,88461,3106,Low
12/31/2010,X6,2010,South America,Grey,Diesel,Automatic,3.5,164429,46707,2117,Low
12/31/2020,7 Series,2020,Europe,Black,Electric,Automatic,3.8,172152,130814,1746,Low
12/31/2023,X3,2023,Europe,Grey,Diesel,Automatic,2.7,141939,85516,9583,High
12/31/2014,i8,2014,Asia,Silver,Diesel,Automatic,3.6,9280,136192,50,Low
12/31/2012,M3,2012,Middle East,Grey,Diesel,Automatic,2.6,167708,54515,1770,Low
12/31/2012,X5,2012,North America,Grey,Petrol,Automatic,4.1,8132,86906,5351,High
12/31/2013,3 Series,2013,South America,Black,Electric,Manual,2.6,133330,50593,5584,High
12/31/2011,X5,2011,Asia,Black,Diesel,Manual,4.6,175573,50171,4902,Low
12/31/2016,7 Series,2016,Asia,Grey,Petrol,Automatic,2,90037,100654,1307,Low
12/31/2021,X6,2021,South America,Red,Petrol,Automatic,3.5,152293,102559,3115,Low
12/31/2022,M5,2022,Africa,Red,Electric,Automatic,3.3,25964,165626,945,Low
12/31/2013,i8,2013,Asia,Black,Electric,Manual,2.4,93965,133501,50,Low
12/31/2014,X6,2014,Asia,White,Petrol,Automatic,1.6,22863,82126,3806,Low
12/31/2021,X3,2021,Middle East,Grey,Electric,Automatic,2,130053,91348,6326,High
12/31/2023,5 Series,2023,Europe,Blue,Electric,Automatic,4.9,168512,117552,7247,High
12/31/2011,3 Series,2011,Asia,White,Hybrid,Manual,4.8,7621,75763,10060,High
12/31/2015,i8,2015,Africa,Red,Electric,Automatic,1.9,167553,118481,50,Low
12/31/2018,X3,2018,Middle East,Red,Hybrid,Automatic,2.8,103995,87196,5739,High
12/31/2017,X5,2017,Middle East,Black,Petrol,Manual,3.1,150908,74909,3544,Low
12/31/2017,M3,2017,South America,White,Petrol,Automatic,3.2,115524,79464,1676,Low
12/31/2011,X1,2011,Europe,Blue,Electric,Automatic,2.5,56290,52532,6206,High
12/31/2024,i8,2024,North America,Grey,Electric,Automatic,4.7,116814,199190,434,Low
12/31/2013,5 Series,2013,Asia,Silver,Petrol,Manual,4.7,169530,61121,1227,Low
12/31/2017,7 Series,2017,Middle East,White,Hybrid,Automatic,1.6,87049,114168,461,Low
12/31/2020,5 Series,2020,South America,Silver,Diesel,Automatic,3.8,104990,95091,4151,Low
12/31/2010,3 Series,2010,Africa,Blue,Diesel,Automatic,1.8,18555,39795,4907,Low
12/31/2017,X1,2017,North America,White,Hybrid,Manual,3.6,192043,53484,6989,High
12/31/2012,X6,2012,Africa,Silver,Electric,Automatic,4.5,131781,82493,1273,Low
12/31/2017,X1,2017,North America,Red,Diesel,Manual,3.8,90848,62413,7087,High
12/31/2015,X1,2015,Middle East,Silver,Diesel,Automatic,3.1,126522,48437,5637,High
12/31/2016,5 Series,2016,North America,Grey,Electric,Manual,4.9,48829,115119,6406,High
12/31/2011,7 Series,2011,South America,White,Petrol,Manual,4.1,171283,69442,157,Low
12/31/2024,3 Series,2024,South America,Blue,Hybrid,Manual,2.4,195728,76478,15000,High
12/31/2010,X3,2010,Middle East,Black,Electric,Manual,2.9,186409,39430,4835,Low
12/31/2015,3 Series,2015,Europe,Silver,Hybrid,Manual,4.2,181884,60840,8561,High
12/31/2021,X3,2021,Middle East,Black,Petrol,Manual,1.6,71336,83971,7172,High
12/31/2012,7 Series,2012,North America,Black,Hybrid,Automatic,1.7,156665,75936,1073,Low
12/31/2013,X5,2013,Middle East,Red,Diesel,Automatic,4.5,72435,87018,3315,Low
12/31/2022,M5,2022,Asia,Red,Diesel,Manual,1.7,185229,107010,2741,Low
12/31/2024,7 Series,2024,Asia,Red,Petrol,Manual,3.9,193617,121360,2270,Low
12/31/2018,3 Series,2018,Europe,Red,Hybrid,Automatic,2.6,36762,85753,9725,High
12/31/2012,3 Series,2012,Africa,White,Diesel,Automatic,4.4,47966,63072,4216,Low
12/31/2011,M5,2011,Asia,Blue,Hybrid,Automatic,4.5,171318,93744,1140,Low
12/31/2011,X5,2011,Africa,White,Diesel,Manual,4.8,15871,81142,2448,Low
12/31/2011,X1,2011,Africa,Red,Hybrid,Automatic,1.8,99434,34965,3876,Low
12/31/2015,i8,2015,Asia,White,Petrol,Manual,3,51488,137291,50,Low
12/31/2011,7 Series,2011,South America,Grey,Diesel,Manual,3.5,51919,84142,50,Low
12/31/2020,5 Series,2020,Middle East,Silver,Diesel,Manual,4.7,85962,101810,5297,High
12/31/2016,X6,2016,Asia,White,Petrol,Manual,2.4,55937,92303,4320,Low
12/31/2016,X3,2016,Asia,Grey,Diesel,Automatic,1.8,153548,49284,8205,High
12/31/2016,X5,2016,North America,Blue,Hybrid,Automatic,2.2,118466,81073,6436,High
12/31/2023,X6,2023,Africa,Silver,Electric,Automatic,3.2,118867,124614,2857,Low
12/31/2022,5 Series,2022,Middle East,Grey,Hybrid,Automatic,3.9,114177,119230,5664,High
12/31/2011,5 Series,2011,Africa,Silver,Petrol,Automatic,3.9,145878,46729,3314,Low
12/31/2016,M3,2016,Europe,Black,Diesel,Manual,1.8,168087,57285,3002,Low
12/31/2019,X3,2019,South America,Silver,Diesel,Automatic,4.2,153498,71154,6325,High
12/31/2017,3 Series,2017,South America,Silver,Electric,Automatic,3.8,150165,72858,6438,High
12/31/2017,X1,2017,North America,Silver,Diesel,Manual,2.9,91712,57341,7801,High
12/31/2023,3 Series,2023,North America,White,Petrol,Automatic,3.5,57886,105582,1789,Low
12/31/2011,X3,2011,South America,White,Diesel,Manual,4.2,106084,45759,4206,Low
12/31/2014,i3,2014,North America,Silver,Diesel,Manual,2.4,130964,41877,5223,High
12/31/2023,M5,2023,South America,Grey,Petrol,Automatic,4.8,150068,139327,1141,Low
12/31/2015,7 Series,2015,Middle East,Grey,Diesel,Automatic,2,90663,92713,638,Low
12/31/2018,M3,2018,Middle East,White,Hybrid,Manual,4.7,71962,114804,2089,Low
12/31/2015,7 Series,2015,Europe,Silver,Petrol,Manual,4.1,124516,97127,979,Low
12/31/2019,i8,2019,Africa,Blue,Hybrid,Manual,3.8,138195,149078,50,Low
12/31/2015,3 Series,2015,Asia,Silver,Hybrid,Automatic,1.8,52519,67119,9892,High
12/31/2019,i3,2019,Asia,Black,Electric,Manual,4.7,118371,97621,6341,High
12/31/2019,X3,2019,North America,Blue,Hybrid,Manual,2.5,2348,104179,9332,High
12/31/2024,X3,2024,Europe,White,Hybrid,Manual,4.1,14261,136797,10204,High
12/31/2015,i8,2015,Europe,Black,Hybrid,Manual,4.6,150652,129934,50,Low
12/31/2018,M3,2018,Middle East,Red,Hybrid,Manual,2.4,127443,91241,2744,Low
12/31/2019,i3,2019,North America,Blue,Diesel,Manual,4.7,76400,89917,4471,Low
12/31/2016,M3,2016,Africa,Grey,Hybrid,Automatic,3.6,74303,152834,212,Low
12/31/2010,7 Series,2010,South America,Silver,Hybrid,Automatic,3.8,101667,92843,50,Low
12/31/2010,7 Series,2010,Africa,Blue,Electric,Automatic,4.7,171174,86614,50,Low
12/31/2023,5 Series,2023,Africa,Blue,Electric,Automatic,3.3,119040,116007,3905,Low
12/31/2013,X6,2013,South America,Silver,Hybrid,Manual,3,4783,92688,1595,Low
12/31/2024,M5,2024,Africa,Grey,Petrol,Automatic,3.7,108137,144786,1051,Low
12/31/2021,X1,2021,Asia,Grey,Petrol,Automatic,3.4,63609,85803,7626,High
12/31/2011,3 Series,2011,Africa,Grey,Electric,Manual,1.7,33607,53651,4776,Low
12/31/2012,M5,2012,Middle East,Grey,Petrol,Manual,2.1,163312,75325,558,Low
12/31/2021,X6,2021,Africa,Red,Electric,Automatic,1.5,6209,127064,2756,Low
12/31/2016,5 Series,2016,Middle East,Grey,Hybrid,Automatic,1.9,41451,94385,4566,Low
12/31/2023,X5,2023,Asia,Red,Hybrid,Manual,4.1,115862,118196,6174,High
12/31/2016,X6,2016,Africa,Red,Electric,Automatic,1.5,7996,108050,1421,Low
12/31/2023,X5,2023,Europe,Grey,Electric,Manual,2.6,20594,130974,1536,Low
12/31/2021,i3,2021,South America,Silver,Hybrid,Manual,3.1,74068,96543,4163,Low
12/31/2012,X5,2012,North America,Grey,Diesel,Manual,4.8,63010,79130,5090,High
12/31/2022,X6,2022,Middle East,White,Diesel,Automatic,2.6,61120,121759,3019,Low
12/31/2011,M5,2011,Middle East,Red,Petrol,Manual,4.2,102501,104368,60,Low
12/31/2024,X6,2024,Europe,Silver,Hybrid,Automatic,2.9,186803,112505,5313,High
12/31/2022,3 Series,2022,North America,Red,Diesel,Manual,1.8,58542,79745,10878,High
12/31/2022,7 Series,2022,Asia,Black,Electric,Manual,1.8,44080,146050,2015,Low
12/31/2010,M3,2010,Asia,White,Electric,Manual,3,15233,86059,1963,Low
12/31/2018,X6,2018,North America,Silver,Hybrid,Manual,1.7,139663,89847,4371,Low
12/31/2019,3 Series,2019,South America,Black,Diesel,Manual,3.5,158999,61126,5537,High
12/31/2012,X6,2012,Asia,Silver,Petrol,Manual,3.2,55007,75099,3645,Low
12/31/2018,7 Series,2018,Europe,White,Hybrid,Automatic,4,109660,131338,188,Low
12/31/2024,X3,2024,Europe,Blue,Diesel,Manual,2.1,65156,93231,8083,High
12/31/2024,i8,2024,Middle East,Silver,Hybrid,Automatic,3.6,34059,200000,158,Low
12/31/2013,5 Series,2013,Middle East,Red,Electric,Manual,2.1,159554,60995,3786,Low
12/31/2024,X3,2024,North America,Black,Diesel,Automatic,4,172609,95409,9208,High
12/31/2019,5 Series,2019,Middle East,Silver,Electric,Manual,2.6,61278,109963,5190,High
12/31/2015,5 Series,2015,Middle East,Red,Electric,Manual,3.7,41692,101511,3985,Low
12/31/2022,X3,2022,Middle East,Black,Petrol,Automatic,4.6,193219,87604,5623,High
12/31/2016,X1,2016,Europe,Grey,Electric,Manual,3.2,139612,60912,7340,High
12/31/2019,M3,2019,South America,Silver,Diesel,Automatic,2.2,75465,93422,1826,Low
12/31/2023,i3,2023,South America,White,Electric,Automatic,4.6,147763,109315,4378,Low
12/31/2015,X3,2015,Asia,Grey,Hybrid,Automatic,2.8,23295,85482,9566,High
12/31/2010,X1,2010,Africa,Black,Petrol,Automatic,4.1,188578,25000,3856,Low
12/31/2015,7 Series,2015,North America,Red,Electric,Automatic,2.6,19354,121838,639,Low
12/31/2020,X3,2020,Europe,Black,Hybrid,Automatic,2.5,139520,84065,8633,High
12/31/2023,M3,2023,South America,Grey,Hybrid,Manual,3.7,195880,108922,2768,Low
12/31/2015,i8,2015,Middle East,Red,Electric,Automatic,2,93080,138597,50,Low
12/31/2014,3 Series,2014,Middle East,Red,Petrol,Automatic,4.5,96370,70703,6173,High
12/31/2012,X1,2012,South America,Blue,Petrol,Automatic,2.9,71089,43953,4910,Low
12/31/2019,X3,2019,Asia,Silver,Hybrid,Manual,1.6,154216,66532,8601,High
12/31/2012,X6,2012,Europe,Grey,Hybrid,Automatic,2.6,115288,77461,3105,Low
12/31/2020,5 Series,2020,Middle East,Red,Petrol,Automatic,4.2,132422,93102,4611,Low
12/31/2019,5 Series,2019,Europe,Red,Hybrid,Automatic,4.5,123267,108544,7743,High
12/31/2022,i8,2022,Middle East,Grey,Petrol,Manual,3.5,159928,146372,50,Low
12/31/2016,3 Series,2016,South America,Black,Hybrid,Automatic,2.5,115589,66321,5038,High
12/31/2017,X1,2017,North America,Black,Hybrid,Automatic,3.3,112524,100692,7576,High
12/31/2023,5 Series,2023,Africa,Silver,Hybrid,Automatic,4.4,63092,131859,4385,Low
12/31/2012,X1,2012,Middle East,Red,Electric,Automatic,2.6,25491,64063,4972,Low
12/31/2012,X3,2012,South America,Blue,Diesel,Automatic,2.8,85617,48482,5140,High
12/31/2016,X3,2016,North America,Black,Electric,Manual,3.4,176189,69774,7776,High
12/31/2019,X1,2019,Europe,Blue,Hybrid,Automatic,4.6,177278,77823,8592,High
12/31/2021,M5,2021,North America,White,Diesel,Automatic,3.5,182305,114660,1880,Low
12/31/2016,M5,2016,North America,Blue,Diesel,Manual,2.2,13260,119417,1426,Low
12/31/2020,5 Series,2020,Asia,Silver,Electric,Manual,1.8,22533,105125,7296,High
12/31/2018,5 Series,2018,South America,Grey,Petrol,Automatic,1.8,31304,114093,3718,Low
12/31/2023,5 Series,2023,South America,Black,Hybrid,Automatic,4.8,27741,139972,5033,High
12/31/2015,5 Series,2015,Asia,Blue,Diesel,Manual,4.4,6077,93690,7593,High
12/31/2024,M5,2024,Africa,Silver,Diesel,Manual,4.2,43290,148400,854,Low
12/31/2022,i8,2022,Middle East,White,Diesel,Automatic,3.2,94856,154826,53,Low
12/31/2016,i8,2016,North America,Blue,Petrol,Automatic,3.9,121929,130453,50,Low
12/31/2020,3 Series,2020,South America,Black,Petrol,Manual,1.9,73253,69326,5978,High
12/31/2019,7 Series,2019,Europe,Black,Hybrid,Manual,3.7,30592,145430,1478,Low
12/31/2010,3 Series,2010,South America,White,Petrol,Automatic,4.3,78722,27754,5529,High
12/31/2016,X3,2016,Africa,Silver,Electric,Manual,1.7,109601,62499,3915,Low
12/31/2011,i8,2011,Asia,Black,Electric,Automatic,2.5,134944,116934,50,Low
12/31/2016,X6,2016,Africa,Black,Diesel,Manual,1.9,155435,61133,2194,Low
12/31/2012,X5,2012,Europe,Grey,Electric,Manual,2.4,49711,81898,5513,High
12/31/2018,i8,2018,Middle East,Blue,Petrol,Automatic,4.2,180674,133461,50,Low
12/31/2022,i8,2022,Asia,Grey,Hybrid,Manual,2.7,186547,149559,879,Low
12/31/2014,i8,2014,Europe,Blue,Diesel,Automatic,3.9,123909,54598,583,Low
12/31/2016,M3,2016,Asia,White,Hybrid,Automatic,4.2,42154,111702,2696,Low
12/31/2017,3 Series,2017,Europe,Silver,Hybrid,Manual,4.4,34636,90758,7680,High
12/31/2022,X5,2022,South America,Blue,Electric,Manual,4.6,168672,108997,4950,Low
12/31/2021,M5,2021,Asia,Silver,Hybrid,Manual,3.6,59584,156721,2241,Low
12/31/2011,i3,2011,Middle East,Silver,Diesel,Automatic,2.5,13613,54392,2770,Low
12/31/2020,X5,2020,Middle East,Blue,Hybrid,Automatic,2,14779,118252,4657,Low
12/31/2010,M3,2010,Asia,White,Hybrid,Automatic,3.3,152060,59491,2002,Low
12/31/2016,X1,2016,Europe,Black,Hybrid,Automatic,1.9,197813,42525,7104,High
12/31/2024,5 Series,2024,Asia,Black,Diesel,Manual,4.7,89992,114443,8587,High
12/31/2015,M5,2015,North America,Blue,Hybrid,Manual,3,125141,108704,1302,Low
12/31/2015,X3,2015,Africa,White,Petrol,Manual,4.6,85681,72821,4696,Low
12/31/2011,i8,2011,Asia,White,Electric,Automatic,4,8046,153982,50,Low
12/31/2012,X5,2012,Africa,Red,Diesel,Automatic,4.5,159356,59060,2553,Low
12/31/2013,3 Series,2013,South America,Red,Electric,Automatic,4.6,179809,61125,4752,Low
12/31/2012,i3,2012,South America,Blue,Petrol,Automatic,1.7,78260,39588,3128,Low
12/31/2011,i8,2011,Asia,Silver,Petrol,Manual,4,166848,108534,50,Low
12/31/2012,X3,2012,Asia,Grey,Diesel,Automatic,2.3,158244,33656,8971,High
12/31/2023,X5,2023,Middle East,Red,Electric,Manual,5,92950,138629,5152,High
12/31/2015,X1,2015,South America,Blue,Hybrid,Automatic,4.2,128634,63504,4453,Low
12/31/2018,5 Series,2018,Middle East,Red,Petrol,Automatic,1.5,87185,79484,5307,High
12/31/2013,5 Series,2013,North America,Red,Petrol,Automatic,4.7,143243,67425,6792,High
12/31/2015,5 Series,2015,Middle East,Blue,Petrol,Automatic,2.5,143981,62458,5120,High
12/31/2010,M5,2010,Asia,Grey,Electric,Automatic,3,135955,95234,841,Low
12/31/2021,X6,2021,Middle East,Silver,Petrol,Manual,3.6,53586,117494,3040,Low
12/31/2015,M3,2015,Asia,Silver,Hybrid,Automatic,4.7,61622,104425,2158,Low
12/31/2021,M5,2021,Africa,Blue,Diesel,Automatic,4.7,148161,124668,986,Low
12/31/2012,7 Series,2012,Europe,White,Diesel,Automatic,3.5,122115,87991,636,Low
12/31/2018,M3,2018,Middle East,Silver,Hybrid,Manual,2.6,127649,97470,2612,Low
12/31/2013,3 Series,2013,Asia,Black,Electric,Automatic,2.5,50292,67942,8317,High
12/31/2016,X1,2016,Middle East,Red,Diesel,Automatic,2.8,138085,50064,4604,Low
12/31/2013,M3,2013,Middle East,Silver,Hybrid,Manual,2.1,95942,78550,1210,Low
12/31/2020,X6,2020,North America,Blue,Electric,Automatic,3.8,64284,138770,4854,Low
12/31/2015,i3,2015,Europe,Black,Petrol,Manual,3.3,132135,49974,4356,Low
12/31/2023,i3,2023,South America,Blue,Petrol,Manual,4.2,58833,106753,3030,Low
12/31/2016,X5,2016,Europe,Black,Diesel,Manual,1.8,73577,68596,6378,High
12/31/2011,M5,2011,South America,Red,Electric,Automatic,2.9,40377,108006,50,Low
12/31/2019,3 Series,2019,South America,Blue,Petrol,Manual,2.3,31912,80989,6314,High
12/31/2015,M3,2015,Africa,White,Petrol,Automatic,3.4,199434,58582,1306,Low
12/31/2017,M5,2017,Africa,Silver,Electric,Automatic,3.1,199111,103337,654,Low
12/31/2024,X5,2024,North America,Grey,Hybrid,Automatic,3.1,59841,137050,7402,High
12/31/2022,i8,2022,Africa,White,Electric,Manual,2.6,7880,175306,73,Low
12/31/2022,X1,2022,Europe,Silver,Hybrid,Automatic,4,108262,98198,8670,High
12/31/2024,X6,2024,Middle East,Silver,Petrol,Manual,3.2,165416,110356,2994,Low
12/31/2021,M3,2021,South America,Black,Electric,Manual,2.2,64133,108828,491,Low
12/31/2015,i8,2015,South America,Silver,Petrol,Manual,3.4,121407,124152,50,Low
12/31/2011,7 Series,2011,Africa,Silver,Electric,Automatic,3.6,142236,88274,50,Low
12/31/2013,5 Series,2013,Middle East,Silver,Petrol,Manual,1.6,140301,43988,4850,Low
12/31/2010,X1,2010,Africa,Red,Electric,Manual,2.2,153319,26387,3191,Low
12/31/2024,M3,2024,Asia,Red,Electric,Automatic,2.3,185010,112188,4258,Low
12/31/2016,3 Series,2016,North America,Silver,Diesel,Manual,2.4,58158,60765,9262,High
12/31/2017,X1,2017,Africa,Black,Petrol,Manual,2.3,59126,57052,4603,Low
12/31/2019,i8,2019,Africa,Silver,Hybrid,Automatic,2.5,176470,134334,278,Low
12/31/2011,M5,2011,Middle East,Blue,Electric,Automatic,2.4,10864,119291,50,Low
12/31/2019,X3,2019,North America,Red,Electric,Automatic,4.6,46481,117953,8343,High
12/31/2024,X5,2024,South America,White,Electric,Automatic,2.6,114761,124971,4372,Low
12/31/2014,X6,2014,Europe,Red,Petrol,Automatic,2.7,29050,93301,3824,Low
12/31/2020,X5,2020,Asia,Grey,Electric,Manual,2.4,66297,113084,7597,High
12/31/2017,7 Series,2017,Africa,Black,Diesel,Automatic,4.9,67630,118430,192,Low
12/31/2020,7 Series,2020,Africa,White,Hybrid,Manual,3.4,20165,199348,50,Low
12/31/2017,X5,2017,North America,Silver,Petrol,Automatic,3.6,128879,84827,6434,High
12/31/2024,X3,2024,Europe,Red,Electric,Manual,4.1,110076,121872,8692,High
12/31/2014,M5,2014,Middle East,White,Hybrid,Automatic,2.7,110411,110963,459,Low
12/31/2017,X6,2017,North America,Red,Diesel,Manual,4.9,57317,113638,3595,Low
12/31/2023,i3,2023,Middle East,White,Hybrid,Automatic,2,192389,78124,4324,Low
12/31/2015,M5,2015,North America,White,Petrol,Manual,3.1,96651,110317,1175,Low
12/31/2024,i3,2024,Asia,Black,Diesel,Manual,2,184065,67553,6806,High
12/31/2024,5 Series,2024,South America,Silver,Hybrid,Automatic,4.3,185080,114878,4984,Low
12/31/2014,X3,2014,Asia,Grey,Petrol,Manual,1.9,196044,31715,9695,High
12/31/2022,X1,2022,North America,Silver,Hybrid,Manual,3.4,14923,103922,7792,High
12/31/2023,M3,2023,Middle East,Silver,Electric,Manual,1.9,37016,125481,2510,Low
12/31/2020,5 Series,2020,Europe,Black,Electric,Automatic,3.1,128023,99505,6800,High
12/31/2013,M3,2013,Middle East,Black,Hybrid,Manual,2.5,178238,64748,1442,Low
12/31/2014,M3,2014,Asia,Grey,Electric,Automatic,4.7,183213,90248,2155,Low
12/31/2021,M5,2021,South America,Black,Hybrid,Manual,1.7,14496,135057,1381,Low
12/31/2013,7 Series,2013,North America,Grey,Hybrid,Automatic,3.8,155402,101132,776,Low
12/31/2010,M5,2010,Asia,Red,Electric,Manual,3.9,32088,113254,630,Low
12/31/2012,7 Series,2012,Middle East,Grey,Hybrid,Manual,4.6,125043,105876,50,Low
12/31/2017,3 Series,2017,Europe,Red,Hybrid,Automatic,4.6,73265,96558,8957,High
12/31/2016,i3,2016,Africa,White,Petrol,Manual,4.9,83140,73378,2319,Low
12/31/2021,X1,2021,North America,Black,Electric,Manual,2.4,64107,93347,8129,High
12/31/2024,X6,2024,Europe,White,Petrol,Automatic,2.5,112753,116399,4381,Low
12/31/2016,7 Series,2016,Asia,White,Hybrid,Automatic,2.9,68334,122714,828,Low
12/31/2020,X1,2020,Europe,Silver,Petrol,Automatic,3.4,75967,76751,7766,High
12/31/2012,X6,2012,Africa,Grey,Diesel,Automatic,2.8,126817,56800,1947,Low
12/31/2018,X6,2018,Asia,Blue,Petrol,Automatic,4.1,160334,93269,4930,Low
12/31/2024,3 Series,2024,Middle East,Blue,Hybrid,Automatic,1.5,102072,94141,7345,High
12/31/2015,X3,2015,Africa,Blue,Diesel,Automatic,1.6,41749,58492,4767,Low
12/31/2017,X5,2017,Africa,Blue,Hybrid,Automatic,4,194838,82514,3261,Low
12/31/2017,X5,2017,Asia,Red,Electric,Manual,4.6,158437,93615,6852,High
12/31/2012,5 Series,2012,Asia,Silver,Electric,Manual,4.2,143405,67842,5840,High
12/31/2013,M3,2013,Africa,Red,Diesel,Manual,1.9,32965,67051,923,Low
12/31/2023,X5,2023,Africa,White,Diesel,Manual,4.8,185235,95506,3230,Low
12/31/2015,X3,2015,South America,White,Petrol,Manual,3.3,125408,57955,4417,Low
12/31/2011,i8,2011,Asia,Black,Petrol,Manual,4.1,5529,138133,50,Low
12/31/2021,M3,2021,Africa,White,Petrol,Manual,2.2,99774,90711,2121,Low
12/31/2021,X5,2021,Africa,Grey,Hybrid,Manual,3.4,86245,109592,3919,Low
12/31/2020,M5,2020,North America,Red,Petrol,Manual,2.7,155773,115765,1692,Low
12/31/2021,5 Series,2021,Asia,White,Electric,Automatic,4.9,155410,118437,6866,High
12/31/2016,X5,2016,Africa,Grey,Hybrid,Automatic,3.2,44803,99954,2687,Low
12/31/2011,X3,2011,Asia,Black,Petrol,Automatic,4.1,166983,43199,9107,High
12/31/2020,X1,2020,Middle East,Black,Hybrid,Manual,3.6,148187,76036,5815,High
12/31/2014,X5,2014,Middle East,Grey,Electric,Automatic,1.8,52138,91012,3155,Low
12/31/2021,M5,2021,Africa,Blue,Petrol,Automatic,3.4,101331,123865,1011,Low
12/31/2013,i8,2013,Asia,Blue,Electric,Manual,3.4,124274,134083,50,Low
12/31/2018,X1,2018,South America,White,Petrol,Manual,4,34295,80125,4997,Low
12/31/2022,3 Series,2022,Africa,White,Hybrid,Automatic,2.6,41113,104528,6106,High
12/31/2022,i3,2022,Asia,Red,Electric,Manual,4.5,57135,120006,6593,High
12/31/2024,3 Series,2024,Europe,Grey,Electric,Manual,3.7,187551,95786,10101,High
12/31/2011,M5,2011,Europe,Black,Electric,Automatic,1.6,94578,91404,940,Low
12/31/2016,7 Series,2016,Asia,Black,Electric,Automatic,4,160605,110355,1101,Low
12/31/2022,7 Series,2022,South America,White,Electric,Automatic,4.7,102549,154812,1034,Low
12/31/2016,X6,2016,South America,Silver,Diesel,Automatic,3.9,152114,76712,2379,Low
12/31/2016,X6,2016,South America,White,Diesel,Manual,2.8,159860,106076,1693,Low
12/31/2010,X6,2010,North America,Silver,Petrol,Manual,3.6,15775,84202,3215,Low
12/31/2017,X6,2017,Middle East,Red,Diesel,Automatic,2.1,174803,70957,3331,Low
12/31/2011,M5,2011,Africa,Grey,Hybrid,Automatic,3.6,124429,98572,50,Low
12/31/2024,X1,2024,Africa,Black,Hybrid,Manual,3.3,147456,90652,5996,High
12/31/2024,X1,2024,Middle East,Red,Hybrid,Automatic,1.6,115562,93506,6485,High
12/31/2014,i3,2014,Africa,Blue,Hybrid,Manual,2.6,48923,64589,2419,Low
12/31/2011,M5,2011,Asia,Silver,Hybrid,Automatic,2.2,93360,93894,1032,Low
12/31/2022,7 Series,2022,North America,White,Hybrid,Automatic,2.9,129146,133391,2350,Low
12/31/2014,X5,2014,Africa,Black,Electric,Automatic,2.3,181692,61713,2976,Low
12/31/2016,X1,2016,North America,Silver,Electric,Manual,4.4,117411,73580,8491,High
12/31/2015,X5,2015,Asia,Red,Diesel,Automatic,3.9,133407,75536,6814,High
12/31/2022,X1,2022,Africa,Red,Hybrid,Manual,4.1,43926,104261,4734,Low
12/31/2024,i8,2024,Middle East,White,Diesel,Automatic,2.8,99026,172486,75,Low
12/31/2021,M3,2021,North America,Blue,Electric,Automatic,1.5,37110,121638,3737,Low
12/31/2014,X3,2014,Europe,Black,Electric,Automatic,2.3,102829,65449,7187,High
12/31/2013,M3,2013,South America,Grey,Petrol,Automatic,4.1,154768,63205,1234,Low
12/31/2017,i3,2017,North America,Blue,Hybrid,Manual,3.6,175796,68360,4505,Low
12/31/2020,M5,2020,Europe,Silver,Petrol,Manual,3.4,25968,137603,1473,Low
12/31/2023,5 Series,2023,Asia,Silver,Hybrid,Automatic,2.5,181043,92773,8223,High
12/31/2017,X1,2017,Asia,Grey,Petrol,Manual,1.8,118193,48050,8004,High
12/31/2010,M3,2010,South America,White,Petrol,Manual,4.2,70441,64764,896,Low
12/31/2019,7 Series,2019,Africa,Black,Electric,Automatic,1.6,68721,124440,990,Low
12/31/2011,X6,2011,Asia,Grey,Electric,Automatic,1.7,191549,57468,3554,Low
12/31/2012,i3,2012,Europe,Blue,Diesel,Manual,2.5,73751,41003,4850,Low
12/31/2022,i8,2022,Middle East,Silver,Hybrid,Automatic,3.5,49541,184751,105,Low
12/31/2010,X3,2010,North America,Blue,Hybrid,Manual,5,134226,60057,7974,High
12/31/2020,7 Series,2020,South America,Red,Petrol,Manual,1.8,51826,114957,903,Low
12/31/2012,X3,2012,Europe,Red,Diesel,Automatic,3.2,97874,48309,8708,High
12/31/2019,5 Series,2019,Europe,Black,Hybrid,Automatic,3.6,187884,81433,6482,High
12/31/2021,M5,2021,Europe,Grey,Hybrid,Automatic,4.4,2674,163464,1708,Low
12/31/2017,X1,2017,South America,White,Diesel,Automatic,3.9,77899,66842,4727,Low
12/31/2013,i3,2013,South America,Red,Hybrid,Automatic,4.3,139423,60793,2260,Low
12/31/2022,X1,2022,South America,Silver,Electric,Automatic,3.3,155711,83177,6115,High
12/31/2022,M5,2022,Europe,White,Hybrid,Manual,3,197343,119772,2520,Low
12/31/2016,i3,2016,Middle East,Red,Petrol,Automatic,3.7,162982,55992,3498,Low
12/31/2016,5 Series,2016,South America,Blue,Petrol,Manual,4.7,110721,81717,3591,Low
12/31/2020,M3,2020,Africa,Silver,Hybrid,Manual,3.4,148886,95280,1876,Low
12/31/2014,X6,2014,Africa,Black,Petrol,Manual,3.6,146118,71030,1617,Low
12/31/2021,i3,2021,South America,Silver,Diesel,Automatic,2.7,93267,82272,3044,Low
12/31/2010,X1,2010,South America,White,Hybrid,Automatic,3.6,175651,30340,4155,Low
12/31/2019,i8,2019,South America,Red,Electric,Manual,3.7,189115,141435,203,Low
12/31/2013,M5,2013,Middle East,Black,Diesel,Manual,4.1,69044,116240,167,Low
12/31/2016,M3,2016,South America,Black,Hybrid,Manual,3.5,147472,83837,1645,Low
12/31/2023,M5,2023,Middle East,White,Diesel,Automatic,2.2,188666,127096,1450,Low
12/31/2014,5 Series,2014,Middle East,Silver,Hybrid,Automatic,3.5,129523,81248,3950,Low
12/31/2011,i8,2011,Europe,Black,Electric,Manual,2.5,53863,126881,50,Low
12/31/2023,M5,2023,Middle East,Black,Diesel,Manual,1.8,144214,119694,1671,Low
12/31/2017,M5,2017,Asia,Silver,Diesel,Manual,4.4,116173,113102,1606,Low
12/31/2011,M3,2011,Africa,Red,Diesel,Manual,1.7,153929,36447,1243,Low
12/31/2020,5 Series,2020,South America,Grey,Petrol,Manual,3.7,126957,84553,4448,Low
12/31/2017,X5,2017,Europe,Red,Diesel,Automatic,5,79296,103853,4897,Low
12/31/2022,i3,2022,Asia,White,Hybrid,Automatic,1.8,159480,76060,7303,High
12/31/2020,i3,2020,Asia,Black,Electric,Manual,2.3,18285,97338,6159,High
12/31/2011,M3,2011,Africa,Black,Diesel,Manual,4.2,3536,79726,617,Low
12/31/2020,i3,2020,North America,Black,Petrol,Automatic,1.8,196903,53772,5784,High
12/31/2014,X6,2014,North America,Silver,Hybrid,Manual,4.4,13517,111699,3043,Low
12/31/2013,5 Series,2013,Middle East,Red,Electric,Automatic,1.5,53552,79298,3640,Low
12/31/2010,X3,2010,Middle East,White,Electric,Automatic,4.6,167689,55475,5229,High
12/31/2023,X6,2023,Middle East,Blue,Diesel,Manual,1.7,29905,123370,3473,Low
12/31/2021,i8,2021,North America,Black,Electric,Automatic,4.7,28834,187678,247,Low
12/31/2017,X1,2017,North America,Blue,Petrol,Manual,4.5,75145,74565,8562,High
12/31/2019,X1,2019,South America,Grey,Diesel,Manual,3.4,4906,86226,5323,High
12/31/2021,X1,2021,North America,White,Petrol,Automatic,4.2,74447,87380,7756,High
12/31/2012,X3,2012,Middle East,Black,Petrol,Automatic,1.8,185744,30201,5364,High
12/31/2022,X5,2022,Asia,White,Electric,Automatic,2,105463,113528,6352,High
12/31/2013,X1,2013,South America,Black,Hybrid,Manual,2.8,189990,30717,4111,Low
12/31/2013,i3,2013,South America,Blue,Hybrid,Manual,3.4,2097,73417,2335,Low
12/31/2014,M5,2014,Asia,Grey,Petrol,Manual,4.5,103515,111785,1190,Low
12/31/2012,X3,2012,Africa,Red,Hybrid,Manual,3.4,167752,46494,4170,Low
12/31/2018,7 Series,2018,South America,Red,Petrol,Manual,3.8,196051,94739,763,Low
12/31/2013,M3,2013,South America,Silver,Electric,Automatic,3.9,108492,89939,953,Low
12/31/2023,X6,2023,Africa,Red,Petrol,Manual,4.6,4512,135275,2413,Low
12/31/2019,i3,2019,Asia,Red,Hybrid,Manual,4.2,35618,105731,6154,High
12/31/2024,X6,2024,North America,Black,Diesel,Manual,4.9,138134,121747,5277,High
12/31/2020,3 Series,2020,South America,Red,Diesel,Automatic,1.6,50038,72540,6515,High
12/31/2020,i3,2020,Europe,Blue,Petrol,Automatic,2.2,145158,68830,5462,High
12/31/2013,i3,2013,North America,White,Diesel,Manual,4.8,6158,75353,4508,Low
12/31/2015,X5,2015,Africa,Red,Petrol,Automatic,4.3,76964,86719,2340,Low
12/31/2024,5 Series,2024,Europe,Silver,Diesel,Automatic,2.4,190921,83009,8355,High
12/31/2017,3 Series,2017,Europe,Red,Electric,Automatic,4.9,67899,101348,7788,High
12/31/2022,M3,2022,North America,Black,Diesel,Automatic,4.5,26545,136821,3022,Low
12/31/2016,M3,2016,South America,White,Electric,Automatic,1.7,2668,98732,1226,Low
12/31/2013,X5,2013,Middle East,Black,Hybrid,Manual,4.3,135436,77913,3550,Low
12/31/2013,i3,2013,Asia,Silver,Diesel,Manual,4.2,26770,65743,4663,Low
12/31/2014,X1,2014,North America,Black,Petrol,Automatic,2.3,96751,45072,7080,High
12/31/2019,X3,2019,Middle East,Grey,Diesel,Automatic,3.8,39216,95526,5173,High
12/31/2014,M3,2014,Middle East,Grey,Electric,Manual,4.9,27926,116629,1086,Low
12/31/2021,i8,2021,Middle East,Blue,Petrol,Automatic,3.9,117814,156647,50,Low
12/31/2010,7 Series,2010,Africa,Black,Diesel,Automatic,4.3,32654,88792,50,Low
12/31/2022,i8,2022,Asia,Grey,Hybrid,Manual,1.8,126473,151257,874,Low
12/31/2017,i8,2017,Europe,White,Electric,Automatic,4,50291,162830,50,Low
12/31/2019,i8,2019,Europe,Red,Electric,Manual,2.2,161127,140895,590,Low
12/31/2022,7 Series,2022,Middle East,Black,Petrol,Manual,1.8,55480,126437,1137,Low
12/31/2014,i3,2014,Asia,Blue,Diesel,Manual,3.4,156215,44301,5504,High
12/31/2012,7 Series,2012,Africa,Blue,Diesel,Automatic,4.1,93763,84503,50,Low
12/31/2012,M3,2012,North America,Black,Diesel,Automatic,3.4,162106,57610,2747,Low
12/31/2013,X3,2013,Africa,Silver,Electric,Manual,4.8,17539,86489,3472,Low
12/31/2021,M5,2021,Africa,Red,Petrol,Automatic,3.9,159886,128725,923,Low
12/31/2016,X3,2016,Africa,Blue,Diesel,Automatic,1.9,175774,38506,5325,High
12/31/2014,M5,2014,Middle East,Blue,Petrol,Automatic,4.8,59083,123224,192,Low
12/31/2010,7 Series,2010,Europe,Grey,Diesel,Automatic,2,34976,79566,459,Low
12/31/2023,M3,2023,South America,Black,Diesel,Manual,4.2,81147,116866,1795,Low
12/31/2021,X6,2021,South America,Blue,Hybrid,Manual,2,166337,89676,3124,Low
12/31/2022,3 Series,2022,Asia,Silver,Electric,Manual,5,70483,118222,11932,High
12/31/2014,X6,2014,Asia,Grey,Petrol,Automatic,2.7,58359,87492,3800,Low
12/31/2023,3 Series,2023,Europe,White,Petrol,Automatic,3.2,535,109577,9893,High
12/31/2014,X5,2014,North America,Grey,Hybrid,Automatic,3.1,75917,89540,6030,High
12/31/2015,M3,2015,North America,Grey,Diesel,Automatic,1.9,48740,81250,2642,Low
12/31/2023,X3,2023,Europe,Blue,Electric,Manual,3.2,10152,125858,9144,High
12/31/2016,i8,2016,Africa,Silver,Electric,Manual,2,56468,133822,50,Low
12/31/2014,M3,2014,Africa,White,Petrol,Manual,4.3,60191,86533,810,Low
12/31/2024,X3,2024,Asia,White,Hybrid,Manual,4.9,159359,112383,8650,High
12/31/2022,M3,2022,Africa,Grey,Diesel,Automatic,4.3,121396,105973,1780,Low
12/31/2020,M3,2020,Europe,Grey,Diesel,Automatic,3,42981,108383,2562,Low
12/31/2023,M5,2023,Middle East,White,Petrol,Automatic,1.5,57847,135489,1300,Low
12/31/2011,X1,2011,Europe,Red,Diesel,Automatic,1.6,2646,41771,7034,High
12/31/2023,X6,2023,Africa,White,Petrol,Manual,3.2,66268,113919,2572,Low
12/31/2011,i8,2011,North America,Silver,Hybrid,Manual,3.9,47309,132145,50,Low
12/31/2022,i8,2022,Europe,Grey,Electric,Manual,4.4,150214,162056,633,Low
12/31/2013,X5,2013,Africa,Blue,Hybrid,Manual,3.6,129686,72088,2661,Low
12/31/2010,X1,2010,Middle East,Black,Petrol,Automatic,4.9,44964,31902,5447,High
12/31/2016,5 Series,2016,Asia,Black,Diesel,Manual,3.2,19844,86770,6515,High
12/31/2022,5 Series,2022,Europe,Grey,Diesel,Manual,3.6,43049,104429,6106,High
12/31/2010,M5,2010,Middle East,White,Electric,Manual,2.3,198892,79413,309,Low
12/31/2012,X3,2012,Africa,Red,Electric,Manual,2.7,133831,51924,3984,Low
12/31/2019,X1,2019,Middle East,White,Diesel,Automatic,3.9,145915,68982,4746,Low
12/31/2016,i3,2016,Middle East,Red,Electric,Manual,3.6,57943,85918,2784,Low
12/31/2020,X6,2020,South America,Black,Petrol,Automatic,2.8,124312,97449,2408,Low
12/31/2021,i8,2021,Europe,Red,Diesel,Manual,1.9,75053,149172,229,Low
12/31/2021,X1,2021,Middle East,Silver,Hybrid,Automatic,2.7,124698,84453,5875,High
12/31/2015,X1,2015,South America,Silver,Electric,Automatic,1.7,41055,69043,4806,Low
12/31/2024,3 Series,2024,Africa,Blue,Hybrid,Manual,3.5,119739,138528,5418,High
12/31/2024,X1,2024,Middle East,Grey,Petrol,Automatic,2.6,112651,84957,5691,High
12/31/2016,3 Series,2016,North America,Red,Hybrid,Manual,2.8,6767,87367,8202,High
12/31/2014,X3,2014,South America,Grey,Hybrid,Manual,3.5,138374,58756,5456,High
12/31/2017,X6,2017,South America,Red,Diesel,Manual,3.5,151980,74833,2847,Low
12/31/2015,M5,2015,Europe,Black,Petrol,Automatic,3.6,81799,117351,1015,Low
12/31/2021,X5,2021,South America,Grey,Electric,Automatic,3.2,150939,109029,4297,Low
12/31/2013,7 Series,2013,Middle East,White,Hybrid,Automatic,3.2,67629,111900,50,Low
12/31/2023,3 Series,2023,Africa,Red,Petrol,Automatic,4.4,25276,111308,4699,Low
12/31/2020,3 Series,2020,Europe,Silver,Electric,Manual,3.1,136047,89382,10981,High
12/31/2010,i3,2010,Asia,Black,Hybrid,Automatic,3.4,78375,56994,4581,Low
12/31/2011,X1,2011,South America,Blue,Diesel,Automatic,5,69409,52670,3732,Low
12/31/2021,M5,2021,North America,Blue,Hybrid,Manual,2.1,174451,116768,2754,Low
12/31/2015,i8,2015,Middle East,Grey,Hybrid,Manual,4,64794,158151,50,Low
12/31/2013,i3,2013,Europe,Blue,Hybrid,Manual,3.2,157593,47104,4899,Low
12/31/2012,X6,2012,South America,Red,Diesel,Manual,4.4,139658,64522,2095,Low
12/31/2016,i8,2016,Asia,Grey,Petrol,Automatic,2.9,23040,142095,50,Low
12/31/2016,X1,2016,Asia,Silver,Petrol,Manual,2.6,28820,61597,7038,High
12/31/2011,X1,2011,North America,Silver,Diesel,Automatic,2.2,113354,25802,7692,High
12/31/2017,X3,2017,South America,Red,Electric,Automatic,4.6,153814,88595,4957,Low
12/31/2024,X6,2024,Europe,Red,Hybrid,Automatic,4,34371,146752,4010,Low
12/31/2024,M3,2024,Asia,Black,Hybrid,Manual,1.8,126593,107862,3957,Low
12/31/2020,7 Series,2020,Europe,Black,Petrol,Automatic,4,94171,124308,1455,Low
12/31/2010,X3,2010,Asia,Blue,Electric,Automatic,1.6,38709,57938,7266,High
12/31/2020,i3,2020,Africa,Blue,Diesel,Manual,2.1,129928,62827,3316,Low
12/31/2019,M5,2019,Middle East,Blue,Petrol,Manual,3.6,12778,142398,599,Low
12/31/2016,X3,2016,Europe,Black,Electric,Manual,3.1,44681,92394,6724,High
12/31/2019,M3,2019,North America,White,Electric,Manual,4.4,15362,132782,2628,Low
12/31/2021,5 Series,2021,South America,White,Diesel,Manual,3.6,165662,41509,5951,High
12/31/2010,3 Series,2010,North America,White,Electric,Automatic,4.9,192610,50720,7590,High
12/31/2022,i8,2022,Africa,Red,Petrol,Manual,4.5,171395,144195,50,Low
12/31/2021,7 Series,2021,North America,Red,Diesel,Automatic,2.7,70278,123795,1521,Low
12/31/2024,3 Series,2024,Middle East,Red,Diesel,Automatic,4.4,98063,104280,7983,High
12/31/2023,i3,2023,North America,White,Petrol,Automatic,4.5,105487,98571,6166,High
12/31/2012,X3,2012,Europe,Red,Hybrid,Automatic,4.9,117083,69237,6473,High
12/31/2012,7 Series,2012,Middle East,Red,Hybrid,Automatic,1.5,191078,72356,353,Low
12/31/2019,i8,2019,South America,Red,Petrol,Manual,4.6,67953,151501,50,Low
12/31/2023,X3,2023,South America,White,Diesel,Manual,1.7,189163,65727,6377,High
12/31/2011,5 Series,2011,South America,Blue,Electric,Manual,3.3,121532,63579,3647,Low
12/31/2023,X6,2023,Africa,Blue,Diesel,Manual,3,196268,86793,2883,Low
12/31/2019,3 Series,2019,South America,Blue,Electric,Manual,4.7,12511,110282,6810,High
12/31/2022,X1,2022,Asia,White,Diesel,Automatic,2.9,101461,76888,8535,High
12/31/2014,M5,2014,North America,White,Petrol,Automatic,3.6,120507,108418,1163,Low
12/31/2013,5 Series,2013,Asia,Grey,Diesel,Automatic,3.9,171645,52837,7177,High
12/31/2022,3 Series,2022,Africa,Red,Electric,Manual,1.6,175083,77168,5741,High
12/31/2015,X3,2015,Asia,Black,Petrol,Automatic,3.6,138939,58316,9191,High
12/31/2011,X1,2011,South America,Silver,Electric,Manual,3.3,79480,50798,4332,Low
12/31/2023,X5,2023,Asia,Black,Petrol,Manual,3.6,196449,91439,6002,High
12/31/2013,i3,2013,North America,Red,Electric,Automatic,1.8,77671,63379,5131,High
12/31/2021,X1,2021,Asia,Red,Petrol,Manual,1.7,126111,61803,9871,High
12/31/2016,7 Series,2016,Europe,Grey,Diesel,Automatic,2.1,81656,95004,1147,Low
12/31/2010,M3,2010,Middle East,Silver,Hybrid,Manual,4.5,106583,79213,799,Low
12/31/2022,X1,2022,South America,Grey,Diesel,Automatic,2.7,9863,95358,5092,High
12/31/2020,X3,2020,Middle East,Black,Diesel,Manual,3,151982,74185,7155,High
12/31/2012,5 Series,2012,Middle East,Grey,Petrol,Automatic,2.9,138449,77746,4198,Low
12/31/2010,X1,2010,North America,White,Hybrid,Manual,4,111339,44335,6238,High
12/31/2011,3 Series,2011,South America,White,Diesel,Manual,2.4,54344,38278,4930,Low
12/31/2018,X3,2018,North America,Black,Hybrid,Automatic,1.7,108417,78522,10041,High
12/31/2019,X5,2019,Asia,Blue,Diesel,Manual,2.8,2546,107457,6767,High
12/31/2014,M3,2014,Europe,Red,Diesel,Manual,4,139003,70881,2519,Low
12/31/2022,7 Series,2022,Asia,Black,Electric,Manual,4.7,73354,157244,2075,Low
12/31/2013,i3,2013,Europe,Blue,Diesel,Manual,1.7,128723,30522,4851,Low
12/31/2021,X1,2021,Asia,Grey,Hybrid,Manual,4.3,110956,95662,9384,High
12/31/2013,M5,2013,Europe,Silver,Diesel,Manual,1.7,89345,86085,1156,Low
12/31/2017,7 Series,2017,South America,Black,Hybrid,Automatic,2.7,194395,99230,687,Low
12/31/2021,7 Series,2021,South America,White,Electric,Automatic,1.6,44190,135126,1156,Low
12/31/2012,X3,2012,South America,Red,Diesel,Automatic,4.7,119010,53596,4775,Low
12/31/2024,i8,2024,Middle East,White,Petrol,Manual,4,17161,190056,50,Low
12/31/2021,i8,2021,Asia,Grey,Petrol,Manual,2.8,77264,159627,165,Low
12/31/2021,X6,2021,Middle East,Grey,Hybrid,Automatic,2.8,29242,135620,3124,Low
12/31/2013,M5,2013,Asia,Silver,Electric,Manual,3.7,166250,102170,1173,Low
12/31/2011,i3,2011,South America,Red,Petrol,Automatic,1.8,168165,25000,2804,Low
12/31/2015,3 Series,2015,Middle East,Grey,Petrol,Manual,2,147057,41079,7490,High
12/31/2021,7 Series,2021,Africa,Grey,Petrol,Automatic,4.5,164998,123895,771,Low
12/31/2018,X6,2018,Africa,Silver,Hybrid,Manual,2.2,69924,95729,2388,Low
12/31/2021,M3,2021,Middle East,Blue,Electric,Automatic,4,171788,120615,2154,Low
12/31/2013,M3,2013,Africa,Black,Diesel,Manual,2.3,68469,61692,1150,Low
12/31/2020,5 Series,2020,Asia,Grey,Petrol,Automatic,1.8,196505,70260,8824,High
12/31/2015,5 Series,2015,North America,Red,Electric,Manual,4.7,11266,112586,5754,High
12/31/2013,i3,2013,Asia,Red,Electric,Automatic,4.7,85924,81583,4961,Low
12/31/2023,X1,2023,Asia,Red,Electric,Manual,3.6,143126,99152,7731,High
12/31/2011,X3,2011,South America,Silver,Diesel,Automatic,3.1,82691,44799,4676,Low
12/31/2022,M5,2022,Asia,White,Electric,Manual,3.4,75679,162372,2329,Low
12/31/2023,5 Series,2023,South America,Red,Petrol,Automatic,2.9,32364,115831,4307,Low
12/31/2015,5 Series,2015,Middle East,Black,Diesel,Automatic,4.2,135569,75137,3800,Low
12/31/2021,i8,2021,Asia,Blue,Electric,Automatic,4.1,28800,197605,129,Low
12/31/2016,X5,2016,Europe,Black,Electric,Automatic,4.4,135254,98111,5500,High
12/31/2013,M3,2013,Asia,Grey,Electric,Automatic,3.3,24427,101095,2175,Low
12/31/2021,i8,2021,South America,Grey,Diesel,Automatic,4.3,99203,155784,50,Low
12/31/2020,M3,2020,Middle East,White,Diesel,Manual,2,168165,77721,2506,Low
12/31/2016,X1,2016,Asia,Silver,Hybrid,Automatic,1.6,107585,55369,9200,High
12/31/2022,7 Series,2022,Middle East,Black,Diesel,Manual,3.8,50511,146350,919,Low
12/31/2020,3 Series,2020,Asia,Grey,Petrol,Automatic,1.9,4456,86009,11294,High
12/31/2017,X6,2017,Middle East,Blue,Petrol,Automatic,3.4,163220,86999,2448,Low
12/31/2020,3 Series,2020,Middle East,Grey,Diesel,Automatic,4,160916,73029,7064,High
12/31/2012,i3,2012,Asia,Grey,Petrol,Manual,2.9,51905,50659,4931,Low
12/31/2024,i8,2024,South America,White,Diesel,Manual,1.7,186879,125686,766,Low
12/31/2011,i3,2011,North America,Black,Diesel,Manual,4.6,15667,63014,4504,Low
12/31/2014,i3,2014,Africa,White,Diesel,Manual,1.7,114979,33788,2563,Low
12/31/2011,X5,2011,Middle East,Black,Petrol,Automatic,4.7,36678,89745,2845,Low
12/31/2019,M5,2019,Europe,Grey,Petrol,Manual,1.7,116110,109164,2051,Low
12/31/2014,5 Series,2014,Africa,Silver,Electric,Automatic,4.1,198984,69477,3324,Low
12/31/2019,3 Series,2019,Middle East,Black,Petrol,Manual,4.7,189951,70896,7512,High
12/31/2024,3 Series,2024,Africa,Blue,Electric,Automatic,4.7,186752,100817,6571,High
12/31/2022,i3,2022,Asia,Silver,Diesel,Manual,4.6,161807,81974,5265,High
12/31/2015,5 Series,2015,Europe,Silver,Electric,Automatic,4.6,113622,97976,5477,High
12/31/2017,M3,2017,North America,Grey,Diesel,Manual,3.3,157677,75642,2649,Low
12/31/2015,X1,2015,North America,Black,Diesel,Automatic,3.5,7895,69222,7252,High
12/31/2013,7 Series,2013,South America,White,Diesel,Manual,3.7,72585,44264,722,Low
12/31/2012,X6,2012,Middle East,Red,Hybrid,Automatic,4.6,138278,90196,1814,Low
12/31/2023,M3,2023,Asia,Red,Electric,Manual,4.4,166383,118838,3752,Low
12/31/2023,M5,2023,Middle East,Red,Petrol,Manual,4.2,61450,150831,1260,Low
12/31/2011,7 Series,2011,North America,White,Diesel,Manual,3.9,153629,73796,804,Low
12/31/2022,M3,2022,Africa,Black,Electric,Manual,3.7,8096,132534,2126,Low
12/31/2010,5 Series,2010,Europe,Black,Diesel,Manual,4.7,117125,51184,5206,High
12/31/2011,X1,2011,Africa,Red,Diesel,Manual,2.2,77290,25462,3986,Low
12/31/2011,X1,2011,South America,Black,Hybrid,Manual,2.2,170363,25000,4756,Low
12/31/2024,X3,2024,Europe,Grey,Electric,Automatic,4.9,127665,126531,8874,High
12/31/2014,5 Series,2014,Asia,Grey,Diesel,Manual,3.4,107983,61850,6079,High
12/31/2018,X3,2018,North America,Red,Diesel,Manual,3.2,76720,74330,9304,High
12/31/2010,5 Series,2010,Europe,Blue,Petrol,Manual,4.5,113531,56667,6533,High
12/31/2013,i8,2013,Middle East,Black,Hybrid,Automatic,4.5,68628,145752,50,Low
12/31/2019,i8,2019,Asia,Grey,Hybrid,Manual,2.1,64835,149237,533,Low
12/31/2016,X6,2016,North America,White,Petrol,Automatic,2.1,17262,100327,3672,Low
12/31/2020,3 Series,2020,Europe,White,Hybrid,Automatic,4.3,24922,106650,8393,High
12/31/2023,X3,2023,North America,Red,Diesel,Automatic,4.2,99963,102853,8614,High
12/31/2019,M5,2019,Europe,Silver,Electric,Automatic,2.3,34334,138757,2007,Low
12/31/2012,5 Series,2012,North America,Red,Hybrid,Automatic,4.4,193594,60257,6338,High
12/31/2017,M3,2017,Africa,White,Electric,Manual,3.2,20197,113783,1075,Low
12/31/2012,X5,2012,South America,Blue,Hybrid,Manual,3.1,153105,60919,2954,Low
12/31/2017,3 Series,2017,Africa,Red,Hybrid,Automatic,4.9,187000,74663,5596,High
12/31/2022,3 Series,2022,Europe,White,Electric,Automatic,3.3,117897,99413,10392,High
12/31/2011,X6,2011,Middle East,Grey,Diesel,Automatic,2,160560,47802,2339,Low
12/31/2014,X5,2014,South America,Grey,Petrol,Automatic,2.5,145686,57444,3487,Low
12/31/2013,X1,2013,Africa,Red,Petrol,Manual,2.7,71186,42211,3931,Low
12/31/2020,7 Series,2020,Africa,Silver,Hybrid,Automatic,4.9,161136,128029,1081,Low
12/31/2018,5 Series,2018,North America,Silver,Electric,Automatic,2.4,158198,86762,7947,High
12/31/2012,X5,2012,Middle East,White,Hybrid,Manual,3,68393,76035,3170,Low
12/31/2021,i8,2021,South America,Red,Diesel,Automatic,4.1,59301,163813,50,Low
12/31/2020,M5,2020,Africa,Blue,Hybrid,Manual,2.5,116008,128019,1204,Low
12/31/2014,i8,2014,Africa,Red,Electric,Automatic,4,54973,152218,50,Low
12/31/2019,7 Series,2019,Middle East,Silver,Hybrid,Automatic,2.2,53611,127698,1279,Low
12/31/2018,3 Series,2018,Europe,White,Diesel,Manual,2.3,100561,58791,9263,High
12/31/2022,3 Series,2022,Africa,White,Diesel,Automatic,5,15813,117747,4590,Low
12/31/2015,i8,2015,South America,Silver,Hybrid,Manual,2.8,170443,116464,50,Low
12/31/2011,X1,2011,Europe,Blue,Diesel,Manual,4.1,8970,51930,7306,High
12/31/2010,7 Series,2010,North America,Red,Diesel,Automatic,4.4,125871,80419,551,Low
12/31/2021,7 Series,2021,Africa,White,Hybrid,Manual,2.7,68225,125009,1188,Low
12/31/2020,5 Series,2020,Asia,Grey,Hybrid,Automatic,2.8,111574,101473,7298,High
12/31/2010,7 Series,2010,Asia,Black,Petrol,Automatic,4.2,138060,83476,629,Low
12/31/2016,X6,2016,Africa,Red,Hybrid,Manual,3.6,110035,96399,1892,Low
12/31/2023,M5,2023,North America,Grey,Diesel,Automatic,2.8,136215,132324,2329,Low
12/31/2021,X1,2021,Asia,Red,Petrol,Automatic,4.1,187980,68847,9272,High
12/31/2011,M5,2011,Europe,Red,Petrol,Manual,4.5,31642,112400,592,Low
12/31/2016,3 Series,2016,South America,Red,Petrol,Manual,2.3,149716,43123,5376,High
12/31/2010,M5,2010,Middle East,Blue,Hybrid,Automatic,1.6,100865,94517,56,Low
12/31/2013,X1,2013,Africa,Silver,Hybrid,Manual,2.5,171145,31699,3540,Low
12/31/2019,7 Series,2019,Asia,Red,Hybrid,Automatic,3.9,154321,127802,2026,Low
12/31/2024,X1,2024,Europe,White,Electric,Manual,4.7,51890,119933,8606,High
12/31/2024,i8,2024,North America,White,Diesel,Automatic,4.5,163300,160515,575,Low
12/31/2022,X5,2022,South America,Red,Petrol,Manual,2.3,108407,94320,4185,Low
12/31/2020,M3,2020,Asia,Blue,Diesel,Automatic,4.6,185071,97585,3183,Low
12/31/2013,i8,2013,Middle East,Grey,Electric,Manual,4.3,120136,143698,50,Low
12/31/2024,X1,2024,Middle East,Blue,Electric,Manual,4.1,35831,122093,6626,High
12/31/2014,i3,2014,Europe,Red,Petrol,Automatic,3.9,44988,71471,4673,Low
12/31/2023,M5,2023,Middle East,Silver,Hybrid,Automatic,4.3,92945,171286,1474,Low
12/31/2023,X3,2023,Middle East,Black,Petrol,Automatic,4.5,2164,130710,5070,High
12/31/2019,M3,2019,Middle East,Silver,Electric,Manual,4.4,156012,104998,2299,Low
12/31/2024,5 Series,2024,Asia,Black,Hybrid,Automatic,1.9,706,123443,7129,High
12/31/2024,5 Series,2024,Africa,Silver,Hybrid,Manual,4,162067,112612,4429,Low
12/31/2010,X5,2010,Europe,Red,Electric,Automatic,4.4,159010,71899,4979,Low
12/31/2016,M3,2016,South America,Blue,Electric,Manual,2.1,180317,69967,1828,Low
12/31/2020,X1,2020,Europe,Black,Electric,Automatic,2.2,142146,74607,7437,High
12/31/2011,5 Series,2011,Africa,Red,Hybrid,Manual,4.3,186638,50523,2888,Low
12/31/2021,5 Series,2021,Africa,Black,Petrol,Manual,2.7,9361,106970,4147,Low
12/31/2024,i8,2024,South America,Blue,Petrol,Automatic,2.9,8674,170513,50,Low
12/31/2020,X5,2020,Middle East,Black,Petrol,Automatic,2.8,73019,102078,4434,Low
12/31/2024,i8,2024,Asia,Red,Electric,Manual,2.2,25609,194483,683,Low
12/31/2022,X6,2022,Middle East,Grey,Petrol,Automatic,4.8,68199,135644,2599,Low
12/31/2020,M3,2020,Africa,Red,Electric,Manual,4.3,95047,112681,1725,Low
12/31/2022,M5,2022,North America,White,Hybrid,Automatic,2.4,169769,135037,2660,Low
12/31/2011,X3,2011,North America,Grey,Petrol,Manual,1.9,34676,50581,8221,High
12/31/2017,M3,2017,Africa,Blue,Electric,Automatic,2.8,50744,105800,1128,Low
12/31/2024,X6,2024,Europe,Black,Electric,Manual,3,188640,121461,5629,High
12/31/2018,M5,2018,Asia,Silver,Hybrid,Automatic,1.5,98444,116910,2469,Low
12/31/2015,X3,2015,Middle East,Black,Petrol,Automatic,4.6,42470,84835,5715,High
12/31/2020,X5,2020,North America,White,Petrol,Manual,4.5,15378,121562,5489,High
12/31/2010,X5,2010,South America,Blue,Diesel,Automatic,4.5,365,80983,2462,Low
12/31/2010,X3,2010,Middle East,Black,Hybrid,Automatic,4.3,138278,56145,4730,Low
12/31/2023,5 Series,2023,Middle East,Silver,Hybrid,Manual,4.1,40816,138761,4811,Low
12/31/2020,X1,2020,Africa,White,Petrol,Automatic,3.7,132174,67252,4932,Low
12/31/2016,X3,2016,Middle East,Silver,Hybrid,Manual,4.9,71610,96203,5337,High
12/31/2017,i3,2017,Africa,White,Electric,Manual,4,49418,89851,2665,Low
12/31/2012,X1,2012,Europe,Grey,Hybrid,Manual,3.7,144480,42260,6354,High
12/31/2018,X3,2018,North America,Grey,Electric,Automatic,4.3,90511,105320,8228,High
12/31/2013,X1,2013,Europe,Red,Hybrid,Manual,2.4,9088,60848,6176,High
12/31/2013,7 Series,2013,Europe,Blue,Hybrid,Automatic,4.9,12693,135799,131,Low
12/31/2012,X5,2012,Asia,Grey,Hybrid,Manual,1.6,154832,50761,5567,High
12/31/2017,i8,2017,North America,Black,Electric,Automatic,3.8,188601,142123,50,Low
12/31/2018,X6,2018,South America,White,Diesel,Automatic,1.8,189103,67617,2736,Low
12/31/2010,7 Series,2010,Asia,Black,Diesel,Manual,4.5,50997,97386,445,Low
12/31/2011,X5,2011,Asia,Blue,Electric,Manual,4.9,149138,76854,4959,Low
12/31/2010,5 Series,2010,North America,White,Diesel,Manual,2.9,28790,55543,6519,High
12/31/2023,X1,2023,Asia,White,Hybrid,Manual,4.5,68927,109831,9567,High
12/31/2013,3 Series,2013,Africa,Red,Electric,Manual,2.7,33345,68617,4094,Low
12/31/2019,X1,2019,Europe,Black,Petrol,Automatic,2.1,178686,46991,8750,High
12/31/2016,X5,2016,Asia,Red,Petrol,Manual,2.5,64527,83106,5699,High
12/31/2023,M5,2023,Middle East,Grey,Hybrid,Manual,2.6,5030,162149,1512,Low
12/31/2016,M5,2016,Europe,White,Diesel,Automatic,3.7,44436,120177,1277,Low
12/31/2021,7 Series,2021,Africa,White,Diesel,Manual,4.3,14124,141359,477,Low
12/31/2015,X6,2015,North America,Red,Electric,Automatic,2.2,154304,85693,4001,Low
12/31/2022,3 Series,2022,Europe,Black,Diesel,Automatic,1.8,47997,84199,8401,High
12/31/2020,X3,2020,Africa,Silver,Petrol,Manual,2.3,149417,65814,5253,High
12/31/2014,X5,2014,Africa,Red,Petrol,Manual,2.5,52694,67776,2675,Low
12/31/2020,5 Series,2020,South America,Black,Diesel,Manual,2.5,173139,68228,4936,Low
12/31/2013,X3,2013,Africa,Black,Electric,Automatic,2.3,123659,54343,3794,Low
12/31/2021,X5,2021,Africa,Red,Diesel,Automatic,3.1,149544,88757,3902,Low
12/31/2022,M3,2022,Middle East,Blue,Electric,Automatic,4.5,46710,139974,2598,Low
12/31/2023,M5,2023,Africa,White,Electric,Manual,1.9,68151,138428,1644,Low
12/31/2017,X5,2017,Asia,Black,Hybrid,Manual,4.5,188452,87339,5493,High
12/31/2016,X1,2016,Middle East,Grey,Electric,Automatic,3.2,170347,60562,587,Low
12/31/2020,7 Series,2020,Asia,Silver,Petrol,Automatic,3.8,123327,128425,1311,Low
12/31/2020,X1,2020,South America,Red,Diesel,Manual,4.4,114433,76121,4508,Low
12/31/2019,X1,2019,Africa,Grey,Petrol,Automatic,2.6,189696,47508,5102,High
12/31/2010,X1,2010,South America,Grey,Electric,Manual,4.8,117334,48614,3351,Low
12/31/2015,X5,2015,Africa,Blue,Petrol,Manual,1.8,80642,62855,2911,Low
12/31/2023,X5,2023,Asia,Silver,Diesel,Manual,3.3,105116,110896,6802,High
12/31/2011,i8,2011,North America,Silver,Electric,Manual,2.4,11285,133141,50,Low
12/31/2013,3 Series,2013,Europe,Grey,Petrol,Automatic,2.9,120333,45435,8782,High
12/31/2014,i3,2014,Africa,Black,Petrol,Automatic,3.1,177342,36972,2762,Low
12/31/2017,i3,2017,North America,Silver,Diesel,Automatic,4.7,41547,90962,4737,Low
12/31/2015,7 Series,2015,South America,White,Hybrid,Automatic,3,47055,109795,134,Low
12/31/2020,M3,2020,South America,Grey,Electric,Manual,3.9,75436,123229,1882,Low
12/31/2011,M5,2011,Asia,White,Diesel,Automatic,4.8,26783,112990,791,Low
12/31/2014,X6,2014,Middle East,Red,Electric,Manual,3.2,145539,90196,2459,Low
12/31/2024,i8,2024,Europe,Blue,Petrol,Manual,2.9,152325,150370,590,Low
12/31/2014,7 Series,2014,North America,Silver,Petrol,Manual,4.9,148856,103945,742,Low
12/31/2015,5 Series,2015,North America,Red,Electric,Manual,4.4,5988,112348,6369,High
12/31/2010,X6,2010,Europe,Blue,Petrol,Automatic,4.8,155685,61932,3764,Low
12/31/2017,i3,2017,South America,Black,Hybrid,Manual,2.9,39573,83977,3241,Low
12/31/2012,M5,2012,South America,Blue,Hybrid,Automatic,3.9,191860,88367,534,Low
12/31/2014,X3,2014,Asia,Black,Diesel,Manual,2.4,132627,46035,8057,High
12/31/2016,3 Series,2016,Asia,White,Petrol,Automatic,4.5,12807,86089,898,Low
12/31/2012,i8,2012,North America,Silver,Petrol,Manual,4.8,42266,136519,50,Low
12/31/2023,M3,2023,Asia,Blue,Electric,Automatic,2.4,178839,104453,4569,Low
12/31/2019,X1,2019,Asia,Blue,Electric,Manual,1.9,25178,87041,9111,High
12/31/2024,i8,2024,Middle East,Black,Hybrid,Manual,2.2,94803,181081,398,Low
12/31/2022,X3,2022,Middle East,Black,Diesel,Manual,3.7,168041,84865,5771,High
12/31/2024,X5,2024,Asia,Blue,Petrol,Automatic,2.5,90825,115736,7509,High
12/31/2015,X3,2015,Middle East,Blue,Hybrid,Manual,3.7,24403,92752,5109,High
12/31/2014,X5,2014,North America,White,Electric,Automatic,2.7,25152,104062,5164,High
12/31/2016,3 Series,2016,South America,Black,Petrol,Automatic,4.7,105688,71918,5628,High
12/31/2019,M5,2019,Asia,White,Petrol,Automatic,3.1,191338,108786,1745,Low
12/31/2024,X6,2024,Middle East,Black,Hybrid,Automatic,3.2,134219,135189,4070,Low
12/31/2020,X1,2020,Europe,Silver,Electric,Automatic,2.7,133513,34925,8195,High
12/31/2012,i3,2012,Middle East,Black,Hybrid,Manual,1.8,62524,51659,3376,Low
12/31/2022,7 Series,2022,Africa,Silver,Electric,Automatic,3.2,199248,128108,1195,Low
12/31/2023,3 Series,2023,Africa,White,Electric,Manual,4.2,168389,102193,6420,High
12/31/2011,X1,2011,Europe,White,Diesel,Manual,4.8,159117,33334,6929,High
12/31/2013,X6,2013,Africa,Blue,Hybrid,Manual,1.8,47586,79910,1769,Low
12/31/2012,i8,2012,South America,White,Petrol,Manual,4.3,173145,104277,50,Low
12/31/2024,M3,2024,Asia,Black,Petrol,Manual,2.4,79430,111640,3939,Low
12/31/2013,X1,2013,Asia,Grey,Diesel,Manual,4.4,162281,36612,7622,High
12/31/2016,5 Series,2016,Africa,Grey,Diesel,Manual,2.7,130811,58078,3426,Low
12/31/2014,M5,2014,Middle East,White,Hybrid,Automatic,1.9,97419,105467,550,Low
12/31/2013,M5,2013,Europe,Blue,Electric,Automatic,3.6,109895,113923,915,Low
12/31/2023,5 Series,2023,Africa,Red,Petrol,Automatic,4.6,6796,133539,4153,Low
12/31/2024,M5,2024,Middle East,Grey,Diesel,Manual,2.1,27479,147416,1353,Low
12/31/2015,i3,2015,Europe,Black,Diesel,Automatic,1.6,170935,32964,9806,High
12/31/2016,X5,2016,Middle East,Grey,Petrol,Manual,4.6,72606,95811,3497,Low
12/31/2021,i8,2021,Europe,White,Petrol,Manual,3.9,178371,148024,50,Low
12/31/2023,7 Series,2023,Africa,White,Petrol,Manual,4.3,144630,124518,848,Low
12/31/2020,3 Series,2020,Middle East,White,Petrol,Manual,1.7,131455,62839,7294,High
12/31/2014,M3,2014,Africa,Black,Petrol,Automatic,4.6,134878,77546,1082,Low
12/31/2021,i3,2021,North America,Blue,Electric,Manual,3,85596,103992,5571,High
12/31/2016,X5,2016,Middle East,White,Petrol,Manual,4.6,125195,84782,4121,Low
12/31/2012,5 Series,2012,South America,Black,Petrol,Automatic,1.7,43204,59759,3234,Low
12/31/2016,i8,2016,North America,Red,Hybrid,Manual,4.6,26622,164087,50,Low
12/31/2021,X6,2021,Middle East,Silver,Electric,Manual,3.9,107788,122511,3172,Low
12/31/2024,5 Series,2024,South America,Blue,Hybrid,Manual,3.4,14726,134971,5037,High
12/31/2012,7 Series,2012,Middle East,Black,Hybrid,Automatic,1.7,102073,86970,206,Low
12/31/2023,X1,2023,North America,Black,Electric,Automatic,3.9,148022,100985,9488,High
12/31/2015,i8,2015,Europe,Silver,Hybrid,Manual,3.6,139861,128635,50,Low
12/31/2017,M5,2017,Africa,White,Hybrid,Automatic,4,64689,127018,244,Low
12/31/2022,M5,2022,Europe,Blue,Diesel,Automatic,4,90743,138207,1750,Low
12/31/2024,X5,2024,South America,Red,Electric,Automatic,3.1,77834,128637,4212,Low
12/31/2015,X1,2015,Africa,Silver,Hybrid,Manual,2.2,88584,53428,4296,Low
12/31/2019,3 Series,2019,Asia,Black,Diesel,Automatic,4.7,133495,83290,9111,High
12/31/2020,7 Series,2020,Asia,White,Petrol,Automatic,4.7,57098,143835,1315,Low
12/31/2012,X6,2012,Africa,Blue,Hybrid,Manual,2.2,39290,75179,1316,Low
12/31/2021,X6,2021,Middle East,White,Electric,Automatic,3.7,79046,134422,3169,Low
12/31/2014,3 Series,2014,Asia,White,Petrol,Automatic,2.2,159,65330,10505,High
12/31/2018,3 Series,2018,Middle East,White,Petrol,Manual,4.5,112404,81774,6819,High
12/31/2017,X3,2017,Middle East,Silver,Electric,Automatic,1.8,73564,85673,4894,Low
12/31/2015,X1,2015,Europe,Blue,Hybrid,Automatic,5,166057,62173,6560,High
12/31/2018,i8,2018,North America,Silver,Electric,Manual,3.6,30999,169519,50,Low
12/31/2011,X6,2011,Asia,Red,Hybrid,Manual,1.6,190183,50037,3687,Low
12/31/2022,M3,2022,Europe,Blue,Electric,Manual,4.6,31608,146552,3348,Low
12/31/2020,7 Series,2020,South America,Grey,Diesel,Automatic,3.9,119340,118994,673,Low
12/31/2018,M5,2018,Africa,Grey,Petrol,Manual,3.9,189829,106368,772,Low
12/31/2019,3 Series,2019,Asia,Black,Diesel,Manual,2.5,162310,56202,11404,High
12/31/2022,X5,2022,North America,White,Petrol,Manual,2.7,16090,115756,6191,High
12/31/2019,X5,2019,North America,Red,Hybrid,Manual,4.7,70793,120292,5521,High
12/31/2015,M5,2015,Asia,Red,Hybrid,Manual,3.7,24168,132504,1135,Low
12/31/2018,X3,2018,Africa,Black,Electric,Manual,1.6,93049,77303,4685,Low
12/31/2021,7 Series,2021,Asia,Silver,Electric,Automatic,2.6,42114,154856,1925,Low
12/31/2013,i3,2013,Africa,Silver,Petrol,Automatic,3.6,62357,55982,2227,Low
12/31/2014,i3,2014,Africa,Silver,Electric,Manual,2,158750,45707,2943,Low
12/31/2011,M5,2011,Europe,Black,Hybrid,Automatic,1.8,113193,91086,910,Low
12/31/2012,7 Series,2012,Asia,Grey,Petrol,Automatic,1.7,39469,87886,808,Low
12/31/2010,3 Series,2010,Middle East,Silver,Petrol,Manual,3.7,8195,58296,5108,High
12/31/2013,X3,2013,North America,White,Diesel,Manual,2.6,91457,49206,9242,High
12/31/2021,5 Series,2021,Africa,Silver,Petrol,Automatic,2.8,141491,80774,4170,Low
12/31/2011,5 Series,2011,Asia,Blue,Petrol,Manual,1.7,196259,26888,7813,High
12/31/2021,X5,2021,Europe,Black,Petrol,Manual,4.1,82647,108691,5418,High
12/31/2024,7 Series,2024,North America,Silver,Hybrid,Manual,4.2,8834,167321,1626,Low
12/31/2011,X6,2011,Asia,Silver,Hybrid,Automatic,4.4,87222,88573,3190,Low
12/31/2010,X1,2010,Africa,Red,Hybrid,Manual,3.8,169005,29661,3902,Low
12/31/2019,M5,2019,Europe,White,Diesel,Manual,4.2,192734,110557,1733,Low
12/31/2021,3 Series,2021,Asia,Red,Hybrid,Manual,3.5,34889,106194,10966,High
12/31/2011,i3,2011,South America,White,Diesel,Manual,3.2,16841,50366,2126,Low
12/31/2013,X6,2013,Asia,Blue,Hybrid,Automatic,2.4,127114,78060,3849,Low
12/31/2015,5 Series,2015,Asia,White,Petrol,Automatic,1.7,44269,71388,7037,High
12/31/2022,M3,2022,Africa,Silver,Diesel,Automatic,2.5,167742,86064,2002,Low
12/31/2021,i3,2021,South America,Silver,Hybrid,Manual,3.9,5986,115437,3830,Low
12/31/2016,X3,2016,Europe,White,Hybrid,Automatic,4.7,24602,97958,7897,High
12/31/2016,7 Series,2016,Europe,Black,Hybrid,Manual,2.4,90361,105298,1171,Low
12/31/2016,3 Series,2016,Middle East,Silver,Petrol,Manual,3.8,14786,86087,6398,High
12/31/2024,5 Series,2024,Europe,Black,Petrol,Manual,3.2,143830,102753,1206,Low
12/31/2013,5 Series,2013,Middle East,Silver,Diesel,Automatic,3.7,106196,64194,4668,Low
12/31/2021,3 Series,2021,Europe,Black,Diesel,Manual,1.5,9708,85630,9151,High
12/31/2014,X6,2014,Africa,White,Hybrid,Automatic,1.9,102996,76718,1616,Low
12/31/2023,M3,2023,Africa,Red,Petrol,Manual,2.3,197739,80335,2339,Low
12/31/2020,X3,2020,Asia,Silver,Hybrid,Manual,4.6,32502,111320,10536,High
12/31/2021,X5,2021,Africa,Grey,Petrol,Automatic,1.6,150343,82274,4092,Low
12/31/2012,7 Series,2012,Asia,Grey,Electric,Automatic,3.5,165909,91392,844,Low
12/31/2010,X3,2010,North America,Silver,Diesel,Automatic,4.8,55129,61264,7156,High
12/31/2023,M3,2023,North America,White,Diesel,Automatic,3.8,25710,125078,2963,Low
12/31/2017,5 Series,2017,Europe,Red,Petrol,Automatic,3.2,121837,73135,6700,High
12/31/2019,i8,2019,Europe,Grey,Hybrid,Automatic,2.9,20167,161426,266,Low
12/31/2020,M3,2020,North America,Silver,Diesel,Manual,3.7,142302,96270,7546,High
12/31/2016,X5,2016,Middle East,Blue,Petrol,Automatic,3.2,160694,74667,4304,Low
12/31/2023,M3,2023,North America,Blue,Hybrid,Automatic,4,84689,140262,3451,Low
12/31/2018,X1,2018,Africa,White,Electric,Manual,3.7,60363,90521,4668,Low
12/31/2023,X6,2023,Middle East,Silver,Petrol,Automatic,3.5,98425,121391,2876,Low
12/31/2019,i8,2019,Europe,Black,Hybrid,Automatic,4.8,199270,142912,622,Low
12/31/2013,7 Series,2013,Europe,Grey,Electric,Manual,4.4,92574,113243,547,Low
12/31/2021,7 Series,2021,Middle East,Black,Electric,Automatic,3.6,7741,162827,974,Low
12/31/2024,5 Series,2024,Africa,Silver,Hybrid,Automatic,3.4,93671,124912,4612,Low
12/31/2021,X6,2021,Asia,Black,Hybrid,Automatic,4,108514,124555,4542,Low
12/31/2014,7 Series,2014,Europe,Silver,Electric,Automatic,4.3,140716,108390,786,Low
12/31/2014,X6,2014,Middle East,Blue,Petrol,Manual,2.5,124015,73955,2573,Low
12/31/2022,3 Series,2022,Europe,White,Diesel,Manual,3.8,127315,79352,9176,High
12/31/2016,X3,2016,South America,Silver,Petrol,Manual,2,91164,59396,5178,High
12/31/2022,i8,2022,South America,Grey,Petrol,Automatic,3,51281,169088,50,Low
12/31/2018,X6,2018,Europe,Red,Petrol,Automatic,4.8,109156,103469,4003,Low
12/31/2017,M3,2017,South America,Silver,Diesel,Automatic,2.6,74953,83217,1626,Low
12/31/2016,5 Series,2016,Africa,Black,Diesel,Automatic,2,98372,61967,3389,Low
12/31/2023,M3,2023,Africa,Silver,Hybrid,Automatic,2,59425,118186,2282,Low
12/31/2010,M3,2010,South America,Red,Hybrid,Manual,2.9,102759,61296,1052,Low
12/31/2021,X5,2021,Africa,Red,Petrol,Manual,2.3,62674,96471,3906,Low
12/31/2019,X6,2019,Europe,Silver,Diesel,Manual,3,54989,104458,3877,Low
12/31/2022,M3,2022,Europe,Grey,Diesel,Automatic,4,79193,114374,2804,Low
12/31/2015,3 Series,2015,South America,Silver,Diesel,Automatic,4.6,173606,53723,6226,High
12/31/2019,i8,2019,Africa,Silver,Petrol,Automatic,1.9,51541,135716,50,Low
12/31/2024,X3,2024,South America,Red,Diesel,Manual,4.2,173571,87714,6311,High
12/31/2024,X1,2024,South America,Silver,Petrol,Automatic,1.9,41953,89641,5264,High
12/31/2018,X3,2018,Europe,Red,Hybrid,Manual,2.8,36527,92745,9433,High
12/31/2022,X1,2022,Middle East,Red,Petrol,Manual,5,149753,87555,6486,High
12/31/2016,7 Series,2016,South America,Silver,Diesel,Automatic,1.7,30590,101318,483,Low
12/31/2010,M5,2010,Middle East,Grey,Petrol,Automatic,1.6,84993,81136,251,Low
12/31/2018,i8,2018,North America,Silver,Hybrid,Automatic,2.7,93654,152113,270,Low
12/31/2012,X1,2012,South America,Silver,Hybrid,Automatic,4.8,109267,58565,4195,Low
12/31/2023,7 Series,2023,South America,Red,Petrol,Automatic,1.6,68968,130698,1078,Low
12/31/2018,M3,2018,Africa,Red,Hybrid,Manual,2.3,181394,77608,1866,Low
12/31/2013,X1,2013,Europe,Red,Hybrid,Automatic,3.6,59720,64325,6296,High
12/31/2024,X5,2024,Europe,Blue,Electric,Automatic,2.3,90762,124750,6480,High
12/31/2018,i3,2018,North America,Red,Petrol,Manual,1.7,166729,49112,5542,High
12/31/2022,3 Series,2022,Middle East,Blue,Hybrid,Automatic,1.7,67368,94480,8480,High
12/31/2024,M5,2024,Asia,Red,Hybrid,Automatic,3.5,150714,200000,2059,Low
12/31/2017,X1,2017,Europe,Black,Electric,Automatic,3.5,108805,76941,7404,High
12/31/2016,i8,2016,Middle East,Blue,Hybrid,Automatic,4,110310,146374,50,Low
12/31/2013,X5,2013,Asia,Grey,Electric,Manual,2,190327,57250,5763,High
12/31/2018,5 Series,2018,Middle East,Black,Hybrid,Automatic,3.2,137869,88878,5886,High
12/31/2013,X3,2013,South America,Grey,Electric,Manual,3.6,177706,53344,4736,Low
12/31/2010,X1,2010,Europe,Grey,Electric,Automatic,2.3,97585,40064,5765,High
12/31/2015,X1,2015,Middle East,Black,Diesel,Automatic,3.4,80870,56384,4912,Low
12/31/2013,X5,2013,North America,Grey,Diesel,Automatic,4,26924,89169,4694,Low
12/31/2019,X6,2019,Asia,White,Hybrid,Manual,5,52335,131708,423,Low
12/31/2012,5 Series,2012,South America,Red,Hybrid,Automatic,3.6,127563,63679,3305,Low
12/31/2021,X1,2021,Asia,Blue,Hybrid,Manual,4.5,110433,96104,7689,High
12/31/2014,i3,2014,North America,Blue,Petrol,Manual,4.4,92966,61388,4477,Low
12/31/2012,3 Series,2012,North America,Grey,Electric,Manual,4.8,63154,81353,8522,High
12/31/2020,i3,2020,Asia,Black,Diesel,Manual,4,1213,95381,6023,High
12/31/2018,3 Series,2018,Asia,Red,Hybrid,Manual,2.2,64713,79248,9361,High
12/31/2021,i8,2021,Europe,Black,Hybrid,Manual,2.5,46168,170544,499,Low
12/31/2015,5 Series,2015,Africa,Black,Diesel,Manual,4.2,108147,67208,3647,Low
12/31/2024,X5,2024,South America,White,Hybrid,Automatic,3.3,25280,138346,4484,Low
12/31/2012,X1,2012,Asia,Silver,Petrol,Automatic,2.4,68313,42220,7863,High
12/31/2014,i8,2014,Africa,Grey,Diesel,Manual,3.8,5795,135565,50,Low
12/31/2017,X6,2017,Middle East,Black,Electric,Manual,4.7,37388,124597,2305,Low
12/31/2023,X1,2023,Asia,Black,Diesel,Manual,2.8,127762,73179,7666,High
12/31/2017,X5,2017,North America,Silver,Electric,Automatic,3.6,41572,113284,5811,High
12/31/2015,7 Series,2015,Middle East,Silver,Hybrid,Manual,3.5,115446,115588,187,Low
12/31/2014,i3,2014,North America,Black,Diesel,Automatic,1.9,29495,56465,5509,High
12/31/2024,X6,2024,North America,Blue,Hybrid,Manual,1.8,53980,134978,5311,High
12/31/2014,i8,2014,Asia,Black,Electric,Automatic,4.6,79954,160001,50,Low
12/31/2010,X5,2010,South America,Black,Petrol,Automatic,4.8,92043,65590,2394,Low
12/31/2011,X6,2011,South America,Blue,Electric,Automatic,4.7,86359,95395,1484,Low
12/31/2024,M3,2024,Africa,Grey,Electric,Automatic,2.9,141670,122162,2587,Low
12/31/2021,M3,2021,Asia,Black,Hybrid,Manual,2.5,142141,103863,4345,Low
12/31/2020,3 Series,2020,Africa,Black,Petrol,Automatic,4.8,22293,108736,5115,High
12/31/2013,3 Series,2013,South America,Black,Electric,Automatic,4.6,51302,86099,4400,Low
12/31/2015,i3,2015,North America,Grey,Diesel,Automatic,4.4,152478,58815,5150,High
12/31/2020,X5,2020,Europe,Red,Diesel,Automatic,2.7,23378,102407,895,Low
12/31/2016,M3,2016,Europe,Blue,Petrol,Automatic,3.7,77039,89678,2600,Low
12/31/2010,X5,2010,Europe,Red,Diesel,Manual,4.1,138993,49137,5521,High
12/31/2017,X6,2017,Middle East,Silver,Petrol,Manual,3.5,186025,78434,2819,Low
12/31/2021,7 Series,2021,Asia,Black,Petrol,Manual,3.6,175137,112472,1699,Low
12/31/2010,M5,2010,Middle East,Grey,Hybrid,Automatic,4.1,184794,93368,63,Low
12/31/2018,3 Series,2018,Middle East,Blue,Hybrid,Manual,4.2,7841,106827,6866,High
12/31/2024,X6,2024,Europe,Black,Petrol,Manual,2.3,88294,118824,4854,Low
12/31/2013,3 Series,2013,Europe,Red,Diesel,Manual,2.9,151194,34452,9823,High
12/31/2021,i3,2021,North America,White,Diesel,Manual,4.2,98144,87351,9135,High
12/31/2024,X3,2024,North America,Red,Diesel,Manual,2.4,134083,86691,9086,High
12/31/2016,M3,2016,Africa,Red,Electric,Automatic,4.7,68059,109802,807,Low
12/31/2020,i8,2020,Middle East,Grey,Diesel,Automatic,4.4,177222,148333,50,Low
12/31/2023,5 Series,2023,Europe,Red,Hybrid,Manual,4.6,158297,112164,6507,High
12/31/2015,i8,2015,Africa,Grey,Petrol,Automatic,2.5,14105,136434,50,Low
12/31/2024,X1,2024,Asia,White,Diesel,Manual,1.9,151473,68536,15000,High
12/31/2022,X1,2022,Europe,Black,Petrol,Automatic,1.9,149780,64626,1302,Low
12/31/2018,X6,2018,Asia,White,Electric,Automatic,3.4,104080,109798,4091,Low
12/31/2023,M3,2023,North America,Black,Diesel,Automatic,2.6,59295,116761,3161,Low
12/31/2011,i3,2011,Asia,Grey,Electric,Manual,2.4,5419,66230,4403,Low
12/31/2024,7 Series,2024,South America,Blue,Petrol,Manual,2.3,106305,123827,1129,Low
12/31/2024,X1,2024,Asia,Black,Hybrid,Manual,3.5,78699,109743,9857,High
12/31/2020,X6,2020,Europe,Grey,Petrol,Automatic,3.4,77040,114568,3906,Low
12/31/2016,i3,2016,South America,Black,Petrol,Automatic,3,133337,52308,3012,Low
12/31/2020,7 Series,2020,North America,Blue,Electric,Automatic,2,23003,150242,1460,Low
12/31/2014,7 Series,2014,Europe,White,Electric,Manual,4.8,83412,128449,354,Low
12/31/2022,X3,2022,Middle East,Blue,Hybrid,Manual,3,163495,93540,5894,High
12/31/2016,M3,2016,Europe,Red,Hybrid,Manual,1.9,104687,78639,2846,Low
12/31/2010,3 Series,2010,Europe,Black,Diesel,Automatic,1.6,143078,25000,7946,High
12/31/2020,X3,2020,Africa,Silver,Diesel,Manual,2,129186,66317,4411,Low
12/31/2020,3 Series,2020,Middle East,Red,Petrol,Manual,2.5,5369,95959,7338,High
12/31/2019,M5,2019,Europe,Black,Hybrid,Automatic,3.7,121375,127544,2279,Low
12/31/2018,X3,2018,Asia,Grey,Petrol,Automatic,4.9,74177,94183,7836,High
12/31/2010,7 Series,2010,South America,Black,Hybrid,Automatic,2.5,13965,101360,50,Low
12/31/2023,i8,2023,Asia,Black,Petrol,Manual,4.3,62149,172767,313,Low
12/31/2014,i3,2014,South America,White,Diesel,Automatic,4.7,93953,60555,2506,Low
12/31/2023,i3,2023,Africa,Blue,Electric,Manual,2.9,90774,102183,3746,Low
12/31/2017,M3,2017,Africa,Red,Electric,Automatic,2.4,26036,102740,1270,Low
12/31/2010,i8,2010,Europe,Blue,Diesel,Automatic,3.2,193406,84427,50,Low
12/31/2016,X5,2016,Asia,White,Hybrid,Automatic,4.6,111989,103547,5356,High
12/31/2011,5 Series,2011,Europe,Blue,Electric,Manual,1.5,29841,68005,5271,High
12/31/2016,i8,2016,Asia,Black,Petrol,Automatic,3.2,172737,120257,50,Low
12/31/2016,X3,2016,Asia,Blue,Hybrid,Manual,4.2,105132,80086,7884,High
12/31/2018,i3,2018,Africa,Red,Hybrid,Automatic,3.6,57589,94494,3212,Low
12/31/2015,X1,2015,Asia,Black,Hybrid,Manual,3.2,65715,66751,6660,High
12/31/2013,7 Series,2013,Africa,Blue,Electric,Automatic,3.4,30422,120455,50,Low
12/31/2016,5 Series,2016,South America,Blue,Diesel,Manual,3.7,158949,63106,3963,Low
12/31/2016,M3,2016,South America,Red,Electric,Manual,3.9,186551,84275,1410,Low
12/31/2013,i8,2013,Middle East,Blue,Hybrid,Automatic,2.7,50241,144964,50,Low
12/31/2011,M5,2011,Africa,Grey,Electric,Manual,3.3,162483,86519,50,Low
12/31/2022,X6,2022,South America,Blue,Diesel,Automatic,2.5,77839,105923,2449,Low
12/31/2020,3 Series,2020,Europe,Blue,Petrol,Manual,4.9,26035,105318,9756,High
12/31/2018,M3,2018,Africa,White,Diesel,Manual,2.2,35057,93378,1234,Low
12/31/2023,i3,2023,Europe,Red,Petrol,Manual,2,72683,85198,5974,High
12/31/2017,X6,2017,Africa,Black,Hybrid,Manual,2.4,53909,103396,1973,Low
12/31/2014,M5,2014,Asia,Black,Petrol,Automatic,4.7,114282,114268,1304,Low
12/31/2023,M5,2023,South America,Black,Diesel,Automatic,3.8,196512,127593,1511,Low
12/31/2014,X6,2014,Africa,Grey,Electric,Automatic,3.1,123431,89081,1609,Low
12/31/2010,X5,2010,Africa,Grey,Electric,Manual,4.7,134615,70614,2290,Low
12/31/2020,X3,2020,Asia,Silver,Electric,Manual,4.7,4760,129217,8926,High
12/31/2018,X6,2018,Middle East,Red,Hybrid,Manual,2.9,26280,115462,2558,Low
12/31/2020,i3,2020,South America,White,Diesel,Manual,3.5,151974,69845,3900,Low
12/31/2023,X3,2023,South America,White,Hybrid,Automatic,4.7,117259,108100,6426,High
12/31/2019,7 Series,2019,North America,Black,Hybrid,Automatic,2.6,63462,125932,1987,Low
12/31/2020,M5,2020,Middle East,White,Diesel,Automatic,2.9,133,147125,728,Low
12/31/2017,5 Series,2017,Asia,Black,Hybrid,Manual,4.3,65261,106644,6163,High
12/31/2014,7 Series,2014,Europe,Red,Electric,Manual,3.9,5507,133057,328,Low
12/31/2019,X5,2019,Middle East,Blue,Electric,Manual,1.7,74037,105085,4883,Low
12/31/2015,X3,2015,North America,Black,Electric,Automatic,1.9,4929,88179,7661,High
12/31/2021,7 Series,2021,Asia,Black,Diesel,Manual,4.5,60412,136853,1547,Low
12/31/2019,7 Series,2019,Middle East,White,Petrol,Automatic,1.6,39287,121033,724,Low
12/31/2020,i8,2020,South America,Grey,Diesel,Manual,4.7,165687,140341,50,Low
12/31/2019,X1,2019,South America,Red,Petrol,Automatic,2.5,86522,63755,5345,High
12/31/2017,X5,2017,Middle East,Blue,Petrol,Automatic,3.6,163502,81514,3677,Low
12/31/2015,X6,2015,Asia,Blue,Petrol,Automatic,3.5,188408,71120,4012,Low
12/31/2019,M5,2019,Africa,White,Diesel,Automatic,2.9,190039,96353,1133,Low
12/31/2023,X1,2023,Africa,Red,Petrol,Automatic,1.6,17237,91595,4120,Low
12/31/2013,X3,2013,North America,Silver,Hybrid,Manual,2.2,96022,57259,8966,High
12/31/2012,5 Series,2012,South America,Blue,Diesel,Automatic,3.7,172067,47098,4123,Low
12/31/2016,5 Series,2016,South America,Red,Hybrid,Automatic,3.1,158423,71599,3735,Low
12/31/2022,X5,2022,Africa,Silver,Electric,Automatic,2.9,117580,112125,3751,Low
12/31/2011,i8,2011,North America,White,Diesel,Automatic,1.8,21777,113515,50,Low
12/31/2016,M3,2016,Africa,Blue,Electric,Manual,2.7,119558,113542,903,Low
12/31/2010,M5,2010,Africa,Silver,Petrol,Automatic,3.3,77991,83380,50,Low
12/31/2022,X1,2022,South America,Black,Hybrid,Manual,1.8,22083,92293,6132,High
12/31/2019,X3,2019,North America,Silver,Electric,Manual,1.7,86739,85491,9670,High
12/31/2014,M5,2014,Europe,Grey,Diesel,Manual,3.2,65901,109387,1134,Low
12/31/2024,X5,2024,South America,Black,Hybrid,Automatic,3.5,5883,145740,3835,Low
12/31/2018,X3,2018,North America,Black,Electric,Automatic,2.4,127817,82575,9821,High
12/31/2022,X1,2022,South America,Red,Hybrid,Manual,2.6,117702,84522,5330,High
12/31/2024,i8,2024,North America,Red,Electric,Automatic,4.3,133286,184693,648,Low
12/31/2022,X1,2022,Europe,Silver,Diesel,Automatic,4.5,168941,78557,8750,High
12/31/2010,5 Series,2010,North America,Black,Petrol,Automatic,2.6,27562,59275,6512,High
12/31/2017,M5,2017,Middle East,Grey,Diesel,Automatic,2.7,78331,117385,809,Low
12/31/2018,X1,2018,Middle East,Black,Diesel,Automatic,4.4,90648,74259,4740,Low
12/31/2018,7 Series,2018,Asia,White,Diesel,Manual,4.9,139090,115623,1384,Low
12/31/2017,i3,2017,North America,Silver,Diesel,Manual,2.6,74155,66663,5658,High
12/31/2013,M3,2013,North America,Grey,Hybrid,Automatic,4.3,19815,105704,1932,Low
12/31/2023,3 Series,2023,South America,Black,Hybrid,Manual,3.2,85630,63589,8155,High
12/31/2023,7 Series,2023,North America,Blue,Electric,Automatic,2.4,57939,158846,1683,Low
12/31/2016,5 Series,2016,Asia,Red,Hybrid,Manual,3.9,171076,73989,6558,High
12/31/2010,X5,2010,Africa,Black,Diesel,Manual,3.1,136188,39392,2368,Low
12/31/2016,X3,2016,Asia,Silver,Diesel,Manual,2.4,55133,68871,8085,High
12/31/2015,X1,2015,Europe,Black,Hybrid,Automatic,1.9,123803,50976,7921,High
12/31/2014,M3,2014,Asia,White,Hybrid,Manual,4.5,39590,102328,2590,Low
12/31/2010,M5,2010,Middle East,Blue,Electric,Automatic,4.6,193715,102115,50,Low
12/31/2017,5 Series,2017,Asia,Grey,Hybrid,Manual,1.8,90364,78619,6769,High
12/31/2019,i3,2019,South America,Black,Electric,Manual,3.8,88688,97224,3183,Low
12/31/2010,X1,2010,Europe,White,Petrol,Automatic,2.1,113388,25000,7938,High
12/31/2010,7 Series,2010,North America,Silver,Electric,Automatic,3.8,132967,91201,449,Low
12/31/2023,i8,2023,South America,Silver,Petrol,Automatic,4.7,174395,158329,65,Low
12/31/2024,5 Series,2024,Middle East,Grey,Hybrid,Manual,2.4,19481,129429,6192,High
12/31/2012,i8,2012,Europe,Silver,Petrol,Manual,2.7,155914,97700,50,Low
12/31/2022,i3,2022,Africa,White,Hybrid,Automatic,4.3,23040,115843,2784,Low
12/31/2017,X3,2017,Africa,Grey,Diesel,Automatic,4.1,60204,100502,3890,Low
12/31/2017,M3,2017,Europe,Silver,Hybrid,Manual,2.9,128525,85274,2791,Low
12/31/2023,3 Series,2023,Middle East,Black,Diesel,Automatic,4.5,84820,109516,7051,High
12/31/2024,X6,2024,South America,Blue,Hybrid,Manual,4.7,18112,157151,2549,Low
12/31/2016,3 Series,2016,Asia,Silver,Petrol,Manual,3.1,43405,74874,10799,High
12/31/2014,i3,2014,North America,White,Hybrid,Manual,1.6,96905,53960,4248,Low
12/31/2024,X6,2024,South America,Red,Petrol,Manual,3.3,39095,127313,2890,Low
12/31/2017,M5,2017,Asia,Silver,Diesel,Automatic,4.1,91097,121462,1436,Low
12/31/2011,M3,2011,South America,Grey,Electric,Manual,2.3,163938,57676,1290,Low
12/31/2017,X5,2017,Europe,Blue,Diesel,Automatic,1.8,142452,64994,6559,High
12/31/2021,X3,2021,South America,Black,Diesel,Automatic,2.5,122754,74932,5802,High
12/31/2020,7 Series,2020,Middle East,Grey,Petrol,Manual,1.5,26200,120849,784,Low
12/31/2011,i8,2011,Middle East,Grey,Petrol,Automatic,4,63537,133655,50,Low
12/31/2019,M3,2019,Middle East,Silver,Hybrid,Manual,2,1815,119096,2111,Low
12/31/2014,7 Series,2014,Asia,Black,Electric,Manual,4,130866,106884,816,Low
12/31/2020,X1,2020,Europe,Grey,Diesel,Automatic,2.3,41797,79001,7958,High
12/31/2022,X5,2022,North America,Red,Diesel,Automatic,5,195515,102625,5509,High
12/31/2013,i3,2013,South America,Blue,Diesel,Manual,3.4,41537,56805,2668,Low
12/31/2024,i8,2024,Asia,White,Hybrid,Automatic,1.6,126301,156553,1164,Low
12/31/2022,X5,2022,South America,Blue,Petrol,Automatic,4.2,148851,106033,4050,Low
12/31/2010,X1,2010,Europe,Black,Diesel,Manual,2.9,97249,25195,6306,High
12/31/2014,3 Series,2014,Asia,Black,Diesel,Manual,3.6,110931,51683,8848,High
12/31/2016,3 Series,2016,Asia,Silver,Electric,Manual,4.8,164578,79361,8876,High
12/31/2010,X3,2010,Asia,White,Diesel,Automatic,3.3,180849,28094,8681,High
12/31/2011,3 Series,2011,Africa,Silver,Electric,Manual,4.3,171761,45891,4114,Low
12/31/2021,X3,2021,North America,Red,Hybrid,Automatic,2.6,16196,112698,9761,High
12/31/2024,3 Series,2024,Middle East,Grey,Hybrid,Automatic,4,118414,106580,7301,High
12/31/2023,M3,2023,Europe,Black,Hybrid,Manual,1.8,82977,112086,3344,Low
12/31/2018,i8,2018,South America,Red,Electric,Manual,4.6,158759,146677,50,Low
12/31/2021,i8,2021,South America,Blue,Electric,Manual,2.2,184699,134157,694,Low
12/31/2014,7 Series,2014,Africa,Blue,Hybrid,Automatic,2.6,146026,87307,165,Low
12/31/2023,M3,2023,South America,Black,Hybrid,Manual,4.9,180543,117762,2745,Low
12/31/2022,7 Series,2022,Middle East,White,Diesel,Automatic,2,32835,129737,1101,Low
12/31/2016,i3,2016,South America,Silver,Electric,Manual,2.4,5652,89289,2830,Low
12/31/2011,M5,2011,Asia,Black,Electric,Manual,3.5,17694,124216,561,Low
12/31/2016,5 Series,2016,South America,Black,Petrol,Automatic,4.9,79285,85749,4016,Low
12/31/2016,M5,2016,Europe,White,Petrol,Manual,3.9,97753,115337,1442,Low
12/31/2016,5 Series,2016,South America,Silver,Diesel,Automatic,1.9,184009,45297,4903,Low
12/31/2014,X1,2014,Africa,Grey,Petrol,Manual,4.1,160647,39159,4315,Low
12/31/2018,3 Series,2018,Europe,White,Petrol,Automatic,3,22097,41359,9254,High
12/31/2011,X6,2011,Africa,Blue,Petrol,Automatic,5,188280,60187,1396,Low
12/31/2013,X3,2013,North America,Red,Electric,Automatic,3.7,104081,73834,9055,High
12/31/2011,7 Series,2011,North America,Red,Hybrid,Manual,3.4,74874,99539,458,Low
12/31/2017,7 Series,2017,Middle East,Blue,Hybrid,Manual,3.5,105273,118597,409,Low
12/31/2021,X5,2021,South America,Red,Hybrid,Automatic,3.7,173961,99354,3872,Low
12/31/2020,3 Series,2020,South America,Red,Hybrid,Automatic,4.1,48304,101784,5665,High
12/31/2010,X3,2010,North America,Blue,Electric,Manual,1.8,171376,32750,7474,High
12/31/2018,i8,2018,Middle East,Blue,Petrol,Automatic,2,112684,138265,50,Low
12/31/2021,M5,2021,Africa,White,Hybrid,Automatic,2.6,161471,119707,1358,Low
12/31/2022,X5,2022,Middle East,Silver,Hybrid,Manual,3.2,20839,131154,4839,Low
12/31/2023,X1,2023,South America,Grey,Petrol,Automatic,2.6,19834,94009,5887,High
12/31/2014,7 Series,2014,North America,Red,Diesel,Automatic,2.2,81858,96195,953,Low
12/31/2020,X6,2020,North America,Silver,Petrol,Automatic,4.7,121131,110044,4760,Low
12/31/2021,X5,2021,Asia,White,Diesel,Automatic,1.6,104640,91483,6243,High
12/31/2012,3 Series,2012,Asia,Silver,Diesel,Manual,4.8,30380,64610,10383,High
12/31/2021,X5,2021,Middle East,White,Electric,Manual,4.7,173694,112230,4367,Low
12/31/2020,X5,2020,Africa,Grey,Hybrid,Manual,3.9,185338,92040,976,Low
12/31/2013,3 Series,2013,Middle East,Silver,Electric,Automatic,1.6,11427,70261,6305,High
12/31/2010,7 Series,2010,South America,Grey,Hybrid,Automatic,2.3,183795,66805,50,Low
12/31/2012,X5,2012,Middle East,Red,Petrol,Manual,4.9,29350,92128,3259,Low
12/31/2020,X3,2020,Middle East,Black,Electric,Manual,4.7,107081,105178,6830,High
12/31/2017,i8,2017,Europe,Grey,Electric,Manual,4.9,142326,149638,50,Low
12/31/2021,3 Series,2021,South America,Red,Hybrid,Manual,5,180792,83925,6868,High
12/31/2011,X3,2011,Europe,Grey,Petrol,Manual,1.7,185548,25000,7126,High
12/31/2011,7 Series,2011,Europe,Grey,Petrol,Manual,3.5,95518,85598,557,Low
12/31/2018,i8,2018,Asia,Black,Diesel,Manual,4.4,42759,154921,50,Low
12/31/2014,X3,2014,Europe,Silver,Hybrid,Manual,2.6,190087,48337,7630,High
12/31/2014,X6,2014,Asia,Grey,Diesel,Manual,3,39569,85394,553,Low
12/31/2010,i8,2010,North America,Blue,Hybrid,Manual,2.5,154095,107048,50,Low
12/31/2022,5 Series,2022,Asia,Silver,Diesel,Manual,1.6,101136,88581,7654,High
12/31/2015,M3,2015,South America,Grey,Electric,Manual,1.8,75046,86861,1203,Low
12/31/2017,X1,2017,Europe,Blue,Electric,Manual,1.6,171593,48668,8102,High
12/31/2015,3 Series,2015,Middle East,Red,Petrol,Automatic,3.3,106618,63048,6873,High
12/31/2023,X1,2023,Europe,Black,Petrol,Manual,3.7,55620,99569,7633,High
12/31/2024,i8,2024,North America,White,Diesel,Manual,2.6,8979,177606,288,Low
12/31/2016,X6,2016,North America,White,Hybrid,Manual,4.4,82729,106073,3362,Low
12/31/2023,i3,2023,North America,Silver,Petrol,Manual,4.6,174334,85299,4885,Low
12/31/2013,3 Series,2013,Europe,Grey,Diesel,Manual,2,36703,48725,7626,High
12/31/2011,M5,2011,North America,Red,Diesel,Automatic,1.7,93563,81577,1130,Low
12/31/2010,7 Series,2010,South America,White,Diesel,Manual,2.6,128865,63167,103,Low
12/31/2021,X1,2021,Europe,White,Diesel,Automatic,4,65380,91336,7713,High
12/31/2015,5 Series,2015,Asia,Silver,Electric,Automatic,3.3,73114,92085,6221,High
12/31/2018,X5,2018,Africa,Silver,Diesel,Manual,3.2,62790,86761,2713,Low
12/31/2019,M5,2019,Europe,White,Hybrid,Manual,2,77071,133037,2208,Low
12/31/2014,M5,2014,Middle East,Silver,Diesel,Manual,2.7,169230,88649,706,Low
12/31/2021,i3,2021,Middle East,Blue,Diesel,Manual,4.9,114875,87976,4146,Low
12/31/2011,M5,2011,Africa,Silver,Hybrid,Automatic,2.7,49280,98240,50,Low
12/31/2010,5 Series,2010,Africa,Red,Diesel,Manual,3.6,81874,48018,3129,Low
12/31/2012,X6,2012,North America,Grey,Petrol,Manual,1.7,172376,49370,3681,Low
12/31/2013,X3,2013,Asia,Red,Hybrid,Manual,1.7,88000,57276,8218,High
12/31/2016,i8,2016,Europe,White,Petrol,Manual,3,22751,149278,50,Low
12/31/2018,M5,2018,Asia,Red,Hybrid,Manual,3.6,69001,141233,1833,Low
12/31/2017,3 Series,2017,Middle East,Black,Hybrid,Automatic,2.8,124518,73180,7197,High
12/31/2018,7 Series,2018,South America,Grey,Diesel,Automatic,2.1,44088,108510,569,Low
12/31/2016,i3,2016,Europe,Silver,Petrol,Manual,4.1,1310,84002,4512,Low
12/31/2019,X5,2019,South America,Black,Petrol,Automatic,2,51092,93018,3609,Low
12/31/2017,3 Series,2017,Europe,Blue,Diesel,Manual,3.8,57830,76826,1634,Low
12/31/2017,5 Series,2017,North America,Black,Petrol,Automatic,4.8,25212,108177,6986,High
12/31/2010,5 Series,2010,Middle East,Blue,Petrol,Manual,3.1,166688,37806,3897,Low
12/31/2021,X6,2021,South America,White,Electric,Manual,2.2,8281,132908,3018,Low
12/31/2023,M5,2023,Africa,White,Electric,Manual,4.4,24317,174548,964,Low
12/31/2024,X1,2024,South America,Red,Hybrid,Manual,3.3,112228,91541,6663,High
12/31/2021,X6,2021,Europe,Red,Electric,Manual,4.7,194518,152037,3885,Low
12/31/2024,X1,2024,Africa,White,Hybrid,Automatic,4,161426,94267,4958,Low
12/31/2018,X3,2018,South America,White,Hybrid,Manual,3,133009,72242,5230,High
12/31/2011,i8,2011,Asia,Black,Hybrid,Manual,3.7,22061,132047,50,Low
12/31/2021,X5,2021,North America,Black,Diesel,Manual,2.1,131040,81469,6382,High
12/31/2020,i3,2020,Africa,Silver,Petrol,Automatic,2.9,187530,60081,2943,Low
12/31/2023,5 Series,2023,North America,Silver,Petrol,Manual,3.6,7805,129755,7571,High
12/31/2016,5 Series,2016,Africa,Grey,Petrol,Automatic,3.6,113994,72637,3714,Low
12/31/2022,X3,2022,Middle East,Silver,Hybrid,Manual,3.6,54265,116767,5668,High
12/31/2019,M5,2019,Africa,Red,Electric,Automatic,4.1,106850,146300,868,Low
12/31/2019,i8,2019,Africa,Silver,Diesel,Automatic,1.9,157309,113060,62,Low
12/31/2022,M3,2022,North America,Blue,Petrol,Automatic,1.8,66999,107002,3706,Low
12/31/2014,X6,2014,Asia,Grey,Electric,Automatic,2,41218,95231,3516,Low
12/31/2013,M3,2013,Africa,Blue,Petrol,Manual,4.3,67730,80294,884,Low
12/31/2010,5 Series,2010,Asia,White,Hybrid,Manual,1.7,105795,48180,7404,High
12/31/2010,i3,2010,Africa,Silver,Electric,Automatic,2.3,80738,49730,2007,Low
12/31/2012,M3,2012,Africa,Grey,Diesel,Automatic,2.4,96930,54941,1200,Low
12/31/2023,X5,2023,Africa,Silver,Diesel,Manual,3.8,101676,108283,3933,Low
12/31/2024,X3,2024,Middle East,Silver,Hybrid,Automatic,2.9,42890,119213,7152,High
12/31/2010,X6,2010,Asia,Grey,Petrol,Manual,2.2,90578,56051,4074,Low
12/31/2017,M3,2017,Middle East,White,Electric,Automatic,3.1,129133,104253,1611,Low
12/31/2012,5 Series,2012,Asia,Red,Diesel,Manual,3.9,199473,43087,7510,High
12/31/2020,5 Series,2020,Asia,Black,Hybrid,Automatic,4.3,98995,111085,6895,High
12/31/2019,5 Series,2019,Asia,Blue,Hybrid,Automatic,1.9,167666,78449,7544,High
12/31/2011,X3,2011,Asia,Blue,Hybrid,Manual,4,120915,58237,7764,High
12/31/2015,i8,2015,Middle East,Red,Diesel,Manual,1.5,59348,122375,50,Low
12/31/2013,M5,2013,Europe,Blue,Petrol,Automatic,4,134346,103766,886,Low
12/31/2022,i3,2022,South America,Grey,Electric,Manual,3.8,77455,103295,601,Low
12/31/2022,X1,2022,Africa,Red,Diesel,Manual,3.1,78709,82058,4904,Low
12/31/2023,3 Series,2023,Europe,Blue,Hybrid,Manual,2,176969,78383,9747,High
12/31/2020,X3,2020,North America,Red,Diesel,Automatic,4.2,48372,104247,9619,High
12/31/2023,X3,2023,Asia,Grey,Hybrid,Manual,1.8,142662,89145,11514,High
12/31/2022,M3,2022,South America,Red,Diesel,Automatic,4.6,33412,127200,1853,Low
12/31/2020,X5,2020,Middle East,Red,Electric,Automatic,4.2,190365,107446,4779,Low
12/31/2022,M3,2022,Middle East,Blue,Petrol,Manual,4.1,27623,128231,1846,Low
12/31/2013,5 Series,2013,Asia,Black,Electric,Manual,4.1,115731,78754,5941,High
12/31/2011,5 Series,2011,Asia,Blue,Electric,Manual,1.7,34650,69196,6164,High
12/31/2011,7 Series,2011,Asia,Grey,Petrol,Automatic,5,98533,98001,603,Low
12/31/2020,X5,2020,North America,Red,Hybrid,Manual,4.5,46256,126685,6122,High
12/31/2015,M3,2015,Africa,Red,Petrol,Manual,3.3,98958,73780,1198,Low
12/31/2014,7 Series,2014,Europe,Grey,Electric,Manual,4,187096,101367,819,Low
12/31/2018,X1,2018,South America,Grey,Diesel,Automatic,4.1,78382,69443,5518,High
12/31/2013,i8,2013,Africa,Grey,Petrol,Automatic,4.4,87205,124792,50,Low
12/31/2014,i3,2014,Europe,Red,Electric,Automatic,2.4,30602,73270,4799,Low
12/31/2024,i8,2024,Asia,Silver,Petrol,Automatic,2.8,24076,185513,227,Low
12/31/2010,i3,2010,Europe,Grey,Petrol,Manual,4.3,130931,39856,4799,Low
12/31/2021,3 Series,2021,Europe,Silver,Hybrid,Manual,4.2,42371,111709,9130,High
12/31/2021,M3,2021,South America,White,Diesel,Automatic,3.3,24559,119714,1738,Low
12/31/2011,M3,2011,South America,Silver,Diesel,Automatic,2.9,186224,43164,1461,Low
12/31/2012,i3,2012,North America,Grey,Petrol,Manual,4.9,14895,76016,3761,Low
12/31/2014,M5,2014,Europe,Red,Diesel,Manual,3,75746,99871,1197,Low
12/31/2021,X5,2021,Africa,Blue,Hybrid,Manual,4.2,179924,93873,4109,Low
12/31/2014,X6,2014,Asia,Black,Hybrid,Manual,2.9,90306,89192,3284,Low
12/31/2013,X6,2013,Europe,White,Petrol,Manual,2.6,166213,57518,3779,Low
12/31/2023,i8,2023,Middle East,Silver,Diesel,Automatic,3.7,156087,165872,50,Low
12/31/2019,5 Series,2019,Europe,Silver,Petrol,Automatic,4.3,68198,103261,5689,High
12/31/2012,i3,2012,Asia,Blue,Hybrid,Automatic,4.9,129836,63083,4772,Low
12/31/2018,M3,2018,Asia,Black,Petrol,Manual,2,178063,69345,3221,Low
12/31/2010,i8,2010,South America,White,Electric,Automatic,4.6,64888,135650,50,Low
12/31/2015,X6,2015,Asia,Blue,Petrol,Automatic,3.3,114355,86189,4619,Low
12/31/2016,i3,2016,Europe,Blue,Electric,Automatic,1.9,131527,63783,4180,Low
12/31/2019,5 Series,2019,Africa,Grey,Electric,Automatic,4.3,2649,120532,3556,Low
12/31/2013,X5,2013,Europe,White,Hybrid,Manual,2.7,35762,82157,5513,High
12/31/2019,X5,2019,North America,Grey,Electric,Automatic,4.5,48749,129976,6224,High
12/31/2012,X1,2012,Middle East,Black,Petrol,Automatic,2.1,75104,41534,4554,Low
12/31/2017,X1,2017,North America,Silver,Hybrid,Automatic,4,137202,69945,8741,High
12/31/2018,i3,2018,South America,White,Petrol,Automatic,2.6,92792,66952,3687,Low
12/31/2022,X3,2022,Europe,Blue,Petrol,Automatic,2.4,46369,98982,9223,High
12/31/2010,3 Series,2010,Africa,Blue,Electric,Manual,1.7,24284,49497,4358,Low
12/31/2024,3 Series,2024,Asia,Black,Hybrid,Manual,3.2,57170,115251,10767,High
12/31/2024,i8,2024,North America,Blue,Electric,Manual,2.9,30232,187317,752,Low
12/31/2024,i8,2024,Europe,Blue,Hybrid,Automatic,1.7,110426,169459,869,Low
12/31/2024,X1,2024,Europe,Grey,Electric,Automatic,2.3,108902,102152,8674,High
12/31/2020,X1,2020,Asia,Red,Electric,Manual,3.2,178537,74664,8202,High
12/31/2021,i3,2021,Europe,Red,Petrol,Automatic,4.3,188517,80222,5442,High
12/31/2019,7 Series,2019,South America,Silver,Diesel,Manual,4.8,43150,131225,455,Low
12/31/2018,X5,2018,Africa,Black,Electric,Automatic,3.3,104336,97475,3914,Low
12/31/2016,M5,2016,South America,Grey,Petrol,Automatic,2.9,82944,109000,551,Low
12/31/2010,i3,2010,South America,White,Electric,Automatic,4.8,172022,51435,1944,Low
12/31/2016,X3,2016,North America,White,Hybrid,Manual,4.9,72582,88540,8121,High
12/31/2014,X3,2014,Europe,Blue,Diesel,Manual,2.2,145448,41338,9299,High
12/31/2019,M3,2019,Africa,White,Hybrid,Manual,3.4,21586,120584,3743,Low
12/31/2022,7 Series,2022,South America,Black,Petrol,Manual,4.4,121532,124491,914,Low
12/31/2022,M3,2022,North America,Red,Petrol,Manual,4.4,79312,122070,2873,Low
12/31/2016,i8,2016,North America,Red,Diesel,Manual,3.9,78214,139769,50,Low
12/31/2021,M5,2021,Middle East,White,Hybrid,Automatic,3.2,21741,166907,1174,Low
12/31/2018,7 Series,2018,Europe,Black,Electric,Automatic,2.9,15007,136242,1434,Low
12/31/2017,X6,2017,North America,Blue,Petrol,Manual,4.3,99366,96320,4081,Low
12/31/2015,7 Series,2015,North America,White,Electric,Automatic,2.3,98520,106512,893,Low
12/31/2011,X1,2011,Asia,Silver,Electric,Manual,3,175384,33624,8527,High
12/31/2017,X1,2017,Europe,Blue,Electric,Automatic,3.5,176848,67451,7786,High
12/31/2021,X1,2021,Middle East,Black,Diesel,Automatic,4.4,185994,69809,6619,High
12/31/2023,5 Series,2023,Middle East,Red,Hybrid,Manual,2.8,142452,101544,5010,High
12/31/2013,X1,2013,Middle East,White,Petrol,Manual,3.4,185747,30103,6014,High
12/31/2017,M5,2017,Africa,Grey,Petrol,Manual,2.5,193187,83332,1010,Low
12/31/2024,5 Series,2024,Africa,Red,Petrol,Manual,4.4,40229,127056,3470,Low
12/31/2016,X1,2016,Africa,White,Hybrid,Automatic,4.2,46725,78694,4068,Low
12/31/2013,M5,2013,Middle East,Red,Diesel,Automatic,4.4,131560,105266,339,Low
12/31/2017,X3,2017,South America,Red,Hybrid,Automatic,1.7,127426,65294,5742,High
12/31/2020,X1,2020,Middle East,White,Diesel,Automatic,3.2,144764,63911,6124,High
12/31/2020,7 Series,2020,Europe,White,Petrol,Manual,2,65964,114499,1309,Low
12/31/2021,X5,2021,North America,Grey,Electric,Manual,3.9,56697,134529,7130,High
12/31/2020,M3,2020,Europe,White,Diesel,Manual,2.6,24090,103530,2666,Low
12/31/2011,X1,2011,South America,Black,Hybrid,Automatic,4.2,31810,62031,4224,Low
12/31/2018,M5,2018,Europe,Silver,Diesel,Automatic,1.7,96905,111491,1732,Low
12/31/2015,i3,2015,Europe,Grey,Hybrid,Automatic,3.3,100213,71241,5099,High
12/31/2016,i3,2016,North America,Blue,Petrol,Manual,1.9,56953,62729,5537,High
12/31/2019,M5,2019,Africa,Grey,Diesel,Manual,3.5,129917,109323,817,Low
12/31/2010,i3,2010,Middle East,White,Diesel,Manual,3.6,61982,46021,2773,Low
12/31/2012,M5,2012,Africa,Grey,Petrol,Manual,3.1,152709,77930,255,Low
12/31/2023,M3,2023,North America,Silver,Electric,Automatic,2.5,168343,114272,4187,Low
12/31/2019,i3,2019,Asia,Blue,Diesel,Manual,1.6,182862,45556,6301,High
12/31/2014,X3,2014,Africa,Red,Hybrid,Manual,3.8,96258,68054,4557,Low
12/31/2024,X5,2024,Europe,Grey,Electric,Automatic,4.5,183329,121101,6080,High
12/31/2021,X1,2021,Africa,Black,Petrol,Automatic,4.1,13358,96442,3658,Low
12/31/2016,i3,2016,Asia,Silver,Diesel,Manual,4.6,79378,72986,5541,High
12/31/2010,M5,2010,North America,Blue,Electric,Automatic,4.8,142621,103162,662,Low
12/31/2018,7 Series,2018,South America,Red,Diesel,Automatic,3.1,26785,117007,506,Low
12/31/2014,5 Series,2014,Asia,White,Hybrid,Automatic,3.9,190899,67111,6829,High
12/31/2022,M3,2022,Africa,Red,Hybrid,Manual,2.9,72637,114562,2392,Low
12/31/2021,i8,2021,Europe,White,Petrol,Automatic,4.7,154196,148650,268,Low
12/31/2012,M5,2012,South America,Black,Petrol,Manual,3.5,163138,81000,332,Low
12/31/2016,X5,2016,South America,Blue,Diesel,Manual,4.1,51361,90015,3366,Low
12/31/2019,X6,2019,Europe,White,Hybrid,Manual,1.6,109799,90927,4913,Low
12/31/2017,3 Series,2017,South America,Grey,Electric,Manual,3.5,132982,77133,5109,High
12/31/2019,X1,2019,Africa,White,Hybrid,Manual,4.1,14191,93857,4310,Low
12/31/2019,3 Series,2019,Asia,Red,Hybrid,Automatic,2.4,16182,96216,11760,High
12/31/2012,X3,2012,Asia,Silver,Petrol,Automatic,1.6,137313,33392,8204,High
12/31/2016,i8,2016,Asia,White,Electric,Automatic,4.1,26834,165803,50,Low
12/31/2016,X3,2016,Europe,Red,Hybrid,Manual,2.7,153723,61899,9349,High
12/31/2013,M3,2013,Asia,Black,Petrol,Manual,3,154752,61896,3095,Low
12/31/2019,i3,2019,North America,Grey,Hybrid,Automatic,3.5,87366,91712,6095,High
12/31/2018,X1,2018,Asia,Black,Electric,Automatic,1.9,109498,67618,8376,High
12/31/2010,M5,2010,South America,Grey,Petrol,Manual,1.9,135637,64517,290,Low
12/31/2010,i8,2010,Asia,Grey,Diesel,Manual,4.9,39460,132981,50,Low
12/31/2014,X1,2014,Asia,Grey,Hybrid,Automatic,2.7,171333,42338,8202,High
12/31/2022,M5,2022,Europe,Red,Petrol,Manual,2.4,26626,138591,1936,Low
12/31/2012,X5,2012,Asia,Black,Petrol,Manual,1.7,197105,34200,6009,High
12/31/2019,i8,2019,Europe,White,Hybrid,Automatic,2.1,70818,154181,355,Low
12/31/2022,X1,2022,Africa,Grey,Diesel,Automatic,3,197934,59277,5225,High
12/31/2018,i8,2018,Asia,Grey,Electric,Automatic,2.7,67801,157084,285,Low
12/31/2014,7 Series,2014,North America,Red,Hybrid,Automatic,3,142882,98450,994,Low
12/31/2016,i3,2016,Middle East,Silver,Electric,Manual,4,138175,74533,3505,Low
12/31/2010,5 Series,2010,South America,Grey,Petrol,Automatic,3.7,23143,68088,3466,Low
12/31/2011,X5,2011,Asia,Grey,Petrol,Manual,3.2,71018,65891,4786,Low
12/31/2024,X3,2024,North America,Grey,Hybrid,Automatic,4.4,106669,119124,10758,High
12/31/2020,M3,2020,Asia,Red,Electric,Automatic,4.5,28804,134630,2853,Low
12/31/2021,M3,2021,Africa,Silver,Electric,Automatic,3.6,145595,116223,2070,Low
12/31/2013,X3,2013,Middle East,White,Hybrid,Automatic,1.9,98741,58860,5660,High
12/31/2024,7 Series,2024,South America,White,Petrol,Automatic,2.9,186417,113004,1486,Low
12/31/2018,X3,2018,Europe,Silver,Electric,Manual,3.7,189457,72524,7911,High
12/31/2014,X1,2014,Middle East,Grey,Electric,Manual,1.7,2224,71420,4730,Low
12/31/2014,3 Series,2014,Middle East,Black,Electric,Manual,1.6,130984,54514,6319,High
12/31/2018,X5,2018,North America,Blue,Electric,Automatic,4.8,175895,102285,5878,High
12/31/2017,5 Series,2017,Europe,Black,Petrol,Automatic,4.1,23566,104720,6247,High
12/31/2011,3 Series,2011,Asia,White,Petrol,Automatic,2,167633,25000,10070,High
12/31/2016,7 Series,2016,Europe,Black,Hybrid,Manual,3.1,24207,126349,793,Low
12/31/2010,M3,2010,Middle East,White,Petrol,Automatic,2.2,141969,49886,1353,Low
12/31/2019,3 Series,2019,Middle East,Blue,Hybrid,Automatic,1.5,122074,75500,8018,High
12/31/2020,X1,2020,Africa,White,Petrol,Manual,2.9,104448,64171,5038,High
12/31/2020,i8,2020,Asia,White,Petrol,Manual,3.8,61690,156765,76,Low
12/31/2024,i3,2024,Middle East,White,Petrol,Manual,4.8,121226,103134,4378,Low
12/31/2018,X3,2018,Asia,Grey,Electric,Manual,4.2,117414,89034,8653,High
12/31/2012,X5,2012,North America,Black,Electric,Automatic,2.3,148937,65024,5225,High
12/31/2022,3 Series,2022,South America,Red,Diesel,Manual,2.7,193140,60593,6219,High
12/31/2011,5 Series,2011,Middle East,Black,Diesel,Manual,3.3,32422,64866,3607,Low
12/31/2013,X6,2013,Europe,White,Electric,Manual,2.2,41929,89399,3642,Low
12/31/2013,X5,2013,South America,Grey,Hybrid,Manual,4.4,66547,85109,2738,Low
12/31/2012,X3,2012,Africa,Black,Electric,Manual,2.1,161952,43481,4195,Low
12/31/2011,X5,2011,Africa,Silver,Diesel,Automatic,2.5,162100,38028,2532,Low
12/31/2014,M3,2014,Africa,Blue,Petrol,Manual,3.5,197311,53348,1480,Low
12/31/2013,M3,2013,Africa,Blue,Hybrid,Manual,1.9,65224,72790,984,Low
12/31/2014,M5,2014,Asia,Grey,Hybrid,Automatic,3.7,45512,130998,1000,Low
12/31/2022,M3,2022,Middle East,White,Petrol,Manual,4.8,27930,138524,1776,Low
12/31/2021,X5,2021,South America,Silver,Petrol,Manual,3.9,177813,89893,4189,Low
12/31/2021,7 Series,2021,Asia,Grey,Hybrid,Automatic,4.3,7782,157455,1753,Low
12/31/2017,M5,2017,Europe,Red,Diesel,Manual,3,164521,102517,1447,Low
12/31/2020,7 Series,2020,Africa,Grey,Diesel,Manual,2.8,183167,89830,1116,Low
12/31/2024,i3,2024,North America,Black,Petrol,Manual,2.7,40372,103996,5201,High
12/31/2011,M3,2011,Africa,Grey,Hybrid,Automatic,3.8,607,92008,412,Low
12/31/2018,X3,2018,Middle East,Black,Petrol,Automatic,3.3,127056,75705,6109,High
12/31/2019,X5,2019,Middle East,Grey,Electric,Automatic,3.2,167744,100641,4955,Low
12/31/2010,M3,2010,South America,Black,Diesel,Manual,1.9,114605,38403,1373,Low
12/31/2017,X3,2017,Africa,Grey,Petrol,Manual,3.9,83853,76037,4858,Low
12/31/2021,i8,2021,Middle East,Black,Petrol,Manual,4,16158,186006,50,Low
12/31/2014,i3,2014,Africa,White,Petrol,Manual,2.2,183495,27428,2949,Low
12/31/2011,7 Series,2011,Middle East,Red,Petrol,Automatic,4.2,174476,79308,142,Low
12/31/2017,5 Series,2017,Middle East,White,Diesel,Manual,4.6,77956,95237,1045,Low
12/31/2014,i8,2014,Europe,Red,Diesel,Manual,2.1,69403,114635,50,Low
12/31/2019,X6,2019,Africa,Blue,Electric,Automatic,3.1,169091,99973,2570,Low
12/31/2024,3 Series,2024,Middle East,Grey,Petrol,Manual,4.6,14108,123094,7320,High
12/31/2023,X6,2023,Europe,Black,Petrol,Automatic,3.2,172137,103194,4448,Low
12/31/2019,X6,2019,South America,Black,Electric,Manual,4.4,193866,105871,2797,Low
12/31/2022,X1,2022,Africa,Blue,Petrol,Automatic,2.3,133023,71816,4743,Low
12/31/2023,5 Series,2023,Europe,Grey,Electric,Automatic,1.7,145142,97404,8193,High
12/31/2012,X1,2012,South America,Blue,Diesel,Manual,1.7,59277,29898,4827,Low
12/31/2016,7 Series,2016,South America,Silver,Petrol,Automatic,4.9,76546,116861,189,Low
12/31/2013,X6,2013,South America,White,Electric,Manual,2.1,42232,85114,1832,Low
12/31/2020,M3,2020,Middle East,Red,Diesel,Automatic,4.5,68550,113441,2072,Low
12/31/2020,X1,2020,Asia,White,Diesel,Automatic,2.6,24283,79706,8812,High
12/31/2019,5 Series,2019,Middle East,Blue,Hybrid,Manual,1.6,154093,78384,4850,Low
12/31/2021,X5,2021,Europe,White,Electric,Automatic,2.3,183725,97880,6952,High
12/31/2024,X1,2024,South America,Red,Electric,Automatic,3.3,196576,85118,5812,High
12/31/2015,5 Series,2015,South America,Silver,Electric,Manual,1.9,164561,59965,3961,Low
12/31/2019,X5,2019,South America,Blue,Petrol,Automatic,4.7,37852,112819,3471,Low
12/31/2017,M5,2017,Africa,Blue,Hybrid,Automatic,4.6,31649,147186,50,Low
12/31/2010,i3,2010,North America,Silver,Diesel,Automatic,2,198110,25000,5125,High
12/31/2011,5 Series,2011,Europe,Red,Hybrid,Manual,4.1,150187,57576,6626,High
12/31/2023,X5,2023,Asia,Black,Hybrid,Automatic,3.1,42509,126834,6822,High
12/31/2022,X3,2022,North America,White,Diesel,Manual,4.9,177681,86969,8514,High
12/31/2017,7 Series,2017,Europe,Red,Petrol,Manual,1.7,113068,90464,2839,Low
12/31/2024,X6,2024,North America,Grey,Diesel,Manual,3.1,128869,108903,5249,High
12/31/2016,7 Series,2016,Middle East,Black,Petrol,Automatic,2.5,132248,100778,543,Low
12/31/2019,i8,2019,Europe,Blue,Petrol,Automatic,4,188981,131340,256,Low
12/31/2018,i3,2018,Asia,Blue,Electric,Automatic,1.9,135200,71736,5273,High
12/31/2011,i8,2011,Europe,Red,Petrol,Manual,3.7,177109,98542,50,Low
12/31/2017,5 Series,2017,Middle East,Red,Hybrid,Manual,4.8,73514,104992,4602,Low
12/31/2015,M5,2015,Europe,Grey,Electric,Automatic,3.1,65978,131587,785,Low
12/31/2024,5 Series,2024,South America,Red,Hybrid,Manual,3.1,33919,126872,5104,High
12/31/2010,X3,2010,Middle East,Silver,Diesel,Automatic,3.2,30631,53948,5610,High
12/31/2013,X5,2013,Africa,Grey,Petrol,Automatic,3,196948,46466,2946,Low
12/31/2023,M3,2023,North America,Black,Petrol,Manual,3.1,104833,113949,2981,Low
12/31/2024,M5,2024,South America,Blue,Diesel,Automatic,3.1,128734,129557,1351,Low
12/31/2011,i3,2011,Africa,Silver,Petrol,Automatic,5,41221,63554,1743,Low
12/31/2016,X1,2016,North America,Blue,Electric,Manual,1.9,122309,57285,7945,High
12/31/2018,5 Series,2018,Africa,Red,Petrol,Automatic,2.5,187612,59467,4448,Low
12/31/2015,X3,2015,South America,White,Hybrid,Automatic,2.2,178286,49359,5814,High
12/31/2013,M3,2013,South America,Red,Diesel,Manual,3.4,104505,63839,1309,Low
12/31/2014,3 Series,2014,North America,Blue,Diesel,Manual,1.5,17761,52741,8569,High
12/31/2020,5 Series,2020,Africa,Black,Diesel,Automatic,4.7,31460,113873,3340,Low
12/31/2010,M5,2010,Europe,Blue,Electric,Manual,3.4,122758,95067,766,Low
12/31/2022,i8,2022,Europe,Silver,Petrol,Automatic,4.6,148082,155398,322,Low
12/31/2013,i3,2013,Middle East,White,Diesel,Automatic,2.7,152836,40176,3746,Low
12/31/2022,X3,2022,South America,Red,Petrol,Manual,2,163061,68538,5870,High
12/31/2019,X5,2019,Africa,Red,Diesel,Manual,2.2,36014,92099,2944,Low
12/31/2012,X6,2012,South America,Silver,Electric,Manual,3.1,151801,68582,1785,Low
12/31/2018,3 Series,2018,Middle East,Silver,Diesel,Manual,1.6,189307,44095,7575,High
12/31/2015,i3,2015,North America,White,Diesel,Manual,4.2,183855,47647,5430,High
12/31/2024,M3,2024,Africa,Silver,Diesel,Automatic,4.3,128989,116453,2199,Low
12/31/2013,3 Series,2013,Europe,Silver,Electric,Automatic,4,94082,74916,8077,High
12/31/2012,i3,2012,Africa,Black,Hybrid,Automatic,4.6,93518,62813,2100,Low
12/31/2021,3 Series,2021,North America,Grey,Petrol,Manual,3.4,187847,69662,10541,High
12/31/2024,X3,2024,Europe,Grey,Petrol,Manual,3.2,90910,104164,7747,High
12/31/2022,M5,2022,Asia,Silver,Petrol,Manual,3.4,100246,140027,1760,Low
12/31/2013,7 Series,2013,Middle East,Red,Petrol,Manual,2.1,70862,94449,220,Low
12/31/2017,5 Series,2017,North America,Red,Hybrid,Automatic,3.3,126425,85766,5960,High
12/31/2021,M5,2021,Africa,Red,Electric,Manual,3.4,77290,142295,1202,Low
12/31/2014,5 Series,2014,North America,Blue,Electric,Automatic,4.2,3248,108036,5404,High
12/31/2022,5 Series,2022,South America,Silver,Diesel,Manual,2.7,8540,109085,4993,Low
12/31/2024,5 Series,2024,North America,Silver,Diesel,Manual,1.8,126319,88545,8213,High
12/31/2020,i8,2020,North America,Black,Electric,Automatic,3.6,5650,179410,169,Low
12/31/2010,X3,2010,Asia,Black,Electric,Automatic,4.3,33864,79826,7925,High
12/31/2014,X1,2014,Middle East,Red,Hybrid,Automatic,4.9,191487,59003,4381,Low
12/31/2017,M5,2017,Asia,Grey,Hybrid,Automatic,1.8,44575,129769,1177,Low
12/31/2020,X5,2020,South America,White,Petrol,Automatic,4.1,85437,108959,3927,Low
12/31/2024,5 Series,2024,Middle East,Red,Diesel,Automatic,3.6,191211,101658,5940,High
12/31/2021,i8,2021,Africa,Black,Diesel,Manual,1.6,28987,138321,50,Low
12/31/2013,7 Series,2013,Europe,White,Petrol,Automatic,4,157322,91774,163,Low
12/31/2023,i8,2023,North America,Black,Petrol,Automatic,1.6,173217,141658,779,Low
12/31/2011,3 Series,2011,Africa,Red,Electric,Automatic,4.2,48180,71301,4172,Low
12/31/2022,3 Series,2022,North America,Silver,Diesel,Automatic,4,132518,89365,9709,High
12/31/2024,M5,2024,Africa,White,Electric,Manual,3.9,145475,151237,1260,Low
12/31/2012,X5,2012,Asia,Black,Diesel,Automatic,1.9,122037,52176,5576,High
12/31/2023,X6,2023,Asia,Black,Diesel,Manual,4.7,180078,105896,5467,High
12/31/2020,M5,2020,South America,White,Petrol,Automatic,4.6,75670,140139,756,Low
12/31/2018,3 Series,2018,Middle East,Grey,Diesel,Manual,4.7,145342,69883,7715,High
12/31/2023,3 Series,2023,South America,Grey,Diesel,Automatic,2.8,136120,81309,6666,High
12/31/2016,M3,2016,South America,Silver,Hybrid,Automatic,3.2,157948,80451,1531,Low
12/31/2012,3 Series,2012,Middle East,Black,Petrol,Manual,1.9,27608,49466,5292,High
12/31/2014,X1,2014,South America,White,Electric,Automatic,1.7,133283,44137,4292,Low
12/31/2012,3 Series,2012,South America,Silver,Diesel,Manual,1.7,165939,25000,6372,High
12/31/2019,X1,2019,Europe,Black,Diesel,Automatic,3.5,130146,66466,8760,High
12/31/2013,M3,2013,Asia,Silver,Petrol,Manual,2.6,115835,64651,2428,Low
12/31/2021,5 Series,2021,Middle East,Blue,Petrol,Automatic,3.5,44946,111884,4057,Low
12/31/2017,X3,2017,Africa,White,Hybrid,Manual,3.6,129556,72730,4645,Low
12/31/2023,3 Series,2023,North America,Silver,Diesel,Manual,4.7,121427,100561,10056,High
12/31/2012,i8,2012,Africa,Blue,Hybrid,Manual,4.6,92622,131006,50,Low
12/31/2012,X5,2012,North America,Grey,Petrol,Manual,4,40363,79610,5440,High
12/31/2020,7 Series,2020,Africa,Silver,Diesel,Automatic,4.4,100511,119431,696,Low
12/31/2020,M5,2020,North America,Red,Electric,Automatic,1.5,86843,130573,2209,Low
12/31/2017,5 Series,2017,Middle East,Black,Hybrid,Automatic,1.6,110318,82626,3967,Low
12/31/2019,i8,2019,South America,Black,Electric,Manual,3.1,107909,154779,50,Low
12/31/2022,M5,2022,Europe,Black,Petrol,Automatic,3.8,93153,143326,1604,Low
12/31/2019,i3,2019,Asia,Blue,Diesel,Automatic,4.3,164480,72243,5957,High
12/31/2016,5 Series,2016,Asia,White,Electric,Manual,3.1,2292,108233,7470,High
12/31/2016,X5,2016,Asia,Grey,Petrol,Manual,4.8,99690,93631,5799,High
12/31/2019,X5,2019,Middle East,Silver,Petrol,Automatic,4.4,177422,89424,4293,Low
12/31/2011,M5,2011,Asia,Silver,Diesel,Automatic,1.9,38758,96422,1010,Low
12/31/2021,7 Series,2021,Asia,Blue,Electric,Manual,3,146432,132933,1842,Low
12/31/2016,X1,2016,Asia,Red,Electric,Manual,5,195858,63135,8926,High
12/31/2019,3 Series,2019,South America,Blue,Hybrid,Manual,2.9,197781,64575,6241,High
12/31/2020,X3,2020,North America,Black,Hybrid,Automatic,2.9,76549,95507,8438,High
12/31/2019,X3,2019,Africa,Silver,Hybrid,Automatic,2.5,191740,69037,4968,Low
12/31/2012,X1,2012,Europe,Blue,Electric,Manual,3.2,25014,64571,7454,High
12/31/2023,X5,2023,North America,Black,Electric,Automatic,4.1,28353,146895,6954,High
12/31/2016,X5,2016,North America,Black,Electric,Manual,1.7,80046,89559,6121,High
12/31/2022,X6,2022,Europe,Black,Petrol,Manual,4.4,123949,114556,4795,Low
12/31/2013,i3,2013,Africa,Black,Diesel,Automatic,4.7,31591,69496,1773,Low
12/31/2022,3 Series,2022,Middle East,Silver,Petrol,Automatic,4.2,145378,93299,7307,High
12/31/2017,i3,2017,Asia,White,Diesel,Automatic,4.7,139212,72397,5897,High
12/31/2017,i8,2017,Africa,Grey,Hybrid,Manual,1.8,18969,140400,50,Low
12/31/2015,i3,2015,Asia,Black,Hybrid,Manual,3.1,143096,60363,5697,High
12/31/2022,i3,2022,Europe,Red,Hybrid,Manual,1.7,116483,84138,5852,High
12/31/2021,M3,2021,South America,Grey,Hybrid,Manual,4.4,46275,129899,2312,Low
12/31/2012,3 Series,2012,Africa,Grey,Hybrid,Manual,4.8,31084,75170,4235,Low
12/31/2015,M3,2015,Asia,Silver,Diesel,Automatic,2.5,86196,76775,3014,Low
12/31/2015,X6,2015,North America,Silver,Hybrid,Manual,3.4,28700,103561,3418,Low
12/31/2012,i8,2012,Asia,Black,Electric,Automatic,2.5,87926,132381,50,Low
12/31/2020,M3,2020,Europe,Red,Electric,Manual,2.8,96535,108622,3722,Low
12/31/2013,7 Series,2013,Europe,Silver,Electric,Automatic,3.2,161468,98688,636,Low
12/31/2024,X1,2024,North America,Blue,Petrol,Automatic,4.3,46145,106151,9109,High
12/31/2011,i3,2011,North America,Silver,Hybrid,Manual,2,50359,50273,3894,Low
12/31/2024,i3,2024,Europe,Blue,Hybrid,Manual,2,111625,91467,6537,High
12/31/2010,X6,2010,Asia,Black,Diesel,Manual,2.2,114790,49765,4061,Low
12/31/2011,i3,2011,North America,White,Electric,Automatic,1.7,133828,43618,951,Low
12/31/2016,7 Series,2016,Europe,Red,Electric,Manual,3.8,188341,107534,903,Low
12/31/2019,5 Series,2019,Europe,Blue,Petrol,Manual,2.2,77331,79300,6379,High
12/31/2014,7 Series,2014,Asia,Red,Petrol,Automatic,3,61378,106075,773,Low
12/31/2018,X5,2018,Asia,Grey,Hybrid,Automatic,3.9,77818,107807,5608,High
12/31/2012,i8,2012,Europe,Blue,Hybrid,Manual,3.1,36261,55995,317,Low
12/31/2011,5 Series,2011,Europe,White,Electric,Manual,4.7,103523,78973,6447,High
12/31/2024,X3,2024,Asia,White,Petrol,Automatic,4.2,156907,99764,1269,Low
12/31/2013,M3,2013,Asia,Red,Hybrid,Manual,2.5,77455,76290,2434,Low
12/31/2011,M5,2011,South America,White,Electric,Automatic,2,184706,80332,236,Low
12/31/2020,i8,2020,Europe,Red,Electric,Manual,4.6,67647,182839,107,Low
12/31/2016,3 Series,2016,North America,Silver,Petrol,Manual,2.9,92,81715,10059,High
12/31/2019,i3,2019,North America,Silver,Hybrid,Automatic,2.8,63003,91087,5298,High
12/31/2015,X5,2015,North America,White,Electric,Manual,4.3,189341,79186,6076,High
12/31/2017,5 Series,2017,Asia,Black,Electric,Automatic,1.5,99881,47353,8148,High
12/31/2022,X1,2022,South America,White,Diesel,Automatic,3.1,116222,73530,5281,High
12/31/2014,i8,2014,North America,Red,Diesel,Manual,4,106695,128694,50,Low
12/31/2011,X6,2011,North America,Grey,Hybrid,Automatic,4.5,114358,85737,3665,Low
12/31/2022,7 Series,2022,Africa,White,Electric,Automatic,4.6,160847,141533,1098,Low
12/31/2013,X5,2013,Asia,Grey,Petrol,Manual,3.1,163034,56534,5772,High
12/31/2010,M5,2010,Africa,Silver,Electric,Automatic,4.5,120283,101514,50,Low
12/31/2011,i3,2011,Europe,Grey,Electric,Automatic,1.6,68347,51847,10413,High
12/31/2013,M5,2013,Middle East,Red,Petrol,Automatic,2.6,68364,107602,335,Low
12/31/2015,M5,2015,Europe,White,Petrol,Automatic,1.5,23008,110395,1181,Low
12/31/2013,3 Series,2013,Middle East,Black,Electric,Automatic,2.1,122960,57937,5638,High
12/31/2013,X1,2013,Europe,Grey,Hybrid,Manual,4,105135,57983,6586,High
12/31/2023,3 Series,2023,South America,Black,Petrol,Automatic,1.5,93295,81237,7008,High
12/31/2020,5 Series,2020,South America,Blue,Petrol,Manual,3.3,16596,108524,4716,Low
12/31/2019,X6,2019,Europe,Red,Hybrid,Automatic,2.9,168309,98827,4825,Low
12/31/2019,7 Series,2019,South America,Silver,Diesel,Manual,1.9,62764,108113,738,Low
12/31/2011,X6,2011,Africa,Red,Petrol,Manual,3.9,59983,70374,1486,Low
12/31/2018,X1,2018,Asia,Grey,Hybrid,Automatic,3.9,120307,80936,9609,High
12/31/2021,M3,2021,Asia,Red,Diesel,Automatic,4,154886,104375,3031,Low
12/31/2019,i3,2019,Asia,Grey,Hybrid,Manual,4.2,118558,87413,5830,High
12/31/2017,3 Series,2017,North America,Blue,Diesel,Automatic,2.6,76395,69301,8456,High
12/31/2017,7 Series,2017,Asia,Grey,Hybrid,Automatic,5,142681,130642,896,Low
12/31/2014,7 Series,2014,Europe,Black,Electric,Automatic,1.8,98255,98021,968,Low
12/31/2012,X5,2012,South America,Blue,Hybrid,Automatic,3.8,162901,64682,3299,Low
12/31/2015,3 Series,2015,Asia,Red,Electric,Automatic,4.9,191080,67032,8495,High
12/31/2023,M3,2023,South America,White,Petrol,Manual,2.3,54190,113171,1994,Low
12/31/2018,M3,2018,North America,Grey,Hybrid,Automatic,2.5,152095,89912,3835,Low
12/31/2017,X6,2017,Middle East,White,Diesel,Manual,3.5,34200,101735,2482,Low
12/31/2016,X5,2016,Asia,White,Diesel,Automatic,4.2,163940,78884,6613,High
12/31/2023,M5,2023,Middle East,White,Petrol,Manual,2.7,140965,135450,1549,Low
12/31/2020,5 Series,2020,South America,Red,Electric,Automatic,4.4,150200,107679,5076,High
12/31/2024,X3,2024,Middle East,Silver,Diesel,Automatic,2.3,105465,96627,6012,High
12/31/2017,M5,2017,Africa,Red,Electric,Automatic,4.6,160494,129552,225,Low
12/31/2013,X1,2013,North America,Silver,Hybrid,Automatic,2.4,196446,32473,8048,High
12/31/2015,X1,2015,North America,Grey,Diesel,Manual,3.7,71551,58552,7755,High
12/31/2024,i3,2024,Middle East,Black,Electric,Automatic,2.8,96197,115428,3996,Low
12/31/2024,X3,2024,Europe,Blue,Diesel,Automatic,2.6,96476,99367,8888,High
12/31/2023,i8,2023,Asia,Blue,Electric,Automatic,2.7,177580,155387,1145,Low
12/31/2014,7 Series,2014,Europe,Black,Hybrid,Manual,3.2,119914,95923,993,Low
12/31/2021,X1,2021,Africa,Black,Petrol,Automatic,4.5,189888,69094,4415,Low
12/31/2011,X6,2011,Asia,Silver,Hybrid,Manual,4.2,69640,85722,3299,Low
12/31/2017,i3,2017,South America,Grey,Petrol,Automatic,3.1,122560,61405,3461,Low
12/31/2012,X5,2012,Africa,Grey,Petrol,Manual,2.5,35649,62161,2481,Low
12/31/2023,7 Series,2023,Asia,White,Petrol,Automatic,4.5,1392,169614,1428,Low
12/31/2014,i8,2014,Europe,White,Diesel,Automatic,4.5,197316,108046,50,Low
12/31/2017,5 Series,2017,North America,Grey,Diesel,Automatic,3.1,106851,79553,6269,High
12/31/2020,M5,2020,Middle East,Blue,Electric,Manual,3.9,143727,138388,263,Low
12/31/2024,3 Series,2024,Middle East,Red,Petrol,Automatic,2.8,186611,82983,7666,High
12/31/2018,M3,2018,Europe,Black,Hybrid,Automatic,2,17674,112605,2784,Low
12/31/2022,5 Series,2022,Africa,Black,Petrol,Manual,2.6,75921,95009,3738,Low
12/31/2024,7 Series,2024,South America,Grey,Diesel,Automatic,3.9,102433,144396,1120,Low
12/31/2018,M5,2018,Middle East,Red,Hybrid,Manual,4.2,176815,127356,1328,Low
12/31/2023,M5,2023,Asia,Blue,Diesel,Manual,4.5,69893,145148,1894,Low
12/31/2014,7 Series,2014,Middle East,Black,Hybrid,Manual,1.6,171032,86890,569,Low
12/31/2011,X1,2011,North America,Blue,Hybrid,Automatic,3.2,3067,63167,1011,Low
12/31/2016,X5,2016,North America,Blue,Petrol,Automatic,2.5,78616,83828,6494,High
12/31/2020,X6,2020,Africa,Silver,Electric,Automatic,3.9,21959,134319,2259,Low
12/31/2020,5 Series,2020,Africa,Blue,Diesel,Manual,2.4,17145,97298,3911,Low
12/31/2016,7 Series,2016,North America,Blue,Electric,Automatic,3.5,182232,109283,1085,Low
12/31/2024,7 Series,2024,North America,White,Hybrid,Automatic,4,153843,147170,2191,Low
12/31/2021,X5,2021,Asia,Grey,Hybrid,Manual,4.2,22126,137614,6563,High
12/31/2022,X5,2022,North America,Blue,Petrol,Automatic,2.4,100717,102457,6599,High
12/31/2017,M5,2017,South America,Blue,Hybrid,Automatic,1.8,169212,102323,826,Low
12/31/2017,X5,2017,Asia,Black,Electric,Manual,2.3,23861,103461,5465,High
12/31/2014,X5,2014,North America,Grey,Petrol,Manual,3.6,154993,62862,5641,High
12/31/2024,i3,2024,Europe,Blue,Diesel,Manual,1.6,120730,73994,5870,High
12/31/2010,3 Series,2010,South America,Blue,Electric,Manual,2.1,52701,48464,4751,Low
12/31/2022,X5,2022,Asia,Black,Diesel,Manual,5,135518,107791,6630,High
12/31/2020,X3,2020,Asia,Black,Petrol,Automatic,2.8,175705,67974,8990,High
12/31/2022,X1,2022,Africa,Silver,Diesel,Manual,3.2,64049,80788,5330,High
12/31/2013,M3,2013,Asia,White,Petrol,Automatic,1.5,162959,52052,3159,Low
12/31/2013,M3,2013,Asia,Grey,Petrol,Automatic,3.6,57497,84732,2183,Low
12/31/2024,X3,2024,South America,White,Electric,Manual,2.6,15339,117688,6671,High
12/31/2020,X6,2020,South America,White,Hybrid,Automatic,3.4,58398,119641,2553,Low
12/31/2012,5 Series,2012,North America,Silver,Diesel,Automatic,3.3,110174,57397,6372,High
12/31/2017,3 Series,2017,Africa,White,Petrol,Manual,4.9,33442,85832,4319,Low
12/31/2012,i8,2012,Middle East,Blue,Diesel,Manual,2.4,52964,119727,50,Low
12/31/2022,X1,2022,South America,Red,Hybrid,Manual,3.5,196871,70374,6531,High
12/31/2014,M5,2014,Asia,Black,Electric,Automatic,2.8,100165,115081,1156,Low
12/31/2011,3 Series,2011,North America,Red,Hybrid,Automatic,3,182351,37924,8575,High
12/31/2015,X3,2015,Africa,Black,Electric,Automatic,1.7,183344,50698,4161,Low
12/31/2024,3 Series,2024,Middle East,Blue,Diesel,Manual,3.9,165453,88317,7977,High
12/31/2015,5 Series,2015,Middle East,Blue,Electric,Manual,2.2,190445,62309,4857,Low
12/31/2017,i3,2017,North America,Red,Electric,Manual,3.1,4412,98400,4863,Low
12/31/2017,5 Series,2017,Africa,Black,Electric,Manual,3,1873,106892,2883,Low
12/31/2010,i8,2010,Asia,White,Hybrid,Automatic,3.1,24245,129376,50,Low
12/31/2014,i8,2014,North America,Grey,Hybrid,Automatic,2.8,113589,132435,50,Low
12/31/2011,i3,2011,Europe,Red,Diesel,Automatic,2.3,152736,25000,4912,Low
12/31/2019,M5,2019,Europe,Blue,Hybrid,Automatic,3.1,136607,121721,2043,Low
12/31/2021,i8,2021,Africa,Grey,Petrol,Manual,1.7,88782,138525,50,Low
12/31/2014,7 Series,2014,North America,Silver,Diesel,Manual,2.3,39705,93746,1119,Low
12/31/2019,5 Series,2019,Europe,Silver,Diesel,Manual,4.2,62302,101778,15000,High
12/31/2021,i8,2021,Asia,Red,Diesel,Automatic,4.4,14850,169893,50,Low
12/31/2018,i8,2018,Middle East,Grey,Petrol,Manual,4,125539,149040,50,Low
12/31/2013,X3,2013,North America,Red,Electric,Manual,3.7,110555,67431,7676,High
12/31/2017,X5,2017,South America,Grey,Diesel,Manual,4.3,19065,104618,3109,Low
12/31/2010,M3,2010,North America,Blue,Diesel,Manual,1.9,174173,34213,2545,Low
12/31/2017,3 Series,2017,Asia,Red,Hybrid,Manual,3.3,143078,71328,9660,High
12/31/2015,i8,2015,Europe,Black,Electric,Automatic,1.9,111650,126389,50,Low
12/31/2017,X1,2017,Middle East,Silver,Petrol,Automatic,4.2,134169,65187,5167,High
12/31/2015,3 Series,2015,Africa,Silver,Electric,Manual,3.3,21702,85517,5216,High
12/31/2020,M3,2020,Middle East,Blue,Petrol,Automatic,4.3,92609,111229,2164,Low
12/31/2012,M5,2012,Asia,Silver,Diesel,Manual,4.3,89884,105524,915,Low
12/31/2024,X5,2024,Africa,Black,Diesel,Automatic,3.1,49390,113086,3202,Low
12/31/2021,X6,2021,North America,Blue,Hybrid,Manual,3.2,149620,108368,4789,Low
12/31/2024,7 Series,2024,Middle East,Black,Hybrid,Manual,1.6,168596,130494,2001,Low
12/31/2020,X3,2020,North America,White,Electric,Manual,3.3,28515,113628,10162,High
12/31/2017,X1,2017,Middle East,Silver,Petrol,Automatic,3.9,162189,58984,4748,Low
12/31/2014,i8,2014,South America,Black,Diesel,Manual,2.3,11461,121443,50,Low
12/31/2021,5 Series,2021,South America,Blue,Hybrid,Manual,5,73554,123030,5015,High
12/31/2019,M5,2019,Asia,Red,Electric,Manual,4.9,171401,143737,1975,Low
12/31/2014,M3,2014,Middle East,Red,Petrol,Automatic,2.5,95878,76513,1679,Low
12/31/2024,i8,2024,North America,Black,Diesel,Manual,4,144122,169004,488,Low
12/31/2021,7 Series,2021,Africa,Blue,Petrol,Manual,1.6,80684,112664,761,Low
12/31/2016,i8,2016,Middle East,Silver,Diesel,Manual,3.8,70047,143060,50,Low
12/31/2015,7 Series,2015,Middle East,Silver,Petrol,Manual,3.7,165108,89947,690,Low
12/31/2018,M5,2018,Europe,Grey,Petrol,Manual,4.4,119767,127377,1248,Low
12/31/2016,X3,2016,North America,Black,Diesel,Manual,2.6,1960,75023,8403,High
12/31/2012,5 Series,2012,Middle East,Silver,Petrol,Automatic,4.6,190935,54500,3769,Low
12/31/2020,X5,2020,Africa,Grey,Petrol,Automatic,4.5,123180,102930,3403,Low
12/31/2020,X5,2020,Africa,Red,Electric,Manual,3.8,165505,99042,3893,Low
12/31/2021,i3,2021,Europe,Silver,Petrol,Manual,3.2,84995,85754,5061,High
12/31/2014,3 Series,2014,Europe,Grey,Diesel,Manual,3.7,185970,37165,9558,High
12/31/2018,3 Series,2018,Asia,Silver,Diesel,Manual,4.1,44297,87868,8888,High
12/31/2020,5 Series,2020,South America,White,Electric,Manual,4.9,74208,115714,4121,Low
12/31/2022,5 Series,2022,South America,White,Electric,Manual,1.9,23011,116916,983,Low
12/31/2024,i3,2024,Middle East,Blue,Hybrid,Manual,2.6,178383,88869,4698,Low
12/31/2019,i8,2019,North America,Grey,Hybrid,Automatic,4.2,50790,175770,114,Low
12/31/2023,5 Series,2023,North America,Black,Diesel,Manual,2.9,156036,92380,6526,High
12/31/2011,X6,2011,Asia,Black,Electric,Automatic,3.9,181036,75827,3194,Low
12/31/2010,3 Series,2010,South America,Grey,Hybrid,Automatic,2,83119,43389,4535,Low
12/31/2020,M5,2020,Europe,Red,Hybrid,Manual,4,156818,132904,1997,Low
12/31/2017,X3,2017,North America,Black,Electric,Manual,3.9,81073,94190,7327,High
12/31/2017,X6,2017,Africa,Black,Petrol,Automatic,3.6,187982,78478,2347,Low
12/31/2011,M5,2011,North America,White,Electric,Manual,4.2,101142,107681,829,Low
12/31/2023,X6,2023,South America,White,Electric,Automatic,4.6,162168,134180,2649,Low
12/31/2022,X1,2022,Middle East,Black,Electric,Automatic,4.4,110888,109655,6099,High
12/31/2017,X5,2017,North America,Silver,Petrol,Automatic,1.9,20946,89707,6308,High
12/31/2014,i3,2014,Africa,Black,Hybrid,Manual,4.1,82667,67254,2139,Low
12/31/2011,5 Series,2011,Middle East,Grey,Electric,Manual,3.1,11149,85261,4007,Low
12/31/2016,5 Series,2016,Europe,Grey,Electric,Manual,2.7,116080,80167,6491,High
12/31/2016,5 Series,2016,Middle East,White,Petrol,Automatic,4.6,154615,78303,4968,Low
12/31/2012,X1,2012,South America,White,Petrol,Automatic,3.5,33172,52192,3664,Low
12/31/2023,7 Series,2023,Africa,Silver,Electric,Automatic,3.3,174658,125222,1587,Low
12/31/2010,5 Series,2010,North America,Blue,Hybrid,Manual,4.2,157776,57340,6039,High
12/31/2020,X5,2020,South America,Silver,Diesel,Manual,3.4,86010,92962,3233,Low
12/31/2013,X3,2013,Europe,Silver,Electric,Manual,4.5,139277,72015,7952,High
12/31/2011,i8,2011,Europe,Grey,Electric,Automatic,1.9,94371,117508,50,Low
12/31/2013,X5,2013,Europe,Black,Hybrid,Automatic,4.2,127573,81238,4373,Low
12/31/2017,X1,2017,Asia,Red,Diesel,Automatic,2.1,190847,35358,7850,High
12/31/2011,i8,2011,Middle East,Red,Petrol,Automatic,2.3,15344,125395,50,Low
12/31/2010,X1,2010,Middle East,Red,Petrol,Manual,2.1,89932,27193,4716,Low
12/31/2020,i3,2020,Asia,Blue,Petrol,Manual,2.3,129530,66109,6572,High
12/31/2023,3 Series,2023,Africa,Black,Hybrid,Manual,4.1,70608,110284,5891,High
12/31/2024,7 Series,2024,Europe,Silver,Hybrid,Manual,3.8,99205,148767,1995,Low
12/31/2024,i8,2024,South America,White,Electric,Automatic,2.3,136647,161085,605,Low
12/31/2012,3 Series,2012,North America,Black,Electric,Manual,2.4,62103,64115,9251,High
12/31/2019,i8,2019,Europe,Black,Electric,Automatic,1.8,64963,157533,292,Low
12/31/2016,X1,2016,Europe,Black,Hybrid,Automatic,3,191327,49826,7465,High
12/31/2022,i8,2022,North America,Grey,Hybrid,Manual,2.8,147059,149202,948,Low
12/31/2021,X5,2021,Africa,Black,Petrol,Manual,2,49218,94611,3283,Low
12/31/2015,7 Series,2015,Middle East,Blue,Diesel,Manual,4.4,95033,110332,330,Low
12/31/2015,i3,2015,North America,Red,Diesel,Manual,4.5,199895,47575,5825,High
12/31/2016,X5,2016,Middle East,Red,Hybrid,Automatic,1.9,62298,88492,3903,Low
12/31/2017,i3,2017,Africa,Silver,Electric,Automatic,2.4,40404,84425,2207,Low
12/31/2012,X1,2012,South America,Silver,Hybrid,Manual,4.1,86803,52670,4276,Low
12/31/2012,X6,2012,Asia,Blue,Electric,Automatic,4.5,104514,99224,3751,Low
12/31/2019,i8,2019,Europe,Grey,Petrol,Manual,1.8,167250,125312,327,Low
12/31/2022,X3,2022,Asia,Silver,Electric,Automatic,4.7,47399,132253,10684,High
12/31/2017,7 Series,2017,Asia,Black,Diesel,Automatic,1.7,133091,91897,1702,Low
12/31/2021,3 Series,2021,South America,Silver,Diesel,Automatic,3.7,28797,96503,6750,High
12/31/2022,5 Series,2022,Africa,Grey,Electric,Manual,1.6,122880,94208,4159,Low
12/31/2023,X1,2023,Middle East,Silver,Petrol,Automatic,4.7,164361,86947,5357,High
12/31/2022,i3,2022,Asia,Blue,Diesel,Automatic,2.7,118045,80354,5715,High
12/31/2016,X1,2016,Middle East,Grey,Petrol,Manual,3.8,37148,73452,5593,High
12/31/2019,i8,2019,Middle East,Silver,Hybrid,Automatic,2.1,19458,175533,50,Low
12/31/2014,7 Series,2014,North America,White,Diesel,Manual,2.6,17643,108816,666,Low
12/31/2013,7 Series,2013,North America,Black,Hybrid,Manual,4.1,126556,145648,72,Low
12/31/2015,M5,2015,South America,White,Petrol,Automatic,4.9,17348,127381,118,Low
12/31/2018,7 Series,2018,South America,Black,Hybrid,Automatic,5,2091,151745,426,Low
12/31/2015,X1,2015,Europe,Black,Petrol,Manual,4.3,7756,73743,1195,Low
12/31/2017,X5,2017,Middle East,Red,Diesel,Manual,4.5,151953,82297,4198,Low
12/31/2010,X3,2010,South America,Black,Electric,Automatic,4.9,175929,51364,4060,Low
12/31/2021,M5,2021,Africa,White,Diesel,Manual,1.6,108103,106745,1065,Low
12/31/2023,X6,2023,Africa,Black,Diesel,Automatic,2.1,84902,109941,2241,Low
12/31/2015,M3,2015,Middle East,Black,Hybrid,Manual,1.7,183864,66914,1685,Low
12/31/2023,X6,2023,Middle East,Blue,Electric,Manual,3.3,151312,127784,3092,Low
12/31/2023,X3,2023,North America,White,Electric,Automatic,4.9,101647,123663,9178,High
12/31/2011,i3,2011,Europe,Grey,Petrol,Manual,3.5,28653,57295,4385,Low
12/31/2012,X3,2012,Europe,Black,Petrol,Manual,3.4,8435,65256,7165,High
12/31/2015,M3,2015,Europe,Grey,Petrol,Manual,4.4,111203,82121,2283,Low
12/31/2011,i3,2011,South America,Blue,Hybrid,Automatic,4.8,50239,72936,1946,Low
12/31/2013,M5,2013,North America,Silver,Hybrid,Automatic,3.9,13315,129807,752,Low
12/31/2015,5 Series,2015,Middle East,White,Hybrid,Automatic,4.6,186773,75236,4327,Low
12/31/2014,3 Series,2014,Africa,Black,Petrol,Automatic,2.1,71284,49072,5384,High
12/31/2015,7 Series,2015,Africa,Black,Diesel,Automatic,3.3,104825,96668,192,Low
12/31/2024,M3,2024,North America,Black,Petrol,Automatic,2.8,197957,100628,3354,Low
12/31/2015,i8,2015,South America,White,Hybrid,Manual,2.7,177614,108291,50,Low
12/31/2017,X3,2017,Asia,Silver,Diesel,Automatic,2.2,164292,52127,9767,High
12/31/2018,i8,2018,South America,White,Electric,Automatic,4.6,129143,160427,50,Low
12/31/2014,X3,2014,Asia,Grey,Petrol,Automatic,3.1,76430,64116,9785,High
12/31/2015,i3,2015,Europe,Blue,Petrol,Automatic,3.4,122067,54573,4779,Low
12/31/2015,X6,2015,Middle East,Red,Petrol,Automatic,2.5,56658,88095,2172,Low
12/31/2015,X6,2015,Middle East,Grey,Electric,Automatic,4.9,61250,124440,1932,Low
12/31/2011,5 Series,2011,Europe,Grey,Diesel,Automatic,3.6,29371,70348,5038,High
12/31/2013,M5,2013,Asia,Blue,Diesel,Manual,1.5,109087,85022,1302,Low
12/31/2010,7 Series,2010,South America,Blue,Hybrid,Manual,2.4,146421,68361,50,Low
12/31/2023,i8,2023,Africa,Red,Hybrid,Automatic,5,63197,187302,52,Low
12/31/2021,5 Series,2021,Europe,Red,Diesel,Manual,4.9,130080,94165,7962,High
12/31/2010,X1,2010,Middle East,Grey,Petrol,Manual,3.4,60514,40997,5099,High
12/31/2010,i3,2010,Middle East,Grey,Hybrid,Manual,3.5,72960,54723,2427,Low
12/31/2016,i8,2016,Asia,Silver,Diesel,Manual,4.7,84544,138354,50,Low
12/31/2010,3 Series,2010,North America,Red,Electric,Automatic,4,92313,62574,9079,High
12/31/2015,X6,2015,Middle East,Grey,Petrol,Automatic,4.8,101290,100272,2020,Low
12/31/2011,M3,2011,Asia,Red,Diesel,Automatic,3.2,81434,67637,2056,Low
12/31/2015,X3,2015,Africa,Black,Hybrid,Automatic,4.9,174009,72367,4565,Low
12/31/2015,X1,2015,Africa,White,Electric,Automatic,3.4,92981,66715,3475,Low
12/31/2021,M3,2021,Africa,Silver,Hybrid,Automatic,3.8,55341,122006,2101,Low
12/31/2020,M5,2020,Middle East,Blue,Hybrid,Automatic,1.8,31000,144740,1119,Low
12/31/2012,5 Series,2012,North America,Red,Electric,Automatic,3.6,111634,77418,5778,High
12/31/2024,X1,2024,Middle East,Red,Diesel,Automatic,4.2,44680,105331,5252,High
12/31/2017,3 Series,2017,Europe,Blue,Electric,Automatic,3,129262,78076,9983,High
12/31/2020,M5,2020,Africa,White,Hybrid,Manual,3.3,99229,134292,1032,Low
12/31/2013,i8,2013,South America,Red,Diesel,Manual,2.9,70060,114324,50,Low
12/31/2022,M5,2022,North America,White,Hybrid,Automatic,4.9,15030,168636,2118,Low
12/31/2016,M5,2016,Asia,Red,Petrol,Manual,3.2,23690,130098,1185,Low
12/31/2013,7 Series,2013,North America,White,Petrol,Automatic,1.9,187612,67528,1362,Low
12/31/2010,X1,2010,Asia,Blue,Diesel,Automatic,1.6,102288,25000,7716,High
12/31/2015,X6,2015,Middle East,Silver,Electric,Manual,4.2,15844,126650,1667,Low
12/31/2014,5 Series,2014,Middle East,Black,Hybrid,Automatic,3.4,6969,94313,3706,Low
12/31/2018,3 Series,2018,Middle East,Grey,Electric,Manual,1.5,146459,65497,7987,High
12/31/2024,7 Series,2024,North America,Red,Petrol,Manual,2.8,61165,140992,1569,Low
12/31/2023,X3,2023,Europe,Blue,Electric,Automatic,4.7,49249,130629,9103,High
12/31/2023,3 Series,2023,Europe,Grey,Petrol,Manual,4.8,157004,89222,9827,High
12/31/2024,5 Series,2024,North America,Black,Petrol,Manual,1.7,165545,82460,1793,Low
12/31/2018,X6,2018,Asia,White,Petrol,Automatic,1.9,3705,111248,3758,Low
12/31/2021,X6,2021,Middle East,Blue,Petrol,Automatic,1.5,104421,100446,3319,Low
12/31/2020,X5,2020,Asia,White,Petrol,Manual,4.5,31042,119124,5872,High
12/31/2022,5 Series,2022,South America,Silver,Electric,Manual,1.7,161042,89241,4581,Low
12/31/2017,5 Series,2017,Africa,Silver,Hybrid,Automatic,1.9,112388,75753,3187,Low
12/31/2024,i8,2024,Asia,Black,Hybrid,Automatic,2.3,103969,165420,907,Low
12/31/2016,i8,2016,Middle East,White,Petrol,Manual,4.7,28978,157354,50,Low
12/31/2023,3 Series,2023,Europe,Blue,Hybrid,Automatic,3.9,22697,125690,10415,High
12/31/2011,i3,2011,Africa,Grey,Hybrid,Automatic,3.7,102186,52790,2200,Low
12/31/2023,5 Series,2023,North America,Black,Electric,Manual,4.2,169440,112486,7048,High
12/31/2017,X6,2017,Europe,Black,Hybrid,Manual,3.9,120136,99135,4163,Low
12/31/2012,M3,2012,Africa,Grey,Electric,Automatic,4.1,130882,76409,780,Low
12/31/2015,7 Series,2015,North America,Black,Diesel,Manual,1.8,142356,77868,1528,Low
12/31/2019,X1,2019,Africa,Red,Electric,Manual,3.6,138562,79339,4671,Low
12/31/2016,X3,2016,Africa,Black,Hybrid,Automatic,4.1,141578,71492,4981,Low
12/31/2021,M5,2021,South America,Grey,Electric,Manual,3.5,135870,142780,1304,Low
12/31/2015,M5,2015,Middle East,Grey,Petrol,Manual,1.5,143049,87709,1032,Low
12/31/2014,3 Series,2014,Africa,Silver,Petrol,Manual,2.2,137082,36059,5621,High
12/31/2013,X6,2013,North America,Black,Hybrid,Manual,4.9,9531,108416,2844,Low
12/31/2011,5 Series,2011,North America,Red,Diesel,Manual,4,193452,41612,7303,High
12/31/2018,5 Series,2018,Middle East,Grey,Electric,Automatic,3.9,17274,123543,4541,Low
12/31/2023,i8,2023,Asia,Red,Diesel,Automatic,3.8,139313,163038,442,Low
12/31/2016,X6,2016,Asia,Red,Electric,Manual,1.9,47743,104177,4082,Low
12/31/2016,X1,2016,North America,Silver,Diesel,Manual,1.5,110662,39716,913,Low
12/31/2013,i8,2013,North America,Grey,Hybrid,Manual,3,85648,137290,50,Low
12/31/2023,7 Series,2023,Middle East,Silver,Electric,Manual,3.1,175328,137479,1588,Low
12/31/2014,M5,2014,Middle East,Blue,Electric,Automatic,4.3,103406,129248,112,Low
12/31/2015,M3,2015,North America,Blue,Diesel,Automatic,2.1,195805,55570,2667,Low
12/31/2021,5 Series,2021,Africa,White,Diesel,Manual,2.5,65054,93682,3677,Low
12/31/2020,M5,2020,Asia,Blue,Hybrid,Manual,1.8,97690,121613,377,Low
12/31/2021,X5,2021,Asia,Grey,Hybrid,Automatic,2.9,63333,117293,6824,High
12/31/2011,M3,2011,Africa,White,Hybrid,Manual,2.4,5231,79243,495,Low
12/31/2013,M3,2013,Europe,Black,Electric,Automatic,2.4,112473,81252,2426,Low
12/31/2024,M5,2024,Middle East,Red,Petrol,Manual,2.4,33937,153492,1212,Low
12/31/2022,X5,2022,Africa,Red,Electric,Manual,2.3,67179,117922,3365,Low
12/31/2013,X5,2013,Middle East,Grey,Electric,Automatic,2.6,65608,88722,3238,Low
12/31/2021,X3,2021,Asia,Blue,Diesel,Automatic,3.4,81499,90354,8459,High
12/31/2022,3 Series,2022,South America,Grey,Hybrid,Automatic,3,68566,97822,7088,High
12/31/2013,X5,2013,Africa,Blue,Hybrid,Manual,1.7,33817,76293,2657,Low
12/31/2016,7 Series,2016,North America,White,Hybrid,Automatic,3,174548,99895,1211,Low
12/31/2022,X1,2022,Africa,Red,Petrol,Manual,4.5,158068,74715,4399,Low
12/31/2016,X5,2016,Asia,Blue,Electric,Manual,1.9,26735,102252,5169,High
12/31/2016,7 Series,2016,Asia,Black,Hybrid,Automatic,4.8,45151,134608,656,Low
12/31/2016,M3,2016,North America,White,Hybrid,Manual,2.6,109367,90260,2387,Low
12/31/2011,X1,2011,North America,Blue,Electric,Automatic,1.6,96090,40313,6499,High
12/31/2014,M5,2014,Middle East,White,Petrol,Manual,2.4,41710,105569,457,Low
12/31/2019,M3,2019,Europe,Red,Petrol,Automatic,1.7,27971,101677,2962,Low
12/31/2011,i8,2011,North America,Black,Hybrid,Manual,3.5,13565,134414,50,Low
12/31/2014,X5,2014,Europe,Black,Electric,Automatic,2.6,49098,91639,4365,Low
12/31/2021,i8,2021,Europe,White,Diesel,Manual,4.3,78945,163236,102,Low
12/31/2015,3 Series,2015,South America,Silver,Hybrid,Manual,4.1,33420,84069,4818,Low
12/31/2012,7 Series,2012,Europe,White,Electric,Manual,3.1,20288,115317,302,Low
12/31/2015,5 Series,2015,Europe,Black,Petrol,Automatic,3.5,181971,61349,5987,High
12/31/2024,5 Series,2024,Asia,Black,Diesel,Automatic,3.6,165801,98053,8673,High
12/31/2014,M3,2014,Europe,Blue,Hybrid,Automatic,2.4,64316,84288,2454,Low
12/31/2013,X5,2013,Asia,White,Diesel,Automatic,2,168794,45487,6502,High
12/31/2019,i8,2019,Asia,Black,Petrol,Automatic,2.8,84442,144509,120,Low
12/31/2018,5 Series,2018,Africa,Silver,Petrol,Automatic,1.8,14169,89650,3446,Low
12/31/2020,3 Series,2020,Africa,Silver,Petrol,Manual,2.6,137870,63547,5076,High
12/31/2023,i3,2023,Europe,White,Diesel,Manual,3.4,33599,106665,5014,High
12/31/2017,X6,2017,Asia,Silver,Diesel,Automatic,3.4,51878,103959,4530,Low
12/31/2021,X6,2021,Africa,Grey,Electric,Manual,1.9,149367,99908,2510,Low
12/31/2016,3 Series,2016,Asia,Grey,Petrol,Automatic,1.5,139904,47213,9426,High
12/31/2020,M5,2020,South America,Blue,Petrol,Manual,1.8,156378,101207,1307,Low
12/31/2024,3 Series,2024,Europe,Grey,Hybrid,Manual,1.6,166856,78763,10625,High
12/31/2010,M5,2010,North America,White,Electric,Manual,2.9,199243,78255,1150,Low
12/31/2018,3 Series,2018,Asia,Grey,Electric,Automatic,2.9,176648,71440,11542,High
12/31/2018,7 Series,2018,Middle East,Red,Petrol,Manual,2.3,79555,117622,702,Low
12/31/2015,7 Series,2015,Asia,Blue,Petrol,Automatic,2.3,159006,82664,1227,Low
12/31/2016,M3,2016,Africa,Black,Electric,Manual,2.9,125095,82697,1132,Low
12/31/2022,X6,2022,North America,Black,Petrol,Automatic,1.8,123906,105322,4104,Low
12/31/2012,i8,2012,Asia,Red,Hybrid,Automatic,2.3,8703,131893,50,Low
12/31/2014,i8,2014,North America,Black,Electric,Manual,2.9,54416,143295,50,Low
12/31/2016,i3,2016,North America,Blue,Hybrid,Manual,1.8,147954,51390,4709,Low
12/31/2010,X6,2010,Europe,Black,Electric,Automatic,4.4,173985,74738,2916,Low
12/31/2021,i8,2021,South America,Silver,Hybrid,Manual,3.9,98473,164808,190,Low
12/31/2010,X1,2010,Asia,Silver,Petrol,Manual,2.8,79775,32801,6774,High
12/31/2014,i3,2014,Africa,Black,Diesel,Manual,2,170918,26623,2802,Low
12/31/2018,X6,2018,Asia,Blue,Petrol,Manual,2.2,173803,74024,5013,High
12/31/2016,X3,2016,North America,Black,Diesel,Automatic,1.9,65461,64520,9912,High
12/31/2010,X5,2010,South America,White,Electric,Automatic,2.1,18792,73300,2415,Low
12/31/2022,M5,2022,Africa,Silver,Diesel,Automatic,3,36266,136603,796,Low
12/31/2022,M3,2022,North America,Black,Hybrid,Automatic,2.4,72940,119844,3336,Low
12/31/2024,3 Series,2024,North America,Red,Petrol,Automatic,4.6,153025,97905,11512,High
12/31/2021,3 Series,2021,Africa,Grey,Hybrid,Manual,4.9,163850,87657,5262,High
12/31/2014,7 Series,2014,Africa,Black,Hybrid,Manual,3.9,50183,117364,50,Low
12/31/2024,7 Series,2024,Europe,Blue,Petrol,Automatic,4.3,138274,139468,1688,Low
12/31/2017,5 Series,2017,Europe,White,Electric,Automatic,2.4,76516,95860,6645,High
12/31/2017,i3,2017,Europe,White,Petrol,Automatic,3.8,29466,81083,4893,Low
12/31/2021,X3,2021,Middle East,Grey,Electric,Automatic,1.7,56668,98966,6556,High
12/31/2011,i8,2011,Asia,Grey,Diesel,Automatic,4.9,159048,114057,50,Low
12/31/2016,X5,2016,North America,Black,Petrol,Automatic,3.8,58952,97838,5453,High
12/31/2019,M5,2019,Europe,White,Electric,Manual,2.6,104336,125212,1798,Low
12/31/2014,i3,2014,Asia,Red,Electric,Automatic,4.2,190593,62947,5216,High
12/31/2018,X3,2018,Europe,Red,Diesel,Automatic,1.6,14741,82162,8610,High
12/31/2012,X1,2012,Africa,Black,Diesel,Manual,2.8,123964,27806,3804,Low
12/31/2010,5 Series,2010,South America,Red,Petrol,Automatic,4.6,27088,74787,3131,Low
12/31/2022,3 Series,2022,Europe,Black,Diesel,Manual,2.4,142593,73327,9274,High
12/31/2013,M3,2013,Middle East,Black,Hybrid,Automatic,3.8,50681,100699,920,Low
12/31/2016,X3,2016,South America,Grey,Hybrid,Automatic,2.8,45797,86062,4362,Low
12/31/2010,X1,2010,Europe,White,Electric,Automatic,2.9,171353,32616,7535,High
12/31/2011,i3,2011,Africa,Red,Petrol,Automatic,4.1,55184,55731,1927,Low
12/31/2023,3 Series,2023,South America,Black,Electric,Manual,4.7,36290,129732,7023,High
12/31/2014,5 Series,2014,Africa,Blue,Electric,Automatic,2.1,27808,80975,3543,Low
12/31/2018,5 Series,2018,North America,Silver,Hybrid,Automatic,2.5,77622,99058,6574,High
12/31/2023,7 Series,2023,Asia,Blue,Hybrid,Automatic,3.2,157637,128715,2302,Low
12/31/2010,i8,2010,Europe,Grey,Diesel,Manual,3.6,173993,90787,50,Low
12/31/2021,3 Series,2021,South America,White,Petrol,Automatic,3.1,126759,76806,5786,High
12/31/2013,5 Series,2013,Europe,Black,Diesel,Manual,4.3,83216,67961,6574,High
12/31/2021,X5,2021,Europe,Blue,Hybrid,Manual,4.2,131616,107819,7119,High
12/31/2023,5 Series,2023,South America,Blue,Petrol,Manual,2.9,48550,110391,4073,Low
12/31/2012,X6,2012,Middle East,Blue,Hybrid,Automatic,1.6,82922,76082,2371,Low
12/31/2023,M5,2023,Middle East,Red,Hybrid,Automatic,2.2,100720,149028,1787,Low
12/31/2014,5 Series,2014,South America,Black,Petrol,Manual,3.2,22680,78238,3967,Low
12/31/2014,X3,2014,Africa,Silver,Petrol,Manual,4.7,160589,53272,4430,Low
12/31/2019,M3,2019,Europe,White,Electric,Manual,3.5,187231,98996,3639,Low
12/31/2011,X1,2011,Europe,Silver,Petrol,Automatic,3.4,133549,30737,7918,High
12/31/2014,M3,2014,Asia,Blue,Hybrid,Manual,4,70495,95758,2503,Low
12/31/2018,X6,2018,Europe,Blue,Petrol,Automatic,2,57477,98663,4433,Low
12/31/2014,X5,2014,Africa,Silver,Hybrid,Automatic,2,26973,82150,2848,Low
12/31/2024,7 Series,2024,Asia,Blue,Electric,Automatic,2.7,89121,148021,2040,Low
12/31/2020,X1,2020,North America,White,Electric,Automatic,5,6795,115967,7967,High
12/31/2019,M5,2019,Asia,Red,Electric,Automatic,4.6,9845,167690,1407,Low
12/31/2011,3 Series,2011,North America,Grey,Petrol,Manual,3.9,34805,59631,8288,High
12/31/2016,M3,2016,Asia,Black,Petrol,Automatic,2.9,89649,83908,2753,Low
12/31/2024,i3,2024,Asia,Blue,Hybrid,Automatic,3.4,741,124693,6656,High
12/31/2015,M3,2015,Asia,Grey,Electric,Manual,2.6,151149,76274,3129,Low
12/31/2016,X6,2016,Asia,Black,Petrol,Manual,3.9,96148,89437,3944,Low
12/31/2017,M3,2017,Middle East,Silver,Diesel,Automatic,3,27181,100203,1825,Low
12/31/2019,X6,2019,Europe,Silver,Hybrid,Manual,1.9,52006,109457,795,Low
12/31/2014,i8,2014,South America,Red,Diesel,Manual,2.3,7226,120501,50,Low
12/31/2011,5 Series,2011,North America,Grey,Hybrid,Manual,3.6,112392,62528,5642,High
12/31/2016,i8,2016,Europe,Blue,Diesel,Automatic,3.9,136140,131812,50,Low
12/31/2016,X5,2016,North America,Black,Petrol,Manual,1.8,108007,69314,6602,High
12/31/2017,3 Series,2017,Africa,Red,Electric,Automatic,4.3,160626,76051,5726,High
12/31/2016,X6,2016,South America,Grey,Electric,Automatic,4.4,16844,120633,1629,Low
12/31/2019,M3,2019,Africa,Grey,Diesel,Manual,4,109924,46667,1966,Low
12/31/2016,X1,2016,South America,Blue,Petrol,Manual,3.9,65645,63691,810,Low
12/31/2023,i8,2023,South America,Silver,Diesel,Manual,2.3,55186,148529,182,Low
12/31/2022,5 Series,2022,Africa,White,Petrol,Manual,4.7,119648,106206,4459,Low
12/31/2018,X3,2018,Africa,Red,Electric,Automatic,2.4,77641,87273,5615,High
12/31/2017,i8,2017,North America,White,Diesel,Manual,2.1,77645,136509,50,Low
12/31/2024,3 Series,2024,South America,White,Electric,Automatic,3.7,104138,114386,7169,High
12/31/2011,7 Series,2011,Asia,Grey,Electric,Automatic,2.8,64276,101542,473,Low
12/31/2011,X6,2011,South America,Grey,Diesel,Manual,4.8,141622,64410,1778,Low
12/31/2016,5 Series,2016,South America,White,Hybrid,Automatic,3.1,22638,98092,3871,Low
12/31/2019,7 Series,2019,North America,Black,Electric,Automatic,2.1,71462,133718,1537,Low
12/31/2024,3 Series,2024,Asia,White,Electric,Manual,4.9,104550,121225,10221,High
12/31/2020,X5,2020,Asia,Black,Diesel,Manual,3.3,179658,82464,7005,High
12/31/2022,i3,2022,Middle East,White,Hybrid,Automatic,3.3,108058,101036,4788,Low
12/31/2024,5 Series,2024,Middle East,Black,Diesel,Manual,2.9,178728,94847,4781,Low
12/31/2019,i8,2019,Middle East,Red,Electric,Manual,4.4,20924,183740,50,Low
12/31/2012,X3,2012,South America,Blue,Electric,Manual,2.5,178112,40743,4611,Low
12/31/2010,3 Series,2010,Europe,Black,Petrol,Automatic,1.5,1613,44270,8505,High
12/31/2018,M5,2018,Asia,White,Diesel,Manual,3.2,196570,99653,2219,Low
12/31/2023,3 Series,2023,South America,White,Hybrid,Automatic,4.7,99761,112273,6994,High
12/31/2024,X1,2024,Asia,Grey,Diesel,Automatic,2.5,145977,74833,9205,High
12/31/2023,i3,2023,North America,Black,Petrol,Automatic,2.4,101257,92960,5837,High
12/31/2023,X5,2023,Europe,Blue,Hybrid,Manual,4.1,59231,129942,6728,High
12/31/2012,X5,2012,Europe,Silver,Petrol,Automatic,4.2,149362,60723,4509,Low
12/31/2010,3 Series,2010,Middle East,Blue,Petrol,Manual,3,112138,33879,6192,High
12/31/2015,X3,2015,Middle East,Silver,Diesel,Automatic,4.4,114801,73301,6419,High
12/31/2013,M5,2013,Africa,Red,Hybrid,Manual,2.1,128313,90378,174,Low
12/31/2023,3 Series,2023,North America,White,Petrol,Automatic,2.8,28541,104830,9426,High
12/31/2010,X3,2010,Middle East,White,Petrol,Automatic,2.9,170702,29822,4764,Low
12/31/2013,X5,2013,North America,Red,Hybrid,Manual,2.6,39715,87499,5675,High
12/31/2017,5 Series,2017,Africa,Red,Hybrid,Manual,2.3,6336,97995,2849,Low
12/31/2020,3 Series,2020,Middle East,Red,Electric,Automatic,2.7,22217,108862,6608,High
12/31/2016,X5,2016,Africa,Blue,Petrol,Automatic,1.6,110493,27091,4198,Low
12/31/2024,X5,2024,North America,White,Electric,Manual,4,161771,125840,6148,High
12/31/2021,5 Series,2021,South America,Grey,Petrol,Manual,3.9,50425,109817,4786,Low
12/31/2010,M3,2010,Europe,Grey,Petrol,Automatic,3.1,192420,41713,2257,Low
12/31/2019,X5,2019,South America,Silver,Petrol,Automatic,2.6,65360,94678,3299,Low
12/31/2021,3 Series,2021,Africa,Silver,Hybrid,Manual,3,164872,77482,6331,High
12/31/2018,X1,2018,Europe,White,Petrol,Manual,4.8,18921,86502,8336,High
12/31/2015,3 Series,2015,North America,Silver,Electric,Manual,3.6,23255,91690,8957,High
12/31/2011,M3,2011,North America,Blue,Hybrid,Manual,4.1,159476,68893,2202,Low
12/31/2012,5 Series,2012,Europe,Silver,Electric,Automatic,2.3,23881,83654,5479,High
12/31/2016,3 Series,2016,North America,Blue,Hybrid,Manual,1.8,68569,67741,10268,High
12/31/2012,i8,2012,Asia,White,Diesel,Automatic,1.8,59011,108288,50,Low
12/31/2022,3 Series,2022,Europe,Black,Hybrid,Automatic,3.2,41923,106670,10633,High
12/31/2012,X3,2012,South America,Red,Electric,Automatic,4,48218,77724,4976,Low
12/31/2014,X6,2014,South America,Grey,Electric,Automatic,4.2,106702,93122,1970,Low
12/31/2012,M5,2012,Asia,Blue,Electric,Automatic,4,194638,97058,1110,Low
12/31/2012,X3,2012,Asia,Blue,Petrol,Manual,4.7,24862,75160,7054,High
12/31/2020,X1,2020,Asia,Grey,Diesel,Automatic,1.7,116137,62523,7808,High
12/31/2014,5 Series,2014,North America,Red,Petrol,Manual,4.5,97725,75564,6302,High
12/31/2023,M5,2023,North America,Blue,Diesel,Automatic,3.8,153826,139005,2203,Low
12/31/2014,X5,2014,Asia,Grey,Hybrid,Automatic,2.1,140041,70107,6496,High
12/31/2021,i3,2021,Africa,Silver,Diesel,Automatic,3.9,44468,96387,2439,Low
12/31/2018,M3,2018,Africa,Blue,Electric,Manual,3.3,154387,89196,1778,Low
12/31/2010,3 Series,2010,Europe,Black,Petrol,Manual,2.8,66416,38412,9148,High
12/31/2023,i3,2023,Middle East,White,Electric,Automatic,2.4,147002,97312,4689,Low
12/31/2010,i3,2010,Middle East,White,Petrol,Automatic,3.1,17814,55181,3011,Low
12/31/2020,X5,2020,North America,Red,Petrol,Automatic,2.3,152791,80883,6731,High
12/31/2023,7 Series,2023,Europe,Black,Diesel,Automatic,1.8,158415,109860,2120,Low
12/31/2018,M5,2018,Asia,Grey,Petrol,Manual,4.5,26946,140754,1383,Low
12/31/2014,7 Series,2014,Middle East,Black,Electric,Automatic,3.6,138886,108913,175,Low
12/31/2013,X6,2013,Africa,Silver,Petrol,Automatic,2.8,32962,78876,1438,Low
12/31/2011,i8,2011,Africa,Black,Petrol,Automatic,3.1,24601,118998,50,Low
12/31/2021,7 Series,2021,Asia,Red,Petrol,Manual,4.5,162062,127273,1833,Low
12/31/2018,i8,2018,Middle East,Grey,Petrol,Manual,2.6,119617,141273,50,Low
12/31/2015,M3,2015,Middle East,Silver,Electric,Manual,2.8,138678,83981,1720,Low
12/31/2024,M5,2024,North America,Red,Petrol,Automatic,4.2,194699,139173,2050,Low
12/31/2018,X6,2018,Asia,White,Diesel,Manual,2.2,85045,92986,3901,Low
12/31/2014,5 Series,2014,North America,Blue,Diesel,Manual,3.8,50526,78596,15000,High
12/31/2013,X3,2013,Africa,Blue,Hybrid,Automatic,3,71557,65935,3635,Low
12/31/2016,i3,2016,Africa,Grey,Hybrid,Manual,3.3,74719,36633,3256,Low
12/31/2014,X6,2014,North America,Silver,Hybrid,Automatic,4.3,97326,96567,3402,Low
12/31/2017,M5,2017,Asia,Silver,Electric,Manual,5,43551,150392,1207,Low
12/31/2017,M5,2017,Asia,Blue,Diesel,Automatic,4.4,143640,110280,1789,Low
12/31/2022,X6,2022,North America,Red,Hybrid,Manual,2.1,183412,99985,4953,Low
12/31/2011,3 Series,2011,Asia,Grey,Hybrid,Manual,2.3,140017,35272,9803,High
12/31/2022,3 Series,2022,South America,Blue,Petrol,Manual,2.9,15743,94935,5486,High
12/31/2024,X6,2024,Europe,White,Diesel,Manual,4,82805,130436,4070,Low
12/31/2014,X1,2014,North America,Silver,Petrol,Automatic,3.3,154426,40041,8375,High
12/31/2019,X6,2019,Europe,Silver,Diesel,Automatic,4.7,158670,98740,3728,Low
12/31/2017,M3,2017,Asia,Silver,Diesel,Automatic,1.7,103358,77070,3062,Low
12/31/2012,7 Series,2012,Asia,Blue,Electric,Manual,2.4,94994,96881,658,Low
12/31/2016,X1,2016,Europe,Blue,Hybrid,Automatic,2.3,61048,66469,8262,High
12/31/2012,X6,2012,South America,Red,Petrol,Automatic,4.1,14500,92545,1511,Low
12/31/2024,X6,2024,South America,Silver,Petrol,Manual,3.1,106963,119035,2692,Low
12/31/2015,i3,2015,Middle East,Blue,Petrol,Manual,1.6,118413,46395,3866,Low
12/31/2011,M5,2011,Asia,Silver,Hybrid,Manual,4.2,127513,102322,854,Low
12/31/2015,X1,2015,Africa,Silver,Electric,Automatic,2.8,88372,65580,4154,Low
12/31/2015,i3,2015,Middle East,Black,Diesel,Automatic,2.4,89541,58145,3555,Low
12/31/2017,X6,2017,Middle East,Black,Petrol,Automatic,2.1,173446,74224,2496,Low
12/31/2014,7 Series,2014,North America,Red,Petrol,Automatic,4.8,45833,121813,649,Low
12/31/2023,i3,2023,Europe,Red,Diesel,Manual,4.8,179016,35971,5488,High
12/31/2010,M3,2010,Middle East,Black,Electric,Automatic,1.8,114691,63701,982,Low
12/31/2024,M3,2024,Europe,Black,Diesel,Automatic,2.3,93301,105967,3413,Low
12/31/2017,3 Series,2017,Asia,White,Petrol,Manual,3.8,16918,83870,10821,High
12/31/2021,7 Series,2021,North America,Black,Electric,Manual,3.8,62538,152817,1852,Low
12/31/2018,M3,2018,Asia,Red,Electric,Manual,3,155488,95648,4007,Low
12/31/2010,5 Series,2010,Europe,Red,Electric,Automatic,3.5,98183,70532,4940,Low
12/31/2014,X6,2014,South America,Blue,Electric,Manual,4,86730,97470,1940,Low
12/31/2021,X5,2021,Middle East,Silver,Diesel,Manual,4.8,181341,99246,4917,Low
12/31/2015,3 Series,2015,Europe,Red,Hybrid,Manual,4,65237,80667,9505,High
12/31/2013,i8,2013,Middle East,Red,Petrol,Automatic,1.9,40514,126647,50,Low
12/31/2023,i8,2023,North America,Black,Electric,Automatic,4,105186,187864,578,Low
12/31/2020,5 Series,2020,South America,White,Diesel,Manual,1.7,194994,59330,4390,Low
12/31/2011,M5,2011,Europe,Black,Petrol,Automatic,3.3,2693,109756,604,Low
12/31/2014,X5,2014,Africa,Red,Hybrid,Manual,3.3,46245,86686,2342,Low
12/31/2023,i8,2023,Asia,Red,Diesel,Automatic,4.2,199955,152279,588,Low
12/31/2023,M5,2023,Asia,Black,Petrol,Automatic,1.5,59883,144423,2042,Low
12/31/2013,5 Series,2013,Europe,White,Hybrid,Automatic,4.6,10984,95146,6016,High
12/31/2022,7 Series,2022,Europe,Silver,Hybrid,Manual,3.8,171384,125709,1959,Low
12/31/2016,7 Series,2016,Europe,Blue,Diesel,Manual,1.6,2700,103448,990,Low
12/31/2015,X1,2015,Asia,Silver,Electric,Manual,2.1,41850,67015,8592,High
12/31/2012,i3,2012,Africa,Red,Hybrid,Automatic,1.6,19676,56101,1938,Low
12/31/2018,i3,2018,Africa,Grey,Hybrid,Automatic,4.2,54813,90214,2883,Low
12/31/2023,X3,2023,North America,Red,Petrol,Automatic,2.1,89510,95728,9396,High
12/31/2013,X3,2013,North America,Silver,Diesel,Manual,1.7,108499,40174,8242,High
12/31/2024,i3,2024,North America,Black,Petrol,Automatic,2,127506,89617,6081,High
12/31/2020,i3,2020,South America,White,Hybrid,Automatic,3.5,187736,101431,3488,Low
12/31/2014,5 Series,2014,Middle East,Red,Electric,Automatic,3.2,101153,85647,4268,Low
12/31/2023,X1,2023,Asia,Black,Hybrid,Manual,2.4,89511,89815,9987,High
12/31/2012,i3,2012,Asia,Red,Diesel,Automatic,4.8,122115,53717,4911,Low
12/31/2017,X6,2017,Middle East,Silver,Hybrid,Manual,4.5,33420,126503,2359,Low
12/31/2020,X1,2020,North America,Blue,Petrol,Automatic,2.6,36925,81064,8450,High
12/31/2016,7 Series,2016,Asia,Red,Hybrid,Automatic,3.2,191543,103580,1189,Low
12/31/2020,X3,2020,Middle East,Silver,Petrol,Automatic,3.3,167025,78390,5871,High
12/31/2020,X5,2020,Asia,Blue,Petrol,Manual,4.1,144066,98809,7109,High
12/31/2024,X6,2024,Africa,Red,Electric,Automatic,3,55434,133273,3231,Low
12/31/2016,X1,2016,South America,Silver,Hybrid,Automatic,3.4,1135,85142,4301,Low
12/31/2017,X6,2017,Europe,Blue,Petrol,Automatic,2.9,102547,92312,3902,Low
12/31/2016,3 Series,2016,North America,White,Electric,Manual,4.2,64865,89352,9744,High
12/31/2012,3 Series,2012,Europe,White,Hybrid,Automatic,3.4,29319,73872,9634,High
12/31/2012,M3,2012,South America,Grey,Petrol,Automatic,4.4,77367,75132,923,Low
12/31/2011,5 Series,2011,Africa,Red,Petrol,Automatic,1.7,187853,26563,3109,Low
12/31/2022,X6,2022,South America,Grey,Hybrid,Manual,4.7,36630,141743,2825,Low
12/31/2010,i3,2010,Asia,Grey,Electric,Automatic,4.4,88635,84313,4143,Low
12/31/2014,X6,2014,Middle East,White,Hybrid,Manual,4.4,152837,86048,2369,Low
12/31/2021,M5,2021,North America,White,Hybrid,Automatic,2,35126,149760,2032,Low
12/31/2013,i3,2013,Africa,Black,Hybrid,Manual,2.4,127053,47066,2515,Low
12/31/2024,M5,2024,Africa,Red,Diesel,Automatic,4.9,127992,142012,1154,Low
12/31/2022,X1,2022,South America,Silver,Hybrid,Automatic,4.8,166775,86284,5817,High
12/31/2020,M5,2020,Europe,White,Hybrid,Manual,2.3,98453,133488,2183,Low
12/31/2011,M3,2011,North America,White,Hybrid,Automatic,3,132505,69773,2484,Low
12/31/2010,i8,2010,Asia,Red,Petrol,Automatic,2,97546,104066,50,Low
12/31/2023,i8,2023,Africa,Grey,Petrol,Automatic,2.4,177215,133424,315,Low
12/31/2023,X5,2023,Middle East,Grey,Diesel,Manual,2.1,184845,86534,5352,High
12/31/2012,7 Series,2012,Africa,White,Diesel,Automatic,1.8,102545,69916,158,Low
12/31/2022,5 Series,2022,Europe,White,Petrol,Manual,3.5,151175,87527,6549,High
12/31/2015,X6,2015,Africa,Blue,Electric,Manual,2.3,1333,102465,1631,Low
12/31/2022,5 Series,2022,Asia,Grey,Petrol,Automatic,5,45962,119343,8259,High
12/31/2011,X1,2011,North America,Grey,Electric,Automatic,3.3,189930,37031,7818,High
12/31/2019,i8,2019,Europe,Silver,Petrol,Manual,2.8,70305,150803,50,Low
12/31/2024,3 Series,2024,Africa,Black,Diesel,Automatic,4.7,28609,115186,4681,Low
12/31/2022,M3,2022,Africa,Silver,Petrol,Manual,3.7,113873,103645,1719,Low
12/31/2016,X3,2016,Europe,Red,Petrol,Automatic,1.9,31115,71230,7384,High
12/31/2020,M3,2020,Asia,White,Hybrid,Automatic,3.2,195010,92759,3552,Low
12/31/2016,5 Series,2016,Middle East,Red,Hybrid,Automatic,3,122132,80346,4371,Low
12/31/2020,M3,2020,Europe,Grey,Petrol,Manual,4.2,78546,108228,2550,Low
12/31/2012,X1,2012,Asia,Black,Petrol,Automatic,3.9,26435,57382,8353,High
12/31/2023,7 Series,2023,South America,Red,Electric,Manual,2.8,5581,163220,980,Low
12/31/2010,7 Series,2010,Europe,Black,Diesel,Automatic,3.1,61359,87105,423,Low
12/31/2018,M3,2018,Asia,White,Diesel,Manual,3.3,119513,89552,2960,Low
12/31/2020,X6,2020,North America,Blue,Diesel,Manual,3,62672,112125,4056,Low
12/31/2014,X1,2014,Asia,Red,Diesel,Automatic,1.9,96915,37674,8335,High
12/31/2011,i3,2011,North America,Red,Hybrid,Automatic,4.7,89713,68163,3869,Low
12/31/2024,3 Series,2024,Europe,Silver,Hybrid,Manual,3.9,30042,118894,9382,High
12/31/2017,M3,2017,Middle East,Red,Electric,Automatic,3.1,189842,90450,1725,Low
12/31/2021,X5,2021,Africa,Blue,Petrol,Automatic,3.5,28034,118803,2657,Low
12/31/2019,X6,2019,North America,Silver,Electric,Automatic,2.2,164127,100107,4164,Low
12/31/2019,M3,2019,North America,Grey,Hybrid,Manual,3.4,75896,111970,3582,Low
12/31/2013,7 Series,2013,South America,Blue,Petrol,Manual,4.1,125836,91074,137,Low
12/31/2020,i3,2020,South America,Blue,Hybrid,Manual,3.4,70732,91654,3300,Low
12/31/2019,M5,2019,North America,White,Hybrid,Manual,3.2,47513,146017,1714,Low
12/31/2021,M5,2021,Europe,Grey,Electric,Manual,3.1,19106,152830,2140,Low
12/31/2016,i8,2016,Africa,Black,Electric,Automatic,4.2,161066,138013,50,Low
12/31/2023,X5,2023,Middle East,Red,Diesel,Automatic,4.1,154189,108920,4605,Low
12/31/2022,i8,2022,Asia,Blue,Petrol,Manual,4.1,20873,181703,50,Low
12/31/2014,3 Series,2014,North America,Red,Diesel,Automatic,2.4,21256,60235,8831,High
12/31/2022,M5,2022,Africa,Grey,Diesel,Manual,3.7,93557,126669,1020,Low
12/31/2012,X6,2012,Middle East,Grey,Electric,Automatic,4.2,136185,89011,1807,Low
12/31/2019,X3,2019,Asia,Blue,Electric,Manual,3.5,37514,105992,8924,High
12/31/2017,X5,2017,Europe,Black,Petrol,Manual,4.2,142847,78141,5484,High
12/31/2011,X1,2011,Africa,White,Electric,Automatic,4.5,137974,51751,3514,Low
12/31/2010,i3,2010,Europe,Black,Electric,Automatic,2.1,21199,60928,4157,Low
12/31/2014,i8,2014,Europe,White,Petrol,Automatic,2.6,72042,130537,50,Low
12/31/2020,X3,2020,South America,Grey,Diesel,Automatic,3.6,171123,67322,6168,High
12/31/2013,M3,2013,Africa,Red,Diesel,Automatic,2.5,46420,67491,1045,Low
12/31/2020,X3,2020,Africa,Blue,Diesel,Manual,4.8,104388,83668,5173,High
12/31/2019,3 Series,2019,Europe,Blue,Diesel,Automatic,2.2,104361,64550,8541,High
12/31/2024,M5,2024,Middle East,Silver,Electric,Manual,2.7,166401,146673,1897,Low
12/31/2016,5 Series,2016,Europe,Black,Hybrid,Manual,5,85775,97484,6964,High
12/31/2024,i8,2024,Middle East,Silver,Diesel,Manual,2.2,80240,157481,284,Low
12/31/2022,7 Series,2022,South America,Blue,Hybrid,Manual,3.1,191845,114184,1882,Low
12/31/2018,5 Series,2018,Europe,Grey,Diesel,Automatic,2.6,135249,73605,7655,High
12/31/2015,5 Series,2015,Asia,White,Petrol,Automatic,4.3,158533,72582,7108,High
12/31/2020,X3,2020,Europe,White,Petrol,Automatic,2.6,180830,67259,8943,High
12/31/2010,X6,2010,Europe,White,Hybrid,Manual,2.1,193467,43906,3537,Low
12/31/2024,i3,2024,North America,Red,Hybrid,Manual,4.8,176771,107715,5897,High
12/31/2017,3 Series,2017,South America,Blue,Petrol,Automatic,2.6,39884,71207,5967,High
12/31/2011,i3,2011,Europe,Blue,Diesel,Automatic,4.1,9367,62911,4222,Low
12/31/2013,i8,2013,Asia,Black,Diesel,Manual,2.5,130031,104056,50,Low
12/31/2012,i8,2012,Europe,Silver,Petrol,Automatic,2.1,53641,119294,50,Low
12/31/2015,M3,2015,Middle East,Red,Hybrid,Automatic,4.3,28076,114533,1253,Low
12/31/2011,3 Series,2011,Africa,Red,Diesel,Automatic,1.7,187659,25000,4433,Low
12/31/2014,X6,2014,Middle East,Grey,Petrol,Manual,2.7,92290,79421,2350,Low
12/31/2020,M5,2020,Middle East,Black,Diesel,Automatic,4.2,184785,122995,1027,Low
12/31/2018,X6,2018,Asia,Grey,Petrol,Manual,3.3,19574,114782,4491,Low
12/31/2024,X1,2024,Europe,Grey,Petrol,Manual,3.9,135989,87156,8135,High
12/31/2012,M5,2012,South America,White,Diesel,Manual,1.7,86365,76380,456,Low
12/31/2011,X1,2011,South America,Silver,Hybrid,Manual,4.1,138926,39615,4459,Low
12/31/2011,X5,2011,Africa,Black,Electric,Automatic,2.1,100480,64345,2507,Low
12/31/2024,X1,2024,North America,Silver,Hybrid,Manual,4.3,196466,91782,8252,High
12/31/2018,M5,2018,Europe,White,Petrol,Automatic,3.5,150213,117280,1517,Low
12/31/2015,M5,2015,South America,Red,Hybrid,Manual,4.1,6318,133619,50,Low
12/31/2011,M5,2011,Africa,Blue,Electric,Automatic,2.2,177852,77638,95,Low
12/31/2012,i8,2012,South America,Red,Petrol,Automatic,2.9,186468,97890,50,Low
12/31/2024,X6,2024,Europe,Silver,Petrol,Manual,4.3,64033,136676,3715,Low
12/31/2023,M5,2023,South America,Grey,Diesel,Manual,4.7,161332,133791,1264,Low
12/31/2010,X6,2010,South America,Black,Petrol,Automatic,2.3,95159,56987,1639,Low
12/31/2011,X6,2011,Africa,Black,Petrol,Automatic,4.3,57166,80185,1245,Low
12/31/2024,3 Series,2024,Middle East,White,Hybrid,Automatic,1.9,76045,102822,8495,High
12/31/2011,i8,2011,Asia,Silver,Hybrid,Manual,3,128936,117417,50,Low
12/31/2020,M3,2020,Europe,Grey,Petrol,Automatic,4.8,19240,133109,2774,Low
12/31/2011,X3,2011,Asia,Blue,Electric,Manual,4.8,99176,72952,9108,High
12/31/2016,X5,2016,Europe,Grey,Diesel,Manual,2.5,122669,70709,6389,High
12/31/2012,5 Series,2012,Asia,White,Electric,Manual,2.2,155389,54420,7546,High
12/31/2022,X5,2022,Middle East,Silver,Diesel,Manual,2,26433,104718,3876,Low
12/31/2024,i8,2024,Europe,Black,Hybrid,Manual,3.2,123102,175181,709,Low
12/31/2023,X1,2023,Middle East,Silver,Diesel,Manual,1.8,46840,85842,6341,High
12/31/2020,M3,2020,North America,White,Electric,Automatic,2.7,17611,132814,3269,Low
12/31/2013,X1,2013,Asia,White,Hybrid,Automatic,1.6,145144,34753,8722,High
12/31/2011,M3,2011,North America,White,Diesel,Manual,2.4,131001,49085,2350,Low
12/31/2014,M5,2014,Middle East,Red,Hybrid,Manual,4.7,92194,125816,157,Low
12/31/2023,i3,2023,Europe,White,Hybrid,Manual,3.1,14934,113296,5646,High
12/31/2018,M3,2018,Europe,Grey,Hybrid,Manual,1.8,148690,77474,3109,Low
12/31/2021,7 Series,2021,South America,Silver,Electric,Automatic,3.8,199416,129191,1240,Low
12/31/2018,M5,2018,Middle East,Blue,Electric,Automatic,4.8,52485,160119,762,Low
12/31/2016,M3,2016,Middle East,White,Diesel,Automatic,3.1,84225,87897,1722,Low
12/31/2021,3 Series,2021,South America,Grey,Petrol,Manual,3.7,97302,80961,5595,High
12/31/2017,X3,2017,Africa,Silver,Hybrid,Manual,4.7,84342,88107,4357,Low
12/31/2022,7 Series,2022,North America,Silver,Diesel,Automatic,3,161974,112678,2153,Low
12/31/2023,5 Series,2023,Middle East,Blue,Petrol,Automatic,3.8,181420,97204,4864,Low
12/31/2014,7 Series,2014,Middle East,Black,Petrol,Manual,3,131953,94768,393,Low
12/31/2014,X5,2014,Middle East,Blue,Hybrid,Manual,4.9,43995,99991,3744,Low
12/31/2021,3 Series,2021,South America,Grey,Petrol,Automatic,3.3,135331,43587,7749,High
12/31/2012,X1,2012,Asia,Grey,Hybrid,Manual,4.6,125441,52340,7212,High
12/31/2015,X3,2015,Middle East,Blue,Hybrid,Automatic,3.3,48016,90253,4635,Low
12/31/2010,X6,2010,Asia,Black,Diesel,Manual,3.8,13922,76187,3595,Low
12/31/2012,X1,2012,Africa,Blue,Electric,Automatic,2.9,54190,58613,3250,Low
12/31/2020,i8,2020,Africa,Grey,Hybrid,Automatic,4.7,82069,174097,50,Low
12/31/2011,5 Series,2011,North America,Red,Electric,Automatic,3.8,133492,69161,5447,High
12/31/2016,i8,2016,Asia,White,Hybrid,Manual,1.6,116744,120937,50,Low
12/31/2018,i3,2018,Africa,Red,Diesel,Automatic,1.6,165748,42778,3206,Low
12/31/2013,X6,2013,Asia,Black,Diesel,Manual,3.9,171009,62155,3561,Low
12/31/2016,X5,2016,Europe,Blue,Electric,Automatic,1.9,74309,92767,4639,Low
12/31/2017,X1,2017,North America,White,Petrol,Manual,4,164268,90050,7082,High
12/31/2019,5 Series,2019,Europe,Blue,Petrol,Manual,2.6,50762,86835,7544,High
12/31/2011,X1,2011,Middle East,Red,Diesel,Automatic,3.4,46779,48046,4960,Low
12/31/2016,M3,2016,Asia,Black,Electric,Manual,2.1,27658,99237,2741,Low
12/31/2022,i8,2022,Europe,Grey,Electric,Automatic,2.4,195241,154924,729,Low
12/31/2021,X3,2021,South America,Blue,Diesel,Manual,3,106709,82296,5047,High
12/31/2012,i3,2012,North America,Silver,Electric,Automatic,3.8,129188,59648,3908,Low
12/31/2017,i3,2017,Middle East,Blue,Hybrid,Automatic,2,16004,91337,3024,Low
12/31/2015,X6,2015,Middle East,Black,Petrol,Manual,2.5,50200,88991,2726,Low
12/31/2012,X5,2012,North America,Black,Petrol,Manual,2.2,90565,60951,6187,High
12/31/2017,X1,2017,Asia,Black,Electric,Automatic,4.5,45896,93891,8186,High
12/31/2020,i3,2020,Middle East,Black,Petrol,Automatic,3.8,152898,74114,3854,Low
12/31/2022,X1,2022,North America,Black,Petrol,Automatic,3.1,9334,101153,8294,High
12/31/2012,i8,2012,North America,Grey,Electric,Automatic,4.8,148535,136897,50,Low
12/31/2018,i8,2018,Middle East,White,Electric,Manual,4.1,64793,174644,50,Low
12/31/2020,X6,2020,South America,Black,Diesel,Manual,4.8,9872,127256,2107,Low
12/31/2012,i3,2012,Asia,Red,Hybrid,Automatic,3.6,165646,48717,4269,Low
12/31/2010,X1,2010,North America,White,Electric,Automatic,2,171202,26948,8295,High
12/31/2022,i3,2022,North America,Silver,Hybrid,Manual,3.9,78620,111053,5815,High
12/31/2011,X6,2011,Europe,Red,Hybrid,Manual,2.2,81471,68741,3663,Low
12/31/2013,5 Series,2013,Middle East,Black,Hybrid,Automatic,2.7,95798,74286,786,Low
12/31/2022,X6,2022,Asia,Red,Hybrid,Automatic,3.3,57118,127478,5300,High
12/31/2020,X1,2020,Middle East,Blue,Hybrid,Automatic,2.1,116050,73342,5557,High
12/31/2011,i3,2011,South America,Grey,Hybrid,Manual,1.6,185278,25000,3044,Low
12/31/2013,M3,2013,Middle East,Red,Electric,Automatic,2.6,198820,64607,1738,Low
12/31/2013,5 Series,2013,Middle East,Blue,Diesel,Automatic,4.4,109893,68582,4216,Low
12/31/2013,i8,2013,South America,White,Diesel,Automatic,1.6,69065,104104,50,Low
12/31/2010,X5,2010,Africa,Red,Hybrid,Manual,1.9,79688,54253,2564,Low
12/31/2018,3 Series,2018,Middle East,Silver,Diesel,Automatic,4.3,152172,71497,7357,High
12/31/2019,i3,2019,Africa,Blue,Electric,Automatic,2.6,146025,78891,3420,Low
12/31/2020,i3,2020,North America,Silver,Electric,Automatic,4.8,55246,114469,4949,Low
12/31/2016,X3,2016,South America,Blue,Diesel,Manual,2.8,46356,64877,4575,Low
12/31/2011,X6,2011,North America,White,Diesel,Manual,4.3,65129,77136,3232,Low
12/31/2012,X5,2012,North America,Grey,Diesel,Manual,2.4,75163,57904,6314,High
12/31/2022,i8,2022,Asia,Silver,Hybrid,Manual,1.7,70462,162121,890,Low
12/31/2017,M3,2017,Africa,White,Hybrid,Manual,4.6,130228,95699,1116,Low
12/31/2016,i3,2016,North America,Blue,Petrol,Automatic,4.7,181907,61351,5640,High
12/31/2013,7 Series,2013,North America,Grey,Diesel,Automatic,4,178096,83648,866,Low
12/31/2013,M5,2013,Europe,Red,Petrol,Automatic,4.2,148320,101043,1109,Low
12/31/2018,X3,2018,South America,Black,Diesel,Manual,1.5,150206,47471,4991,Low
12/31/2024,7 Series,2024,Middle East,Silver,Hybrid,Manual,4.1,136800,150450,1642,Low
12/31/2014,M5,2014,North America,Silver,Petrol,Manual,3.2,186668,86406,1715,Low
12/31/2023,5 Series,2023,Africa,Black,Electric,Manual,3.1,151714,104743,4283,Low
12/31/2022,M5,2022,Middle East,Silver,Hybrid,Manual,3.4,29699,166791,1444,Low
12/31/2020,X3,2020,Middle East,Silver,Electric,Manual,2.4,149299,87561,5780,High
12/31/2014,5 Series,2014,North America,Silver,Hybrid,Manual,3.9,13659,101560,5425,High
12/31/2024,M3,2024,Africa,Silver,Hybrid,Automatic,2.5,73965,127467,2123,Low
12/31/2016,7 Series,2016,Asia,Grey,Petrol,Automatic,3.5,32507,122872,939,Low
12/31/2010,X5,2010,Asia,Grey,Petrol,Manual,2,22315,60215,5743,High
12/31/2012,X5,2012,Africa,Grey,Electric,Manual,3.9,70051,82336,2175,Low
12/31/2011,X1,2011,Africa,Silver,Hybrid,Automatic,2.2,177684,25000,3729,Low
12/31/2020,M3,2020,North America,Silver,Diesel,Manual,2.1,94093,92687,3621,Low
12/31/2019,3 Series,2019,Europe,Blue,Hybrid,Automatic,1.6,90738,76379,9426,High
12/31/2015,i3,2015,Europe,White,Diesel,Manual,1.9,29707,55519,5136,High
12/31/2020,X1,2020,Middle East,Black,Electric,Automatic,2.3,11461,101298,5618,High
12/31/2021,X3,2021,Middle East,White,Diesel,Manual,2.3,167130,67886,7083,High
12/31/2015,X6,2015,Middle East,Blue,Hybrid,Automatic,2.6,1699,113988,2121,Low
12/31/2019,5 Series,2019,Asia,White,Hybrid,Automatic,1.7,62091,99865,7782,High
12/31/2010,X1,2010,South America,Grey,Electric,Automatic,4.8,42560,65368,3992,Low
12/31/2023,X6,2023,North America,White,Petrol,Automatic,1.9,6231,131443,4089,Low
12/31/2023,M3,2023,Middle East,Silver,Electric,Manual,4,168016,127283,3032,Low
12/31/2015,X3,2015,South America,Blue,Petrol,Automatic,3.4,103586,63170,5248,High
12/31/2019,i8,2019,Europe,White,Diesel,Manual,3.4,77764,147465,50,Low
12/31/2011,X3,2011,Asia,Grey,Hybrid,Automatic,1.9,92646,50879,8483,High
12/31/2020,5 Series,2020,Europe,Blue,Petrol,Automatic,2.4,98298,89892,6632,High
12/31/2013,M5,2013,Middle East,White,Electric,Manual,4.2,142152,112158,218,Low
12/31/2015,X6,2015,Asia,Blue,Diesel,Automatic,3.1,57359,90908,4396,Low
12/31/2012,X6,2012,Europe,Grey,Petrol,Manual,3.1,162748,56722,3329,Low
12/31/2012,X1,2012,Asia,White,Diesel,Manual,3.4,175569,25000,6999,High
12/31/2021,M5,2021,Africa,Black,Petrol,Manual,3,195870,102565,1369,Low
12/31/2012,5 Series,2012,Europe,White,Petrol,Automatic,4.3,165560,56018,15000,High
12/31/2013,X6,2013,South America,Silver,Petrol,Manual,4.1,92113,82200,2101,Low
12/31/2018,M3,2018,Europe,Red,Electric,Automatic,2.6,161390,90918,3209,Low
12/31/2013,M3,2013,South America,Grey,Hybrid,Manual,4.3,148265,76776,1127,Low
12/31/2022,X1,2022,Asia,Blue,Electric,Manual,3.3,85653,101330,8366,High
12/31/2013,X5,2013,Europe,Silver,Petrol,Manual,3.7,3443,88627,4626,Low
12/31/2013,X6,2013,Africa,Red,Petrol,Manual,4.5,50361,87074,1297,Low
12/31/2016,i3,2016,Europe,White,Electric,Manual,3.2,51539,86926,4105,Low
12/31/2014,M5,2014,Middle East,Black,Hybrid,Automatic,4.1,114680,127374,181,Low
12/31/2021,3 Series,2021,Europe,Blue,Hybrid,Manual,3.7,188529,75911,10685,High
12/31/2011,3 Series,2011,South America,Silver,Electric,Automatic,3,190291,38654,5713,High
12/31/2016,i3,2016,South America,Blue,Diesel,Automatic,4.3,75830,72453,2549,Low
12/31/2012,X6,2012,Asia,Silver,Petrol,Automatic,1.9,89073,64225,4395,Low
12/31/2020,X6,2020,Europe,Blue,Diesel,Manual,3.5,74256,106823,3723,Low
12/31/2010,7 Series,2010,Asia,Silver,Electric,Automatic,1.7,119853,78727,797,Low
12/31/2018,X1,2018,North America,Silver,Hybrid,Manual,2,184481,50338,7822,High
12/31/2014,X3,2014,North America,Blue,Hybrid,Automatic,3.6,176421,60098,8373,High
12/31/2019,i3,2019,South America,Blue,Hybrid,Automatic,2.6,140914,72372,3993,Low
12/31/2010,5 Series,2010,South America,Blue,Electric,Manual,2.4,185871,39436,3565,Low
12/31/2020,X6,2020,South America,Black,Electric,Manual,4.8,161638,116729,3027,Low
12/31/2010,X6,2010,Middle East,Grey,Petrol,Manual,2.8,178621,47491,2300,Low
12/31/2010,X6,2010,Europe,Blue,Hybrid,Automatic,3.5,85507,74627,2982,Low
12/31/2021,M3,2021,Europe,White,Hybrid,Manual,3.4,15033,129548,3219,Low
12/31/2018,i8,2018,Middle East,Grey,Diesel,Manual,1.7,1489,141799,50,Low
12/31/2022,M5,2022,North America,Blue,Hybrid,Automatic,3.9,30718,162886,1767,Low
12/31/2017,X3,2017,Asia,Blue,Petrol,Manual,3.3,85562,70205,9239,High
12/31/2020,X6,2020,Europe,White,Hybrid,Automatic,2.8,55121,121490,4325,Low
12/31/2022,i3,2022,North America,Red,Electric,Automatic,1.7,146654,88980,6111,High
12/31/2024,X5,2024,South America,White,Electric,Automatic,2.5,195235,103154,4935,Low
12/31/2022,3 Series,2022,Middle East,Grey,Diesel,Manual,4.6,155225,82149,7856,High
12/31/2015,3 Series,2015,South America,Grey,Petrol,Manual,2.1,185450,31146,6859,High
12/31/2019,X5,2019,South America,White,Electric,Automatic,2.3,86859,105609,3649,Low
12/31/2024,X3,2024,South America,Silver,Electric,Manual,2.2,116354,103862,5981,High
12/31/2024,M5,2024,Asia,Grey,Petrol,Automatic,4.6,130341,146726,2500,Low
12/31/2015,X3,2015,Europe,Red,Electric,Manual,3.9,116259,75411,8713,High
12/31/2015,M5,2015,Middle East,Black,Hybrid,Automatic,4.6,132795,128111,319,Low
12/31/2013,X5,2013,Asia,Black,Diesel,Automatic,4.7,136401,71566,6241,High
12/31/2014,M3,2014,Europe,Red,Diesel,Manual,4.7,26956,98253,2166,Low
12/31/2019,X5,2019,North America,Black,Hybrid,Manual,3.2,133387,97959,7083,High
12/31/2012,X3,2012,South America,Red,Diesel,Automatic,3.2,193902,29772,5405,High
12/31/2012,5 Series,2012,North America,Black,Hybrid,Automatic,4.4,94602,78424,5334,High
12/31/2019,M5,2019,Africa,Black,Diesel,Manual,2.7,166282,102677,1026,Low
12/31/2016,i8,2016,Middle East,Silver,Electric,Automatic,1.6,146360,130233,50,Low
12/31/2014,7 Series,2014,Europe,Silver,Hybrid,Automatic,2.7,126122,99621,884,Low
12/31/2017,5 Series,2017,North America,Blue,Petrol,Automatic,4,50924,99595,6131,High
12/31/2014,M5,2014,South America,Red,Hybrid,Manual,1.9,169902,81619,672,Low
12/31/2021,7 Series,2021,Europe,Silver,Diesel,Manual,4.2,15252,143516,1163,Low
12/31/2013,X6,2013,North America,Red,Hybrid,Automatic,4.4,56342,101443,3492,Low
12/31/2023,3 Series,2023,Asia,White,Electric,Automatic,1.9,121148,99672,9332,High
12/31/2012,3 Series,2012,South America,White,Petrol,Manual,1.8,140206,25108,4968,Low
12/31/2021,X3,2021,Asia,Red,Diesel,Automatic,2.2,86608,81077,8223,High
12/31/2011,5 Series,2011,Africa,Black,Hybrid,Automatic,2.7,39488,72367,6802,High
12/31/2012,7 Series,2012,North America,Red,Petrol,Manual,3.4,87973,89713,686,Low
12/31/2016,i8,2016,Middle East,Silver,Hybrid,Manual,3.2,188383,127004,50,Low
12/31/2017,5 Series,2017,North America,Grey,Diesel,Manual,4.5,7046,101714,6051,High
12/31/2024,X3,2024,South America,White,Electric,Manual,2,49549,109135,6214,High
12/31/2014,X5,2014,North America,Blue,Electric,Manual,3.9,28864,103000,4423,Low
12/31/2020,5 Series,2020,Middle East,Silver,Petrol,Automatic,3.4,100005,99784,4437,Low
12/31/2010,X5,2010,Europe,Silver,Hybrid,Automatic,4.1,86321,76934,701,Low
12/31/2012,X5,2012,Europe,Black,Hybrid,Manual,2.7,148253,60255,5921,High
12/31/2013,X3,2013,South America,Red,Diesel,Manual,3.1,11809,62135,4631,Low
12/31/2019,M5,2019,Middle East,Blue,Hybrid,Automatic,1.6,122393,126793,1291,Low
12/31/2022,i3,2022,Middle East,Black,Diesel,Manual,1.9,29364,86687,3784,Low
12/31/2022,X6,2022,Middle East,Black,Diesel,Automatic,2.8,85904,114983,2786,Low
12/31/2021,X5,2021,South America,Black,Hybrid,Manual,3.2,2261,119552,3892,Low
12/31/2013,7 Series,2013,Europe,Silver,Hybrid,Automatic,1.8,24554,110565,471,Low
12/31/2021,M5,2021,Europe,Grey,Electric,Manual,4.4,114578,148477,428,Low
12/31/2010,i8,2010,Africa,Blue,Electric,Automatic,4.8,4364,139540,50,Low
12/31/2019,X1,2019,South America,Grey,Hybrid,Manual,3.6,68175,86382,4794,Low
12/31/2018,X6,2018,Middle East,White,Electric,Automatic,1.7,145963,99383,3335,Low
12/31/2021,X6,2021,Europe,Blue,Diesel,Manual,4.1,163317,100259,4086,Low
12/31/2019,X3,2019,South America,Red,Electric,Manual,2.3,57627,95010,6249,High
12/31/2024,M5,2024,South America,Black,Petrol,Manual,4.1,117242,149335,1257,Low
12/31/2024,X5,2024,Africa,Red,Electric,Manual,3,186541,101873,4218,Low
12/31/2013,7 Series,2013,Europe,Grey,Electric,Manual,1.7,163281,83771,853,Low
12/31/2011,M5,2011,Africa,Blue,Petrol,Manual,2.5,158440,65994,256,Low
12/31/2022,i3,2022,Asia,Red,Hybrid,Automatic,3,29515,116347,5042,High
12/31/2018,M5,2018,Africa,Black,Hybrid,Automatic,4.1,5712,147795,577,Low
12/31/2023,M3,2023,Europe,Grey,Hybrid,Manual,2,182610,93621,3725,Low
12/31/2013,X1,2013,Europe,Blue,Hybrid,Automatic,2.5,169577,25000,7074,High
12/31/2013,X3,2013,Middle East,Black,Hybrid,Manual,1.8,102523,55260,4860,Low
12/31/2020,i8,2020,Africa,Grey,Hybrid,Manual,3.7,29990,167008,50,Low
12/31/2015,i3,2015,South America,Grey,Electric,Automatic,3.2,46187,84536,2168,Low
12/31/2017,5 Series,2017,Asia,Grey,Hybrid,Manual,4.8,159703,124674,7366,High
12/31/2014,i3,2014,North America,Red,Electric,Manual,4.1,13274,89872,4618,Low
12/31/2021,M3,2021,South America,White,Diesel,Manual,4.2,145188,101070,1935,Low
12/31/2017,X1,2017,North America,White,Diesel,Automatic,2.1,177728,40159,7758,High
12/31/2010,i3,2010,Middle East,Silver,Petrol,Manual,2.4,75108,37631,3191,Low
12/31/2022,5 Series,2022,North America,Red,Hybrid,Manual,3.3,129711,106983,8424,High
12/31/2013,X5,2013,Africa,Red,Electric,Automatic,1.5,54675,78218,2717,Low
12/31/2010,X5,2010,Middle East,Red,Diesel,Manual,4.5,82329,64590,3564,Low
12/31/2012,X5,2012,Middle East,White,Diesel,Manual,4.2,106022,65402,3443,Low
12/31/2020,X1,2020,Middle East,Black,Hybrid,Manual,1.7,147842,65537,6903,High
12/31/2016,M3,2016,Middle East,Silver,Petrol,Manual,4.5,85143,92881,1590,Low
12/31/2010,i3,2010,Asia,Black,Diesel,Automatic,1.5,142163,25000,4826,Low
12/31/2014,3 Series,2014,Middle East,Grey,Diesel,Automatic,1.9,173874,32411,7081,High
12/31/2010,X1,2010,Asia,Grey,Hybrid,Manual,1.7,119701,26457,8202,High
12/31/2015,7 Series,2015,Africa,Black,Petrol,Manual,3.2,178105,76057,524,Low
12/31/2018,X1,2018,Middle East,Red,Electric,Manual,4.2,171771,77729,5365,High
12/31/2012,X3,2012,Africa,Red,Electric,Automatic,2.1,133907,50698,4509,Low
12/31/2020,X3,2020,Middle East,Red,Hybrid,Manual,4.2,53398,111739,7151,High
12/31/2020,X6,2020,Europe,Grey,Petrol,Manual,2.1,165562,81942,5146,High
12/31/2023,i8,2023,South America,Black,Petrol,Manual,5,120150,167112,50,Low
12/31/2021,M3,2021,Asia,White,Electric,Automatic,4.5,188658,115999,3578,Low
12/31/2024,i3,2024,North America,Black,Hybrid,Automatic,4.1,83505,122682,6418,High
12/31/2015,3 Series,2015,Africa,White,Electric,Manual,3.6,157471,59222,5098,High
12/31/2013,X5,2013,North America,Silver,Diesel,Automatic,2.3,105523,57904,5944,High
12/31/2015,X5,2015,South America,Black,Hybrid,Automatic,1.9,179273,58741,3478,Low
12/31/2011,M3,2011,Europe,Black,Petrol,Automatic,3.1,111477,62541,1895,Low
12/31/2013,M3,2013,Asia,Red,Petrol,Automatic,2.9,77626,71592,2835,Low
12/31/2022,X1,2022,Asia,Black,Hybrid,Automatic,3.9,177897,85796,9516,High
12/31/2022,i8,2022,Africa,Blue,Hybrid,Manual,2.1,183005,131047,798,Low
12/31/2016,X6,2016,Europe,Grey,Diesel,Manual,3.5,28498,93818,3596,Low
12/31/2020,X6,2020,North America,Silver,Petrol,Manual,3.9,178104,97783,5024,High
12/31/2015,i8,2015,Asia,Red,Petrol,Automatic,2.5,40606,135658,50,Low
12/31/2018,i8,2018,Asia,Red,Hybrid,Manual,4.2,173547,142159,460,Low
12/31/2020,X5,2020,Africa,Silver,Petrol,Automatic,3,62133,98034,3552,Low
12/31/2016,7 Series,2016,North America,Blue,Diesel,Manual,2.1,37843,103846,1130,Low
12/31/2010,i8,2010,South America,Blue,Petrol,Manual,2.2,110083,89070,50,Low
12/31/2015,5 Series,2015,Asia,Blue,Electric,Manual,2.5,12691,97358,6937,High
12/31/2020,M5,2020,North America,Silver,Diesel,Manual,2.1,133192,111650,1981,Low
12/31/2012,3 Series,2012,Asia,Blue,Diesel,Automatic,3.5,103211,45824,10805,High
12/31/2017,X3,2017,Middle East,Black,Hybrid,Manual,4.8,132889,86979,5562,High
12/31/2022,M3,2022,South America,Red,Diesel,Automatic,4.6,156178,102859,1879,Low
12/31/2010,M3,2010,South America,Red,Electric,Automatic,2.6,66802,74897,651,Low
12/31/2019,X6,2019,Europe,Red,Hybrid,Automatic,4.5,170202,107788,4499,Low
12/31/2011,M3,2011,Middle East,Red,Petrol,Automatic,4.8,132006,69852,1192,Low
12/31/2012,5 Series,2012,South America,Black,Electric,Automatic,2.5,88850,70601,3289,Low
12/31/2023,7 Series,2023,North America,Red,Hybrid,Automatic,4.7,97582,159377,1932,Low
12/31/2012,X1,2012,South America,White,Electric,Automatic,5,77988,73202,3663,Low
12/31/2016,M3,2016,Middle East,Red,Hybrid,Manual,4.3,133283,95663,1531,Low
12/31/2022,3 Series,2022,North America,Black,Hybrid,Automatic,2.9,183028,82588,1367,Low
12/31/2017,M3,2017,Europe,Blue,Diesel,Automatic,3.6,82536,95575,2511,Low
12/31/2024,i8,2024,Europe,Blue,Diesel,Automatic,2.8,40914,175792,334,Low
12/31/2018,3 Series,2018,Africa,White,Electric,Manual,5,55656,106080,5681,High
12/31/2016,M3,2016,Asia,White,Petrol,Automatic,1.7,193330,60948,3601,Low
12/31/2017,M5,2017,Africa,Red,Hybrid,Manual,4.6,25485,145630,50,Low
12/31/2020,X6,2020,Europe,Blue,Petrol,Manual,1.8,46885,102104,3619,Low
12/31/2024,3 Series,2024,North America,Silver,Electric,Automatic,1.6,35022,111822,9661,High
12/31/2015,X6,2015,Middle East,Grey,Diesel,Manual,4.8,8244,112634,2137,Low
12/31/2011,X3,2011,South America,White,Hybrid,Automatic,4.5,56506,74374,4629,Low
12/31/2010,X1,2010,South America,Blue,Electric,Automatic,2.8,179850,27646,4223,Low
12/31/2012,7 Series,2012,Asia,Blue,Electric,Automatic,4.9,194539,100178,701,Low
12/31/2018,X1,2018,North America,Grey,Hybrid,Automatic,4.5,174869,69895,9141,High
12/31/2022,7 Series,2022,South America,White,Diesel,Automatic,4.7,95747,135635,823,Low
12/31/2016,5 Series,2016,Asia,Black,Electric,Manual,3.6,49395,96430,7637,High
12/31/2011,i8,2011,North America,Red,Hybrid,Automatic,4.9,190008,123386,50,Low
12/31/2023,i3,2023,Asia,Silver,Petrol,Automatic,4.3,169241,89612,6713,High
12/31/2010,X5,2010,Middle East,Blue,Petrol,Manual,4.8,98308,67309,3319,Low
12/31/2011,X3,2011,Africa,Grey,Petrol,Automatic,2.5,155237,29914,4951,Low
12/31/2024,5 Series,2024,Europe,Black,Petrol,Automatic,3.4,153662,97214,7607,High
12/31/2012,5 Series,2012,Asia,Red,Hybrid,Manual,4.5,30136,91753,5584,High
12/31/2023,M5,2023,Middle East,Grey,Electric,Manual,3.5,151179,146185,1676,Low
12/31/2015,M5,2015,Asia,White,Petrol,Automatic,4.3,139777,109893,1407,Low
12/31/2021,i8,2021,Europe,Black,Hybrid,Manual,4.9,60837,185062,204,Low
12/31/2018,7 Series,2018,Asia,Blue,Hybrid,Automatic,4.3,103224,129792,1400,Low
12/31/2017,5 Series,2017,Europe,Black,Hybrid,Manual,2.6,147445,77967,6051,High
12/31/2019,X1,2019,Africa,White,Petrol,Manual,1.9,47142,64790,4883,Low
12/31/2018,M3,2018,North America,Grey,Electric,Manual,2.5,13994,114647,3176,Low
12/31/2020,M3,2020,South America,Blue,Petrol,Automatic,3.8,53316,111834,1512,Low
12/31/2020,i3,2020,North America,Blue,Hybrid,Manual,1.5,80296,81909,5482,High
12/31/2017,M5,2017,Asia,White,Electric,Automatic,2.2,186522,107990,1755,Low
12/31/2016,M5,2016,Europe,White,Hybrid,Automatic,2.6,38087,128928,1179,Low
12/31/2015,3 Series,2015,South America,Black,Hybrid,Automatic,4.6,163496,64661,5022,High
12/31/2017,3 Series,2017,Middle East,Black,Hybrid,Automatic,1.7,22413,79783,5984,High
12/31/2015,5 Series,2015,Middle East,Grey,Hybrid,Manual,1.7,129835,64562,3956,Low
12/31/2011,X6,2011,Asia,Blue,Diesel,Manual,3.4,157545,52837,3792,Low
12/31/2022,7 Series,2022,Europe,Red,Electric,Automatic,2.1,51986,151544,1912,Low
12/31/2018,X5,2018,North America,White,Diesel,Manual,2.3,108763,77512,5723,High
12/31/2018,X6,2018,South America,Blue,Diesel,Automatic,2.1,95212,85656,2320,Low
12/31/2012,3 Series,2012,Asia,Red,Diesel,Manual,3.5,120173,39230,9673,High
12/31/2018,M3,2018,Asia,White,Diesel,Automatic,1.7,196598,64332,2998,Low
12/31/2011,5 Series,2011,North America,Blue,Petrol,Manual,4.8,94691,63941,5559,High
12/31/2021,5 Series,2021,Asia,Red,Electric,Automatic,1.9,89360,100860,8154,High
12/31/2023,X6,2023,Middle East,Silver,Hybrid,Manual,4.8,184925,129640,3398,Low
12/31/2012,7 Series,2012,Africa,Grey,Diesel,Automatic,4.2,84722,94589,50,Low
12/31/2023,3 Series,2023,North America,Grey,Electric,Automatic,4.4,39012,124676,9441,High
12/31/2015,X6,2015,North America,Blue,Hybrid,Automatic,2.1,5446,102694,3311,Low
12/31/2023,X6,2023,North America,Red,Hybrid,Manual,3.8,39136,145120,4306,Low
12/31/2013,3 Series,2013,Africa,Red,Electric,Manual,4.4,187838,54615,4613,Low
12/31/2017,M3,2017,Europe,Red,Hybrid,Automatic,3.5,15445,112837,2388,Low
12/31/2010,M3,2010,North America,Grey,Petrol,Automatic,3.4,33758,73400,1980,Low
12/31/2022,i3,2022,North America,Black,Hybrid,Automatic,2.1,2676,109683,5987,High
12/31/2015,X3,2015,South America,Black,Electric,Automatic,2.9,42904,81938,4735,Low
12/31/2011,X5,2011,Asia,Grey,Hybrid,Manual,2,53463,66755,6201,High
12/31/2015,X6,2015,South America,Silver,Electric,Automatic,4.9,192671,91227,2326,Low
12/31/2023,X1,2023,Europe,Black,Diesel,Automatic,3.9,169238,75991,9123,High
12/31/2010,5 Series,2010,Africa,Red,Electric,Automatic,1.7,35747,66746,2302,Low
12/31/2024,3 Series,2024,Europe,Blue,Petrol,Automatic,3.2,66728,108411,10966,High
12/31/2011,X6,2011,North America,Blue,Electric,Automatic,3.7,161010,79574,3223,Low
12/31/2018,7 Series,2018,South America,Blue,Petrol,Automatic,1.8,84110,99215,783,Low
12/31/2015,X3,2015,South America,Silver,Hybrid,Manual,3.8,149554,64491,4489,Low
12/31/2017,M5,2017,South America,Silver,Petrol,Manual,2.1,186905,85971,1177,Low
12/31/2016,M3,2016,Europe,Silver,Electric,Automatic,2.9,115827,92924,2784,Low
12/31/2018,i3,2018,North America,Black,Electric,Manual,3.7,69822,96434,4797,Low
12/31/2018,X5,2018,Asia,White,Electric,Automatic,2.8,72454,102891,6581,High
12/31/2020,X3,2020,Asia,Black,Diesel,Automatic,2.8,61789,84025,8320,High
12/31/2013,M5,2013,North America,Grey,Diesel,Manual,4.5,169082,97607,1263,Low
12/31/2016,7 Series,2016,Asia,White,Diesel,Automatic,2.6,162456,89100,1565,Low
12/31/2014,M3,2014,Middle East,Black,Hybrid,Manual,3.8,10266,104498,1190,Low
12/31/2016,i3,2016,North America,Silver,Electric,Automatic,4.5,23774,99028,4341,Low
12/31/2013,X1,2013,South America,Grey,Electric,Automatic,2,166902,37891,5012,High
12/31/2021,7 Series,2021,Europe,White,Diesel,Manual,1.7,140828,102803,2061,Low
12/31/2019,3 Series,2019,Middle East,Silver,Petrol,Automatic,4.4,94974,89601,7595,High
12/31/2020,i8,2020,Asia,White,Petrol,Automatic,3.4,113488,145431,214,Low
12/31/2020,X1,2020,Africa,Red,Diesel,Automatic,4.4,48582,87471,4838,Low
12/31/2010,M3,2010,Africa,Red,Hybrid,Manual,2.2,132912,47663,869,Low
12/31/2013,M5,2013,North America,Blue,Diesel,Automatic,4.4,174659,94374,1391,Low
12/31/2024,X6,2024,South America,Red,Hybrid,Manual,1.8,109666,115301,3289,Low
12/31/2022,i8,2022,Europe,Silver,Diesel,Manual,4.6,74769,161063,230,Low
12/31/2019,i3,2019,Middle East,Silver,Petrol,Automatic,4.4,78375,93108,3587,Low
12/31/2024,M5,2024,South America,Red,Hybrid,Automatic,3.5,144836,141049,1601,Low
12/31/2012,i3,2012,Africa,Grey,Hybrid,Automatic,3.6,156704,45044,2562,Low
12/31/2018,M5,2018,North America,Black,Diesel,Manual,2.7,100870,118595,1666,Low
12/31/2014,5 Series,2014,Asia,Grey,Electric,Manual,2.2,84394,74111,6833,High
12/31/2013,i8,2013,Asia,Silver,Diesel,Automatic,3.1,6834,131723,50,Low
12/31/2017,X5,2017,North America,Silver,Electric,Manual,3.8,31036,116532,5407,High
12/31/2024,M5,2024,South America,Black,Petrol,Manual,5,109785,157762,1086,Low
12/31/2014,X6,2014,Middle East,Blue,Petrol,Manual,4.4,80986,90341,2385,Low
12/31/2012,X6,2012,South America,Blue,Diesel,Automatic,3,4492,82779,1730,Low
12/31/2011,7 Series,2011,North America,Grey,Diesel,Manual,4.1,905,108155,374,Low
12/31/2024,3 Series,2024,South America,Red,Petrol,Automatic,1.9,69782,94738,6308,High
12/31/2017,M3,2017,Europe,Blue,Electric,Automatic,3,128587,95668,2370,Low
12/31/2021,5 Series,2021,Asia,Red,Hybrid,Manual,3,7547,122298,7162,High
12/31/2011,X6,2011,North America,White,Petrol,Manual,5,153390,67668,3911,Low
12/31/2023,M3,2023,South America,Black,Diesel,Manual,2.9,78094,111601,1851,Low
12/31/2017,X6,2017,Asia,Silver,Electric,Manual,1.8,58891,102752,4670,Low
12/31/2014,X6,2014,Middle East,Blue,Hybrid,Automatic,1.7,153367,71838,2163,Low
12/31/2017,i3,2017,Middle East,Silver,Hybrid,Manual,3.9,69744,86006,3039,Low
12/31/2014,7 Series,2014,Middle East,Black,Hybrid,Manual,2.5,105945,100836,250,Low
12/31/2010,3 Series,2010,Europe,Grey,Petrol,Manual,4.5,105359,42999,8246,High
12/31/2021,X6,2021,South America,White,Electric,Manual,3.2,170594,111292,3160,Low
12/31/2022,i3,2022,Asia,Grey,Electric,Manual,2.7,159983,90794,6357,High
12/31/2020,M3,2020,Europe,White,Hybrid,Manual,4.2,130023,114685,3024,Low
12/31/2023,5 Series,2023,North America,Black,Diesel,Manual,3,141007,95190,7509,High
12/31/2020,7 Series,2020,Asia,Black,Electric,Automatic,4.1,193141,128547,1926,Low
12/31/2011,5 Series,2011,North America,Silver,Petrol,Automatic,4,32529,76193,5661,High
12/31/2023,X5,2023,Asia,Blue,Hybrid,Manual,4,32017,131198,6371,High
12/31/2015,5 Series,2015,Europe,Silver,Electric,Automatic,4.5,162485,80985,7068,High
12/31/2012,3 Series,2012,Africa,Black,Hybrid,Manual,4.5,158415,52753,4281,Low
12/31/2017,X6,2017,South America,White,Electric,Manual,3.8,140174,94593,2585,Low
12/31/2014,X1,2014,Africa,Grey,Diesel,Automatic,4.8,100182,32818,4775,Low
12/31/2012,5 Series,2012,Africa,Red,Hybrid,Automatic,1.6,137570,49816,3732,Low
12/31/2021,M5,2021,Europe,White,Hybrid,Automatic,4.8,198278,134832,2435,Low
12/31/2019,X3,2019,Middle East,Blue,Hybrid,Manual,2,10631,102507,6355,High
12/31/2016,X3,2016,South America,Grey,Electric,Automatic,2.2,18173,90214,5549,High
12/31/2023,X5,2023,North America,Grey,Petrol,Automatic,4.4,52339,131055,6717,High
12/31/2017,i8,2017,Europe,Blue,Hybrid,Manual,2.9,154481,137161,50,Low
12/31/2013,i3,2013,Middle East,Black,Diesel,Manual,3,96452,49264,2851,Low
12/31/2022,X3,2022,Europe,Black,Diesel,Manual,2.4,18396,95634,8434,High
12/31/2022,X6,2022,Asia,White,Petrol,Automatic,2.3,185371,89678,5382,High
12/31/2020,X3,2020,South America,Black,Electric,Automatic,1.9,162020,76937,5299,High
12/31/2018,M3,2018,North America,Grey,Diesel,Automatic,2.2,86681,83543,2695,Low
12/31/2015,X1,2015,South America,Red,Petrol,Manual,3.5,151948,42466,4998,Low
12/31/2023,i8,2023,North America,Black,Hybrid,Manual,4,168,200000,316,Low
12/31/2010,M3,2010,South America,Black,Hybrid,Automatic,4.1,100588,74405,667,Low
12/31/2014,X3,2014,Europe,Red,Hybrid,Automatic,2.8,76944,72767,8246,High
12/31/2014,7 Series,2014,South America,Silver,Petrol,Automatic,4.7,167724,90852,324,Low
12/31/2016,X3,2016,Europe,Blue,Diesel,Automatic,2.7,101345,60363,8539,High
12/31/2016,X5,2016,South America,Silver,Petrol,Automatic,1.9,110556,66323,3521,Low
12/31/2015,M5,2015,North America,Black,Diesel,Manual,4.8,183796,97764,1517,Low
12/31/2024,5 Series,2024,North America,Grey,Petrol,Manual,3.4,150861,103123,7205,High
12/31/2024,3 Series,2024,Asia,White,Diesel,Automatic,4.9,116643,103020,11493,High
12/31/2017,7 Series,2017,South America,Silver,Hybrid,Automatic,2.9,90382,111345,435,Low
12/31/2011,M3,2011,Asia,Silver,Petrol,Manual,4.2,74151,71499,1979,Low
12/31/2023,i8,2023,South America,White,Electric,Automatic,1.9,146886,149129,687,Low
12/31/2022,X6,2022,Asia,Red,Hybrid,Manual,4.5,189293,117776,4364,Low
12/31/2022,X3,2022,South America,White,Petrol,Manual,2.1,191523,65358,5973,High
12/31/2016,X6,2016,Middle East,Silver,Electric,Manual,1.7,161888,85425,2325,Low
12/31/2019,M5,2019,Middle East,White,Diesel,Automatic,1.8,88236,117459,1133,Low
12/31/2024,X5,2024,Asia,Blue,Hybrid,Automatic,3.5,142521,121890,15000,High
12/31/2016,M5,2016,South America,Grey,Hybrid,Manual,2.5,177664,95192,798,Low
12/31/2013,M3,2013,Middle East,Grey,Hybrid,Manual,4.9,57535,100101,2795,Low
12/31/2021,M3,2021,North America,White,Electric,Manual,4.5,132997,121957,3644,Low
12/31/2019,M5,2019,Europe,Blue,Electric,Manual,4.3,99849,142044,1904,Low
12/31/2011,X1,2011,Europe,Black,Petrol,Automatic,4.3,187406,29934,6837,High
12/31/2013,M3,2013,Europe,Silver,Diesel,Manual,4.6,30660,87479,2088,Low
12/31/2013,X3,2013,Asia,Blue,Hybrid,Manual,4.5,180235,57672,7468,High
12/31/2021,M3,2021,North America,Red,Diesel,Automatic,4.7,23350,128630,2479,Low
12/31/2021,X5,2021,Africa,Silver,Diesel,Manual,4.8,174660,92820,3708,Low
12/31/2015,X1,2015,Europe,Black,Petrol,Manual,2.5,129961,39778,15000,High
12/31/2023,7 Series,2023,Africa,Grey,Electric,Automatic,2.3,42369,154672,941,Low
12/31/2016,M5,2016,South America,Grey,Petrol,Automatic,3.8,142376,101213,636,Low
12/31/2012,i8,2012,North America,Blue,Electric,Manual,1.9,88032,123284,50,Low
12/31/2024,i3,2024,Asia,White,Diesel,Automatic,2.2,141701,85405,6923,High
12/31/2019,X5,2019,Africa,Red,Petrol,Automatic,4.2,196423,81173,2903,Low
12/31/2010,7 Series,2010,Asia,Red,Hybrid,Manual,3.8,72470,94546,483,Low
12/31/2012,i3,2012,Middle East,Red,Electric,Manual,3.8,102821,62557,6717,High
12/31/2018,3 Series,2018,Middle East,Grey,Diesel,Manual,4.8,37136,95044,6505,High
12/31/2010,M5,2010,Middle East,Silver,Hybrid,Manual,3.8,47801,108506,50,Low
12/31/2022,i3,2022,Europe,Grey,Petrol,Automatic,3,6066,99616,4892,Low
12/31/2017,3 Series,2017,Europe,Silver,Petrol,Automatic,2.5,169039,48535,9277,High
12/31/2011,M3,2011,Asia,Silver,Electric,Manual,2.7,61612,77232,2370,Low
12/31/2015,X5,2015,Africa,White,Diesel,Automatic,2.5,124269,62827,3196,Low
12/31/2012,X3,2012,Asia,Blue,Diesel,Manual,1.6,185951,25000,9892,High
12/31/2016,i8,2016,Middle East,White,Hybrid,Manual,2.4,185496,122683,50,Low
12/31/2011,M3,2011,South America,Silver,Diesel,Automatic,4.4,32498,80574,852,Low
12/31/2013,X6,2013,North America,White,Hybrid,Automatic,4,15647,103409,3616,Low
12/31/2019,M5,2019,Middle East,Grey,Electric,Manual,3.7,198375,130825,1452,Low
12/31/2018,X3,2018,Africa,Red,Diesel,Manual,4.7,67346,82568,4452,Low
12/31/2015,i8,2015,South America,Silver,Electric,Manual,2.4,169453,113058,50,Low
12/31/2013,X3,2013,Africa,Blue,Petrol,Automatic,3.5,177746,40581,4399,Low
12/31/2011,i8,2011,South America,Blue,Diesel,Automatic,1.6,122623,91511,50,Low
12/31/2019,i3,2019,Asia,Red,Hybrid,Manual,4.6,4746,105920,6237,High
12/31/2023,M3,2023,Asia,Black,Petrol,Automatic,3.1,15189,127811,3653,Low
12/31/2018,M3,2018,North America,White,Petrol,Manual,2.1,13011,100467,2912,Low
12/31/2024,M5,2024,South America,White,Electric,Automatic,2.3,96686,146915,1523,Low
12/31/2013,i8,2013,South America,White,Diesel,Manual,4.5,26959,135534,50,Low
12/31/2018,5 Series,2018,Africa,White,Diesel,Manual,1.9,165356,56080,4398,Low
12/31/2023,5 Series,2023,North America,Black,Hybrid,Manual,4.7,176042,105394,7253,High
12/31/2011,X1,2011,Africa,Red,Electric,Automatic,2.8,59210,52723,2983,Low
12/31/2016,5 Series,2016,Middle East,White,Petrol,Manual,2.4,172654,57303,4319,Low
12/31/2020,X3,2020,South America,Red,Petrol,Automatic,2.7,141672,70846,6272,High
12/31/2020,X5,2020,South America,Black,Electric,Manual,2.9,158146,99776,3843,Low
12/31/2014,M5,2014,Europe,Grey,Diesel,Automatic,3.4,93757,108290,1196,Low
12/31/2017,X6,2017,North America,Blue,Electric,Manual,3.6,126965,105501,3586,Low
12/31/2020,7 Series,2020,South America,Red,Electric,Manual,3.1,83194,133692,967,Low
12/31/2023,X6,2023,Africa,Red,Electric,Manual,3.1,94569,121251,2960,Low
12/31/2017,5 Series,2017,Europe,White,Petrol,Manual,2.5,52511,81440,6688,High
12/31/2023,i3,2023,North America,Black,Petrol,Automatic,2.8,81108,99576,5109,High
12/31/2023,X3,2023,Europe,Red,Electric,Manual,3.1,37406,119295,9665,High
12/31/2013,X1,2013,Africa,White,Petrol,Automatic,3.6,156869,35726,4540,Low
12/31/2022,X1,2022,Asia,Black,Electric,Manual,2,163320,73461,9037,High
12/31/2013,X5,2013,South America,Grey,Diesel,Manual,4.2,89978,69813,3212,Low
12/31/2024,X6,2024,Asia,Black,Hybrid,Manual,3.9,108,145520,4843,Low
12/31/2017,X1,2017,Asia,Grey,Petrol,Manual,2.5,181410,41931,7465,High
12/31/2012,X3,2012,Asia,Black,Petrol,Automatic,3.1,23052,66672,7702,High
12/31/2016,X3,2016,North America,White,Petrol,Automatic,4.8,96934,80397,8723,High
12/31/2017,X1,2017,Africa,Blue,Diesel,Manual,1.6,194891,26885,4799,Low
12/31/2017,X1,2017,South America,White,Electric,Automatic,4.3,126698,77692,4590,Low
12/31/2020,5 Series,2020,Europe,Black,Electric,Automatic,3.3,118614,105438,7903,High
12/31/2019,M5,2019,South America,Silver,Electric,Manual,3.7,134969,136260,1243,Low
12/31/2013,M5,2013,Middle East,Silver,Electric,Automatic,3.9,27778,141844,50,Low
12/31/2018,X5,2018,Europe,Grey,Electric,Manual,3.1,179344,84476,15000,High
12/31/2024,X3,2024,Europe,Blue,Petrol,Automatic,2.2,6713,112646,8872,High
12/31/2019,M3,2019,Asia,Red,Electric,Automatic,4.7,88533,127084,3114,Low
12/31/2013,7 Series,2013,South America,Black,Electric,Manual,4.1,167213,95149,74,Low
12/31/2017,X5,2017,Middle East,Black,Electric,Automatic,3.5,5532,124437,3271,Low
12/31/2015,X3,2015,South America,Grey,Diesel,Manual,3.1,177754,40828,5210,High
12/31/2014,X3,2014,North America,Red,Electric,Manual,3.2,13162,46200,9512,High
12/31/2024,M3,2024,Europe,Silver,Hybrid,Manual,4.4,175988,115772,4068,Low
12/31/2013,i8,2013,North America,Silver,Hybrid,Automatic,1.5,89990,125007,50,Low
12/31/2014,M5,2014,South America,White,Petrol,Automatic,4.5,24498,128696,50,Low
12/31/2024,3 Series,2024,Africa,Blue,Petrol,Manual,1.7,72771,85966,6722,High
12/31/2022,M5,2022,Africa,Grey,Hybrid,Automatic,3.7,67519,151286,1021,Low
12/31/2024,X3,2024,Middle East,Grey,Diesel,Automatic,2.7,118112,92000,6675,High
12/31/2020,X1,2020,South America,Black,Diesel,Automatic,3.9,150330,67669,4409,Low
12/31/2010,5 Series,2010,South America,Silver,Hybrid,Automatic,1.8,34385,59335,3251,Low
12/31/2016,X1,2016,Europe,White,Diesel,Manual,3.4,162693,43911,7854,High
12/31/2017,7 Series,2017,Europe,Black,Petrol,Automatic,4.5,185558,100285,1104,Low
12/31/2021,M3,2021,Middle East,Black,Electric,Manual,3.2,179215,105264,2428,Low
12/31/2018,M5,2018,Middle East,Black,Hybrid,Manual,1.8,61526,132624,1272,Low
12/31/2022,i3,2022,Europe,White,Diesel,Manual,1.6,169861,59366,6515,High
12/31/2012,X1,2012,Europe,Red,Electric,Manual,3.7,63959,61213,6339,High
12/31/2024,M5,2024,Africa,Silver,Electric,Manual,1.7,85134,147234,1644,Low
12/31/2018,i8,2018,Middle East,Blue,Hybrid,Manual,1.7,51313,145576,83,Low
12/31/2019,i8,2019,Africa,Blue,Electric,Automatic,3,28168,162617,50,Low
12/31/2014,3 Series,2014,Asia,Silver,Petrol,Automatic,2.2,83335,52775,10188,High
12/31/2019,X5,2019,Europe,Red,Petrol,Manual,2.2,195232,65662,5383,High
12/31/2015,M5,2015,Europe,Grey,Petrol,Automatic,3.2,151961,100914,1525,Low
12/31/2010,X3,2010,Asia,Grey,Petrol,Automatic,2.5,64734,46187,9305,High
12/31/2018,7 Series,2018,South America,Red,Diesel,Manual,2.3,116362,95807,906,Low
12/31/2018,M3,2018,Africa,Silver,Petrol,Automatic,3.3,7065,108611,1107,Low
12/31/2015,7 Series,2015,Africa,Red,Hybrid,Manual,2.5,88007,100079,162,Low
12/31/2017,i3,2017,Africa,White,Petrol,Automatic,1.8,159831,45303,3225,Low
12/31/2013,M5,2013,North America,White,Petrol,Automatic,3.9,113741,107224,1059,Low
12/31/2014,X3,2014,North America,Blue,Hybrid,Manual,3.5,66854,77261,8004,High
12/31/2014,i8,2014,North America,White,Petrol,Manual,2.2,110586,109956,50,Low
12/31/2016,X1,2016,Asia,Silver,Hybrid,Automatic,3.5,21994,83087,8359,High
12/31/2016,7 Series,2016,Europe,Blue,Diesel,Manual,4.8,188737,92590,1420,Low
12/31/2016,X5,2016,Africa,Silver,Diesel,Automatic,4.8,163011,74722,2702,Low
12/31/2014,X1,2014,South America,Grey,Electric,Manual,3.4,193387,45043,4519,Low
12/31/2013,i3,2013,Europe,Red,Diesel,Manual,1.8,90291,38185,5231,High
12/31/2017,M5,2017,South America,Silver,Diesel,Manual,3.1,37494,113772,654,Low
12/31/2010,M3,2010,South America,Blue,Electric,Automatic,1.6,67961,68701,697,Low
12/31/2010,M3,2010,South America,White,Petrol,Automatic,3,151024,44691,1301,Low
12/31/2015,5 Series,2015,Asia,Grey,Petrol,Automatic,4.7,88458,89730,6732,High
12/31/2011,M5,2011,Africa,White,Electric,Automatic,3.1,116959,93993,50,Low
12/31/2021,7 Series,2021,Europe,Black,Hybrid,Automatic,3.4,98514,134117,1932,Low
12/31/2012,X3,2012,Asia,Black,Diesel,Manual,2.1,172504,27339,8635,High
12/31/2013,M3,2013,South America,Red,Hybrid,Manual,1.6,4145,85088,1083,Low
12/31/2023,X5,2023,Middle East,White,Petrol,Manual,5,72753,127583,4103,Low
12/31/2011,M3,2011,Asia,Red,Electric,Manual,2.7,191165,56013,2161,Low
12/31/2019,X3,2019,South America,White,Petrol,Automatic,2.5,151328,65327,4994,Low
12/31/2016,X5,2016,North America,Red,Diesel,Manual,3.5,112180,76624,4985,Low
12/31/2024,3 Series,2024,South America,Red,Electric,Automatic,4.1,37388,122282,6489,High
12/31/2019,X1,2019,Africa,White,Electric,Manual,2.4,148840,63550,4927,Low
12/31/2010,M3,2010,Europe,Blue,Diesel,Automatic,3.3,145843,50925,2387,Low
12/31/2012,i8,2012,Asia,Silver,Electric,Manual,2.7,173826,107085,50,Low
12/31/2011,7 Series,2011,Africa,Black,Diesel,Manual,3.2,180366,58328,198,Low
12/31/2022,3 Series,2022,North America,White,Electric,Automatic,2.1,68317,101071,10109,High
12/31/2018,X3,2018,Middle East,White,Petrol,Manual,3.3,57827,83558,5070,High
12/31/2017,3 Series,2017,Middle East,Red,Hybrid,Manual,1.7,127690,60821,13487,High
12/31/2012,X3,2012,North America,Blue,Hybrid,Manual,4.4,65475,72573,8904,High
12/31/2014,3 Series,2014,Europe,Grey,Hybrid,Manual,3.7,96873,68415,9935,High
12/31/2012,M3,2012,Africa,White,Hybrid,Automatic,4.8,106986,82707,615,Low
12/31/2023,M5,2023,South America,Blue,Electric,Manual,3.6,121499,142152,1553,Low
12/31/2020,3 Series,2020,Middle East,Silver,Diesel,Manual,2.1,46118,82124,6423,High
12/31/2022,i3,2022,Africa,Red,Electric,Automatic,3.2,16112,121048,7826,High
12/31/2021,X1,2021,Europe,Silver,Diesel,Automatic,3.8,56503,88762,7975,High
12/31/2020,i3,2020,Middle East,White,Hybrid,Manual,2.8,115357,84320,3998,Low
12/31/2021,i8,2021,Africa,Silver,Petrol,Automatic,3.4,190383,132444,67,Low
12/31/2020,X1,2020,Europe,Blue,Hybrid,Manual,2.1,9921,91553,6841,High
12/31/2015,X6,2015,Africa,Black,Petrol,Manual,4.2,151407,75807,1988,Low
12/31/2014,7 Series,2014,South America,Blue,Diesel,Manual,4.7,180813,83956,429,Low
12/31/2020,M3,2020,South America,Red,Hybrid,Automatic,2.6,95039,109486,2128,Low
12/31/2011,i3,2011,Asia,Grey,Electric,Manual,4.3,148221,25000,4894,Low
12/31/2023,M5,2023,Asia,White,Hybrid,Automatic,1.8,10998,157026,2321,Low
12/31/2019,7 Series,2019,Europe,Silver,Petrol,Automatic,2.4,187832,99594,1633,Low
12/31/2017,X6,2017,South America,Black,Petrol,Automatic,3.1,94518,87014,2035,Low
12/31/2015,M3,2015,North America,Red,Hybrid,Manual,2.9,196562,69607,2692,Low
12/31/2023,M3,2023,Asia,Blue,Hybrid,Manual,3.7,159198,109662,400,Low
12/31/2024,3 Series,2024,Europe,Grey,Hybrid,Automatic,3.5,179808,94571,9984,High
12/31/2012,X6,2012,Africa,Grey,Hybrid,Automatic,1.8,115131,67929,1591,Low
12/31/2022,7 Series,2022,North America,Red,Electric,Manual,2,173001,127476,2230,Low
12/31/2024,X5,2024,North America,Silver,Petrol,Automatic,1.7,97859,103720,7222,High
12/31/2022,X1,2022,Africa,Grey,Petrol,Manual,4.8,138787,82563,4555,Low
12/31/2010,7 Series,2010,North America,Red,Petrol,Manual,3.8,149916,76689,668,Low
12/31/2014,3 Series,2014,Middle East,Black,Electric,Automatic,4.5,55849,92014,6687,High
12/31/2021,5 Series,2021,Asia,Blue,Hybrid,Automatic,3.4,55157,119470,6913,High
12/31/2020,X5,2020,North America,Grey,Diesel,Automatic,2.2,18224,110305,6771,High
12/31/2011,i8,2011,Europe,Black,Electric,Automatic,3.7,133068,127436,50,Low
12/31/2022,5 Series,2022,Europe,Black,Diesel,Manual,3.3,23149,112390,7749,High
12/31/2011,M3,2011,Africa,White,Diesel,Manual,2.9,87518,57603,791,Low
12/31/2018,X1,2018,Asia,Grey,Hybrid,Manual,2.8,11621,89150,9362,High
12/31/2020,M5,2020,South America,Black,Electric,Automatic,3.8,6816,153107,975,Low
12/31/2022,X3,2022,Middle East,Red,Petrol,Manual,3.7,9584,113510,5169,High
12/31/2024,X3,2024,Asia,Red,Hybrid,Automatic,2,63754,109984,9693,High
12/31/2019,i3,2019,Europe,Silver,Electric,Manual,4.4,178610,86143,5227,High
12/31/2016,X1,2016,Europe,White,Diesel,Automatic,3.7,186361,41749,8571,High
12/31/2015,7 Series,2015,North America,White,Petrol,Manual,3.4,111421,100402,1084,Low
12/31/2024,M3,2024,Europe,Black,Electric,Manual,4.1,102105,140687,3135,Low
12/31/2022,5 Series,2022,Asia,Grey,Diesel,Automatic,2,72225,94988,6629,High
12/31/2010,i8,2010,South America,Blue,Hybrid,Automatic,4.7,34341,133622,50,Low
12/31/2024,M5,2024,North America,Black,Diesel,Automatic,2.4,26489,157114,1950,Low
12/31/2023,i3,2023,Africa,Silver,Diesel,Automatic,2.4,174190,70065,3497,Low
12/31/2019,X1,2019,South America,Grey,Electric,Automatic,4.4,77949,97206,5142,High
12/31/2011,3 Series,2011,Asia,Silver,Diesel,Manual,2.7,71610,38228,10275,High
12/31/2020,i3,2020,North America,Red,Petrol,Manual,4.4,47076,93322,5500,High
12/31/2016,3 Series,2016,Asia,Black,Electric,Automatic,2.6,193479,56092,10952,High
12/31/2024,i8,2024,Europe,Red,Petrol,Manual,3.4,108330,165077,541,Low
12/31/2012,M5,2012,Middle East,Black,Hybrid,Automatic,2.3,109361,103835,227,Low
12/31/2011,X6,2011,Asia,Blue,Diesel,Manual,4.1,73574,72744,3826,Low
12/31/2015,5 Series,2015,North America,Grey,Electric,Manual,2.1,173213,62381,6492,High
12/31/2017,X1,2017,North America,Silver,Diesel,Manual,4.6,100627,69275,7630,High
12/31/2024,X5,2024,Middle East,Red,Hybrid,Manual,2.8,27087,136653,5368,High
12/31/2017,M5,2017,North America,Blue,Petrol,Automatic,3.2,155662,103840,1570,Low
12/31/2020,7 Series,2020,South America,Silver,Electric,Manual,1.6,50051,126433,1299,Low
12/31/2011,i8,2011,North America,Blue,Petrol,Manual,4.9,7706,133416,50,Low
12/31/2015,7 Series,2015,South America,Red,Hybrid,Manual,4.3,44707,116976,51,Low
12/31/2021,X5,2021,Asia,Black,Petrol,Automatic,3.1,4001,116882,6892,High
12/31/2014,X5,2014,South America,Silver,Diesel,Automatic,4.7,116178,74883,2762,Low
12/31/2016,7 Series,2016,Europe,White,Petrol,Manual,4.8,101735,116409,797,Low
12/31/2013,X1,2013,Europe,Black,Petrol,Manual,3.4,104239,42214,7607,High
12/31/2021,X6,2021,North America,Grey,Electric,Manual,2.3,97977,122880,4361,Low
12/31/2022,7 Series,2022,Africa,Grey,Petrol,Manual,3.2,199977,105573,982,Low
12/31/2011,X5,2011,South America,Silver,Electric,Automatic,2.6,190772,51325,3296,Low
12/31/2019,X5,2019,Middle East,Red,Electric,Manual,3.1,163220,131476,4541,Low
12/31/2012,M3,2012,Europe,Red,Electric,Automatic,4.7,63478,95632,1825,Low
12/31/2018,3 Series,2018,South America,Silver,Hybrid,Manual,2.5,17432,86454,6720,High
12/31/2019,X5,2019,South America,Red,Petrol,Automatic,4.4,101712,103240,3077,Low
12/31/2017,i8,2017,Asia,Black,Petrol,Automatic,4.8,143335,139664,50,Low
12/31/2022,X5,2022,South America,White,Electric,Automatic,4.3,7228,146227,4145,Low
12/31/2018,7 Series,2018,South America,Black,Hybrid,Automatic,3.3,27498,130539,902,Low
12/31/2014,X6,2014,North America,White,Diesel,Manual,3.5,149786,69510,3832,Low
12/31/2022,i3,2022,Asia,Red,Electric,Automatic,4.4,177467,94238,6639,High
12/31/2014,M5,2014,Asia,Black,Petrol,Manual,1.7,72542,97279,1510,Low
12/31/2016,M3,2016,Africa,Grey,Hybrid,Automatic,4.1,45310,104149,992,Low
12/31/2016,i3,2016,South America,Red,Electric,Automatic,3.4,160530,65115,2591,Low
12/31/2010,X5,2010,Africa,Grey,Petrol,Automatic,2.9,35984,64053,2432,Low
12/31/2021,X3,2021,Europe,Silver,Petrol,Automatic,4.2,137788,93278,9474,High
12/31/2024,X5,2024,Asia,Red,Electric,Manual,2.4,179890,109948,7168,High
12/31/2023,i3,2023,South America,Red,Diesel,Manual,4.6,29200,112413,3787,Low
12/31/2014,i8,2014,South America,Black,Petrol,Manual,3.9,72911,129069,50,Low
12/31/2017,M3,2017,Europe,Red,Diesel,Manual,3.6,116321,83132,2683,Low
12/31/2016,7 Series,2016,Middle East,Red,Diesel,Manual,3.3,58359,107919,458,Low
12/31/2020,i8,2020,Middle East,Red,Petrol,Automatic,2.2,176454,130710,119,Low
12/31/2011,X1,2011,South America,Blue,Hybrid,Manual,3.7,107720,46147,3589,Low
12/31/2023,5 Series,2023,Europe,Red,Hybrid,Manual,4,111629,116465,6719,High
12/31/2017,M3,2017,Asia,Blue,Diesel,Manual,1.5,17303,87769,2685,Low
12/31/2011,X5,2011,Asia,White,Electric,Manual,2.8,147249,62867,5961,High
12/31/2019,i8,2019,Africa,White,Hybrid,Automatic,4.4,111559,154355,50,Low
12/31/2010,M5,2010,Middle East,Blue,Electric,Manual,3.7,44014,120417,50,Low
12/31/2020,M3,2020,Europe,White,Electric,Manual,3.7,119577,110259,3002,Low
12/31/2020,X5,2020,Europe,White,Electric,Automatic,2.3,2704,124679,6665,High
12/31/2023,X1,2023,Africa,Black,Diesel,Automatic,3.7,97305,90827,732,Low
12/31/2020,i8,2020,Middle East,Red,Electric,Automatic,4.3,151211,167946,50,Low
12/31/2012,i8,2012,Middle East,White,Hybrid,Automatic,2.9,145194,126735,50,Low
12/31/2012,i3,2012,North America,Red,Hybrid,Automatic,2.1,30187,64800,787,Low
12/31/2015,7 Series,2015,Africa,Grey,Petrol,Automatic,1.8,82232,88309,283,Low
12/31/2021,3 Series,2021,Middle East,Black,Electric,Automatic,3.3,83202,105083,6391,High
12/31/2012,M3,2012,Africa,Black,Petrol,Automatic,3.9,136390,63672,1009,Low
12/31/2016,X3,2016,Middle East,Silver,Hybrid,Manual,2.1,66451,72584,6619,High
12/31/2017,X6,2017,Asia,Silver,Petrol,Automatic,3,111783,94077,3844,Low
12/31/2012,X5,2012,Europe,White,Petrol,Manual,3.5,149144,53182,4801,Low
12/31/2018,M3,2018,South America,Red,Diesel,Automatic,2,20360,89624,1670,Low
12/31/2010,X3,2010,Europe,Grey,Electric,Automatic,2.4,109559,47982,7243,High
12/31/2024,X3,2024,Asia,Red,Diesel,Manual,3.6,165261,85744,9815,High
12/31/2012,X1,2012,Europe,White,Diesel,Automatic,4,111249,44223,6122,High
12/31/2021,M5,2021,Africa,Blue,Petrol,Manual,3.7,94420,134798,673,Low
12/31/2012,X5,2012,North America,Silver,Petrol,Manual,4,157573,60393,5510,High
12/31/2016,X3,2016,South America,White,Petrol,Manual,3.5,3586,80802,5134,High
12/31/2020,M5,2020,Africa,Black,Hybrid,Manual,4.4,123580,136690,1080,Low
12/31/2020,i3,2020,Asia,Red,Petrol,Manual,4.4,40251,102713,4544,Low
12/31/2014,3 Series,2014,Middle East,Silver,Petrol,Automatic,4.3,177917,50765,7401,High
12/31/2013,X5,2013,Asia,Silver,Electric,Manual,3.5,108497,79123,6222,High
12/31/2011,X3,2011,Europe,Silver,Hybrid,Automatic,5,126113,64998,7895,High
12/31/2016,M5,2016,Africa,Blue,Petrol,Automatic,1.6,189041,80353,774,Low
12/31/2012,5 Series,2012,Africa,Silver,Electric,Manual,2.2,35405,74856,2536,Low
12/31/2016,7 Series,2016,Africa,White,Petrol,Manual,4.3,158146,92169,393,Low
12/31/2019,X6,2019,Asia,Red,Petrol,Manual,4.4,43876,54681,4343,Low
12/31/2021,M3,2021,Africa,Black,Hybrid,Automatic,4.4,33257,126815,1578,Low
12/31/2016,7 Series,2016,North America,Black,Diesel,Automatic,4.6,55117,119849,816,Low
12/31/2020,X5,2020,Europe,Grey,Diesel,Automatic,3,69206,103246,5101,High
12/31/2011,3 Series,2011,Europe,Black,Petrol,Automatic,4.8,58059,61929,8681,High
12/31/2016,5 Series,2016,Asia,Blue,Petrol,Manual,2.2,165968,55466,8326,High
12/31/2015,5 Series,2015,Europe,Grey,Hybrid,Automatic,4.8,6636,114799,5076,High
12/31/2019,M3,2019,Europe,Silver,Diesel,Manual,3.4,119230,91001,2956,Low
12/31/2013,X6,2013,Middle East,Red,Electric,Manual,2.1,2807,98773,1838,Low
12/31/2020,M5,2020,South America,Red,Electric,Automatic,4.1,52922,157866,792,Low
12/31/2014,3 Series,2014,Asia,White,Petrol,Manual,2.5,75123,55317,9354,High
12/31/2021,7 Series,2021,Europe,White,Electric,Automatic,2.3,29513,141534,1560,Low
12/31/2017,M3,2017,Asia,Black,Electric,Automatic,2.1,42584,111935,2491,Low
12/31/2014,X5,2014,North America,Red,Petrol,Manual,1.6,60882,64543,5490,High
12/31/2012,7 Series,2012,North America,Blue,Electric,Automatic,4.2,55229,123315,241,Low
12/31/2011,i3,2011,South America,Black,Electric,Automatic,3.2,40212,67991,2111,Low
12/31/2015,M3,2015,Middle East,Red,Hybrid,Automatic,4.9,108712,99366,1203,Low
12/31/2015,i8,2015,South America,White,Diesel,Manual,3,180573,105040,50,Low
12/31/2016,X3,2016,South America,White,Diesel,Manual,4.5,119142,66829,5926,High
12/31/2017,X1,2017,Asia,Red,Hybrid,Manual,4.9,169739,70890,7802,High
12/31/2013,X1,2013,Asia,Red,Electric,Manual,1.6,92600,49103,8491,High
12/31/2021,X5,2021,Europe,Grey,Petrol,Manual,1.9,112935,87060,5451,High
12/31/2017,X1,2017,North America,White,Petrol,Manual,2.7,121737,53730,7474,High
12/31/2021,M3,2021,North America,Black,Diesel,Automatic,4.5,51261,126413,2512,Low
12/31/2010,X6,2010,South America,Blue,Diesel,Automatic,4.4,166412,52844,1922,Low
12/31/2015,3 Series,2015,Europe,Silver,Petrol,Manual,2.8,81911,57240,9088,High
12/31/2015,M3,2015,North America,Blue,Electric,Automatic,2.2,90301,92114,2548,Low
12/31/2012,X6,2012,Asia,Silver,Electric,Automatic,4.3,98370,91177,3055,Low
12/31/2018,M3,2018,Africa,Red,Hybrid,Automatic,3.6,25314,118176,1542,Low
12/31/2021,i8,2021,North America,Black,Petrol,Manual,1.6,91561,141333,412,Low
12/31/2021,M3,2021,Middle East,Grey,Petrol,Automatic,4.3,143329,110632,2186,Low
12/31/2014,i3,2014,Europe,Silver,Petrol,Automatic,4.8,50880,72006,3848,Low
12/31/2024,7 Series,2024,Africa,Grey,Hybrid,Manual,1.6,102266,134043,1478,Low
12/31/2010,M3,2010,Europe,Silver,Hybrid,Manual,2.5,131010,54557,1934,Low
12/31/2016,X3,2016,Africa,Blue,Petrol,Manual,4.4,143917,63017,4243,Low
12/31/2019,i3,2019,South America,Black,Electric,Automatic,3.5,172505,81787,3851,Low
12/31/2024,5 Series,2024,South America,Black,Hybrid,Automatic,5,106589,126473,4609,Low
12/31/2023,3 Series,2023,South America,Grey,Petrol,Manual,4.7,75587,106857,5514,High
12/31/2012,i8,2012,South America,Red,Petrol,Manual,2.1,75379,100837,50,Low
12/31/2019,7 Series,2019,South America,Red,Diesel,Automatic,3.9,182692,103683,742,Low
12/31/2019,X1,2019,North America,Silver,Diesel,Automatic,3.8,74041,77715,7696,High
12/31/2020,5 Series,2020,North America,Red,Diesel,Manual,1.9,86446,86411,6601,High
12/31/2013,i8,2013,North America,Red,Petrol,Manual,1.8,178532,98336,50,Low
12/31/2015,M5,2015,Africa,Red,Hybrid,Manual,3.5,156702,104984,272,Low
12/31/2017,M5,2017,South America,Black,Electric,Automatic,2.9,50845,137607,291,Low
12/31/2022,X5,2022,Middle East,Silver,Hybrid,Automatic,3.4,409,141978,4514,Low
12/31/2013,i8,2013,Middle East,Grey,Petrol,Automatic,2.3,29754,127446,50,Low
12/31/2024,i8,2024,South America,Silver,Electric,Automatic,3.4,57853,184857,293,Low
12/31/2021,M5,2021,Europe,White,Diesel,Manual,2.8,141263,116957,1815,Low
12/31/2018,M5,2018,Europe,White,Electric,Manual,4.6,27861,160822,1543,Low
12/31/2017,X5,2017,Middle East,Silver,Electric,Automatic,2.6,94431,101253,4170,Low
12/31/2019,X6,2019,Middle East,Blue,Electric,Automatic,4.5,170239,119757,3071,Low
12/31/2019,7 Series,2019,Asia,Grey,Electric,Automatic,2.9,127341,127843,1656,Low
12/31/2015,i3,2015,South America,Blue,Hybrid,Automatic,3.5,71786,77414,2943,Low
12/31/2016,X3,2016,Asia,Grey,Petrol,Automatic,2.5,172812,51596,8713,High
12/31/2017,3 Series,2017,Europe,Grey,Petrol,Manual,4.3,45464,81528,8349,High
12/31/2011,7 Series,2011,North America,White,Electric,Manual,4.5,59447,115810,243,Low
12/31/2014,X1,2014,Asia,Red,Electric,Automatic,4.3,184247,56957,8206,High
12/31/2022,3 Series,2022,Asia,Black,Diesel,Manual,3.7,13749,106707,9451,High
12/31/2016,M5,2016,South America,Blue,Electric,Automatic,2.6,83405,126169,314,Low
12/31/2017,i3,2017,Asia,Red,Diesel,Automatic,3.7,172224,55512,5842,High
12/31/2014,7 Series,2014,Europe,Red,Hybrid,Manual,4.9,75316,121624,507,Low
12/31/2012,5 Series,2012,North America,Black,Diesel,Automatic,3.8,39847,77223,5298,High
12/31/2024,i8,2024,Middle East,Red,Electric,Manual,4.8,19476,200000,170,Low
12/31/2015,X5,2015,North America,Blue,Hybrid,Manual,2.6,90470,83705,5114,High
12/31/2014,M5,2014,Asia,Black,Hybrid,Manual,4.5,83820,119655,1001,Low
12/31/2017,3 Series,2017,Asia,Red,Diesel,Automatic,4,191002,58436,11457,High
12/31/2018,X1,2018,Africa,Grey,Electric,Manual,4.4,51654,93109,4460,Low
12/31/2018,M3,2018,Africa,Blue,Electric,Automatic,4,32830,117120,1662,Low
12/31/2021,i3,2021,North America,Grey,Hybrid,Manual,3.2,57822,101376,4878,Low
12/31/2021,M3,2021,North America,Red,Electric,Manual,3.9,169469,106623,3620,Low
12/31/2015,3 Series,2015,South America,Blue,Electric,Automatic,4.8,22761,97788,4817,Low
12/31/2024,i8,2024,North America,White,Hybrid,Automatic,3,15586,189948,603,Low
12/31/2013,X5,2013,Middle East,Grey,Diesel,Automatic,4.8,104315,77268,3583,Low
12/31/2013,5 Series,2013,Africa,White,Petrol,Automatic,1.7,26844,86834,2738,Low
12/31/2018,3 Series,2018,Asia,Silver,Hybrid,Automatic,1.5,31147,81598,11394,High
12/31/2013,3 Series,2013,Asia,Black,Petrol,Automatic,3.2,4265,66639,8970,High
12/31/2017,M5,2017,Europe,Red,Hybrid,Manual,4.5,87974,128205,1140,Low
12/31/2018,5 Series,2018,Middle East,Black,Diesel,Manual,2.4,127289,70029,5284,High
12/31/2014,X5,2014,Asia,Blue,Diesel,Manual,3.9,1716,89376,5069,High
12/31/2022,X5,2022,Europe,Silver,Hybrid,Manual,3.4,57669,194782,5383,High
12/31/2015,X5,2015,Middle East,Grey,Diesel,Manual,2.5,20064,89005,3820,Low
12/31/2012,i3,2012,North America,White,Petrol,Manual,2.5,192183,25000,5702,High
12/31/2021,5 Series,2021,Asia,Black,Hybrid,Manual,1.8,84143,99789,7572,High
12/31/2014,i8,2014,North America,Silver,Hybrid,Automatic,3.4,134639,138132,50,Low
12/31/2014,M5,2014,South America,Grey,Petrol,Automatic,3.1,69803,104831,310,Low
12/31/2024,X6,2024,Europe,Black,Petrol,Manual,2.5,11737,127225,4716,Low
12/31/2023,M5,2023,Africa,Black,Hybrid,Automatic,4.9,108075,163591,1037,Low
12/31/2011,3 Series,2011,South America,White,Electric,Automatic,4.4,77190,71153,5185,High
12/31/2019,5 Series,2019,North America,Red,Diesel,Manual,3.3,127731,78792,7581,High
12/31/2015,i8,2015,Europe,White,Petrol,Manual,3.3,102180,128195,50,Low
12/31/2018,7 Series,2018,Middle East,Silver,Electric,Manual,2.2,177487,113585,1303,Low
12/31/2020,5 Series,2020,North America,White,Diesel,Automatic,3.8,46273,107636,7148,High
12/31/2024,7 Series,2024,Asia,Black,Electric,Manual,4.8,182358,141657,2406,Low
12/31/2016,i3,2016,Asia,Grey,Petrol,Automatic,4.6,49132,85853,4550,Low
12/31/2023,M3,2023,Middle East,Blue,Electric,Manual,1.8,82600,121278,2953,Low
12/31/2017,7 Series,2017,North America,Blue,Diesel,Manual,1.7,28511,104727,1107,Low
12/31/2011,X6,2011,Asia,Grey,Hybrid,Automatic,4.9,82396,90980,3619,Low
12/31/2020,7 Series,2020,North America,White,Diesel,Manual,2.2,72455,112924,1467,Low
12/31/2022,X5,2022,Middle East,White,Diesel,Manual,3.4,164458,91920,4438,Low
12/31/2023,i8,2023,North America,Blue,Diesel,Automatic,1.8,33322,167542,285,Low
12/31/2018,X3,2018,South America,Red,Petrol,Manual,4.5,146381,72472,5997,High
12/31/2012,X5,2012,Africa,Red,Electric,Manual,1.9,88117,65676,2746,Low
12/31/2019,X6,2019,Africa,Silver,Petrol,Automatic,3.8,129541,98812,2453,Low
12/31/2014,5 Series,2014,Asia,Black,Hybrid,Manual,1.7,28466,77617,6388,High
12/31/2023,M5,2023,Middle East,White,Diesel,Automatic,2,78732,54953,2615,Low
12/31/2016,7 Series,2016,Africa,Blue,Electric,Manual,3.3,37323,125536,50,Low
12/31/2013,3 Series,2013,North America,Blue,Hybrid,Manual,1.7,63002,54697,8683,High
12/31/2016,X1,2016,Asia,Grey,Hybrid,Manual,2.2,14113,72577,8718,High
12/31/2017,X3,2017,Asia,Silver,Electric,Manual,2,175178,65459,8981,High
12/31/2024,X1,2024,North America,Silver,Hybrid,Manual,1.6,101531,88036,7608,High
12/31/2022,X5,2022,Asia,White,Diesel,Manual,4.9,153954,106324,7177,High
12/31/2019,X6,2019,Asia,Grey,Electric,Manual,3.1,148770,105323,4793,Low
12/31/2023,i8,2023,Europe,Black,Hybrid,Automatic,4.5,124542,184711,453,Low
12/31/2019,7 Series,2019,Europe,Black,Hybrid,Manual,2.8,97226,120155,3635,Low
12/31/2013,X1,2013,South America,Red,Diesel,Automatic,1.6,158420,25000,4076,Low
12/31/2024,X3,2024,Africa,White,Hybrid,Manual,3.9,36097,127446,5465,High
12/31/2014,7 Series,2014,Europe,Blue,Petrol,Automatic,1.6,48474,96260,837,Low
12/31/2020,5 Series,2020,Europe,White,Electric,Automatic,3.4,96425,114999,7724,High
12/31/2012,X5,2012,Middle East,Black,Petrol,Automatic,2,125845,56875,3733,Low
12/31/2014,X5,2014,Asia,Black,Petrol,Automatic,3.8,4793,99068,6157,High
12/31/2017,i8,2017,South America,Red,Petrol,Manual,4.6,8995,150381,50,Low
12/31/2012,7 Series,2012,Europe,Red,Hybrid,Manual,4.8,123486,104164,425,Low
12/31/2024,M5,2024,Middle East,Silver,Diesel,Manual,3.3,36345,160031,999,Low
12/31/2023,M5,2023,Europe,Blue,Petrol,Automatic,3.4,69775,144404,2165,Low
12/31/2022,7 Series,2022,Asia,Grey,Electric,Automatic,1.6,162596,123361,7331,High
12/31/2014,M5,2014,Asia,Blue,Hybrid,Manual,4.2,98547,122805,982,Low
12/31/2019,X6,2019,South America,Blue,Diesel,Automatic,4.8,196188,90221,3026,Low
12/31/2010,3 Series,2010,Europe,Black,Hybrid,Manual,3,128320,40446,9712,High
12/31/2011,3 Series,2011,Middle East,Blue,Hybrid,Automatic,4.3,190696,44544,6476,High
12/31/2012,i3,2012,Africa,Red,Petrol,Automatic,4.3,85570,52785,2268,Low
12/31/2010,X5,2010,Asia,Red,Petrol,Automatic,4.2,137085,57703,5423,High
12/31/2022,X6,2022,South America,Black,Hybrid,Manual,4.2,10348,135213,3014,Low
12/31/2020,7 Series,2020,South America,Black,Diesel,Manual,2.3,25250,124837,667,Low
12/31/2021,X5,2021,North America,White,Electric,Automatic,4.1,114011,127441,6588,High
12/31/2020,M3,2020,Asia,Grey,Electric,Manual,2,83592,110928,3104,Low
12/31/2018,M5,2018,South America,Grey,Diesel,Manual,4,154188,110845,794,Low
12/31/2018,M5,2018,Europe,Silver,Hybrid,Automatic,1.5,89238,117627,1925,Low
12/31/2014,M3,2014,North America,White,Hybrid,Automatic,4.7,93492,96574,2147,Low
12/31/2023,i3,2023,Middle East,Silver,Diesel,Automatic,4.4,74416,108191,3735,Low
12/31/2013,X3,2013,Asia,Red,Petrol,Automatic,3.9,141221,56039,7703,High
12/31/2014,7 Series,2014,Africa,White,Electric,Automatic,1.8,53122,109727,50,Low
12/31/2013,M5,2013,North America,Black,Hybrid,Manual,4.4,106602,113333,922,Low
12/31/2021,3 Series,2021,Europe,Black,Hybrid,Manual,4.6,14750,115480,10585,High
12/31/2014,X5,2014,Middle East,Silver,Electric,Automatic,3.9,171896,80859,3186,Low
12/31/2016,X1,2016,Africa,Grey,Diesel,Automatic,4.9,100781,62604,3463,Low
12/31/2020,X5,2020,Europe,Black,Petrol,Automatic,1.8,77294,89875,6212,High
12/31/2017,X5,2017,Asia,Blue,Petrol,Manual,4,110862,83563,5473,High
12/31/2011,X5,2011,Africa,Blue,Hybrid,Automatic,3.3,47952,77349,1908,Low
12/31/2013,7 Series,2013,South America,Blue,Diesel,Manual,2,181775,59052,553,Low
12/31/2017,3 Series,2017,North America,Blue,Petrol,Manual,3.8,88041,75504,8286,High
12/31/2016,X3,2016,South America,Red,Hybrid,Manual,4.3,116496,75615,5652,High
12/31/2018,X1,2018,Europe,Blue,Hybrid,Automatic,2.1,127513,61812,8986,High
12/31/2014,3 Series,2014,Asia,Blue,Diesel,Manual,4.3,184431,43595,9736,High
12/31/2015,5 Series,2015,Africa,Black,Diesel,Manual,1.8,130637,48428,4210,Low
12/31/2024,X3,2024,Europe,White,Diesel,Manual,3.6,130092,91395,8364,High
12/31/2020,7 Series,2020,Middle East,White,Hybrid,Manual,4.3,139157,129096,1296,Low
12/31/2017,X5,2017,Europe,Blue,Hybrid,Automatic,2,50370,98220,6198,High
12/31/2024,3 Series,2024,Europe,Black,Petrol,Automatic,3.5,138446,97159,15000,High
12/31/2021,5 Series,2021,South America,Blue,Petrol,Manual,3,185411,74418,4414,Low
12/31/2023,3 Series,2023,Middle East,Silver,Hybrid,Manual,3.6,34847,116922,7649,High
12/31/2024,i3,2024,North America,Grey,Electric,Automatic,3,2875,125527,6041,High
12/31/2020,i3,2020,Middle East,Black,Hybrid,Automatic,2.4,53661,95357,4517,Low
12/31/2024,7 Series,2024,Asia,Grey,Electric,Automatic,2.4,87520,144428,2194,Low
12/31/2014,X6,2014,Africa,White,Petrol,Automatic,4.5,140935,77508,1604,Low
12/31/2023,i3,2023,Africa,Silver,Hybrid,Manual,2,121317,86415,3724,Low
12/31/2018,X1,2018,Europe,Red,Diesel,Manual,1.9,147586,45166,8658,High
12/31/2013,5 Series,2013,Asia,Red,Petrol,Automatic,1.8,50003,63883,5839,High
12/31/2017,7 Series,2017,North America,Grey,Electric,Automatic,1.8,103981,110413,1107,Low
12/31/2021,X1,2021,Middle East,Red,Hybrid,Manual,1.6,38570,86688,6960,High
12/31/2023,X3,2023,South America,Red,Diesel,Manual,2.1,59972,86664,6577,High
12/31/2012,X3,2012,Europe,Grey,Diesel,Manual,2.2,3009,53862,8469,High
12/31/2014,7 Series,2014,Middle East,White,Hybrid,Automatic,2.4,112857,102679,229,Low
12/31/2024,X6,2024,Europe,Grey,Hybrid,Automatic,1.9,39567,136878,4857,Low
12/31/2017,M5,2017,Asia,Black,Diesel,Automatic,1.8,67325,111479,1425,Low
12/31/2024,i8,2024,Europe,Black,Electric,Automatic,3.4,199079,170044,823,Low
12/31/2019,5 Series,2019,North America,Blue,Petrol,Automatic,4,80508,102417,7377,High
12/31/2021,3 Series,2021,Europe,Grey,Hybrid,Manual,3.7,140720,91808,9121,High
12/31/2016,X1,2016,South America,White,Electric,Automatic,3.4,79967,78912,4501,Low
12/31/2010,M5,2010,Middle East,Red,Electric,Automatic,3,99304,102653,50,Low
12/31/2021,5 Series,2021,North America,White,Electric,Automatic,3.7,90219,123924,8091,High
12/31/2013,X3,2013,North America,Grey,Hybrid,Automatic,4.7,181036,59840,7981,High
12/31/2011,X6,2011,Europe,Blue,Petrol,Manual,3.7,176974,55647,3134,Low
12/31/2011,M5,2011,Europe,Blue,Diesel,Manual,1.7,278,95243,798,Low
12/31/2022,3 Series,2022,North America,Silver,Electric,Manual,3.5,158165,92223,11269,High
12/31/2024,X6,2024,South America,Blue,Electric,Manual,3.3,73683,134128,3538,Low
12/31/2016,7 Series,2016,South America,Red,Petrol,Manual,3.1,19584,108083,314,Low
12/31/2021,i8,2021,Middle East,Red,Diesel,Automatic,3.5,14968,177722,50,Low
12/31/2021,M3,2021,Europe,Red,Diesel,Automatic,3.9,59554,114157,3146,Low
12/31/2012,3 Series,2012,Middle East,Grey,Hybrid,Manual,1.6,65628,52839,5406,High
12/31/2012,7 Series,2012,Africa,White,Diesel,Automatic,3.2,81941,85425,50,Low
12/31/2024,i3,2024,Europe,Grey,Petrol,Manual,4.4,115901,103562,5778,High
12/31/2015,X3,2015,Europe,Silver,Diesel,Automatic,3.4,62549,71460,9201,High
12/31/2015,i8,2015,Asia,Black,Petrol,Automatic,1.7,133258,115818,50,Low
12/31/2010,3 Series,2010,South America,White,Petrol,Automatic,4.2,41556,55352,5069,High
12/31/2024,X3,2024,South America,Grey,Electric,Automatic,4.8,42612,131471,5309,High
12/31/2024,7 Series,2024,Asia,White,Petrol,Manual,4.5,11116,162471,1749,Low
12/31/2024,M3,2024,Asia,Silver,Petrol,Manual,2.8,43850,121764,3110,Low
12/31/2010,3 Series,2010,South America,Black,Electric,Manual,3.4,33330,62116,5406,High
12/31/2020,X6,2020,Africa,Silver,Hybrid,Manual,3.6,196397,92663,3289,Low
12/31/2015,i3,2015,North America,Black,Petrol,Automatic,4,90346,66061,5528,High
12/31/2016,X5,2016,Europe,Silver,Petrol,Automatic,3.8,182152,71476,5955,High
12/31/2018,X1,2018,Europe,Silver,Electric,Automatic,2.2,186246,56682,8278,High
12/31/2013,X3,2013,Africa,Silver,Petrol,Automatic,4.5,121506,59514,4030,Low
12/31/2023,i3,2023,Asia,Grey,Hybrid,Automatic,4.5,14475,122415,5697,High
12/31/2019,3 Series,2019,South America,Blue,Electric,Automatic,2.9,68314,94236,15000,High
12/31/2015,X3,2015,South America,Blue,Diesel,Manual,2,89956,52187,5234,High
12/31/2021,3 Series,2021,Asia,Black,Petrol,Automatic,3.6,5212,46894,10687,High
12/31/2012,i8,2012,Middle East,Grey,Electric,Automatic,2.8,103311,126201,50,Low
12/31/2022,M3,2022,North America,White,Diesel,Automatic,4.1,89137,119101,3349,Low
12/31/2022,X1,2022,Middle East,Red,Petrol,Automatic,2.6,19381,99181,5901,High
12/31/2020,5 Series,2020,Asia,Black,Diesel,Automatic,2.4,89714,92008,8113,High
12/31/2013,X6,2013,Africa,White,Petrol,Automatic,4.5,29644,98243,1350,Low
12/31/2018,X6,2018,Europe,Silver,Diesel,Automatic,3.7,140614,94541,3758,Low
12/31/2023,X1,2023,Africa,White,Electric,Automatic,1.8,179004,72243,5367,High
12/31/2023,X1,2023,South America,Black,Petrol,Manual,3.9,124125,81632,5428,High
12/31/2010,5 Series,2010,Africa,Black,Diesel,Automatic,4.1,157065,41732,2812,Low
12/31/2014,i3,2014,South America,Silver,Diesel,Manual,2.3,139428,36866,3320,Low
12/31/2024,M5,2024,North America,Grey,Petrol,Manual,4.9,49062,167813,1837,Low
12/31/2024,X6,2024,North America,Grey,Diesel,Automatic,2.8,40093,133988,4076,Low
12/31/2020,X3,2020,North America,Red,Diesel,Manual,4.8,171875,77601,9202,High
12/31/2016,i3,2016,North America,Silver,Diesel,Manual,2.5,39341,69238,5209,High
12/31/2012,7 Series,2012,Africa,White,Petrol,Automatic,3.6,130635,77930,50,Low
12/31/2024,M3,2024,Asia,Blue,Petrol,Manual,3.3,159278,108480,3626,Low
12/31/2011,M5,2011,North America,White,Electric,Manual,5,169024,107785,670,Low
12/31/2022,X1,2022,North America,Black,Petrol,Manual,2.9,144365,68135,7758,High
12/31/2020,X1,2020,Asia,Grey,Electric,Manual,2.1,119318,72434,8784,High
12/31/2011,7 Series,2011,Asia,Blue,Electric,Automatic,4.4,168170,94271,630,Low
12/31/2010,M3,2010,Asia,White,Hybrid,Manual,1.6,168344,45658,2300,Low
12/31/2014,X3,2014,Asia,White,Petrol,Automatic,4.6,181605,56586,8862,High
12/31/2022,3 Series,2022,South America,Red,Petrol,Manual,1.9,83855,75849,6025,High
12/31/2012,M3,2012,Asia,Blue,Diesel,Manual,3.5,166434,53108,2609,Low
12/31/2020,X6,2020,North America,Silver,Hybrid,Manual,4,147263,114293,4797,Low
12/31/2021,M5,2021,Europe,Grey,Hybrid,Automatic,2.7,39352,157160,2160,Low
12/31/2016,X3,2016,Africa,Black,Electric,Manual,4.5,95068,84830,3902,Low
12/31/2010,5 Series,2010,Middle East,Red,Petrol,Automatic,3.6,194507,51973,4518,Low
12/31/2018,X5,2018,South America,Black,Electric,Automatic,2.9,1380,112361,3948,Low
12/31/2023,X3,2023,South America,Grey,Diesel,Manual,2.6,79522,89572,6384,High
12/31/2011,X1,2011,Africa,Blue,Electric,Manual,1.9,31288,48155,3561,Low
12/31/2017,5 Series,2017,Asia,White,Electric,Automatic,3.7,112310,100876,6115,High
12/31/2019,X3,2019,Europe,Blue,Petrol,Automatic,2.8,66820,80889,9347,High
12/31/2013,M5,2013,North America,Red,Diesel,Manual,2.6,188376,75994,1371,Low
12/31/2015,3 Series,2015,Europe,Silver,Diesel,Automatic,4.8,137755,59238,9451,High
12/31/2018,X3,2018,Middle East,White,Diesel,Automatic,2.5,39439,84299,5434,High
12/31/2016,7 Series,2016,Africa,Red,Electric,Automatic,4.6,138502,117078,50,Low
12/31/2024,i8,2024,South America,Blue,Diesel,Automatic,4.9,112548,171819,50,Low
12/31/2017,3 Series,2017,North America,Grey,Hybrid,Automatic,4.4,41616,93557,9786,High
12/31/2024,X6,2024,South America,Grey,Electric,Manual,1.6,13054,132581,3005,Low
12/31/2016,3 Series,2016,Europe,Blue,Hybrid,Manual,4.5,112746,77841,10251,High
12/31/2011,5 Series,2011,Africa,Grey,Petrol,Automatic,2.2,197877,26640,3052,Low
12/31/2018,M3,2018,South America,Silver,Electric,Automatic,2.7,116977,103237,2004,Low
12/31/2024,X1,2024,North America,Grey,Electric,Manual,5,178586,102927,8248,High
12/31/2010,X6,2010,Africa,Grey,Petrol,Manual,2.9,154516,44481,1553,Low
12/31/2023,X3,2023,Africa,Blue,Diesel,Manual,3.8,166969,80438,4911,Low
12/31/2011,i8,2011,North America,Grey,Hybrid,Manual,2.6,31024,133562,50,Low
12/31/2012,7 Series,2012,South America,Red,Hybrid,Automatic,2.8,168551,79160,171,Low
12/31/2012,i3,2012,Middle East,White,Diesel,Manual,3.6,86867,50790,3151,Low
12/31/2023,X1,2023,South America,White,Diesel,Manual,4.8,11497,111752,4583,Low
12/31/2019,X3,2019,Africa,White,Diesel,Automatic,2.5,115647,66004,5288,High
12/31/2013,3 Series,2013,Africa,Red,Hybrid,Automatic,2.4,177183,40841,5603,High
12/31/2014,X1,2014,North America,Black,Diesel,Manual,1.6,19965,47922,7757,High
12/31/2015,X5,2015,South America,Blue,Hybrid,Automatic,2.2,97900,77999,3257,Low
12/31/2010,i3,2010,Middle East,Grey,Electric,Manual,2.4,99380,47353,2537,Low
12/31/2023,X1,2023,Asia,Red,Diesel,Automatic,1.7,103461,75840,8723,High
12/31/2022,3 Series,2022,Asia,Silver,Diesel,Automatic,3.5,121621,86082,10527,High
12/31/2017,i8,2017,South America,Silver,Diesel,Manual,1.9,126350,117816,50,Low
12/31/2015,7 Series,2015,Europe,Silver,Diesel,Manual,3.3,126691,87873,1200,Low
12/31/2019,5 Series,2019,Africa,Black,Petrol,Automatic,2.2,189233,66049,3486,Low
12/31/2018,M3,2018,South America,Grey,Petrol,Automatic,4.8,157147,87809,1991,Low
12/31/2014,X6,2014,Asia,Black,Electric,Automatic,2.6,127295,86450,4414,Low
12/31/2016,M5,2016,Africa,Grey,Hybrid,Manual,1.8,15328,121447,163,Low
12/31/2020,3 Series,2020,Europe,Red,Diesel,Manual,4.4,172437,73779,9157,High
12/31/2013,M5,2013,Asia,Grey,Petrol,Manual,2.9,191323,78927,1677,Low
12/31/2015,X5,2015,Asia,Silver,Electric,Manual,4.4,137295,93724,5897,High
12/31/2015,3 Series,2015,Africa,Red,Petrol,Manual,2.6,110257,51000,4557,Low
12/31/2022,X5,2022,Middle East,Grey,Diesel,Automatic,3.3,10546,119915,4521,Low
12/31/2013,M5,2013,Middle East,White,Diesel,Automatic,3.1,141242,94309,550,Low
12/31/2015,X3,2015,Asia,Black,Electric,Automatic,3.5,163682,71446,9922,High
12/31/2017,3 Series,2017,North America,Red,Petrol,Manual,2.9,46810,77192,8489,High
12/31/2020,X6,2020,South America,Grey,Petrol,Automatic,3.2,81286,106406,2386,Low
12/31/2014,X6,2014,Europe,Black,Diesel,Manual,3.9,189607,63133,3593,Low
12/31/2011,i8,2011,North America,Red,Petrol,Manual,3,72362,115127,50,Low
12/31/2018,M3,2018,South America,White,Petrol,Automatic,3.9,198460,81443,1633,Low
12/31/2020,5 Series,2020,Europe,White,Hybrid,Manual,4,14497,119620,6774,High
12/31/2013,5 Series,2013,Middle East,Blue,Diesel,Manual,4.1,122470,64544,4921,Low
12/31/2013,3 Series,2013,Africa,Grey,Petrol,Automatic,3.1,51351,55432,5070,High
12/31/2020,M5,2020,South America,White,Petrol,Manual,1.5,148697,102187,1435,Low
12/31/2016,M3,2016,South America,Red,Petrol,Manual,4.1,131797,81890,1541,Low
12/31/2019,M5,2019,Middle East,White,Diesel,Manual,4.7,49347,140016,624,Low
12/31/2023,X6,2023,Europe,Silver,Petrol,Manual,3.8,194021,106433,4805,Low
12/31/2019,X6,2019,Asia,Red,Electric,Automatic,3.3,142419,112527,4762,Low
12/31/2015,M3,2015,Asia,Blue,Diesel,Manual,3.5,164068,64025,3151,Low
12/31/2023,X5,2023,North America,Red,Diesel,Manual,3.7,155906,104869,7258,High
12/31/2013,5 Series,2013,Middle East,Blue,Electric,Automatic,5,117692,88756,4308,Low
12/31/2015,M5,2015,Africa,White,Electric,Manual,1.7,23267,113880,140,Low
12/31/2012,i3,2012,Middle East,Black,Electric,Automatic,1.6,90226,54606,3276,Low
12/31/2016,5 Series,2016,North America,Black,Hybrid,Manual,4.9,26371,112316,6283,High
12/31/2015,i8,2015,North America,Grey,Diesel,Manual,3,147397,119719,50,Low
12/31/2012,M5,2012,Europe,Silver,Diesel,Manual,3.6,80817,91942,1028,Low
12/31/2010,X5,2010,North America,Blue,Hybrid,Manual,4.1,25547,88596,4854,Low
12/31/2021,M5,2021,South America,Silver,Petrol,Automatic,4.1,192889,120416,1016,Low
12/31/2019,7 Series,2019,Europe,Black,Diesel,Automatic,3.8,69207,125675,1136,Low
12/31/2014,X5,2014,Africa,Silver,Petrol,Automatic,3.2,24274,80558,2467,Low
12/31/2019,i8,2019,Middle East,Black,Electric,Manual,3.5,7747,188892,50,Low
12/31/2011,5 Series,2011,South America,Grey,Hybrid,Automatic,4.1,138435,60747,3365,Low
12/31/2016,3 Series,2016,North America,Silver,Petrol,Automatic,4.5,109395,74023,9073,High
12/31/2022,7 Series,2022,Asia,White,Electric,Automatic,1.9,188855,124750,2088,Low
12/31/2016,7 Series,2016,Europe,Red,Diesel,Automatic,2.5,88130,100884,1193,Low
12/31/2013,X5,2013,South America,Blue,Diesel,Manual,2.9,91739,60951,3057,Low
12/31/2015,i3,2015,Europe,White,Diesel,Automatic,3.8,144437,56231,5007,High
12/31/2010,X6,2010,North America,Grey,Electric,Manual,2.9,152988,63170,3759,Low
12/31/2011,M3,2011,North America,White,Hybrid,Automatic,2.3,171345,83568,2026,Low
12/31/2024,M5,2024,Europe,White,Electric,Manual,1.6,166846,133667,3038,Low
12/31/2015,M5,2015,Europe,White,Electric,Automatic,4.4,187595,116089,1196,Low
12/31/2011,M5,2011,Africa,Blue,Petrol,Automatic,3,188280,72678,176,Low
12/31/2021,X3,2021,North America,Grey,Electric,Manual,2.7,162124,88323,10155,High
12/31/2021,X5,2021,South America,Red,Hybrid,Manual,3.4,67684,116813,3477,Low
12/31/2020,5 Series,2020,Europe,Silver,Diesel,Manual,1.9,108733,80215,7636,High
12/31/2013,M5,2013,Asia,White,Diesel,Automatic,2.9,122400,88979,1485,Low
12/31/2013,i8,2013,Asia,Blue,Hybrid,Manual,4.1,91969,133607,50,Low
12/31/2019,X6,2019,Africa,Blue,Diesel,Manual,4.1,49949,104466,2084,Low
12/31/2018,X5,2018,South America,Black,Petrol,Manual,4.2,121117,85491,3231,Low
12/31/2024,X5,2024,Middle East,Red,Diesel,Manual,3.1,163859,98395,4988,Low
12/31/2019,M5,2019,Europe,Red,Hybrid,Manual,2.8,121305,122015,2046,Low
12/31/2016,7 Series,2016,South America,Silver,Electric,Manual,4.4,138546,110827,253,Low
12/31/2023,i3,2023,South America,Blue,Petrol,Automatic,2.1,140129,73258,4475,Low
12/31/2016,i3,2016,Africa,Black,Electric,Manual,4,172853,66144,2519,Low
12/31/2021,M5,2021,Europe,Blue,Hybrid,Automatic,4.6,10864,173335,1576,Low
12/31/2020,3 Series,2020,Asia,Grey,Diesel,Automatic,2.5,167127,60579,9407,High
12/31/2010,7 Series,2010,Europe,Black,Electric,Manual,2.2,198032,64391,715,Low
12/31/2020,X6,2020,Europe,White,Hybrid,Automatic,3.3,127225,110605,4630,Low
12/31/2014,i8,2014,South America,Silver,Petrol,Automatic,2.3,17901,129153,50,Low
12/31/2012,M3,2012,Middle East,Black,Electric,Manual,4.5,35570,99524,785,Low
12/31/2012,X1,2012,Asia,Blue,Petrol,Manual,2.4,26852,45328,8464,High
12/31/2015,5 Series,2015,South America,Grey,Petrol,Manual,2.6,11059,79223,3324,Low
12/31/2013,X3,2013,North America,Silver,Petrol,Automatic,4.6,190981,49064,7927,High
12/31/2017,X5,2017,Europe,Silver,Diesel,Automatic,2.2,178146,64910,6193,High
12/31/2023,M3,2023,Asia,Black,Hybrid,Automatic,4.6,126170,131761,4227,Low
12/31/2013,M3,2013,Europe,Black,Diesel,Manual,2.2,75951,61925,2302,Low
12/31/2017,X6,2017,South America,Black,Hybrid,Automatic,4.7,129921,105201,2069,Low
12/31/2023,X3,2023,North America,Silver,Diesel,Manual,2.6,139400,86472,10267,High
12/31/2021,M3,2021,Middle East,Blue,Electric,Manual,2.4,92374,120167,2147,Low
12/31/2024,7 Series,2024,Africa,Blue,Petrol,Manual,3.2,129495,131977,1076,Low
12/31/2021,X3,2021,Asia,Black,Hybrid,Manual,2.8,38413,100698,10364,High
12/31/2013,M3,2013,Middle East,Blue,Electric,Manual,2.2,106132,75466,1334,Low
12/31/2012,X6,2012,North America,Grey,Electric,Manual,2.7,159092,68662,3810,Low
12/31/2014,M5,2014,South America,White,Hybrid,Automatic,4,87035,116500,160,Low
12/31/2021,X5,2021,Asia,Blue,Hybrid,Manual,4.4,28029,126588,6532,High
12/31/2022,i3,2022,South America,Grey,Hybrid,Automatic,4.4,103590,104836,4154,Low
12/31/2014,3 Series,2014,Europe,White,Electric,Automatic,4.1,31843,92655,7662,High
12/31/2019,M3,2019,North America,Grey,Diesel,Manual,1.5,46517,91248,3469,Low
12/31/2019,X6,2019,Africa,Red,Hybrid,Manual,3,156660,92306,2696,Low
12/31/2010,i8,2010,Europe,Silver,Diesel,Manual,2.1,9910,111933,50,Low
12/31/2024,X3,2024,Europe,Blue,Petrol,Automatic,1.8,70592,93926,9524,High
12/31/2017,M5,2017,Asia,White,Diesel,Manual,4.1,195222,100758,1618,Low
12/31/2017,i3,2017,Africa,White,Diesel,Automatic,4.3,73465,78089,2768,Low
12/31/2017,7 Series,2017,North America,Grey,Diesel,Automatic,4.4,117873,113004,1126,Low
12/31/2023,X5,2023,Middle East,Grey,Hybrid,Automatic,4.6,22009,151343,4346,Low
12/31/2019,7 Series,2019,South America,Blue,Hybrid,Manual,3.6,89658,124710,1147,Low
12/31/2013,X1,2013,Asia,Grey,Electric,Automatic,5,53041,80501,6966,High
12/31/2022,X5,2022,South America,Blue,Petrol,Automatic,3.2,48066,113845,4260,Low
12/31/2023,i3,2023,South America,Red,Electric,Automatic,4.6,198358,102830,4337,Low
12/31/2018,i8,2018,South America,Silver,Hybrid,Automatic,1.9,6387,159060,50,Low
12/31/2019,X5,2019,Africa,White,Hybrid,Automatic,2,48445,97269,3372,Low
12/31/2012,X1,2012,Middle East,Silver,Petrol,Manual,3.6,26701,53831,4680,Low
12/31/2016,i3,2016,Africa,Red,Electric,Manual,1.9,131784,58973,2639,Low
12/31/2015,M3,2015,North America,Grey,Petrol,Automatic,1.8,61877,80559,2397,Low
12/31/2018,M3,2018,South America,Black,Petrol,Automatic,2.2,193322,69026,1741,Low
12/31/2021,i3,2021,Europe,Silver,Diesel,Automatic,4.3,26359,102867,4462,Low
12/31/2023,3 Series,2023,South America,White,Petrol,Manual,4.7,195581,32597,8119,High
12/31/2022,7 Series,2022,Africa,Red,Hybrid,Manual,2.7,106926,122968,1271,Low
12/31/2013,X6,2013,Asia,Black,Petrol,Manual,4.9,194895,66690,4232,Low
12/31/2013,i8,2013,South America,Black,Electric,Manual,4.3,131608,130888,50,Low
12/31/2015,7 Series,2015,Africa,Grey,Diesel,Manual,2.3,186139,71306,502,Low
12/31/2017,7 Series,2017,Africa,Black,Petrol,Manual,3.6,31935,119782,149,Low
12/31/2012,7 Series,2012,Middle East,White,Electric,Manual,4.9,198808,99391,50,Low
12/31/2020,i8,2020,South America,Blue,Petrol,Automatic,4.5,108958,153321,50,Low
12/31/2017,i3,2017,Africa,White,Hybrid,Automatic,2.8,179542,60561,3035,Low
12/31/2023,X5,2023,North America,Silver,Electric,Automatic,2.6,118602,124391,6026,High
12/31/2017,i8,2017,Europe,Silver,Petrol,Automatic,4.4,77601,152474,50,Low
12/31/2023,X1,2023,South America,Silver,Electric,Manual,3.4,30987,115881,5838,High
12/31/2023,5 Series,2023,Asia,Silver,Diesel,Manual,2.1,6490,113959,7995,High
12/31/2016,5 Series,2016,Asia,Red,Hybrid,Automatic,2.6,32026,90504,6179,High
12/31/2016,5 Series,2016,North America,Blue,Petrol,Manual,3.8,84405,83314,6439,High
12/31/2014,X3,2014,Europe,Blue,Electric,Automatic,2,25847,82500,8497,High
12/31/2011,X1,2011,North America,Black,Petrol,Manual,3.9,25900,54815,6597,High
12/31/2021,M5,2021,Africa,White,Petrol,Manual,4,109459,128988,757,Low
12/31/2023,M3,2023,Africa,Silver,Hybrid,Automatic,2.4,51655,125147,1921,Low
12/31/2024,M5,2024,Europe,Blue,Electric,Automatic,2.9,118064,150542,2453,Low
12/31/2011,M3,2011,Europe,Silver,Hybrid,Automatic,4.8,140791,80300,2095,Low
12/31/2022,7 Series,2022,Middle East,White,Electric,Manual,4.1,89100,154849,1112,Low
12/31/2021,X3,2021,North America,White,Hybrid,Automatic,4.3,127656,104451,8548,High
12/31/2019,X5,2019,North America,Grey,Petrol,Manual,3.3,133371,85694,6538,High
12/31/2021,X1,2021,Africa,White,Electric,Automatic,2.2,3520,105897,4958,Low
12/31/2017,7 Series,2017,Europe,White,Diesel,Automatic,3.6,18299,126162,765,Low
12/31/2020,X3,2020,Middle East,Grey,Diesel,Automatic,4.2,20920,108477,6457,High
12/31/2015,M5,2015,Middle East,Red,Diesel,Manual,1.5,196672,77395,933,Low
12/31/2017,M3,2017,Europe,Red,Hybrid,Automatic,1.9,155049,76563,3056,Low
12/31/2012,X1,2012,Africa,Black,Hybrid,Automatic,3.2,160822,39058,4175,Low
12/31/2010,3 Series,2010,South America,Black,Diesel,Manual,3,112542,28914,6003,High
12/31/2022,M3,2022,Middle East,White,Hybrid,Manual,4.9,196286,114205,2334,Low
12/31/2015,X3,2015,Europe,White,Petrol,Manual,1.8,68558,59742,7998,High
12/31/2011,3 Series,2011,Africa,Blue,Diesel,Automatic,2.6,198972,25000,5454,High
12/31/2021,7 Series,2021,Africa,White,Petrol,Manual,4.4,183438,109618,792,Low
12/31/2024,X5,2024,Africa,Black,Hybrid,Automatic,3.6,114615,121408,4476,Low
12/31/2018,X3,2018,Europe,Black,Petrol,Automatic,3.5,107319,78761,8579,High
12/31/2014,3 Series,2014,Africa,White,Hybrid,Automatic,4.1,47097,76450,4201,Low
12/31/2014,X6,2014,Africa,Red,Electric,Manual,1.6,22118,86870,1629,Low
12/31/2022,3 Series,2022,North America,Red,Hybrid,Manual,4.8,53251,112651,8854,High
12/31/2019,M3,2019,Europe,Blue,Electric,Automatic,2.2,194261,90049,2978,Low
12/31/2017,i8,2017,North America,Silver,Petrol,Automatic,1.8,64909,132407,50,Low
12/31/2015,M3,2015,North America,Red,Hybrid,Automatic,2.7,196308,70954,2680,Low
12/31/2012,7 Series,2012,Middle East,Red,Petrol,Automatic,4,159512,87614,176,Low
12/31/2018,3 Series,2018,Europe,Black,Electric,Automatic,2.3,175845,68605,10382,High
12/31/2019,X3,2019,Asia,Black,Petrol,Manual,1.7,32007,83839,10260,High
12/31/2013,X1,2013,Europe,Grey,Hybrid,Manual,1.7,192813,25000,6367,High
12/31/2019,i8,2019,Europe,Silver,Electric,Automatic,2.4,12915,166135,216,Low
12/31/2013,7 Series,2013,Europe,White,Electric,Manual,2,72777,99929,653,Low
12/31/2021,X6,2021,North America,Blue,Electric,Automatic,2.8,155113,118770,4743,Low
12/31/2022,X3,2022,Asia,White,Electric,Automatic,2.1,130017,95310,8525,High
12/31/2011,5 Series,2011,South America,Silver,Diesel,Manual,2.7,112497,40879,3762,Low
12/31/2012,X6,2012,Asia,Blue,Hybrid,Manual,3.1,146831,67412,3461,Low
12/31/2013,i3,2013,Asia,Grey,Diesel,Manual,4.1,63354,57346,4744,Low
12/31/2016,X3,2016,South America,Red,Diesel,Automatic,2.3,1001,76157,5802,High
12/31/2022,3 Series,2022,Europe,Silver,Hybrid,Manual,3.2,77980,98744,9637,High
12/31/2012,X1,2012,Europe,White,Petrol,Manual,4.4,48564,58516,6261,High
12/31/2017,X5,2017,North America,Grey,Electric,Manual,5,166255,97489,5665,High
12/31/2017,5 Series,2017,South America,Black,Petrol,Automatic,3.5,9183,97321,3494,Low
12/31/2019,5 Series,2019,Europe,White,Diesel,Automatic,3,25361,100886,6734,High
12/31/2020,i3,2020,Asia,Silver,Petrol,Automatic,3.7,73244,87977,5388,High
12/31/2011,X6,2011,Africa,Silver,Electric,Manual,3.2,27793,88356,1081,Low
12/31/2013,i8,2013,Middle East,Black,Diesel,Automatic,2.1,3734,138792,50,Low
12/31/2017,7 Series,2017,Asia,White,Hybrid,Manual,3.1,14436,130410,1111,Low
12/31/2010,X1,2010,Middle East,Red,Electric,Manual,4.9,116382,56724,4437,Low
12/31/2010,M3,2010,South America,Red,Hybrid,Automatic,3.7,190418,52404,916,Low
12/31/2023,X3,2023,Middle East,Silver,Petrol,Automatic,2.5,192674,79192,7490,High
12/31/2023,M5,2023,Africa,Blue,Petrol,Manual,4.8,57207,147974,728,Low
12/31/2013,X1,2013,Europe,Blue,Petrol,Automatic,2.9,187819,28000,8001,High
12/31/2020,7 Series,2020,Africa,Grey,Hybrid,Automatic,2.9,24796,140683,717,Low
12/31/2011,X5,2011,Europe,Black,Hybrid,Manual,3.7,191843,51627,11742,High
12/31/2010,i8,2010,Africa,Black,Petrol,Automatic,3.5,171034,87592,50,Low
12/31/2017,i8,2017,Asia,Black,Hybrid,Automatic,2.5,40571,158399,50,Low
12/31/2011,M3,2011,Europe,Grey,Hybrid,Manual,3.1,161045,56771,2406,Low
12/31/2013,X1,2013,South America,Red,Petrol,Manual,2.7,3401,53305,3777,Low
12/31/2012,3 Series,2012,Africa,Red,Petrol,Automatic,4.1,125744,47610,4159,Low
12/31/2024,X6,2024,South America,Blue,Diesel,Automatic,1.9,20465,120298,2540,Low
12/31/2011,3 Series,2011,Africa,Grey,Electric,Manual,4.1,131991,53340,4266,Low
12/31/2017,X5,2017,South America,Silver,Hybrid,Automatic,2.1,108542,80585,8860,High
12/31/2012,X5,2012,Asia,Silver,Petrol,Automatic,2.6,132421,53948,5560,High
12/31/2024,M5,2024,North America,Blue,Petrol,Manual,2.7,153046,129155,2366,Low
12/31/2018,X5,2018,Middle East,Blue,Petrol,Manual,5,70300,106571,4175,Low
12/31/2019,i3,2019,Europe,Red,Hybrid,Automatic,3.6,190686,73021,6407,High
12/31/2014,3 Series,2014,Africa,Silver,Petrol,Automatic,4.2,70805,67460,4848,Low
12/31/2018,X6,2018,Europe,Grey,Electric,Manual,3.4,51586,123268,3889,Low
12/31/2012,M5,2012,North America,Red,Petrol,Manual,4.9,60580,108380,820,Low
12/31/2021,i8,2021,Africa,Silver,Hybrid,Manual,2.1,165878,139814,519,Low
12/31/2014,5 Series,2014,North America,Blue,Petrol,Automatic,3.6,59811,76433,6266,High
12/31/2023,i3,2023,Asia,White,Diesel,Manual,4.3,194437,79348,5228,High
12/31/2019,i8,2019,North America,Silver,Electric,Automatic,3.7,5264,181700,50,Low
12/31/2015,5 Series,2015,Europe,Blue,Petrol,Manual,4.6,127445,72469,6276,High
12/31/2018,7 Series,2018,South America,White,Hybrid,Automatic,3.6,115881,173889,128,Low
12/31/2017,M5,2017,South America,White,Hybrid,Manual,4.4,173550,111524,683,Low
12/31/2011,5 Series,2011,Europe,Silver,Electric,Automatic,2.1,198981,44079,5946,High
12/31/2011,M3,2011,Middle East,Red,Hybrid,Automatic,2.4,102423,69449,1190,Low
12/31/2022,X3,2022,Africa,Blue,Petrol,Automatic,3.1,82647,96686,4589,Low
12/31/2014,i3,2014,Europe,Silver,Electric,Automatic,4.5,121231,72942,3844,Low
12/31/2014,X5,2014,North America,Silver,Diesel,Manual,3,16752,80242,5960,High
12/31/2014,i3,2014,Europe,Black,Hybrid,Manual,3.7,67064,74613,4015,Low
12/31/2013,X6,2013,Europe,Blue,Diesel,Automatic,2.9,146851,63010,3386,Low
12/31/2017,7 Series,2017,North America,White,Diesel,Automatic,4.3,3361,139097,696,Low
12/31/2020,X6,2020,Africa,White,Electric,Manual,2.2,53298,110585,2872,Low
12/31/2014,M3,2014,Middle East,Grey,Petrol,Automatic,3.6,165736,72696,1674,Low
12/31/2010,M5,2010,Europe,White,Hybrid,Manual,3.5,183862,82950,847,Low
12/31/2019,3 Series,2019,Africa,Grey,Hybrid,Manual,2.9,135803,74062,5827,High
12/31/2023,X5,2023,Asia,Blue,Diesel,Manual,4,15536,129019,5673,High
12/31/2014,X6,2014,South America,Grey,Hybrid,Automatic,1.6,110837,72209,2179,Low
12/31/2010,M5,2010,North America,Black,Electric,Manual,4.4,44565,115928,461,Low
12/31/2013,5 Series,2013,South America,Red,Petrol,Automatic,2.7,35374,67259,3951,Low
12/31/2010,M3,2010,South America,Blue,Diesel,Automatic,4.3,194640,46327,1198,Low
12/31/2015,X5,2015,North America,Grey,Diesel,Manual,2.6,52852,76838,5831,High
12/31/2015,X1,2015,Asia,Grey,Hybrid,Automatic,2.2,149338,50404,8968,High
12/31/2010,i8,2010,Asia,Grey,Electric,Automatic,2.9,103095,116483,50,Low
12/31/2021,M5,2021,Asia,Silver,Petrol,Automatic,4.3,146276,128008,1839,Low
12/31/2017,3 Series,2017,North America,White,Electric,Automatic,4,91796,95271,9563,High
12/31/2023,M3,2023,South America,Blue,Hybrid,Automatic,2.9,111080,113707,2538,Low
12/31/2013,3 Series,2013,Europe,White,Petrol,Automatic,4.8,36181,73264,9562,High
12/31/2011,i3,2011,Middle East,Blue,Electric,Automatic,2.9,33192,70093,2784,Low
12/31/2022,3 Series,2022,Europe,Blue,Petrol,Manual,2.7,106459,85573,10020,High
12/31/2023,X6,2023,South America,Red,Petrol,Manual,2,94553,106467,2814,Low
12/31/2010,M5,2010,Middle East,Grey,Hybrid,Manual,1.7,107928,88307,140,Low
12/31/2020,i8,2020,Africa,Silver,Electric,Automatic,2.7,47619,168033,50,Low
12/31/2012,X6,2012,Middle East,Red,Electric,Automatic,1.8,179339,68598,2033,Low
12/31/2016,i3,2016,North America,Blue,Petrol,Manual,3.1,182274,44822,5712,High
12/31/2019,3 Series,2019,Middle East,Blue,Diesel,Automatic,4.5,192646,70066,7036,High
12/31/2020,3 Series,2020,Asia,Blue,Hybrid,Manual,3.2,46963,94818,9085,High
12/31/2019,X1,2019,South America,Black,Hybrid,Automatic,3.2,38181,91161,5236,High
12/31/2017,i3,2017,Europe,Grey,Electric,Automatic,2.4,172597,63182,4551,Low
12/31/2014,X1,2014,South America,Silver,Petrol,Automatic,2.1,82807,45289,4763,Low
12/31/2016,X1,2016,Middle East,Blue,Petrol,Automatic,2.3,194749,38322,6064,High
12/31/2011,7 Series,2011,South America,Grey,Electric,Automatic,3.5,179256,79407,50,Low
12/31/2021,i8,2021,Asia,Black,Hybrid,Automatic,3.6,118446,164405,647,Low
12/31/2021,X3,2021,North America,Blue,Electric,Manual,2.3,193078,81251,10421,High
12/31/2024,X6,2024,North America,White,Petrol,Manual,2.9,71189,118223,763,Low
12/31/2013,X3,2013,South America,Blue,Electric,Manual,3.5,70048,74259,4501,Low
12/31/2015,X6,2015,Africa,Grey,Hybrid,Automatic,4.2,1123,117898,1121,Low
12/31/2021,X1,2021,Africa,Grey,Electric,Automatic,2.6,39809,102576,5297,High
12/31/2021,X6,2021,Europe,Silver,Petrol,Automatic,2.4,70309,114205,4031,Low
12/31/2021,3 Series,2021,Middle East,White,Petrol,Automatic,4.1,66177,104529,7602,High
12/31/2021,X6,2021,Africa,White,Hybrid,Manual,3.3,109806,109756,2873,Low
12/31/2023,X1,2023,North America,Silver,Petrol,Automatic,4.5,152836,85450,9375,High
12/31/2021,i3,2021,Africa,Grey,Petrol,Automatic,2.2,119669,69407,2956,Low
12/31/2021,3 Series,2021,North America,Grey,Electric,Manual,4.2,112275,99316,10239,High
12/31/2014,5 Series,2014,Asia,Black,Hybrid,Manual,2.1,26413,83262,6355,High
12/31/2015,X6,2015,North America,Grey,Hybrid,Automatic,3.5,84702,96907,3441,Low
12/31/2021,X3,2021,North America,Grey,Diesel,Manual,2.5,129836,72043,9234,High
12/31/2011,i3,2011,Middle East,Silver,Diesel,Manual,1.9,91564,32634,3447,Low
12/31/2016,X1,2016,South America,Silver,Petrol,Automatic,3.7,14805,75759,4010,Low
12/31/2017,M3,2017,Africa,Red,Hybrid,Automatic,3.3,97895,99615,1023,Low
12/31/2022,3 Series,2022,Middle East,Silver,Electric,Automatic,3.2,88185,110876,15000,High
12/31/2023,M3,2023,Europe,Black,Electric,Automatic,3.6,155290,121777,3110,Low
12/31/2020,5 Series,2020,South America,Black,Electric,Automatic,2.8,195918,85075,4824,Low
12/31/2018,M5,2018,Middle East,White,Diesel,Manual,3.8,143539,111322,867,Low
12/31/2015,X6,2015,South America,Blue,Electric,Manual,2,2828,105903,1800,Low
12/31/2016,3 Series,2016,Middle East,Grey,Hybrid,Manual,4,45784,92726,5626,High
12/31/2022,M5,2022,Asia,Black,Diesel,Automatic,3.5,179192,128804,2361,Low
12/31/2021,5 Series,2021,Asia,Silver,Hybrid,Manual,3.2,154776,93650,7415,High
12/31/2022,X6,2022,North America,Grey,Electric,Manual,1.9,114435,110773,5135,High
12/31/2010,i3,2010,Asia,White,Petrol,Automatic,2.5,58182,41473,4707,Low
12/31/2018,X3,2018,Asia,Red,Hybrid,Manual,2.5,28682,87550,8662,High
12/31/2015,M3,2015,North America,Black,Petrol,Manual,2.3,59455,80820,2648,Low
12/31/2021,X3,2021,Asia,Silver,Diesel,Automatic,4.8,102331,101036,9392,High
12/31/2013,X1,2013,Middle East,Blue,Petrol,Manual,4.7,26709,70109,4140,Low
12/31/2019,X3,2019,South America,Red,Diesel,Manual,3.4,24131,85310,4681,Low
12/31/2018,M5,2018,Middle East,Blue,Hybrid,Automatic,2.2,47533,140332,919,Low
12/31/2021,3 Series,2021,Asia,Blue,Hybrid,Manual,4.7,180041,92883,11736,High
12/31/2010,5 Series,2010,Africa,Silver,Electric,Automatic,4.1,157895,60976,2617,Low
12/31/2011,M5,2011,Middle East,Black,Diesel,Automatic,1.6,34998,96926,160,Low
12/31/2012,i3,2012,North America,Blue,Petrol,Manual,3.2,153291,34834,5448,High
12/31/2010,X3,2010,Middle East,Red,Petrol,Automatic,3.6,6405,66069,5477,High
12/31/2011,7 Series,2011,Europe,Silver,Hybrid,Manual,1.7,153868,73186,794,Low
12/31/2011,5 Series,2011,Middle East,Silver,Hybrid,Automatic,1.7,9287,71013,3633,Low
12/31/2016,X3,2016,North America,Silver,Diesel,Manual,3.1,10837,77342,9665,High
12/31/2019,X3,2019,Middle East,Black,Diesel,Automatic,1.5,143611,59607,5671,High
12/31/2022,M5,2022,Middle East,Red,Petrol,Automatic,1.7,196177,108975,1574,Low
12/31/2015,M3,2015,Africa,White,Diesel,Automatic,2.1,109897,66055,1395,Low
12/31/2021,X1,2021,Middle East,Red,Petrol,Manual,4.7,158307,75109,6375,High
12/31/2018,M5,2018,Europe,Grey,Hybrid,Automatic,4.2,86740,132789,1911,Low
12/31/2023,3 Series,2023,Africa,Silver,Diesel,Automatic,3.1,127132,81264,6356,High
12/31/2014,5 Series,2014,Asia,Grey,Petrol,Automatic,3.2,191329,51211,6620,High
12/31/2018,X3,2018,South America,White,Electric,Manual,3.9,188520,78437,6033,High
12/31/2023,X3,2023,South America,White,Hybrid,Manual,3.2,160117,88134,6906,High
12/31/2022,5 Series,2022,Africa,Blue,Diesel,Automatic,1.7,68109,90956,3589,Low
12/31/2021,i3,2021,North America,Silver,Diesel,Automatic,4.1,33516,99897,4737,Low
12/31/2019,i8,2019,Europe,White,Diesel,Manual,1.7,63787,133525,206,Low
12/31/2023,7 Series,2023,Middle East,Red,Hybrid,Automatic,3.2,71648,150577,1301,Low
12/31/2023,3 Series,2023,North America,White,Diesel,Manual,4.5,22370,108426,10641,High
12/31/2018,3 Series,2018,South America,Silver,Hybrid,Manual,1.9,143299,63553,7160,High
12/31/2011,7 Series,2011,Middle East,Black,Hybrid,Automatic,4,51240,109327,50,Low
12/31/2024,X6,2024,Middle East,White,Hybrid,Manual,1.7,122835,116243,3656,Low
12/31/2021,7 Series,2021,Middle East,White,Diesel,Manual,5,170182,126629,1055,Low
12/31/2018,X3,2018,North America,Red,Petrol,Manual,3.9,162983,65581,7995,High
12/31/2012,X3,2012,North America,Black,Petrol,Manual,4.9,102521,62496,8880,High
12/31/2020,X6,2020,South America,Red,Hybrid,Manual,3.8,93015,113042,2837,Low
12/31/2012,5 Series,2012,South America,Red,Electric,Automatic,2.3,177560,53508,3510,Low
12/31/2021,3 Series,2021,Middle East,Blue,Electric,Manual,4.7,180587,91040,8271,High
12/31/2020,X1,2020,South America,Red,Hybrid,Manual,3.7,106736,82183,4710,Low
12/31/2023,i3,2023,Europe,Black,Diesel,Automatic,3.5,23371,102599,4607,Low
12/31/2024,7 Series,2024,Middle East,White,Hybrid,Manual,3,57046,161604,1207,Low
12/31/2018,3 Series,2018,Asia,Blue,Electric,Manual,2.5,94292,84559,9063,High
12/31/2024,i3,2024,Asia,Silver,Electric,Manual,3.4,143940,98985,7100,High
12/31/2016,M5,2016,Europe,Red,Hybrid,Manual,2.8,68524,120221,1142,Low
12/31/2024,X1,2024,Europe,Grey,Diesel,Manual,4.5,87588,95776,8717,High
12/31/2023,i3,2023,South America,White,Electric,Manual,1.6,74344,97751,3431,Low
12/31/2020,5 Series,2020,South America,Red,Diesel,Automatic,3.4,168198,75390,4986,Low
12/31/2024,X5,2024,North America,Black,Electric,Manual,4.4,25074,155814,6316,High
12/31/2017,X5,2017,South America,Red,Electric,Manual,1.6,103228,83090,3050,Low
12/31/2016,3 Series,2016,North America,Silver,Electric,Manual,2.5,139069,64758,10097,High
12/31/2018,X5,2018,North America,Red,Petrol,Automatic,1.7,15433,100868,6491,High
12/31/2017,X1,2017,South America,Silver,Hybrid,Manual,3.6,131907,64256,5267,High
12/31/2023,X1,2023,Asia,Silver,Petrol,Manual,2.6,3923,93364,8148,High
12/31/2013,M3,2013,Europe,Red,Hybrid,Automatic,4.9,68171,97585,266,Low
12/31/2011,X6,2011,North America,Blue,Hybrid,Automatic,3.7,87055,85500,3089,Low
12/31/2023,i8,2023,Africa,Blue,Hybrid,Automatic,3.5,36034,180149,154,Low
12/31/2022,i3,2022,Europe,Black,Hybrid,Manual,4.7,13723,127606,4780,Low
12/31/2020,X6,2020,Asia,Red,Electric,Manual,2.3,119788,107072,4329,Low
12/31/2014,X6,2014,South America,Red,Electric,Manual,3.5,153862,82163,2146,Low
12/31/2011,i3,2011,North America,Blue,Petrol,Automatic,3.4,31257,57962,4037,Low
12/31/2013,X6,2013,Middle East,Silver,Diesel,Manual,1.8,21484,78975,2218,Low
12/31/2023,X6,2023,Asia,Grey,Hybrid,Automatic,4.8,135994,134859,635,Low
12/31/2021,X3,2021,North America,Silver,Diesel,Automatic,4,112412,95756,9289,High
12/31/2011,5 Series,2011,Asia,Blue,Electric,Manual,4.6,139646,67055,6438,High
12/31/2014,X5,2014,Europe,White,Diesel,Automatic,4.9,182855,64528,5903,High
12/31/2015,3 Series,2015,Middle East,Blue,Electric,Manual,3.2,104151,72847,6189,High
12/31/2020,X3,2020,Europe,Blue,Diesel,Automatic,4.3,191624,75793,9280,High
12/31/2010,X6,2010,South America,Grey,Diesel,Manual,3.5,173889,45574,2112,Low
12/31/2024,X5,2024,Middle East,Red,Diesel,Automatic,4.9,185433,109698,5209,High
12/31/2021,X5,2021,Europe,Red,Petrol,Automatic,2.4,45927,107146,5238,High
12/31/2017,i8,2017,Asia,Black,Hybrid,Manual,1.5,73291,141109,50,Low
12/31/2011,i8,2011,Africa,White,Diesel,Automatic,2.2,7349,108775,50,Low
12/31/2023,X6,2023,Europe,Blue,Hybrid,Automatic,1.9,54099,126096,5123,High
12/31/2014,M3,2014,Middle East,White,Petrol,Automatic,3,36846,85562,1572,Low
12/31/2020,M5,2020,Africa,White,Petrol,Manual,1.8,190931,93047,1153,Low
12/31/2017,i3,2017,Middle East,Silver,Hybrid,Manual,2.3,148056,61936,3123,Low
12/31/2014,i8,2014,Asia,Blue,Electric,Automatic,1.8,81435,132957,50,Low
12/31/2012,X1,2012,Asia,Silver,Electric,Automatic,3.2,46867,68684,6478,High
12/31/2015,7 Series,2015,Europe,Black,Electric,Manual,2.4,187373,91685,1039,Low
12/31/2010,7 Series,2010,Europe,Red,Diesel,Automatic,3.1,133572,69475,747,Low
12/31/2010,X3,2010,Asia,Black,Petrol,Manual,1.8,17057,45334,9415,High
12/31/2017,X6,2017,Europe,Black,Hybrid,Automatic,3.3,51764,112899,3711,Low
12/31/2016,7 Series,2016,Asia,Grey,Diesel,Automatic,2,21590,107884,1219,Low
12/31/2019,X3,2019,North America,Black,Electric,Automatic,1.8,156449,73008,9596,High
12/31/2019,X3,2019,Asia,Blue,Petrol,Automatic,2.6,102120,73263,8516,High
12/31/2020,X3,2020,Asia,Blue,Electric,Manual,4.6,23759,123433,9830,High
12/31/2020,i8,2020,Europe,Grey,Diesel,Automatic,4.3,32956,158713,50,Low
12/31/2012,X5,2012,Middle East,Grey,Petrol,Manual,4.9,133504,93389,2958,Low
12/31/2017,3 Series,2017,Africa,White,Diesel,Automatic,3.1,35759,74704,4783,Low
12/31/2020,i8,2020,Asia,Blue,Petrol,Automatic,2.6,187065,134909,458,Low
12/31/2024,i8,2024,Europe,White,Petrol,Automatic,4.9,167311,167600,450,Low
12/31/2017,X3,2017,South America,Blue,Hybrid,Automatic,2.8,144826,68312,5136,High
12/31/2023,M5,2023,Africa,Red,Hybrid,Manual,1.5,104739,125730,1588,Low
12/31/2023,7 Series,2023,Middle East,Silver,Hybrid,Automatic,4.4,6334,168615,1004,Low
12/31/2010,X5,2010,Europe,Silver,Petrol,Manual,2.1,183698,29703,5458,High
12/31/2019,X1,2019,North America,Grey,Diesel,Automatic,4,105401,73517,7386,High
12/31/2016,7 Series,2016,North America,Silver,Hybrid,Manual,1.6,185810,90788,1437,Low
12/31/2011,X6,2011,Asia,Black,Electric,Automatic,1.9,91192,74051,3512,Low
12/31/2021,X3,2021,Middle East,Silver,Electric,Manual,3.2,77674,109455,6519,High
12/31/2011,X1,2011,Africa,Grey,Diesel,Automatic,1.7,157990,25000,4102,Low
12/31/2011,M3,2011,South America,Grey,Diesel,Automatic,4.6,52338,78434,883,Low
12/31/2022,X1,2022,Middle East,Silver,Diesel,Automatic,4.1,191220,71052,5935,High
12/31/2014,i8,2014,Europe,Black,Diesel,Automatic,2.6,40253,125518,50,Low
12/31/2016,7 Series,2016,South America,Black,Petrol,Automatic,3.6,73501,105682,319,Low
12/31/2013,X3,2013,Asia,Silver,Diesel,Manual,4,13192,74772,8506,High
12/31/2020,i8,2020,South America,Grey,Diesel,Manual,4.1,84873,152707,50,Low
12/31/2021,5 Series,2021,Africa,Black,Electric,Manual,2.9,82562,102551,4783,Low
12/31/2013,X6,2013,North America,Black,Hybrid,Automatic,4.6,32510,104905,3177,Low
12/31/2018,3 Series,2018,Middle East,Blue,Electric,Automatic,4.8,41899,108261,7626,High
12/31/2023,X1,2023,North America,Silver,Hybrid,Manual,2.2,73743,96673,8011,High
12/31/2019,X6,2019,Asia,Black,Diesel,Manual,4.7,175653,92166,4076,Low
12/31/2018,3 Series,2018,Europe,Black,Electric,Automatic,4,141502,84981,8519,High
12/31/2016,X3,2016,Europe,Red,Electric,Manual,4.6,60549,93762,8481,High
12/31/2023,i3,2023,North America,Grey,Petrol,Manual,3,76570,96027,5650,High
12/31/2024,i3,2024,Europe,Grey,Petrol,Automatic,3.8,5318,114245,5569,High
12/31/2019,3 Series,2019,Africa,Silver,Hybrid,Manual,2.3,192567,59108,6615,High
12/31/2024,X1,2024,Europe,Silver,Diesel,Manual,4.1,97393,95034,8056,High
12/31/2013,M3,2013,North America,Grey,Hybrid,Manual,3.5,66702,90833,2457,Low
12/31/2017,3 Series,2017,Asia,Grey,Diesel,Automatic,3.2,74592,68679,10264,High
12/31/2019,M3,2019,Europe,White,Petrol,Manual,3.9,1559,114041,2514,Low
12/31/2012,5 Series,2012,Africa,Red,Petrol,Manual,3.4,152246,47299,3584,Low
12/31/2012,i8,2012,North America,Grey,Diesel,Manual,4.2,25623,137646,50,Low
12/31/2021,M3,2021,Middle East,Silver,Hybrid,Manual,4.5,77330,131139,2368,Low
12/31/2016,i8,2016,Africa,Grey,Petrol,Automatic,4.3,161435,119898,50,Low
12/31/2022,X1,2022,North America,White,Diesel,Manual,2.6,111222,73880,7256,High
12/31/2020,3 Series,2020,Europe,Black,Hybrid,Automatic,4.9,78701,105714,10303,High
12/31/2021,X3,2021,Africa,Red,Hybrid,Manual,3.8,151619,90378,6064,High
12/31/2018,i3,2018,Europe,White,Hybrid,Manual,2.6,17002,92858,4536,Low
12/31/2022,X5,2022,South America,White,Diesel,Automatic,1.6,116271,91534,4530,Low
12/31/2020,i8,2020,South America,Black,Petrol,Automatic,5,144856,146514,50,Low
12/31/2013,M3,2013,South America,Blue,Electric,Manual,3.6,186062,71352,1121,Low
12/31/2013,5 Series,2013,Europe,Silver,Hybrid,Manual,2.3,113271,61921,6641,High
12/31/2010,X1,2010,Africa,Silver,Hybrid,Manual,3.2,147940,28908,3356,Low
12/31/2010,M5,2010,Middle East,White,Diesel,Manual,2.9,182849,67321,440,Low
12/31/2022,M3,2022,Europe,Red,Petrol,Manual,4.8,43988,122520,2564,Low
12/31/2023,3 Series,2023,North America,Red,Diesel,Manual,3.2,8907,106900,10416,High
12/31/2012,X1,2012,South America,Black,Hybrid,Manual,3.2,171827,33581,5064,High
12/31/2021,X1,2021,Middle East,Blue,Hybrid,Manual,4.3,181195,83834,6992,High
12/31/2022,M3,2022,Europe,Red,Diesel,Automatic,2.9,90952,110522,3343,Low
12/31/2016,i3,2016,Asia,Grey,Electric,Manual,2.2,132881,65822,5799,High
12/31/2022,X1,2022,Asia,Black,Petrol,Automatic,4.2,39142,104036,7140,High
12/31/2024,X1,2024,South America,Red,Petrol,Automatic,4.7,123256,97973,5913,High
12/31/2018,i8,2018,Asia,Black,Hybrid,Automatic,1.7,134592,133163,616,Low
12/31/2013,M5,2013,Asia,Red,Diesel,Manual,4.5,139701,99967,1297,Low
12/31/2011,M3,2011,Europe,Grey,Hybrid,Automatic,3,188199,56926,2606,Low
12/31/2015,7 Series,2015,Middle East,Blue,Electric,Automatic,2.5,145314,103009,349,Low
12/31/2015,X6,2015,North America,White,Electric,Manual,1.6,94291,91802,3633,Low
12/31/2018,5 Series,2018,Africa,White,Hybrid,Automatic,2.2,156435,71786,4225,Low
12/31/2024,3 Series,2024,South America,Black,Electric,Manual,2.7,129502,102170,6468,High
12/31/2013,i8,2013,Middle East,Grey,Petrol,Automatic,1.7,110394,113848,50,Low
12/31/2017,X3,2017,Europe,White,Electric,Automatic,2.2,14293,92928,7954,High
12/31/2022,5 Series,2022,Asia,Silver,Petrol,Manual,4.1,46328,114455,8360,High
12/31/2023,M3,2023,Middle East,Blue,Petrol,Automatic,3.9,182667,103817,2835,Low
12/31/2022,X6,2022,South America,Blue,Diesel,Automatic,4.2,198341,95890,2852,Low
12/31/2012,M5,2012,Middle East,White,Hybrid,Manual,2.1,110914,95150,291,Low
12/31/2011,X5,2011,North America,Blue,Petrol,Automatic,1.7,34597,64938,5659,High
12/31/2018,M5,2018,South America,Silver,Electric,Manual,3.1,4318,149784,803,Low
12/31/2024,M5,2024,North America,White,Hybrid,Manual,2.7,107043,155546,5202,High
12/31/2015,3 Series,2015,Middle East,Silver,Petrol,Manual,4.2,102073,68222,6392,High
12/31/2020,3 Series,2020,Middle East,Red,Electric,Manual,3.4,47197,106773,7647,High
12/31/2017,X3,2017,South America,Silver,Petrol,Manual,4.8,190543,65351,5606,High
12/31/2020,M3,2020,South America,Black,Diesel,Automatic,1.7,197729,70970,2023,Low
12/31/2019,X3,2019,Europe,White,Petrol,Automatic,2.8,110509,77120,7577,High
12/31/2018,i3,2018,Europe,Silver,Diesel,Manual,2.9,23576,81414,4936,Low
12/31/2010,X6,2010,Asia,Blue,Hybrid,Manual,1.9,156604,53386,3563,Low
12/31/2022,5 Series,2022,Middle East,Black,Electric,Automatic,3.5,153107,114377,15000,High
12/31/2010,i3,2010,Middle East,Red,Hybrid,Automatic,1.6,122350,35441,3128,Low
12/31/2020,i8,2020,North America,White,Hybrid,Manual,4,112834,159337,506,Low
12/31/2014,M3,2014,Middle East,Black,Petrol,Manual,1.6,119025,63695,1516,Low
12/31/2018,M5,2018,Europe,Red,Hybrid,Automatic,4.6,59495,141924,1525,Low
12/31/2016,i3,2016,Africa,White,Diesel,Manual,1.7,117840,41170,3302,Low
12/31/2016,X6,2016,North America,Blue,Diesel,Automatic,3.1,165732,76083,4183,Low
12/31/2011,X6,2011,Europe,White,Electric,Manual,2,77879,75072,3365,Low
12/31/2012,X3,2012,Asia,Red,Hybrid,Manual,2,66025,57833,7806,High
12/31/2013,M5,2013,South America,White,Electric,Automatic,4,167292,104206,202,Low
12/31/2011,i3,2011,Europe,Silver,Petrol,Automatic,4.2,68543,56948,4211,Low
12/31/2019,X5,2019,Asia,Silver,Diesel,Manual,4.1,166071,82929,6101,High
12/31/2018,i8,2018,Africa,Silver,Petrol,Automatic,2.9,38264,137770,50,Low
12/31/2014,M5,2014,Middle East,Grey,Diesel,Manual,5,92836,117933,300,Low
12/31/2022,3 Series,2022,Asia,Red,Hybrid,Automatic,2.7,85213,102620,10858,High
12/31/2016,X5,2016,South America,Grey,Petrol,Manual,2.4,104358,71327,3472,Low
12/31/2020,7 Series,2020,Middle East,Blue,Diesel,Manual,5,90941,141747,580,Low
12/31/2018,X5,2018,Middle East,Grey,Hybrid,Manual,4.9,125497,102838,4103,Low
12/31/2014,7 Series,2014,Asia,Silver,Petrol,Automatic,3.6,1986,118105,620,Low
12/31/2024,3 Series,2024,South America,Grey,Diesel,Manual,2.2,76871,87722,7266,High
12/31/2015,i3,2015,North America,Red,Diesel,Automatic,2.3,18505,70015,4933,Low
12/31/2013,7 Series,2013,Asia,Red,Diesel,Automatic,3.3,96609,92995,818,Low
12/31/2023,3 Series,2023,South America,Black,Electric,Automatic,4.2,109804,109676,6041,High
12/31/2017,7 Series,2017,Middle East,Black,Petrol,Manual,1.8,55377,111755,497,Low
12/31/2010,7 Series,2010,Africa,White,Electric,Automatic,3.9,139498,83888,50,Low
12/31/2010,M3,2010,Middle East,Red,Petrol,Manual,1.9,33264,65007,1190,Low
12/31/2014,5 Series,2014,North America,Red,Electric,Automatic,4.5,109345,95519,5307,High
12/31/2019,7 Series,2019,Africa,Silver,Diesel,Automatic,3.4,97903,116472,430,Low
12/31/2018,M5,2018,Middle East,Red,Electric,Manual,5,168757,143708,1076,Low
12/31/2011,i8,2011,Middle East,Silver,Hybrid,Manual,4.1,61726,130727,50,Low
12/31/2020,5 Series,2020,Middle East,Blue,Petrol,Manual,3.2,15695,106713,4540,Low
12/31/2024,M5,2024,Middle East,Red,Hybrid,Manual,2,173665,132450,2202,Low
12/31/2012,X5,2012,Europe,Silver,Petrol,Manual,3.4,81762,67552,5203,High
12/31/2017,X3,2017,Middle East,Grey,Electric,Automatic,1.9,9939,97835,5981,High
12/31/2014,X6,2014,Asia,Silver,Electric,Manual,4.7,37337,113282,3470,Low
12/31/2012,i3,2012,Europe,Blue,Diesel,Automatic,2.3,68290,44547,5131,High
12/31/2015,X5,2015,Europe,Silver,Hybrid,Automatic,4.5,133104,90194,4992,Low
12/31/2015,7 Series,2015,North America,Grey,Petrol,Manual,2.6,32114,111610,813,Low
12/31/2023,3 Series,2023,North America,Silver,Petrol,Manual,2.3,48441,95584,10875,High
12/31/2014,3 Series,2014,South America,Red,Diesel,Manual,2.6,104392,43330,6375,High
12/31/2014,i3,2014,Middle East,Black,Electric,Manual,4,104917,96395,2451,Low
12/31/2015,7 Series,2015,Middle East,Silver,Diesel,Manual,3.3,6786,115543,234,Low
12/31/2011,i3,2011,Middle East,Red,Electric,Manual,1.9,11596,65305,2612,Low
12/31/2015,X1,2015,Asia,Black,Petrol,Automatic,2,62625,55045,7316,High
12/31/2011,M3,2011,North America,Blue,Diesel,Automatic,2.8,104122,58964,2617,Low
12/31/2012,5 Series,2012,Asia,Red,Petrol,Manual,2.7,175566,41549,7259,High
12/31/2011,i8,2011,Middle East,Black,Diesel,Manual,4.5,70699,126530,50,Low
12/31/2010,X5,2010,Asia,Silver,Diesel,Manual,3.5,24168,70754,5460,High
12/31/2021,X6,2021,South America,White,Electric,Manual,2.2,42937,123184,3148,Low
12/31/2010,X3,2010,Africa,Blue,Hybrid,Automatic,1.6,83067,41035,4535,Low
12/31/2018,X3,2018,Asia,Black,Electric,Automatic,1.9,125361,81503,10579,High
12/31/2022,M3,2022,Europe,Grey,Electric,Automatic,4,58440,136630,3151,Low
12/31/2013,X1,2013,Europe,Blue,Hybrid,Automatic,4.5,172621,51519,6739,High
12/31/2014,3 Series,2014,North America,White,Hybrid,Automatic,4.2,95397,72954,10091,High
12/31/2019,5 Series,2019,Africa,Black,Petrol,Automatic,4.3,96345,96448,3156,Low
12/31/2023,X5,2023,Asia,Red,Petrol,Manual,2.4,152609,90935,7627,High
12/31/2024,7 Series,2024,Africa,Red,Diesel,Automatic,5,18859,155628,694,Low
12/31/2016,M3,2016,North America,Black,Petrol,Automatic,1.8,139062,70277,443,Low
12/31/2024,7 Series,2024,North America,Red,Electric,Manual,4.4,113467,163950,1670,Low
12/31/2011,5 Series,2011,North America,Grey,Diesel,Manual,1.8,57326,48789,7337,High
12/31/2021,M3,2021,Middle East,Silver,Diesel,Manual,2.4,95082,96200,2583,Low
12/31/2020,5 Series,2020,North America,Grey,Electric,Automatic,3.2,179983,92102,7401,High
12/31/2019,3 Series,2019,Asia,Blue,Hybrid,Manual,1.7,8094,93832,11558,High
12/31/2018,X3,2018,Asia,White,Electric,Manual,2.9,20137,101529,8289,High
12/31/2021,5 Series,2021,Africa,Silver,Electric,Automatic,2.7,163833,92400,4945,Low
12/31/2013,X5,2013,North America,Red,Diesel,Manual,3.8,171982,58287,6513,High
12/31/2019,M5,2019,Middle East,Silver,Diesel,Automatic,4,50673,140804,770,Low
12/31/2019,M3,2019,Asia,Red,Electric,Automatic,1.8,49957,108344,3157,Low
12/31/2022,i3,2022,North America,Red,Diesel,Manual,1.6,199398,55687,6609,High
12/31/2022,X6,2022,Middle East,Blue,Electric,Automatic,4.2,115292,130931,3611,Low
12/31/2010,3 Series,2010,Europe,White,Hybrid,Automatic,3.3,95061,51289,7401,High
12/31/2017,X1,2017,Europe,Grey,Electric,Automatic,3.4,7517,97646,6142,High
12/31/2013,7 Series,2013,Europe,Blue,Electric,Manual,4.9,68255,127337,268,Low
12/31/2016,X6,2016,Middle East,Red,Electric,Manual,3,79472,104617,2445,Low
12/31/2012,7 Series,2012,North America,Silver,Petrol,Automatic,2.2,182905,71465,991,Low
12/31/2020,i3,2020,Africa,Black,Electric,Automatic,3.9,64963,100909,3013,Low
12/31/2021,5 Series,2021,Middle East,Grey,Hybrid,Automatic,4.4,99328,112998,5868,High
12/31/2018,5 Series,2018,North America,Black,Petrol,Manual,3.3,85733,85050,7494,High
12/31/2024,X5,2024,South America,Grey,Diesel,Automatic,3.9,60900,120157,4085,Low
12/31/2022,i8,2022,South America,Grey,Diesel,Manual,3.3,138865,138380,195,Low
12/31/2014,X5,2014,Asia,White,Hybrid,Automatic,2.9,78854,87696,6431,High
12/31/2014,7 Series,2014,North America,Blue,Electric,Manual,1.6,122667,98483,922,Low
12/31/2012,3 Series,2012,Asia,Black,Electric,Automatic,2.1,113696,50973,9362,High
12/31/2020,M3,2020,North America,Grey,Petrol,Manual,3.2,107864,98154,3431,Low
12/31/2018,i8,2018,Europe,Silver,Diesel,Manual,2.9,192638,120307,234,Low
12/31/2012,M3,2012,North America,White,Electric,Manual,4.5,47640,102263,4679,Low
12/31/2011,X5,2011,Europe,Grey,Electric,Manual,1.9,33229,73068,4695,Low
12/31/2020,X1,2020,Europe,Silver,Hybrid,Manual,1.7,195897,53965,8469,High
12/31/2022,7 Series,2022,Middle East,Grey,Electric,Manual,1.8,57483,143157,1356,Low
12/31/2018,M5,2018,South America,Red,Petrol,Manual,3.9,114279,115508,840,Low
12/31/2021,X6,2021,Middle East,White,Hybrid,Manual,3.6,199243,105658,4041,Low
12/31/2021,i3,2021,Africa,Blue,Petrol,Automatic,3.7,22735,101645,2547,Low
12/31/2018,7 Series,2018,Middle East,Red,Electric,Automatic,2,131850,123645,1089,Low
12/31/2019,X6,2019,Middle East,Black,Petrol,Automatic,3.3,65732,112576,2304,Low
12/31/2021,5 Series,2021,South America,White,Diesel,Manual,4.2,99164,94348,4659,Low
12/31/2022,M3,2022,North America,Blue,Diesel,Manual,3.9,139585,103912,3236,Low
12/31/2013,X5,2013,Africa,Red,Diesel,Manual,3,95795,59489,2958,Low
12/31/2013,i3,2013,South America,Red,Hybrid,Automatic,1.9,108225,49831,2863,Low
12/31/2022,M5,2022,South America,Red,Petrol,Automatic,4.5,113201,137012,1103,Low
12/31/2020,X6,2020,South America,Silver,Hybrid,Manual,3.3,68036,120709,2932,Low
12/31/2019,X1,2019,Europe,Blue,Electric,Automatic,4.6,157387,84252,8137,High
12/31/2024,i8,2024,South America,Blue,Electric,Manual,3,157088,161098,768,Low
12/31/2022,3 Series,2022,Asia,Red,Electric,Manual,2.3,50489,106799,11782,High
12/31/2022,X3,2022,Middle East,Blue,Hybrid,Manual,2.6,32649,108401,6580,High
12/31/2015,i3,2015,Africa,Red,Diesel,Manual,3,138804,42843,2501,Low
12/31/2018,X1,2018,Middle East,Black,Petrol,Automatic,3.6,197808,55686,6247,High
12/31/2017,5 Series,2017,Europe,Black,Diesel,Automatic,4.2,109730,79346,6607,High
12/31/2019,M5,2019,South America,Silver,Diesel,Manual,2.3,170086,96337,1293,Low
12/31/2012,M3,2012,North America,Blue,Hybrid,Manual,2.2,96743,71499,1984,Low
12/31/2015,7 Series,2015,South America,Red,Electric,Manual,2.2,144618,97974,371,Low
12/31/2024,M3,2024,South America,White,Hybrid,Manual,4.8,178096,64921,3703,Low
12/31/2022,X1,2022,Middle East,Silver,Electric,Automatic,2.1,11529,105485,6592,High
12/31/2016,M5,2016,Asia,Black,Hybrid,Automatic,2.7,81208,127525,1263,Low
12/31/2024,M5,2024,North America,Red,Hybrid,Manual,3.2,147918,141856,2917,Low
12/31/2024,X1,2024,Europe,Black,Hybrid,Automatic,3.4,137278,91270,7567,High
12/31/2015,X1,2015,Europe,Blue,Hybrid,Automatic,4.5,160165,58824,7465,High
12/31/2012,X1,2012,Europe,Silver,Diesel,Automatic,1.9,61756,37720,6988,High
12/31/2023,3 Series,2023,Europe,White,Diesel,Manual,1.9,25793,91641,8425,High
12/31/2023,X1,2023,Europe,White,Petrol,Manual,2.6,139809,72253,7228,High
12/31/2023,X3,2023,South America,Silver,Diesel,Manual,2.9,64971,96911,5825,High
12/31/2022,i3,2022,Europe,White,Electric,Automatic,2.8,45393,111653,4883,Low
12/31/2022,3 Series,2022,South America,Blue,Electric,Manual,2.9,8555,116214,6439,High
12/31/2018,7 Series,2018,South America,Grey,Hybrid,Manual,4.5,34388,132667,667,Low
12/31/2013,X3,2013,Asia,Silver,Petrol,Automatic,4.4,51325,70139,7171,High
12/31/2011,7 Series,2011,Middle East,Blue,Diesel,Automatic,4.3,79061,95937,50,Low
12/31/2018,X5,2018,South America,White,Electric,Automatic,4.1,145019,97114,3553,Low
12/31/2012,X3,2012,South America,Red,Petrol,Automatic,1.6,126829,35109,5296,High
12/31/2015,M3,2015,Middle East,Grey,Petrol,Automatic,2,112340,73463,1779,Low
12/31/2014,3 Series,2014,Asia,Black,Diesel,Manual,4.1,3682,77280,8174,High
12/31/2023,i8,2023,South America,Black,Diesel,Automatic,3.6,196197,141223,364,Low
12/31/2022,M3,2022,Africa,Black,Hybrid,Manual,3.9,104792,121476,1892,Low
12/31/2024,3 Series,2024,Europe,White,Petrol,Automatic,4,189923,89497,10756,High
12/31/2011,X1,2011,Europe,Silver,Petrol,Manual,4.7,173836,32816,6204,High
12/31/2010,i3,2010,North America,Black,Electric,Automatic,3.7,17618,75759,4364,Low
12/31/2018,X6,2018,Europe,Red,Diesel,Automatic,2.5,20366,106422,3689,Low
12/31/2012,i8,2012,Asia,Silver,Electric,Manual,1.8,187977,106065,50,Low
12/31/2016,i3,2016,Europe,Black,Electric,Manual,3,1606,95369,4471,Low
12/31/2018,i3,2018,Africa,Black,Electric,Manual,4,103274,85971,2643,Low
12/31/2018,X5,2018,Asia,Blue,Electric,Automatic,2.5,114263,100067,7094,High
12/31/2021,X6,2021,Europe,Blue,Petrol,Automatic,1.9,40953,107322,4054,Low
12/31/2019,X5,2019,South America,White,Hybrid,Automatic,5,160268,104375,3896,Low
12/31/2015,i3,2015,Africa,White,Hybrid,Manual,3,8680,82958,2078,Low
12/31/2017,3 Series,2017,Asia,Silver,Electric,Automatic,2.3,36847,85309,9264,High
12/31/2018,M5,2018,North America,Grey,Diesel,Automatic,2.1,105790,110969,376,Low
12/31/2012,7 Series,2012,Asia,Black,Hybrid,Automatic,4.5,57222,117091,453,Low
12/31/2015,M5,2015,Africa,Black,Petrol,Manual,4.4,2373,123636,50,Low
12/31/2014,X3,2014,Asia,Grey,Hybrid,Manual,3.6,160463,60695,8784,High
12/31/2016,M3,2016,Africa,Blue,Electric,Automatic,3.4,165836,83331,1124,Low
12/31/2016,X3,2016,North America,Grey,Hybrid,Manual,4.8,74521,90610,8181,High
12/31/2018,i8,2018,South America,Silver,Petrol,Automatic,2.3,176686,119256,50,Low
12/31/2010,3 Series,2010,Middle East,White,Electric,Automatic,3,180880,40913,5700,High
12/31/2015,X1,2015,Europe,Grey,Diesel,Manual,1.6,174797,25000,8361,High
12/31/2014,X5,2014,Europe,Red,Hybrid,Automatic,3,143286,73201,5187,High
12/31/2013,5 Series,2013,North America,Blue,Hybrid,Manual,2.8,68885,74286,5413,High
12/31/2019,5 Series,2019,Middle East,Grey,Petrol,Automatic,4.8,70182,104764,4865,Low
12/31/2021,X1,2021,Middle East,Silver,Electric,Automatic,2.8,128505,84017,5971,High
12/31/2020,3 Series,2020,Middle East,Blue,Petrol,Manual,4.4,146808,84093,7737,High
12/31/2023,X3,2023,Asia,Black,Hybrid,Automatic,4.2,114792,109788,8500,High
12/31/2010,X3,2010,South America,Grey,Hybrid,Automatic,2,40305,54599,4718,Low
12/31/2013,X5,2013,Middle East,Red,Diesel,Manual,4.9,144994,69683,3942,Low
12/31/2019,7 Series,2019,Africa,Black,Electric,Manual,3.7,82786,126525,812,Low
12/31/2020,i3,2020,Asia,White,Diesel,Manual,3.6,74524,80510,5941,High
12/31/2016,5 Series,2016,North America,Silver,Hybrid,Automatic,1.5,141787,69775,7363,High
12/31/2013,X5,2013,South America,Grey,Petrol,Manual,3.9,105107,70126,3281,Low
12/31/2010,i8,2010,South America,Silver,Electric,Automatic,1.7,50500,121965,50,Low
12/31/2019,X5,2019,Africa,Red,Diesel,Manual,2.1,156857,67940,3996,Low
12/31/2010,X1,2010,Europe,White,Electric,Manual,1.8,106779,32687,6494,High
12/31/2010,X1,2010,Europe,Grey,Electric,Automatic,2.8,60318,49182,7360,High
12/31/2020,i8,2020,South America,Blue,Petrol,Automatic,4.3,8283,178091,50,Low
12/31/2019,7 Series,2019,Africa,White,Hybrid,Automatic,4,88602,134413,636,Low
12/31/2014,X1,2014,South America,Black,Hybrid,Manual,1.9,74905,52112,4488,Low
12/31/2016,7 Series,2016,North America,Red,Hybrid,Manual,4.3,189861,110862,1175,Low
12/31/2018,X6,2018,North America,Red,Electric,Automatic,3.1,60286,114442,3843,Low
12/31/2017,i8,2017,Africa,Blue,Electric,Automatic,1.6,104428,126994,50,Low
12/31/2011,X6,2011,North America,Black,Diesel,Automatic,2.3,120710,59122,3608,Low
12/31/2018,X6,2018,North America,Black,Electric,Automatic,4.2,103336,118816,3802,Low
12/31/2013,3 Series,2013,Africa,Black,Hybrid,Manual,4.1,25564,77380,4881,Low
12/31/2021,X1,2021,North America,Blue,Petrol,Manual,2.2,6004,86936,8536,High
12/31/2019,5 Series,2019,Europe,White,Petrol,Automatic,1.6,17367,90574,5746,High
12/31/2024,X6,2024,Asia,Silver,Diesel,Manual,2.5,34005,123464,5013,High
12/31/2020,X1,2020,North America,Red,Electric,Manual,4.3,175879,80162,8056,High
12/31/2014,M3,2014,Asia,Red,Hybrid,Manual,4.8,94611,96141,2248,Low
12/31/2021,5 Series,2021,North America,Grey,Petrol,Manual,3.5,143638,94216,7568,High
12/31/2020,M5,2020,Europe,Blue,Electric,Automatic,1.8,106059,129850,2089,Low
12/31/2014,M5,2014,South America,Blue,Petrol,Automatic,3.3,120680,101197,420,Low
12/31/2013,7 Series,2013,Europe,White,Electric,Manual,5,114843,114630,432,Low
12/31/2022,5 Series,2022,Middle East,Silver,Hybrid,Manual,4.8,75414,126365,4921,Low
12/31/2015,3 Series,2015,South America,Grey,Petrol,Manual,5,32433,79609,5980,High
12/31/2010,M5,2010,Asia,Grey,Diesel,Manual,3.9,167192,75636,1067,Low
12/31/2011,M5,2011,Middle East,Blue,Petrol,Automatic,3,27424,107077,50,Low
12/31/2013,M3,2013,Europe,Blue,Petrol,Manual,4.6,103363,80366,2525,Low
12/31/2013,M3,2013,Africa,Silver,Petrol,Manual,4.6,13928,94524,633,Low
12/31/2017,7 Series,2017,Europe,Red,Hybrid,Automatic,2,62383,117406,1162,Low
12/31/2018,X1,2018,Middle East,Red,Hybrid,Manual,4.2,169792,27341,5998,High
12/31/2021,M3,2021,Europe,Grey,Petrol,Automatic,4.7,138072,106183,3010,Low
12/31/2013,X1,2013,North America,Red,Petrol,Manual,4.6,98207,55805,6645,High
12/31/2015,7 Series,2015,South America,White,Electric,Automatic,4,58064,130199,50,Low
12/31/2013,7 Series,2013,Asia,White,Petrol,Manual,3.4,63421,101328,854,Low
12/31/2013,X5,2013,Middle East,Black,Electric,Automatic,4.2,7309,110595,2571,Low
12/31/2021,X1,2021,Middle East,Grey,Diesel,Manual,3.3,118969,71563,5960,High
12/31/2020,i3,2020,Africa,Red,Diesel,Automatic,2.6,27821,87659,2762,Low
12/31/2021,X5,2021,Middle East,Silver,Electric,Manual,2.4,167234,96525,4149,Low
12/31/2018,i3,2018,Europe,Black,Petrol,Automatic,3.4,175203,58966,5256,High
12/31/2023,M3,2023,Middle East,Silver,Diesel,Automatic,3.1,52160,124412,2390,Low
12/31/2013,X1,2013,Africa,Black,Petrol,Automatic,3.3,97897,42599,3667,Low
12/31/2022,X3,2022,Asia,White,Petrol,Manual,2.4,47573,93327,10205,High
12/31/2015,M3,2015,North America,Grey,Electric,Manual,3.6,193646,81201,2747,Low
12/31/2023,X5,2023,Asia,Silver,Diesel,Manual,3.8,138406,100445,7262,High
12/31/2022,7 Series,2022,North America,Black,Diesel,Automatic,4.3,145971,124745,1651,Low
12/31/2018,X5,2018,Middle East,Red,Electric,Manual,3.6,112694,110471,4582,Low
12/31/2012,X6,2012,Asia,Black,Electric,Automatic,4.1,65118,101142,3132,Low
12/31/2016,X3,2016,North America,White,Diesel,Manual,2.1,154361,48020,9107,High
12/31/2016,i8,2016,Africa,Grey,Hybrid,Manual,1.9,14207,134849,50,Low
12/31/2010,i3,2010,North America,Blue,Petrol,Automatic,2.1,177426,25000,5140,High
12/31/2020,7 Series,2020,North America,Grey,Diesel,Automatic,4.5,76789,131741,1227,Low
12/31/2011,X6,2011,Middle East,Silver,Petrol,Automatic,3.4,106206,73820,1912,Low
12/31/2014,X5,2014,Middle East,Grey,Petrol,Manual,3.1,172698,60217,3716,Low
12/31/2017,3 Series,2017,Asia,Silver,Diesel,Automatic,4.2,160752,64317,10362,High
12/31/2015,X6,2015,South America,Red,Hybrid,Manual,1.9,121105,79484,2294,Low
12/31/2023,X6,2023,Asia,Red,Petrol,Automatic,1.5,165734,100042,4351,Low
12/31/2023,5 Series,2023,Africa,White,Petrol,Manual,2.6,187241,81150,4505,Low
12/31/2022,i3,2022,Africa,Black,Diesel,Manual,2.4,50189,87153,2752,Low
12/31/2022,5 Series,2022,Middle East,Blue,Electric,Manual,2.6,42116,119323,5990,High
12/31/2016,X6,2016,North America,Grey,Petrol,Manual,4.9,80726,102729,4117,Low
12/31/2024,3 Series,2024,Africa,Silver,Diesel,Automatic,3.5,187882,81125,6711,High
12/31/2024,X6,2024,Middle East,Black,Hybrid,Automatic,3.6,154916,124790,3938,Low
12/31/2012,X5,2012,Middle East,Grey,Petrol,Manual,3.8,24873,80187,3598,Low
12/31/2015,i3,2015,Middle East,Grey,Hybrid,Automatic,2.9,138799,91535,2697,Low
12/31/2018,5 Series,2018,South America,Black,Hybrid,Manual,4.9,71065,107021,4496,Low
12/31/2012,i3,2012,Africa,Silver,Diesel,Automatic,4.9,188698,38325,2098,Low
12/31/2023,M5,2023,Europe,White,Petrol,Manual,4.2,10195,154968,1496,Low
12/31/2022,X3,2022,North America,Black,Electric,Automatic,2.2,37417,108840,10022,High
12/31/2022,X1,2022,Middle East,Red,Diesel,Automatic,4.6,104806,93096,6219,High
12/31/2022,M3,2022,Africa,Red,Petrol,Manual,1.9,104484,89207,1879,Low
12/31/2015,M3,2015,South America,Red,Petrol,Automatic,3.7,144493,72083,1479,Low
12/31/2016,M3,2016,North America,White,Electric,Manual,3.1,78311,99120,2138,Low
12/31/2014,i8,2014,Africa,White,Diesel,Manual,1.6,168859,90684,50,Low
12/31/2019,X6,2019,Africa,Black,Petrol,Manual,4.7,38312,114971,2132,Low
12/31/2022,M5,2022,North America,Blue,Electric,Manual,4.9,114493,158241,2263,Low
12/31/2017,X3,2017,South America,Red,Hybrid,Automatic,4.7,1092,106882,4859,Low
12/31/2017,X6,2017,South America,White,Diesel,Manual,2.2,95648,77041,2306,Low
12/31/2015,i3,2015,Asia,Grey,Diesel,Manual,2.7,60318,61411,5686,High
12/31/2016,3 Series,2016,Asia,Grey,Electric,Automatic,4.8,81011,94622,9470,High
12/31/2012,i8,2012,South America,Silver,Electric,Automatic,1.9,25911,128517,50,Low
12/31/2022,X5,2022,Europe,Blue,Petrol,Manual,3.5,136153,95448,6081,High
12/31/2016,3 Series,2016,Middle East,Blue,Diesel,Manual,3.2,14201,75614,6385,High
12/31/2016,X3,2016,North America,Red,Hybrid,Automatic,2,95544,74672,7835,High
12/31/2013,X5,2013,Middle East,Blue,Diesel,Automatic,4.6,108321,81040,10306,High
12/31/2019,X6,2019,South America,Black,Hybrid,Manual,2,22103,112319,2725,Low
12/31/2023,X3,2023,Africa,Red,Diesel,Manual,3.6,155821,82702,5550,High
12/31/2022,i3,2022,Middle East,Silver,Diesel,Automatic,2.6,141467,79318,3924,Low
12/31/2013,i8,2013,Africa,Grey,Electric,Manual,3,76844,127068,50,Low
12/31/2023,X1,2023,Asia,Red,Diesel,Automatic,2.2,26207,91750,9125,High
12/31/2012,X6,2012,South America,Black,Hybrid,Automatic,3.7,27270,96159,1458,Low
12/31/2019,X6,2019,North America,Red,Diesel,Automatic,5,57901,116128,4020,Low
12/31/2016,5 Series,2016,Middle East,Red,Hybrid,Manual,4.4,161416,79815,4436,Low
12/31/2014,i8,2014,Europe,White,Petrol,Automatic,3.9,142862,123573,50,Low
12/31/2012,X5,2012,Asia,Blue,Electric,Manual,4.1,23304,93365,4628,Low
12/31/2015,7 Series,2015,Europe,Silver,Hybrid,Automatic,4.4,53921,122027,728,Low
12/31/2021,5 Series,2021,Africa,Silver,Diesel,Manual,3.2,197944,68257,4110,Low
12/31/2015,M5,2015,Europe,Red,Electric,Automatic,3.5,72932,124057,1095,Low
12/31/2015,3 Series,2015,Asia,White,Petrol,Automatic,4.6,18307,86461,8824,High
12/31/2011,i8,2011,Middle East,White,Diesel,Manual,3.9,1276,135350,50,Low
12/31/2022,7 Series,2022,South America,Grey,Diesel,Automatic,2,72435,118706,1170,Low
12/31/2020,X5,2020,Middle East,Blue,Electric,Manual,4.2,55333,133119,4320,Low
12/31/2019,i8,2019,Middle East,Blue,Diesel,Manual,1.6,24529,153997,50,Low
12/31/2021,M3,2021,Asia,Blue,Diesel,Automatic,4.5,106691,116558,3266,Low
12/31/2016,3 Series,2016,Asia,Blue,Diesel,Manual,4.3,51074,74922,8808,High
12/31/2022,X5,2022,Europe,Grey,Petrol,Automatic,4.4,151797,103983,6665,High
12/31/2016,M5,2016,Europe,White,Hybrid,Manual,1.6,174034,92447,1378,Low
12/31/2019,X6,2019,Middle East,Blue,Hybrid,Manual,4.9,193050,109288,2873,Low
12/31/2021,M5,2021,Europe,Silver,Diesel,Manual,3.6,170205,120249,2191,Low
12/31/2013,M3,2013,North America,Red,Petrol,Manual,4.3,199669,58937,2472,Low
12/31/2020,i3,2020,South America,Red,Diesel,Automatic,3.5,75276,81513,3048,Low
12/31/2015,M3,2015,Europe,Red,Petrol,Automatic,2.7,136003,68038,2442,Low
12/31/2013,3 Series,2013,Africa,Blue,Hybrid,Manual,2.5,197621,32469,5750,High
12/31/2013,i3,2013,Europe,Black,Electric,Manual,1.7,108306,51052,4380,Low
12/31/2015,X6,2015,South America,Grey,Hybrid,Manual,3.4,92203,88662,1785,Low
12/31/2018,X1,2018,Europe,Silver,Petrol,Automatic,2,24294,70720,8458,High
12/31/2021,i8,2021,South America,Grey,Hybrid,Manual,3.5,193695,146177,418,Low
12/31/2022,X1,2022,Europe,Grey,Hybrid,Manual,3.7,52329,97192,8791,High
12/31/2024,7 Series,2024,Asia,Grey,Electric,Manual,3,37420,163818,2036,Low
12/31/2016,X3,2016,North America,White,Electric,Manual,2,39926,83255,9286,High
12/31/2011,M3,2011,Middle East,Silver,Petrol,Manual,3,157648,50005,1324,Low
12/31/2023,3 Series,2023,Asia,Grey,Electric,Automatic,4.6,122082,109529,11222,High
12/31/2015,3 Series,2015,Asia,Silver,Hybrid,Automatic,3.1,122832,66937,10356,High
12/31/2023,M3,2023,North America,Red,Electric,Manual,2.7,20632,133404,3885,Low
12/31/2014,X5,2014,Africa,Red,Diesel,Manual,3.7,9064,84602,2344,Low
12/31/2015,X5,2015,Asia,Grey,Petrol,Manual,3.7,5959,97251,5737,High
12/31/2022,X1,2022,Europe,Grey,Petrol,Automatic,1.8,30427,89997,7306,High
12/31/2017,7 Series,2017,South America,Black,Hybrid,Manual,2.3,92411,65858,120,Low
12/31/2017,i8,2017,Middle East,White,Diesel,Automatic,3.2,24440,200000,50,Low
12/31/2024,X5,2024,North America,Black,Diesel,Automatic,2.8,57324,123117,6502,High
12/31/2012,X5,2012,Europe,White,Diesel,Automatic,2.6,167890,45151,5244,High
12/31/2018,M5,2018,South America,Silver,Electric,Manual,3.1,157831,112971,1157,Low
12/31/2015,5 Series,2015,Africa,Grey,Hybrid,Manual,2.5,66888,77408,3578,Low
12/31/2016,3 Series,2016,North America,Red,Hybrid,Manual,2.7,4149,88386,8449,High
12/31/2018,M3,2018,South America,Red,Hybrid,Manual,4.2,74283,113494,1842,Low
12/31/2024,7 Series,2024,Africa,Red,Petrol,Automatic,3.3,190077,117081,1262,Low
12/31/2023,i8,2023,North America,Red,Petrol,Automatic,4.6,8642,188956,50,Low
12/31/2022,X5,2022,Asia,White,Hybrid,Manual,4.8,151931,118989,6180,High
12/31/2016,X1,2016,Africa,Silver,Petrol,Manual,4.7,198945,45516,4558,Low
12/31/2019,M5,2019,Middle East,Grey,Electric,Automatic,2.4,23311,151524,1084,Low
12/31/2018,X1,2018,Africa,Black,Diesel,Manual,3.2,169782,48025,4725,Low
12/31/2010,X5,2010,South America,Black,Petrol,Automatic,3.4,168183,42969,2797,Low
12/31/2022,i8,2022,Middle East,Red,Petrol,Automatic,4.5,65711,173766,50,Low
12/31/2010,3 Series,2010,Asia,Blue,Hybrid,Automatic,3.5,68478,55209,9088,High
12/31/2012,X1,2012,Europe,Black,Petrol,Manual,2.4,189725,25000,7733,High
12/31/2022,5 Series,2022,Middle East,White,Hybrid,Manual,3.4,31418,120015,5925,High
12/31/2018,X3,2018,Middle East,Grey,Diesel,Manual,1.7,150563,54179,7157,High
12/31/2010,X1,2010,Asia,Silver,Electric,Manual,4.4,96713,53311,8170,High
12/31/2010,X6,2010,Africa,Grey,Electric,Manual,3.5,137827,64911,1334,Low
12/31/2014,7 Series,2014,Asia,White,Petrol,Manual,3.8,117270,99361,849,Low
12/31/2017,X1,2017,Europe,Red,Petrol,Automatic,2.2,132444,51323,8325,High
12/31/2011,7 Series,2011,South America,Blue,Hybrid,Manual,3.5,162872,109583,50,Low
12/31/2013,X1,2013,Europe,Grey,Petrol,Manual,3.4,40428,54129,6407,High
12/31/2024,3 Series,2024,Europe,Black,Petrol,Manual,3.7,8414,174209,9104,High
12/31/2015,X3,2015,South America,Red,Hybrid,Manual,4.5,18014,88356,5069,High
12/31/2024,X6,2024,South America,Black,Petrol,Manual,4.2,167044,111422,3180,Low
12/31/2010,i8,2010,North America,Red,Diesel,Manual,3.4,103201,108503,50,Low
12/31/2024,X3,2024,Europe,Blue,Electric,Manual,4.6,143512,115361,9562,High
12/31/2013,3 Series,2013,Africa,Blue,Hybrid,Manual,2.8,187514,35651,5716,High
12/31/2013,M5,2013,North America,Black,Hybrid,Manual,3.2,159820,97606,1145,Low
12/31/2018,X6,2018,Europe,White,Diesel,Automatic,3.8,87370,105620,4269,Low
12/31/2018,i3,2018,Middle East,Grey,Hybrid,Manual,3,77991,84348,3773,Low
12/31/2015,5 Series,2015,North America,Blue,Hybrid,Manual,2.8,140689,68855,6115,High
12/31/2017,M3,2017,Middle East,Blue,Hybrid,Manual,1.9,70017,94649,1755,Low
12/31/2021,M5,2021,Middle East,Red,Hybrid,Manual,3.7,110357,147709,1337,Low
12/31/2019,X3,2019,North America,Silver,Diesel,Automatic,2.2,120653,68471,9535,High
12/31/2013,X1,2013,Middle East,White,Petrol,Manual,2,191437,25000,5146,High
12/31/2019,i3,2019,Europe,White,Diesel,Manual,2.1,33900,73413,4343,Low
12/31/2017,i8,2017,Asia,Silver,Electric,Manual,3.9,16522,164694,50,Low
12/31/2024,7 Series,2024,Asia,Grey,Diesel,Manual,2,21923,136579,4263,Low
12/31/2012,X3,2012,Middle East,Red,Diesel,Manual,4.9,64392,64648,5922,High
12/31/2011,X1,2011,South America,Black,Hybrid,Manual,4.2,34371,60342,4474,Low
12/31/2015,i3,2015,Africa,Red,Hybrid,Automatic,2.9,88607,67288,2465,Low
12/31/2014,M5,2014,Africa,Grey,Hybrid,Automatic,3.6,142715,104449,124,Low
12/31/2017,X5,2017,South America,White,Petrol,Automatic,1.5,139831,62932,3302,Low
12/31/2024,X6,2024,North America,Red,Diesel,Automatic,4.5,134140,123728,5298,High
12/31/2010,5 Series,2010,South America,Grey,Petrol,Automatic,2.4,186163,26712,4003,Low
12/31/2020,X1,2020,Asia,Black,Diesel,Automatic,1.8,23821,73495,9357,High
12/31/2021,5 Series,2021,Asia,White,Petrol,Automatic,4.2,2799,122187,7585,High
12/31/2019,X5,2019,Asia,White,Electric,Manual,2.7,12399,115846,6967,High
12/31/2012,5 Series,2012,Asia,Silver,Hybrid,Automatic,3.5,154589,64154,7448,High
12/31/2016,3 Series,2016,Africa,Grey,Electric,Automatic,4.5,166454,69987,5336,High
12/31/2022,7 Series,2022,South America,Grey,Hybrid,Automatic,4.2,26931,152393,918,Low
12/31/2019,X1,2019,South America,Silver,Diesel,Automatic,2.7,126048,60306,4688,Low
12/31/2023,X5,2023,Africa,Silver,Petrol,Manual,4.5,39437,127773,3574,Low
12/31/2021,3 Series,2021,Europe,Red,Hybrid,Automatic,2.9,86878,92337,9252,High
12/31/2013,5 Series,2013,Africa,Silver,Diesel,Automatic,3.3,198622,39743,3264,Low
12/31/2019,3 Series,2019,North America,Black,Hybrid,Automatic,3.6,138745,80317,9156,High
12/31/2014,i3,2014,Africa,Black,Hybrid,Manual,1.7,17095,62273,2039,Low
12/31/2017,X3,2017,Europe,White,Hybrid,Automatic,3.6,91190,82481,8796,High
12/31/2010,X1,2010,North America,Blue,Electric,Manual,3.5,128728,41264,7693,High
12/31/2010,i3,2010,Asia,Red,Diesel,Manual,4.6,99188,44061,4469,Low
12/31/2021,X5,2021,Middle East,Red,Petrol,Automatic,2.7,43503,108900,3890,Low
12/31/2016,5 Series,2016,Europe,Silver,Electric,Automatic,2.3,186073,68936,6490,High
12/31/2024,7 Series,2024,Middle East,Red,Diesel,Automatic,3.2,54743,151247,1150,Low
12/31/2022,X3,2022,Europe,Blue,Electric,Automatic,3.9,153298,98592,8621,High
12/31/2021,i8,2021,North America,Red,Diesel,Manual,3.5,189323,141923,472,Low
12/31/2018,3 Series,2018,North America,Blue,Hybrid,Automatic,2,8908,87320,10036,High
12/31/2013,i8,2013,Africa,Red,Petrol,Manual,2.7,170063,90841,50,Low
12/31/2017,M5,2017,South America,Black,Diesel,Manual,1.7,66524,99574,871,Low
12/31/2019,7 Series,2019,Middle East,White,Petrol,Automatic,4.1,64393,131803,625,Low
12/31/2024,X6,2024,South America,Red,Hybrid,Automatic,4.6,48761,155108,3361,Low
12/31/2016,i8,2016,Middle East,Grey,Diesel,Manual,1.7,105904,119000,50,Low
12/31/2023,M5,2023,Africa,Red,Electric,Manual,3.3,95391,154230,1297,Low
12/31/2011,3 Series,2011,Europe,Black,Petrol,Manual,3.5,154289,31414,10170,High
12/31/2023,3 Series,2023,Africa,Blue,Electric,Automatic,3,83695,105753,6400,High
12/31/2014,i8,2014,Asia,Red,Petrol,Automatic,3.3,198026,112577,50,Low
12/31/2018,3 Series,2018,Middle East,Grey,Electric,Manual,4,81798,94979,6249,High
12/31/2022,M5,2022,North America,Red,Electric,Manual,3.2,39499,168549,1843,Low
12/31/2022,M5,2022,Africa,Silver,Hybrid,Manual,4.7,11535,165356,918,Low
12/31/2018,i3,2018,Asia,Black,Electric,Manual,3.4,80477,92632,4755,Low
12/31/2012,7 Series,2012,Europe,White,Petrol,Automatic,1.8,191136,65027,1169,Low
12/31/2020,3 Series,2020,Europe,Red,Petrol,Automatic,4.8,29508,108505,8151,High
12/31/2021,3 Series,2021,Asia,Blue,Electric,Automatic,2,54416,103807,9594,High
12/31/2012,X6,2012,North America,White,Petrol,Manual,4.2,93246,76086,3697,Low
12/31/2011,X3,2011,North America,Black,Petrol,Manual,3.3,38177,58211,8131,High
12/31/2016,3 Series,2016,North America,White,Diesel,Manual,4.1,31496,75332,10266,High
12/31/2015,M5,2015,Asia,Black,Petrol,Automatic,3.3,35807,162462,585,Low
12/31/2024,3 Series,2024,Africa,Silver,Petrol,Automatic,1.7,18915,99787,6184,High
12/31/2014,7 Series,2014,Middle East,Red,Hybrid,Automatic,2.8,128282,106002,224,Low
12/31/2016,M5,2016,South America,Black,Diesel,Manual,3.7,116077,103374,663,Low
12/31/2013,i3,2013,Europe,Silver,Hybrid,Manual,3.7,155823,49736,5083,High
12/31/2014,5 Series,2014,Middle East,Blue,Hybrid,Manual,4.9,44029,103827,4176,Low
12/31/2018,X5,2018,Middle East,Red,Hybrid,Automatic,3.6,73166,114667,4692,Low
12/31/2024,3 Series,2024,Middle East,Black,Hybrid,Manual,2.5,180314,85966,8659,High
12/31/2020,i8,2020,Africa,Red,Diesel,Manual,1.7,199573,110133,231,Low
12/31/2018,5 Series,2018,Africa,White,Diesel,Manual,4.3,120725,80286,3678,Low
12/31/2013,X6,2013,Africa,White,Hybrid,Manual,4.6,5911,105686,1060,Low
12/31/2015,i8,2015,South America,White,Electric,Manual,3.6,10445,156331,50,Low
12/31/2011,X5,2011,Europe,Silver,Diesel,Manual,3.2,31109,70504,5662,High
12/31/2012,M3,2012,South America,White,Hybrid,Automatic,4.5,156524,70866,1200,Low
12/31/2018,M3,2018,Europe,Silver,Diesel,Automatic,2.3,65936,88996,2596,Low
12/31/2015,i3,2015,South America,White,Diesel,Manual,2.9,69046,59098,3271,Low
12/31/2017,X1,2017,South America,Grey,Diesel,Automatic,3.3,121779,57119,5240,High
12/31/2024,X6,2024,Africa,Silver,Electric,Automatic,1.7,173490,104513,3196,Low
12/31/2020,M3,2020,South America,Red,Electric,Automatic,3.9,9230,135782,1787,Low
12/31/2014,3 Series,2014,Africa,Black,Diesel,Automatic,2.2,189939,27420,5833,High
12/31/2011,X6,2011,Africa,Blue,Electric,Manual,2.7,55963,82686,1226,Low
12/31/2016,X3,2016,Europe,Red,Hybrid,Manual,3,47885,81954,1044,Low
12/31/2015,X3,2015,Africa,Red,Petrol,Manual,3.7,199818,45698,4968,Low
12/31/2020,M5,2020,South America,Red,Hybrid,Automatic,1.7,86528,124043,1466,Low
12/31/2024,7 Series,2024,Europe,Blue,Hybrid,Manual,2.7,35634,158257,2162,Low
12/31/2011,i8,2011,Asia,Silver,Petrol,Automatic,2.5,120117,100563,50,Low
12/31/2015,5 Series,2015,North America,Black,Hybrid,Automatic,1.5,186177,56641,6910,High
12/31/2022,X6,2022,Asia,Blue,Hybrid,Manual,3.9,188097,107294,15000,High
12/31/2017,i3,2017,North America,Grey,Electric,Manual,2.3,125951,67598,4883,Low
12/31/2022,X6,2022,Africa,White,Hybrid,Automatic,2.1,94310,118103,3094,Low
12/31/2010,X5,2010,South America,Silver,Diesel,Automatic,4.3,81396,61885,2774,Low
12/31/2013,M3,2013,Africa,White,Electric,Manual,1.6,164750,56310,1288,Low
12/31/2010,X6,2010,Africa,Silver,Electric,Manual,4.7,54988,87296,1137,Low
12/31/2011,X6,2011,Africa,White,Diesel,Manual,3.9,169546,49409,1538,Low
12/31/2010,i8,2010,Asia,Blue,Diesel,Automatic,2.1,14922,119684,50,Low
12/31/2015,i8,2015,Europe,Blue,Electric,Manual,2.7,20409,155683,50,Low
12/31/2020,7 Series,2020,Africa,Black,Hybrid,Manual,4.8,117106,137096,774,Low
12/31/2015,X3,2015,Middle East,Silver,Petrol,Manual,3.7,187907,51698,5735,High
12/31/2010,3 Series,2010,Africa,Red,Hybrid,Manual,3.6,68160,52796,4014,Low
12/31/2013,i8,2013,North America,Blue,Diesel,Automatic,3.8,146074,112789,50,Low
12/31/2023,7 Series,2023,Middle East,Red,Petrol,Automatic,3.1,113067,140806,994,Low
12/31/2023,5 Series,2023,Middle East,Grey,Hybrid,Manual,2.1,151266,98240,5391,High
12/31/2023,i3,2023,North America,Red,Electric,Automatic,2,173179,83393,6693,High
12/31/2013,i8,2013,South America,Silver,Diesel,Automatic,3.9,142899,110710,50,Low
12/31/2017,M5,2017,Asia,Red,Electric,Automatic,4.6,25005,159701,1071,Low
12/31/2015,5 Series,2015,Africa,White,Petrol,Automatic,2.6,88158,70235,3739,Low
12/31/2011,X6,2011,Europe,Silver,Electric,Automatic,3.3,38968,98058,3066,Low
12/31/2014,i8,2014,Asia,Grey,Hybrid,Manual,5,33802,152163,50,Low
12/31/2013,M3,2013,North America,White,Electric,Manual,2.4,4681,95322,2412,Low
12/31/2019,M3,2019,South America,Blue,Electric,Automatic,2.9,72228,112512,1958,Low
12/31/2013,X5,2013,Africa,Red,Diesel,Manual,2.8,148423,50827,2853,Low
12/31/2021,3 Series,2021,South America,Grey,Electric,Manual,1.6,35471,91803,6121,High
12/31/2017,3 Series,2017,Asia,Blue,Hybrid,Manual,3.3,144964,69020,9359,High
12/31/2014,3 Series,2014,Asia,Grey,Hybrid,Automatic,2.2,184916,42511,9864,High
12/31/2012,M3,2012,Middle East,Red,Petrol,Manual,2,69439,63369,1270,Low
12/31/2019,i8,2019,Asia,Silver,Electric,Manual,4,122119,156492,398,Low
12/31/2021,i8,2021,Africa,White,Electric,Automatic,4.2,129314,163342,116,Low
12/31/2024,7 Series,2024,Asia,Silver,Hybrid,Manual,4.6,59140,161022,2157,Low
12/31/2013,i3,2013,Africa,Blue,Petrol,Manual,4.8,133260,50573,2201,Low
12/31/2010,X6,2010,Europe,Grey,Diesel,Automatic,4.5,173024,58583,3411,Low
12/31/2015,X3,2015,Africa,Red,Hybrid,Manual,1.9,183055,45334,5009,High
12/31/2020,X5,2020,Middle East,Grey,Petrol,Automatic,2.3,57769,107881,3529,Low
12/31/2022,i3,2022,Africa,Blue,Petrol,Automatic,1.9,196149,61253,3857,Low
12/31/2024,X1,2024,Middle East,Grey,Diesel,Automatic,2.7,45263,100172,6613,High
12/31/2019,M3,2019,Middle East,Black,Hybrid,Manual,1.9,183668,80626,2627,Low
12/31/2013,X3,2013,Middle East,Silver,Petrol,Automatic,3.8,111583,62223,5405,High
12/31/2015,M5,2015,Africa,Silver,Hybrid,Automatic,4,159498,108697,252,Low
12/31/2011,X5,2011,Middle East,White,Hybrid,Automatic,2.1,194497,50110,3656,Low
12/31/2014,M3,2014,Asia,Silver,Diesel,Automatic,3.7,153530,69414,2806,Low
12/31/2020,X3,2020,Middle East,Grey,Electric,Manual,1.6,94924,93226,7101,High
12/31/2018,X3,2018,Africa,Red,Electric,Manual,3,146692,75582,5424,High
12/31/2017,5 Series,2017,South America,Grey,Hybrid,Manual,2.5,176588,69373,3875,Low
12/31/2012,i3,2012,Asia,Silver,Petrol,Automatic,5,124350,53959,4644,Low
12/31/2010,i8,2010,Africa,Red,Electric,Manual,4.7,136796,112004,50,Low
12/31/2019,X1,2019,Europe,Blue,Diesel,Automatic,2,116349,58889,7643,High
12/31/2012,M3,2012,Africa,Silver,Petrol,Manual,4.7,79609,77698,831,Low
12/31/2017,3 Series,2017,North America,Silver,Electric,Automatic,3,95111,82541,10281,High
12/31/2020,M3,2020,North America,Silver,Hybrid,Automatic,3.5,188115,97732,4109,Low
12/31/2012,i3,2012,North America,Silver,Electric,Automatic,3.4,83952,67250,4035,Low
12/31/2014,i3,2014,Middle East,Grey,Electric,Manual,4,195330,60122,3024,Low
12/31/2011,M5,2011,Africa,Red,Diesel,Manual,2.7,132968,70138,210,Low
12/31/2024,i3,2024,North America,Silver,Petrol,Automatic,1.7,48261,97376,6322,High
12/31/2010,X3,2010,South America,Red,Petrol,Manual,3,122066,34260,5405,High
12/31/2020,X5,2020,Middle East,White,Diesel,Manual,3.4,30155,113158,3445,Low
12/31/2019,X5,2019,North America,Grey,Petrol,Manual,3.4,172993,84192,5611,High
12/31/2024,i3,2024,South America,Grey,Diesel,Manual,4.3,171496,88772,4023,Low
12/31/2023,X3,2023,Africa,Red,Diesel,Manual,1.7,104803,76787,5179,High
12/31/2014,M5,2014,Europe,Blue,Diesel,Manual,5,193203,91696,1168,Low
12/31/2014,5 Series,2014,North America,Silver,Hybrid,Manual,5,79140,89958,6641,High
12/31/2015,7 Series,2015,Middle East,Grey,Hybrid,Automatic,1.8,33788,111215,276,Low
12/31/2011,X1,2011,North America,Grey,Petrol,Manual,2.7,144871,25000,8514,High
12/31/2018,X1,2018,Europe,Black,Hybrid,Manual,3.6,81203,82640,7531,High
12/31/2011,i8,2011,Europe,Black,Diesel,Manual,2.8,40482,116005,50,Low
12/31/2011,5 Series,2011,Europe,Grey,Diesel,Automatic,3.2,148328,46285,6154,High
12/31/2021,X3,2021,Middle East,Black,Electric,Manual,2.6,153260,88160,7296,High
12/31/2024,X6,2024,Middle East,Grey,Petrol,Manual,4,52784,131607,3459,Low
12/31/2014,M3,2014,Middle East,Blue,Electric,Automatic,2.8,40231,105115,1036,Low
12/31/2018,X5,2018,Africa,White,Petrol,Automatic,3,25977,95149,3201,Low
12/31/2013,X3,2013,South America,White,Electric,Manual,3.5,67591,72902,4496,Low
12/31/2015,i3,2015,North America,Red,Diesel,Manual,4.9,138382,58698,4336,Low
12/31/2011,3 Series,2011,South America,Red,Diesel,Manual,3.7,55849,45588,5284,High
12/31/2023,X3,2023,Africa,Blue,Petrol,Manual,1.8,138326,75045,5359,High
12/31/2022,M5,2022,Middle East,Black,Diesel,Manual,2.6,90723,130397,1441,Low
12/31/2013,M3,2013,Middle East,White,Electric,Automatic,3,109808,83811,1288,Low
12/31/2024,X3,2024,Europe,Grey,Petrol,Manual,4.1,107634,98919,8782,High
12/31/2021,5 Series,2021,Middle East,Black,Petrol,Automatic,3.1,173067,84489,5338,High
12/31/2018,X6,2018,Europe,Grey,Electric,Automatic,3.8,158259,107722,4396,Low
12/31/2024,i3,2024,Middle East,White,Diesel,Automatic,4.4,40119,116900,3893,Low
12/31/2011,X1,2011,North America,Blue,Diesel,Manual,1.9,161105,25000,8272,High
12/31/2010,X5,2010,North America,Black,Petrol,Automatic,4.2,50103,72490,4555,Low
12/31/2013,X6,2013,Europe,Grey,Diesel,Manual,4.1,100409,77053,3623,Low
12/31/2024,X5,2024,Asia,Silver,Electric,Manual,4.4,21684,147595,7627,High
12/31/2013,i8,2013,Europe,White,Diesel,Manual,4.8,65437,129452,50,Low
12/31/2010,X1,2010,Asia,Red,Diesel,Manual,2.6,124123,25000,7068,High
12/31/2013,X6,2013,South America,Blue,Hybrid,Automatic,3,29353,92129,1531,Low
12/31/2024,i3,2024,Africa,Silver,Hybrid,Automatic,2.4,120263,92421,3624,Low
12/31/2012,X1,2012,South America,White,Diesel,Automatic,2.6,68045,38919,3932,Low
12/31/2022,X1,2022,Middle East,Silver,Diesel,Manual,2.7,60736,81227,6199,High
12/31/2011,X3,2011,South America,Grey,Petrol,Automatic,4.5,143706,48839,5103,High
12/31/2022,X3,2022,Middle East,Grey,Hybrid,Manual,1.7,38817,105406,7579,High
12/31/2019,7 Series,2019,South America,White,Electric,Automatic,2.2,19655,135276,945,Low
12/31/2024,X6,2024,South America,White,Diesel,Automatic,3.6,101833,123770,2871,Low
12/31/2013,i3,2013,Africa,Silver,Petrol,Manual,4.2,183486,36761,2526,Low
12/31/2017,X3,2017,Middle East,Black,Electric,Automatic,3.9,87099,97782,4759,Low
12/31/2016,X1,2016,South America,Grey,Hybrid,Manual,1.7,21604,67508,4342,Low
12/31/2018,M3,2018,North America,Black,Diesel,Manual,3.1,183104,76300,3102,Low
12/31/2017,X1,2017,South America,White,Electric,Automatic,2.1,167517,57258,5155,High
12/31/2010,X3,2010,North America,Red,Diesel,Automatic,5,163928,41830,7899,High
12/31/2021,i8,2021,Africa,Blue,Petrol,Automatic,5,29748,170280,50,Low
12/31/2011,7 Series,2011,Europe,White,Hybrid,Manual,1.7,175193,67827,942,Low
12/31/2021,7 Series,2021,Asia,Grey,Diesel,Manual,3.8,8255,146072,1462,Low
12/31/2011,X6,2011,South America,Grey,Petrol,Automatic,4.3,195901,58147,2039,Low
12/31/2021,M3,2021,Africa,Silver,Diesel,Automatic,2.6,177425,83990,2053,Low
12/31/2017,5 Series,2017,Africa,Grey,Diesel,Manual,3.9,80009,82281,3278,Low
12/31/2021,7 Series,2021,Africa,Silver,Hybrid,Automatic,2.2,172806,106233,1574,Low
12/31/2013,X5,2013,Middle East,Grey,Hybrid,Automatic,1.9,51785,83295,3063,Low
12/31/2018,i3,2018,Africa,Silver,Electric,Manual,4.7,151749,79525,2823,Low
12/31/2011,X6,2011,Europe,White,Hybrid,Automatic,3.7,33411,89965,2840,Low
12/31/2023,5 Series,2023,Asia,Black,Diesel,Automatic,4.4,83721,119008,13106,High
12/31/2013,X1,2013,Asia,White,Petrol,Automatic,3.4,137960,39472,8974,High
12/31/2022,X6,2022,Africa,Grey,Petrol,Manual,2,145882,94562,2426,Low
12/31/2022,3 Series,2022,Africa,White,Petrol,Automatic,2.8,16764,97486,5371,High
12/31/2024,X3,2024,Europe,Silver,Petrol,Automatic,4.6,179935,94308,9892,High
12/31/2024,X1,2024,Europe,Black,Hybrid,Manual,1.6,59446,94006,9460,High
12/31/2010,i8,2010,Africa,Black,Hybrid,Automatic,2.2,149445,100168,50,Low
12/31/2012,7 Series,2012,South America,Silver,Petrol,Manual,2.4,94492,79580,171,Low
12/31/2015,3 Series,2015,Europe,Red,Electric,Manual,2.4,112038,96239,9713,High
12/31/2018,X6,2018,Middle East,Grey,Hybrid,Manual,1.8,76510,103860,2972,Low
12/31/2020,X3,2020,Africa,White,Electric,Automatic,4.5,5943,127203,5192,High
12/31/2010,M3,2010,Asia,White,Diesel,Manual,2.1,38020,57842,2350,Low
12/31/2024,7 Series,2024,North America,Red,Diesel,Automatic,4.4,57796,149100,1630,Low
12/31/2014,i3,2014,Middle East,Grey,Petrol,Manual,2.7,57235,61263,2788,Low
12/31/2021,X5,2021,Europe,Red,Hybrid,Manual,3.1,69873,115375,6968,High
12/31/2011,M5,2011,Europe,Silver,Electric,Automatic,3.1,193349,90600,915,Low
12/31/2016,X5,2016,Asia,Silver,Petrol,Automatic,4,159643,79827,5935,High
12/31/2013,M3,2013,South America,White,Diesel,Automatic,4.1,197323,55224,1559,Low
12/31/2014,X3,2014,South America,Black,Hybrid,Automatic,3.7,182943,58375,4328,Low
12/31/2017,X3,2017,North America,Silver,Petrol,Manual,4.2,1571,94374,8639,High
12/31/2011,M5,2011,Asia,Red,Hybrid,Manual,1.5,136725,80076,1301,Low
12/31/2012,3 Series,2012,Asia,Silver,Diesel,Automatic,3.3,169437,34154,9081,High
12/31/2020,X5,2020,Asia,Grey,Diesel,Manual,3.3,448,114469,5817,High
12/31/2014,3 Series,2014,South America,Red,Diesel,Automatic,2.3,11915,61499,5737,High
12/31/2019,X6,2019,Europe,Black,Petrol,Manual,3.4,10165,119720,3642,Low
12/31/2013,3 Series,2013,Asia,Black,Hybrid,Automatic,3.1,30349,72143,9162,High
12/31/2014,i3,2014,North America,Silver,Diesel,Manual,3.2,64080,58921,4414,Low
12/31/2012,M3,2012,Asia,Silver,Diesel,Automatic,1.9,129567,54552,2878,Low
12/31/2022,M3,2022,Asia,Grey,Petrol,Manual,3,90594,104251,3056,Low
12/31/2021,X3,2021,Middle East,Blue,Hybrid,Automatic,4.2,36091,120232,5562,High
12/31/2018,i8,2018,Africa,Grey,Diesel,Manual,2.9,195322,106330,50,Low
12/31/2017,5 Series,2017,Europe,Blue,Electric,Automatic,3.2,9751,106681,5710,High
12/31/2023,3 Series,2023,Africa,Red,Electric,Automatic,4.9,178086,107873,5278,High
12/31/2015,3 Series,2015,Middle East,Black,Hybrid,Automatic,4.6,156482,68872,7164,High
12/31/2024,i3,2024,Europe,Silver,Electric,Automatic,4.8,60367,124863,6205,High
12/31/2023,X6,2023,North America,Red,Diesel,Manual,1.8,181143,92447,4889,Low
12/31/2010,X5,2010,Europe,Blue,Diesel,Manual,3.7,129011,51741,4927,Low
12/31/2013,X1,2013,North America,Red,Hybrid,Automatic,2.3,159817,38356,8085,High
12/31/2016,X3,2016,South America,Red,Hybrid,Manual,2.9,59153,77095,5527,High
12/31/2019,X5,2019,South America,Grey,Hybrid,Automatic,3.9,187285,93280,4116,Low
12/31/2014,X6,2014,South America,Blue,Hybrid,Manual,3.5,138344,78795,2241,Low
12/31/2013,i3,2013,North America,Grey,Petrol,Manual,3.3,158004,39758,4772,Low
12/31/2018,X3,2018,North America,Red,Diesel,Manual,4.4,154294,71738,8899,High
12/31/2017,i8,2017,Europe,Red,Hybrid,Automatic,3.9,18962,159555,50,Low
12/31/2024,7 Series,2024,Asia,Silver,Petrol,Manual,4.4,118330,142206,1720,Low
12/31/2012,X1,2012,Europe,Silver,Hybrid,Manual,4.8,90433,58032,15000,High
12/31/2023,i8,2023,North America,Silver,Hybrid,Automatic,4,122215,169598,729,Low
12/31/2015,3 Series,2015,South America,Black,Petrol,Manual,2.9,11190,72600,6136,High
12/31/2021,X1,2021,Asia,Red,Diesel,Manual,2.2,34051,80619,9320,High
12/31/2023,M3,2023,Europe,White,Diesel,Manual,2.4,80717,109195,3592,Low
12/31/2023,M5,2023,Asia,Grey,Electric,Automatic,2.9,10835,173994,2374,Low
12/31/2021,3 Series,2021,North America,Black,Petrol,Manual,4.1,31359,132467,8242,High
12/31/2013,X1,2013,Africa,Black,Hybrid,Manual,1.6,109887,36194,4454,Low
12/31/2016,X3,2016,Asia,White,Electric,Manual,4.3,81318,88469,8660,High
12/31/2010,i3,2010,Africa,Red,Petrol,Automatic,4.2,65917,48058,1641,Low
12/31/2010,X1,2010,Middle East,White,Petrol,Manual,3.2,2777,50354,3825,Low
12/31/2023,3 Series,2023,South America,White,Hybrid,Manual,2.9,41240,104419,6101,High
12/31/2024,7 Series,2024,North America,Grey,Petrol,Automatic,1.9,48199,143811,1627,Low
12/31/2021,7 Series,2021,South America,Grey,Hybrid,Manual,2.5,135847,120534,1558,Low
12/31/2021,i3,2021,North America,White,Petrol,Manual,1.9,42016,81239,4935,Low
12/31/2015,M5,2015,Europe,Silver,Petrol,Manual,4.4,93277,113030,1271,Low
12/31/2019,i3,2019,South America,Silver,Hybrid,Automatic,3.3,23243,102232,3244,Low
12/31/2020,i8,2020,Africa,Red,Petrol,Automatic,2.4,190250,126467,50,Low
12/31/2022,i8,2022,Asia,Black,Petrol,Manual,1.6,163342,131201,823,Low
12/31/2022,M3,2022,South America,Red,Electric,Automatic,3.3,121700,121983,2377,Low
12/31/2023,X1,2023,Asia,Grey,Diesel,Automatic,4.1,95339,134009,6784,High
12/31/2016,5 Series,2016,North America,Silver,Diesel,Manual,4.2,53563,85383,6202,High
12/31/2022,M3,2022,Middle East,Red,Electric,Manual,2.3,17432,131695,2222,Low
12/31/2018,M5,2018,Africa,Grey,Hybrid,Manual,5,121315,135227,697,Low
12/31/2024,X1,2024,Asia,Grey,Electric,Automatic,3.5,11237,128573,7440,High
12/31/2016,X3,2016,Africa,Red,Petrol,Manual,2.7,77872,61465,4348,Low
12/31/2018,X3,2018,Asia,Black,Petrol,Automatic,2.9,103104,73243,9667,High
12/31/2019,i8,2019,Europe,Blue,Electric,Manual,1.9,19237,156196,305,Low
12/31/2023,5 Series,2023,Middle East,White,Diesel,Manual,3.2,93966,103687,5034,High
12/31/2018,M5,2018,North America,Black,Hybrid,Automatic,4.1,100423,133648,2105,Low
12/31/2023,M5,2023,Europe,White,Electric,Automatic,2.9,80176,158476,2140,Low
12/31/2023,X1,2023,Europe,Silver,Petrol,Manual,4.5,15133,107015,7085,High
12/31/2017,X5,2017,Europe,Black,Hybrid,Manual,3.2,833,108441,5721,High
12/31/2016,i3,2016,South America,Silver,Electric,Manual,4.7,96173,85946,2483,Low
12/31/2021,7 Series,2021,Asia,Red,Petrol,Manual,4,29106,136631,1571,Low
12/31/2012,M3,2012,Europe,Red,Diesel,Automatic,1.7,102094,55998,2365,Low
12/31/2020,X3,2020,Middle East,Grey,Petrol,Manual,1.7,100829,71574,6088,High
12/31/2023,M5,2023,Asia,Red,Hybrid,Automatic,4.3,67696,173370,2223,Low
12/31/2012,M3,2012,North America,Black,Hybrid,Manual,2.7,169403,60629,2659,Low
12/31/2020,7 Series,2020,South America,Black,Electric,Automatic,2.2,103849,121242,1278,Low
12/31/2014,X5,2014,Africa,Grey,Electric,Manual,4.5,186667,72813,2701,Low
12/31/2016,i8,2016,Africa,Red,Diesel,Manual,4.9,117765,128297,50,Low
12/31/2022,M5,2022,Africa,Black,Hybrid,Automatic,4.3,130966,148996,1012,Low
12/31/2021,5 Series,2021,Middle East,White,Hybrid,Automatic,4,175699,104306,4678,Low
12/31/2019,X6,2019,South America,Blue,Electric,Manual,1.5,128303,97297,3315,Low
12/31/2016,X6,2016,Europe,White,Hybrid,Manual,1.9,22584,100452,3467,Low
12/31/2010,5 Series,2010,Africa,Silver,Hybrid,Automatic,3.8,177475,48343,3064,Low
12/31/2017,X5,2017,Asia,Black,Hybrid,Automatic,2.9,108122,96222,5912,High
12/31/2010,X3,2010,Asia,Black,Hybrid,Manual,1.6,22331,55883,7961,High
12/31/2022,i8,2022,North America,Grey,Petrol,Manual,4.1,181801,152682,455,Low
12/31/2023,X3,2023,South America,Black,Diesel,Automatic,3,56876,97313,6303,High
12/31/2020,X3,2020,Africa,White,Petrol,Manual,3.8,55824,91169,5254,High
12/31/2013,7 Series,2013,Europe,Black,Hybrid,Manual,3.1,170132,89769,897,Low
12/31/2011,3 Series,2011,Africa,Blue,Electric,Automatic,1.6,24802,57610,3797,Low
12/31/2014,X6,2014,South America,Grey,Electric,Manual,3.7,67746,101490,1888,Low
12/31/2015,5 Series,2015,Africa,Grey,Diesel,Automatic,4.3,126780,68829,3155,Low
12/31/2013,i3,2013,Europe,Black,Petrol,Automatic,2,148342,34127,4401,Low
12/31/2023,M5,2023,Africa,Silver,Hybrid,Automatic,4.6,79586,74132,2326,Low
12/31/2021,5 Series,2021,Africa,Blue,Electric,Automatic,2.1,55603,105140,4799,Low
12/31/2022,i8,2022,Middle East,Grey,Hybrid,Manual,3,189587,156993,524,Low
12/31/2013,3 Series,2013,Middle East,Grey,Diesel,Manual,3.3,162786,38213,7002,High
12/31/2016,X3,2016,North America,Blue,Diesel,Manual,2.6,73581,63506,7462,High
12/31/2020,X6,2020,South America,White,Electric,Manual,3.3,161415,104957,3520,Low
12/31/2013,7 Series,2013,South America,Red,Diesel,Automatic,4,132377,85717,236,Low
12/31/2011,X3,2011,South America,Blue,Electric,Manual,4,32256,76536,4120,Low
12/31/2013,7 Series,2013,South America,Blue,Electric,Manual,4.7,164282,101407,50,Low
12/31/2016,i8,2016,Asia,Blue,Hybrid,Automatic,4.5,151320,137082,50,Low
12/31/2010,i3,2010,South America,White,Petrol,Manual,4.9,19076,61129,2330,Low
12/31/2024,X5,2024,Africa,Blue,Hybrid,Automatic,3.6,141465,113006,4661,Low
12/31/2013,X3,2013,North America,Red,Hybrid,Manual,2.9,70179,65596,8346,High
12/31/2015,i8,2015,South America,Silver,Electric,Automatic,2.3,170502,116222,50,Low
12/31/2017,5 Series,2017,South America,Blue,Petrol,Automatic,2.4,146010,64003,4062,Low
12/31/2017,7 Series,2017,North America,Blue,Diesel,Automatic,2,92167,105326,1153,Low
12/31/2022,M5,2022,South America,Blue,Electric,Automatic,4,182677,139804,1362,Low
12/31/2018,i8,2018,Middle East,Grey,Electric,Manual,3.8,140039,152298,50,Low
12/31/2014,7 Series,2014,Africa,White,Electric,Manual,2.5,107161,102301,50,Low
12/31/2023,X5,2023,Africa,Red,Petrol,Manual,4.6,195104,96201,4262,Low
12/31/2011,5 Series,2011,Asia,Grey,Diesel,Manual,3.4,132394,45150,7315,High
12/31/2012,X5,2012,Europe,Black,Electric,Manual,1.7,146067,55347,5324,High
12/31/2011,X6,2011,North America,Red,Petrol,Automatic,1.7,171335,44682,4360,Low
12/31/2018,3 Series,2018,South America,Grey,Hybrid,Manual,2,198518,54034,6321,High
12/31/2015,5 Series,2015,Middle East,Blue,Diesel,Manual,2.2,84850,67978,4889,Low
12/31/2023,M5,2023,Africa,Red,Hybrid,Manual,4.6,3585,177041,808,Low
12/31/2020,X6,2020,South America,Red,Diesel,Manual,4.2,125483,100318,2488,Low
12/31/2021,i3,2021,Middle East,White,Petrol,Manual,2.2,35310,89324,3249,Low
12/31/2010,i8,2010,Europe,Black,Hybrid,Manual,2.4,121752,102710,50,Low
12/31/2012,X1,2012,North America,Blue,Diesel,Automatic,3.7,24259,57720,6572,High
12/31/2016,X5,2016,Middle East,White,Petrol,Manual,4.6,110274,93975,3176,Low
12/31/2016,i8,2016,Europe,Silver,Hybrid,Automatic,2.6,20214,150175,50,Low
12/31/2014,X5,2014,Africa,Silver,Electric,Manual,3.3,1320,100478,2044,Low
12/31/2012,X3,2012,Europe,Silver,Hybrid,Manual,4.6,76594,72327,8626,High
12/31/2022,5 Series,2022,Asia,Grey,Electric,Automatic,4.2,38931,129022,7322,High
12/31/2024,i3,2024,Europe,Blue,Diesel,Automatic,4.6,54609,115585,5771,High
12/31/2016,5 Series,2016,Africa,Red,Hybrid,Manual,2.5,145048,66734,3176,Low
12/31/2014,7 Series,2014,Asia,Red,Petrol,Automatic,3.9,22577,111823,730,Low
12/31/2015,i3,2015,Middle East,Grey,Diesel,Manual,1.9,35494,59186,3768,Low
12/31/2012,X5,2012,North America,Silver,Petrol,Automatic,3.7,18310,87764,5660,High
12/31/2015,M5,2015,South America,White,Diesel,Manual,2.6,63239,103514,430,Low
12/31/2016,X6,2016,Europe,Grey,Petrol,Manual,4,79140,91760,3715,Low
12/31/2023,M3,2023,North America,Black,Hybrid,Manual,2,196661,96632,3628,Low
12/31/2017,X6,2017,North America,Red,Hybrid,Manual,3.8,54591,118872,3488,Low
12/31/2011,X5,2011,North America,Black,Hybrid,Manual,4,31687,86958,4787,Low
12/31/2011,X1,2011,Asia,Silver,Electric,Manual,4.5,47699,69600,7085,High
12/31/2023,X6,2023,Asia,Grey,Electric,Manual,3.9,150061,128068,5551,High
12/31/2015,X3,2015,Europe,Silver,Diesel,Manual,3.3,11615,78652,7524,High
12/31/2017,X6,2017,Asia,Grey,Petrol,Automatic,4.2,145689,93857,4486,Low
12/31/2014,X6,2014,Middle East,Blue,Hybrid,Automatic,2.5,28238,96673,1970,Low
12/31/2023,i3,2023,Middle East,Blue,Hybrid,Manual,3.9,51871,120178,3899,Low
12/31/2010,M5,2010,Middle East,Blue,Petrol,Automatic,4,194990,78364,253,Low
12/31/2020,i3,2020,Asia,Blue,Petrol,Manual,2.9,115465,73818,4903,Low
12/31/2010,X6,2010,Asia,Red,Diesel,Manual,5,88779,73161,3951,Low
12/31/2019,X1,2019,South America,Red,Petrol,Automatic,2.7,187162,50905,5950,High
12/31/2018,5 Series,2018,South America,Black,Diesel,Automatic,1.8,159500,58905,3905,Low
12/31/2013,5 Series,2013,Africa,Black,Diesel,Automatic,2.6,144251,47970,3091,Low
12/31/2021,X1,2021,Middle East,Blue,Electric,Automatic,1.8,32777,99065,6144,High
12/31/2019,3 Series,2019,Middle East,Grey,Diesel,Manual,2.7,192653,53763,6519,High
12/31/2010,i3,2010,Africa,Red,Petrol,Automatic,1.9,78099,31224,2402,Low
12/31/2020,X6,2020,Europe,Silver,Diesel,Automatic,3,140695,90280,4486,Low
12/31/2017,3 Series,2017,Middle East,Grey,Hybrid,Manual,4.2,170329,69452,6453,High
12/31/2011,X1,2011,Asia,Black,Electric,Manual,1.7,112570,52434,8003,High
12/31/2021,3 Series,2021,South America,Silver,Petrol,Manual,3.5,99293,84298,5377,High
12/31/2011,X6,2011,North America,Red,Electric,Manual,1.7,125101,68764,3956,Low
12/31/2010,i3,2010,Africa,White,Hybrid,Manual,4.6,199317,35802,2312,Low
12/31/2010,i3,2010,Africa,Black,Hybrid,Automatic,4.7,120102,53522,2068,Low
12/31/2018,X6,2018,Africa,Red,Electric,Manual,3.2,34860,114087,5352,High
12/31/2022,X5,2022,Asia,White,Hybrid,Automatic,4.2,50397,127388,6385,High
12/31/2010,3 Series,2010,North America,Black,Electric,Automatic,3.6,9979,75816,7503,High
12/31/2015,X6,2015,Middle East,Silver,Hybrid,Manual,2.7,80273,91736,2214,Low
12/31/2021,7 Series,2021,Middle East,Black,Hybrid,Manual,2.4,40931,148624,1109,Low
12/31/2016,X1,2016,North America,Blue,Hybrid,Automatic,4.2,114824,73343,7530,High
12/31/2013,3 Series,2013,Europe,Blue,Hybrid,Manual,3,131089,49563,9764,High
12/31/2014,i8,2014,Asia,White,Diesel,Manual,4.7,21951,142700,50,Low
12/31/2013,5 Series,2013,Africa,Red,Diesel,Automatic,4.9,42123,80856,3210,Low
12/31/2013,i8,2013,South America,Black,Electric,Manual,2.2,36938,126478,50,Low
12/31/2019,3 Series,2019,Europe,Blue,Diesel,Manual,3.5,99072,73786,10387,High
12/31/2024,X6,2024,South America,Red,Electric,Automatic,3.4,103616,138195,3592,Low
12/31/2024,3 Series,2024,Middle East,White,Hybrid,Automatic,4.5,31514,133671,6822,High
12/31/2010,X6,2010,South America,Grey,Petrol,Manual,3.9,75206,66496,1640,Low
12/31/2015,M3,2015,Middle East,Grey,Diesel,Manual,3.6,109623,83412,1677,Low
12/31/2023,X6,2023,South America,Silver,Hybrid,Manual,3.9,2257,142326,2521,Low
12/31/2019,M3,2019,Asia,Black,Petrol,Manual,2.9,104686,94909,2958,Low
12/31/2023,X3,2023,Middle East,Silver,Diesel,Automatic,4.9,173372,99005,6828,High
12/31/2019,M5,2019,Middle East,White,Petrol,Automatic,1.7,126738,112211,1179,Low
12/31/2016,X1,2016,South America,Grey,Diesel,Automatic,1.6,29093,56515,4703,Low
12/31/2016,M3,2016,North America,Silver,Diesel,Automatic,3,82728,89025,2930,Low
12/31/2017,M3,2017,Africa,Blue,Hybrid,Manual,2,23954,98884,1034,Low
12/31/2016,7 Series,2016,South America,Blue,Petrol,Automatic,3.4,125123,102146,471,Low
12/31/2015,7 Series,2015,Asia,Black,Petrol,Automatic,1.5,77508,98811,1312,Low
12/31/2021,M5,2021,Africa,White,Diesel,Manual,3.1,121873,113378,974,Low
12/31/2024,X5,2024,Middle East,Grey,Electric,Manual,2.5,135336,48319,5541,High
12/31/2017,i8,2017,Asia,Black,Hybrid,Manual,2.2,9444,154955,50,Low
12/31/2012,M3,2012,Middle East,Red,Electric,Automatic,3.1,72219,91508,922,Low
12/31/2018,X5,2018,Asia,Red,Hybrid,Automatic,4.5,8592,119985,5850,High
12/31/2012,7 Series,2012,Middle East,Red,Diesel,Automatic,3.8,101903,96610,51,Low
12/31/2013,i8,2013,North America,Blue,Electric,Manual,2.1,70864,132967,50,Low
12/31/2022,X1,2022,Middle East,Black,Hybrid,Automatic,3.2,77369,103847,6502,High
12/31/2019,3 Series,2019,South America,Blue,Petrol,Manual,4.8,193946,65183,5562,High
12/31/2023,X6,2023,Africa,Grey,Electric,Automatic,3,86400,133969,2690,Low
12/31/2015,X5,2015,Europe,Red,Petrol,Automatic,3.1,169900,65626,6439,High
12/31/2021,M5,2021,Asia,Blue,Petrol,Automatic,4.8,56218,152390,1676,Low
12/31/2023,M3,2023,Asia,Blue,Petrol,Automatic,2,150562,99661,3928,Low
12/31/2021,i8,2021,Middle East,Black,Hybrid,Automatic,4.1,140964,164456,228,Low
12/31/2017,7 Series,2017,Africa,Red,Diesel,Automatic,2.5,41519,113029,222,Low
12/31/2012,7 Series,2012,Middle East,Silver,Electric,Manual,4.5,166833,97064,50,Low
12/31/2022,X1,2022,South America,Silver,Hybrid,Manual,1.7,110717,75499,5086,High
12/31/2019,5 Series,2019,Asia,Grey,Diesel,Automatic,5,177697,83779,6567,High
12/31/2015,i8,2015,Middle East,Red,Hybrid,Automatic,4.2,34813,165552,50,Low
12/31/2014,3 Series,2014,Middle East,Silver,Diesel,Manual,2.5,92864,47985,6901,High
12/31/2014,M5,2014,South America,Black,Electric,Manual,4.2,41114,131094,50,Low
12/31/2014,i3,2014,North America,Silver,Petrol,Automatic,4.7,34423,79198,5120,High
12/31/2018,7 Series,2018,South America,Silver,Petrol,Manual,1.9,18135,115461,451,Low
12/31/2022,X6,2022,North America,Red,Petrol,Manual,4.7,104852,118511,3842,Low
12/31/2016,5 Series,2016,South America,Black,Electric,Automatic,2.8,27431,103208,3913,Low
12/31/2021,3 Series,2021,Asia,Blue,Diesel,Manual,1.5,166724,55720,11980,High
12/31/2018,M3,2018,North America,Blue,Petrol,Automatic,1.9,93624,90090,3315,Low
12/31/2024,i3,2024,Asia,White,Diesel,Manual,4.6,57768,165256,5595,High
12/31/2018,X6,2018,Europe,White,Diesel,Manual,4.9,67025,111506,3320,Low
12/31/2022,7 Series,2022,Europe,Red,Hybrid,Automatic,4.6,189034,137509,2014,Low
12/31/2023,M3,2023,Europe,White,Electric,Automatic,3,198126,112233,3409,Low
12/31/2015,i8,2015,South America,Silver,Diesel,Automatic,4.9,5822,143801,50,Low
12/31/2023,M3,2023,Africa,Blue,Petrol,Automatic,2.9,139436,101770,1929,Low
12/31/2015,M5,2015,Europe,White,Diesel,Automatic,1.9,110570,91650,1498,Low
12/31/2013,5 Series,2013,South America,Grey,Hybrid,Manual,2.7,29702,78252,3705,Low
12/31/2017,5 Series,2017,Europe,Silver,Electric,Manual,5,81439,106594,6182,High
12/31/2023,3 Series,2023,South America,Black,Petrol,Manual,3.7,114285,88943,5655,High
12/31/2011,3 Series,2011,South America,Silver,Petrol,Manual,2.7,78345,38829,5616,High
12/31/2014,X1,2014,Europe,Silver,Hybrid,Automatic,3.7,81661,68959,6844,High
12/31/2010,7 Series,2010,North America,Silver,Hybrid,Automatic,3,143327,81322,558,Low
12/31/2019,X1,2019,Middle East,Red,Electric,Automatic,1.7,96264,77926,6304,High
12/31/2023,5 Series,2023,Middle East,Red,Electric,Automatic,2.2,102867,110853,6006,High
12/31/2011,X5,2011,Asia,White,Electric,Automatic,1.6,54680,72035,5973,High
12/31/2010,i8,2010,South America,White,Hybrid,Automatic,2.4,100751,54674,50,Low
12/31/2015,i3,2015,Asia,Silver,Electric,Manual,4.1,196187,58288,4871,Low
12/31/2011,M5,2011,Africa,Black,Diesel,Manual,2.2,12413,86980,50,Low
12/31/2021,X5,2021,Asia,Blue,Diesel,Automatic,3.3,106294,95687,5985,High
12/31/2013,7 Series,2013,Middle East,Black,Petrol,Automatic,4,173913,89768,321,Low
12/31/2022,M3,2022,Europe,Blue,Diesel,Manual,3.4,67545,112043,2691,Low
12/31/2014,7 Series,2014,Africa,White,Diesel,Manual,1.6,188949,62835,526,Low
12/31/2016,5 Series,2016,South America,Blue,Diesel,Manual,2.8,145509,60245,4641,Low
12/31/2019,X6,2019,South America,Black,Diesel,Manual,3,60422,94677,2408,Low
12/31/2010,X3,2010,North America,White,Diesel,Automatic,2.7,17507,52193,7335,High
12/31/2021,X5,2021,North America,Blue,Hybrid,Automatic,3.4,52147,122153,6225,High
12/31/2020,M5,2020,North America,Grey,Diesel,Manual,3.3,197496,106711,2001,Low
12/31/2014,X6,2014,Europe,White,Hybrid,Manual,2.2,65431,116786,2936,Low
12/31/2024,M5,2024,South America,Blue,Petrol,Automatic,4.1,111270,142730,1404,Low
12/31/2013,5 Series,2013,North America,Silver,Petrol,Manual,2.1,117661,53089,5750,High
12/31/2016,3 Series,2016,South America,White,Electric,Manual,3.1,190500,57880,5461,High
12/31/2023,X5,2023,North America,Grey,Electric,Automatic,4.1,154504,119110,7352,High
12/31/2019,M3,2019,Europe,Silver,Diesel,Automatic,3.9,152756,88789,2956,Low
12/31/2016,3 Series,2016,Asia,Silver,Diesel,Automatic,3,36589,73845,9873,High
12/31/2017,3 Series,2017,South America,Grey,Hybrid,Automatic,4.3,65406,92509,5543,High
12/31/2013,7 Series,2013,Middle East,Red,Electric,Automatic,4,35498,133737,50,Low
12/31/2013,7 Series,2013,Asia,White,Hybrid,Manual,2.8,9412,116804,613,Low
12/31/2019,i8,2019,Europe,Red,Hybrid,Automatic,4.6,14944,187903,50,Low
12/31/2014,i3,2014,Europe,Red,Hybrid,Manual,2,79867,57211,4904,Low
12/31/2014,7 Series,2014,Africa,Silver,Hybrid,Automatic,2.8,171106,82188,229,Low
12/31/2020,X5,2020,Europe,White,Hybrid,Automatic,3.9,120652,106437,6603,High
12/31/2012,7 Series,2012,Europe,Grey,Hybrid,Automatic,4.6,109934,106734,435,Low
12/31/2014,M5,2014,South America,Blue,Diesel,Manual,2.6,42017,104696,308,Low
12/31/2014,7 Series,2014,Africa,Blue,Electric,Manual,3.5,152237,99726,50,Low
12/31/2017,X5,2017,Middle East,Red,Hybrid,Automatic,1.5,83941,86615,3580,Low
12/31/2016,7 Series,2016,North America,Red,Diesel,Automatic,2.8,144090,90991,1330,Low
12/31/2017,7 Series,2017,North America,Grey,Petrol,Automatic,2.7,178613,96324,1514,Low
12/31/2022,M3,2022,North America,Red,Petrol,Automatic,4.4,185462,107299,2936,Low
12/31/2014,M5,2014,North America,Grey,Petrol,Automatic,1.8,47752,108899,1258,Low
12/31/2021,X1,2021,North America,Grey,Hybrid,Automatic,1.7,22077,88787,7936,High
12/31/2020,X6,2020,Africa,Blue,Hybrid,Manual,3,187761,93644,666,Low
12/31/2011,X6,2011,Africa,Black,Electric,Automatic,2.9,10297,88171,1181,Low
12/31/2017,X3,2017,South America,Silver,Electric,Manual,2.1,121532,73855,5973,High
12/31/2018,M3,2018,South America,Black,Hybrid,Automatic,2.4,145232,89080,2522,Low
12/31/2011,X1,2011,North America,Black,Hybrid,Automatic,4.9,184824,43878,6553,High
12/31/2023,i3,2023,Africa,Silver,Hybrid,Manual,3.3,43640,111796,3754,Low
12/31/2010,X6,2010,Middle East,Grey,Electric,Automatic,1.8,144661,62030,2339,Low
12/31/2021,7 Series,2021,North America,Black,Diesel,Automatic,1.7,166797,103460,2050,Low
12/31/2015,5 Series,2015,Europe,Black,Petrol,Automatic,1.6,76491,63171,5613,High
12/31/2012,5 Series,2012,Africa,Red,Electric,Automatic,2.9,83664,68550,2743,Low
12/31/2010,M5,2010,Asia,Grey,Petrol,Automatic,4.5,157580,88635,101,Low
12/31/2022,5 Series,2022,Middle East,Blue,Electric,Automatic,4.4,125737,120341,5712,High
12/31/2015,5 Series,2015,Middle East,Silver,Electric,Automatic,2.8,16921,104301,4180,Low
12/31/2021,X3,2021,Middle East,Red,Petrol,Automatic,4.2,112729,100213,6516,High
12/31/2017,5 Series,2017,South America,Grey,Petrol,Automatic,4.1,194582,69910,4785,Low
12/31/2018,M5,2018,South America,Silver,Diesel,Automatic,3.2,56879,120390,626,Low
12/31/2022,M3,2022,Africa,White,Electric,Manual,2.9,74902,116809,2145,Low
12/31/2015,i8,2015,Middle East,Blue,Diesel,Manual,2.1,155162,108452,50,Low
12/31/2021,M5,2021,Africa,White,Diesel,Manual,2.5,140238,108797,1273,Low
12/31/2015,M3,2015,North America,Red,Electric,Automatic,2.7,164610,34150,3828,Low
12/31/2010,7 Series,2010,South America,White,Diesel,Automatic,4.3,54939,87173,50,Low
12/31/2014,i8,2014,Africa,Silver,Hybrid,Manual,3.4,96346,121668,50,Low
12/31/2012,M3,2012,Africa,White,Electric,Manual,2.2,124798,65468,1034,Low
12/31/2016,X6,2016,South America,Red,Diesel,Manual,1.8,33132,80338,2265,Low
12/31/2021,i3,2021,Middle East,Blue,Electric,Automatic,3.2,123111,98890,4011,Low
12/31/2018,i8,2018,Africa,Grey,Hybrid,Manual,3.8,119227,138574,50,Low
12/31/2022,X3,2022,South America,Grey,Hybrid,Automatic,4.4,143876,102779,6734,High
12/31/2020,3 Series,2020,Middle East,Blue,Hybrid,Manual,4.3,174465,80937,6677,High
12/31/2015,7 Series,2015,South America,White,Diesel,Manual,4.4,31014,109207,138,Low
12/31/2014,5 Series,2014,South America,Grey,Electric,Manual,3.1,136842,73552,3990,Low
12/31/2016,M3,2016,Europe,Blue,Hybrid,Automatic,4.5,8926,113852,1857,Low
12/31/2020,X3,2020,Middle East,Grey,Hybrid,Automatic,3.1,130704,90526,6554,High
12/31/2018,X1,2018,North America,Red,Hybrid,Automatic,2.1,151764,57325,8054,High
12/31/2014,5 Series,2014,Europe,White,Electric,Automatic,2.9,64757,89613,6625,High
12/31/2024,X3,2024,Asia,Grey,Electric,Manual,2.7,2053,129396,9281,High
12/31/2014,M5,2014,Asia,White,Petrol,Automatic,2.9,185359,90539,1653,Low
12/31/2019,7 Series,2019,Asia,White,Petrol,Manual,3.8,173287,106298,1778,Low
12/31/2013,7 Series,2013,Asia,Red,Petrol,Automatic,3.8,26821,111863,723,Low
12/31/2014,i3,2014,Middle East,White,Electric,Manual,2.3,175317,47641,2876,Low
12/31/2016,7 Series,2016,Africa,Blue,Hybrid,Manual,2.6,107002,101588,290,Low
12/31/2012,X3,2012,Africa,Silver,Hybrid,Manual,3.6,39626,68074,4103,Low
12/31/2013,X6,2013,Middle East,Black,Electric,Manual,1.8,84679,85067,1892,Low
12/31/2018,M5,2018,Africa,Red,Diesel,Automatic,3.9,75110,127984,425,Low
12/31/2024,X5,2024,Africa,White,Electric,Automatic,2.1,91132,120439,4124,Low
12/31/2021,X5,2021,Africa,Black,Diesel,Manual,4.5,143738,96436,3540,Low
12/31/2011,X1,2011,Europe,Silver,Petrol,Automatic,2.9,28730,45522,6020,High
12/31/2017,M3,2017,Asia,White,Diesel,Manual,2.3,117718,71440,2899,Low
12/31/2018,i3,2018,Middle East,Red,Hybrid,Manual,3.8,41279,98778,3347,Low
12/31/2014,X1,2014,Middle East,Red,Electric,Manual,3.4,148934,55545,5208,High
12/31/2016,X3,2016,South America,Blue,Diesel,Manual,2.1,126244,49179,6269,High
12/31/2015,M5,2015,North America,White,Hybrid,Automatic,4.4,179429,112953,1323,Low
12/31/2010,3 Series,2010,North America,Grey,Petrol,Automatic,3.1,105325,37333,8597,High
12/31/2024,3 Series,2024,Europe,Black,Hybrid,Manual,2,197848,31752,9950,High
12/31/2017,M3,2017,South America,Black,Diesel,Manual,4.3,71580,94826,1287,Low
12/31/2018,7 Series,2018,Asia,Grey,Diesel,Manual,2,36073,115701,1504,Low
12/31/2019,X1,2019,Asia,Silver,Diesel,Automatic,4.9,136570,75689,7240,High
12/31/2020,X6,2020,Middle East,Silver,Electric,Automatic,3,132795,113950,3773,Low
12/31/2010,i8,2010,South America,Red,Petrol,Manual,4,50766,116909,50,Low
12/31/2024,i3,2024,Africa,Grey,Diesel,Automatic,3.1,160935,79304,3343,Low
12/31/2017,i3,2017,Europe,Red,Diesel,Manual,2.2,66429,62916,4241,Low
12/31/2012,M5,2012,South America,Grey,Electric,Manual,4.2,67135,117945,50,Low
12/31/2021,M3,2021,North America,White,Diesel,Manual,2.5,27498,109414,2724,Low
12/31/2015,M5,2015,Asia,Grey,Hybrid,Automatic,3.9,184770,109654,1512,Low
12/31/2019,X1,2019,Africa,White,Hybrid,Manual,2.4,88170,72870,13846,High
12/31/2017,M5,2017,South America,Black,Electric,Manual,2.3,170174,109749,640,Low
12/31/2014,X1,2014,South America,Black,Petrol,Automatic,3.1,84276,50136,4493,Low
12/31/2017,i8,2017,North America,White,Electric,Automatic,4.4,131576,156488,50,Low
12/31/2016,X6,2016,Africa,Blue,Petrol,Automatic,3.6,28210,96989,1887,Low
12/31/2016,X5,2016,South America,Silver,Diesel,Manual,1.7,54458,71721,3942,Low
12/31/2016,i3,2016,North America,Silver,Petrol,Manual,4.1,31762,83076,4684,Low
12/31/2018,i3,2018,Asia,Silver,Petrol,Manual,3.5,112014,69260,6033,High
12/31/2015,5 Series,2015,North America,Red,Hybrid,Automatic,3.7,146594,74878,6713,High
12/31/2015,X6,2015,Asia,Silver,Diesel,Manual,2.7,4297,92862,4150,Low
12/31/2020,X5,2020,South America,White,Hybrid,Manual,3.4,141645,101011,4074,Low
12/31/2018,i8,2018,Middle East,Black,Petrol,Automatic,2.8,111324,141588,50,Low
12/31/2024,5 Series,2024,Africa,Grey,Diesel,Automatic,1.8,125124,92693,4395,Low
12/31/2015,X3,2015,North America,Red,Petrol,Automatic,4.5,139922,65770,7859,High
12/31/2016,X6,2016,Europe,Black,Hybrid,Manual,3.9,155757,88878,3249,Low
12/31/2024,X6,2024,Middle East,Blue,Diesel,Manual,3.8,142558,111486,3108,Low
12/31/2016,X3,2016,Europe,Silver,Electric,Automatic,2.2,126457,71777,9207,High
12/31/2011,X6,2011,South America,Red,Hybrid,Automatic,3.8,131291,72224,1656,Low
12/31/2022,i3,2022,South America,Silver,Diesel,Automatic,2.3,873,97594,3553,Low
12/31/2021,M3,2021,North America,Red,Hybrid,Manual,3.9,59582,123558,3858,Low
12/31/2017,3 Series,2017,Asia,Silver,Petrol,Automatic,2.7,129957,57499,9968,High
12/31/2021,3 Series,2021,North America,White,Electric,Manual,2.1,1588,112337,9085,High
12/31/2020,i3,2020,Asia,Blue,Diesel,Automatic,4.7,129462,80887,4872,Low
12/31/2015,7 Series,2015,Europe,Black,Petrol,Automatic,1.9,155747,83878,1221,Low
12/31/2013,7 Series,2013,North America,Silver,Diesel,Manual,4.2,76477,104961,722,Low
12/31/2020,X6,2020,North America,Red,Electric,Automatic,1.9,31762,125795,4575,Low
12/31/2022,5 Series,2022,Europe,White,Petrol,Manual,3.9,109191,103742,7841,High
12/31/2016,X1,2016,South America,Black,Hybrid,Manual,1.9,178334,40785,4687,Low
12/31/2017,3 Series,2017,Asia,Blue,Hybrid,Automatic,3.3,126560,73582,10941,High
12/31/2010,X1,2010,Africa,Silver,Petrol,Automatic,2.2,188143,25000,3355,Low
12/31/2019,X3,2019,North America,Red,Electric,Automatic,4.5,115201,105006,8609,High
12/31/2022,i8,2022,Africa,Blue,Petrol,Manual,2.9,195301,65933,1254,Low
12/31/2022,5 Series,2022,South America,White,Diesel,Manual,1.6,97638,86582,5020,High
12/31/2013,M5,2013,Europe,Silver,Electric,Automatic,3.7,145537,113040,781,Low
12/31/2013,X3,2013,Africa,White,Diesel,Automatic,3.1,133273,44052,4406,Low
12/31/2019,X6,2019,South America,Red,Electric,Automatic,4.5,160353,115987,2545,Low
12/31/2018,3 Series,2018,Europe,Black,Diesel,Automatic,3,50389,80090,10232,High
12/31/2022,X5,2022,Asia,Blue,Electric,Automatic,2.9,59063,132093,6215,High
12/31/2015,X1,2015,South America,Red,Electric,Manual,3.1,142004,53264,5221,High
12/31/2013,X5,2013,North America,Blue,Electric,Manual,4.5,118565,90004,4899,Low
12/31/2022,i3,2022,Africa,Blue,Diesel,Automatic,3.6,87978,89471,2886,Low
12/31/2010,i8,2010,Asia,White,Electric,Automatic,3.8,41260,142875,50,Low
12/31/2017,7 Series,2017,Middle East,Red,Hybrid,Manual,4,137717,118153,477,Low
12/31/2020,3 Series,2020,Middle East,White,Petrol,Manual,4.8,1065,114685,6292,High
12/31/2018,X5,2018,North America,Red,Diesel,Automatic,4.4,73004,103576,6027,High
12/31/2014,i8,2014,Asia,Red,Petrol,Manual,4.7,169715,70497,414,Low
12/31/2014,M3,2014,Europe,Black,Electric,Automatic,2.7,108544,82094,2586,Low
12/31/2019,M5,2019,Asia,Red,Hybrid,Automatic,2.3,179128,117099,2112,Low
12/31/2017,X3,2017,Africa,Silver,Electric,Manual,2.2,57122,123443,3877,Low
12/31/2017,X3,2017,North America,Grey,Diesel,Automatic,4.5,118967,73404,8047,High
12/31/2014,X1,2014,Asia,Grey,Petrol,Automatic,4.4,163469,45857,8514,High
12/31/2013,M5,2013,Africa,Grey,Hybrid,Automatic,3.8,18950,125450,50,Low
12/31/2015,X6,2015,North America,Silver,Petrol,Automatic,1.7,1729,89450,4337,Low
12/31/2019,i8,2019,South America,Blue,Petrol,Manual,2.6,99590,140182,50,Low
12/31/2014,i3,2014,Africa,Silver,Diesel,Automatic,4.1,164858,47095,2306,Low
12/31/2017,i3,2017,Middle East,Grey,Hybrid,Manual,2.4,123314,69071,3277,Low
12/31/2018,X6,2018,Africa,Black,Diesel,Manual,3.7,12799,110000,1915,Low
12/31/2022,X1,2022,Africa,Blue,Electric,Automatic,3.4,172607,80478,5225,High
12/31/2010,X5,2010,North America,Blue,Petrol,Manual,2.4,42034,57458,4799,Low
12/31/2018,X6,2018,North America,White,Petrol,Manual,4.8,175091,92964,4660,Low
12/31/2022,X5,2022,North America,Blue,Petrol,Manual,2.4,138926,96393,6614,High
12/31/2018,i8,2018,South America,Red,Electric,Manual,4.6,69927,163991,50,Low
12/31/2015,X5,2015,Asia,Grey,Electric,Manual,3.4,179271,77391,6700,High
12/31/2020,7 Series,2020,South America,Blue,Diesel,Manual,1.8,85718,102419,897,Low
12/31/2019,5 Series,2019,Africa,Blue,Hybrid,Automatic,4.4,16117,124094,3623,Low
12/31/2014,M5,2014,Asia,Blue,Electric,Automatic,4.3,160414,113078,1252,Low
12/31/2016,5 Series,2016,Europe,Blue,Diesel,Manual,4.4,17746,94616,6470,High
12/31/2020,i8,2020,South America,Red,Petrol,Manual,3.7,186425,132719,50,Low
12/31/2017,i3,2017,Africa,Black,Hybrid,Manual,4,16859,89814,2223,Low
12/31/2018,M5,2018,Africa,Grey,Hybrid,Manual,4.7,11424,151222,512,Low
12/31/2018,3 Series,2018,Middle East,Silver,Diesel,Automatic,1.9,186917,48197,6058,High
12/31/2019,7 Series,2019,Asia,Black,Electric,Manual,1.8,98566,120625,2056,Low
12/31/2020,i8,2020,Africa,Silver,Diesel,Automatic,1.9,187577,113239,222,Low
12/31/2012,X3,2012,Middle East,Blue,Hybrid,Automatic,4.5,785,93366,709,Low
12/31/2022,i3,2022,South America,Silver,Petrol,Manual,3.5,114443,81145,3863,Low
12/31/2017,3 Series,2017,Europe,Silver,Diesel,Manual,2.1,195128,37887,8320,High
12/31/2010,i8,2010,North America,Grey,Electric,Automatic,2,93751,122609,50,Low
12/31/2016,X1,2016,Asia,Red,Hybrid,Automatic,3.1,188803,52541,7891,High
12/31/2021,X1,2021,Africa,White,Hybrid,Manual,4.4,90392,96954,4397,Low
12/31/2024,i3,2024,Africa,Black,Petrol,Manual,4.3,61336,111417,2654,Low
12/31/2014,X5,2014,Middle East,Red,Diesel,Automatic,4.5,24765,99759,3072,Low
12/31/2022,i3,2022,North America,White,Hybrid,Automatic,4.2,116992,99513,5522,High
12/31/2022,i8,2022,Africa,Black,Hybrid,Manual,1.7,143694,135851,598,Low
12/31/2011,i3,2011,Europe,Red,Hybrid,Manual,4,35149,66466,3497,Low
12/31/2011,7 Series,2011,South America,White,Electric,Manual,3.3,31241,106641,50,Low
12/31/2017,M5,2017,Asia,Grey,Electric,Automatic,4,86520,142118,1163,Low
12/31/2014,i8,2014,South America,White,Petrol,Automatic,3.2,111498,113647,50,Low
12/31/2023,X5,2023,South America,Blue,Hybrid,Automatic,3.2,948,141074,4261,Low
12/31/2021,M5,2021,Asia,Red,Hybrid,Manual,1.9,160511,125502,2232,Low
12/31/2020,i3,2020,North America,Black,Diesel,Manual,4.7,78607,90411,5825,High
12/31/2012,M3,2012,South America,Silver,Diesel,Manual,2.8,157169,48289,1546,Low
12/31/2010,X5,2010,Europe,Red,Electric,Manual,3.5,131894,63738,5485,High
12/31/2020,M5,2020,Asia,White,Hybrid,Automatic,2.2,114689,123954,5981,High
12/31/2016,5 Series,2016,North America,Red,Electric,Automatic,2.8,35108,96708,6344,High
12/31/2020,M3,2020,Middle East,Silver,Hybrid,Manual,4.5,118931,120704,2472,Low
12/31/2021,7 Series,2021,North America,Blue,Diesel,Automatic,2.2,156049,109697,1587,Low
12/31/2012,X5,2012,North America,Grey,Electric,Automatic,2.2,150728,65848,4780,Low
12/31/2016,i8,2016,Asia,Blue,Hybrid,Manual,2.4,18109,157202,50,Low
12/31/2021,X1,2021,Middle East,Grey,Electric,Automatic,3.5,192111,77910,5447,High
12/31/2011,5 Series,2011,Africa,Silver,Petrol,Automatic,3.3,109221,50845,3361,Low
12/31/2013,X1,2013,Asia,Black,Diesel,Automatic,2.1,89072,36653,6686,High
12/31/2011,X5,2011,Africa,Black,Petrol,Automatic,3.9,136755,56075,2305,Low
12/31/2013,X6,2013,Europe,White,Electric,Automatic,4.7,154769,87213,3109,Low
12/31/2014,X1,2014,Africa,Black,Hybrid,Automatic,2.2,53113,56542,4115,Low
12/31/2024,M3,2024,Middle East,Red,Diesel,Automatic,3.9,69502,133122,2037,Low
12/31/2023,X5,2023,North America,Blue,Petrol,Manual,3.6,171097,98057,5612,High
12/31/2017,3 Series,2017,North America,Black,Electric,Automatic,2.7,35357,90967,9891,High
12/31/2011,X1,2011,Middle East,Silver,Electric,Automatic,3.7,173776,45833,5185,High
12/31/2019,X6,2019,North America,White,Hybrid,Automatic,2.2,102123,106925,5139,High
12/31/2012,5 Series,2012,Middle East,Red,Electric,Automatic,4.4,161741,72458,4060,Low
12/31/2019,X1,2019,Africa,Black,Hybrid,Automatic,1.6,90523,35545,5082,High
12/31/2021,M5,2021,Asia,Black,Diesel,Manual,3.5,176735,122904,2319,Low
12/31/2022,X6,2022,Africa,Blue,Diesel,Manual,2.6,44279,109861,2180,Low
12/31/2014,M5,2014,Africa,Black,Petrol,Automatic,4.6,14579,129070,50,Low
12/31/2020,X3,2020,South America,White,Diesel,Manual,3.2,187963,60671,6630,High
12/31/2021,i3,2021,South America,Black,Petrol,Manual,4.3,50251,95131,2809,Low
12/31/2021,X1,2021,South America,Blue,Petrol,Manual,4.7,120526,113838,4389,Low
12/31/2018,i8,2018,North America,Grey,Hybrid,Manual,2.7,134510,140110,429,Low
12/31/2019,M5,2019,Middle East,Blue,Diesel,Automatic,4.6,64635,146655,553,Low
12/31/2020,M3,2020,Middle East,Black,Electric,Manual,4,163141,105396,2697,Low
12/31/2014,X1,2014,South America,White,Diesel,Automatic,1.9,49342,45799,5098,High
12/31/2024,i3,2024,South America,Blue,Diesel,Automatic,1.9,46631,92933,4011,Low
12/31/2023,i8,2023,North America,Silver,Petrol,Automatic,4.4,5427,184070,76,Low
12/31/2018,X3,2018,North America,Silver,Petrol,Manual,3.1,13228,85945,9667,High
12/31/2013,X6,2013,Middle East,Red,Petrol,Manual,3.2,161925,65262,2718,Low
12/31/2019,M5,2019,Asia,Grey,Petrol,Automatic,4.6,29297,154417,1276,Low
12/31/2014,M5,2014,Middle East,Blue,Diesel,Automatic,4.7,126017,112492,364,Low
12/31/2024,7 Series,2024,Middle East,Grey,Petrol,Manual,1.9,83005,134430,1437,Low
12/31/2018,X1,2018,South America,White,Petrol,Manual,2.8,70601,63895,5465,High
12/31/2013,5 Series,2013,Europe,White,Diesel,Manual,4.6,87513,70375,5389,High
12/31/2014,X3,2014,Asia,White,Petrol,Automatic,4.4,144179,59704,9173,High
12/31/2014,i8,2014,Africa,Blue,Hybrid,Manual,4,59108,136334,50,Low
12/31/2013,3 Series,2013,Europe,Black,Electric,Automatic,1.9,183462,43114,8883,High
12/31/2013,i8,2013,Asia,Red,Petrol,Automatic,3.7,34667,135853,50,Low
12/31/2020,5 Series,2020,North America,Red,Diesel,Manual,3.5,19333,105270,7042,High
12/31/2014,i8,2014,North America,Blue,Hybrid,Automatic,2.1,160339,119618,50,Low
12/31/2021,M5,2021,North America,Silver,Hybrid,Manual,4.2,15572,166557,1930,Low
12/31/2015,M3,2015,Africa,White,Electric,Manual,2.6,148425,72757,1151,Low
12/31/2016,7 Series,2016,Middle East,Blue,Petrol,Manual,3.7,22999,126526,230,Low
12/31/2024,M5,2024,North America,Silver,Hybrid,Automatic,2.8,96398,155414,2285,Low
12/31/2015,X5,2015,Middle East,Grey,Diesel,Manual,1.8,85739,67874,4152,Low
12/31/2024,5 Series,2024,Middle East,Red,Diesel,Manual,3.3,41977,113953,5201,High
12/31/2010,3 Series,2010,Middle East,White,Hybrid,Automatic,2.6,95649,46549,6285,High
12/31/2024,M5,2024,Europe,White,Electric,Manual,1.7,19659,164863,2016,Low
12/31/2011,X3,2011,Europe,Grey,Petrol,Automatic,2.2,31547,51622,7964,High
12/31/2016,M3,2016,Africa,White,Hybrid,Automatic,3.7,184349,81167,1334,Low
12/31/2023,5 Series,2023,South America,Grey,Petrol,Automatic,1.9,178715,80515,5641,High
12/31/2012,X1,2012,Middle East,Silver,Electric,Manual,1.8,128080,39562,4690,Low
12/31/2021,X3,2021,Africa,Black,Hybrid,Automatic,4.8,196201,87324,6208,High
12/31/2019,i3,2019,South America,White,Hybrid,Automatic,1.9,155585,68262,4381,Low
12/31/2020,X5,2020,Europe,Black,Electric,Automatic,2.8,25805,126407,5755,High
12/31/2022,i8,2022,Middle East,Blue,Diesel,Manual,2,29050,162914,50,Low
12/31/2011,5 Series,2011,Africa,Black,Diesel,Automatic,4.8,34297,72514,2628,Low
12/31/2015,X3,2015,South America,White,Electric,Automatic,3.2,86592,77514,4167,Low
12/31/2020,7 Series,2020,South America,White,Electric,Automatic,1.9,74465,129010,1010,Low
12/31/2013,i8,2013,Asia,Blue,Electric,Automatic,4.2,91901,151532,50,Low
12/31/2021,X5,2021,Middle East,White,Electric,Manual,4.2,63366,133447,570,Low
12/31/2024,7 Series,2024,North America,Blue,Hybrid,Automatic,4.7,18313,180349,1889,Low
12/31/2020,3 Series,2020,Middle East,Black,Petrol,Manual,4,146999,77871,7317,High
12/31/2014,X5,2014,Europe,Blue,Electric,Manual,1.7,62226,82937,5642,High
12/31/2024,X5,2024,South America,Silver,Diesel,Manual,3.4,32921,116465,3957,Low
12/31/2015,i8,2015,North America,Silver,Diesel,Manual,2.8,67503,134550,50,Low
12/31/2012,i3,2012,Asia,Blue,Diesel,Automatic,4.1,190059,37361,5609,High
12/31/2010,M5,2010,Asia,White,Petrol,Manual,3.6,38627,96668,197,Low
12/31/2012,X1,2012,Africa,Blue,Electric,Manual,4,33001,68484,3037,Low
12/31/2012,M3,2012,Middle East,Grey,Petrol,Manual,2.1,16549,78277,1384,Low
12/31/2015,M3,2015,Africa,Black,Diesel,Automatic,3,158587,63634,1603,Low
12/31/2013,5 Series,2013,South America,Blue,Electric,Manual,3,108476,69507,3236,Low
12/31/2016,X5,2016,Africa,Grey,Electric,Automatic,4.9,140472,101920,2227,Low
12/31/2022,5 Series,2022,Asia,Grey,Electric,Manual,1.6,146209,94260,8199,High
12/31/2024,5 Series,2024,Africa,Black,Hybrid,Manual,4.4,89819,122533,4559,Low
12/31/2020,X6,2020,Africa,Grey,Hybrid,Automatic,1.8,195279,86417,2778,Low
12/31/2011,X1,2011,Europe,Silver,Hybrid,Automatic,1.8,23275,50296,6754,High
12/31/2021,M5,2021,Middle East,Black,Electric,Automatic,2.6,166358,133458,1735,Low
12/31/2013,7 Series,2013,South America,Black,Diesel,Manual,4,179798,71902,406,Low
12/31/2017,i8,2017,Asia,Black,Diesel,Manual,3.9,129521,126450,86,Low
12/31/2020,X6,2020,Africa,Blue,Petrol,Manual,3.7,41068,108176,2401,Low
12/31/2015,3 Series,2015,Africa,Black,Diesel,Manual,4.2,173191,45949,5518,High
12/31/2019,M5,2019,South America,White,Electric,Automatic,2.3,45384,135122,1226,Low
12/31/2012,M5,2012,North America,Grey,Electric,Manual,3.7,138137,102077,1039,Low
12/31/2019,X6,2019,Middle East,Silver,Petrol,Automatic,3.7,110152,105735,444,Low
12/31/2021,X1,2021,Asia,Black,Electric,Automatic,3.8,29832,115520,7894,High
12/31/2011,3 Series,2011,South America,Red,Electric,Manual,3.6,199142,38417,5045,High
12/31/2024,X6,2024,Africa,Black,Electric,Manual,2.3,144595,114644,3063,Low
12/31/2012,i8,2012,Middle East,Red,Petrol,Automatic,4.7,31800,143339,50,Low
12/31/2010,7 Series,2010,Asia,Black,Hybrid,Automatic,4.9,71117,112801,192,Low
12/31/2010,M5,2010,South America,Blue,Diesel,Manual,3.9,138365,74789,162,Low
12/31/2011,M5,2011,North America,Black,Electric,Manual,3.1,102801,102141,726,Low
12/31/2023,X3,2023,Middle East,Blue,Electric,Manual,3.4,79481,118808,5813,High
12/31/2012,3 Series,2012,Africa,White,Electric,Automatic,1.9,158836,39332,4770,Low
12/31/2022,5 Series,2022,Middle East,Black,Petrol,Automatic,2.8,31981,113842,4847,Low
12/31/2018,X3,2018,Europe,White,Electric,Automatic,4.9,40956,111340,8646,High
12/31/2017,3 Series,2017,Middle East,Black,Diesel,Manual,3.4,69142,74946,5821,High
12/31/2021,M5,2021,North America,Silver,Electric,Automatic,3.5,169317,140922,2420,Low
12/31/2024,X6,2024,South America,Red,Petrol,Automatic,4.8,43534,140103,2799,Low
12/31/2020,M3,2020,North America,Silver,Electric,Automatic,4.6,91365,128673,2870,Low
12/31/2020,X5,2020,Europe,Black,Petrol,Manual,3.5,134603,91535,5121,High
12/31/2024,M5,2024,Africa,Blue,Diesel,Automatic,2.4,187280,122366,1367,Low
12/31/2018,i8,2018,Asia,Black,Electric,Automatic,1.9,47201,154422,280,Low
12/31/2016,3 Series,2016,Asia,Silver,Petrol,Automatic,4.5,662,91025,9362,High
12/31/2016,5 Series,2016,South America,Black,Electric,Automatic,4.7,159331,86171,3402,Low
12/31/2014,X3,2014,Asia,White,Hybrid,Automatic,3.2,101306,69813,8456,High
12/31/2016,7 Series,2016,North America,Black,Petrol,Manual,1.8,15735,114535,987,Low
12/31/2013,X6,2013,South America,White,Electric,Automatic,3.6,91452,88609,1516,Low
12/31/2014,M3,2014,South America,Grey,Petrol,Automatic,2.8,46815,119259,652,Low
12/31/2021,X5,2021,Middle East,Blue,Petrol,Manual,2.1,160487,124163,3742,Low
12/31/2010,5 Series,2010,Middle East,Black,Hybrid,Automatic,4.7,173677,60428,3321,Low
12/31/2020,X1,2020,North America,Black,Hybrid,Manual,2.3,182376,62888,7742,High
12/31/2013,7 Series,2013,Asia,Silver,Diesel,Manual,4,7088,114203,575,Low
12/31/2012,i3,2012,South America,Black,Diesel,Automatic,3,43311,52056,2577,Low
12/31/2011,X5,2011,South America,Blue,Hybrid,Automatic,4.4,160779,65233,2459,Low
12/31/2011,3 Series,2011,Europe,Black,Hybrid,Manual,4,140447,49204,7350,High
12/31/2017,X1,2017,South America,White,Hybrid,Automatic,1.9,142906,55778,4551,Low
12/31/2010,i3,2010,Asia,Red,Hybrid,Automatic,3.1,60821,53726,4812,Low
12/31/2017,5 Series,2017,Europe,Black,Electric,Automatic,2.4,147251,81745,6711,High
12/31/2018,5 Series,2018,Asia,Blue,Petrol,Automatic,4,169877,76827,6839,High
12/31/2015,X3,2015,Africa,Red,Diesel,Automatic,3.4,108631,56055,4527,Low
12/31/2010,i8,2010,Europe,Blue,Electric,Manual,2.7,101084,112611,50,Low
12/31/2019,X5,2019,North America,Silver,Hybrid,Manual,2.7,116519,46549,7771,High
12/31/2021,M5,2021,Asia,Grey,Diesel,Manual,1.9,143415,113793,2440,Low
12/31/2016,i8,2016,Africa,Red,Hybrid,Automatic,2.2,193002,117218,50,Low
12/31/2024,M5,2024,Africa,Silver,Electric,Manual,4,96226,164152,1093,Low
12/31/2024,X5,2024,Asia,Blue,Hybrid,Manual,3.6,172819,113023,6986,High
12/31/2014,3 Series,2014,Asia,Blue,Petrol,Manual,2.7,58411,60173,8790,High
12/31/2024,M3,2024,North America,Black,Diesel,Automatic,4.4,139788,119837,747,Low
12/31/2018,M5,2018,Europe,Blue,Petrol,Automatic,3.2,131524,115595,1781,Low
12/31/2016,X5,2016,South America,Silver,Petrol,Automatic,4.3,147301,78218,3278,Low
12/31/2014,X6,2014,Europe,White,Hybrid,Automatic,4.2,96760,99729,3619,Low
12/31/2022,X1,2022,Europe,Red,Diesel,Automatic,4.5,162251,76144,8550,High
12/31/2011,3 Series,2011,North America,Grey,Electric,Manual,4.5,108015,65224,8683,High
12/31/2023,3 Series,2023,Africa,Red,Electric,Manual,3.9,2589,120882,6036,High
12/31/2013,X1,2013,South America,Blue,Electric,Automatic,4.1,189120,47650,4111,Low
12/31/2011,5 Series,2011,Middle East,Silver,Electric,Automatic,4.2,5086,95873,3756,Low
12/31/2018,7 Series,2018,Africa,Red,Petrol,Automatic,2.1,105102,140880,50,Low
12/31/2011,i3,2011,Europe,White,Hybrid,Automatic,2.6,45778,59582,3623,Low
12/31/2011,7 Series,2011,Africa,White,Electric,Automatic,1.9,147437,72872,50,Low
12/31/2011,X6,2011,Africa,Blue,Petrol,Automatic,2.2,122367,52991,1612,Low
12/31/2010,5 Series,2010,Africa,White,Electric,Automatic,4.2,91908,70846,2777,Low
12/31/2018,M3,2018,Europe,Red,Hybrid,Manual,4.8,15183,121745,2852,Low
12/31/2017,7 Series,2017,Europe,Black,Diesel,Automatic,3.9,74172,112403,958,Low
12/31/2011,M5,2011,South America,Red,Electric,Automatic,4.6,24777,130761,50,Low
12/31/2011,X6,2011,Asia,White,Hybrid,Automatic,2.6,26356,85909,3651,Low
12/31/2014,i8,2014,Asia,Silver,Petrol,Automatic,4.5,15812,145600,50,Low
12/31/2021,M5,2021,Europe,Grey,Petrol,Automatic,2.7,170347,171619,1214,Low
12/31/2022,M5,2022,Africa,White,Hybrid,Manual,4.6,41412,165733,895,Low
12/31/2023,5 Series,2023,South America,Grey,Hybrid,Manual,4.3,10223,134217,4781,Low
12/31/2021,i3,2021,Africa,Grey,Diesel,Manual,4.9,27620,106710,2884,Low
12/31/2023,5 Series,2023,Europe,Silver,Electric,Manual,4.4,49683,128811,7628,High
12/31/2013,X3,2013,Africa,Red,Petrol,Automatic,2.9,51570,59347,4471,Low
12/31/2011,3 Series,2011,Asia,Red,Diesel,Automatic,1.9,52999,40860,8960,High
12/31/2017,M3,2017,Europe,Silver,Hybrid,Manual,4.6,102214,103872,2225,Low
12/31/2017,i8,2017,South America,Silver,Hybrid,Manual,3.5,83421,141157,50,Low
12/31/2022,M3,2022,Asia,Black,Diesel,Manual,4.5,141355,112403,2884,Low
12/31/2013,3 Series,2013,Africa,Red,Petrol,Manual,2.9,35327,58259,4472,Low
12/31/2023,i8,2023,Middle East,White,Electric,Manual,1.6,71218,171290,483,Low
12/31/2013,M5,2013,North America,White,Electric,Automatic,1.7,199122,92345,1095,Low
12/31/2018,X1,2018,Asia,Red,Diesel,Manual,3.8,22222,76783,7687,High
12/31/2013,X5,2013,North America,White,Electric,Automatic,1.9,45938,89006,4977,Low
12/31/2024,X6,2024,Middle East,Black,Diesel,Automatic,4.1,84411,130719,3362,Low
12/31/2019,X6,2019,Middle East,Blue,Diesel,Automatic,3,165814,87682,2969,Low
12/31/2020,i3,2020,Europe,Silver,Electric,Manual,3.5,197696,80042,5997,High
12/31/2018,i8,2018,North America,Red,Electric,Manual,4.3,174070,146289,379,Low
12/31/2012,X3,2012,Europe,Blue,Petrol,Automatic,2.4,34658,55537,8088,High
12/31/2011,5 Series,2011,Africa,White,Electric,Manual,2.9,149083,51200,3057,Low
12/31/2024,X5,2024,Asia,Red,Hybrid,Manual,4.1,179263,109796,7532,High
12/31/2020,M3,2020,Asia,Black,Petrol,Automatic,4.7,141084,100569,3097,Low
12/31/2017,X5,2017,North America,Grey,Petrol,Automatic,2.5,5984,99618,5357,High
12/31/2021,3 Series,2021,Asia,Blue,Diesel,Automatic,3.7,36441,99933,9807,High
12/31/2012,5 Series,2012,Middle East,Red,Petrol,Automatic,4.8,129581,67578,4614,Low
12/31/2022,X1,2022,North America,White,Hybrid,Manual,3.8,142709,83674,7722,High
12/31/2011,7 Series,2011,Middle East,White,Diesel,Automatic,4.6,122572,89466,50,Low
12/31/2022,3 Series,2022,Asia,Black,Electric,Manual,4.8,22368,129048,9803,High
12/31/2020,X6,2020,Africa,Grey,Hybrid,Manual,4.8,181833,109395,3012,Low
12/31/2017,i3,2017,Europe,Blue,Petrol,Manual,4.2,193958,53014,5241,High
12/31/2024,3 Series,2024,South America,Blue,Electric,Automatic,3.4,134419,107219,6091,High
12/31/2017,X5,2017,Middle East,Red,Diesel,Manual,1.8,117873,67732,4047,Low
12/31/2014,7 Series,2014,Middle East,Red,Petrol,Manual,2.3,62156,98752,305,Low
12/31/2018,X6,2018,Europe,Grey,Hybrid,Manual,2.4,12362,108725,4436,Low
12/31/2020,i8,2020,North America,Grey,Diesel,Automatic,1.6,9094,153911,92,Low
12/31/2015,M3,2015,Asia,Blue,Petrol,Automatic,1.9,25072,86728,2346,Low
12/31/2014,M5,2014,South America,Blue,Petrol,Manual,2.5,115470,48256,1315,Low
12/31/2021,7 Series,2021,Middle East,Grey,Diesel,Manual,1.8,101821,114308,1259,Low
12/31/2012,5 Series,2012,South America,Grey,Diesel,Manual,2.1,47670,53602,3817,Low
12/31/2016,5 Series,2016,Middle East,Silver,Hybrid,Automatic,1.7,170570,64994,4872,Low
12/31/2023,X1,2023,South America,Red,Petrol,Manual,3,103937,77638,5083,High
12/31/2024,7 Series,2024,Middle East,Silver,Electric,Automatic,4.4,161965,156222,1542,Low
12/31/2018,X6,2018,Middle East,White,Hybrid,Automatic,4.3,183528,104023,2711,Low
12/31/2013,i3,2013,Africa,Red,Electric,Manual,4.7,105068,73650,1946,Low
12/31/2020,X6,2020,North America,Blue,Electric,Manual,4.1,9398,142154,3902,Low
12/31/2016,M3,2016,Asia,Silver,Petrol,Manual,2.4,50280,89556,2964,Low
12/31/2021,M5,2021,Middle East,White,Hybrid,Automatic,4,185624,136259,1642,Low
12/31/2012,X5,2012,Europe,Silver,Hybrid,Automatic,4.1,156855,68783,4779,Low
12/31/2020,i3,2020,Europe,Black,Petrol,Automatic,3.4,193742,66806,5752,High
12/31/2011,3 Series,2011,Asia,Blue,Electric,Manual,4.3,39105,73285,10029,High
12/31/2022,X3,2022,South America,Blue,Petrol,Automatic,1.7,172053,70559,5178,High
12/31/2020,X3,2020,Middle East,Red,Hybrid,Automatic,3.6,115965,96225,6878,High
12/31/2010,X6,2010,South America,Grey,Petrol,Manual,3.2,46153,67189,1539,Low
12/31/2015,X5,2015,Asia,Grey,Electric,Automatic,4.3,90053,97644,4795,Low
12/31/2014,5 Series,2014,North America,Grey,Electric,Automatic,1.9,51743,81200,5835,High
12/31/2011,X1,2011,Europe,Black,Electric,Automatic,2.2,21562,56030,7430,High
12/31/2022,X3,2022,Asia,Silver,Electric,Manual,3.5,16972,128568,8816,High
12/31/2022,X5,2022,North America,Silver,Petrol,Manual,4.8,60899,126016,5563,High
12/31/2012,X6,2012,Middle East,Black,Hybrid,Automatic,1.8,44417,84453,1949,Low
12/31/2018,X6,2018,Africa,Grey,Diesel,Manual,4.1,16966,105094,2035,Low
12/31/2012,i8,2012,South America,Black,Electric,Automatic,2.2,12090,136533,50,Low
12/31/2016,M3,2016,Middle East,Red,Hybrid,Automatic,1.9,145272,76617,1798,Low
12/31/2010,X6,2010,Europe,Red,Diesel,Automatic,2.9,172063,48126,3488,Low
12/31/2016,M3,2016,Africa,Blue,Petrol,Automatic,3.5,52220,94379,1137,Low
12/31/2018,X6,2018,Africa,Silver,Diesel,Automatic,4.4,53092,108933,1847,Low
12/31/2021,7 Series,2021,Africa,Red,Petrol,Automatic,3.7,149859,115566,725,Low
12/31/2020,5 Series,2020,South America,Grey,Diesel,Manual,3.2,90932,85276,12143,High
12/31/2017,X3,2017,Asia,Black,Diesel,Automatic,2.5,115881,62055,10050,High
12/31/2016,X5,2016,Africa,Blue,Electric,Manual,2.5,88522,86918,2770,Low
12/31/2019,X6,2019,Middle East,Blue,Petrol,Automatic,4.2,26187,130201,2168,Low
12/31/2023,i8,2023,Middle East,Black,Electric,Automatic,1.9,95089,167733,495,Low
12/31/2017,X3,2017,Europe,Grey,Electric,Automatic,2,158259,69124,8390,High
12/31/2022,X1,2022,North America,Red,Hybrid,Automatic,4,39395,113759,9286,High
12/31/2013,X5,2013,Middle East,Black,Electric,Manual,4.9,154074,86791,2897,Low
12/31/2024,X6,2024,Europe,Blue,Petrol,Manual,1.9,123549,101363,5357,High
12/31/2011,3 Series,2011,Asia,White,Petrol,Automatic,3.6,3702,66686,9693,High
12/31/2023,M3,2023,Middle East,Grey,Petrol,Manual,2.3,127232,98911,2912,Low
12/31/2023,X1,2023,Middle East,Blue,Hybrid,Automatic,1.6,11106,105934,5668,High
12/31/2020,M5,2020,Middle East,Black,Hybrid,Automatic,4.4,20539,165404,947,Low
12/31/2018,i8,2018,Asia,White,Electric,Automatic,3.3,110299,152434,385,Low
12/31/2024,3 Series,2024,South America,Blue,Hybrid,Automatic,1.6,161155,81723,7630,High
12/31/2012,M5,2012,South America,Silver,Diesel,Manual,4.6,148574,88777,230,Low
12/31/2023,X6,2023,Asia,White,Diesel,Automatic,3.4,5113,129390,3942,Low
12/31/2020,i3,2020,Middle East,Blue,Diesel,Automatic,4.1,82876,90540,4098,Low
12/31/2013,7 Series,2013,Europe,Blue,Petrol,Manual,3,46520,96898,709,Low
12/31/2016,X3,2016,North America,Black,Hybrid,Automatic,2.1,115019,69368,15000,High
12/31/2011,X3,2011,Europe,Blue,Electric,Manual,3.1,56400,68391,7581,High
12/31/2023,i8,2023,Africa,Blue,Petrol,Automatic,2.5,116644,142066,209,Low
12/31/2024,X6,2024,Asia,Silver,Diesel,Automatic,2.5,100208,112572,4332,Low
12/31/2017,X1,2017,Middle East,White,Diesel,Manual,3.8,133345,57410,4733,Low
12/31/2021,i8,2021,Europe,Blue,Petrol,Manual,1.8,164437,128851,645,Low
12/31/2019,X6,2019,Africa,Blue,Hybrid,Automatic,2.9,58229,110021,2781,Low
12/31/2017,X5,2017,South America,Red,Electric,Manual,3.4,182703,82761,3803,Low
12/31/2021,X1,2021,Middle East,Red,Petrol,Manual,4,54667,89429,4841,Low
12/31/2014,X1,2014,North America,White,Diesel,Automatic,3.7,84264,53052,7194,High
12/31/2018,M5,2018,Middle East,Silver,Petrol,Manual,4.6,102306,126024,865,Low
12/31/2017,X3,2017,North America,Black,Electric,Automatic,5,62412,110009,2021,Low
12/31/2010,3 Series,2010,Europe,Red,Hybrid,Manual,4.8,92377,56742,8890,High
12/31/2018,X1,2018,Asia,White,Petrol,Manual,4.2,143777,65772,8572,High
12/31/2022,3 Series,2022,Asia,Red,Diesel,Manual,3.9,111820,87033,10998,High
12/31/2023,7 Series,2023,Asia,Black,Petrol,Manual,1.6,91055,125434,1683,Low
12/31/2023,7 Series,2023,Middle East,Grey,Petrol,Manual,3.4,141634,126448,1262,Low
12/31/2014,3 Series,2014,Africa,Grey,Diesel,Automatic,3.8,98362,54668,4928,Low
12/31/2018,7 Series,2018,Middle East,White,Diesel,Automatic,2.9,123491,109834,779,Low
12/31/2018,M5,2018,Europe,Blue,Hybrid,Manual,2.8,93372,131654,1974,Low
12/31/2019,3 Series,2019,Middle East,White,Petrol,Manual,3.4,62959,88352,6907,High
12/31/2019,X6,2019,Asia,Silver,Diesel,Manual,4.7,113978,102508,3896,Low
12/31/2012,M5,2012,Europe,Grey,Diesel,Automatic,2.4,71735,93389,1034,Low
12/31/2017,3 Series,2017,Asia,White,Diesel,Automatic,2.9,148201,55121,9863,High
12/31/2016,X3,2016,South America,Blue,Petrol,Manual,3.8,100344,70536,5378,High
12/31/2024,7 Series,2024,North America,White,Hybrid,Manual,2.2,115300,141081,1992,Low
12/31/2016,M3,2016,North America,Grey,Diesel,Manual,4.4,16631,108912,2231,Low
12/31/2021,5 Series,2021,Europe,White,Electric,Manual,3.8,155249,99702,7328,High
12/31/2019,X5,2019,Middle East,Black,Petrol,Manual,2.7,176966,76977,4530,Low
12/31/2011,M5,2011,Europe,White,Hybrid,Manual,4,70281,111813,497,Low
12/31/2011,7 Series,2011,Middle East,Silver,Petrol,Manual,2.5,157028,69260,295,Low
12/31/2011,3 Series,2011,Europe,Black,Hybrid,Manual,4.2,27566,71181,7149,High
12/31/2022,M3,2022,Middle East,Grey,Petrol,Manual,1.7,42466,108864,2431,Low
12/31/2020,5 Series,2020,North America,Red,Petrol,Automatic,3,168856,80698,7777,High
12/31/2011,X1,2011,North America,White,Petrol,Manual,2.4,141233,25000,7622,High
12/31/2023,3 Series,2023,Africa,White,Hybrid,Automatic,4.4,80901,111313,6646,High
12/31/2013,i8,2013,North America,White,Electric,Automatic,4.1,110245,141079,50,Low
12/31/2016,i8,2016,Asia,Red,Petrol,Manual,4.4,50724,153094,50,Low
12/31/2011,i3,2011,Africa,Blue,Electric,Manual,3.8,103916,56718,2216,Low
12/31/2014,i3,2014,Europe,Grey,Hybrid,Manual,4.3,48862,79985,4699,Low
12/31/2023,M5,2023,Africa,Blue,Petrol,Automatic,3,156213,131336,1139,Low
12/31/2016,i3,2016,North America,Red,Hybrid,Manual,3.9,130978,70782,4707,Low
12/31/2018,X1,2018,Africa,Black,Electric,Manual,1.6,162596,51500,4368,Low
12/31/2017,i8,2017,Europe,White,Petrol,Manual,4.6,54114,157210,50,Low
12/31/2018,X6,2018,Middle East,Grey,Electric,Automatic,3.9,36609,129201,2789,Low
12/31/2016,M3,2016,Europe,Blue,Diesel,Manual,4.5,127822,81042,2841,Low
12/31/2012,5 Series,2012,Europe,Red,Diesel,Manual,4.2,84139,65520,6722,High
12/31/2010,i8,2010,Africa,Grey,Hybrid,Manual,2.5,177880,91309,50,Low
12/31/2019,X3,2019,Africa,Black,Electric,Manual,2.5,94583,86797,4704,Low
12/31/2016,7 Series,2016,South America,Silver,Hybrid,Manual,4.3,67772,116844,203,Low
12/31/2022,X6,2022,Africa,White,Diesel,Automatic,2.1,164177,91768,3037,Low
12/31/2020,X1,2020,North America,White,Diesel,Manual,1.9,73311,69223,7789,High
12/31/2015,3 Series,2015,Middle East,Silver,Petrol,Automatic,1.6,135128,46756,6365,High
12/31/2011,X6,2011,Europe,White,Diesel,Automatic,2.5,44673,67331,3499,Low
12/31/2010,M5,2010,Asia,Red,Diesel,Manual,1.8,71966,82305,1179,Low
12/31/2021,M3,2021,North America,White,Diesel,Manual,4.3,148767,105592,648,Low
12/31/2019,X6,2019,Europe,Black,Diesel,Automatic,3.2,147436,90083,4041,Low
12/31/2013,5 Series,2013,Europe,Red,Hybrid,Manual,2.4,160854,52521,6598,High
12/31/2023,X5,2023,Europe,White,Diesel,Manual,3.6,55973,117460,5834,High
12/31/2013,M3,2013,North America,Black,Diesel,Automatic,1.7,154710,49325,3073,Low
12/31/2015,M3,2015,North America,Silver,Diesel,Automatic,4,148854,73480,2476,Low
12/31/2020,M5,2020,Middle East,Silver,Diesel,Automatic,3.3,41743,146775,863,Low
12/31/2014,X1,2014,Asia,Grey,Diesel,Manual,1.5,57271,41178,8434,High
12/31/2018,X5,2018,South America,White,Hybrid,Automatic,2.6,140558,83387,4122,Low
12/31/2017,X5,2017,Asia,Black,Electric,Manual,4.1,16622,116970,5071,High
12/31/2018,i8,2018,Middle East,Red,Diesel,Automatic,2.2,30056,155198,50,Low
12/31/2019,M3,2019,Europe,Red,Diesel,Manual,4.9,170191,88895,3297,Low
12/31/2016,X1,2016,Europe,Red,Diesel,Manual,4.6,66474,65423,7162,High
12/31/2018,M3,2018,Africa,Grey,Electric,Manual,4.2,196436,86915,1838,Low
12/31/2012,X3,2012,South America,Black,Electric,Manual,1.8,84505,55611,5210,High
12/31/2018,M3,2018,Asia,Silver,Hybrid,Manual,2.7,54713,107243,2954,Low
12/31/2011,i3,2011,North America,Blue,Hybrid,Automatic,2.5,197922,31164,4185,Low
12/31/2018,X6,2018,South America,Silver,Electric,Manual,2,130092,94486,2627,Low
12/31/2022,M5,2022,Europe,White,Electric,Automatic,5,665,178222,1502,Low
12/31/2015,7 Series,2015,North America,White,Electric,Manual,2,93167,104708,860,Low
12/31/2013,X3,2013,North America,Blue,Electric,Manual,2.6,18882,82152,7412,High
12/31/2021,X3,2021,Middle East,Black,Diesel,Automatic,4.6,182639,82256,7291,High
12/31/2023,i8,2023,South America,Grey,Petrol,Automatic,2,140550,147073,228,Low
12/31/2021,3 Series,2021,North America,Red,Petrol,Automatic,3.1,24342,97355,9891,High
12/31/2022,M3,2022,South America,Black,Hybrid,Automatic,4.9,30312,138923,2309,Low
12/31/2020,i3,2020,North America,White,Diesel,Manual,2.4,137106,65315,5498,High
12/31/2011,X6,2011,Europe,Red,Petrol,Automatic,4,104588,71107,3071,Low
12/31/2022,X1,2022,South America,Blue,Diesel,Automatic,1.8,83926,73238,4568,Low
12/31/2019,5 Series,2019,Asia,Blue,Diesel,Manual,3.6,161344,78141,8541,High
12/31/2012,7 Series,2012,Asia,Grey,Diesel,Automatic,2.7,71045,87110,839,Low
12/31/2014,M5,2014,Europe,Silver,Diesel,Manual,3.9,27365,112321,872,Low
12/31/2018,5 Series,2018,Asia,Blue,Hybrid,Manual,3,177115,79469,7502,High
12/31/2016,i3,2016,Europe,White,Petrol,Manual,2.5,157019,46030,4472,Low
12/31/2020,X1,2020,North America,Black,Hybrid,Automatic,3.4,128079,77819,9565,High
12/31/2021,X1,2021,Asia,Blue,Hybrid,Automatic,2,162676,70505,8304,High
12/31/2022,M3,2022,North America,Black,Hybrid,Automatic,4.4,185183,115105,3794,Low
12/31/2020,X5,2020,North America,Blue,Hybrid,Automatic,4.1,126998,108514,6471,High
12/31/2012,3 Series,2012,North America,Grey,Hybrid,Automatic,3.4,6461,77844,8025,High
12/31/2022,X1,2022,Middle East,Black,Electric,Automatic,2.8,154248,91430,5454,High
12/31/2013,5 Series,2013,South America,Grey,Electric,Automatic,4.7,198489,69194,4116,Low
12/31/2023,X3,2023,Europe,Grey,Electric,Automatic,3.7,140782,109655,9578,High
12/31/2021,X6,2021,Middle East,Silver,Electric,Manual,2.5,113874,122725,2909,Low
12/31/2020,i3,2020,Europe,Silver,Petrol,Manual,4.3,131802,82825,5140,High
12/31/2011,X5,2011,North America,Silver,Petrol,Manual,3.7,86824,64145,4553,Low
12/31/2023,M5,2023,Asia,White,Diesel,Automatic,1.9,83276,139605,2039,Low
12/31/2017,7 Series,2017,Middle East,Blue,Petrol,Automatic,1.9,46292,111478,519,Low
12/31/2015,M3,2015,Asia,Grey,Hybrid,Automatic,4.8,155625,93447,2787,Low
12/31/2012,3 Series,2012,Europe,Silver,Diesel,Manual,2.5,189339,25000,9686,High
12/31/2022,X3,2022,Asia,Grey,Petrol,Manual,3.8,85118,101976,9417,High
12/31/2014,X5,2014,Europe,White,Hybrid,Automatic,1.6,21024,83229,5249,High
12/31/2014,X1,2014,South America,Red,Electric,Manual,3.4,33336,72921,4468,Low
12/31/2021,i8,2021,Middle East,Black,Petrol,Automatic,2.3,133126,147961,50,Low
12/31/2010,7 Series,2010,Asia,Black,Diesel,Automatic,2,82885,70414,760,Low
12/31/2022,X5,2022,Africa,Black,Diesel,Automatic,4.2,125873,100111,6849,High
12/31/2014,5 Series,2014,Asia,White,Electric,Manual,4.3,189263,75267,6531,High
12/31/2015,X6,2015,North America,Grey,Petrol,Manual,4,60993,99137,3178,Low
12/31/2019,M3,2019,South America,Silver,Diesel,Manual,1.5,195288,58236,2080,Low
12/31/2019,M5,2019,North America,White,Electric,Automatic,2.5,181042,118575,1979,Low
12/31/2020,X5,2020,Africa,Silver,Electric,Automatic,2.8,33554,118960,3272,Low
12/31/2020,i8,2020,Middle East,Blue,Petrol,Automatic,3.9,102963,153328,50,Low
12/31/2020,7 Series,2020,Africa,Grey,Electric,Manual,4.1,157284,128891,884,Low
12/31/2022,3 Series,2022,Middle East,Silver,Diesel,Automatic,3.7,120772,90937,7864,High
12/31/2011,5 Series,2011,South America,Silver,Hybrid,Manual,4.3,91705,66115,3063,Low
12/31/2012,i8,2012,Europe,Black,Electric,Manual,3,96659,128760,50,Low
12/31/2019,X6,2019,Asia,Black,Hybrid,Manual,3.4,136310,104546,4287,Low
12/31/2014,i3,2014,North America,Grey,Electric,Manual,1.7,196118,41036,5603,High
12/31/2023,X3,2023,Asia,White,Diesel,Manual,3,95438,89944,8507,High
12/31/2022,X1,2022,Africa,White,Electric,Manual,3,91912,96551,4573,Low
12/31/2012,X5,2012,Middle East,Red,Petrol,Manual,3.6,42374,81909,3671,Low
12/31/2014,X6,2014,Europe,Silver,Hybrid,Automatic,2.8,6884,105355,3019,Low
12/31/2014,i3,2014,Africa,Red,Petrol,Automatic,2.3,101890,44472,2395,Low
12/31/2017,M3,2017,South America,Silver,Electric,Automatic,2.3,88702,95340,1599,Low
12/31/2019,X3,2019,North America,White,Diesel,Automatic,2,63063,78325,9255,High
12/31/2018,M3,2018,Asia,White,Petrol,Manual,4,69521,102006,2699,Low
12/31/2017,X5,2017,Europe,White,Petrol,Automatic,3.7,441,108758,5598,High
12/31/2021,X6,2021,Asia,Grey,Diesel,Manual,3.5,193516,141092,3547,Low
12/31/2012,M3,2012,Africa,Black,Petrol,Automatic,3.4,94833,65609,1020,Low
12/31/2024,X3,2024,Asia,Red,Electric,Manual,2.8,138832,106802,10524,High
12/31/2010,M3,2010,North America,Black,Hybrid,Automatic,4.2,27568,94891,1728,Low
12/31/2023,i8,2023,Africa,Black,Petrol,Automatic,4.7,170522,146850,151,Low
12/31/2024,i8,2024,Middle East,Red,Petrol,Manual,3,58475,176789,50,Low
12/31/2012,X1,2012,North America,Black,Petrol,Automatic,2.9,177865,25680,8062,High
12/31/2010,X3,2010,Africa,White,Hybrid,Manual,2.1,3645,54139,4102,Low
12/31/2022,3 Series,2022,Africa,Black,Hybrid,Manual,3.8,61331,107459,5805,High
12/31/2020,M3,2020,Asia,Grey,Electric,Manual,3.5,192767,97452,4275,Low
12/31/2018,3 Series,2018,Asia,Silver,Petrol,Manual,5,61358,94336,10842,High
12/31/2021,3 Series,2021,Europe,White,Diesel,Automatic,3.5,62228,88069,9978,High
12/31/2022,X6,2022,South America,Red,Petrol,Manual,2.5,39630,111429,2520,Low
12/31/2012,i3,2012,Asia,White,Hybrid,Automatic,3.5,28298,75241,4899,Low
12/31/2023,i8,2023,Middle East,Black,Petrol,Automatic,4.9,36617,184114,50,Low
12/31/2017,M3,2017,Europe,Silver,Diesel,Manual,4,22029,98675,2922,Low
12/31/2015,3 Series,2015,Middle East,Red,Electric,Automatic,2,153784,60593,5662,High
12/31/2012,i8,2012,Africa,Red,Electric,Automatic,2.7,162159,114331,50,Low
12/31/2018,i3,2018,North America,Silver,Diesel,Manual,2.5,104702,65695,5316,High
12/31/2017,3 Series,2017,South America,White,Petrol,Manual,4.5,133807,66261,6740,High
12/31/2012,7 Series,2012,North America,White,Diesel,Automatic,3.6,100509,90605,734,Low
12/31/2016,7 Series,2016,Middle East,Grey,Diesel,Automatic,4.3,190350,98383,697,Low
12/31/2014,M5,2014,Middle East,White,Diesel,Manual,2.1,41013,105367,423,Low
12/31/2011,X3,2011,Europe,Silver,Electric,Automatic,4.7,108767,73258,8418,High
12/31/2023,X3,2023,Asia,Grey,Diesel,Automatic,1.7,79776,85943,9743,High
12/31/2017,7 Series,2017,Middle East,Silver,Electric,Automatic,2.8,166671,111124,605,Low
12/31/2010,i3,2010,Asia,Grey,Petrol,Automatic,1.5,38226,37028,5145,High
12/31/2013,M5,2013,Africa,Black,Petrol,Automatic,2.1,165682,73572,392,Low
12/31/2020,i3,2020,Middle East,Red,Petrol,Manual,4.9,154680,81198,4044,Low
12/31/2022,3 Series,2022,North America,Red,Hybrid,Manual,1.8,169987,77638,12101,High
12/31/2020,i8,2020,Africa,Black,Hybrid,Manual,2,46117,157452,50,Low
12/31/2021,X5,2021,Middle East,Grey,Electric,Automatic,4.7,52103,142109,4704,Low
12/31/2022,i8,2022,Asia,Blue,Electric,Manual,4,145721,164110,758,Low
12/31/2013,7 Series,2013,North America,Blue,Diesel,Manual,2.9,71399,94925,767,Low
12/31/2022,X3,2022,Asia,White,Petrol,Automatic,1.7,137111,74750,9340,High
12/31/2019,M3,2019,Africa,Black,Diesel,Automatic,4.2,78878,104463,1202,Low
12/31/2023,7 Series,2023,Europe,Red,Petrol,Automatic,3.2,198394,111464,2273,Low
12/31/2014,7 Series,2014,South America,Grey,Diesel,Manual,2.6,8188,105137,62,Low
12/31/2013,5 Series,2013,Middle East,White,Diesel,Manual,2.8,186189,43128,4464,Low
12/31/2010,M3,2010,Middle East,Silver,Hybrid,Manual,3.3,90694,70193,915,Low
12/31/2023,i3,2023,North America,Blue,Diesel,Manual,3.4,82969,93912,4786,Low
12/31/2016,X6,2016,Middle East,Grey,Diesel,Automatic,4.4,128363,91096,2601,Low
12/31/2019,X1,2019,Europe,Blue,Diesel,Manual,4.2,69202,80375,8007,High
12/31/2020,M5,2020,Middle East,White,Hybrid,Manual,4.2,8332,165074,942,Low
12/31/2011,5 Series,2011,Europe,Black,Diesel,Manual,4.1,5946,71254,634,Low
12/31/2019,X5,2019,South America,Silver,Petrol,Manual,4.2,54964,104130,3053,Low
12/31/2012,X6,2012,Middle East,Black,Electric,Manual,3.9,125158,84361,2034,Low
12/31/2014,i3,2014,North America,Black,Diesel,Manual,4.5,4645,78708,5085,High
12/31/2017,X3,2017,Europe,Grey,Diesel,Manual,3.5,58108,79508,9143,High
12/31/2019,X1,2019,Africa,White,Petrol,Automatic,3.3,4564,87572,4245,Low
12/31/2017,3 Series,2017,North America,Black,Diesel,Manual,4,68288,73390,8776,High
12/31/2023,3 Series,2023,Africa,White,Diesel,Automatic,2.1,152213,73087,5170,High
12/31/2011,7 Series,2011,North America,Red,Petrol,Automatic,4.2,160318,80071,678,Low
12/31/2018,X3,2018,Asia,White,Diesel,Automatic,4.8,103515,82111,10154,High
12/31/2015,7 Series,2015,Asia,Black,Petrol,Manual,2.5,92368,98312,310,Low
12/31/2018,7 Series,2018,Africa,Black,Petrol,Manual,3.6,153660,102783,525,Low
12/31/2023,X5,2023,Africa,Blue,Electric,Automatic,1.6,61240,122120,4197,Low
12/31/2013,5 Series,2013,Asia,Red,Diesel,Automatic,4.2,144475,61133,7490,High
12/31/2012,7 Series,2012,Middle East,Grey,Petrol,Automatic,3.5,42833,110083,50,Low
12/31/2023,5 Series,2023,Africa,Red,Hybrid,Manual,3.9,142880,101954,5235,High
12/31/2023,7 Series,2023,Europe,White,Diesel,Manual,2,12124,131960,1844,Low
12/31/2014,X6,2014,Africa,Red,Hybrid,Manual,4.3,44254,103215,1242,Low
12/31/2014,M5,2014,Asia,Black,Electric,Automatic,2.4,137739,104017,1164,Low
12/31/2013,X5,2013,North America,White,Electric,Manual,3.9,74042,88629,5324,High
12/31/2022,i8,2022,Europe,Red,Petrol,Manual,3.6,192557,136067,667,Low
12/31/2016,X6,2016,Asia,Grey,Petrol,Manual,3.8,51922,104022,3874,Low
12/31/2017,M5,2017,Africa,Black,Hybrid,Manual,1.7,32224,114251,481,Low
12/31/2024,i3,2024,Middle East,Black,Petrol,Automatic,4.1,22133,124732,3470,Low
12/31/2014,X6,2014,North America,Black,Petrol,Automatic,4.3,27741,99902,3249,Low
12/31/2024,X1,2024,Asia,Black,Diesel,Manual,3.2,66821,90576,9820,High
12/31/2018,X5,2018,Asia,Red,Petrol,Automatic,2.9,104339,89599,6556,High
12/31/2016,X3,2016,Middle East,Silver,Petrol,Automatic,2.7,120736,64882,5222,High
12/31/2022,i3,2022,North America,Red,Hybrid,Manual,4.7,13596,120156,5260,High
12/31/2022,X5,2022,Africa,Grey,Diesel,Automatic,4.1,188346,88193,3902,Low
12/31/2016,i3,2016,Asia,Black,Petrol,Manual,3.9,145652,61421,4962,Low
12/31/2017,M3,2017,Africa,Red,Electric,Manual,4.7,193077,94225,1316,Low
12/31/2021,i8,2021,Europe,Blue,Hybrid,Manual,2.7,186292,148614,729,Low
12/31/2013,i3,2013,Middle East,Red,Petrol,Automatic,3.7,54128,64774,3254,Low
12/31/2019,3 Series,2019,North America,White,Electric,Automatic,3.9,75938,99990,8678,High
12/31/2022,X3,2022,North America,White,Electric,Automatic,5,144921,116643,9103,High
12/31/2022,M5,2022,Africa,White,Petrol,Automatic,3,58788,133934,949,Low
12/31/2015,5 Series,2015,North America,White,Petrol,Manual,2.9,15258,86345,5727,High
12/31/2014,X1,2014,South America,Silver,Diesel,Automatic,1.8,121775,31172,5006,High
12/31/2010,X1,2010,Africa,Red,Hybrid,Manual,1.8,81046,32196,3767,Low
12/31/2024,5 Series,2024,Europe,Red,Hybrid,Manual,3.3,119077,115187,7239,High
12/31/2023,i3,2023,Middle East,Red,Petrol,Manual,2.1,121585,79983,3747,Low
12/31/2022,7 Series,2022,South America,Red,Electric,Automatic,1.8,118066,128956,1353,Low
12/31/2018,M3,2018,North America,Grey,Hybrid,Automatic,4.9,135530,110037,3397,Low
12/31/2011,3 Series,2011,Africa,Black,Petrol,Automatic,4.8,113897,51089,4101,Low
12/31/2015,7 Series,2015,Asia,Black,Petrol,Automatic,2.6,192017,84665,1172,Low
12/31/2024,M5,2024,Africa,Red,Hybrid,Automatic,4.3,11825,174654,1076,Low
12/31/2024,M3,2024,Europe,Blue,Petrol,Automatic,4.6,150207,119993,2935,Low
12/31/2017,X3,2017,South America,Silver,Electric,Manual,3.1,159965,68038,5483,High
12/31/2012,X1,2012,North America,Blue,Hybrid,Manual,2.3,64502,48545,8233,High
12/31/2014,X5,2014,South America,Black,Hybrid,Manual,2,197228,50849,3361,Low
12/31/2023,X6,2023,Middle East,White,Petrol,Automatic,2,187455,94445,3420,Low
12/31/2016,7 Series,2016,Asia,Grey,Electric,Manual,4.3,16041,145417,516,Low
12/31/2013,5 Series,2013,Europe,Silver,Petrol,Manual,2.8,129024,52609,7131,High
12/31/2023,i3,2023,South America,White,Diesel,Automatic,3.9,193708,79800,3319,Low
12/31/2021,X6,2021,Europe,Black,Petrol,Manual,3.4,94800,106856,3760,Low
12/31/2014,5 Series,2014,North America,Black,Petrol,Manual,2.9,93348,62509,7575,High
12/31/2010,7 Series,2010,Africa,Silver,Diesel,Manual,1.9,20037,77667,50,Low
12/31/2013,5 Series,2013,Middle East,Grey,Petrol,Manual,2.7,30823,70200,4291,Low
12/31/2023,i3,2023,South America,Black,Electric,Automatic,4.4,114160,108490,3587,Low
12/31/2023,M3,2023,Middle East,Black,Petrol,Automatic,4.3,173931,115558,2632,Low
12/31/2016,i8,2016,Middle East,Blue,Electric,Manual,1.6,1905,163314,50,Low
12/31/2021,M5,2021,Africa,Black,Electric,Automatic,2,165352,120790,1577,Low
12/31/2019,X1,2019,South America,Grey,Electric,Automatic,4.1,23672,99265,5630,High
12/31/2016,7 Series,2016,Asia,Red,Electric,Manual,2.7,135966,106694,1333,Low
12/31/2019,X1,2019,South America,White,Electric,Automatic,3.8,176421,72588,6170,High
12/31/2019,M5,2019,Europe,White,Electric,Automatic,3.5,173333,124378,1785,Low
12/31/2013,M5,2013,Africa,Red,Diesel,Manual,3.8,69844,98377,90,Low
12/31/2021,7 Series,2021,Middle East,Blue,Petrol,Manual,1.7,20949,132727,745,Low
12/31/2015,i3,2015,Middle East,Grey,Diesel,Automatic,4.8,159404,62399,3503,Low
12/31/2022,5 Series,2022,Europe,Black,Petrol,Automatic,1.6,132258,81442,7280,High
12/31/2014,5 Series,2014,Asia,Red,Electric,Automatic,1.5,167547,61919,7243,High
12/31/2010,M5,2010,Europe,Grey,Petrol,Automatic,2.3,134492,75763,892,Low
12/31/2017,X3,2017,Europe,Silver,Electric,Manual,5,61207,103432,8544,High
12/31/2021,3 Series,2021,North America,Blue,Diesel,Manual,1.8,123069,64650,10847,High
12/31/2016,X5,2016,Europe,Silver,Diesel,Automatic,4.6,12560,108909,5850,High
12/31/2024,M5,2024,Middle East,Silver,Petrol,Manual,2.1,995,164754,195,Low
12/31/2014,i8,2014,Africa,Red,Hybrid,Automatic,1.9,121772,112258,50,Low
12/31/2022,X5,2022,Middle East,Grey,Electric,Automatic,4.2,116799,129006,5199,High
12/31/2019,X3,2019,Asia,Red,Diesel,Automatic,4.5,163633,78555,9733,High
12/31/2019,M5,2019,North America,Blue,Diesel,Automatic,4.3,103931,126740,1871,Low
12/31/2016,i3,2016,Middle East,Silver,Electric,Automatic,2.3,108054,75619,2735,Low
12/31/2024,7 Series,2024,Middle East,Silver,Electric,Manual,4.6,176713,157425,1493,Low
12/31/2019,X1,2019,South America,Grey,Petrol,Automatic,1.8,162676,47953,5051,High
12/31/2012,M3,2012,South America,White,Electric,Manual,2.7,113252,74154,932,Low
12/31/2017,X6,2017,Africa,Red,Electric,Manual,3.1,60043,111300,1931,Low
12/31/2014,X5,2014,South America,Black,Diesel,Manual,1.7,101541,56431,3712,Low
12/31/2011,i8,2011,Africa,Silver,Diesel,Manual,3.5,76089,108101,50,Low
12/31/2011,i3,2011,South America,Black,Diesel,Automatic,3.5,82373,43518,2300,Low
12/31/2013,X6,2013,South America,Grey,Petrol,Manual,5,146869,78646,1772,Low
12/31/2016,X3,2016,Asia,Grey,Hybrid,Automatic,3.7,153817,69175,7886,High
12/31/2023,i8,2023,Africa,Black,Diesel,Automatic,2.9,121815,144971,184,Low
12/31/2019,X3,2019,Europe,Grey,Electric,Manual,4.3,168685,91300,9528,High
12/31/2013,X6,2013,Africa,Grey,Diesel,Manual,2.7,75903,68269,1933,Low
12/31/2018,7 Series,2018,Middle East,Black,Electric,Automatic,3.4,180993,121974,1016,Low
12/31/2011,i3,2011,South America,Grey,Electric,Manual,1.7,109560,41238,2266,Low
12/31/2015,7 Series,2015,Middle East,Black,Petrol,Manual,2.6,131517,49653,1150,Low
12/31/2013,X5,2013,South America,Silver,Hybrid,Automatic,3.3,103100,78403,2566,Low
12/31/2015,7 Series,2015,Middle East,Blue,Electric,Manual,4,19103,130983,50,Low
12/31/2019,7 Series,2019,Middle East,Black,Electric,Manual,1.8,84485,124489,1357,Low
12/31/2018,7 Series,2018,Europe,Red,Hybrid,Manual,4.3,102201,129152,1645,Low
12/31/2019,M5,2019,North America,Blue,Diesel,Manual,4.7,61888,135546,1326,Low
12/31/2021,M3,2021,Europe,Silver,Petrol,Automatic,2.5,14441,114249,2890,Low
12/31/2018,i3,2018,North America,Silver,Hybrid,Manual,4.2,168565,71949,5538,High
12/31/2018,X1,2018,Middle East,White,Hybrid,Manual,2.1,106744,68858,5314,High
12/31/2018,X1,2018,Europe,Red,Diesel,Manual,3.3,27399,77963,8244,High
12/31/2012,X5,2012,North America,Silver,Electric,Automatic,4.3,131965,79308,5596,High
12/31/2021,7 Series,2021,North America,Silver,Petrol,Manual,2.9,84790,129614,5006,High
12/31/2020,i8,2020,South America,Grey,Petrol,Automatic,1.6,172247,123497,158,Low
12/31/2023,M5,2023,North America,White,Electric,Manual,3.4,137484,149722,2334,Low
12/31/2018,3 Series,2018,North America,White,Hybrid,Manual,4.5,6027,111589,9599,High
12/31/2012,M5,2012,Europe,White,Petrol,Manual,1.9,142094,72834,1208,Low
12/31/2019,7 Series,2019,South America,Red,Hybrid,Automatic,1.6,167021,103058,1426,Low
12/31/2012,i8,2012,Asia,White,Electric,Automatic,4.3,51658,142893,50,Low
12/31/2014,X5,2014,South America,Blue,Diesel,Manual,2.4,30212,73374,3089,Low
12/31/2015,X1,2015,Europe,Blue,Diesel,Manual,2.8,160402,35979,7905,High
12/31/2018,X5,2018,South America,Red,Hybrid,Automatic,1.8,196353,71704,4126,Low
12/31/2010,X6,2010,Europe,Grey,Petrol,Automatic,1.8,180899,38700,4136,Low
12/31/2024,M3,2024,Middle East,Black,Hybrid,Automatic,3.7,46202,142719,2503,Low
12/31/2017,X5,2017,South America,White,Electric,Manual,3.4,34078,106717,3421,Low
12/31/2023,i3,2023,Europe,Blue,Hybrid,Automatic,2.5,169518,83538,6074,High
12/31/2023,M3,2023,Asia,Silver,Hybrid,Automatic,3.1,167517,114082,3844,Low
12/31/2013,M3,2013,Africa,Red,Electric,Automatic,2.9,179725,68952,964,Low
12/31/2019,X5,2019,South America,Black,Petrol,Automatic,3.9,137914,89319,8922,High
12/31/2016,5 Series,2016,Africa,Blue,Diesel,Automatic,4.5,134166,73417,3902,Low
12/31/2015,X1,2015,Africa,Blue,Petrol,Manual,4.2,172358,44405,4723,Low
12/31/2024,M3,2024,North America,Blue,Hybrid,Automatic,1.5,122900,117103,3637,Low
12/31/2015,X6,2015,Middle East,Blue,Hybrid,Automatic,1.8,101319,88166,2518,Low
12/31/2016,5 Series,2016,Europe,Red,Diesel,Automatic,3,167363,27921,7099,High
12/31/2013,7 Series,2013,Middle East,Red,Petrol,Automatic,4.5,174791,89107,274,Low
12/31/2015,3 Series,2015,Asia,Grey,Diesel,Automatic,2.3,24680,66341,9758,High
12/31/2012,X6,2012,Africa,Red,Electric,Manual,4.6,51274,100830,1202,Low
12/31/2014,X6,2014,North America,Grey,Hybrid,Manual,1.9,45841,86947,3971,Low
12/31/2022,i8,2022,Middle East,Blue,Hybrid,Automatic,1.8,173204,149530,643,Low
12/31/2022,i3,2022,South America,Grey,Diesel,Automatic,4.7,58846,104575,2891,Low
12/31/2023,M3,2023,Middle East,Grey,Hybrid,Manual,2.1,61320,127950,2375,Low
12/31/2024,X3,2024,South America,White,Hybrid,Manual,3.1,34732,123631,5303,High
12/31/2022,X6,2022,Middle East,Silver,Electric,Manual,2.6,86625,123216,3457,Low
12/31/2011,M3,2011,Middle East,Grey,Electric,Automatic,2,70736,79350,1005,Low
12/31/2012,X5,2012,Middle East,Red,Diesel,Manual,3.7,110996,62890,3907,Low
12/31/2022,M5,2022,Africa,Grey,Diesel,Manual,4.9,78550,141623,683,Low
12/31/2018,X5,2018,Middle East,Blue,Hybrid,Manual,3.8,135339,102529,4308,Low
12/31/2015,5 Series,2015,Asia,White,Petrol,Manual,2.7,156195,58895,7694,High
12/31/2012,X1,2012,South America,Black,Electric,Automatic,4,51491,68721,4282,Low
12/31/2011,X6,2011,South America,Black,Diesel,Manual,2,112794,47718,2222,Low
12/31/2014,7 Series,2014,South America,Blue,Diesel,Automatic,3.5,8695,107271,50,Low
12/31/2019,M5,2019,Africa,Black,Petrol,Manual,3.1,142656,104691,904,Low
12/31/2023,5 Series,2023,North America,Silver,Electric,Automatic,2.8,110800,114949,6802,High
12/31/2014,M3,2014,Middle East,Blue,Petrol,Automatic,4.1,3272,107397,1193,Low
12/31/2010,3 Series,2010,Middle East,White,Diesel,Manual,1.9,191381,25000,5794,High
12/31/2012,i8,2012,North America,Black,Diesel,Automatic,3.4,170333,106069,50,Low
12/31/2016,M3,2016,Middle East,White,Electric,Manual,4.5,77303,112630,1343,Low
12/31/2018,5 Series,2018,Africa,Grey,Hybrid,Manual,2.2,190249,66636,4173,Low
12/31/2014,X6,2014,Africa,White,Petrol,Manual,2.4,36814,83187,1528,Low
12/31/2013,X3,2013,Africa,Blue,Hybrid,Manual,3.8,90607,67264,4551,Low
12/31/2012,M3,2012,Middle East,Black,Hybrid,Automatic,4.2,46143,96965,927,Low
12/31/2019,i8,2019,Asia,Silver,Hybrid,Automatic,2.5,18315,166806,247,Low
12/31/2022,M5,2022,Asia,Red,Petrol,Automatic,2.8,145646,127329,1861,Low
12/31/2018,X1,2018,Asia,Silver,Electric,Automatic,4.1,109488,84052,7941,High
12/31/2023,X5,2023,Africa,Silver,Diesel,Automatic,2.5,15365,121136,3198,Low
12/31/2016,i3,2016,Middle East,White,Diesel,Automatic,3.8,58476,73705,2948,Low
12/31/2021,M3,2021,Asia,Grey,Electric,Manual,2.1,106945,107177,3499,Low
12/31/2016,5 Series,2016,Middle East,Black,Electric,Manual,2.9,100031,89675,4609,Low
12/31/2023,i3,2023,Africa,White,Electric,Manual,3.9,169219,39740,4734,Low
12/31/2022,X3,2022,Europe,Silver,Electric,Manual,3.1,166757,91450,9349,High
12/31/2017,M3,2017,South America,Grey,Diesel,Manual,1.6,193450,51131,1981,Low
12/31/2019,i3,2019,Africa,White,Diesel,Manual,2.9,129730,59849,3332,Low
12/31/2010,X3,2010,North America,Black,Petrol,Manual,2.5,16072,50608,7089,High
12/31/2020,X1,2020,Africa,Grey,Petrol,Manual,1.9,118529,55667,4014,Low
12/31/2013,X5,2013,Africa,Red,Petrol,Manual,1.5,25078,66065,2332,Low
12/31/2022,M5,2022,Middle East,Silver,Hybrid,Manual,1.7,176146,119159,2180,Low
12/31/2022,X6,2022,Africa,Blue,Electric,Automatic,4.8,73472,135011,2663,Low
12/31/2014,X1,2014,North America,White,Diesel,Automatic,4.1,3700,72928,6646,High
12/31/2014,i8,2014,Africa,Red,Diesel,Manual,4.8,144625,115870,50,Low
12/31/2010,X3,2010,South America,Red,Electric,Manual,1.9,1348,64228,4030,Low
12/31/2012,i8,2012,North America,Blue,Hybrid,Automatic,3.5,19590,145747,50,Low
12/31/2011,X5,2011,Asia,White,Electric,Manual,1.8,22181,79737,5846,High
12/31/2021,X3,2021,Asia,Silver,Hybrid,Automatic,1.6,29449,99318,9634,High
12/31/2016,7 Series,2016,Europe,White,Diesel,Automatic,3.1,23319,117618,914,Low
12/31/2022,5 Series,2022,Asia,White,Electric,Manual,3.8,177157,104352,9008,High
12/31/2023,M5,2023,South America,Grey,Petrol,Automatic,1.7,84459,129026,1311,Low
12/31/2014,X6,2014,North America,Silver,Electric,Manual,2.8,153462,80336,3930,Low
12/31/2012,3 Series,2012,Middle East,Red,Diesel,Automatic,1.8,39517,46316,5711,High
12/31/2020,X3,2020,Europe,Black,Hybrid,Manual,2.8,114095,83598,9404,High
12/31/2017,3 Series,2017,Africa,Blue,Hybrid,Manual,3.2,32218,84874,5275,High
12/31/2010,M5,2010,North America,Red,Electric,Automatic,2.7,15904,118635,382,Low
12/31/2010,3 Series,2010,South America,White,Diesel,Manual,3.5,121254,29386,5472,High
12/31/2023,3 Series,2023,South America,White,Petrol,Manual,3.5,116227,92565,6129,High
12/31/2015,X5,2015,South America,Silver,Diesel,Automatic,2.7,74660,76027,3639,Low
12/31/2010,5 Series,2010,North America,Blue,Diesel,Manual,2.9,65604,49360,6298,High
12/31/2013,M3,2013,Europe,Blue,Petrol,Automatic,3,189157,55991,2801,Low
12/31/2015,M3,2015,Europe,White,Electric,Automatic,2.8,165662,84075,2344,Low
12/31/2010,i3,2010,Europe,Red,Hybrid,Manual,4.2,69415,59123,4210,Low
12/31/2022,X5,2022,Middle East,Grey,Electric,Manual,2,112597,112588,4368,Low
12/31/2018,M5,2018,Africa,White,Hybrid,Manual,4.5,75560,132670,727,Low
12/31/2024,X1,2024,Asia,Silver,Diesel,Manual,2.7,44487,95385,9879,High
12/31/2013,X1,2013,South America,Blue,Electric,Automatic,4,141471,53980,4133,Low
12/31/2018,5 Series,2018,Africa,Black,Diesel,Automatic,4.6,68943,90679,3770,Low
12/31/2018,3 Series,2018,South America,Silver,Diesel,Automatic,4.6,75149,36879,6564,High
12/31/2022,i8,2022,Middle East,Silver,Petrol,Manual,3.1,74159,160326,50,Low
12/31/2015,5 Series,2015,Africa,White,Hybrid,Automatic,2.4,122796,70141,3799,Low
12/31/2022,i3,2022,South America,Silver,Petrol,Manual,3.6,54399,96003,3796,Low
12/31/2016,X3,2016,Africa,Grey,Hybrid,Automatic,2.1,53646,76668,4915,Low
12/31/2024,M3,2024,Africa,Silver,Hybrid,Automatic,4.3,133130,125474,2029,Low
12/31/2022,i3,2022,Middle East,White,Petrol,Automatic,4,32345,114771,3504,Low
12/31/2010,X6,2010,Middle East,Blue,Electric,Manual,4.3,194132,67459,1917,Low
12/31/2014,i3,2014,South America,Black,Diesel,Automatic,3,195226,34152,3105,Low
12/31/2012,3 Series,2012,Europe,White,Diesel,Manual,3.5,76190,47411,7601,High
12/31/2019,X5,2019,Asia,White,Diesel,Manual,1.9,26317,94132,6207,High
12/31/2019,5 Series,2019,Asia,Black,Petrol,Automatic,3.9,30323,112447,6756,High
12/31/2022,X3,2022,South America,Silver,Electric,Automatic,3.2,129558,104880,6808,High
12/31/2015,3 Series,2015,Middle East,Red,Diesel,Automatic,3.3,92861,63297,6639,High
12/31/2013,i8,2013,Africa,Blue,Diesel,Manual,4.5,164581,103028,50,Low
12/31/2024,i8,2024,Europe,Black,Petrol,Manual,4.2,157621,158626,615,Low
12/31/2022,5 Series,2022,North America,Grey,Electric,Automatic,3.4,26841,75963,6949,High
12/31/2023,5 Series,2023,Africa,Blue,Electric,Automatic,2.7,134017,107716,4081,Low
12/31/2022,i8,2022,South America,Silver,Electric,Automatic,3.1,90787,162434,351,Low
12/31/2018,5 Series,2018,Europe,Red,Electric,Manual,2.7,133338,84365,7604,High
12/31/2016,M5,2016,South America,Red,Petrol,Automatic,2,16908,120996,325,Low
12/31/2024,M3,2024,Asia,Black,Electric,Automatic,3.8,163543,124818,793,Low
12/31/2023,3 Series,2023,Europe,Silver,Electric,Automatic,3.9,30167,124672,9660,High
12/31/2024,M3,2024,South America,Black,Electric,Automatic,4.9,181799,123083,2492,Low
12/31/2013,X1,2013,Africa,Black,Diesel,Manual,3.1,103952,36164,3408,Low
12/31/2022,X3,2022,North America,Black,Hybrid,Automatic,5,176422,104027,9578,High
12/31/2020,3 Series,2020,Asia,Grey,Diesel,Manual,2.2,108246,68713,9131,High
12/31/2015,5 Series,2015,South America,Silver,Diesel,Automatic,3.8,84902,76270,3998,Low
12/31/2011,i3,2011,Europe,Red,Petrol,Automatic,5,35939,65646,3828,Low
12/31/2023,X6,2023,Middle East,Red,Petrol,Automatic,3.7,19050,142762,3067,Low
12/31/2012,X1,2012,Europe,White,Electric,Automatic,3.1,165188,44781,7363,High
12/31/2024,5 Series,2024,Asia,Blue,Electric,Automatic,3.3,182904,110482,8297,High
12/31/2020,i3,2020,Africa,Silver,Electric,Automatic,4.5,7965,121038,3195,Low
12/31/2016,i3,2016,Europe,Grey,Diesel,Automatic,4.8,51014,84276,5021,High
12/31/2020,X5,2020,Asia,Silver,Diesel,Automatic,3.1,183101,84062,6539,High
12/31/2021,i8,2021,Middle East,Red,Electric,Automatic,4.2,55103,191791,50,Low
12/31/2013,i3,2013,North America,Grey,Petrol,Automatic,4.8,185133,50542,4845,Low
12/31/2023,X3,2023,Asia,White,Petrol,Automatic,2.5,53814,103182,9240,High
12/31/2021,i3,2021,Africa,White,Diesel,Automatic,3.2,71612,89038,2557,Low
12/31/2019,M5,2019,Asia,Blue,Diesel,Automatic,5,171265,123651,1549,Low
12/31/2016,M3,2016,Asia,Blue,Petrol,Manual,2.7,13927,94485,2934,Low
12/31/2018,i8,2018,South America,Blue,Electric,Manual,3.7,192890,133824,184,Low
12/31/2023,X3,2023,South America,Red,Hybrid,Automatic,3.8,124021,100716,5526,High
12/31/2022,i8,2022,Europe,Grey,Electric,Manual,2,53183,173287,483,Low
12/31/2014,5 Series,2014,Africa,Silver,Petrol,Manual,4.3,29853,80025,3215,Low
12/31/2023,M3,2023,North America,Grey,Hybrid,Automatic,2.9,134441,113356,3408,Low
12/31/2010,i8,2010,Middle East,Silver,Diesel,Manual,3.3,38061,123333,50,Low
12/31/2014,5 Series,2014,Middle East,White,Petrol,Manual,3.7,119118,70390,4872,Low
12/31/2015,7 Series,2015,North America,Silver,Petrol,Manual,2.9,107128,48437,1596,Low
12/31/2023,X1,2023,South America,White,Electric,Manual,2.6,198538,74863,6529,High
12/31/2020,3 Series,2020,Middle East,White,Diesel,Manual,3.4,163986,66414,6576,High
12/31/2011,3 Series,2011,Middle East,Silver,Hybrid,Manual,2.7,88925,52377,5084,High
12/31/2017,i8,2017,Europe,White,Hybrid,Automatic,3,147000,136247,50,Low
12/31/2022,M5,2022,Asia,Grey,Electric,Automatic,1.9,114239,139384,2659,Low
12/31/2011,i3,2011,South America,Red,Diesel,Automatic,4.5,14245,61867,2280,Low
12/31/2024,i8,2024,Europe,White,Hybrid,Automatic,2.9,133638,166442,970,Low
12/31/2023,M3,2023,Africa,Red,Petrol,Automatic,1.8,169205,88135,1989,Low
12/31/2018,3 Series,2018,South America,Silver,Diesel,Manual,4.3,140451,65012,6433,High
12/31/2023,3 Series,2023,Middle East,Black,Diesel,Manual,1.6,166487,65216,7401,High
12/31/2022,5 Series,2022,Europe,Black,Electric,Manual,3.6,124612,115143,7984,High
12/31/2011,3 Series,2011,South America,Blue,Diesel,Manual,4,89674,43704,5210,High
12/31/2012,X3,2012,Middle East,White,Petrol,Automatic,2.2,1903,63910,5640,High
12/31/2017,i3,2017,Middle East,Red,Diesel,Manual,2,49318,66400,3559,Low
12/31/2020,3 Series,2020,Middle East,Silver,Electric,Automatic,1.9,2586,108740,6692,High
12/31/2015,X6,2015,Africa,Red,Hybrid,Manual,5,921,114756,1519,Low
12/31/2010,i8,2010,Europe,Black,Petrol,Manual,4.1,190415,97876,50,Low
12/31/2024,X1,2024,South America,Grey,Electric,Automatic,2.6,74993,109725,5218,High
12/31/2013,i8,2013,Middle East,Red,Electric,Manual,2.7,132856,123155,50,Low
12/31/2014,M5,2014,Asia,Black,Diesel,Manual,3.8,45768,116352,1181,Low
12/31/2023,X5,2023,Middle East,Blue,Hybrid,Manual,3.1,188574,106982,5262,High
12/31/2020,M3,2020,Middle East,Silver,Electric,Automatic,2.4,11579,127062,2240,Low
12/31/2012,i8,2012,South America,Red,Electric,Automatic,1.7,174215,102138,50,Low
12/31/2010,X3,2010,Africa,Silver,Electric,Manual,4.2,50981,65504,3800,Low
12/31/2012,7 Series,2012,Asia,Black,Diesel,Automatic,4.6,178602,79025,1018,Low
12/31/2022,X6,2022,Europe,White,Hybrid,Manual,2.2,68188,120604,5073,High
12/31/2018,M3,2018,Asia,Red,Hybrid,Manual,1.7,126495,83340,3826,Low
12/31/2011,i8,2011,South America,Red,Petrol,Manual,1.9,23123,105458,50,Low
12/31/2010,X5,2010,Asia,Red,Hybrid,Manual,2.9,158892,50817,4834,Low
12/31/2016,i8,2016,North America,Blue,Electric,Automatic,2.5,118516,146347,50,Low
12/31/2022,7 Series,2022,Middle East,Grey,Electric,Manual,1.8,39381,150836,1367,Low
12/31/2016,7 Series,2016,Europe,Grey,Petrol,Automatic,3.1,114261,96821,1114,Low
12/31/2014,3 Series,2014,South America,Black,Petrol,Manual,2.2,154298,35454,6222,High
12/31/2011,i8,2011,South America,Black,Diesel,Automatic,1.7,56960,107711,50,Low
12/31/2023,X3,2023,Africa,Silver,Hybrid,Manual,3.8,143264,94927,5846,High
12/31/2010,M3,2010,South America,White,Petrol,Automatic,3.5,55524,68889,868,Low
12/31/2022,i3,2022,South America,White,Petrol,Manual,4.4,174110,79345,3286,Low
12/31/2014,7 Series,2014,North America,Red,Diesel,Automatic,2.6,62054,100542,1000,Low
12/31/2019,X1,2019,Europe,Black,Diesel,Manual,2,6862,74041,6791,High
12/31/2013,X6,2013,South America,White,Petrol,Automatic,2.8,74016,75356,1802,Low
12/31/2018,X5,2018,Africa,Blue,Petrol,Manual,4.2,191434,71844,3529,Low
12/31/2014,i8,2014,Middle East,Blue,Hybrid,Automatic,2.3,90158,141679,50,Low
12/31/2020,i8,2020,North America,Red,Electric,Automatic,2.4,139921,148893,739,Low
12/31/2019,X1,2019,South America,Grey,Electric,Automatic,2,190069,58753,5400,High
12/31/2021,X3,2021,North America,Red,Diesel,Manual,5,147703,88127,8298,High
12/31/2021,i8,2021,North America,Black,Petrol,Automatic,4.9,125118,166541,50,Low
12/31/2011,X3,2011,North America,Silver,Diesel,Manual,3.8,139739,40467,8631,High
12/31/2013,M3,2013,Europe,Black,Petrol,Automatic,2.3,129449,59921,2664,Low
12/31/2022,X5,2022,Africa,White,Petrol,Automatic,4.2,187225,94632,3854,Low
12/31/2021,X3,2021,North America,Red,Diesel,Manual,3.5,99665,90264,9632,High
12/31/2018,X5,2018,North America,Black,Hybrid,Automatic,4.1,25223,115796,6283,High
12/31/2017,X5,2017,Asia,Blue,Hybrid,Manual,4.5,171013,89272,6773,High
12/31/2012,X1,2012,South America,Black,Diesel,Manual,2.6,1241,46500,4698,Low
12/31/2017,i3,2017,South America,Blue,Hybrid,Manual,4.7,46126,90133,2697,Low
12/31/2022,7 Series,2022,North America,Black,Electric,Manual,4.6,97874,66482,3264,Low
12/31/2011,5 Series,2011,North America,Silver,Electric,Automatic,3.4,58522,76455,5114,High
12/31/2012,7 Series,2012,Asia,Red,Petrol,Manual,3.9,144698,85681,961,Low
12/31/2023,M3,2023,North America,White,Petrol,Automatic,2.9,192081,92405,3591,Low
12/31/2014,X6,2014,North America,Blue,Petrol,Manual,3.8,124675,75586,3675,Low
12/31/2020,7 Series,2020,Europe,Red,Petrol,Automatic,3.4,163926,111443,1618,Low
12/31/2021,X3,2021,Middle East,White,Hybrid,Automatic,2.6,163719,88600,6628,High
12/31/2023,X3,2023,North America,Red,Petrol,Manual,2.6,187367,75155,9464,High
12/31/2019,5 Series,2019,South America,Black,Diesel,Manual,3.8,52100,97077,4280,Low
12/31/2019,X5,2019,North America,White,Hybrid,Automatic,4.8,187567,104640,6843,High
12/31/2017,X1,2017,Middle East,Blue,Electric,Manual,2.2,40138,81226,5841,High
12/31/2010,X6,2010,Europe,Silver,Diesel,Automatic,2.9,192013,42472,3436,Low
12/31/2013,X3,2013,Europe,Silver,Hybrid,Automatic,4.3,136842,63003,7644,High
12/31/2010,i8,2010,Africa,Grey,Hybrid,Manual,1.9,181580,83947,50,Low
12/31/2010,X6,2010,Europe,Red,Diesel,Automatic,5,102933,71907,3146,Low
12/31/2021,X3,2021,Africa,Red,Electric,Manual,3.9,189159,83895,5852,High
12/31/2014,i8,2014,Asia,Blue,Diesel,Manual,4.7,55571,138665,50,Low
12/31/2015,5 Series,2015,Europe,Silver,Diesel,Automatic,4.4,23168,93447,6875,High
12/31/2024,i8,2024,North America,Red,Petrol,Manual,4.2,97812,181040,287,Low
12/31/2010,7 Series,2010,Europe,Blue,Petrol,Automatic,1.6,134962,59729,837,Low
12/31/2020,M5,2020,North America,White,Hybrid,Automatic,2.9,88408,146367,1985,Low
12/31/2015,X5,2015,Africa,Black,Petrol,Automatic,2.2,123995,65008,2616,Low
12/31/2014,X5,2014,Asia,Black,Petrol,Manual,4.5,145508,68957,5230,High
12/31/2013,3 Series,2013,Middle East,White,Electric,Manual,3.9,82615,75056,5870,High
12/31/2019,7 Series,2019,Middle East,White,Electric,Automatic,1.9,165987,115703,1122,Low
12/31/2014,X3,2014,Africa,White,Diesel,Manual,2.8,74113,25074,4782,Low
12/31/2017,X5,2017,Asia,Grey,Electric,Automatic,1.7,122151,86644,5539,High
12/31/2018,X3,2018,Asia,Blue,Electric,Automatic,4.1,88220,97411,8089,High
12/31/2020,X5,2020,Africa,Red,Hybrid,Manual,3,96175,96995,3309,Low
12/31/2023,X5,2023,North America,Red,Petrol,Manual,2.3,86415,104059,6714,High
12/31/2021,X3,2021,Africa,Grey,Diesel,Automatic,3.3,130010,76650,4704,Low
12/31/2011,X6,2011,North America,Black,Hybrid,Manual,1.6,148808,57498,3726,Low
12/31/2015,i3,2015,North America,Red,Hybrid,Manual,2.4,104951,62891,4811,Low
12/31/2012,M3,2012,Asia,Grey,Diesel,Manual,2.1,106855,53532,2363,Low
12/31/2024,X1,2024,Middle East,Blue,Petrol,Automatic,4.8,7276,122074,4736,Low
12/31/2011,3 Series,2011,Europe,Grey,Hybrid,Manual,2.8,161278,37737,7914,High
12/31/2021,i8,2021,Middle East,Silver,Diesel,Automatic,3.5,125060,159302,50,Low
12/31/2023,X3,2023,Middle East,Red,Petrol,Manual,3.3,133304,93793,5978,High
12/31/2022,5 Series,2022,South America,Silver,Diesel,Automatic,3.8,11916,116238,4601,Low
12/31/2010,3 Series,2010,Middle East,Red,Petrol,Automatic,2.5,36076,47674,1235,Low
12/31/2013,X3,2013,Africa,Black,Diesel,Manual,1.9,50008,49890,4725,Low
12/31/2017,5 Series,2017,Europe,Silver,Hybrid,Manual,1.8,197508,57747,6190,High
12/31/2012,X1,2012,Asia,Red,Hybrid,Automatic,2.2,149997,35287,7757,High
12/31/2014,3 Series,2014,South America,Black,Diesel,Automatic,3.2,102024,53548,5793,High
12/31/2023,X1,2023,Middle East,Grey,Diesel,Automatic,2.3,113712,76972,6557,High
12/31/2019,i8,2019,South America,Grey,Diesel,Manual,3,77458,141284,50,Low
12/31/2014,i3,2014,Middle East,White,Petrol,Manual,1.6,107524,43433,3127,Low
12/31/2014,X5,2014,Africa,Red,Hybrid,Automatic,3.7,64735,86886,2822,Low
12/31/2020,X1,2020,Asia,Silver,Hybrid,Manual,4.6,57223,98323,9384,High
12/31/2018,M3,2018,Asia,White,Petrol,Manual,1.7,57490,86779,3496,Low
12/31/2024,X5,2024,Europe,Grey,Petrol,Manual,2.3,131970,97638,7216,High
12/31/2017,7 Series,2017,Middle East,Silver,Petrol,Manual,2.6,58646,110542,533,Low
12/31/2017,X1,2017,Africa,Blue,Diesel,Manual,2.5,75562,28993,4248,Low
12/31/2022,i3,2022,Africa,Silver,Diesel,Manual,1.6,31497,79882,3286,Low
12/31/2022,5 Series,2022,Middle East,Red,Electric,Manual,1.9,135251,105404,4754,Low
12/31/2010,M5,2010,Africa,Black,Diesel,Manual,4.7,193509,68954,68,Low
12/31/2010,i3,2010,Middle East,Grey,Hybrid,Automatic,4,33684,66396,2464,Low
12/31/2011,i3,2011,North America,Grey,Electric,Manual,4.9,107853,68456,4019,Low
12/31/2023,X1,2023,Asia,Red,Petrol,Automatic,3,77121,92838,8736,High
12/31/2017,X5,2017,South America,Red,Hybrid,Manual,4.6,175839,89670,3149,Low
12/31/2019,M5,2019,Asia,Black,Electric,Manual,4.4,1388,166470,1808,Low
12/31/2010,X5,2010,Asia,Red,Petrol,Manual,4.6,124011,60571,5092,High
12/31/2024,i3,2024,Europe,Blue,Diesel,Automatic,1.6,125659,83177,5204,High
12/31/2013,i8,2013,South America,Silver,Diesel,Manual,3.8,163095,108326,50,Low
12/31/2018,7 Series,2018,Asia,White,Diesel,Automatic,3.5,188305,93740,1523,Low
12/31/2011,7 Series,2011,Asia,White,Petrol,Automatic,3.4,78122,91285,587,Low
12/31/2012,7 Series,2012,Europe,Black,Hybrid,Manual,3.3,128380,89225,665,Low
12/31/2020,M5,2020,South America,Black,Petrol,Manual,4.3,38894,136488,632,Low
12/31/2015,X3,2015,Middle East,Silver,Hybrid,Automatic,4.9,199588,68676,5813,High
12/31/2022,M3,2022,Asia,Black,Electric,Manual,4.4,97907,135508,3670,Low
12/31/2024,X3,2024,Europe,Silver,Hybrid,Manual,4.5,20114,131999,10181,High
12/31/2020,3 Series,2020,Africa,Red,Diesel,Automatic,3.2,67404,80038,4743,Low
12/31/2019,X3,2019,Europe,Silver,Petrol,Automatic,3.9,75155,94552,7327,High
12/31/2012,i3,2012,North America,Blue,Petrol,Automatic,3,155344,36836,5470,High
12/31/2024,X5,2024,Europe,White,Petrol,Automatic,2.8,118554,113698,7048,High
12/31/2024,7 Series,2024,Europe,Red,Hybrid,Automatic,4.6,162418,146115,2423,Low
12/31/2013,X3,2013,Middle East,Black,Hybrid,Automatic,4.7,25347,88576,4497,Low
12/31/2018,i8,2018,North America,Grey,Hybrid,Automatic,3.9,71227,155555,279,Low
12/31/2018,3 Series,2018,Africa,Red,Hybrid,Manual,4.4,16164,103057,5521,High
12/31/2019,3 Series,2019,Africa,Silver,Hybrid,Manual,2.8,181312,66327,5743,High
12/31/2014,i3,2014,North America,Red,Diesel,Automatic,3,65419,60786,5159,High
12/31/2016,M3,2016,Middle East,Grey,Petrol,Manual,4.4,174121,76609,1939,Low
12/31/2018,3 Series,2018,Middle East,Blue,Electric,Automatic,2.9,58732,96162,5850,High
12/31/2017,i8,2017,Middle East,Red,Diesel,Manual,1.6,63986,127053,50,Low
12/31/2020,M5,2020,North America,Red,Petrol,Manual,2.7,165754,109016,2230,Low
12/31/2016,5 Series,2016,Middle East,White,Electric,Manual,2.9,178145,75891,3897,Low
12/31/2021,M5,2021,Asia,Red,Hybrid,Manual,2,7464,155071,2176,Low
12/31/2017,7 Series,2017,Europe,Silver,Petrol,Manual,2.7,74794,109568,1164,Low
12/31/2014,X5,2014,South America,Black,Electric,Automatic,4.8,161475,83073,3420,Low
12/31/2014,i8,2014,Africa,Red,Petrol,Automatic,4.5,12530,150501,50,Low
12/31/2014,M3,2014,Europe,Blue,Petrol,Manual,3.1,19320,82926,2462,Low
12/31/2010,M3,2010,Middle East,Silver,Petrol,Automatic,4,164999,54769,1145,Low
12/31/2015,X1,2015,Europe,Silver,Petrol,Automatic,2,69967,51616,8075,High
12/31/2014,5 Series,2014,North America,Blue,Electric,Manual,4.1,81904,87477,7013,High
12/31/2017,X6,2017,Asia,Red,Hybrid,Automatic,3.2,81642,103748,4168,Low
12/31/2017,5 Series,2017,South America,Blue,Diesel,Automatic,4,73338,90555,3520,Low
12/31/2011,X3,2011,Africa,Black,Petrol,Manual,3.8,103432,43332,4713,Low
12/31/2020,X3,2020,North America,Black,Petrol,Automatic,2.3,114408,76498,8494,High
12/31/2015,5 Series,2015,Europe,Silver,Hybrid,Automatic,4.4,88919,95156,5232,High
12/31/2021,X3,2021,South America,Grey,Electric,Manual,3.5,3878,119884,6330,High
12/31/2020,7 Series,2020,South America,Silver,Electric,Manual,4.2,17280,156354,607,Low
12/31/2019,7 Series,2019,South America,Silver,Petrol,Manual,1.8,25224,114719,588,Low
12/31/2019,X6,2019,Europe,Black,Diesel,Manual,3.7,153965,89195,4850,Low
12/31/2024,5 Series,2024,Europe,Grey,Diesel,Manual,2.5,58164,111913,7544,High
12/31/2015,i3,2015,South America,Silver,Hybrid,Manual,4.5,165294,60227,3103,Low
12/31/2012,X6,2012,Middle East,Red,Diesel,Manual,4.8,44206,87861,1929,Low
12/31/2010,X3,2010,Europe,Red,Diesel,Manual,1.7,71358,33519,8044,High
12/31/2016,M3,2016,Middle East,Blue,Petrol,Automatic,4,148234,86147,1781,Low
12/31/2019,5 Series,2019,Europe,White,Petrol,Manual,1.9,47280,83222,7044,High
12/31/2014,3 Series,2014,South America,Grey,Electric,Automatic,4.5,47144,89711,4386,Low
12/31/2021,i3,2021,South America,Blue,Hybrid,Automatic,1.9,94134,88743,4303,Low
12/31/2021,X1,2021,Africa,Red,Petrol,Automatic,2.2,187500,51852,4881,Low
12/31/2019,M5,2019,Europe,Silver,Electric,Automatic,2.4,161026,123304,2090,Low
12/31/2014,i8,2014,Asia,White,Electric,Automatic,4,90849,153666,50,Low
12/31/2020,M5,2020,Asia,White,Hybrid,Manual,2.5,72015,135419,2551,Low
12/31/2017,i8,2017,Africa,Red,Diesel,Automatic,3.6,192269,113830,50,Low
12/31/2021,5 Series,2021,South America,Silver,Electric,Manual,3.5,125795,102684,4524,Low
12/31/2014,X3,2014,Asia,Black,Petrol,Automatic,2.9,92738,59206,7854,High
12/31/2014,X5,2014,Middle East,Black,Electric,Automatic,3.4,88175,95535,3110,Low
12/31/2010,M5,2010,Africa,Grey,Diesel,Manual,1.9,177393,52714,313,Low
12/31/2011,i3,2011,Africa,Silver,Hybrid,Manual,4.6,21637,72922,1681,Low
12/31/2014,3 Series,2014,North America,Grey,Petrol,Manual,2.2,173071,33003,11115,High
12/31/2016,7 Series,2016,Asia,Grey,Petrol,Automatic,4.6,179123,100678,1122,Low
12/31/2012,5 Series,2012,Africa,White,Diesel,Manual,3.3,184935,36736,7068,High
12/31/2021,M3,2021,Europe,White,Petrol,Automatic,3.6,86524,109584,2628,Low
12/31/2024,5 Series,2024,Europe,Silver,Electric,Automatic,2.4,196556,100960,1946,Low
12/31/2010,7 Series,2010,Europe,Silver,Hybrid,Automatic,2.3,36148,96122,271,Low
12/31/2020,5 Series,2020,Africa,Red,Electric,Automatic,3.2,152484,91689,4165,Low
12/31/2021,i3,2021,Africa,Black,Diesel,Automatic,2.4,50135,79864,3158,Low
12/31/2011,i8,2011,North America,Red,Hybrid,Automatic,3,32768,132277,50,Low
12/31/2012,X1,2012,Asia,Silver,Petrol,Manual,3,27119,52580,6559,High
12/31/2021,M3,2021,South America,Red,Electric,Manual,2.4,178844,97641,2808,Low
12/31/2018,X3,2018,North America,White,Petrol,Manual,2.5,153434,76666,8083,High
12/31/2017,5 Series,2017,Africa,Grey,Diesel,Manual,4.9,197005,66536,3221,Low
12/31/2024,M3,2024,Asia,Grey,Hybrid,Automatic,3.6,79615,134162,4026,Low
12/31/2013,M5,2013,Africa,White,Petrol,Automatic,4.4,87886,105459,50,Low
12/31/2017,i8,2017,Europe,Silver,Hybrid,Automatic,1.7,159945,120147,111,Low
12/31/2022,M3,2022,South America,Red,Electric,Manual,1.5,122519,99708,2473,Low
12/31/2018,5 Series,2018,Middle East,Blue,Electric,Automatic,3.3,60431,112007,4805,Low
12/31/2012,i3,2012,North America,Grey,Hybrid,Automatic,4.4,82588,72421,4476,Low
12/31/2015,X5,2015,North America,White,Petrol,Manual,3.6,81288,85520,5728,High
12/31/2017,X6,2017,Africa,Black,Petrol,Automatic,3.7,39587,103653,1620,Low
12/31/2019,X5,2019,Asia,Red,Hybrid,Manual,2,137802,84644,6281,High
12/31/2016,X1,2016,Europe,Black,Diesel,Automatic,4.9,97298,67396,7198,High
12/31/2018,5 Series,2018,Africa,Red,Electric,Manual,3.4,181647,83699,3651,Low
12/31/2016,X1,2016,South America,Grey,Electric,Automatic,1.9,167688,49229,4426,Low
12/31/2010,X3,2010,North America,Silver,Electric,Automatic,2.9,123179,50999,6973,High
12/31/2018,i3,2018,Middle East,Grey,Petrol,Manual,1.8,10420,78506,2988,Low
12/31/2021,M3,2021,Europe,Silver,Electric,Automatic,3,28122,126677,3652,Low
12/31/2014,7 Series,2014,North America,Grey,Electric,Manual,4,66145,119313,587,Low
12/31/2015,X3,2015,South America,Red,Petrol,Manual,2.6,72266,59024,4673,Low
12/31/2011,7 Series,2011,Asia,Silver,Diesel,Manual,2.6,143826,64943,908,Low
12/31/2024,M3,2024,South America,Grey,Diesel,Automatic,3.3,78535,121474,2321,Low
12/31/2011,M5,2011,Asia,Black,Diesel,Manual,3.2,116906,83830,1244,Low
12/31/2022,X5,2022,South America,Red,Diesel,Manual,3.1,1903,118670,3364,Low
12/31/2013,X1,2013,Africa,White,Electric,Manual,3.3,76755,59624,3158,Low
12/31/2013,X3,2013,South America,White,Petrol,Manual,1.7,79656,43294,5114,High
12/31/2014,X6,2014,Africa,Red,Electric,Manual,3.2,143370,83628,1475,Low
12/31/2016,X5,2016,North America,White,Diesel,Automatic,5,140,111134,5237,High
12/31/2022,5 Series,2022,North America,White,Electric,Automatic,4.2,134352,123703,8110,High
12/31/2020,M3,2020,South America,Blue,Petrol,Automatic,2.5,129962,90507,2081,Low
12/31/2021,M5,2021,Europe,Black,Hybrid,Manual,3.9,59862,155754,1649,Low
12/31/2024,i8,2024,Asia,Red,Petrol,Automatic,2.7,188725,143329,846,Low
12/31/2010,X5,2010,Africa,Grey,Electric,Automatic,2.2,141195,53504,2373,Low
12/31/2019,M3,2019,Europe,Black,Diesel,Automatic,4.2,93146,101500,2846,Low
12/31/2013,X1,2013,Europe,Black,Diesel,Manual,2.2,136918,27440,7550,High
12/31/2022,3 Series,2022,South America,Black,Hybrid,Manual,4.5,193846,89216,5920,High
12/31/2018,X6,2018,Europe,Silver,Hybrid,Automatic,2.8,190579,83761,5180,High
12/31/2017,M3,2017,Asia,Silver,Diesel,Manual,4.1,83080,91650,2945,Low
12/31/2012,7 Series,2012,South America,White,Diesel,Automatic,2.4,62697,86829,50,Low
12/31/2015,5 Series,2015,Asia,Silver,Hybrid,Manual,3.8,159960,72520,7112,High
12/31/2020,X6,2020,North America,Blue,Electric,Automatic,2.2,70360,121337,4690,Low
12/31/2018,X1,2018,Africa,Red,Hybrid,Manual,1.6,155913,51223,5395,High
12/31/2017,X5,2017,Asia,Blue,Electric,Automatic,4.4,185252,95941,5708,High
12/31/2016,M3,2016,Middle East,Black,Petrol,Automatic,4.5,29803,111683,3258,Low
12/31/2016,X3,2016,Middle East,Red,Diesel,Automatic,4.6,141826,69469,5479,High
12/31/2010,M3,2010,Europe,White,Diesel,Automatic,1.6,188055,29275,2637,Low
12/31/2024,X5,2024,Europe,Grey,Diesel,Manual,4.2,62551,117835,5631,High
12/31/2014,X5,2014,South America,Grey,Electric,Automatic,4.4,7673,109935,2308,Low
12/31/2016,7 Series,2016,Middle East,Grey,Diesel,Automatic,2.6,17928,115331,354,Low
12/31/2023,5 Series,2023,Africa,White,Petrol,Automatic,3.1,87025,99888,3936,Low
12/31/2022,i8,2022,Middle East,Red,Hybrid,Manual,2.9,138528,158149,505,Low
12/31/2011,5 Series,2011,Africa,Grey,Diesel,Automatic,3,125965,42855,3024,Low
12/31/2024,M5,2024,Europe,Silver,Hybrid,Manual,4.5,7991,183402,2115,Low
12/31/2015,X1,2015,Europe,Red,Electric,Automatic,3,1989,82833,5918,High
12/31/2023,X5,2023,Asia,Grey,Electric,Automatic,2.6,180303,102839,7573,High
12/31/2011,X3,2011,North America,Grey,Electric,Manual,2,158114,39508,7670,High
12/31/2012,i3,2012,Europe,Black,Electric,Manual,3.9,163780,52741,4345,Low
12/31/2010,i8,2010,Europe,Silver,Diesel,Automatic,1.8,92885,101033,50,Low
12/31/2012,i8,2012,Middle East,Black,Petrol,Automatic,1.7,5007,131762,50,Low
12/31/2024,5 Series,2024,South America,Grey,Petrol,Automatic,3.9,154486,107091,4561,Low
12/31/2016,i3,2016,South America,Grey,Hybrid,Manual,3.9,146282,64748,3258,Low
12/31/2014,X1,2014,Europe,Blue,Hybrid,Automatic,2.2,100425,54477,8188,High
12/31/2013,5 Series,2013,Asia,White,Hybrid,Manual,4.9,182793,66670,7192,High
12/31/2024,i3,2024,Middle East,Red,Petrol,Automatic,4.3,150067,103399,4402,Low
12/31/2024,7 Series,2024,South America,Grey,Hybrid,Manual,3.9,75631,156581,1455,Low
12/31/2022,7 Series,2022,Asia,Black,Diesel,Automatic,4.1,58617,139053,1643,Low
12/31/2021,X1,2021,Middle East,Black,Diesel,Automatic,2.9,75469,81986,5042,High
12/31/2017,X5,2017,Europe,Black,Electric,Automatic,3.1,87974,97735,4905,Low
12/31/2017,5 Series,2017,Europe,White,Electric,Automatic,4.5,162408,93812,6574,High
12/31/2010,X1,2010,Asia,Black,Electric,Manual,1.6,76968,37068,7659,High
12/31/2018,X5,2018,Africa,Silver,Petrol,Manual,4.3,14805,110999,3009,Low
12/31/2023,M5,2023,Middle East,White,Hybrid,Manual,3.1,194001,136088,1677,Low
12/31/2018,3 Series,2018,North America,Silver,Hybrid,Automatic,3.1,73678,90408,11071,High
12/31/2011,X3,2011,Europe,Black,Petrol,Manual,2.6,169104,28896,6925,High
12/31/2011,X6,2011,Asia,Grey,Electric,Automatic,3.6,127233,82302,3872,Low
12/31/2017,i8,2017,Asia,Silver,Hybrid,Manual,3.9,108620,143016,50,Low
12/31/2021,5 Series,2021,North America,Black,Electric,Manual,2.1,53076,115171,8444,High
12/31/2020,X6,2020,Middle East,White,Electric,Automatic,3.5,2125,150235,2611,Low
12/31/2015,i8,2015,North America,Black,Electric,Manual,3.1,71528,152956,50,Low
12/31/2012,7 Series,2012,Europe,Silver,Diesel,Manual,4.2,25102,101657,540,Low
12/31/2021,3 Series,2021,Europe,Grey,Petrol,Manual,3.4,161729,74388,10558,High
12/31/2011,X5,2011,Middle East,Black,Petrol,Manual,3,148186,49085,3728,Low
12/31/2014,3 Series,2014,North America,Red,Hybrid,Manual,3.4,134177,59059,9281,High
12/31/2024,M3,2024,South America,Red,Diesel,Manual,3.2,51412,118014,2357,Low
12/31/2017,i3,2017,Europe,Blue,Hybrid,Automatic,4.8,186276,72849,5016,High
12/31/2015,i3,2015,Middle East,Grey,Petrol,Manual,2.6,192175,39470,3935,Low
12/31/2021,i8,2021,North America,Blue,Electric,Automatic,1.6,188812,139422,1054,Low
12/31/2012,7 Series,2012,South America,Red,Hybrid,Manual,3.8,190167,80410,149,Low
12/31/2021,i8,2021,Middle East,Silver,Hybrid,Automatic,3.6,114034,168508,177,Low
12/31/2021,X6,2021,South America,Black,Hybrid,Automatic,4.7,184502,109188,3448,Low
12/31/2018,M3,2018,Asia,White,Electric,Automatic,1.9,181486,82815,3337,Low
12/31/2017,X6,2017,Europe,Grey,Diesel,Manual,3.3,110528,117882,3170,Low
12/31/2019,M5,2019,Europe,Red,Hybrid,Automatic,2,19028,147156,1792,Low
12/31/2015,3 Series,2015,Asia,Grey,Diesel,Automatic,3.1,157074,46852,10133,High
12/31/2010,i3,2010,North America,White,Electric,Manual,4.3,176276,44524,4925,Low
12/31/2011,i8,2011,South America,White,Electric,Automatic,4.5,155898,116130,50,Low
12/31/2013,7 Series,2013,North America,Silver,Hybrid,Automatic,4.4,181496,101896,646,Low
12/31/2011,M5,2011,Asia,Black,Petrol,Manual,3.4,160188,84315,1141,Low
12/31/2012,M5,2012,Middle East,Red,Petrol,Automatic,3.7,75793,106385,199,Low
12/31/2023,X6,2023,Middle East,Red,Petrol,Automatic,3.4,110822,117967,3317,Low
12/31/2017,M3,2017,Africa,Grey,Hybrid,Automatic,3.5,157656,88525,1290,Low
12/31/2018,3 Series,2018,North America,Red,Diesel,Automatic,4.6,134756,78425,9793,High
12/31/2015,i8,2015,South America,Silver,Diesel,Automatic,2.2,134479,106595,50,Low
12/31/2013,M5,2013,North America,Red,Hybrid,Automatic,3,13062,126641,1441,Low
12/31/2020,X5,2020,North America,Grey,Petrol,Automatic,3.6,7783,117984,5513,High
12/31/2011,i3,2011,Middle East,Red,Electric,Automatic,4.2,29034,76454,2380,Low
12/31/2016,M5,2016,Africa,Silver,Petrol,Manual,4.2,15135,130067,50,Low
12/31/2019,X6,2019,Middle East,Black,Hybrid,Automatic,1.9,147462,92262,3091,Low
12/31/2020,M3,2020,Europe,Grey,Diesel,Automatic,2.3,136743,88069,2982,Low
12/31/2016,X3,2016,Middle East,Silver,Hybrid,Automatic,4.7,89931,95757,5663,High
12/31/2019,3 Series,2019,North America,Red,Petrol,Automatic,2.8,188339,60871,10038,High
12/31/2018,M3,2018,Middle East,Red,Hybrid,Automatic,1.5,68468,103465,1946,Low
12/31/2014,M5,2014,Middle East,Silver,Diesel,Automatic,2.2,56033,111597,406,Low
12/31/2019,5 Series,2019,Asia,Black,Electric,Manual,4.9,76660,117421,7292,High
12/31/2013,X1,2013,Middle East,White,Electric,Manual,2.6,144953,48845,5096,High
12/31/2019,i8,2019,Europe,Red,Diesel,Manual,3.6,132556,133040,174,Low
12/31/2015,i3,2015,South America,Silver,Electric,Automatic,4,18944,88990,2414,Low
12/31/2021,M5,2021,South America,Grey,Hybrid,Manual,3.8,79799,145789,1417,Low
12/31/2011,5 Series,2011,Europe,Grey,Hybrid,Automatic,2.8,98081,63517,5571,High
12/31/2011,7 Series,2011,Asia,Black,Electric,Manual,3,62936,103578,536,Low
12/31/2021,X1,2021,North America,Blue,Electric,Manual,4.4,48693,104556,7017,High
12/31/2018,i3,2018,Africa,Black,Hybrid,Manual,3.8,90120,82669,3476,Low
12/31/2016,M5,2016,Asia,Red,Electric,Manual,1.6,25787,127005,1205,Low
12/31/2016,X1,2016,Africa,Blue,Diesel,Manual,2.2,119060,38640,4517,Low
12/31/2022,3 Series,2022,Asia,Red,Hybrid,Automatic,2.5,173045,82868,11873,High
12/31/2014,X3,2014,Middle East,Red,Electric,Automatic,2.8,75358,75982,6077,High
12/31/2016,X3,2016,Asia,Silver,Diesel,Automatic,3.5,107675,64958,8532,High
12/31/2018,M5,2018,Africa,Blue,Diesel,Manual,2.8,44465,113264,690,Low
12/31/2019,M3,2019,Europe,Grey,Petrol,Automatic,4.4,48245,120131,2439,Low
12/31/2014,X5,2014,Africa,Black,Petrol,Automatic,3.2,155668,59633,3245,Low
12/31/2018,X5,2018,Asia,Grey,Diesel,Manual,3.3,166326,76623,5733,High
12/31/2010,7 Series,2010,Middle East,Black,Diesel,Automatic,3,177282,68242,174,Low
12/31/2022,i8,2022,Europe,Blue,Petrol,Manual,2.6,56056,165222,159,Low
12/31/2024,7 Series,2024,Asia,White,Hybrid,Manual,4,30443,159302,2274,Low
12/31/2021,X3,2021,Africa,Grey,Hybrid,Automatic,2.3,170708,75891,5508,High
12/31/2012,X3,2012,Asia,Black,Diesel,Automatic,3.9,132490,49932,8042,High
12/31/2016,X1,2016,Asia,Black,Electric,Manual,3.4,180070,59275,7726,High
12/31/2013,X6,2013,Middle East,White,Diesel,Automatic,1.9,30461,80630,2026,Low
12/31/2024,7 Series,2024,Europe,Blue,Electric,Manual,1.6,170605,125272,2484,Low
12/31/2011,X6,2011,Asia,Black,Hybrid,Manual,2.1,48692,74076,8704,High
12/31/2021,X1,2021,Europe,Red,Petrol,Manual,4.2,36570,94522,8149,High
12/31/2023,3 Series,2023,Europe,Blue,Electric,Manual,2.8,37666,110469,10666,High
12/31/2012,X3,2012,Europe,Silver,Electric,Manual,4.3,146772,65372,7366,High
12/31/2016,M3,2016,Asia,White,Diesel,Manual,3.3,125854,75253,3095,Low
12/31/2017,7 Series,2017,Asia,Blue,Diesel,Automatic,1.6,10742,111947,1169,Low
12/31/2020,X1,2020,Europe,Blue,Petrol,Manual,4.5,183303,32200,7351,High
12/31/2018,X6,2018,Asia,White,Petrol,Automatic,4.8,44191,120202,4555,Low
12/31/2015,3 Series,2015,Africa,White,Diesel,Automatic,1.8,73494,51559,8447,High
12/31/2019,i8,2019,North America,Black,Hybrid,Automatic,2.2,30820,170070,188,Low
12/31/2018,3 Series,2018,Europe,Black,Petrol,Manual,4,144117,66579,10576,High
12/31/2013,i8,2013,Asia,Blue,Hybrid,Manual,5,80265,148524,50,Low
12/31/2021,M5,2021,Middle East,White,Hybrid,Automatic,4.6,18232,179129,951,Low
12/31/2014,5 Series,2014,South America,Blue,Electric,Automatic,1.8,133880,67188,4285,Low
12/31/2010,X6,2010,Europe,Black,Diesel,Manual,3.6,109045,61724,3696,Low
12/31/2023,3 Series,2023,Middle East,Grey,Hybrid,Manual,3.8,178838,89114,7153,High
12/31/2018,X6,2018,South America,White,Diesel,Manual,3.7,136102,87598,2296,Low
12/31/2018,X3,2018,Europe,Black,Electric,Automatic,3.5,91076,92269,7406,High
12/31/2018,5 Series,2018,Middle East,Black,Diesel,Manual,2.5,34541,90902,4149,Low
12/31/2012,X1,2012,South America,Black,Petrol,Automatic,3.8,66090,51583,4595,Low
12/31/2022,M3,2022,Middle East,Grey,Diesel,Automatic,4,85927,114349,2200,Low
12/31/2024,X5,2024,Africa,Black,Electric,Manual,3.5,166082,116090,3478,Low
12/31/2019,X6,2019,Asia,Red,Petrol,Manual,3.2,23589,114376,4451,Low
12/31/2019,3 Series,2019,Middle East,Red,Diesel,Automatic,2.3,31491,81505,7212,High
12/31/2019,i8,2019,Africa,White,Hybrid,Automatic,3.4,83210,153890,50,Low
12/31/2017,i8,2017,Middle East,Grey,Diesel,Automatic,1.9,97418,127242,50,Low
12/31/2012,3 Series,2012,Europe,Blue,Petrol,Automatic,1.8,23738,49232,7769,High
12/31/2022,i3,2022,South America,Silver,Hybrid,Automatic,4.2,22959,116876,4018,Low
12/31/2015,5 Series,2015,South America,Silver,Petrol,Manual,3.9,116114,72099,4219,Low
12/31/2014,M3,2014,Africa,Silver,Electric,Automatic,3.8,178947,79212,966,Low
12/31/2017,M3,2017,Asia,Blue,Petrol,Automatic,4.7,192542,87659,3128,Low
12/31/2012,X5,2012,Middle East,Blue,Petrol,Automatic,2.8,140396,58235,3870,Low
12/31/2023,X5,2023,North America,Red,Electric,Manual,2.9,77603,56498,6567,High
12/31/2010,5 Series,2010,Middle East,Black,Diesel,Manual,2.9,172594,35108,3637,Low
12/31/2021,M5,2021,South America,Grey,Petrol,Manual,3.1,27089,143009,691,Low
12/31/2018,7 Series,2018,Middle East,Red,Electric,Automatic,3.3,131836,128354,1039,Low
12/31/2019,X6,2019,North America,Blue,Diesel,Manual,4.2,98353,108061,3712,Low
12/31/2018,7 Series,2018,South America,Grey,Electric,Automatic,2.3,822,134157,728,Low
12/31/2012,X5,2012,Europe,Grey,Electric,Automatic,3,40160,88057,4677,Low
12/31/2011,M5,2011,South America,Red,Petrol,Manual,3.3,195714,68409,459,Low
12/31/2013,X3,2013,Africa,Red,Hybrid,Manual,2.1,112325,51172,4410,Low
12/31/2023,i3,2023,Middle East,Black,Electric,Manual,4,154633,99970,5009,High
12/31/2017,i3,2017,Asia,Black,Electric,Manual,1.7,17770,88036,4711,Low
12/31/2015,M5,2015,Middle East,Blue,Diesel,Automatic,3.6,32338,127990,332,Low
12/31/2019,i8,2019,Middle East,Grey,Electric,Manual,2.2,15616,177890,50,Low
12/31/2024,5 Series,2024,North America,Red,Diesel,Automatic,1.5,64428,105625,6956,High
12/31/2024,X5,2024,Middle East,Red,Petrol,Automatic,2.6,133730,106519,4194,Low
12/31/2010,i8,2010,South America,Black,Petrol,Manual,3,116300,95767,50,Low
12/31/2024,5 Series,2024,North America,Blue,Hybrid,Automatic,4.4,122547,130741,7238,High
12/31/2017,X3,2017,Europe,White,Electric,Manual,2.9,122272,75972,9160,High
12/31/2014,5 Series,2014,Asia,Black,Hybrid,Manual,4.7,133704,76581,6768,High
12/31/2022,7 Series,2022,Asia,Red,Petrol,Automatic,4.4,6857,163841,1200,Low
12/31/2015,M3,2015,Asia,Red,Petrol,Automatic,2.2,23028,88815,2500,Low
12/31/2014,X5,2014,Africa,Red,Petrol,Manual,2,20622,76447,2514,Low
12/31/2019,7 Series,2019,South America,Grey,Electric,Manual,2.4,150245,106456,1475,Low
12/31/2014,X3,2014,South America,Silver,Electric,Manual,2.8,182807,49356,4853,Low
12/31/2012,X1,2012,North America,White,Petrol,Manual,3.5,50020,48589,8185,High
12/31/2023,X5,2023,Asia,Black,Electric,Automatic,1.9,135997,109735,7580,High
12/31/2013,3 Series,2013,Africa,Silver,Petrol,Manual,3.4,17748,61046,4108,Low
12/31/2014,i8,2014,Europe,White,Diesel,Automatic,3.5,48928,138826,50,Low
12/31/2020,M5,2020,South America,Blue,Petrol,Automatic,3.8,20798,141993,567,Low
12/31/2020,M5,2020,North America,Black,Petrol,Automatic,3.4,100885,127555,1977,Low
12/31/2011,i8,2011,Middle East,Blue,Hybrid,Automatic,4.4,141722,122087,50,Low
12/31/2015,M3,2015,Europe,Blue,Hybrid,Manual,3.7,174454,80902,2540,Low
12/31/2011,i3,2011,Africa,Red,Petrol,Automatic,4.7,47860,61714,2147,Low
12/31/2013,i3,2013,Africa,Silver,Petrol,Manual,4,20492,68816,2102,Low
12/31/2021,M5,2021,Africa,White,Diesel,Automatic,3,125766,126027,939,Low
12/31/2010,i3,2010,Africa,Red,Petrol,Manual,2.2,68525,31135,2205,Low
12/31/2013,3 Series,2013,Europe,Silver,Hybrid,Manual,1.5,174488,33644,7841,High
12/31/2023,X3,2023,Africa,Black,Hybrid,Automatic,1.8,87406,96602,5271,High
12/31/2016,M5,2016,North America,White,Diesel,Automatic,2.2,166614,95452,1577,Low
12/31/2024,3 Series,2024,Asia,Black,Petrol,Manual,2.3,183218,72553,11482,High
12/31/2023,7 Series,2023,Asia,Black,Petrol,Manual,4.1,181054,120223,1935,Low
12/31/2017,i8,2017,North America,Grey,Electric,Manual,2.9,133028,146528,50,Low
12/31/2011,i8,2011,North America,White,Hybrid,Automatic,2.6,186614,106335,50,Low
12/31/2012,X5,2012,Europe,Grey,Diesel,Automatic,1.7,135701,46042,5127,High
12/31/2010,X5,2010,North America,Red,Diesel,Automatic,3.4,49410,67009,5766,High
12/31/2024,X3,2024,North America,White,Hybrid,Manual,3.6,178890,100464,9381,High
12/31/2016,X5,2016,Africa,Grey,Hybrid,Manual,4.6,122292,87977,2528,Low
12/31/2013,i3,2013,South America,White,Petrol,Automatic,3.3,48919,61908,2732,Low
12/31/2020,i3,2020,Africa,Blue,Petrol,Manual,1.5,101592,62122,3380,Low
12/31/2019,i8,2019,Europe,Silver,Hybrid,Automatic,1.7,149996,136824,739,Low
12/31/2017,X3,2017,North America,Black,Electric,Manual,2.4,93265,80121,9431,High
12/31/2014,7 Series,2014,Middle East,Blue,Electric,Automatic,2,61359,117541,50,Low
12/31/2018,X1,2018,Asia,Silver,Petrol,Automatic,4.2,149298,64601,7231,High
12/31/2015,3 Series,2015,Africa,Red,Hybrid,Automatic,1.9,47899,64023,5067,High
12/31/2020,X1,2020,Asia,Grey,Hybrid,Automatic,2.1,19110,89106,8986,High
12/31/2019,M5,2019,Asia,Silver,Petrol,Manual,3.8,13641,150012,1381,Low
12/31/2011,i8,2011,Middle East,Red,Petrol,Automatic,2.3,127073,108296,50,Low
12/31/2010,M5,2010,Asia,White,Diesel,Automatic,4.9,8958,114677,512,Low
12/31/2010,i8,2010,Africa,Grey,Diesel,Manual,4.5,24409,113684,50,Low
12/31/2021,5 Series,2021,North America,Blue,Electric,Automatic,4.1,109923,121848,6625,High
12/31/2021,i3,2021,Asia,Black,Hybrid,Manual,2.7,70103,96249,6723,High
12/31/2023,X6,2023,North America,White,Hybrid,Automatic,1.7,115347,119952,4659,Low
12/31/2023,3 Series,2023,Middle East,White,Hybrid,Manual,2.7,37795,107577,6643,High
12/31/2018,X5,2018,Africa,Silver,Petrol,Manual,2.8,183958,65084,3825,Low
12/31/2010,7 Series,2010,Africa,Red,Petrol,Manual,1.9,78572,68775,50,Low
12/31/2012,i8,2012,Asia,Silver,Petrol,Manual,1.9,126983,100432,50,Low
12/31/2021,7 Series,2021,Middle East,Red,Electric,Manual,3.8,46773,156207,1113,Low
12/31/2011,X5,2011,North America,Silver,Diesel,Manual,2.3,74501,54144,6184,High
12/31/2024,i3,2024,South America,Red,Petrol,Manual,3.9,1503,117451,3011,Low
12/31/2024,M5,2024,Asia,Red,Hybrid,Automatic,3.4,64327,171342,2131,Low
12/31/2024,X6,2024,South America,Black,Electric,Automatic,4.7,196256,131215,3445,Low
12/31/2021,X5,2021,Asia,Silver,Diesel,Automatic,4.3,51777,116073,5974,High
12/31/2013,X3,2013,North America,Silver,Diesel,Automatic,2,128194,42490,8632,High
12/31/2010,3 Series,2010,Europe,Black,Hybrid,Automatic,3.6,70729,84368,8772,High
12/31/2024,M5,2024,Asia,Blue,Petrol,Manual,3.8,91053,157022,1976,Low
12/31/2010,i8,2010,South America,Grey,Diesel,Automatic,4.5,39920,125268,50,Low
12/31/2013,7 Series,2013,Middle East,Blue,Hybrid,Automatic,3.7,24992,124128,50,Low
12/31/2022,3 Series,2022,Europe,Black,Petrol,Automatic,2,65493,87946,8705,High
12/31/2022,7 Series,2022,Europe,Blue,Diesel,Manual,2.4,32323,133156,1713,Low
12/31/2023,5 Series,2023,Europe,Red,Electric,Automatic,3.7,174199,105333,7323,High
12/31/2013,M5,2013,North America,Grey,Electric,Manual,4.7,112658,122560,708,Low
12/31/2016,M3,2016,South America,Black,Hybrid,Manual,4.6,44674,111365,1205,Low
12/31/2017,i3,2017,Middle East,Red,Hybrid,Automatic,2.8,198097,59147,3772,Low
12/31/2022,X6,2022,Africa,Blue,Hybrid,Automatic,4.4,199553,106331,2988,Low
12/31/2017,M3,2017,Asia,White,Petrol,Manual,3.3,174588,73194,2709,Low
12/31/2017,X6,2017,Asia,Black,Petrol,Automatic,3.1,84070,93757,3842,Low
12/31/2023,7 Series,2023,Asia,Black,Hybrid,Manual,2.7,65373,145729,2041,Low
12/31/2023,X6,2023,South America,Red,Electric,Manual,3.9,177880,113530,3047,Low
12/31/2021,3 Series,2021,Asia,Grey,Hybrid,Manual,3.6,164621,80156,12426,High
12/31/2023,3 Series,2023,Africa,Grey,Electric,Manual,2.8,102217,95648,5448,High
12/31/2018,3 Series,2018,Europe,Blue,Diesel,Manual,4.2,97992,77924,9996,High
12/31/2010,X6,2010,South America,Grey,Petrol,Automatic,2.8,107639,55914,1641,Low
12/31/2018,i3,2018,North America,Silver,Hybrid,Manual,3.5,70418,90466,5799,High
12/31/2019,M5,2019,Asia,White,Petrol,Manual,2.9,111077,117492,1974,Low
12/31/2017,i3,2017,South America,Red,Petrol,Manual,1.9,160788,45167,3071,Low
12/31/2010,3 Series,2010,Middle East,Silver,Diesel,Manual,2.1,151410,25000,1208,Low
12/31/2016,i8,2016,Asia,Blue,Electric,Automatic,3.8,122862,151236,50,Low
12/31/2018,X3,2018,South America,White,Electric,Automatic,4.3,24379,108693,5436,High
12/31/2013,7 Series,2013,Asia,White,Diesel,Manual,3.1,10910,106701,778,Low
12/31/2022,X3,2022,Middle East,Black,Hybrid,Automatic,2.6,125826,96717,6362,High
12/31/2024,7 Series,2024,North America,Silver,Hybrid,Manual,2.7,185411,133427,2521,Low
12/31/2022,X6,2022,Europe,Black,Hybrid,Manual,3.6,172703,111145,12672,High
12/31/2018,5 Series,2018,Asia,Blue,Electric,Automatic,3.1,96716,104725,7414,High
12/31/2010,M3,2010,Asia,Grey,Diesel,Automatic,1.5,52177,53652,2220,Low
12/31/2018,7 Series,2018,North America,Silver,Hybrid,Automatic,4.2,149264,117942,1955,Low
12/31/2015,i8,2015,Asia,White,Petrol,Manual,2,159639,105466,106,Low
12/31/2013,i3,2013,Middle East,Black,Diesel,Automatic,3.9,63058,59919,3107,Low
12/31/2021,X6,2021,Africa,White,Electric,Manual,2.7,48947,119750,2686,Low
12/31/2021,X3,2021,Europe,Grey,Hybrid,Manual,3.5,189502,79800,7961,High
12/31/2014,i3,2014,Europe,White,Diesel,Manual,4.5,137632,51052,4343,Low
12/31/2024,X6,2024,Africa,Grey,Petrol,Manual,2,38323,120779,2695,Low
12/31/2016,i3,2016,Middle East,Blue,Diesel,Automatic,4.2,159713,59753,3516,Low
12/31/2019,5 Series,2019,Middle East,Red,Hybrid,Automatic,1.6,171047,74286,5914,High
12/31/2022,i8,2022,Europe,White,Hybrid,Manual,4.7,133491,172196,543,Low
12/31/2013,i3,2013,Middle East,Grey,Diesel,Manual,2.2,37795,51425,2692,Low
12/31/2017,X5,2017,Europe,Silver,Electric,Manual,4.3,199407,88782,5273,High
12/31/2012,M5,2012,South America,Silver,Diesel,Manual,1.7,172690,63735,637,Low
12/31/2011,5 Series,2011,North America,Blue,Petrol,Automatic,2.6,137763,45882,7372,High
12/31/2010,i8,2010,Middle East,Silver,Petrol,Automatic,3.7,104746,118366,50,Low
12/31/2023,X6,2023,Middle East,Blue,Electric,Automatic,3.8,664,161685,3212,Low
12/31/2022,X1,2022,Middle East,Black,Petrol,Automatic,3.9,100252,86600,5112,High
12/31/2015,5 Series,2015,Middle East,White,Hybrid,Manual,2.7,178394,66996,4240,Low
12/31/2011,M5,2011,North America,Silver,Hybrid,Manual,3.8,198745,83138,982,Low
12/31/2017,5 Series,2017,Europe,Black,Diesel,Manual,3,18071,87681,6822,High
12/31/2024,M5,2024,Europe,White,Diesel,Automatic,3.5,132371,140217,2006,Low
12/31/2020,i8,2020,Europe,Silver,Petrol,Automatic,3.4,191278,128684,428,Low
12/31/2019,X3,2019,Europe,Black,Diesel,Automatic,2.1,193405,54684,8783,High
12/31/2022,i3,2022,North America,Silver,Petrol,Manual,4.5,86483,97755,4711,Low
12/31/2013,X3,2013,Middle East,Black,Petrol,Manual,4.5,109655,63655,6174,High
12/31/2018,X5,2018,Asia,Black,Electric,Manual,2.2,112873,93042,6745,High
12/31/2013,X3,2013,South America,Grey,Diesel,Manual,3,124344,44180,4667,Low
12/31/2013,5 Series,2013,North America,White,Hybrid,Manual,3.1,51479,82001,6867,High
12/31/2022,M5,2022,South America,Silver,Electric,Manual,3.4,33750,159093,1176,Low
12/31/2021,M5,2021,South America,Silver,Diesel,Automatic,1.6,182204,102700,1299,Low
12/31/2017,X6,2017,North America,Blue,Petrol,Manual,4.2,37113,112333,3631,Low
12/31/2021,5 Series,2021,Middle East,Silver,Diesel,Automatic,4.5,63688,114092,4218,Low
12/31/2022,X5,2022,Middle East,Red,Hybrid,Manual,2,61535,120034,5061,High
12/31/2017,i3,2017,South America,Silver,Hybrid,Automatic,4.6,17666,100556,2497,Low
12/31/2014,M5,2014,North America,White,Hybrid,Automatic,4.5,120421,119190,996,Low
12/31/2012,X1,2012,Asia,Grey,Hybrid,Automatic,3.4,144076,44057,8186,High
12/31/2021,i3,2021,South America,Blue,Electric,Automatic,2.5,91621,97857,4096,Low
12/31/2011,M5,2011,Middle East,Grey,Electric,Manual,2.2,141320,91977,209,Low
12/31/2024,5 Series,2024,Africa,Grey,Electric,Automatic,3.2,157696,110772,4926,Low
12/31/2018,i3,2018,Middle East,Grey,Electric,Manual,3.3,59916,91406,4313,Low
12/31/2023,3 Series,2023,Middle East,Silver,Electric,Automatic,3.8,127716,106260,8076,High
12/31/2018,3 Series,2018,Europe,White,Petrol,Automatic,4.3,23572,90741,8182,High
12/31/2014,X5,2014,Europe,White,Electric,Automatic,4.8,2378,117090,4870,Low
12/31/2023,i8,2023,Asia,Grey,Electric,Manual,4.3,99660,200000,385,Low
12/31/2022,5 Series,2022,Africa,Red,Diesel,Manual,4.7,54006,117560,4274,Low
12/31/2024,X6,2024,Europe,Blue,Hybrid,Automatic,3.2,180928,117375,4314,Low
12/31/2017,i8,2017,Middle East,Red,Diesel,Manual,1.6,76084,126519,50,Low
12/31/2016,X3,2016,Asia,White,Hybrid,Manual,1.7,66628,67742,9809,High
12/31/2012,X1,2012,Europe,White,Diesel,Automatic,2.4,149095,25000,7943,High
12/31/2021,M3,2021,North America,White,Diesel,Automatic,3.6,170514,98642,3154,Low
12/31/2014,X3,2014,North America,Red,Petrol,Manual,2.7,149215,46674,7998,High
12/31/2024,M5,2024,Asia,Silver,Petrol,Automatic,2.1,184196,119954,2671,Low
12/31/2022,X5,2022,Africa,Black,Petrol,Manual,4.5,144003,104340,3747,Low
12/31/2018,M3,2018,North America,Blue,Petrol,Manual,4.9,33215,116870,2357,Low
12/31/2013,X5,2013,Middle East,Black,Diesel,Manual,1.6,44275,66991,3203,Low
12/31/2012,i8,2012,Asia,Blue,Electric,Automatic,1.8,188385,107772,50,Low
12/31/2016,M5,2016,Europe,Silver,Petrol,Manual,3.2,85057,116709,1109,Low
12/31/2017,i8,2017,Middle East,Blue,Electric,Manual,2.7,73274,156939,50,Low
12/31/2014,7 Series,2014,Middle East,Black,Hybrid,Automatic,4.2,133443,107573,179,Low
12/31/2022,X1,2022,North America,Red,Hybrid,Automatic,3.8,111822,99750,8301,High
12/31/2017,X5,2017,North America,Grey,Diesel,Automatic,1.7,68002,84052,15000,High
12/31/2014,X6,2014,South America,Black,Electric,Automatic,3.4,102453,90549,1668,Low
12/31/2018,X5,2018,Europe,Blue,Petrol,Automatic,2.7,194020,68608,5421,High
12/31/2016,3 Series,2016,South America,Silver,Petrol,Manual,4.9,160961,58697,5725,High
12/31/2014,M5,2014,Middle East,Black,Electric,Manual,3.2,67420,121322,259,Low
12/31/2022,X3,2022,Asia,Black,Diesel,Automatic,4.7,53589,111091,8468,High
12/31/2018,i8,2018,Middle East,White,Hybrid,Manual,1.6,57022,144091,119,Low
12/31/2014,i3,2014,Africa,Grey,Hybrid,Manual,1.9,87958,55815,2489,Low
12/31/2017,3 Series,2017,Africa,Silver,Hybrid,Manual,2.9,946,89265,4911,Low
12/31/2021,7 Series,2021,Asia,Black,Hybrid,Automatic,4.6,33815,154512,1647,Low
12/31/2013,7 Series,2013,North America,Grey,Hybrid,Automatic,3.4,190483,92745,804,Low
12/31/2018,M5,2018,North America,Blue,Petrol,Manual,4.4,51485,133491,1383,Low
12/31/2021,M5,2021,Africa,Red,Electric,Manual,2.5,142674,126714,1429,Low
12/31/2015,X6,2015,Europe,Black,Petrol,Manual,1.9,70594,79826,3874,Low
12/31/2015,M5,2015,South America,Blue,Electric,Automatic,2.4,159841,99685,504,Low
12/31/2023,7 Series,2023,North America,White,Diesel,Automatic,3.8,65291,151031,1628,Low
12/31/2012,M5,2012,Europe,Red,Electric,Manual,4.5,117508,115276,632,Low
12/31/2022,X5,2022,North America,White,Diesel,Automatic,3.1,152186,97912,5774,High
12/31/2012,5 Series,2012,North America,White,Hybrid,Manual,2.2,70318,64971,5715,High
12/31/2013,M3,2013,Africa,Blue,Diesel,Automatic,3.7,190982,53435,1215,Low
12/31/2010,5 Series,2010,Africa,Blue,Diesel,Manual,2.2,98284,36980,2961,Low
12/31/2015,i3,2015,South America,Black,Hybrid,Automatic,3.5,92750,71091,2735,Low
12/31/2010,7 Series,2010,North America,White,Petrol,Automatic,1.9,88121,74092,774,Low
12/31/2020,X3,2020,South America,Blue,Petrol,Automatic,4.3,122072,88278,5964,High
12/31/2013,X1,2013,Asia,Red,Hybrid,Manual,4.3,134993,54703,8658,High
12/31/2024,5 Series,2024,Middle East,Black,Hybrid,Manual,3.4,187607,104836,5665,High
12/31/2022,X5,2022,North America,White,Petrol,Manual,1.6,178775,77958,6779,High
12/31/2016,X3,2016,Europe,Black,Diesel,Automatic,2.5,106846,57197,7630,High
12/31/2021,i8,2021,Asia,Blue,Diesel,Manual,2,125577,132390,599,Low
12/31/2015,5 Series,2015,Europe,Silver,Hybrid,Manual,3.3,134403,77133,6453,High
12/31/2017,X1,2017,Middle East,White,Diesel,Manual,1.9,1990,68143,5240,High
12/31/2013,X6,2013,Asia,Black,Diesel,Automatic,4.5,3574,99710,3342,Low
12/31/2018,X5,2018,South America,Grey,Electric,Automatic,4.5,196164,91075,3807,Low
12/31/2019,X1,2019,South America,Black,Petrol,Manual,2,41565,68543,4899,Low
12/31/2017,7 Series,2017,Asia,White,Petrol,Automatic,3.9,95810,115240,1349,Low
12/31/2023,X3,2023,North America,Blue,Electric,Automatic,3.9,4983,134797,8851,High
12/31/2024,M5,2024,North America,Grey,Diesel,Manual,2.9,30143,147018,2124,Low
12/31/2014,i8,2014,Europe,Silver,Petrol,Manual,2,145270,100742,50,Low
12/31/2023,5 Series,2023,Africa,Red,Hybrid,Automatic,2,49074,115824,4950,Low
12/31/2015,i8,2015,South America,Red,Diesel,Manual,4.1,158099,112412,50,Low
12/31/2014,M5,2014,Asia,Blue,Diesel,Automatic,2.3,41247,111812,1147,Low
12/31/2024,i3,2024,Africa,Grey,Electric,Automatic,3.6,157584,104065,3977,Low
12/31/2015,i3,2015,Asia,White,Petrol,Manual,4.5,93167,65294,5465,High
12/31/2010,i8,2010,Europe,White,Electric,Manual,3.6,170021,111473,50,Low
12/31/2013,7 Series,2013,South America,Grey,Diesel,Automatic,4.9,115069,94590,70,Low
12/31/2018,i8,2018,Middle East,White,Hybrid,Manual,3.8,166103,140093,155,Low
12/31/2013,X3,2013,Asia,White,Petrol,Automatic,2.6,54584,62830,9506,High
12/31/2011,M5,2011,Asia,Black,Electric,Automatic,4.5,12440,136962,403,Low
12/31/2015,3 Series,2015,Europe,Blue,Diesel,Automatic,2.6,119025,49211,9272,High
12/31/2011,X1,2011,Africa,Red,Hybrid,Automatic,4.9,98613,56240,3000,Low
12/31/2012,i3,2012,Middle East,Blue,Petrol,Manual,3.2,9383,64471,2779,Low
12/31/2016,i8,2016,Europe,Black,Diesel,Automatic,4.8,65866,148851,50,Low
12/31/2013,i3,2013,South America,Silver,Hybrid,Automatic,2.1,16601,86011,2523,Low
12/31/2010,M5,2010,South America,Red,Hybrid,Manual,1.5,61564,88013,50,Low
12/31/2018,X5,2018,North America,Silver,Diesel,Manual,2.2,143240,72502,6179,High
12/31/2015,M5,2015,Africa,Grey,Diesel,Automatic,1.8,55171,99166,340,Low
12/31/2018,M5,2018,Asia,Silver,Electric,Automatic,4.1,109207,142575,1788,Low
12/31/2012,X5,2012,Asia,White,Hybrid,Automatic,2.4,197087,54491,5151,High
12/31/2014,X6,2014,North America,Red,Hybrid,Manual,3.7,40296,104999,2971,Low
12/31/2018,5 Series,2018,Africa,Red,Petrol,Manual,3.8,18544,98833,2936,Low
12/31/2015,X3,2015,Middle East,Grey,Petrol,Automatic,3.9,78699,76587,5382,High
12/31/2011,M3,2011,Africa,Black,Petrol,Manual,4.4,92550,69502,631,Low
12/31/2024,i3,2024,Asia,Black,Hybrid,Manual,2,120751,91493,6845,High
12/31/2010,M5,2010,North America,Black,Diesel,Automatic,1.7,82710,81511,947,Low
12/31/2018,5 Series,2018,South America,Grey,Electric,Manual,1.6,176719,69316,4938,Low
12/31/2010,X5,2010,South America,Silver,Hybrid,Automatic,1.9,60291,61098,2844,Low
12/31/2023,i8,2023,Europe,Black,Petrol,Automatic,2.8,19825,173677,178,Low
12/31/2024,7 Series,2024,North America,Silver,Hybrid,Manual,4.9,73019,169678,1937,Low
12/31/2014,i3,2014,South America,Black,Electric,Automatic,2.7,92660,64294,2904,Low
12/31/2010,i3,2010,North America,White,Diesel,Automatic,3.1,4320,56047,4618,Low
12/31/2014,X5,2014,South America,Red,Petrol,Manual,4.4,66348,81499,3419,Low
12/31/2014,i8,2014,North America,Blue,Petrol,Manual,4.7,187373,121566,50,Low
12/31/2016,5 Series,2016,Europe,Silver,Electric,Manual,4.9,109623,101829,6423,High
12/31/2016,X6,2016,North America,Red,Electric,Automatic,4.4,42477,121455,3467,Low
12/31/2020,X6,2020,South America,White,Petrol,Manual,3.3,75647,110207,2219,Low
12/31/2019,X6,2019,North America,Black,Petrol,Manual,2.3,144014,89544,3945,Low
12/31/2010,X5,2010,South America,White,Electric,Manual,3.6,195963,49494,2786,Low
12/31/2018,M5,2018,North America,Black,Petrol,Automatic,2.2,154541,104397,2062,Low
12/31/2010,3 Series,2010,Europe,Blue,Electric,Automatic,1.7,184378,26331,7929,High
12/31/2014,X3,2014,Europe,Silver,Electric,Automatic,4.7,140570,75918,7466,High
12/31/2016,X3,2016,South America,Grey,Petrol,Automatic,3.2,92598,68511,5732,High
12/31/2021,M3,2021,Middle East,Blue,Hybrid,Manual,3.3,162486,108834,2516,Low
12/31/2017,i3,2017,Middle East,Blue,Petrol,Automatic,3.6,132324,66766,3507,Low
12/31/2011,X6,2011,Middle East,Grey,Diesel,Manual,3.1,441,83193,2108,Low
12/31/2023,5 Series,2023,South America,White,Electric,Manual,3.1,156722,108781,4614,Low
12/31/2010,i8,2010,Europe,Silver,Electric,Manual,4.7,123804,128091,50,Low
12/31/2013,X3,2013,Africa,Silver,Petrol,Automatic,4.4,154590,30531,5275,High
12/31/2021,M5,2021,Europe,Black,Electric,Automatic,2.2,32165,156635,1748,Low
12/31/2024,M3,2024,Africa,Blue,Petrol,Automatic,2.5,81213,116889,1879,Low
12/31/2013,3 Series,2013,Middle East,White,Electric,Automatic,3.8,196028,56614,6028,High
12/31/2019,3 Series,2019,Asia,White,Electric,Manual,3.5,147506,83857,10133,High
12/31/2021,7 Series,2021,North America,Black,Hybrid,Automatic,4.2,166741,127305,2100,Low
12/31/2015,3 Series,2015,Asia,Black,Diesel,Manual,4,113574,55736,10070,High
12/31/2010,3 Series,2010,Asia,Blue,Diesel,Automatic,4,114943,54700,9038,High
12/31/2023,3 Series,2023,Europe,White,Petrol,Manual,4.6,134884,94751,10336,High
12/31/2010,M3,2010,South America,White,Electric,Automatic,4.2,173523,64252,938,Low
12/31/2012,X5,2012,North America,Silver,Electric,Manual,2.3,194768,56675,5267,High
12/31/2014,M5,2014,Middle East,Black,Diesel,Manual,4.6,66131,115568,376,Low
12/31/2021,5 Series,2021,Europe,Black,Electric,Manual,2.7,183843,91906,8173,High
12/31/2015,X1,2015,South America,Blue,Diesel,Automatic,4.7,50066,71272,4267,Low
12/31/2014,X3,2014,Asia,Grey,Petrol,Manual,4.4,39363,76920,8427,High
12/31/2022,M5,2022,North America,Blue,Electric,Manual,1.8,176918,131021,2369,Low
12/31/2022,3 Series,2022,Asia,White,Hybrid,Manual,4.2,116796,102061,10687,High
12/31/2022,X5,2022,South America,White,Electric,Automatic,3.3,180224,105469,4268,Low
12/31/2014,M5,2014,Africa,Black,Electric,Manual,4.9,39554,129561,50,Low
12/31/2018,3 Series,2018,North America,Blue,Hybrid,Automatic,3.1,167599,72770,9295,High
12/31/2011,X6,2011,Africa,Grey,Diesel,Automatic,1.7,125010,47147,1634,Low
12/31/2021,M5,2021,Middle East,Red,Hybrid,Manual,2.5,37446,148752,1320,Low
12/31/2021,i3,2021,Asia,White,Diesel,Manual,3,33263,92430,5074,High
12/31/2010,X5,2010,North America,Blue,Diesel,Automatic,3.6,27133,71398,4539,Low
12/31/2015,M5,2015,Middle East,Blue,Diesel,Manual,2,57006,109616,549,Low
12/31/2018,i8,2018,Europe,White,Electric,Manual,3.3,126308,143031,355,Low
12/31/2016,X3,2016,Africa,Blue,Electric,Automatic,3.2,68843,83559,4362,Low
12/31/2017,i8,2017,North America,Red,Petrol,Automatic,4.4,51133,153929,50,Low
12/31/2014,5 Series,2014,South America,Blue,Diesel,Manual,2.6,155939,46000,4371,Low
12/31/2019,M3,2019,Middle East,Silver,Hybrid,Automatic,3.1,157605,103357,2569,Low
12/31/2013,X1,2013,South America,Red,Electric,Automatic,2.9,81636,61594,3953,Low
12/31/2015,X5,2015,Asia,Black,Diesel,Automatic,3.7,7976,97759,6334,High
12/31/2012,i3,2012,Africa,Grey,Electric,Automatic,4.4,134342,59417,2186,Low
12/31/2010,i8,2010,Middle East,Black,Petrol,Manual,3.9,73928,123365,50,Low
12/31/2020,X5,2020,South America,Silver,Petrol,Manual,3.1,49597,97183,3884,Low
12/31/2013,X6,2013,Europe,Black,Hybrid,Manual,3.7,171740,72141,3572,Low
12/31/2018,M3,2018,Africa,Red,Electric,Automatic,2.6,80824,108154,1779,Low
12/31/2013,5 Series,2013,Europe,Blue,Diesel,Automatic,2,63125,62016,6600,High
12/31/2010,X5,2010,Europe,White,Diesel,Automatic,2.6,114852,48536,4635,Low
12/31/2023,i3,2023,Europe,White,Diesel,Automatic,3.1,175224,79914,5166,High
12/31/2013,X5,2013,Asia,Black,Hybrid,Automatic,3,112925,77429,5374,High
12/31/2016,7 Series,2016,South America,Silver,Electric,Manual,4.1,127776,116661,220,Low
12/31/2012,X6,2012,Africa,Black,Diesel,Automatic,4.8,85360,83497,1278,Low
12/31/2019,7 Series,2019,Europe,White,Diesel,Manual,2.9,199189,88756,1820,Low
12/31/2015,i8,2015,South America,White,Diesel,Automatic,1.8,145577,99263,50,Low
12/31/2024,i8,2024,Asia,Black,Hybrid,Automatic,1.6,168079,157955,1039,Low
12/31/2023,5 Series,2023,Middle East,White,Hybrid,Automatic,1.5,1453,119927,4726,Low
12/31/2010,3 Series,2010,Middle East,Black,Diesel,Automatic,4.8,8167,65658,4952,Low
12/31/2020,X6,2020,Asia,Blue,Electric,Automatic,5,50448,147916,4751,Low
12/31/2013,M3,2013,North America,Grey,Hybrid,Automatic,1.7,36599,84330,2065,Low
12/31/2012,X1,2012,Asia,Black,Electric,Automatic,2.8,113738,53233,6772,High
12/31/2023,7 Series,2023,Asia,Black,Diesel,Manual,3.8,4571,153223,1716,Low
12/31/2010,7 Series,2010,Africa,Silver,Diesel,Manual,2.1,188640,45427,228,Low
12/31/2012,i8,2012,South America,Silver,Hybrid,Manual,3.6,169579,107390,50,Low
12/31/2024,X6,2024,Middle East,Silver,Petrol,Manual,4.3,72541,139305,2775,Low
12/31/2013,M3,2013,Asia,Red,Hybrid,Manual,4.5,91350,89484,2516,Low
12/31/2014,M5,2014,South America,Blue,Electric,Automatic,4,78725,174819,50,Low
12/31/2015,M3,2015,Asia,Blue,Hybrid,Manual,1.8,193456,60121,2915,Low
12/31/2011,3 Series,2011,Europe,Silver,Diesel,Manual,2.7,13584,49877,7948,High
12/31/2011,5 Series,2011,Africa,Silver,Electric,Automatic,4.9,186943,63274,2770,Low
12/31/2015,i3,2015,South America,Silver,Electric,Automatic,2.2,25164,75410,2297,Low
12/31/2014,i3,2014,South America,Red,Diesel,Automatic,3.1,160873,38020,3362,Low
12/31/2010,i8,2010,Europe,Black,Diesel,Automatic,2.7,61202,106506,50,Low
12/31/2012,X5,2012,Middle East,White,Petrol,Automatic,2.2,12222,74462,2914,Low
12/31/2020,M5,2020,Africa,Red,Petrol,Manual,2.6,63249,120338,690,Low
12/31/2014,X6,2014,Asia,White,Hybrid,Manual,2.2,3488,95469,4021,Low
12/31/2024,3 Series,2024,Europe,Silver,Electric,Automatic,4.6,27393,139377,9884,High
12/31/2022,5 Series,2022,Africa,Grey,Petrol,Automatic,2.1,90686,91872,3746,Low
12/31/2021,X3,2021,Europe,Black,Hybrid,Automatic,3.7,183896,89090,10432,High
12/31/2021,X5,2021,Asia,Silver,Petrol,Automatic,4.8,166678,105591,6510,High
12/31/2011,M5,2011,South America,Silver,Hybrid,Manual,4.8,87242,109470,50,Low
12/31/2010,M5,2010,Africa,White,Hybrid,Manual,3.6,127364,82744,50,Low
12/31/2018,3 Series,2018,Europe,Black,Petrol,Automatic,2.4,186856,51163,10268,High
12/31/2024,7 Series,2024,Asia,Blue,Petrol,Manual,2.4,72703,143227,2031,Low
12/31/2014,X3,2014,Asia,Grey,Electric,Automatic,4.1,81418,82195,8038,High
12/31/2011,M5,2011,Africa,Black,Electric,Manual,4.9,113052,104483,50,Low
12/31/2019,i3,2019,Europe,Blue,Hybrid,Manual,1.8,66440,82691,5616,High
12/31/2013,X6,2013,South America,Red,Petrol,Manual,4.3,167825,67757,2099,Low
12/31/2012,3 Series,2012,Middle East,White,Electric,Manual,1.9,21265,65343,15000,High
12/31/2016,3 Series,2016,North America,White,Petrol,Automatic,2.5,19512,72816,9644,High
12/31/2010,X6,2010,Europe,Red,Hybrid,Automatic,3.5,62373,79341,3075,Low
12/31/2024,i3,2024,Europe,Blue,Electric,Manual,2.5,89114,109961,5158,High
12/31/2019,X3,2019,Middle East,Black,Hybrid,Automatic,3.8,153187,86901,5872,High
12/31/2021,M3,2021,Europe,White,Petrol,Manual,3,50906,109719,2838,Low
12/31/2021,X5,2021,Middle East,Silver,Diesel,Manual,2.3,129226,89710,3826,Low
12/31/2013,5 Series,2013,Europe,Red,Diesel,Automatic,3.4,520,82156,5588,High
12/31/2016,i3,2016,Africa,Silver,Petrol,Automatic,1.6,194380,31855,2842,Low
12/31/2020,X6,2020,Middle East,White,Electric,Automatic,4.1,127982,118812,3491,Low
12/31/2019,5 Series,2019,Asia,Black,Hybrid,Manual,3.3,29137,107015,7028,High
12/31/2022,M5,2022,North America,White,Electric,Manual,4.8,117312,163618,2000,Low
12/31/2014,X5,2014,North America,Grey,Hybrid,Manual,1.9,10204,89890,4709,Low
12/31/2013,M5,2013,North America,White,Hybrid,Automatic,4.1,166903,101181,1214,Low
12/31/2013,i3,2013,South America,Blue,Petrol,Automatic,2.6,106326,45910,2444,Low
12/31/2020,M5,2020,Middle East,Blue,Hybrid,Automatic,2.8,123172,137522,1555,Low
12/31/2021,M5,2021,South America,White,Electric,Manual,2.7,46895,146689,1113,Low
12/31/2023,X3,2023,Europe,Grey,Electric,Automatic,2.8,80567,109276,8672,High
12/31/2011,X3,2011,Africa,Black,Electric,Manual,3,5230,70005,3799,Low
12/31/2017,i8,2017,Asia,Black,Diesel,Automatic,1.6,102607,130770,50,Low
12/31/2021,X5,2021,Africa,Red,Diesel,Manual,4.5,77946,109029,3567,Low
12/31/2013,X6,2013,Europe,White,Hybrid,Manual,4.6,105780,92466,3059,Low
12/31/2011,X6,2011,Africa,Silver,Petrol,Manual,1.6,179672,34498,1735,Low
12/31/2018,3 Series,2018,North America,White,Electric,Manual,4.2,14910,109395,9342,High
12/31/2023,5 Series,2023,Asia,Blue,Diesel,Manual,1.8,68015,96132,6840,High
12/31/2023,X3,2023,Europe,Blue,Hybrid,Automatic,4.3,197632,101677,10562,High
12/31/2022,i8,2022,Africa,Blue,Electric,Manual,3.6,12202,182114,50,Low
12/31/2021,X5,2021,Asia,Red,Hybrid,Automatic,2.6,159488,99517,6959,High
12/31/2019,5 Series,2019,Asia,Grey,Hybrid,Manual,3.6,46944,106215,7894,High
12/31/2022,i3,2022,Middle East,Blue,Electric,Automatic,3.3,139401,102357,4245,Low
12/31/2016,7 Series,2016,Middle East,Blue,Diesel,Manual,3.7,166917,95690,621,Low
12/31/2024,i3,2024,Europe,Silver,Diesel,Automatic,3.2,140776,90071,6114,High
12/31/2012,M5,2012,South America,Blue,Electric,Automatic,4.2,58220,122596,50,Low
12/31/2024,X1,2024,Africa,Blue,Hybrid,Automatic,1.7,199831,73411,5351,High
12/31/2016,5 Series,2016,Africa,Silver,Diesel,Manual,2.7,18373,76057,3836,Low
12/31/2010,M5,2010,North America,Silver,Diesel,Manual,3.5,27400,103090,731,Low
12/31/2021,X1,2021,Middle East,Red,Hybrid,Automatic,3.6,70816,100188,6480,High
12/31/2010,M5,2010,North America,Blue,Diesel,Automatic,2.1,15397,90698,790,Low
12/31/2013,3 Series,2013,Europe,Red,Hybrid,Manual,1.8,85475,51724,8449,High
12/31/2013,M3,2013,Europe,White,Petrol,Manual,1.6,169351,46939,2552,Low
12/31/2013,i8,2013,Middle East,Red,Hybrid,Automatic,2.9,41329,149361,50,Low
12/31/2018,X6,2018,Europe,Black,Hybrid,Manual,2.7,89030,105128,3828,Low
12/31/2015,M3,2015,Africa,Black,Hybrid,Manual,3.5,169481,71985,1411,Low
12/31/2012,M5,2012,Africa,Red,Hybrid,Manual,3.1,34449,104211,50,Low
12/31/2015,3 Series,2015,Middle East,Silver,Hybrid,Automatic,2.9,39961,76697,6353,High
12/31/2011,M5,2011,North America,White,Hybrid,Automatic,4.5,112296,104956,738,Low
12/31/2011,i3,2011,Africa,Blue,Electric,Manual,3.7,3271,73454,1685,Low
12/31/2016,7 Series,2016,Asia,Blue,Diesel,Automatic,3.8,112472,108882,1303,Low
12/31/2023,X1,2023,Middle East,Grey,Diesel,Manual,2.8,194001,64994,7146,High
12/31/2012,X6,2012,South America,Blue,Diesel,Automatic,4.2,128238,66263,2043,Low
12/31/2016,X1,2016,North America,Silver,Petrol,Automatic,2,77444,52126,8282,High
12/31/2012,X1,2012,Asia,Silver,Diesel,Automatic,2.9,42499,46839,8410,High
12/31/2021,i8,2021,North America,Black,Diesel,Manual,1.7,183297,121721,680,Low
12/31/2021,M5,2021,Middle East,Black,Hybrid,Automatic,1.9,51997,149117,1237,Low
12/31/2011,X5,2011,Europe,White,Diesel,Automatic,1.8,156806,36458,5304,High
12/31/2013,i3,2013,South America,Blue,Electric,Automatic,3,128663,58977,2605,Low
12/31/2024,3 Series,2024,Asia,Silver,Diesel,Automatic,3.9,191605,87220,10423,High
12/31/2013,M3,2013,Middle East,Silver,Hybrid,Manual,2.6,29446,86760,1283,Low
12/31/2012,X1,2012,Africa,Blue,Diesel,Automatic,1.6,191587,25000,4373,Low
12/31/2018,5 Series,2018,North America,White,Diesel,Manual,4,107776,83457,7435,High
12/31/2015,3 Series,2015,Asia,Black,Diesel,Manual,2.2,5917,63995,9295,High
12/31/2014,M5,2014,Asia,Silver,Electric,Automatic,4,199231,112002,1163,Low
12/31/2022,i3,2022,Middle East,Grey,Hybrid,Automatic,1.5,67041,92074,4689,Low
12/31/2021,i3,2021,South America,Red,Electric,Automatic,2.6,97596,91074,3738,Low
12/31/2021,i8,2021,Middle East,Grey,Electric,Manual,3.7,63557,189954,50,Low
12/31/2015,3 Series,2015,Middle East,Blue,Hybrid,Manual,4.5,168384,67664,7117,High
12/31/2022,7 Series,2022,Middle East,White,Electric,Automatic,4.1,31718,167769,1063,Low
12/31/2020,5 Series,2020,Middle East,Silver,Petrol,Automatic,3.1,19133,105011,4192,Low
12/31/2017,M5,2017,Middle East,White,Electric,Manual,4,157863,126812,606,Low
12/31/2014,X1,2014,South America,Red,Electric,Manual,3.4,146023,52318,3910,Low
12/31/2022,X5,2022,Europe,Red,Diesel,Manual,4.3,164417,100614,6183,High
12/31/2024,i3,2024,Europe,Silver,Hybrid,Manual,4.2,165770,98905,6130,High
12/31/2022,X1,2022,South America,White,Hybrid,Automatic,4.9,620,119148,5423,High
12/31/2013,X1,2013,North America,Silver,Diesel,Automatic,1.9,13160,51613,8339,High
12/31/2016,X1,2016,Middle East,Grey,Diesel,Automatic,2.7,56101,61812,4668,Low
12/31/2021,X1,2021,North America,Silver,Hybrid,Automatic,2.2,32605,92900,8007,High
12/31/2023,X1,2023,North America,Black,Hybrid,Automatic,3.7,21116,114219,7355,High
12/31/2014,X3,2014,South America,Silver,Diesel,Manual,3.8,130902,50037,4570,Low
12/31/2013,X5,2013,Asia,Grey,Petrol,Automatic,2.2,114740,63233,5838,High
12/31/2023,3 Series,2023,North America,Grey,Diesel,Manual,3,28879,97130,10599,High
12/31/2014,5 Series,2014,North America,Grey,Electric,Automatic,3.6,21560,101571,6907,High
12/31/2020,X3,2020,Africa,Black,Hybrid,Automatic,3.8,75222,103849,603,Low
12/31/2013,i3,2013,Asia,Red,Petrol,Manual,1.9,11127,55934,4335,Low
12/31/2017,7 Series,2017,Asia,Grey,Diesel,Manual,4.7,54197,127363,897,Low
12/31/2017,M3,2017,Africa,Silver,Petrol,Manual,1.6,186965,58213,1654,Low
12/31/2010,M5,2010,North America,Silver,Electric,Automatic,4.9,163622,105370,575,Low
12/31/2023,5 Series,2023,Middle East,Silver,Hybrid,Manual,2.6,87503,113447,5071,High
12/31/2021,X1,2021,Africa,Black,Hybrid,Automatic,2.6,68611,84277,4433,Low
12/31/2012,i8,2012,North America,Black,Petrol,Manual,3.1,101037,115651,50,Low
12/31/2020,M5,2020,Europe,Silver,Electric,Automatic,3.9,96877,85310,2659,Low
12/31/2013,5 Series,2013,Europe,Blue,Diesel,Automatic,2.1,109562,49740,6788,High
12/31/2011,i3,2011,South America,Red,Petrol,Automatic,2.4,158096,26465,2545,Low
12/31/2023,X1,2023,South America,White,Electric,Automatic,4.9,188702,92387,5735,High
12/31/2022,X1,2022,Africa,Silver,Petrol,Automatic,4.6,13606,108584,3834,Low
12/31/2014,i3,2014,Asia,Blue,Petrol,Automatic,2.2,50654,60875,5001,High
12/31/2020,M3,2020,Asia,Black,Hybrid,Automatic,3.5,90453,119758,3575,Low
12/31/2017,3 Series,2017,Asia,Red,Petrol,Automatic,2.2,60479,68129,10436,High
12/31/2021,i8,2021,North America,Grey,Diesel,Manual,3.4,79426,151283,242,Low
12/31/2011,X3,2011,Middle East,Silver,Petrol,Manual,2.8,56209,49685,5693,High
12/31/2023,i8,2023,North America,Grey,Hybrid,Automatic,2.8,145588,170771,735,Low
12/31/2018,i3,2018,Europe,Silver,Petrol,Manual,3.7,188347,55388,5824,High
12/31/2022,X3,2022,Africa,Red,Electric,Automatic,2.4,157657,90314,5597,High
12/31/2016,X6,2016,South America,Grey,Electric,Automatic,2.9,163554,85709,2095,Low
12/31/2015,X1,2015,North America,Red,Petrol,Manual,4.7,196567,44632,7923,High
12/31/2017,X3,2017,Europe,White,Diesel,Manual,4.1,133923,64403,1442,Low
12/31/2023,X5,2023,Europe,Red,Electric,Automatic,2.8,137044,120802,5664,High
12/31/2011,X5,2011,Europe,Blue,Petrol,Automatic,2.3,151415,44282,4919,Low
12/31/2023,M3,2023,Africa,Red,Hybrid,Automatic,3.8,199280,110499,2565,Low
12/31/2014,X3,2014,South America,Blue,Diesel,Manual,4.3,141894,54790,4513,Low
12/31/2013,5 Series,2013,South America,Blue,Petrol,Manual,4.5,16324,85802,3029,Low
12/31/2017,3 Series,2017,Africa,Silver,Diesel,Automatic,3.5,86908,71142,5052,High
12/31/2022,X5,2022,Middle East,Silver,Petrol,Manual,3.3,174721,90007,5248,High
12/31/2010,3 Series,2010,North America,Grey,Diesel,Manual,4,135057,32877,9774,High
12/31/2021,3 Series,2021,North America,Blue,Diesel,Manual,2.1,98487,77208,9589,High
12/31/2012,5 Series,2012,North America,Silver,Electric,Manual,4.5,3209,101680,6149,High
12/31/2019,3 Series,2019,South America,Silver,Diesel,Manual,1.8,87667,31668,7298,High
12/31/2017,X3,2017,Africa,Red,Electric,Manual,3.6,186413,67794,3986,Low
12/31/2014,3 Series,2014,Asia,Black,Hybrid,Manual,3.6,144449,59461,9850,High
12/31/2013,7 Series,2013,South America,Black,Petrol,Manual,2.6,68617,84944,240,Low
12/31/2015,X5,2015,Europe,Blue,Hybrid,Automatic,1.6,120825,69714,5444,High
12/31/2021,X5,2021,North America,Silver,Petrol,Automatic,4,140986,105827,6208,High
12/31/2014,M5,2014,Africa,Blue,Electric,Manual,1.6,130023,90685,395,Low
12/31/2012,7 Series,2012,South America,White,Petrol,Manual,2.1,124782,67928,330,Low
12/31/2022,7 Series,2022,North America,Blue,Diesel,Manual,3.4,34920,138941,1340,Low
12/31/2020,M5,2020,Asia,Red,Petrol,Manual,4.8,53780,148796,1597,Low
12/31/2023,X6,2023,Asia,White,Diesel,Automatic,1.7,173826,93833,5252,High
12/31/2014,i3,2014,South America,Silver,Electric,Automatic,3.5,53156,80314,2334,Low
12/31/2013,X1,2013,Africa,Silver,Electric,Automatic,2.7,148905,45301,3356,Low
12/31/2010,X5,2010,North America,Red,Hybrid,Manual,3.8,22939,83844,5504,High
12/31/2010,M3,2010,North America,Red,Petrol,Automatic,4.8,140996,61884,1904,Low
12/31/2023,3 Series,2023,Africa,Red,Electric,Manual,2.4,162486,86977,7040,High
12/31/2024,3 Series,2024,Africa,Silver,Hybrid,Manual,4.8,188996,98320,6297,High
12/31/2016,3 Series,2016,Middle East,Blue,Petrol,Automatic,4.5,108157,75329,7137,High
12/31/2013,X3,2013,Europe,Silver,Petrol,Automatic,3.6,64727,62652,8025,High
12/31/2010,X5,2010,Europe,Grey,Hybrid,Manual,4.2,99812,69817,4924,Low
12/31/2015,M5,2015,North America,Red,Electric,Manual,4.5,83189,139691,956,Low
12/31/2020,5 Series,2020,Africa,White,Petrol,Manual,4.3,98934,91406,3348,Low
12/31/2021,i3,2021,Middle East,Black,Petrol,Automatic,2.6,84732,84928,3939,Low
12/31/2024,7 Series,2024,North America,Black,Petrol,Automatic,4.3,39838,156562,1596,Low
12/31/2020,7 Series,2020,Africa,Silver,Diesel,Manual,2.6,75006,110037,708,Low
12/31/2021,7 Series,2021,North America,Red,Petrol,Automatic,4.5,88269,141271,1178,Low
12/31/2020,M3,2020,Africa,Grey,Petrol,Manual,2.4,14952,103989,1365,Low
12/31/2020,i8,2020,North America,Silver,Hybrid,Manual,3.5,147482,147116,584,Low
12/31/2010,i8,2010,Europe,Grey,Petrol,Automatic,3.9,42900,119679,50,Low
12/31/2017,i8,2017,Europe,Grey,Electric,Automatic,3,198245,133637,50,Low
12/31/2021,M3,2021,South America,Grey,Diesel,Automatic,4.2,47427,116131,1526,Low
12/31/2022,X3,2022,Asia,Black,Diesel,Manual,4.7,61892,104956,8742,High
12/31/2018,X1,2018,North America,Black,Petrol,Automatic,2.2,139788,51337,8202,High
12/31/2020,i8,2020,Middle East,Red,Hybrid,Automatic,1.6,89068,160868,166,Low
12/31/2012,M3,2012,Asia,Silver,Hybrid,Manual,3.7,129695,77251,2600,Low
12/31/2016,i3,2016,South America,White,Diesel,Automatic,3.6,14578,75391,2660,Low
12/31/2022,3 Series,2022,Asia,White,Petrol,Automatic,2.7,14750,104794,10524,High
12/31/2024,3 Series,2024,South America,Silver,Diesel,Automatic,4.2,142829,96743,6793,High
12/31/2014,X6,2014,North America,Red,Diesel,Manual,4.4,7227,98548,3413,Low
12/31/2012,i8,2012,South America,Silver,Electric,Automatic,2.7,192913,105558,50,Low
12/31/2014,5 Series,2014,Africa,Silver,Electric,Manual,3.9,148583,72725,3472,Low
12/31/2019,X1,2019,South America,White,Electric,Manual,3.7,130065,78367,5178,High
12/31/2016,5 Series,2016,North America,Silver,Electric,Manual,2.7,129435,82303,6815,High
12/31/2016,M5,2016,South America,White,Diesel,Manual,4.9,51483,126045,294,Low
12/31/2018,M3,2018,South America,Red,Petrol,Manual,2.7,113085,80158,1834,Low
12/31/2017,M5,2017,Middle East,White,Electric,Manual,3.7,178893,116332,661,Low
12/31/2013,3 Series,2013,South America,Red,Electric,Manual,2.8,4036,73880,4720,Low
12/31/2024,3 Series,2024,Europe,Black,Hybrid,Automatic,1.5,175121,80302,12073,High
12/31/2014,i8,2014,Middle East,Grey,Diesel,Automatic,1.8,61190,118762,50,Low
12/31/2014,i8,2014,Europe,Black,Electric,Manual,2.3,165585,123579,50,Low
12/31/2019,i8,2019,North America,Grey,Petrol,Manual,4.3,47506,157230,50,Low
12/31/2021,X5,2021,South America,White,Hybrid,Manual,3,180082,90174,4359,Low
12/31/2011,X3,2011,Middle East,Black,Hybrid,Automatic,3.6,141263,57417,5859,High
12/31/2021,X5,2021,South America,White,Diesel,Automatic,4.8,6397,126428,3330,Low
12/31/2016,i8,2016,Europe,Grey,Petrol,Automatic,2,654,138583,50,Low
12/31/2016,i8,2016,Africa,Red,Electric,Manual,4.5,196511,130147,50,Low
12/31/2018,M5,2018,Africa,Black,Electric,Automatic,2.8,144298,116220,1096,Low
12/31/2022,X1,2022,South America,Grey,Electric,Automatic,2.7,196097,76399,5095,High
12/31/2018,X5,2018,Europe,Red,Petrol,Automatic,3.7,113756,89919,5837,High
12/31/2013,i3,2013,Asia,Grey,Hybrid,Automatic,4.6,153574,63380,4794,Low
12/31/2014,M5,2014,Europe,White,Petrol,Automatic,2.7,55897,111107,1041,Low
12/31/2016,X1,2016,North America,Silver,Electric,Manual,4.2,56596,89119,7139,High
12/31/2019,X1,2019,Europe,Grey,Electric,Manual,1.6,148320,60018,8079,High
12/31/2024,M5,2024,Africa,Silver,Electric,Automatic,3.7,135332,152873,1609,Low
12/31/2016,M5,2016,Asia,Red,Petrol,Manual,3.7,47502,127126,1376,Low
12/31/2020,7 Series,2020,Middle East,Black,Petrol,Manual,3.4,84508,132401,658,Low
12/31/2019,5 Series,2019,South America,Silver,Hybrid,Manual,4.8,124370,100510,4248,Low
12/31/2020,7 Series,2020,Middle East,White,Electric,Manual,4.8,89758,150870,891,Low
12/31/2017,X6,2017,South America,Black,Petrol,Automatic,2.7,152614,79185,2586,Low
12/31/2017,M3,2017,Europe,Blue,Diesel,Manual,3.1,96894,85508,2585,Low
12/31/2011,i8,2011,Europe,Silver,Electric,Automatic,4.3,154553,122907,50,Low
12/31/2021,X6,2021,South America,Grey,Electric,Automatic,4.5,130800,119409,2560,Low
12/31/2018,X1,2018,Africa,Red,Electric,Automatic,3,40102,87080,3803,Low
12/31/2020,3 Series,2020,Africa,Grey,Petrol,Manual,2.7,81623,76836,5682,High
12/31/2013,3 Series,2013,Africa,Red,Diesel,Manual,4.4,74738,57048,5332,High
12/31/2010,M3,2010,Asia,Silver,Hybrid,Manual,2.8,182030,25000,2602,Low
12/31/2010,X5,2010,Europe,Silver,Diesel,Automatic,2.9,24568,64678,4450,Low
12/31/2014,5 Series,2014,North America,Red,Diesel,Automatic,2,71479,66147,7584,High
12/31/2016,X1,2016,South America,Silver,Hybrid,Manual,3.4,75263,72353,4478,Low
12/31/2014,M3,2014,North America,Blue,Hybrid,Manual,2.6,108317,77431,2764,Low
12/31/2024,X6,2024,Europe,White,Electric,Automatic,3.6,190744,124815,4664,Low
12/31/2022,7 Series,2022,Asia,Grey,Petrol,Automatic,3.1,108078,123407,1901,Low
12/31/2012,X6,2012,Europe,White,Electric,Automatic,4.1,11600,106500,3052,Low
12/31/2020,X5,2020,Africa,Silver,Hybrid,Manual,2.5,50871,104646,4124,Low
12/31/2016,i3,2016,Africa,White,Diesel,Automatic,2.1,173020,38890,3383,Low
12/31/2010,X6,2010,Middle East,Black,Petrol,Automatic,4,105880,71491,2166,Low
12/31/2020,i3,2020,Europe,Blue,Diesel,Automatic,2.8,109997,75915,5531,High
12/31/2010,X6,2010,Africa,Blue,Hybrid,Automatic,3.5,29570,83228,995,Low
12/31/2021,3 Series,2021,North America,Silver,Petrol,Manual,4.8,132979,86694,9938,High
12/31/2011,5 Series,2011,North America,White,Petrol,Automatic,3.2,180643,40547,6137,High
12/31/2010,i3,2010,Europe,Grey,Electric,Automatic,2,111989,40681,4308,Low
12/31/2018,X1,2018,North America,Silver,Petrol,Manual,3,199940,47223,7110,High
12/31/2013,X5,2013,South America,Red,Electric,Manual,3.2,191783,62449,2807,Low
12/31/2016,3 Series,2016,Europe,Silver,Electric,Manual,4.2,113094,80446,9914,High
12/31/2014,M3,2014,Europe,Blue,Hybrid,Manual,2.2,71450,79165,2377,Low
12/31/2023,i3,2023,North America,Black,Electric,Manual,2.7,49643,110891,6673,High
12/31/2016,X3,2016,Asia,Red,Petrol,Manual,1.7,139067,49462,9988,High
12/31/2022,X3,2022,Middle East,Silver,Diesel,Automatic,4,109133,98834,5410,High
12/31/2022,X1,2022,Asia,Red,Electric,Automatic,4.1,66638,109327,9121,High
12/31/2024,i3,2024,Middle East,White,Diesel,Manual,3.1,166318,85832,4401,Low
12/31/2016,5 Series,2016,North America,White,Petrol,Manual,3.4,60889,84706,6554,High
12/31/2010,i3,2010,Asia,Grey,Hybrid,Manual,4.1,27819,64585,3993,Low
12/31/2010,X1,2010,North America,Red,Diesel,Automatic,2.4,97140,25919,6661,High
12/31/2020,7 Series,2020,Asia,Grey,Hybrid,Manual,3.6,184628,112986,2350,Low
12/31/2012,7 Series,2012,Asia,White,Petrol,Manual,4.9,81777,100392,720,Low
12/31/2019,5 Series,2019,North America,Grey,Hybrid,Manual,3.8,151300,92773,6814,High
12/31/2011,i3,2011,Europe,Blue,Electric,Manual,1.8,167462,33873,4833,Low
12/31/2023,X3,2023,Europe,Red,Diesel,Automatic,2.5,90772,42801,8382,High
12/31/2016,7 Series,2016,North America,Blue,Hybrid,Automatic,3.3,48440,132134,733,Low
12/31/2012,3 Series,2012,North America,Blue,Hybrid,Automatic,1.8,182900,32745,8219,High
12/31/2016,X6,2016,Middle East,Black,Petrol,Manual,3.9,177585,77787,2978,Low
12/31/2018,M5,2018,Europe,Grey,Diesel,Manual,3.8,121767,121308,1458,Low
12/31/2021,i8,2021,South America,Black,Hybrid,Automatic,4.6,130348,166823,147,Low
12/31/2020,7 Series,2020,South America,Grey,Hybrid,Automatic,3.2,48342,142305,959,Low
12/31/2010,M5,2010,Europe,White,Electric,Automatic,3.9,171415,90282,681,Low
12/31/2024,X6,2024,Middle East,Black,Hybrid,Automatic,2.1,122254,126370,4025,Low
12/31/2012,5 Series,2012,North America,Grey,Electric,Automatic,1.5,62620,73490,5445,High
12/31/2022,7 Series,2022,Middle East,Red,Hybrid,Manual,2.1,70756,141222,1378,Low
12/31/2020,X3,2020,Asia,Grey,Petrol,Manual,1.7,114850,71464,8538,High
12/31/2024,5 Series,2024,North America,Silver,Electric,Automatic,3,50456,133603,6693,High
12/31/2024,X6,2024,Middle East,Red,Electric,Manual,3.1,64820,142594,3723,Low
12/31/2015,5 Series,2015,Middle East,White,Petrol,Automatic,3.8,78262,82072,4847,Low
12/31/2024,i3,2024,Middle East,White,Diesel,Automatic,2,199931,73341,4724,Low
12/31/2022,3 Series,2022,Africa,Silver,Hybrid,Manual,2.3,10926,104821,5387,High
12/31/2018,X5,2018,Asia,Red,Electric,Manual,4.3,161787,96162,6848,High
12/31/2014,i8,2014,North America,Blue,Hybrid,Manual,3.5,127107,132851,50,Low
12/31/2012,X1,2012,Middle East,Silver,Electric,Automatic,1.6,18805,60396,4508,Low
12/31/2017,3 Series,2017,Africa,Blue,Electric,Manual,4.5,89891,92724,4239,Low
12/31/2022,X5,2022,Europe,Grey,Diesel,Automatic,3.7,116609,101415,5948,High
12/31/2023,X5,2023,North America,Red,Hybrid,Automatic,2.2,128248,106460,15000,High
12/31/2021,3 Series,2021,Asia,White,Diesel,Automatic,2.4,26127,88732,10182,High
12/31/2014,3 Series,2014,Asia,Blue,Electric,Manual,3.4,44877,76120,10440,High
12/31/2024,X1,2024,Middle East,Black,Diesel,Manual,3.5,198291,72736,5756,High
12/31/2015,M3,2015,Africa,Grey,Electric,Manual,4.3,188021,78887,1114,Low
12/31/2022,M5,2022,North America,Red,Diesel,Automatic,2.8,69394,136968,1658,Low
12/31/2011,7 Series,2011,Africa,White,Hybrid,Automatic,3.4,112692,89675,50,Low
12/31/2013,X6,2013,Europe,Grey,Electric,Manual,3.5,186771,76854,3563,Low
12/31/2010,X3,2010,South America,Red,Diesel,Automatic,3.5,175980,25889,4375,Low
12/31/2024,X3,2024,Africa,Blue,Hybrid,Manual,1.8,112502,97235,6433,High
12/31/2023,M3,2023,Middle East,Grey,Hybrid,Manual,2.9,57988,135774,2757,Low
12/31/2022,X5,2022,Middle East,Grey,Hybrid,Manual,2.7,36149,129975,4849,Low
12/31/2013,5 Series,2013,South America,Black,Electric,Manual,5,125485,77854,3581,Low
12/31/2010,X6,2010,Middle East,Blue,Hybrid,Manual,3.1,83748,78880,1575,Low
12/31/2013,X6,2013,South America,White,Petrol,Automatic,3,42936,86063,1582,Low
12/31/2023,7 Series,2023,Africa,Blue,Hybrid,Automatic,3.2,178039,131246,1208,Low
12/31/2011,i3,2011,South America,White,Hybrid,Automatic,4.7,7694,75296,1943,Low
12/31/2015,i8,2015,Asia,Red,Petrol,Manual,3.6,48099,146147,50,Low
12/31/2015,X5,2015,Africa,Blue,Diesel,Manual,2.9,147929,60143,3101,Low
12/31/2017,M3,2017,Middle East,Silver,Petrol,Manual,4.7,33651,117166,1490,Low
12/31/2018,X6,2018,North America,Blue,Diesel,Manual,4.8,183606,93208,4624,Low
12/31/2017,7 Series,2017,North America,Black,Electric,Manual,2.4,60983,120494,1084,Low
12/31/2010,M5,2010,Europe,Grey,Petrol,Manual,2.9,31088,91783,749,Low
12/31/2022,3 Series,2022,North America,Grey,Electric,Manual,4.9,156735,99962,11006,High
12/31/2012,i8,2012,North America,Red,Hybrid,Automatic,3.4,183762,119496,50,Low
12/31/2015,X5,2015,Asia,Grey,Electric,Manual,3,149934,81237,6143,High
12/31/2010,X3,2010,Asia,Blue,Hybrid,Manual,2.2,120584,40476,7593,High
12/31/2017,X6,2017,Asia,Blue,Hybrid,Manual,2.8,175779,80838,4373,Low
12/31/2023,X5,2023,Middle East,Red,Diesel,Automatic,3.7,26485,129922,3600,Low
12/31/2015,M5,2015,North America,Black,Hybrid,Automatic,1.6,15004,126180,996,Low
12/31/2010,i8,2010,South America,White,Diesel,Automatic,1.8,135391,84950,50,Low
12/31/2019,M3,2019,Africa,Grey,Hybrid,Manual,1.5,155261,113280,1609,Low
12/31/2011,7 Series,2011,Middle East,White,Hybrid,Automatic,2.3,8386,103365,50,Low
12/31/2015,i3,2015,Africa,Red,Hybrid,Manual,2.1,89368,56687,2555,Low
12/31/2019,M5,2019,North America,White,Diesel,Manual,4.5,177761,116595,1830,Low
12/31/2023,M5,2023,North America,White,Hybrid,Automatic,2.1,146526,132918,2493,Low
12/31/2017,5 Series,2017,Asia,Red,Petrol,Manual,3.8,136174,73046,7508,High
12/31/2014,X1,2014,Asia,Red,Petrol,Manual,1.9,43732,47983,7714,High
12/31/2010,5 Series,2010,Asia,Black,Diesel,Automatic,3.6,139950,46035,6824,High
12/31/2023,X6,2023,Asia,White,Diesel,Manual,3,25072,131523,4721,Low
12/31/2019,M5,2019,Middle East,Blue,Electric,Automatic,2.9,125036,136137,1201,Low
12/31/2011,X3,2011,Asia,Blue,Petrol,Automatic,4.5,130107,50932,7205,High
12/31/2013,X1,2013,Asia,Grey,Diesel,Manual,2.1,133641,27959,8115,High
12/31/2013,X5,2013,Europe,Grey,Hybrid,Automatic,3.6,41633,87547,4885,Low
12/31/2016,X3,2016,Africa,White,Electric,Manual,4.4,184444,71116,3784,Low
12/31/2011,M5,2011,Europe,Grey,Hybrid,Manual,4,91100,102861,802,Low
12/31/2016,X1,2016,Africa,Silver,Electric,Automatic,4.9,53544,92872,3523,Low
12/31/2016,X6,2016,Africa,Grey,Petrol,Manual,1.5,135180,65526,2367,Low
12/31/2016,M3,2016,Africa,Black,Petrol,Automatic,4.6,2299,104826,970,Low
12/31/2022,M3,2022,Middle East,Silver,Electric,Manual,3.6,99423,126340,2768,Low
12/31/2012,M5,2012,South America,White,Electric,Manual,1.5,56729,102027,68,Low
12/31/2015,X1,2015,Asia,Grey,Petrol,Automatic,3.1,33784,62508,8355,High
12/31/2021,M3,2021,Asia,Blue,Hybrid,Manual,4.2,85905,126503,3178,Low
12/31/2015,5 Series,2015,Asia,Silver,Hybrid,Manual,2.1,133926,65040,7301,High
12/31/2013,i3,2013,North America,Grey,Electric,Automatic,3.9,18616,87028,4637,Low
12/31/2010,i8,2010,South America,Blue,Electric,Manual,2,28249,114906,50,Low
12/31/2018,X6,2018,North America,Grey,Hybrid,Manual,4.3,93335,111968,4048,Low
12/31/2011,3 Series,2011,Middle East,Silver,Hybrid,Automatic,3.5,29685,69155,6348,High
12/31/2018,3 Series,2018,Africa,White,Diesel,Manual,1.6,147358,44361,5701,High
12/31/2017,X1,2017,Africa,White,Petrol,Manual,1.8,183094,34066,4197,Low
12/31/2010,M5,2010,Middle East,Silver,Petrol,Automatic,4.5,118159,98535,50,Low
12/31/2020,i3,2020,Africa,Red,Electric,Automatic,1.6,87652,85380,3432,Low
12/31/2016,X3,2016,South America,Silver,Diesel,Automatic,2.5,174492,46649,5441,High
12/31/2022,5 Series,2022,Middle East,Silver,Diesel,Automatic,3.5,11275,124655,5155,High
12/31/2019,X1,2019,Middle East,Grey,Electric,Automatic,2.2,110262,74405,6078,High
12/31/2012,i8,2012,Africa,Black,Hybrid,Manual,2.3,192497,92565,50,Low
12/31/2019,i3,2019,Middle East,Blue,Diesel,Manual,4.2,163947,67644,3437,Low
12/31/2022,3 Series,2022,Africa,Red,Petrol,Manual,2.5,49586,85604,5459,High
12/31/2019,X6,2019,Africa,Grey,Diesel,Manual,1.6,150427,74107,2516,Low
12/31/2023,X1,2023,Europe,Silver,Diesel,Manual,4,164224,74926,7771,High
12/31/2023,X1,2023,North America,Grey,Petrol,Automatic,4.8,134829,97588,8689,High
12/31/2023,X6,2023,Europe,Silver,Electric,Automatic,4.4,114985,135011,4205,Low
12/31/2018,M5,2018,South America,Grey,Electric,Manual,3.4,167257,112528,1376,Low
12/31/2014,X5,2014,Middle East,Black,Petrol,Manual,3,123105,66190,3592,Low
12/31/2020,i3,2020,Europe,Blue,Petrol,Manual,4.7,24148,100809,5015,High
12/31/2012,i8,2012,Africa,Red,Hybrid,Automatic,4.2,25904,145465,50,Low
12/31/2017,7 Series,2017,Africa,Silver,Diesel,Manual,3.5,25545,113794,238,Low
12/31/2021,X5,2021,Africa,Blue,Diesel,Automatic,4.6,194844,88252,3670,Low
12/31/2012,7 Series,2012,South America,Black,Electric,Automatic,3.6,11701,117706,50,Low
12/31/2016,M3,2016,Asia,Silver,Petrol,Automatic,4.9,1186,112632,2112,Low
12/31/2023,7 Series,2023,Africa,Black,Diesel,Manual,4.5,172968,121364,1027,Low
12/31/2016,X6,2016,North America,Silver,Petrol,Automatic,3.4,177416,79736,3711,Low
12/31/2016,M3,2016,Africa,Silver,Petrol,Automatic,4.7,126410,90683,1061,Low
12/31/2023,7 Series,2023,Europe,Blue,Electric,Automatic,2.7,183754,134700,1975,Low
12/31/2021,X1,2021,Asia,Grey,Diesel,Manual,4,1766,95356,7951,High
12/31/2010,X6,2010,Africa,Blue,Electric,Automatic,2.1,47988,76994,1105,Low
12/31/2020,3 Series,2020,Asia,Silver,Diesel,Automatic,4.6,163733,79505,9897,High
12/31/2014,3 Series,2014,Africa,Red,Electric,Automatic,2.4,37379,74788,4500,Low
12/31/2021,X6,2021,Africa,Blue,Hybrid,Automatic,4.8,56837,140406,2121,Low
12/31/2020,i3,2020,North America,Silver,Electric,Automatic,1.6,87987,90904,5232,High
12/31/2010,3 Series,2010,North America,White,Hybrid,Manual,3.9,118432,48073,9432,High
12/31/2016,3 Series,2016,North America,Silver,Diesel,Manual,2,192709,36504,9522,High
12/31/2022,5 Series,2022,South America,Blue,Petrol,Manual,4.2,40434,109550,4591,Low
12/31/2022,5 Series,2022,North America,Red,Diesel,Manual,3.2,194050,79693,8500,High
12/31/2017,i3,2017,North America,Silver,Diesel,Automatic,4.7,172214,66368,15000,High
12/31/2016,i8,2016,Europe,Black,Hybrid,Automatic,4,137207,141054,50,Low
12/31/2010,i3,2010,North America,Blue,Electric,Automatic,4.2,149455,52020,4740,Low
12/31/2012,X3,2012,Asia,Blue,Petrol,Automatic,1.9,96396,44828,9008,High
12/31/2024,7 Series,2024,South America,Blue,Electric,Automatic,1.8,160798,132741,1679,Low
12/31/2019,X6,2019,Africa,Black,Hybrid,Manual,4.5,137803,107729,2407,Low
12/31/2012,X1,2012,Europe,Grey,Electric,Automatic,2.3,158905,37363,8136,High
12/31/2024,X3,2024,South America,Blue,Hybrid,Manual,4.5,47856,128614,6202,High
12/31/2016,3 Series,2016,North America,Blue,Petrol,Automatic,2,102663,56092,9264,High
12/31/2013,3 Series,2013,North America,Blue,Petrol,Manual,2.6,19521,61672,8871,High
12/31/2021,i8,2021,Asia,Red,Diesel,Automatic,4.8,197382,139870,486,Low
12/31/2012,X6,2012,North America,Black,Hybrid,Automatic,4.4,69682,141574,2657,Low
12/31/2015,5 Series,2015,North America,Blue,Electric,Manual,1.7,86805,80984,6674,High
12/31/2021,3 Series,2021,Europe,Silver,Electric,Manual,3.1,161987,128658,8782,High
12/31/2019,i3,2019,Africa,Black,Electric,Manual,4.7,149628,89820,3582,Low
12/31/2015,5 Series,2015,North America,White,Diesel,Automatic,1.6,125349,58121,6171,High
12/31/2019,i3,2019,South America,Blue,Hybrid,Manual,1.9,40693,86052,3552,Low
12/31/2014,X5,2014,Africa,Black,Electric,Manual,3.8,87820,91659,2440,Low
12/31/2021,3 Series,2021,South America,Blue,Electric,Manual,1.9,153886,79800,6841,High
12/31/2024,X6,2024,Europe,Red,Electric,Manual,3.1,103858,126332,5245,High
12/31/2015,7 Series,2015,Asia,Silver,Hybrid,Manual,3.3,146560,96637,1199,Low
12/31/2012,i3,2012,Africa,White,Hybrid,Manual,4.5,192137,46015,2123,Low
12/31/2023,M3,2023,North America,Red,Hybrid,Automatic,4.9,179698,128744,3295,Low
12/31/2024,X5,2024,Middle East,Silver,Hybrid,Automatic,3.3,12371,145253,4072,Low
12/31/2022,X1,2022,Africa,Blue,Electric,Manual,3.3,96964,91715,4466,Low
12/31/2019,i3,2019,Europe,Blue,Petrol,Automatic,4,144411,75258,4332,Low
12/31/2014,i3,2014,North America,Blue,Petrol,Automatic,2.2,146850,40843,4677,Low
12/31/2018,X5,2018,North America,Blue,Electric,Automatic,4.8,143547,114709,5552,High
12/31/2013,i3,2013,Asia,Grey,Electric,Automatic,1.5,185135,40071,4488,Low
12/31/2020,i3,2020,Europe,Grey,Petrol,Automatic,1.5,50806,78165,5550,High
12/31/2011,M5,2011,North America,White,Diesel,Automatic,3.7,15559,109001,794,Low
12/31/2014,M5,2014,Africa,Blue,Diesel,Manual,2.7,172788,79276,531,Low
12/31/2012,M5,2012,Europe,Silver,Hybrid,Manual,2.9,144937,89938,1059,Low
12/31/2021,M3,2021,South America,Black,Electric,Automatic,2.3,2332,128599,2363,Low
12/31/2024,i3,2024,Africa,Grey,Petrol,Automatic,2.9,54444,104957,2870,Low
12/31/2012,M3,2012,Europe,Grey,Petrol,Manual,4.4,96542,70619,463,Low
12/31/2013,7 Series,2013,Asia,Black,Petrol,Manual,3.9,137259,90379,927,Low
12/31/2021,3 Series,2021,Middle East,Blue,Petrol,Automatic,1.8,20004,90213,6594,High
12/31/2013,X1,2013,North America,Black,Hybrid,Manual,1.7,119740,38851,7689,High
12/31/2014,X3,2014,Europe,Grey,Hybrid,Automatic,3.3,180295,54238,7598,High
12/31/2016,i3,2016,Europe,Silver,Electric,Automatic,4.1,46911,47108,12247,High
12/31/2013,i3,2013,Africa,Grey,Hybrid,Manual,3.8,48375,72622,1793,Low
12/31/2020,3 Series,2020,Middle East,Grey,Electric,Manual,4.5,15483,119710,6130,High
12/31/2016,i3,2016,South America,White,Hybrid,Automatic,2,178155,49496,3405,Low
12/31/2018,X5,2018,Middle East,Silver,Diesel,Manual,3.6,115926,85989,4151,Low
12/31/2012,M3,2012,Middle East,Red,Electric,Manual,4.2,122578,85335,1083,Low
12/31/2014,i3,2014,South America,Red,Electric,Manual,4.8,14563,90813,2182,Low
12/31/2013,5 Series,2013,Asia,Blue,Electric,Automatic,1.9,16023,84110,6599,High
12/31/2024,M5,2024,Asia,Blue,Petrol,Manual,2.3,25713,152835,2386,Low
12/31/2018,M3,2018,South America,Grey,Electric,Automatic,2.7,52178,115599,2004,Low
12/31/2014,i3,2014,Africa,Black,Electric,Manual,3.4,6574,80913,1857,Low
12/31/2019,M3,2019,Middle East,White,Petrol,Automatic,2.9,39029,108783,1874,Low
12/31/2011,X3,2011,South America,White,Electric,Automatic,4.5,149246,61206,4881,Low
12/31/2019,X1,2019,South America,Red,Diesel,Automatic,4.8,154764,71042,4698,Low
12/31/2010,M3,2010,Europe,Silver,Hybrid,Automatic,1.7,32574,71630,1791,Low
12/31/2016,3 Series,2016,Asia,Blue,Hybrid,Manual,3.9,95938,76073,9195,High
12/31/2020,i3,2020,Middle East,White,Petrol,Manual,1.9,167782,58722,4539,Low
12/31/2010,5 Series,2010,North America,Silver,Petrol,Manual,4.6,73242,63572,6179,High
12/31/2017,i8,2017,North America,Black,Hybrid,Manual,2,109081,71728,908,Low
12/31/2024,M5,2024,North America,Silver,Diesel,Automatic,5,160319,143699,2380,Low
12/31/2018,i8,2018,Africa,Silver,Petrol,Automatic,3,141525,132349,50,Low
12/31/2016,X1,2016,South America,Silver,Petrol,Manual,2.8,1649,69474,3833,Low
12/31/2018,X3,2018,Europe,Blue,Diesel,Automatic,3.6,120865,75643,8362,High
12/31/2019,X6,2019,Africa,Black,Hybrid,Automatic,2.9,181321,93663,3015,Low
12/31/2015,i3,2015,South America,Red,Electric,Automatic,2.3,17263,81658,2415,Low
12/31/2024,X1,2024,Europe,Grey,Hybrid,Automatic,3.7,31425,118574,7911,High
12/31/2024,X3,2024,Asia,Silver,Diesel,Manual,4,26237,121265,8141,High
12/31/2016,7 Series,2016,North America,Black,Petrol,Manual,4.8,88295,122621,985,Low
12/31/2012,X5,2012,Africa,Blue,Hybrid,Automatic,2.9,30751,78022,2373,Low
12/31/2023,3 Series,2023,Europe,Grey,Diesel,Manual,4,149255,87111,8535,High
12/31/2023,X1,2023,Middle East,Red,Electric,Automatic,4.4,22553,131652,6365,High
12/31/2018,i3,2018,North America,Grey,Petrol,Automatic,4.4,58515,91625,4435,Low
12/31/2012,X3,2012,Europe,White,Petrol,Automatic,1.6,8637,59114,7481,High
12/31/2015,X3,2015,Europe,Black,Hybrid,Automatic,2.7,177010,56607,8765,High
12/31/2013,3 Series,2013,Europe,Red,Petrol,Automatic,1.5,136615,34519,8335,High
12/31/2018,5 Series,2018,North America,Black,Hybrid,Automatic,3.5,108264,92405,7609,High
12/31/2010,X3,2010,North America,Silver,Diesel,Manual,4.5,133522,43605,9045,High
12/31/2018,7 Series,2018,South America,Black,Hybrid,Manual,4.4,93263,126603,810,Low
12/31/2021,7 Series,2021,North America,Blue,Electric,Manual,4.3,118245,144486,1740,Low
12/31/2013,5 Series,2013,North America,Blue,Electric,Automatic,2.7,2707,92200,5229,High
12/31/2019,X6,2019,Asia,Red,Electric,Automatic,1.7,59707,111685,5207,High
12/31/2014,i3,2014,North America,Silver,Petrol,Automatic,2.1,191679,33545,4846,Low
12/31/2020,i3,2020,North America,Blue,Diesel,Automatic,3.8,157819,72138,5114,High
12/31/2022,i3,2022,Africa,Blue,Electric,Manual,2,99752,91561,3094,Low
12/31/2010,i8,2010,Europe,Red,Hybrid,Automatic,1.9,44488,113549,50,Low
12/31/2023,M5,2023,North America,Silver,Electric,Automatic,2.7,16909,166845,2120,Low
12/31/2010,X1,2010,North America,Grey,Diesel,Manual,1.8,120365,25000,7687,High
12/31/2015,5 Series,2015,Europe,Silver,Petrol,Manual,2.7,78558,72178,6755,High
12/31/2019,X3,2019,Middle East,White,Diesel,Automatic,4.9,180650,78207,6528,High
12/31/2024,3 Series,2024,Europe,Black,Diesel,Automatic,1.6,54601,89285,9098,High
12/31/2022,i3,2022,Middle East,Black,Hybrid,Automatic,4.4,159688,101305,3890,Low
12/31/2024,3 Series,2024,Africa,Red,Hybrid,Automatic,5,59418,119285,5801,High
12/31/2024,X6,2024,North America,Red,Hybrid,Automatic,3,197722,116349,5104,High
12/31/2010,5 Series,2010,Asia,Black,Electric,Automatic,4.8,8108,96802,5705,High
12/31/2022,5 Series,2022,Asia,Red,Petrol,Automatic,2.4,171126,85594,8748,High
12/31/2011,X3,2011,South America,Blue,Petrol,Manual,4.9,122105,49711,4028,Low
12/31/2022,i3,2022,South America,Blue,Petrol,Manual,4.5,173342,83158,3357,Low
12/31/2023,i8,2023,South America,Silver,Hybrid,Manual,4.6,75445,174625,348,Low
12/31/2012,X6,2012,Europe,White,Electric,Automatic,2,51275,87537,3196,Low
12/31/2016,X1,2016,Asia,Black,Electric,Automatic,4.5,73470,88441,7016,High
12/31/2011,i8,2011,North America,Blue,Hybrid,Manual,4.8,84135,130535,50,Low
12/31/2014,X6,2014,Middle East,Red,Hybrid,Manual,4.4,161658,89746,2551,Low
12/31/2018,M3,2018,Middle East,Grey,Diesel,Manual,1.8,135943,74740,2148,Low
12/31/2021,5 Series,2021,Europe,Black,Electric,Manual,1.8,196124,85724,6862,High
12/31/2021,3 Series,2021,Middle East,Red,Electric,Automatic,2.8,60016,103358,7071,High
12/31/2019,3 Series,2019,South America,Red,Petrol,Automatic,4,127441,72880,5757,High
12/31/2017,7 Series,2017,North America,Black,Diesel,Automatic,1.5,143194,90750,1420,Low
12/31/2021,X6,2021,North America,Red,Electric,Automatic,4.8,162956,124343,4733,Low
12/31/2017,X6,2017,Asia,Black,Electric,Manual,3.3,141044,102269,8824,High
12/31/2020,3 Series,2020,Asia,White,Diesel,Manual,2.8,41422,85784,8956,High
12/31/2011,X3,2011,Africa,Blue,Petrol,Manual,3.5,180873,29287,3948,Low
12/31/2010,X3,2010,Europe,Red,Electric,Automatic,4,59339,67280,7352,High
12/31/2018,M3,2018,North America,Blue,Electric,Automatic,2.5,154120,96866,3183,Low
12/31/2019,X6,2019,Middle East,White,Electric,Automatic,2.5,153936,102164,2931,Low
12/31/2021,X5,2021,Europe,Blue,Diesel,Automatic,3.1,11658,117839,5883,High
12/31/2013,X5,2013,Africa,Silver,Electric,Automatic,3.8,21205,95162,1972,Low
12/31/2018,7 Series,2018,Africa,Grey,Diesel,Manual,4,192889,93072,604,Low
12/31/2020,i8,2020,Europe,Silver,Petrol,Automatic,2.6,175321,136791,301,Low
12/31/2023,5 Series,2023,Asia,Red,Electric,Manual,2.6,74120,121546,7247,High
12/31/2021,M5,2021,Middle East,Silver,Hybrid,Automatic,3.2,192633,126019,1927,Low
12/31/2020,X3,2020,Middle East,Silver,Diesel,Automatic,3.4,30493,95981,5259,High
12/31/2016,7 Series,2016,Europe,Silver,Petrol,Automatic,3.8,79506,115810,796,Low
12/31/2021,M5,2021,Africa,Grey,Hybrid,Manual,3.7,122227,135453,1392,Low
12/31/2015,i8,2015,North America,White,Diesel,Manual,2.8,70030,133926,50,Low
12/31/2019,M5,2019,North America,Red,Diesel,Manual,2.5,138183,113266,1830,Low
12/31/2022,M3,2022,Europe,White,Hybrid,Manual,2.6,63544,120313,3432,Low
12/31/2018,M5,2018,Europe,Red,Hybrid,Automatic,3.8,137403,122188,2212,Low
12/31/2019,5 Series,2019,North America,Silver,Hybrid,Manual,3,18493,175424,5897,High
12/31/2013,i3,2013,Asia,Red,Diesel,Automatic,2,144770,32249,5227,High
12/31/2023,5 Series,2023,South America,Black,Petrol,Manual,1.5,119900,85095,5604,High
12/31/2010,3 Series,2010,Asia,White,Diesel,Automatic,1.6,2349,44958,10249,High
12/31/2014,X5,2014,Middle East,Black,Diesel,Manual,4.5,121581,78780,3147,Low
12/31/2022,X6,2022,Europe,White,Hybrid,Manual,3.1,159925,107617,4386,Low
12/31/2015,i8,2015,North America,Black,Hybrid,Manual,3.8,153942,136009,50,Low
12/31/2015,i8,2015,Asia,Blue,Diesel,Manual,4.8,125030,126463,50,Low
12/31/2021,X6,2021,North America,Silver,Electric,Manual,1.9,152433,103382,5575,High
12/31/2010,X5,2010,Middle East,White,Petrol,Automatic,3.1,196486,42572,3532,Low
12/31/2024,i3,2024,Europe,Silver,Electric,Manual,3.4,164987,101530,5523,High
12/31/2016,i3,2016,Asia,Grey,Electric,Manual,4.4,136581,80857,5279,High
12/31/2017,i8,2017,North America,Blue,Petrol,Automatic,5,47800,160581,50,Low
12/31/2021,i8,2021,Middle East,Red,Petrol,Automatic,4,106225,169960,50,Low
12/31/2014,M3,2014,Middle East,Red,Hybrid,Manual,3.7,69206,93708,1132,Low
12/31/2011,i8,2011,Africa,White,Hybrid,Automatic,4.7,96523,125049,50,Low
12/31/2011,M3,2011,Asia,Blue,Petrol,Manual,4.4,114088,65348,2733,Low
12/31/2020,7 Series,2020,South America,Silver,Petrol,Manual,4.5,15684,136889,426,Low
12/31/2014,X3,2014,Europe,Red,Petrol,Manual,1.5,106044,43088,8596,High
12/31/2016,5 Series,2016,Asia,Grey,Diesel,Automatic,3.3,189951,59773,8059,High
12/31/2016,7 Series,2016,Africa,White,Diesel,Automatic,4.2,128003,102285,249,Low
12/31/2022,X1,2022,South America,Blue,Electric,Manual,2.1,51409,95128,11039,High
12/31/2013,M5,2013,South America,Red,Electric,Automatic,4.1,13852,138336,50,Low
12/31/2020,X5,2020,Middle East,Blue,Hybrid,Manual,1.5,173558,86244,4312,Low
12/31/2023,7 Series,2023,North America,Red,Electric,Automatic,3.5,70974,160305,1662,Low
12/31/2012,3 Series,2012,Europe,Red,Hybrid,Automatic,4.5,158499,55973,9488,High
12/31/2018,i8,2018,Europe,Black,Hybrid,Automatic,3,174380,131612,523,Low
12/31/2021,M3,2021,Europe,Red,Hybrid,Manual,4.1,55940,128798,2845,Low
12/31/2023,M3,2023,Asia,Black,Hybrid,Manual,3.4,140045,116359,4018,Low
12/31/2023,3 Series,2023,Europe,Blue,Diesel,Automatic,3.8,122767,92688,9150,High
12/31/2016,3 Series,2016,Africa,Black,Electric,Automatic,3.3,133247,67802,4822,Low
12/31/2011,7 Series,2011,Middle East,Blue,Petrol,Manual,3.2,131511,83541,99,Low
12/31/2010,X1,2010,Middle East,Silver,Hybrid,Automatic,4.4,154263,42174,4455,Low
12/31/2020,X5,2020,Africa,Grey,Hybrid,Automatic,1.8,171855,84882,4000,Low
12/31/2011,X3,2011,Europe,Grey,Diesel,Manual,3.5,53527,52420,8707,High
12/31/2022,X1,2022,Middle East,Black,Diesel,Automatic,1.9,195596,54538,6052,High
12/31/2021,X5,2021,South America,Blue,Petrol,Automatic,3.5,152637,88532,4315,Low
12/31/2012,M3,2012,Africa,Silver,Hybrid,Manual,4.9,14415,97731,475,Low
12/31/2014,X5,2014,Middle East,White,Hybrid,Automatic,1.7,65697,85625,3343,Low
12/31/2023,X1,2023,South America,Silver,Electric,Automatic,3,129564,92262,5259,High
12/31/2024,M5,2024,South America,Silver,Hybrid,Manual,4.3,94568,159656,1340,Low
12/31/2012,X3,2012,Africa,Red,Hybrid,Automatic,2.8,125196,51746,3582,Low
12/31/2019,X6,2019,Asia,Red,Diesel,Automatic,3.3,158856,91711,4295,Low
12/31/2018,3 Series,2018,Asia,Grey,Diesel,Manual,1.9,31715,74200,9893,High
12/31/2019,i3,2019,North America,Red,Hybrid,Automatic,2.3,9177,93206,5296,High
12/31/2013,X3,2013,Asia,Silver,Electric,Manual,3.9,24920,83261,8330,High
12/31/2016,X5,2016,Europe,Silver,Diesel,Automatic,4.4,90114,90194,5529,High
12/31/2013,X5,2013,Middle East,White,Hybrid,Manual,3.8,169530,73452,3028,Low
12/31/2012,i3,2012,Europe,White,Petrol,Manual,4.4,172547,38923,4502,Low
12/31/2019,i3,2019,Europe,Grey,Electric,Manual,3.6,146348,80996,5781,High
12/31/2010,M5,2010,Middle East,Blue,Electric,Automatic,4.3,10865,133830,50,Low
12/31/2023,M5,2023,Europe,Black,Electric,Automatic,4.9,28118,189070,1650,Low
12/31/2021,M3,2021,North America,White,Diesel,Automatic,1.8,164679,82174,3407,Low
12/31/2018,X6,2018,Africa,Red,Electric,Manual,3.2,93743,103966,2673,Low
12/31/2022,5 Series,2022,Middle East,Black,Diesel,Automatic,2.2,42891,52812,5204,High
12/31/2020,X5,2020,Asia,Red,Hybrid,Automatic,3.1,124491,107537,6931,High
12/31/2010,M5,2010,Africa,Grey,Diesel,Manual,3.2,54143,86105,50,Low
12/31/2020,X6,2020,Middle East,Grey,Electric,Manual,3.7,72084,131373,2909,Low
12/31/2022,M3,2022,Europe,Grey,Hybrid,Automatic,3,128612,111483,3452,Low
12/31/2010,i8,2010,Africa,White,Hybrid,Automatic,2.6,105938,101440,50,Low
12/31/2024,X5,2024,North America,Black,Diesel,Manual,1.7,75965,106588,6413,High
12/31/2010,X3,2010,Middle East,Red,Electric,Automatic,1.6,38713,61042,4297,Low
12/31/2023,i8,2023,Asia,Red,Hybrid,Manual,2.1,181088,148795,1134,Low
12/31/2014,X5,2014,North America,Silver,Electric,Automatic,3.1,193949,74790,4840,Low
12/31/2016,X5,2016,South America,Red,Electric,Manual,3,154570,77589,2916,Low
12/31/2016,X1,2016,Middle East,Grey,Hybrid,Automatic,2.2,125566,58733,5522,High
12/31/2019,X6,2019,South America,White,Electric,Automatic,4.4,43133,136009,2789,Low
12/31/2010,X6,2010,Middle East,Silver,Hybrid,Manual,3.9,167314,65699,2039,Low
12/31/2015,5 Series,2015,Europe,Black,Diesel,Automatic,2.7,50217,78217,5721,High
12/31/2018,3 Series,2018,Middle East,Red,Electric,Manual,4.3,135986,89455,6614,High
12/31/2015,X1,2015,Europe,Black,Petrol,Automatic,5,63707,76054,7526,High
12/31/2024,X5,2024,North America,Blue,Electric,Automatic,2.4,178286,113698,6498,High
12/31/2013,i8,2013,South America,Grey,Diesel,Automatic,2.8,173808,100404,50,Low
12/31/2024,X5,2024,North America,Blue,Hybrid,Automatic,5,47605,144895,7319,High
12/31/2019,5 Series,2019,North America,Grey,Hybrid,Automatic,2,176123,77177,6594,High
12/31/2018,X3,2018,Middle East,Silver,Electric,Automatic,1.8,145625,74965,6564,High
12/31/2022,X6,2022,Africa,Grey,Electric,Manual,3.3,9274,137223,2286,Low
12/31/2012,i8,2012,Europe,Blue,Diesel,Manual,3.1,191531,97321,50,Low
12/31/2022,7 Series,2022,Africa,Blue,Petrol,Manual,1.8,165992,102323,1149,Low
12/31/2019,i8,2019,North America,Grey,Petrol,Automatic,2.5,63332,146515,50,Low
12/31/2013,i3,2013,Middle East,Red,Hybrid,Manual,3,157314,49727,3601,Low
12/31/2013,3 Series,2013,Europe,Blue,Hybrid,Automatic,4.4,176202,53074,10094,High
12/31/2013,5 Series,2013,Europe,Blue,Hybrid,Manual,4,40884,90960,5855,High
12/31/2015,M3,2015,South America,Red,Petrol,Automatic,4.7,117674,82209,1310,Low
12/31/2022,X6,2022,Asia,Blue,Electric,Automatic,2.7,18779,141057,1031,Low
12/31/2020,M5,2020,North America,White,Hybrid,Automatic,2.6,19541,144944,1953,Low
12/31/2024,i3,2024,Middle East,White,Electric,Automatic,3.1,96014,115601,4375,Low
12/31/2024,i3,2024,Asia,Grey,Petrol,Manual,1.5,30269,94499,5700,High
12/31/2020,i8,2020,Middle East,White,Diesel,Manual,2.2,3958,161791,50,Low
12/31/2016,M5,2016,Middle East,Grey,Diesel,Automatic,2.2,119807,104808,810,Low
12/31/2023,X1,2023,South America,Blue,Petrol,Automatic,1.7,70815,80350,4771,Low
12/31/2018,i3,2018,Middle East,White,Petrol,Automatic,3.1,156863,61054,4051,Low
12/31/2023,5 Series,2023,Asia,Silver,Hybrid,Manual,4.7,135881,112906,7885,High
12/31/2020,X6,2020,North America,Silver,Electric,Automatic,1.5,146167,99515,4274,Low
12/31/2012,M3,2012,South America,Silver,Diesel,Automatic,3.7,142145,56446,1217,Low
12/31/2017,X3,2017,Middle East,Black,Petrol,Automatic,4.6,66773,88879,810,Low
12/31/2017,i8,2017,Middle East,White,Diesel,Manual,1.9,35199,141533,50,Low
12/31/2010,X1,2010,Middle East,Silver,Diesel,Manual,4.7,123117,36039,5258,High
12/31/2014,i8,2014,North America,Red,Diesel,Automatic,4.4,96151,131432,50,Low
12/31/2022,7 Series,2022,Africa,Blue,Electric,Automatic,2.3,51452,147210,1006,Low
12/31/2019,X5,2019,North America,Red,Diesel,Automatic,4.7,167325,93579,6626,High
12/31/2014,M3,2014,Middle East,Black,Electric,Automatic,4.3,94235,106631,1021,Low
12/31/2021,X3,2021,Europe,Silver,Hybrid,Manual,1.9,81167,89331,8733,High
12/31/2017,i3,2017,Africa,Blue,Petrol,Manual,4.4,23542,85027,2433,Low
12/31/2017,5 Series,2017,South America,Blue,Diesel,Manual,3.4,189844,57792,3971,Low
12/31/2021,X6,2021,Africa,Grey,Petrol,Manual,4.4,51368,116301,2005,Low
12/31/2011,M5,2011,Europe,White,Diesel,Manual,3.7,188447,70070,1307,Low
12/31/2012,7 Series,2012,Middle East,White,Electric,Automatic,2.9,148032,100612,50,Low
12/31/2011,i8,2011,Middle East,White,Petrol,Automatic,3.6,174969,137575,50,Low
12/31/2010,i8,2010,South America,Grey,Electric,Manual,3.7,148545,114041,50,Low
12/31/2011,i8,2011,Europe,Blue,Hybrid,Manual,4.2,194363,108067,50,Low
12/31/2019,X6,2019,Africa,Grey,Diesel,Manual,4.4,5278,123626,1638,Low
12/31/2015,X3,2015,South America,Blue,Petrol,Manual,3.8,168593,52218,5238,High
12/31/2021,M3,2021,North America,Blue,Electric,Manual,5,115050,128202,3677,Low
12/31/2010,X6,2010,Europe,Black,Electric,Automatic,4.2,4871,101454,2853,Low
12/31/2015,3 Series,2015,Middle East,Black,Petrol,Automatic,4.7,97033,74892,6255,High
12/31/2010,i8,2010,South America,Silver,Electric,Automatic,2.6,119350,110881,50,Low
12/31/2011,i8,2011,Europe,White,Electric,Automatic,2.6,34656,134743,50,Low
12/31/2017,7 Series,2017,North America,White,Electric,Manual,2.8,45115,128422,189,Low
12/31/2023,5 Series,2023,Africa,Grey,Hybrid,Automatic,3,153322,105093,4633,Low
12/31/2015,X3,2015,Africa,Red,Hybrid,Automatic,4.9,6735,97354,4179,Low
12/31/2018,i3,2018,Asia,Silver,Diesel,Manual,1.8,72430,61192,4901,Low
12/31/2010,X6,2010,South America,Red,Diesel,Manual,3.2,188823,40833,1891,Low
12/31/2014,i3,2014,South America,Silver,Diesel,Automatic,2.1,17624,58998,2568,Low
12/31/2016,X3,2016,South America,Grey,Petrol,Manual,4.3,69874,75402,5106,High
12/31/2018,5 Series,2018,Africa,Grey,Petrol,Manual,1.6,197707,52032,3710,Low
12/31/2023,3 Series,2023,Asia,Grey,Electric,Automatic,3.1,177091,97332,11907,High
12/31/2020,M3,2020,Europe,White,Diesel,Automatic,2.9,66496,103355,3224,Low
12/31/2018,X3,2018,Asia,White,Petrol,Manual,1.8,197026,46135,8707,High
12/31/2013,M3,2013,South America,Grey,Electric,Manual,2.8,58611,83330,1133,Low
12/31/2022,7 Series,2022,South America,Grey,Petrol,Automatic,4.3,174563,116368,1125,Low
12/31/2013,X3,2013,North America,Red,Petrol,Automatic,2,178412,33391,9579,High
12/31/2024,X3,2024,North America,White,Diesel,Manual,4.9,198226,96201,9578,High
12/31/2013,3 Series,2013,North America,Black,Diesel,Manual,1.7,151063,27661,11057,High
12/31/2012,3 Series,2012,Africa,Blue,Petrol,Manual,2.5,29573,30530,4739,Low
12/31/2017,X3,2017,Europe,Blue,Diesel,Manual,4.2,158191,63713,7744,High
12/31/2014,7 Series,2014,North America,Red,Diesel,Manual,2.8,30794,106679,802,Low
12/31/2016,i3,2016,Middle East,Red,Diesel,Manual,3.2,106931,60553,2948,Low
12/31/2019,M5,2019,Middle East,Grey,Hybrid,Automatic,2.2,123585,133216,1363,Low
12/31/2015,M5,2015,Middle East,White,Hybrid,Manual,4,57997,129433,302,Low
12/31/2023,X1,2023,North America,Grey,Diesel,Automatic,2.1,73767,85846,8190,High
12/31/2018,M3,2018,Africa,Grey,Electric,Manual,4.5,165627,98082,1931,Low
12/31/2023,i8,2023,Europe,Red,Diesel,Automatic,3.4,1641,182407,65,Low
12/31/2012,M3,2012,North America,White,Diesel,Manual,3.4,161869,57124,2908,Low
12/31/2015,X5,2015,Africa,Silver,Hybrid,Automatic,4.8,73067,99518,2422,Low
12/31/2012,3 Series,2012,South America,Blue,Diesel,Manual,4.2,122866,41263,5728,High
12/31/2011,i3,2011,South America,Black,Diesel,Manual,4.1,137238,34697,3007,Low
12/31/2012,i3,2012,Africa,Grey,Diesel,Automatic,4.5,173824,37518,2196,Low
12/31/2011,X6,2011,South America,Red,Petrol,Automatic,1.8,189995,39652,1890,Low
12/31/2011,3 Series,2011,Asia,Silver,Hybrid,Manual,4,5996,69899,9509,High
12/31/2019,M3,2019,North America,Silver,Petrol,Manual,2.3,132635,87365,3596,Low
12/31/2020,i8,2020,Africa,White,Diesel,Automatic,2.5,193662,115167,209,Low
12/31/2016,X1,2016,Europe,Red,Hybrid,Automatic,1.6,117369,55022,6739,High
12/31/2019,X5,2019,South America,Black,Hybrid,Automatic,4.6,26198,121940,3447,Low
12/31/2024,M5,2024,North America,Black,Electric,Manual,4.1,132962,164940,2167,Low
12/31/2012,X5,2012,Africa,Blue,Electric,Automatic,2,21531,79531,2518,Low
12/31/2017,X3,2017,Europe,Silver,Electric,Manual,2.6,84420,86362,9271,High
12/31/2022,X3,2022,Asia,Red,Hybrid,Automatic,3.2,42959,110364,10634,High
12/31/2011,X3,2011,Asia,White,Hybrid,Automatic,3.2,52718,35713,9270,High
12/31/2020,M3,2020,South America,Red,Electric,Automatic,3.6,14995,131504,2131,Low
12/31/2020,X3,2020,North America,Silver,Hybrid,Automatic,3.2,130515,92999,9016,High
12/31/2016,5 Series,2016,Europe,Black,Hybrid,Automatic,3.8,182800,76071,5907,High
12/31/2012,X3,2012,Europe,Silver,Hybrid,Manual,4.6,143039,62475,7394,High
12/31/2018,X5,2018,South America,White,Diesel,Manual,2.9,19588,94748,3891,Low
12/31/2016,X6,2016,South America,Grey,Electric,Automatic,4.6,14011,130702,1493,Low
12/31/2024,i3,2024,South America,Blue,Diesel,Automatic,2.3,170168,75396,4383,Low
12/31/2018,5 Series,2018,Asia,White,Diesel,Automatic,1.9,177860,61283,6994,High
12/31/2011,i3,2011,South America,Black,Electric,Manual,2.3,159682,34346,2848,Low
12/31/2015,X1,2015,Asia,Black,Electric,Manual,2.2,9183,74361,8058,High
12/31/2014,7 Series,2014,Africa,Blue,Petrol,Automatic,4.9,167896,93904,82,Low
12/31/2023,i3,2023,Middle East,Silver,Hybrid,Automatic,2.8,140705,91899,5038,High
12/31/2011,7 Series,2011,Middle East,White,Diesel,Manual,3.8,107057,87019,50,Low
12/31/2013,M5,2013,North America,Silver,Petrol,Manual,3.9,186241,89699,1150,Low
12/31/2013,7 Series,2013,South America,Silver,Hybrid,Manual,3.1,176585,83709,223,Low
12/31/2017,7 Series,2017,Middle East,Grey,Hybrid,Automatic,2.3,172044,105791,740,Low
12/31/2022,i8,2022,South America,Red,Petrol,Automatic,3,131718,143945,140,Low
12/31/2016,M3,2016,Middle East,White,Diesel,Manual,3.2,109790,83977,1730,Low
12/31/2022,X3,2022,Africa,Silver,Petrol,Manual,4.8,50847,108651,4157,Low
12/31/2014,X6,2014,South America,Red,Hybrid,Automatic,3.5,148161,82714,2239,Low
12/31/2018,i3,2018,South America,Silver,Electric,Automatic,4.9,177962,83611,3095,Low
12/31/2010,X6,2010,Asia,Grey,Electric,Automatic,3.5,57270,91924,3526,Low
12/31/2013,3 Series,2013,North America,Grey,Electric,Manual,2,125092,50325,7963,High
12/31/2014,3 Series,2014,Africa,Black,Petrol,Automatic,2.8,22320,63306,5450,High
12/31/2017,X6,2017,Asia,Grey,Petrol,Automatic,4.3,11843,119108,4381,Low
12/31/2012,X6,2012,Asia,Silver,Petrol,Automatic,3,80174,75005,3210,Low
12/31/2023,M5,2023,Asia,Silver,Electric,Automatic,1.8,31096,200000,1868,Low
12/31/2021,X1,2021,North America,Silver,Electric,Manual,1.8,80711,81739,9117,High
12/31/2014,3 Series,2014,Asia,Grey,Diesel,Automatic,2.3,145612,37847,8833,High
12/31/2012,5 Series,2012,Middle East,Grey,Hybrid,Manual,3.5,112319,96086,4003,Low
12/31/2022,i8,2022,Africa,Blue,Electric,Automatic,4.4,64449,179348,50,Low
12/31/2016,7 Series,2016,Africa,Silver,Hybrid,Automatic,3.4,56579,117372,50,Low
12/31/2019,i3,2019,Africa,White,Electric,Automatic,4.1,130283,88060,2780,Low
12/31/2012,i3,2012,Asia,Black,Hybrid,Automatic,3.8,17821,78221,4761,Low
12/31/2016,i8,2016,South America,Black,Hybrid,Manual,3.3,69685,146183,50,Low
12/31/2023,X6,2023,Middle East,White,Petrol,Automatic,2.3,22813,132246,2547,Low
12/31/2011,X1,2011,Middle East,White,Electric,Manual,4.6,24080,73226,3974,Low
12/31/2016,X1,2016,Asia,Black,Hybrid,Manual,2.5,44418,68327,8700,High
12/31/2018,X3,2018,South America,Silver,Hybrid,Manual,2.4,55707,86868,6023,High
12/31/2021,X6,2021,Africa,Black,Hybrid,Automatic,2.4,176064,94915,3221,Low
12/31/2014,X5,2014,North America,Blue,Petrol,Manual,1.8,134488,53917,1488,Low
12/31/2021,i8,2021,South America,Silver,Petrol,Manual,3.2,194266,134887,115,Low
12/31/2015,X5,2015,North America,Grey,Electric,Automatic,2.6,125452,86451,5192,High
12/31/2022,i3,2022,Africa,Grey,Hybrid,Automatic,3.3,93690,93706,3823,Low
12/31/2019,X1,2019,Middle East,Grey,Hybrid,Automatic,3.1,148698,75151,6745,High
12/31/2020,7 Series,2020,Europe,White,Diesel,Manual,3.3,59414,119881,1585,Low
12/31/2012,M3,2012,Africa,Blue,Diesel,Manual,2.5,186115,38931,1395,Low
12/31/2022,M3,2022,South America,Silver,Hybrid,Automatic,4.4,70072,133241,2207,Low
12/31/2019,X1,2019,Middle East,Silver,Electric,Manual,3.4,178130,73535,6309,High
12/31/2014,X5,2014,Africa,White,Hybrid,Automatic,2.2,18193,87730,2360,Low
12/31/2022,X3,2022,Middle East,Blue,Petrol,Manual,4.7,140150,93395,7231,High
12/31/2024,i3,2024,Africa,Silver,Hybrid,Manual,1.9,88482,98917,3651,Low
12/31/2014,M3,2014,Middle East,White,Hybrid,Automatic,4.1,130146,87563,1583,Low
12/31/2012,X3,2012,Asia,Grey,Electric,Automatic,3.9,17994,86269,9051,High
12/31/2017,7 Series,2017,Africa,Red,Diesel,Automatic,1.8,9124,113969,249,Low
12/31/2015,M5,2015,Europe,Blue,Hybrid,Automatic,4.7,110795,173359,264,Low
12/31/2022,X6,2022,South America,Silver,Hybrid,Manual,2.6,13583,125544,2932,Low
12/31/2012,3 Series,2012,Middle East,Grey,Diesel,Automatic,4.1,190219,35869,6090,High
12/31/2010,X1,2010,Asia,Red,Petrol,Automatic,2.5,124218,25000,8400,High
12/31/2019,3 Series,2019,North America,Grey,Diesel,Automatic,3.3,139335,67768,15000,High
12/31/2010,X3,2010,North America,Grey,Petrol,Manual,4.9,77294,58529,8879,High
12/31/2022,M3,2022,Middle East,Grey,Electric,Automatic,3.6,98346,134302,2120,Low
12/31/2020,X1,2020,Africa,Blue,Electric,Manual,2.5,186145,65927,5753,High
12/31/2019,X6,2019,South America,Blue,Diesel,Manual,3.1,170907,81250,3016,Low
12/31/2021,X3,2021,Europe,Blue,Diesel,Automatic,3.9,195819,76207,9023,High
12/31/2011,i8,2011,North America,Silver,Diesel,Manual,3.1,105280,112288,50,Low
12/31/2019,5 Series,2019,North America,Red,Hybrid,Automatic,4.7,192281,97178,7818,High
12/31/2014,7 Series,2014,Middle East,Silver,Diesel,Automatic,4.5,27171,115816,56,Low
12/31/2016,X1,2016,Asia,Silver,Electric,Automatic,2,32929,78491,8782,High
12/31/2010,3 Series,2010,Africa,Blue,Petrol,Manual,4.2,184763,25867,4402,Low
12/31/2010,7 Series,2010,Middle East,Silver,Hybrid,Manual,4.8,60568,114822,50,Low
12/31/2013,M3,2013,Europe,Blue,Diesel,Automatic,2.6,38423,75607,2411,Low
12/31/2022,i3,2022,North America,Blue,Petrol,Automatic,2.3,149099,73964,6231,High
12/31/2019,X5,2019,Africa,Blue,Diesel,Manual,1.5,146279,67487,3553,Low
12/31/2024,X5,2024,Africa,Red,Petrol,Manual,1.9,186520,85066,3868,Low
12/31/2015,X6,2015,Asia,Blue,Hybrid,Manual,4.9,138660,96001,3673,Low
12/31/2018,i3,2018,Asia,Grey,Diesel,Automatic,2.9,157068,90157,4722,Low
12/31/2010,i3,2010,South America,Grey,Petrol,Automatic,2.9,51155,43731,2317,Low
12/31/2020,X5,2020,South America,White,Hybrid,Automatic,2.4,61532,111008,3602,Low
12/31/2019,i8,2019,South America,Silver,Petrol,Automatic,2.1,168734,123382,50,Low
12/31/2014,7 Series,2014,South America,Blue,Hybrid,Manual,3.3,139202,97166,198,Low
12/31/2018,5 Series,2018,Asia,White,Hybrid,Manual,4,102828,100269,8051,High
12/31/2017,i8,2017,Asia,Blue,Electric,Automatic,3.4,107169,153206,50,Low
12/31/2016,X1,2016,Africa,Blue,Diesel,Manual,1.6,195002,25000,4949,Low
12/31/2022,X1,2022,South America,White,Electric,Automatic,4.3,179836,93759,5602,High
12/31/2019,M3,2019,Europe,Blue,Hybrid,Automatic,4.8,182770,105277,2866,Low
12/31/2011,i3,2011,South America,Black,Electric,Manual,3,11703,69239,2433,Low
12/31/2018,M5,2018,Europe,Black,Electric,Automatic,2.8,170338,122573,1860,Low
12/31/2021,5 Series,2021,North America,White,Petrol,Automatic,2.3,161292,79214,8335,High
12/31/2022,X5,2022,North America,Black,Hybrid,Automatic,2.6,121713,114941,5674,High
12/31/2017,3 Series,2017,Africa,White,Petrol,Automatic,3.8,155815,58343,5636,High
12/31/2022,i3,2022,Europe,White,Petrol,Automatic,4.2,42954,103760,4466,Low
12/31/2020,M5,2020,Asia,White,Diesel,Automatic,2.7,124044,119060,1922,Low
12/31/2024,3 Series,2024,Middle East,Blue,Hybrid,Automatic,2.7,71101,47136,8347,High
12/31/2019,i3,2019,Middle East,Red,Diesel,Automatic,3.1,59700,84544,3026,Low
12/31/2019,i8,2019,Asia,Blue,Diesel,Manual,2.1,168172,125285,449,Low
12/31/2018,3 Series,2018,Middle East,White,Petrol,Automatic,4.7,55595,98054,6833,High
12/31/2018,i8,2018,South America,Silver,Petrol,Manual,4,2779,156309,50,Low
12/31/2018,i3,2018,Middle East,Blue,Petrol,Automatic,3,29123,82212,3808,Low
12/31/2012,i3,2012,Asia,Blue,Electric,Manual,1.9,168917,37150,4581,Low
12/31/2016,i3,2016,Africa,Red,Electric,Automatic,4.5,129468,82830,2113,Low
12/31/2021,X6,2021,South America,Blue,Diesel,Automatic,3.2,198069,88874,3274,Low
12/31/2010,3 Series,2010,South America,Blue,Hybrid,Automatic,4.3,26800,65880,5325,High
12/31/2018,X1,2018,Middle East,White,Petrol,Automatic,1.6,37905,69847,4907,Low
12/31/2023,3 Series,2023,Middle East,Blue,Electric,Manual,2.5,60161,105185,6549,High
12/31/2024,X5,2024,North America,Red,Petrol,Manual,3.7,22967,132191,7028,High
12/31/2018,M3,2018,Europe,White,Electric,Manual,3.2,125361,98570,2779,Low
12/31/2012,i3,2012,North America,Silver,Diesel,Automatic,2.5,55136,50583,4568,Low
12/31/2014,3 Series,2014,Asia,White,Hybrid,Automatic,2.2,14327,76870,10160,High
12/31/2021,X5,2021,Middle East,White,Petrol,Manual,2.6,148202,44652,4568,Low
12/31/2022,3 Series,2022,South America,Silver,Electric,Automatic,4.1,67780,117661,6743,High
12/31/2017,5 Series,2017,Middle East,White,Diesel,Manual,2.1,181631,56882,5150,High
12/31/2015,X1,2015,Asia,Black,Petrol,Manual,3.6,36363,65540,6883,High
12/31/2019,i3,2019,Middle East,Grey,Diesel,Automatic,3,38841,124392,3371,Low
12/31/2019,i3,2019,Asia,Red,Petrol,Manual,4.2,120541,78027,10153,High
12/31/2018,X6,2018,Africa,Blue,Hybrid,Automatic,2.2,168209,80655,3152,Low
12/31/2023,X3,2023,Africa,White,Diesel,Manual,2.4,23918,100281,5482,High
12/31/2022,X3,2022,Europe,Silver,Electric,Manual,2.9,108279,105079,8239,High
12/31/2012,i8,2012,Europe,Grey,Hybrid,Manual,2.1,10458,134916,50,Low
12/31/2021,M5,2021,Middle East,Blue,Petrol,Manual,3.1,47052,142387,1011,Low
12/31/2016,i3,2016,Africa,Blue,Petrol,Manual,3,31297,70138,2168,Low
12/31/2022,X6,2022,Asia,Grey,Electric,Manual,5,79896,137801,4104,Low
12/31/2015,i3,2015,North America,Silver,Electric,Manual,3.6,25376,37608,5345,High
12/31/2023,7 Series,2023,North America,Red,Petrol,Automatic,1.7,128802,121016,2081,Low
12/31/2024,i8,2024,North America,Red,Diesel,Manual,3.1,195391,149482,707,Low
12/31/2014,M5,2014,Europe,Red,Hybrid,Manual,4.6,1272,139813,554,Low
12/31/2013,X5,2013,Middle East,Silver,Diesel,Automatic,4.5,34220,93680,2828,Low
12/31/2014,7 Series,2014,Africa,Blue,Hybrid,Automatic,4.9,16192,131249,50,Low
12/31/2022,7 Series,2022,Asia,Silver,Hybrid,Automatic,4.6,93810,159439,1537,Low
12/31/2013,X5,2013,North America,Blue,Petrol,Automatic,2.1,89752,66954,5080,High
12/31/2012,i3,2012,Europe,Grey,Diesel,Automatic,1.5,11761,49341,4629,Low
12/31/2016,i8,2016,Asia,Red,Electric,Manual,3.7,45748,152495,50,Low
12/31/2015,X3,2015,North America,Blue,Diesel,Automatic,4,144572,59622,9001,High
12/31/2013,5 Series,2013,Europe,Silver,Electric,Automatic,2,174241,56680,6623,High
12/31/2018,M5,2018,Europe,Red,Petrol,Manual,2.1,199822,90816,1726,Low
12/31/2010,M3,2010,South America,Blue,Petrol,Automatic,4.9,102853,67793,812,Low
12/31/2010,X3,2010,North America,Blue,Petrol,Manual,4.8,90473,54712,7635,High
12/31/2018,i3,2018,Middle East,Grey,Electric,Manual,2,69275,84614,3731,Low
12/31/2016,i8,2016,Asia,Grey,Diesel,Automatic,2.4,128308,122324,50,Low
12/31/2011,7 Series,2011,Europe,Blue,Electric,Manual,4.6,62997,111483,220,Low
12/31/2020,3 Series,2020,Africa,Grey,Electric,Manual,3,44522,97189,6327,High
12/31/2019,X5,2019,North America,Silver,Electric,Manual,4.3,31751,132682,6212,High
12/31/2014,5 Series,2014,Middle East,Grey,Diesel,Manual,2.9,142999,56393,5055,High
12/31/2022,i3,2022,Europe,Red,Diesel,Manual,4.1,180491,74178,6316,High
12/31/2013,i8,2013,Europe,Red,Petrol,Automatic,2.9,10391,137017,50,Low
12/31/2010,X1,2010,Europe,Silver,Electric,Automatic,4.6,173696,44371,13726,High
12/31/2021,7 Series,2021,North America,Grey,Diesel,Manual,2.6,46951,122801,1793,Low
12/31/2022,X1,2022,Asia,Blue,Diesel,Manual,3.3,2041,97378,9284,High
12/31/2018,X3,2018,Africa,Black,Hybrid,Automatic,3.3,153243,77735,5671,High
12/31/2024,3 Series,2024,Asia,Black,Hybrid,Manual,3.8,175239,91319,9867,High
12/31/2015,X1,2015,Asia,Blue,Hybrid,Automatic,2.6,73296,63991,8448,High
12/31/2020,7 Series,2020,North America,White,Electric,Automatic,3.7,181192,130806,1833,Low
12/31/2022,i8,2022,North America,Red,Electric,Manual,2,146547,147974,1081,Low
12/31/2023,X6,2023,Europe,Blue,Petrol,Automatic,4.6,107450,122696,4034,Low
12/31/2021,7 Series,2021,Europe,Grey,Diesel,Manual,2,17773,124468,1340,Low
12/31/2015,M5,2015,Asia,Black,Electric,Automatic,4.4,15464,152792,778,Low
12/31/2013,5 Series,2013,Europe,Grey,Petrol,Automatic,3.9,78369,75703,5318,High
12/31/2022,i8,2022,South America,Black,Hybrid,Manual,2.7,90770,161564,332,Low
12/31/2011,X1,2011,Middle East,White,Hybrid,Automatic,2.6,192887,28918,4305,Low
12/31/2017,M5,2017,Africa,Grey,Electric,Automatic,4.9,152181,124619,315,Low
12/31/2024,X3,2024,Africa,Red,Hybrid,Automatic,2.2,165064,86220,6006,High
12/31/2024,i3,2024,Europe,Black,Electric,Automatic,4,78501,124739,5720,High
12/31/2017,7 Series,2017,Europe,Silver,Petrol,Automatic,2.1,133016,94369,1371,Low
12/31/2012,M5,2012,Middle East,White,Electric,Automatic,4.7,55963,139329,50,Low
12/31/2016,i8,2016,Africa,Red,Diesel,Manual,4.1,160364,113420,50,Low
12/31/2023,7 Series,2023,Europe,Black,Diesel,Manual,4.8,74253,148913,1531,Low
12/31/2016,i3,2016,Middle East,Blue,Electric,Manual,4.6,62104,94830,10161,High
12/31/2023,X3,2023,South America,Grey,Hybrid,Manual,3.4,151262,96657,6376,High
12/31/2014,X3,2014,Middle East,Blue,Petrol,Manual,2,14008,67334,5335,High
12/31/2024,M3,2024,Europe,Grey,Electric,Automatic,2.3,140412,115805,3848,Low
12/31/2014,3 Series,2014,Europe,Black,Petrol,Automatic,2.2,63966,55801,8719,High
12/31/2024,5 Series,2024,Middle East,Black,Electric,Manual,2.3,9178,128963,5625,High
12/31/2017,i3,2017,North America,Silver,Petrol,Manual,3.2,100505,64789,5186,High
12/31/2013,X6,2013,Asia,Silver,Petrol,Manual,4.5,112525,80560,3868,Low
12/31/2010,X6,2010,North America,Silver,Hybrid,Manual,1.6,178073,45743,3484,Low
12/31/2010,M3,2010,Asia,Blue,Diesel,Manual,2.3,138913,41237,2464,Low
12/31/2018,i8,2018,Africa,Grey,Petrol,Automatic,3.6,20278,145990,50,Low
12/31/2013,M3,2013,North America,Red,Diesel,Automatic,4.5,47507,92546,2288,Low
12/31/2010,3 Series,2010,Asia,Silver,Hybrid,Automatic,2.5,81127,48027,8934,High
12/31/2022,7 Series,2022,Africa,Grey,Electric,Manual,2.8,117429,135568,1060,Low
12/31/2011,X1,2011,North America,Silver,Hybrid,Manual,2.8,160955,31643,7566,High
12/31/2019,i3,2019,Europe,Black,Hybrid,Automatic,2.5,78466,82011,4968,Low
12/31/2016,X6,2016,Africa,Blue,Diesel,Manual,3.9,105400,87156,1872,Low
12/31/2011,3 Series,2011,Asia,Black,Hybrid,Manual,3.8,29941,68104,7863,High
12/31/2010,5 Series,2010,Europe,Blue,Electric,Automatic,4.5,122658,70715,5563,High
12/31/2019,5 Series,2019,Africa,Black,Hybrid,Automatic,4.7,3171,123919,3967,Low
12/31/2023,X6,2023,Middle East,Grey,Petrol,Automatic,4.7,196359,110318,3082,Low
12/31/2018,i8,2018,South America,Black,Electric,Manual,3.4,138611,137284,142,Low
12/31/2023,X1,2023,North America,Red,Hybrid,Manual,2.1,86108,86126,10052,High
12/31/2014,i8,2014,Africa,Grey,Diesel,Automatic,2.3,187219,98196,50,Low
12/31/2023,X6,2023,Asia,Red,Electric,Manual,3.6,77624,139599,4651,Low
12/31/2022,i3,2022,North America,Grey,Electric,Manual,4.7,106449,116888,5680,High
12/31/2013,M3,2013,South America,Grey,Hybrid,Manual,3.4,78198,81643,1156,Low
12/31/2013,M5,2013,Africa,Black,Diesel,Manual,4.8,130114,97588,83,Low
12/31/2024,3 Series,2024,Europe,Grey,Electric,Automatic,2.4,40665,118570,10672,High
12/31/2023,X5,2023,South America,Red,Petrol,Manual,1.8,31826,107679,3437,Low
12/31/2020,X1,2020,Middle East,White,Electric,Manual,4.3,19174,112725,5967,High
12/31/2022,M3,2022,Europe,Red,Hybrid,Manual,4.6,29417,141158,2853,Low
12/31/2010,7 Series,2010,Europe,White,Petrol,Automatic,3.1,25702,95198,299,Low
12/31/2012,X3,2012,Europe,Black,Diesel,Automatic,1.9,142840,31720,8918,High
12/31/2022,7 Series,2022,Africa,Blue,Hybrid,Manual,1.6,71321,131731,1235,Low
12/31/2010,7 Series,2010,Africa,Black,Petrol,Automatic,1.7,87958,64847,50,Low
12/31/2014,M5,2014,Middle East,Grey,Hybrid,Automatic,3,497,139511,50,Low
12/31/2014,X3,2014,South America,Grey,Hybrid,Automatic,2.3,62430,70143,5340,High
12/31/2018,M3,2018,Africa,Silver,Petrol,Automatic,3.1,45442,95797,1191,Low
12/31/2022,X1,2022,South America,Blue,Electric,Automatic,3.2,2228,115821,10615,High
12/31/2017,M5,2017,North America,Red,Electric,Manual,3.1,83516,128892,1339,Low
12/31/2014,X5,2014,Middle East,Black,Petrol,Automatic,3.7,117929,75642,3547,Low
12/31/2014,X6,2014,Asia,Black,Electric,Automatic,3.9,126658,99458,3831,Low
12/31/2016,5 Series,2016,Africa,Red,Electric,Manual,2.9,171898,71911,3289,Low
12/31/2021,X6,2021,Middle East,Black,Hybrid,Manual,2.7,87295,122348,2986,Low
12/31/2011,X5,2011,Middle East,Red,Diesel,Manual,2.8,153518,44299,3884,Low
12/31/2022,7 Series,2022,South America,Red,Diesel,Automatic,1.7,10844,136846,912,Low
12/31/2016,X6,2016,Europe,Black,Hybrid,Manual,2.6,44845,99876,3393,Low
12/31/2010,7 Series,2010,South America,Grey,Electric,Automatic,2.2,164638,75216,50,Low
12/31/2023,i8,2023,Middle East,Black,Hybrid,Automatic,2.5,121145,168013,525,Low
12/31/2014,X1,2014,South America,Silver,Electric,Automatic,4,169230,53386,4405,Low
12/31/2024,i8,2024,South America,Red,Hybrid,Manual,5,92663,176470,479,Low
12/31/2021,X1,2021,Middle East,Black,Hybrid,Manual,4.7,66291,105843,5769,High
12/31/2024,M5,2024,South America,Black,Diesel,Manual,4.4,71777,143767,1159,Low
12/31/2021,M5,2021,Middle East,White,Hybrid,Automatic,4.1,130020,142489,1474,Low
12/31/2015,M3,2015,Middle East,Blue,Diesel,Manual,4.8,161065,80286,1825,Low
12/31/2022,X5,2022,South America,White,Petrol,Automatic,4.1,166072,95418,4547,Low
12/31/2020,X6,2020,North America,White,Hybrid,Automatic,3.1,135112,104944,5225,High
12/31/2023,M5,2023,South America,White,Electric,Automatic,3.6,74253,164834,1297,Low
12/31/2019,X6,2019,Europe,White,Hybrid,Automatic,2.6,90195,110960,4629,Low
12/31/2010,i8,2010,Middle East,Blue,Electric,Manual,1.5,47202,118869,50,Low
12/31/2024,X6,2024,North America,White,Petrol,Automatic,2.7,119769,120671,4035,Low
12/31/2018,3 Series,2018,Africa,Silver,Diesel,Automatic,2.9,16911,80997,4772,Low
12/31/2018,i3,2018,Asia,Blue,Electric,Automatic,4.1,143567,87200,6119,High
12/31/2010,M3,2010,Middle East,Black,Diesel,Automatic,4.5,25257,79064,934,Low
12/31/2013,X1,2013,Europe,Red,Hybrid,Automatic,4.9,54733,72159,6314,High
12/31/2024,7 Series,2024,Asia,Grey,Petrol,Manual,2.7,66930,139243,1825,Low
12/31/2017,3 Series,2017,Asia,Blue,Petrol,Automatic,4.9,36504,90925,8215,High
12/31/2011,5 Series,2011,Asia,Silver,Electric,Manual,4.3,189487,58814,7210,High
12/31/2022,X3,2022,Europe,Grey,Electric,Automatic,1.6,196500,79282,10833,High
12/31/2022,5 Series,2022,Europe,Blue,Petrol,Automatic,3.6,165482,96818,7400,High
12/31/2020,X1,2020,Asia,Red,Diesel,Manual,2.8,120372,64274,9498,High
12/31/2022,i3,2022,Asia,Blue,Petrol,Manual,1.6,147278,68640,6421,High
12/31/2017,3 Series,2017,South America,White,Diesel,Automatic,3.4,181377,52555,6377,High
12/31/2019,X3,2019,Middle East,Silver,Hybrid,Manual,3.5,10500,107262,6564,High
12/31/2022,i8,2022,North America,Silver,Petrol,Manual,2.4,106450,149667,499,Low
12/31/2021,X6,2021,Middle East,Black,Petrol,Automatic,4.8,139496,113110,3065,Low
12/31/2023,X5,2023,North America,Red,Petrol,Automatic,3.6,24458,128890,6396,High
12/31/2022,M3,2022,Europe,Red,Hybrid,Automatic,2.1,139995,106717,4039,Low
12/31/2018,M5,2018,South America,Blue,Hybrid,Manual,4,38123,143489,743,Low
12/31/2018,3 Series,2018,North America,White,Diesel,Manual,3.2,43628,78087,8528,High
12/31/2023,X5,2023,Middle East,Red,Electric,Automatic,3.2,108673,128975,4980,Low
12/31/2010,5 Series,2010,Africa,Black,Electric,Automatic,4.4,168874,58374,2802,Low
12/31/2018,X5,2018,Asia,Silver,Petrol,Automatic,2,124827,76917,5469,High
12/31/2013,M5,2013,Middle East,Silver,Electric,Manual,3.2,7207,130525,50,Low
12/31/2021,i3,2021,Middle East,White,Hybrid,Automatic,4.2,108200,107183,3940,Low
12/31/2021,3 Series,2021,South America,Red,Hybrid,Automatic,3.8,157942,86509,6823,High
12/31/2017,7 Series,2017,North America,Black,Electric,Manual,1.5,9438,126529,920,Low
12/31/2022,i8,2022,Europe,Grey,Diesel,Manual,4.3,40984,167589,119,Low
12/31/2023,X3,2023,South America,White,Hybrid,Manual,4.8,21686,126515,6343,High
12/31/2018,7 Series,2018,North America,Red,Hybrid,Automatic,4,48211,137210,1311,Low
12/31/2012,3 Series,2012,Europe,Silver,Diesel,Manual,4.6,150398,41800,9634,High
12/31/2015,3 Series,2015,Middle East,Black,Electric,Manual,2.8,69431,76259,6429,High
12/31/2012,7 Series,2012,Middle East,Silver,Petrol,Automatic,2.7,114859,83933,262,Low
12/31/2010,i3,2010,North America,Red,Electric,Automatic,2.6,153157,40836,3914,Low
12/31/2019,X5,2019,South America,Silver,Petrol,Manual,4.1,168079,86011,3341,Low
12/31/2015,M3,2015,South America,Blue,Petrol,Manual,4.8,111600,81720,1437,Low
12/31/2014,X5,2014,Africa,Black,Hybrid,Automatic,4.6,82058,92664,2359,Low
12/31/2012,M3,2012,Europe,Blue,Petrol,Manual,2,81794,60663,2345,Low
12/31/2023,i8,2023,Middle East,Blue,Hybrid,Automatic,3.7,113744,169903,449,Low
12/31/2023,3 Series,2023,Europe,Red,Electric,Automatic,5,158207,110381,9581,High
12/31/2013,7 Series,2013,Africa,Grey,Diesel,Automatic,2.5,97225,80480,148,Low
12/31/2011,7 Series,2011,North America,Grey,Electric,Automatic,3.7,77273,110712,293,Low
12/31/2021,M5,2021,North America,Grey,Electric,Manual,4.7,130718,158603,1904,Low
12/31/2019,X6,2019,Europe,White,Diesel,Manual,4.6,98535,105595,4513,Low
12/31/2019,X1,2019,Africa,Silver,Electric,Automatic,2.6,59284,87509,3943,Low
12/31/2022,M5,2022,Middle East,Silver,Electric,Manual,1.8,6553,153388,1686,Low
12/31/2023,7 Series,2023,South America,Silver,Petrol,Manual,3.8,132667,120834,1128,Low
12/31/2013,X1,2013,Africa,Black,Electric,Manual,4.8,135519,59066,3568,Low
12/31/2013,5 Series,2013,Europe,Black,Diesel,Automatic,3.3,123966,60322,6639,High
12/31/2012,7 Series,2012,Middle East,Red,Diesel,Automatic,3.1,15548,106499,50,Low
12/31/2015,X5,2015,Asia,Grey,Petrol,Manual,4.5,20261,94245,5636,High
12/31/2010,M5,2010,Africa,Black,Diesel,Manual,3,192602,61300,182,Low
12/31/2018,X5,2018,North America,Red,Hybrid,Automatic,3.9,170962,88838,7323,High
12/31/2020,7 Series,2020,Middle East,Blue,Hybrid,Automatic,2.9,56681,137265,1201,Low
12/31/2019,i3,2019,South America,Grey,Electric,Manual,2.8,107134,85126,3274,Low
12/31/2012,i8,2012,South America,White,Electric,Manual,2.2,58650,123674,50,Low
12/31/2012,X3,2012,Middle East,Red,Petrol,Manual,1.8,76708,44378,5029,High
12/31/2021,7 Series,2021,Africa,Blue,Diesel,Automatic,4.6,97978,131854,633,Low
12/31/2012,M3,2012,North America,Blue,Petrol,Automatic,2.1,72482,65828,2627,Low
12/31/2016,3 Series,2016,South America,Black,Diesel,Automatic,1.7,92153,50268,869,Low
12/31/2017,3 Series,2017,South America,Silver,Electric,Automatic,3.5,138839,79557,6111,High
12/31/2011,X5,2011,Asia,Grey,Hybrid,Automatic,3.4,76207,77959,5147,High
12/31/2010,X1,2010,South America,White,Petrol,Automatic,3.5,149310,25000,4900,Low
12/31/2014,M3,2014,Africa,Black,Hybrid,Manual,3.1,128679,76656,1102,Low
12/31/2017,X3,2017,Middle East,White,Diesel,Manual,2,38768,75873,5648,High
12/31/2023,3 Series,2023,South America,Black,Electric,Automatic,1.6,98112,91403,6961,High
12/31/2012,7 Series,2012,South America,Grey,Hybrid,Manual,1.7,66685,83897,88,Low
12/31/2015,i8,2015,Europe,Grey,Diesel,Automatic,4.8,186297,116032,50,Low
12/31/2012,i8,2012,Middle East,Grey,Petrol,Automatic,3.4,31266,140820,50,Low
12/31/2024,X3,2024,Europe,Black,Petrol,Automatic,2.9,80068,104710,9192,High
12/31/2015,X3,2015,Asia,Silver,Electric,Manual,2.9,175306,62818,8982,High
12/31/2021,M3,2021,South America,Red,Petrol,Automatic,3.8,163032,92138,2359,Low
12/31/2013,M5,2013,Africa,Black,Electric,Automatic,2.8,197319,86322,296,Low
12/31/2023,M3,2023,South America,White,Hybrid,Automatic,4.3,7100,151879,1913,Low
12/31/2020,7 Series,2020,Europe,Blue,Petrol,Automatic,2.4,53134,124440,1402,Low
12/31/2024,i8,2024,Africa,Silver,Petrol,Automatic,2.8,156226,147444,300,Low
12/31/2016,i3,2016,Europe,Grey,Hybrid,Manual,4.8,134683,73924,4070,Low
12/31/2020,X1,2020,Africa,White,Electric,Manual,2.4,167352,65802,5162,High
12/31/2019,M5,2019,South America,Blue,Diesel,Manual,3.8,178181,108524,908,Low
12/31/2010,M5,2010,South America,Grey,Diesel,Automatic,2.8,1283,100393,50,Low
12/31/2010,5 Series,2010,Europe,Red,Diesel,Automatic,3.1,12659,61922,5534,High
12/31/2024,i3,2024,Europe,White,Diesel,Automatic,1.7,28257,99244,5543,High
12/31/2014,M5,2014,Europe,Grey,Electric,Manual,2.1,64132,113051,1078,Low
12/31/2018,i3,2018,Europe,White,Electric,Automatic,1.9,70119,82460,5355,High
12/31/2014,5 Series,2014,North America,White,Hybrid,Automatic,4.5,125661,84374,6935,High
12/31/2013,X3,2013,Africa,Blue,Electric,Automatic,4.9,81064,83203,3807,Low
12/31/2017,3 Series,2017,Middle East,Blue,Diesel,Manual,1.7,162590,43968,7034,High
12/31/2022,X6,2022,Africa,White,Hybrid,Automatic,1.8,56202,122865,2950,Low
12/31/2014,M3,2014,Africa,Silver,Electric,Manual,3.4,167999,72865,978,Low
12/31/2010,M5,2010,Europe,White,Hybrid,Manual,3.3,13501,114734,381,Low
12/31/2016,X5,2016,Asia,White,Diesel,Automatic,3.8,26403,92800,5326,High
12/31/2020,M5,2020,Middle East,Silver,Diesel,Manual,4.1,31731,147165,765,Low
12/31/2024,X5,2024,Africa,Silver,Petrol,Manual,4.3,115069,115359,4106,Low
12/31/2013,X1,2013,Africa,Grey,Electric,Manual,2,1035,65046,3548,Low
12/31/2019,X3,2019,Europe,Black,Hybrid,Manual,1.6,89687,77864,8729,High
12/31/2014,i3,2014,Asia,Red,Electric,Automatic,4.6,186962,64224,5305,High
12/31/2022,i8,2022,Europe,Silver,Hybrid,Automatic,3.1,171234,159400,683,Low
12/31/2015,M3,2015,Europe,Blue,Electric,Automatic,4.9,193664,47315,2894,Low
12/31/2022,M3,2022,Europe,Blue,Hybrid,Manual,3.4,78341,124787,2987,Low
12/31/2016,M5,2016,Asia,Silver,Petrol,Manual,3.3,80833,118397,1489,Low
12/31/2020,3 Series,2020,Europe,Blue,Diesel,Manual,3.7,46905,92595,9177,High
12/31/2011,3 Series,2011,North America,Silver,Diesel,Automatic,2.1,5139,48762,8228,High
12/31/2024,5 Series,2024,North America,Grey,Hybrid,Manual,2.4,158840,100987,9287,High
12/31/2023,7 Series,2023,South America,Blue,Petrol,Automatic,4.7,106287,144584,803,Low
12/31/2024,M5,2024,Middle East,Grey,Petrol,Automatic,2.2,166758,133030,1569,Low
12/31/2010,7 Series,2010,South America,Silver,Petrol,Automatic,2.3,134526,64542,79,Low
12/31/2021,7 Series,2021,South America,White,Hybrid,Manual,3.3,123399,124714,1260,Low
12/31/2012,5 Series,2012,Africa,Silver,Electric,Automatic,3.7,125345,69614,2838,Low
12/31/2019,7 Series,2019,Africa,Blue,Hybrid,Automatic,1.5,71728,110686,1074,Low
12/31/2021,X5,2021,Asia,Blue,Petrol,Manual,3.1,194450,81529,7245,High
12/31/2010,M3,2010,Middle East,Red,Diesel,Manual,2.9,158675,46923,1250,Low
12/31/2013,M5,2013,Europe,Silver,Diesel,Automatic,4.5,74477,109708,818,Low
12/31/2015,i8,2015,North America,Silver,Electric,Automatic,4.4,83110,164092,50,Low
12/31/2014,i8,2014,Africa,Blue,Hybrid,Automatic,4.7,177146,125787,50,Low
12/31/2022,X1,2022,South America,Black,Electric,Automatic,4.4,84922,147648,4157,Low
12/31/2020,X1,2020,North America,Grey,Diesel,Automatic,4.3,111170,77397,8668,High
12/31/2013,X1,2013,South America,Grey,Diesel,Automatic,4.5,186181,34553,4130,Low
12/31/2016,X6,2016,South America,White,Diesel,Automatic,2.1,81646,79882,2442,Low
12/31/2022,X1,2022,Middle East,Grey,Diesel,Automatic,2.7,63889,86944,5788,High
12/31/2020,X3,2020,Asia,Black,Diesel,Automatic,3.9,49813,122055,1980,Low
12/31/2020,X5,2020,Asia,Red,Diesel,Automatic,4.7,15411,117804,15000,High
12/31/2015,i8,2015,Europe,Grey,Diesel,Automatic,3.8,6110,147199,50,Low
12/31/2012,X5,2012,Europe,Blue,Petrol,Automatic,2.2,75018,61844,4482,Low
12/31/2018,3 Series,2018,North America,Silver,Hybrid,Manual,4.8,148161,85304,9714,High
12/31/2024,5 Series,2024,South America,Black,Hybrid,Automatic,4.2,166587,109490,5233,High
12/31/2014,X5,2014,Europe,Grey,Hybrid,Manual,4,17687,98968,4460,Low
12/31/2022,X6,2022,Asia,White,Petrol,Manual,4.2,155718,112095,4147,Low
12/31/2019,X6,2019,Asia,Blue,Electric,Automatic,3.8,148019,112253,9517,High
12/31/2010,X6,2010,Asia,Black,Petrol,Automatic,1.6,114162,48477,3357,Low
12/31/2022,X1,2022,Asia,Silver,Petrol,Manual,2.4,127519,73521,8649,High
12/31/2015,i3,2015,Europe,Blue,Hybrid,Manual,4.8,173619,63083,4060,Low
12/31/2014,X6,2014,Africa,Silver,Hybrid,Manual,2.5,112622,74693,1695,Low
12/31/2019,X1,2019,South America,Blue,Hybrid,Manual,4.2,157396,70549,5206,High
12/31/2017,7 Series,2017,North America,Red,Electric,Manual,3,139691,118239,1211,Low
12/31/2013,i8,2013,South America,Grey,Electric,Automatic,4.7,63256,143094,50,Low
12/31/2021,i8,2021,North America,Silver,Petrol,Automatic,3.5,18738,167575,50,Low
12/31/2010,5 Series,2010,North America,Red,Petrol,Automatic,3.7,50094,65366,5477,High
12/31/2020,M3,2020,Europe,Blue,Diesel,Automatic,2.3,11872,113979,3131,Low
12/31/2011,i3,2011,North America,Red,Petrol,Automatic,1.7,184992,25000,4767,Low
12/31/2017,i3,2017,South America,Red,Petrol,Manual,4.1,164823,55929,3244,Low
12/31/2019,7 Series,2019,Europe,Silver,Hybrid,Automatic,1.7,135331,108633,1696,Low
12/31/2017,7 Series,2017,South America,Blue,Petrol,Automatic,4,87477,108698,504,Low
12/31/2022,X3,2022,North America,Grey,Petrol,Manual,3.4,123215,86049,9169,High
12/31/2023,X5,2023,Asia,White,Hybrid,Automatic,4.4,107544,124765,7532,High
12/31/2014,5 Series,2014,North America,Grey,Electric,Automatic,2.2,58949,85799,5891,High
12/31/2015,M5,2015,Asia,White,Petrol,Manual,3.4,93082,104510,1455,Low
12/31/2011,X3,2011,Middle East,White,Hybrid,Automatic,3.6,134117,55661,5895,High
12/31/2020,i8,2020,Asia,Black,Hybrid,Automatic,1.8,4682,176064,253,Low
12/31/2021,X6,2021,South America,Red,Hybrid,Manual,4.1,139292,112054,3303,Low
12/31/2018,X5,2018,Africa,Silver,Petrol,Automatic,2.9,164579,74228,2940,Low
12/31/2024,X3,2024,Middle East,Black,Hybrid,Automatic,2,84806,106864,6725,High
12/31/2015,X5,2015,South America,Red,Diesel,Automatic,2.9,94721,71996,3241,Low
12/31/2021,7 Series,2021,North America,Blue,Petrol,Automatic,1.8,69128,125447,1358,Low
12/31/2018,X5,2018,South America,Black,Electric,Manual,4.6,194162,89869,4522,Low
12/31/2020,X3,2020,South America,Black,Petrol,Automatic,3.1,124315,78877,4903,Low
12/31/2019,X6,2019,Europe,White,Electric,Automatic,2,178093,91119,4822,Low
12/31/2012,i8,2012,Europe,White,Petrol,Automatic,2.4,82322,113187,50,Low
12/31/2015,7 Series,2015,North America,Red,Diesel,Automatic,4,13819,115752,735,Low
12/31/2019,7 Series,2019,Middle East,Red,Diesel,Manual,4.3,140558,118594,812,Low
12/31/2014,X1,2014,North America,Red,Diesel,Manual,1.6,81153,37682,8483,High
12/31/2018,M5,2018,Middle East,Red,Electric,Manual,1.7,134960,116088,1541,Low
12/31/2022,X6,2022,Africa,Red,Hybrid,Automatic,4.7,171917,117058,2847,Low
12/31/2019,i8,2019,South America,Blue,Petrol,Manual,2.7,153233,130706,50,Low
12/31/2024,5 Series,2024,Asia,Black,Electric,Automatic,2.2,27721,127775,7898,High
12/31/2010,i3,2010,Europe,White,Petrol,Manual,1.9,86789,28841,4127,Low
12/31/2018,3 Series,2018,Europe,Grey,Electric,Automatic,3.2,40414,95933,10292,High
12/31/2014,i8,2014,Europe,Black,Electric,Automatic,4.2,139284,134423,50,Low
12/31/2010,7 Series,2010,Europe,Red,Electric,Automatic,3.3,54038,104736,132,Low
12/31/2019,M5,2019,South America,Silver,Hybrid,Manual,1.6,189328,101465,1700,Low
12/31/2017,5 Series,2017,South America,Black,Petrol,Automatic,3.2,103974,81293,4092,Low
12/31/2016,X5,2016,South America,Red,Electric,Automatic,2.6,61758,54821,3529,Low
12/31/2023,M5,2023,Middle East,Blue,Electric,Automatic,3.9,163377,154295,1449,Low
12/31/2015,5 Series,2015,North America,White,Electric,Manual,3.3,29281,103217,6170,High
12/31/2011,7 Series,2011,North America,Black,Diesel,Manual,4.9,31942,103933,358,Low
12/31/2014,X5,2014,South America,Silver,Diesel,Manual,3.6,122373,61378,3463,Low
12/31/2012,X6,2012,Asia,White,Petrol,Automatic,3.7,84288,78001,3374,Low
12/31/2011,5 Series,2011,Africa,Silver,Hybrid,Automatic,3.3,137873,57826,3036,Low
12/31/2023,X3,2023,Europe,Red,Petrol,Manual,2.6,86818,52804,8561,High
12/31/2019,i3,2019,Africa,Blue,Petrol,Manual,3.7,38250,87744,2472,Low
12/31/2010,X1,2010,North America,Black,Hybrid,Automatic,2.7,34370,52176,7264,High
12/31/2018,3 Series,2018,Asia,Blue,Electric,Automatic,4,45632,104970,10989,High
12/31/2011,i8,2011,Africa,Black,Hybrid,Manual,2.3,140418,103848,50,Low
12/31/2022,X1,2022,South America,Black,Hybrid,Manual,2.8,188625,66803,6800,High
12/31/2020,7 Series,2020,Europe,Blue,Hybrid,Manual,3.5,76814,135385,1591,Low
12/31/2010,i3,2010,South America,Blue,Electric,Manual,3.7,92538,52107,2176,Low
12/31/2023,3 Series,2023,North America,Blue,Hybrid,Manual,3.8,29069,120052,10088,High
12/31/2016,X6,2016,Middle East,Red,Electric,Manual,4,148004,103352,2690,Low
12/31/2018,X3,2018,North America,Black,Petrol,Automatic,2.6,22005,85438,8683,High
12/31/2015,X1,2015,Africa,Black,Petrol,Automatic,4.6,161040,52038,3587,Low
12/31/2017,i8,2017,Middle East,Grey,Petrol,Manual,1.6,81010,138385,50,Low
12/31/2024,7 Series,2024,Europe,Red,Petrol,Automatic,2.2,84239,140966,1648,Low
12/31/2020,X5,2020,North America,Blue,Electric,Manual,1.7,31004,109510,5690,High
12/31/2016,X1,2016,Middle East,Red,Electric,Manual,3.9,135058,73246,5771,High
12/31/2018,7 Series,2018,Middle East,Black,Diesel,Manual,2.5,165079,91610,903,Low
12/31/2016,5 Series,2016,South America,Grey,Hybrid,Manual,2.2,106515,74613,4430,Low
12/31/2022,3 Series,2022,North America,Silver,Petrol,Automatic,3.2,71318,93384,10914,High
12/31/2015,3 Series,2015,Middle East,Silver,Diesel,Automatic,3.7,127941,57621,6315,High
12/31/2010,X3,2010,North America,Silver,Diesel,Manual,3.7,1395,60992,8061,High
12/31/2018,3 Series,2018,South America,Silver,Hybrid,Manual,3.5,154439,72029,7009,High
12/31/2019,5 Series,2019,Africa,Red,Hybrid,Manual,5,37998,111396,3355,Low
12/31/2014,M3,2014,South America,Red,Diesel,Automatic,4.5,99722,84158,1231,Low
12/31/2022,M3,2022,North America,Blue,Petrol,Manual,2.3,61750,104688,3440,Low
12/31/2011,X1,2011,Asia,Red,Hybrid,Automatic,4.2,140988,47094,6544,High
12/31/2024,i8,2024,Africa,White,Petrol,Automatic,3.5,187428,149497,229,Low
12/31/2023,7 Series,2023,Africa,Red,Electric,Manual,1.7,192905,109714,1697,Low
12/31/2021,M3,2021,North America,Silver,Petrol,Automatic,1.7,164624,88710,3375,Low
12/31/2020,i8,2020,North America,White,Electric,Automatic,4.3,188209,158867,453,Low
12/31/2017,5 Series,2017,South America,Silver,Electric,Manual,3.4,159602,79725,4307,Low
12/31/2022,X6,2022,Europe,Silver,Diesel,Manual,3.5,83216,110019,3954,Low
12/31/2013,i8,2013,Europe,Red,Diesel,Automatic,2.7,138597,110438,50,Low
12/31/2023,M3,2023,North America,Red,Hybrid,Automatic,4.8,80682,142069,3440,Low
12/31/2012,i3,2012,Middle East,Black,Electric,Automatic,4,34713,82930,2640,Low
12/31/2022,X1,2022,North America,White,Hybrid,Manual,4.7,103575,105571,9533,High
12/31/2010,X3,2010,North America,Red,Petrol,Automatic,1.8,154049,25000,7872,High
12/31/2014,5 Series,2014,South America,Black,Petrol,Manual,3.5,22817,77512,4208,Low
12/31/2012,i3,2012,North America,Red,Petrol,Manual,3.7,120031,46519,4651,Low
12/31/2024,X3,2024,Africa,Red,Petrol,Automatic,1.9,175856,78380,5759,High
12/31/2013,i3,2013,North America,Grey,Hybrid,Manual,2.7,114775,52984,4556,Low
12/31/2024,3 Series,2024,Africa,Grey,Electric,Manual,2.3,68848,110581,5348,High
12/31/2018,M3,2018,Middle East,Black,Electric,Manual,4.9,22271,139826,1816,Low
12/31/2020,X6,2020,Europe,Blue,Diesel,Automatic,3.4,27869,115755,4065,Low
12/31/2023,i8,2023,North America,Grey,Electric,Automatic,2.6,117197,173427,667,Low
12/31/2016,M3,2016,Asia,Grey,Hybrid,Automatic,3.8,147769,87115,2562,Low
12/31/2020,X1,2020,Africa,Red,Hybrid,Manual,3.8,105595,82637,5415,High
12/31/2014,X5,2014,South America,Silver,Hybrid,Automatic,2.7,14165,92660,3115,Low
12/31/2017,M3,2017,South America,White,Diesel,Manual,5,65917,98629,1392,Low
12/31/2015,X5,2015,South America,Red,Electric,Manual,4.3,152831,82822,2880,Low
12/31/2019,X6,2019,Africa,Grey,Diesel,Automatic,2.9,199935,75574,2228,Low
12/31/2011,i3,2011,Middle East,Blue,Electric,Automatic,3.8,123996,60109,2783,Low
12/31/2016,i3,2016,Asia,Blue,Hybrid,Manual,4,126451,69724,5600,High
12/31/2010,M5,2010,Europe,White,Electric,Manual,2.1,143857,85054,785,Low
12/31/2012,i3,2012,Asia,Blue,Electric,Automatic,4.6,2131,91886,4306,Low
12/31/2021,X6,2021,Asia,Red,Hybrid,Automatic,4.4,121615,127266,4164,Low
12/31/2010,i8,2010,Asia,Red,Diesel,Automatic,4.1,118671,113139,50,Low
12/31/2023,M5,2023,South America,Grey,Diesel,Automatic,2.3,35457,142850,1019,Low
12/31/2024,5 Series,2024,Europe,Silver,Diesel,Automatic,2,85207,105400,7754,High
12/31/2010,X1,2010,North America,Silver,Petrol,Manual,2.1,155599,25000,6909,High
12/31/2024,7 Series,2024,Europe,Grey,Hybrid,Automatic,1.8,40577,144000,1904,Low
12/31/2014,i8,2014,Africa,Blue,Hybrid,Automatic,4.8,124713,129558,50,Low
12/31/2015,i3,2015,North America,Silver,Hybrid,Manual,4.5,198394,58350,5249,High
12/31/2021,X5,2021,Middle East,Blue,Electric,Manual,1.8,100079,104469,4223,Low
12/31/2012,X6,2012,South America,Red,Petrol,Automatic,3.9,139267,67590,1916,Low
12/31/2023,7 Series,2023,Europe,Black,Petrol,Automatic,2.4,92681,125755,1760,Low
12/31/2012,X1,2012,North America,Silver,Diesel,Manual,1.6,126578,25000,7130,High
12/31/2012,X5,2012,Middle East,Grey,Petrol,Manual,2.5,76566,64929,3050,Low
12/31/2010,M5,2010,Europe,Grey,Diesel,Automatic,3,62359,91078,644,Low
12/31/2014,X1,2014,South America,Silver,Petrol,Automatic,1.6,3145,55041,4166,Low
12/31/2010,M3,2010,Europe,Black,Hybrid,Automatic,2.6,47582,75758,1591,Low
12/31/2019,X1,2019,Europe,White,Diesel,Automatic,4,62267,78031,6684,High
12/31/2019,M5,2019,Africa,Blue,Electric,Automatic,2.3,129934,120094,1148,Low
12/31/2012,X5,2012,Africa,Grey,Electric,Manual,3.2,198426,52811,2518,Low
12/31/2022,X3,2022,Middle East,Red,Diesel,Automatic,4.6,156251,93570,6409,High
12/31/2015,i3,2015,Asia,White,Electric,Manual,1.6,173830,49757,4604,Low
12/31/2020,X3,2020,Middle East,White,Petrol,Manual,4.2,76838,98554,5981,High
12/31/2015,M5,2015,North America,Red,Electric,Automatic,2.8,79045,120230,1123,Low
12/31/2012,i8,2012,South America,Grey,Electric,Automatic,3.4,133922,117312,50,Low
12/31/2018,X1,2018,Middle East,Black,Hybrid,Manual,2.3,9615,84418,4864,Low
12/31/2017,3 Series,2017,Africa,Red,Hybrid,Manual,3.5,168601,63148,5290,High
12/31/2020,X5,2020,Middle East,White,Hybrid,Manual,4.1,51523,126443,4500,Low
12/31/2012,M3,2012,Africa,Silver,Petrol,Automatic,2.2,82876,60890,1084,Low
12/31/2014,5 Series,2014,South America,Silver,Hybrid,Manual,2.7,37224,80057,4008,Low
12/31/2014,i8,2014,Middle East,Grey,Petrol,Automatic,3.5,136089,124012,50,Low
12/31/2024,X3,2024,Asia,Silver,Hybrid,Automatic,3,162316,98688,9604,High
12/31/2023,X6,2023,Asia,White,Diesel,Manual,2.5,51498,123099,4099,Low
12/31/2014,X5,2014,South America,White,Petrol,Manual,3.1,106612,67665,3606,Low
12/31/2012,M3,2012,South America,Black,Electric,Automatic,2.5,115569,74891,1041,Low
12/31/2014,7 Series,2014,Asia,Silver,Hybrid,Manual,2.6,124826,92128,1051,Low
12/31/2014,M3,2014,Europe,Blue,Hybrid,Automatic,3.6,50699,94147,2451,Low
12/31/2013,5 Series,2013,Africa,Grey,Petrol,Automatic,3.2,61087,70487,2971,Low
12/31/2013,X6,2013,Asia,Blue,Diesel,Manual,3.9,655,90420,3679,Low
12/31/2011,i3,2011,Middle East,Blue,Diesel,Automatic,4.4,90033,51022,3111,Low
12/31/2018,M3,2018,South America,Black,Petrol,Manual,4.8,88981,101599,1325,Low
12/31/2024,M5,2024,Middle East,Silver,Electric,Manual,2,68063,155265,1972,Low
12/31/2016,X3,2016,South America,Blue,Hybrid,Automatic,3.7,154202,67109,4483,Low
12/31/2010,M3,2010,South America,Black,Petrol,Automatic,3.5,11601,73014,767,Low
12/31/2014,5 Series,2014,Africa,Red,Petrol,Automatic,4.5,167592,61949,2872,Low
12/31/2011,i3,2011,Middle East,Black,Diesel,Automatic,4.6,83189,57475,2455,Low
12/31/2019,X1,2019,Middle East,Silver,Diesel,Automatic,4.2,90414,75404,5733,High
12/31/2015,7 Series,2015,Middle East,Silver,Hybrid,Manual,3.6,173706,102084,369,Low
12/31/2016,5 Series,2016,Middle East,Blue,Petrol,Manual,2.2,85367,73109,4652,Low
12/31/2021,3 Series,2021,North America,Silver,Diesel,Manual,2.5,163826,64934,9272,High
12/31/2011,5 Series,2011,Asia,Blue,Hybrid,Automatic,3.6,20838,80806,6518,High
12/31/2020,5 Series,2020,Africa,Grey,Petrol,Manual,2,29427,88294,3648,Low
12/31/2015,i8,2015,Middle East,Blue,Hybrid,Manual,2.1,139014,130218,50,Low
12/31/2024,i3,2024,North America,Silver,Hybrid,Manual,4.7,95806,114802,6788,High
12/31/2022,M3,2022,Africa,White,Electric,Manual,4.8,147182,116749,2379,Low
12/31/2012,X6,2012,Africa,Grey,Hybrid,Automatic,1.5,125379,60395,1579,Low
12/31/2018,5 Series,2018,North America,Black,Petrol,Automatic,4.5,34576,104589,776,Low
12/31/2024,M5,2024,North America,Silver,Petrol,Manual,4.8,187122,142565,2423,Low
12/31/2013,X6,2013,Europe,Silver,Petrol,Manual,3.3,62104,82828,3001,Low
12/31/2012,i3,2012,Europe,Grey,Diesel,Manual,3.1,86393,45697,3971,Low
12/31/2022,i8,2022,South America,Black,Diesel,Manual,4.7,68666,159210,50,Low
12/31/2020,X3,2020,Europe,Blue,Electric,Manual,1.5,14372,95978,8637,High
12/31/2012,X6,2012,Middle East,Grey,Petrol,Manual,4.4,52809,91955,2124,Low
12/31/2011,i8,2011,North America,Grey,Electric,Automatic,2.5,177845,105912,50,Low
12/31/2021,i8,2021,Europe,Black,Diesel,Manual,3.7,164323,138901,475,Low
12/31/2018,X5,2018,Middle East,Black,Electric,Automatic,2.6,26731,113908,4318,Low
12/31/2017,3 Series,2017,South America,Blue,Electric,Manual,3.3,71790,80768,5466,High
12/31/2014,X6,2014,Asia,Grey,Petrol,Automatic,4.3,159695,38346,4580,Low
12/31/2023,i8,2023,North America,White,Electric,Manual,2.1,106233,162791,980,Low
12/31/2023,7 Series,2023,North America,Blue,Hybrid,Manual,3.8,199179,134202,1911,Low
12/31/2022,X5,2022,Asia,Black,Hybrid,Automatic,4.6,125328,125310,5872,High
12/31/2018,7 Series,2018,Africa,Black,Hybrid,Manual,4.7,38664,143807,466,Low
12/31/2022,X1,2022,Middle East,Silver,Diesel,Manual,4.6,166378,78053,5459,High
12/31/2011,i8,2011,Middle East,Blue,Petrol,Manual,3.3,133919,107352,50,Low
12/31/2015,i3,2015,North America,Black,Electric,Manual,4.2,102638,79612,4580,Low
12/31/2016,M5,2016,Asia,Grey,Diesel,Automatic,3.1,93777,112821,1695,Low
12/31/2015,X5,2015,Europe,Black,Diesel,Manual,3.1,104376,70220,5424,High
12/31/2024,X5,2024,Africa,Red,Petrol,Automatic,2.5,78295,110261,3870,Low
12/31/2012,i3,2012,Asia,Blue,Electric,Manual,2.5,92039,58162,4953,Low
12/31/2019,X5,2019,Europe,Blue,Diesel,Automatic,1.6,28266,92701,5229,High
12/31/2023,M3,2023,Europe,White,Electric,Automatic,3.4,32928,136675,3746,Low
12/31/2019,M3,2019,South America,Blue,Petrol,Automatic,2.6,63471,93638,1964,Low
12/31/2019,X5,2019,Africa,Grey,Petrol,Manual,2.2,183691,68330,3758,Low
12/31/2018,X1,2018,Asia,Red,Electric,Automatic,1.9,54466,78217,7302,High
12/31/2023,3 Series,2023,Europe,Blue,Diesel,Manual,2.7,120755,85070,10376,High
12/31/2024,X1,2024,South America,Red,Petrol,Automatic,4.6,93824,99249,4797,Low
12/31/2021,i3,2021,South America,Red,Petrol,Manual,3.3,192037,65563,3948,Low
12/31/2017,3 Series,2017,Middle East,Red,Diesel,Manual,3.4,199188,47900,5971,High
12/31/2024,X1,2024,Europe,Black,Diesel,Manual,1.7,169018,65001,7397,High
12/31/2017,M5,2017,South America,White,Hybrid,Manual,3.3,64481,128365,425,Low
12/31/2017,5 Series,2017,North America,Blue,Hybrid,Manual,3.8,79735,97614,6060,High
12/31/2018,X6,2018,Africa,Blue,Petrol,Manual,2,82707,83119,2488,Low
12/31/2010,5 Series,2010,Middle East,White,Petrol,Manual,4.9,178135,47152,3631,Low
12/31/2017,M3,2017,South America,Black,Petrol,Automatic,4.7,14378,116745,986,Low
12/31/2011,3 Series,2011,Middle East,Grey,Electric,Automatic,5,80189,78490,5278,High
12/31/2013,5 Series,2013,Asia,Blue,Diesel,Automatic,2.8,55204,33595,6827,High
12/31/2010,X5,2010,Asia,Grey,Hybrid,Manual,4.4,13057,83990,4575,Low
12/31/2021,7 Series,2021,North America,Red,Electric,Manual,2.7,129982,127627,1824,Low
12/31/2015,i3,2015,South America,Silver,Petrol,Automatic,4.1,159530,55256,3416,Low
12/31/2019,X5,2019,North America,White,Petrol,Manual,4.8,118977,98436,5241,High
12/31/2010,X1,2010,Asia,Silver,Hybrid,Manual,2,170498,25000,8054,High
12/31/2021,3 Series,2021,Asia,White,Electric,Automatic,2,143970,81996,9896,High
12/31/2014,X6,2014,South America,Red,Hybrid,Manual,1.9,32384,90346,1813,Low
12/31/2024,7 Series,2024,Europe,Silver,Hybrid,Automatic,4.3,128796,145965,2087,Low
12/31/2018,M3,2018,South America,White,Electric,Manual,3.8,42723,116721,1989,Low
12/31/2010,i3,2010,Middle East,Black,Petrol,Manual,3.3,63240,46505,2837,Low
12/31/2018,X6,2018,Africa,White,Electric,Automatic,4.2,195956,93602,2649,Low
12/31/2013,i8,2013,Africa,Red,Electric,Manual,4.5,80523,142997,50,Low
12/31/2012,5 Series,2012,South America,Blue,Electric,Manual,4.8,145208,72818,3712,Low
12/31/2017,7 Series,2017,Europe,Blue,Petrol,Manual,2.2,32651,114906,1025,Low
12/31/2015,X3,2015,Europe,Grey,Petrol,Manual,3,64741,65635,7533,High
12/31/2016,7 Series,2016,Middle East,Grey,Hybrid,Automatic,4.7,146770,125591,201,Low
12/31/2018,M5,2018,Middle East,Grey,Petrol,Automatic,3.1,23155,139141,553,Low
12/31/2014,M3,2014,South America,Black,Petrol,Manual,3.2,37798,80721,1058,Low
12/31/2022,X5,2022,North America,Silver,Diesel,Manual,4.8,166739,103467,6680,High
12/31/2011,7 Series,2011,Middle East,Silver,Petrol,Manual,4.1,161507,82038,130,Low
12/31/2012,i8,2012,Africa,Black,Diesel,Automatic,3.4,133741,98723,50,Low
12/31/2012,X1,2012,North America,White,Diesel,Automatic,2.8,36846,49336,6530,High
12/31/2013,7 Series,2013,Europe,Grey,Hybrid,Manual,4.7,160699,102019,595,Low
12/31/2019,X1,2019,North America,Red,Diesel,Manual,1.5,199075,37392,8866,High
12/31/2016,X6,2016,Asia,Black,Petrol,Manual,2.6,45401,94761,3524,Low
12/31/2021,i3,2021,Asia,Red,Petrol,Automatic,4.8,10711,112000,4820,Low
12/31/2019,i8,2019,Asia,Grey,Hybrid,Manual,3.2,36797,165459,273,Low
12/31/2015,3 Series,2015,Europe,White,Diesel,Automatic,3.7,163406,49803,9922,High
12/31/2012,7 Series,2012,Europe,Silver,Electric,Automatic,3.4,114489,98127,583,Low
12/31/2024,X1,2024,Africa,Grey,Diesel,Automatic,2.9,46247,97755,5052,High
12/31/2023,7 Series,2023,Africa,Red,Petrol,Manual,3.8,189995,114701,1239,Low
12/31/2016,X6,2016,Africa,Red,Hybrid,Automatic,4.2,166267,91309,1556,Low
12/31/2013,M5,2013,Africa,Red,Diesel,Automatic,2.8,131170,80998,314,Low
12/31/2019,X5,2019,South America,White,Diesel,Automatic,3.6,64662,95041,4131,Low
12/31/2020,M3,2020,Europe,Grey,Electric,Manual,1.8,22292,121900,3047,Low
12/31/2020,5 Series,2020,South America,Blue,Diesel,Manual,3.4,185999,69672,4156,Low
12/31/2017,7 Series,2017,Middle East,Red,Petrol,Automatic,4.1,153155,114536,1239,Low
12/31/2024,i8,2024,Africa,Blue,Hybrid,Manual,3.5,45575,171485,503,Low
12/31/2016,X3,2016,Middle East,Silver,Petrol,Manual,4.6,118061,76212,6073,High
12/31/2016,X6,2016,Europe,Black,Hybrid,Automatic,2.5,112017,93684,4000,Low
12/31/2018,i3,2018,North America,Red,Petrol,Manual,3.2,38294,84007,4503,Low
12/31/2017,7 Series,2017,Africa,Silver,Hybrid,Manual,1.8,31057,109705,791,Low
12/31/2021,i8,2021,Middle East,White,Diesel,Automatic,4,148516,155665,50,Low
12/31/2010,7 Series,2010,Africa,White,Diesel,Manual,3.1,24655,81104,50,Low
12/31/2016,X3,2016,Africa,Blue,Diesel,Manual,3.4,169689,47957,4917,Low
12/31/2024,i8,2024,Europe,Black,Hybrid,Manual,1.9,139481,155986,978,Low
12/31/2012,7 Series,2012,North America,White,Hybrid,Automatic,5,156753,106704,434,Low
12/31/2021,X6,2021,North America,Grey,Diesel,Automatic,4.2,146098,107365,4536,Low
12/31/2013,5 Series,2013,Asia,Silver,Hybrid,Manual,2.9,75042,72550,6297,High
12/31/2015,i3,2015,South America,White,Electric,Manual,3.5,88083,76753,2750,Low
12/31/2014,M3,2014,Europe,Silver,Diesel,Manual,3.7,26746,89915,2280,Low
12/31/2017,7 Series,2017,Middle East,Black,Electric,Manual,4.9,44819,152839,50,Low
12/31/2011,X5,2011,South America,White,Hybrid,Automatic,4.2,24479,84514,2400,Low
12/31/2014,3 Series,2014,Asia,Red,Petrol,Manual,2.7,91210,52207,982,Low
12/31/2014,M5,2014,Middle East,Black,Petrol,Manual,4.9,8766,129642,138,Low
12/31/2024,M5,2024,North America,Black,Hybrid,Manual,2.6,106060,155196,2266,Low
12/31/2012,X5,2012,Africa,White,Diesel,Manual,3.5,74081,62362,2560,Low
12/31/2023,X3,2023,Africa,White,Electric,Manual,4,176908,102998,5100,High
12/31/2019,M3,2019,South America,White,Petrol,Automatic,2.4,146931,79384,1749,Low
12/31/2024,X5,2024,Middle East,Grey,Petrol,Manual,4.8,102363,127334,11409,High
12/31/2024,X6,2024,Europe,Black,Diesel,Manual,2.3,160096,104295,4232,Low
12/31/2022,X5,2022,Africa,White,Hybrid,Automatic,3,84053,113330,4312,Low
12/31/2014,3 Series,2014,Middle East,Blue,Electric,Automatic,2.1,29534,78822,6219,High
12/31/2013,M5,2013,Europe,Blue,Electric,Manual,4.6,106919,119309,843,Low
12/31/2020,X5,2020,Middle East,White,Petrol,Manual,2.3,168901,80711,4376,Low
12/31/2014,7 Series,2014,Europe,Red,Hybrid,Automatic,1.6,99303,94775,1016,Low
12/31/2019,X3,2019,South America,Black,Electric,Manual,1.6,86842,81833,5246,High
12/31/2018,X6,2018,Asia,Grey,Diesel,Automatic,2.9,21916,107562,4111,Low
12/31/2016,M5,2016,Europe,Red,Diesel,Automatic,3.3,116438,103505,1661,Low
12/31/2010,i8,2010,South America,White,Diesel,Automatic,1.6,109346,87844,50,Low
12/31/2012,X6,2012,North America,White,Electric,Manual,1.8,25069,92608,2822,Low
12/31/2018,X3,2018,Africa,Silver,Petrol,Manual,1.8,1206,79418,4009,Low
12/31/2013,5 Series,2013,North America,Grey,Electric,Manual,3.8,75076,87086,5733,High
12/31/2013,7 Series,2013,Asia,White,Electric,Automatic,2.5,50946,107417,769,Low
12/31/2019,i3,2019,Africa,Grey,Petrol,Automatic,3.5,196777,59005,2675,Low
12/31/2015,i8,2015,Africa,Grey,Diesel,Manual,1.8,187686,90568,50,Low
12/31/2012,M3,2012,South America,Red,Petrol,Automatic,4.6,28459,90117,716,Low
12/31/2012,7 Series,2012,North America,Grey,Electric,Manual,2.6,2418,118083,348,Low
12/31/2024,M3,2024,Africa,Black,Electric,Automatic,4.2,6350,158413,2029,Low
12/31/2018,X1,2018,North America,Black,Diesel,Automatic,4.4,9409,94020,6758,High
12/31/2022,X3,2022,Europe,Blue,Petrol,Manual,5,169654,87321,7790,High
12/31/2014,M3,2014,Africa,Silver,Petrol,Manual,4.1,175134,61916,1181,Low
12/31/2023,i8,2023,Asia,Blue,Petrol,Automatic,3,34464,168124,50,Low
12/31/2016,M5,2016,Asia,Red,Hybrid,Manual,2,160736,97093,1771,Low
12/31/2014,i3,2014,Africa,Blue,Petrol,Automatic,1.7,176116,27766,2489,Low
12/31/2015,X1,2015,North America,Red,Hybrid,Manual,4.6,10461,85718,6081,High
12/31/2017,M3,2017,Asia,Blue,Diesel,Automatic,3.1,7265,106445,2633,Low
12/31/2024,M5,2024,Asia,Black,Petrol,Manual,4.1,168174,131787,2125,Low
12/31/2017,X1,2017,Europe,Grey,Petrol,Manual,3.2,94215,62653,8033,High
12/31/2011,i3,2011,Asia,Grey,Hybrid,Automatic,4.6,84111,65030,4289,Low
12/31/2020,X5,2020,Africa,Black,Electric,Manual,4.1,138730,106930,3184,Low
12/31/2018,X5,2018,Middle East,Black,Electric,Manual,1.8,58811,98485,4782,Low
12/31/2019,3 Series,2019,South America,Blue,Hybrid,Automatic,4.1,191655,71847,6773,High
12/31/2021,7 Series,2021,Asia,Blue,Petrol,Manual,2.4,71072,122273,1780,Low
12/31/2021,i8,2021,North America,White,Hybrid,Manual,4.2,24038,183575,305,Low
12/31/2021,5 Series,2021,Europe,Black,Hybrid,Automatic,4.8,22530,127259,6666,High
12/31/2023,X6,2023,North America,Blue,Diesel,Automatic,4.8,186380,116074,4739,Low
12/31/2015,3 Series,2015,North America,Blue,Petrol,Automatic,1.9,79789,56713,9496,High
12/31/2016,X3,2016,Middle East,White,Hybrid,Manual,1.7,54476,73415,6367,High
12/31/2012,5 Series,2012,Asia,Silver,Petrol,Manual,4.2,127137,62510,7191,High
12/31/2013,X6,2013,Africa,White,Petrol,Manual,4,94858,78784,1351,Low
12/31/2015,i3,2015,Europe,Blue,Electric,Manual,2.1,178464,47957,5483,High
12/31/2016,X1,2016,Asia,Silver,Hybrid,Manual,3.9,29396,83140,8447,High
12/31/2015,5 Series,2015,Europe,Black,Diesel,Manual,1.6,212,76869,6852,High
12/31/2014,i8,2014,Middle East,Silver,Petrol,Automatic,3.7,72998,139142,50,Low
12/31/2023,i8,2023,Asia,White,Hybrid,Manual,4.4,188113,162280,985,Low
12/31/2021,X1,2021,Middle East,Silver,Hybrid,Manual,3.7,72138,94753,5096,High
12/31/2011,i3,2011,Europe,Silver,Diesel,Automatic,1.7,78288,33297,5003,High
12/31/2021,7 Series,2021,North America,White,Petrol,Automatic,5,880,155473,1143,Low
12/31/2024,i3,2024,North America,Grey,Hybrid,Automatic,2.7,176681,89281,6610,High
12/31/2024,X1,2024,Africa,Blue,Hybrid,Automatic,2.8,100480,95505,5132,High
12/31/2016,7 Series,2016,Middle East,Blue,Electric,Manual,1.8,21826,130487,137,Low
12/31/2014,3 Series,2014,Asia,Grey,Diesel,Manual,2.1,137156,36550,11253,High
12/31/2021,X6,2021,North America,Blue,Diesel,Manual,2.4,195494,80512,5179,High
12/31/2018,X1,2018,Asia,Red,Hybrid,Manual,4.3,52703,91122,9275,High
12/31/2022,X1,2022,Asia,Red,Electric,Manual,3.9,4817,119564,7427,High
12/31/2020,5 Series,2020,South America,Grey,Petrol,Automatic,3.5,121320,89585,3825,Low
12/31/2013,X5,2013,Europe,Red,Electric,Automatic,4.5,112749,88520,5570,High
12/31/2023,5 Series,2023,Asia,Blue,Hybrid,Automatic,5,45493,135636,7265,High
12/31/2019,M5,2019,Europe,Black,Diesel,Automatic,2.8,37996,135263,1392,Low
12/31/2021,X5,2021,Africa,White,Petrol,Manual,2.9,52199,101702,2916,Low
12/31/2011,X1,2011,North America,Silver,Petrol,Automatic,4.1,32687,58763,7613,High
12/31/2016,3 Series,2016,Europe,White,Hybrid,Manual,3.8,40979,89242,9176,High
12/31/2016,M3,2016,Middle East,Black,Electric,Automatic,1.5,33415,97365,1659,Low
12/31/2010,i8,2010,North America,Blue,Electric,Manual,3.8,138049,117004,50,Low
12/31/2020,X1,2020,Europe,Red,Hybrid,Manual,4,20595,97887,8501,High
12/31/2023,X5,2023,Africa,Grey,Hybrid,Automatic,5,189098,119516,4276,Low
12/31/2022,X6,2022,Africa,Red,Hybrid,Manual,3.6,191313,101624,3180,Low
12/31/2014,M5,2014,Asia,Silver,Electric,Automatic,3.9,84220,121538,1109,Low
12/31/2012,X1,2012,South America,Red,Diesel,Manual,4.3,41161,53372,3567,Low
12/31/2018,i8,2018,Middle East,Black,Diesel,Automatic,1.8,97067,139469,50,Low
12/31/2018,7 Series,2018,Middle East,Red,Diesel,Automatic,4.1,97665,127896,540,Low
12/31/2016,X3,2016,North America,Blue,Petrol,Manual,3.4,112751,63289,9330,High
12/31/2021,X3,2021,Europe,Blue,Electric,Automatic,1.9,61217,105703,9456,High
12/31/2018,X5,2018,North America,Red,Electric,Manual,3.8,52997,113458,6862,High
12/31/2021,M5,2021,Africa,Blue,Diesel,Manual,2.3,55086,120829,836,Low
12/31/2011,5 Series,2011,South America,Silver,Electric,Manual,3.4,157234,55954,4024,Low
12/31/2020,i8,2020,Africa,Silver,Petrol,Manual,2.5,125162,129734,50,Low
12/31/2019,i3,2019,North America,White,Petrol,Automatic,1.9,156180,57926,1120,Low
12/31/2017,X5,2017,Asia,Red,Hybrid,Manual,2.4,73423,93457,5349,High
12/31/2019,3 Series,2019,South America,White,Hybrid,Manual,3,128877,76512,6768,High
12/31/2019,i8,2019,Europe,Black,Petrol,Manual,3.2,77647,144073,50,Low
12/31/2019,M5,2019,Europe,White,Diesel,Manual,2,159932,97227,2091,Low
12/31/2022,X6,2022,South America,Silver,Diesel,Manual,2.6,144193,95280,2684,Low
12/31/2010,i3,2010,Africa,Grey,Hybrid,Automatic,4.5,167951,44353,1894,Low
12/31/2012,X1,2012,Asia,Silver,Electric,Automatic,4.7,128927,61448,6395,High
12/31/2017,X1,2017,Europe,Silver,Petrol,Automatic,3.4,192037,48125,7907,High
12/31/2020,3 Series,2020,Middle East,Silver,Diesel,Automatic,3.2,77042,87390,7766,High
12/31/2017,3 Series,2017,South America,Red,Hybrid,Manual,3.5,131510,67988,6733,High
12/31/2023,i3,2023,South America,Black,Electric,Automatic,2.3,13703,113935,3549,Low
12/31/2019,M5,2019,Middle East,Red,Hybrid,Manual,5,622,173175,760,Low
12/31/2017,i3,2017,Asia,White,Electric,Automatic,4.1,51902,98880,5441,High
12/31/2020,X6,2020,South America,Red,Petrol,Automatic,2.3,179994,80207,3068,Low
12/31/2024,7 Series,2024,Middle East,Silver,Hybrid,Automatic,2.5,93699,144946,1689,Low
12/31/2021,i8,2021,South America,Blue,Petrol,Automatic,3.8,147892,152257,50,Low
12/31/2020,M5,2020,South America,Silver,Hybrid,Manual,2.6,92831,132176,1188,Low
12/31/2016,i8,2016,Europe,Black,Electric,Automatic,2.7,82772,140673,50,Low
12/31/2011,M5,2011,Africa,Red,Electric,Automatic,4.2,140045,103368,50,Low
12/31/2012,3 Series,2012,North America,Black,Hybrid,Automatic,2.4,139377,45734,8056,High
12/31/2018,i3,2018,North America,Red,Petrol,Manual,4,41586,82792,5122,High
12/31/2011,X1,2011,South America,Blue,Petrol,Manual,4.8,84804,48457,4201,Low
12/31/2022,i8,2022,Europe,Red,Petrol,Manual,1.9,140759,137234,580,Low
12/31/2016,M3,2016,Africa,Silver,Petrol,Automatic,2,147037,62504,1502,Low
12/31/2010,X5,2010,Middle East,Silver,Electric,Manual,4.8,147683,76488,847,Low
12/31/2012,X1,2012,Europe,Red,Hybrid,Automatic,2.2,66388,47839,6087,High
12/31/2022,i3,2022,South America,White,Petrol,Automatic,1.6,8983,88837,3828,Low
12/31/2023,M5,2023,Middle East,Black,Petrol,Automatic,4.5,2134,174585,746,Low
12/31/2010,X3,2010,North America,Red,Electric,Automatic,2.5,111391,49400,7366,High
12/31/2015,M5,2015,North America,Blue,Petrol,Automatic,2.5,150745,97342,1699,Low
12/31/2013,M5,2013,Europe,Silver,Petrol,Manual,2.3,92217,90968,1289,Low
12/31/2010,3 Series,2010,Asia,Blue,Electric,Automatic,4.7,90849,64510,8241,High
12/31/2014,M5,2014,South America,White,Electric,Manual,4.2,156289,111900,217,Low
12/31/2023,i8,2023,Middle East,Silver,Electric,Manual,3.6,153614,170082,498,Low
12/31/2013,3 Series,2013,North America,Silver,Hybrid,Manual,3.1,90816,62520,8236,High
12/31/2023,M3,2023,Europe,Black,Electric,Automatic,2,172462,110713,3258,Low
12/31/2020,X1,2020,South America,Silver,Electric,Automatic,4.7,62036,105053,4734,Low
12/31/2019,M5,2019,Middle East,Grey,Diesel,Manual,4.1,59720,131200,799,Low
12/31/2023,3 Series,2023,Asia,Silver,Electric,Automatic,2.5,58351,114277,11457,High
12/31/2020,M3,2020,Middle East,Silver,Electric,Manual,4.8,25896,142745,2153,Low
12/31/2019,X1,2019,Europe,Blue,Electric,Automatic,4.8,186202,77962,8402,High
12/31/2011,3 Series,2011,Middle East,Black,Hybrid,Automatic,3.8,158885,50213,5654,High
12/31/2022,5 Series,2022,Europe,Grey,Petrol,Automatic,4.9,181299,98777,6268,High
12/31/2016,3 Series,2016,South America,Silver,Electric,Manual,2.2,24696,79552,5360,High
12/31/2021,M3,2021,South America,White,Petrol,Manual,4.1,141361,100280,1806,Low
12/31/2024,X1,2024,Africa,Grey,Diesel,Automatic,2,23827,96104,4896,Low
12/31/2017,7 Series,2017,North America,Black,Diesel,Automatic,3.9,91664,112988,1246,Low
12/31/2013,M5,2013,Africa,Silver,Hybrid,Automatic,4.7,106305,117908,50,Low
12/31/2018,5 Series,2018,Europe,Silver,Petrol,Manual,3.4,80718,84422,5769,High
12/31/2012,M3,2012,Africa,Black,Diesel,Manual,4.2,9584,80913,670,Low
12/31/2022,i8,2022,South America,Red,Hybrid,Automatic,2,182664,135185,669,Low
12/31/2015,i3,2015,Africa,Blue,Petrol,Manual,3.7,51616,69543,2568,Low
12/31/2020,5 Series,2020,Europe,Blue,Electric,Manual,1.7,180140,76187,7054,High
12/31/2023,X3,2023,Asia,Blue,Diesel,Automatic,1.6,152224,77240,11256,High
12/31/2024,X3,2024,North America,White,Hybrid,Automatic,3.7,181370,102850,10628,High
12/31/2023,7 Series,2023,North America,Grey,Petrol,Automatic,3.5,36744,73823,2658,Low
12/31/2016,7 Series,2016,Asia,Black,Electric,Manual,2.7,10439,135704,699,Low
12/31/2016,i3,2016,Europe,Black,Diesel,Automatic,3.3,125788,58335,5017,High
12/31/2015,X3,2015,Middle East,Grey,Petrol,Manual,3.9,32747,81137,4824,Low
12/31/2018,X6,2018,Middle East,White,Petrol,Manual,3.8,172647,92418,2515,Low
12/31/2024,M3,2024,Asia,Silver,Diesel,Automatic,1.8,139593,97792,3403,Low
12/31/2010,X1,2010,Europe,Red,Electric,Manual,3.9,2936,66305,5887,High
12/31/2022,7 Series,2022,Middle East,Black,Hybrid,Manual,3.8,172233,128687,1374,Low
12/31/2018,M3,2018,Asia,White,Hybrid,Automatic,3.8,101226,110040,3620,Low
12/31/2022,X3,2022,Europe,White,Diesel,Manual,4.5,133597,88642,7811,High
12/31/2018,M3,2018,Asia,Red,Hybrid,Manual,3.5,12158,116441,2787,Low
12/31/2013,X6,2013,Middle East,Red,Electric,Automatic,4.8,169472,97029,1928,Low
12/31/2022,5 Series,2022,Europe,White,Petrol,Automatic,4.9,111429,112554,6532,High
12/31/2021,X6,2021,Asia,Black,Petrol,Manual,4.1,24978,130741,4090,Low
12/31/2024,X3,2024,Europe,Grey,Petrol,Automatic,2.8,58273,104505,7681,High
12/31/2021,i8,2021,North America,White,Hybrid,Automatic,2,115056,151987,706,Low
12/31/2014,X6,2014,North America,Grey,Diesel,Automatic,4.4,148048,78704,3995,Low
12/31/2012,M3,2012,Asia,Red,Petrol,Manual,2,26683,69467,2258,Low
12/31/2016,7 Series,2016,Middle East,Red,Diesel,Automatic,2,112958,98619,629,Low
12/31/2024,i8,2024,Europe,Red,Electric,Manual,4.7,1072,200000,97,Low
12/31/2011,X6,2011,Europe,White,Petrol,Manual,3.5,105802,66577,2938,Low
12/31/2017,i3,2017,North America,Silver,Hybrid,Manual,2.5,196188,76974,4944,Low
12/31/2018,3 Series,2018,Europe,Silver,Electric,Manual,4.9,97762,93071,9704,High
12/31/2015,3 Series,2015,Europe,Red,Hybrid,Manual,4,137275,67457,8182,High
12/31/2018,X5,2018,Middle East,Red,Petrol,Automatic,3.4,197196,78895,3601,Low
12/31/2015,5 Series,2015,Asia,Silver,Electric,Manual,2.7,14515,95984,6386,High
12/31/2012,X6,2012,Asia,Grey,Diesel,Automatic,3.9,111183,76944,4198,Low
12/31/2019,5 Series,2019,South America,Red,Electric,Manual,4.1,183457,91994,5167,High
12/31/2012,5 Series,2012,Europe,Grey,Electric,Automatic,4,96212,81485,5664,High
12/31/2011,3 Series,2011,Africa,Blue,Diesel,Manual,2.2,160271,25000,4786,Low
12/31/2014,X6,2014,Asia,Red,Petrol,Automatic,3.9,69477,91005,3609,Low
12/31/2022,i8,2022,Africa,White,Diesel,Automatic,3.5,119843,152350,50,Low
12/31/2023,X5,2023,Africa,Silver,Hybrid,Manual,4.5,27300,134757,3415,Low
12/31/2013,X3,2013,Asia,Red,Electric,Manual,3.7,6230,88195,8707,High
12/31/2021,X1,2021,South America,Blue,Petrol,Manual,2,112301,61105,4928,Low
12/31/2015,M5,2015,North America,Red,Petrol,Manual,2.6,153525,93582,1656,Low
12/31/2014,i3,2014,Middle East,Red,Diesel,Manual,4.1,21538,72198,2782,Low
12/31/2015,X6,2015,South America,Grey,Petrol,Automatic,4.1,93366,88895,2141,Low
12/31/2013,X6,2013,Asia,Black,Hybrid,Automatic,2.3,70277,87986,3382,Low
12/31/2023,5 Series,2023,North America,Blue,Electric,Manual,2.7,77950,119559,6824,High
12/31/2022,X5,2022,Middle East,Silver,Electric,Automatic,1.6,54119,125851,4295,Low
12/31/2012,X1,2012,Africa,Silver,Petrol,Manual,2.7,181184,25000,4542,Low
12/31/2010,5 Series,2010,South America,Black,Petrol,Manual,1.6,171753,25000,3528,Low
12/31/2014,i8,2014,South America,Black,Petrol,Automatic,4.6,148985,125972,50,Low
12/31/2015,M3,2015,South America,Grey,Electric,Automatic,3.8,159746,87892,1362,Low
12/31/2014,7 Series,2014,Europe,White,Electric,Automatic,4.9,198188,106299,677,Low
12/31/2014,5 Series,2014,South America,White,Diesel,Automatic,4.6,185522,55210,4178,Low
12/31/2021,X3,2021,Africa,Black,Hybrid,Manual,3.6,176206,78532,819,Low
12/31/2015,X1,2015,Europe,White,Electric,Manual,3.3,1021,80560,7172,High
12/31/2013,i3,2013,Europe,Silver,Electric,Manual,4.6,45768,78820,3581,Low
12/31/2023,M3,2023,Asia,Black,Petrol,Automatic,2.5,87137,110130,3624,Low
12/31/2021,5 Series,2021,Asia,Silver,Hybrid,Automatic,2.3,92184,98571,8466,High
12/31/2013,M5,2013,Middle East,Grey,Electric,Automatic,2.9,142416,111196,235,Low
12/31/2020,X5,2020,Middle East,Silver,Diesel,Manual,1.7,71222,88404,3914,Low
12/31/2022,M5,2022,Europe,Black,Electric,Manual,2.6,110657,141617,2494,Low
12/31/2017,i3,2017,Middle East,White,Diesel,Manual,1.8,132869,49683,4160,Low
12/31/2020,X6,2020,Asia,Silver,Electric,Automatic,1.7,176278,96705,4456,Low
12/31/2017,M3,2017,Asia,Grey,Diesel,Automatic,3.4,105521,86555,2768,Low
12/31/2021,M5,2021,South America,Blue,Diesel,Manual,4,49740,139602,957,Low
12/31/2012,3 Series,2012,Europe,Grey,Diesel,Automatic,3.4,117600,41602,8330,High
12/31/2016,i3,2016,Europe,Blue,Electric,Manual,1.7,37257,78194,4826,Low
12/31/2024,M3,2024,North America,Grey,Diesel,Manual,2.9,128290,105842,3232,Low
12/31/2014,M5,2014,Asia,Silver,Petrol,Manual,1.9,150760,82906,1480,Low
12/31/2014,X6,2014,North America,Silver,Diesel,Manual,3.8,140285,74315,3828,Low
12/31/2021,X1,2021,Africa,Grey,Electric,Automatic,4.4,193877,80096,5146,High
12/31/2022,M5,2022,Europe,Grey,Hybrid,Manual,1.9,168780,117088,2688,Low
12/31/2012,X1,2012,Africa,Black,Hybrid,Manual,1.7,172484,25000,3525,Low
12/31/2011,i3,2011,Africa,Black,Electric,Automatic,2.9,130117,49205,1862,Low
12/31/2022,X1,2022,Africa,Blue,Electric,Manual,2.6,168808,73659,4943,Low
12/31/2012,X3,2012,Middle East,Blue,Hybrid,Manual,2.4,170379,40721,6418,High
12/31/2024,i8,2024,North America,Silver,Diesel,Manual,2.2,137814,150891,691,Low
12/31/2016,i3,2016,South America,Red,Petrol,Automatic,2.6,158896,45335,3058,Low
12/31/2012,X5,2012,Asia,Red,Hybrid,Manual,4.9,103530,85031,5251,High
12/31/2024,X6,2024,Europe,Red,Petrol,Manual,4.5,90158,130841,4649,Low
12/31/2020,3 Series,2020,Asia,White,Hybrid,Automatic,3.6,59998,99843,10056,High
12/31/2022,i8,2022,Asia,Red,Diesel,Automatic,4.3,89857,167627,193,Low
12/31/2011,M3,2011,Europe,Silver,Hybrid,Automatic,1.6,154581,52445,2604,Low
12/31/2013,M5,2013,Europe,White,Hybrid,Manual,1.9,159889,89415,1145,Low
12/31/2021,X6,2021,Asia,White,Hybrid,Automatic,2.5,176663,100447,5827,High
12/31/2014,7 Series,2014,North America,White,Hybrid,Manual,3.8,164109,102442,985,Low
12/31/2022,M5,2022,Africa,White,Diesel,Manual,4.6,24613,144796,1774,Low
12/31/2016,5 Series,2016,Africa,Silver,Hybrid,Automatic,2.3,43048,87988,3247,Low
12/31/2010,5 Series,2010,Middle East,Black,Petrol,Automatic,2,141857,38725,4851,Low
12/31/2023,X1,2023,North America,Red,Diesel,Automatic,4.5,184304,77610,7364,High
12/31/2017,M5,2017,North America,Silver,Hybrid,Automatic,2.9,147523,111966,1616,Low
12/31/2019,5 Series,2019,North America,Black,Diesel,Manual,3.9,153415,79947,7971,High
12/31/2012,3 Series,2012,Europe,Black,Hybrid,Manual,3.4,55898,64446,8640,High
12/31/2023,M5,2023,Africa,Red,Hybrid,Manual,2.1,137918,129521,1391,Low
12/31/2020,X1,2020,Middle East,Silver,Electric,Automatic,4,175901,84881,5758,High
12/31/2015,i3,2015,Africa,Grey,Diesel,Manual,3,51167,59168,2261,Low
12/31/2013,5 Series,2013,Asia,White,Electric,Automatic,2.5,78121,79315,5935,High
12/31/2023,X3,2023,Africa,Red,Petrol,Manual,4.7,85680,103339,4518,Low
12/31/2014,5 Series,2014,Europe,Red,Petrol,Automatic,1.5,184919,41038,5944,High
12/31/2019,i8,2019,Europe,Black,Diesel,Automatic,2.9,33527,151517,50,Low
12/31/2021,X3,2021,Asia,Silver,Hybrid,Manual,2.6,51547,103313,10836,High
12/31/2024,X3,2024,Middle East,Red,Hybrid,Automatic,1.7,139614,97620,6739,High
12/31/2015,X1,2015,North America,Red,Diesel,Manual,1.8,87570,41633,7627,High
12/31/2011,7 Series,2011,Asia,White,Diesel,Automatic,2.1,37020,89524,733,Low
12/31/2022,X6,2022,South America,Grey,Diesel,Manual,3.3,25551,118465,2968,Low
12/31/2024,3 Series,2024,North America,Blue,Hybrid,Manual,2.5,187168,84273,9939,High
12/31/2012,X1,2012,North America,Blue,Hybrid,Manual,4.4,31714,69819,7012,High
12/31/2024,X3,2024,Middle East,Red,Electric,Manual,2.3,16598,121295,6959,High
12/31/2017,X6,2017,Europe,Red,Petrol,Automatic,4,149713,90575,3923,Low
12/31/2017,3 Series,2017,Asia,Black,Petrol,Automatic,2.2,156836,49564,10202,High
12/31/2010,X5,2010,Asia,Red,Electric,Manual,1.6,102540,59471,5763,High
12/31/2019,X1,2019,South America,Black,Hybrid,Manual,2.4,144784,60489,4852,Low
12/31/2017,i8,2017,Asia,Black,Hybrid,Manual,4.4,122402,153556,50,Low
12/31/2020,X6,2020,North America,White,Hybrid,Manual,1.8,18890,119185,4173,Low
12/31/2011,3 Series,2011,Africa,Blue,Hybrid,Automatic,2.7,99090,48965,4309,Low
12/31/2019,X6,2019,North America,Grey,Electric,Automatic,1.5,74725,112821,4122,Low
12/31/2019,5 Series,2019,Europe,Silver,Petrol,Manual,3.7,183089,74587,6258,High
12/31/2022,X6,2022,South America,Black,Electric,Manual,4.8,177633,119339,3181,Low
12/31/2017,X6,2017,Africa,Black,Electric,Manual,2.8,146325,93966,1835,Low
12/31/2021,3 Series,2021,Middle East,Silver,Hybrid,Automatic,3.5,94291,95606,7941,High
12/31/2019,i3,2019,North America,Black,Petrol,Manual,3.1,196638,56126,6235,High
12/31/2014,5 Series,2014,Europe,Red,Hybrid,Automatic,4.9,161297,77143,5364,High
12/31/2010,X5,2010,Europe,Grey,Petrol,Manual,4.1,153819,50474,5651,High
12/31/2017,7 Series,2017,Europe,White,Electric,Automatic,1.7,194451,98038,1233,Low
12/31/2021,5 Series,2021,South America,Black,Hybrid,Manual,1.9,161725,81305,4709,Low
12/31/2014,i8,2014,Europe,Silver,Hybrid,Manual,3.1,67361,136471,50,Low
12/31/2024,i8,2024,Asia,Black,Diesel,Manual,3.7,72213,169002,487,Low
12/31/2010,5 Series,2010,Europe,Red,Electric,Manual,2.5,191353,41162,1604,Low
12/31/2024,3 Series,2024,Europe,Black,Diesel,Automatic,3.9,138673,95120,9746,High
12/31/2013,i8,2013,Middle East,Red,Electric,Automatic,3.5,74743,152667,50,Low
12/31/2022,X1,2022,Middle East,Silver,Petrol,Automatic,3,62428,88818,6141,High
12/31/2010,i8,2010,North America,Black,Petrol,Manual,3.5,134274,104206,50,Low
12/31/2022,i3,2022,South America,Blue,Electric,Automatic,4.7,130476,105492,3281,Low
12/31/2018,M3,2018,Europe,Silver,Electric,Manual,2.4,175745,86013,3846,Low
12/31/2019,X3,2019,North America,Grey,Diesel,Manual,4.3,188616,66406,9059,High
12/31/2011,7 Series,2011,North America,Grey,Hybrid,Manual,1.5,123848,76881,760,Low
12/31/2017,i8,2017,Europe,Red,Petrol,Automatic,1.8,32409,143159,50,Low
12/31/2013,M5,2013,North America,Black,Petrol,Manual,4.8,176127,101569,1221,Low
12/31/2018,X3,2018,North America,Blue,Diesel,Automatic,3.9,84736,84135,9392,High
12/31/2011,X3,2011,South America,Black,Hybrid,Automatic,3.7,175228,47091,4820,Low
12/31/2021,i3,2021,Europe,Black,Petrol,Automatic,2.7,196072,64391,6170,High
12/31/2012,M3,2012,Asia,Silver,Electric,Automatic,2.1,82996,76583,2171,Low
12/31/2011,X6,2011,Europe,Silver,Electric,Automatic,2.8,113231,79197,3445,Low
12/31/2019,X1,2019,South America,Grey,Electric,Manual,3.6,129169,74756,5369,High
12/31/2023,X6,2023,Africa,Blue,Diesel,Manual,3.7,137983,103619,2945,Low
12/31/2014,X6,2014,South America,Red,Electric,Manual,2.1,31774,92160,2055,Low
12/31/2020,X6,2020,Asia,Blue,Petrol,Automatic,3.1,190509,86386,5106,High
12/31/2010,X1,2010,Asia,Blue,Diesel,Automatic,3.5,187648,25000,8490,High
12/31/2021,X1,2021,North America,Silver,Diesel,Automatic,4.9,168064,77989,7525,High
12/31/2012,i3,2012,Middle East,Blue,Diesel,Manual,3.4,78647,47327,9341,High
12/31/2010,i3,2010,Europe,Black,Hybrid,Manual,3.5,172589,33774,4924,Low
12/31/2019,M5,2019,Asia,Black,Petrol,Automatic,4.2,196951,110682,1860,Low
12/31/2024,X1,2024,Europe,Black,Electric,Manual,3,61878,113633,8695,High
12/31/2023,i8,2023,South America,Blue,Diesel,Manual,2.8,77389,158095,76,Low
12/31/2017,M5,2017,Middle East,Silver,Hybrid,Automatic,3.6,6678,147226,342,Low
12/31/2024,X6,2024,Asia,White,Petrol,Manual,4.2,68143,135522,5028,High
12/31/2021,M3,2021,Asia,Silver,Electric,Automatic,3.7,105661,127795,3576,Low
12/31/2013,7 Series,2013,South America,Grey,Hybrid,Manual,2.2,41095,103878,50,Low
12/31/2012,7 Series,2012,Europe,Silver,Diesel,Manual,2.9,87361,81273,883,Low
12/31/2017,M5,2017,Europe,Black,Diesel,Automatic,3.3,85508,114795,1625,Low
12/31/2022,M5,2022,Africa,Black,Petrol,Automatic,3.3,182519,117092,1010,Low
12/31/2018,i3,2018,Middle East,Black,Petrol,Manual,2.7,175968,53610,3561,Low
12/31/2017,M3,2017,Africa,Grey,Diesel,Manual,3.3,42115,87129,1247,Low
12/31/2015,M3,2015,South America,White,Electric,Automatic,3.9,173222,81101,1375,Low
12/31/2023,7 Series,2023,Europe,Black,Diesel,Automatic,3.1,175367,117551,4609,Low
12/31/2024,i3,2024,Asia,Red,Petrol,Manual,3.1,19548,107918,5977,High
12/31/2012,M5,2012,Middle East,Grey,Hybrid,Automatic,4.3,6492,134058,50,Low
12/31/2017,i8,2017,Middle East,Blue,Petrol,Manual,4.1,80127,153713,50,Low
12/31/2022,X1,2022,Middle East,Black,Diesel,Automatic,3,188452,66569,6022,High
12/31/2014,3 Series,2014,Middle East,Blue,Hybrid,Automatic,5,177061,65939,5389,High
12/31/2014,7 Series,2014,Middle East,Red,Diesel,Automatic,1.7,79325,87554,509,Low
12/31/2021,X6,2021,North America,White,Hybrid,Automatic,2.6,110199,116111,5126,High
12/31/2018,X3,2018,North America,Silver,Diesel,Automatic,1.6,135534,58377,9181,High
12/31/2010,7 Series,2010,North America,White,Diesel,Manual,4.4,125627,80381,622,Low
12/31/2016,i8,2016,North America,Grey,Electric,Automatic,4.1,8075,167250,50,Low
12/31/2017,X5,2017,Africa,Red,Hybrid,Manual,3.9,152167,88616,2602,Low
12/31/2020,i3,2020,Asia,Black,Petrol,Automatic,2.3,99527,75650,5465,High
12/31/2019,X5,2019,Asia,Red,Hybrid,Automatic,4,125807,110464,6792,High
12/31/2012,X1,2012,South America,White,Petrol,Automatic,2.7,145978,26566,4506,Low
12/31/2017,M5,2017,Europe,Red,Petrol,Automatic,4.5,72046,136175,955,Low
12/31/2010,i3,2010,South America,Grey,Electric,Automatic,2.2,175378,31549,2628,Low
12/31/2017,3 Series,2017,Middle East,Black,Diesel,Automatic,2.3,81218,64303,6207,High
12/31/2016,M3,2016,Middle East,White,Electric,Automatic,4.9,57767,124493,1114,Low
12/31/2013,5 Series,2013,North America,Red,Hybrid,Manual,3.3,35094,80765,6332,High
12/31/2020,X6,2020,North America,Grey,Hybrid,Automatic,3.1,87183,118625,5158,High
12/31/2016,X6,2016,Asia,Black,Diesel,Manual,2.7,17137,96166,3798,Low
12/31/2019,3 Series,2019,Europe,Black,Petrol,Manual,4.4,62425,91548,10516,High
12/31/2023,7 Series,2023,North America,Red,Diesel,Automatic,2.7,194955,115542,2044,Low
12/31/2020,X3,2020,North America,Grey,Diesel,Automatic,2.7,68055,87398,8072,High
12/31/2016,M3,2016,Middle East,Red,Diesel,Manual,1.9,165104,58903,1943,Low
12/31/2022,M3,2022,Asia,White,Petrol,Automatic,3.3,116941,106008,3060,Low
12/31/2019,X1,2019,Africa,Grey,Petrol,Manual,4.7,23313,93893,3895,Low
12/31/2022,X3,2022,Middle East,Blue,Hybrid,Automatic,4.9,176875,105119,6763,High
12/31/2021,i8,2021,Asia,Red,Petrol,Automatic,5,79163,166285,73,Low
12/31/2010,i3,2010,Middle East,Silver,Hybrid,Manual,3.2,86453,52762,2312,Low
12/31/2012,M3,2012,Europe,Red,Petrol,Automatic,4.2,130174,70792,2418,Low
12/31/2016,3 Series,2016,South America,Grey,Diesel,Automatic,3.4,70850,63585,5636,High
12/31/2020,i8,2020,Middle East,White,Petrol,Automatic,3.4,134522,150988,50,Low
12/31/2022,M5,2022,Middle East,White,Electric,Manual,4.3,109223,165877,1211,Low
12/31/2014,i3,2014,Middle East,Blue,Electric,Manual,4.4,87945,81821,3143,Low
12/31/2018,7 Series,2018,Middle East,Black,Diesel,Automatic,1.6,64822,105208,890,Low
12/31/2016,M5,2016,Asia,Red,Petrol,Automatic,4.8,92511,120742,1277,Low
12/31/2012,i8,2012,Asia,Grey,Diesel,Manual,4.4,83016,124526,50,Low
12/31/2024,i8,2024,Asia,Black,Electric,Automatic,4,187838,179610,730,Low
12/31/2010,X5,2010,Europe,Black,Petrol,Automatic,4.5,165740,55655,5245,High
12/31/2014,M5,2014,North America,Black,Petrol,Manual,3.4,121916,105523,1260,Low
12/31/2023,X5,2023,Africa,Black,Petrol,Automatic,4.2,107322,112591,3167,Low
12/31/2024,X3,2024,Asia,Red,Hybrid,Manual,3.6,148205,48433,9364,High
12/31/2022,X5,2022,Europe,Silver,Diesel,Manual,3.4,196949,85126,5472,High
12/31/2019,i8,2019,North America,Silver,Hybrid,Manual,2.2,3649,157386,379,Low
12/31/2022,M5,2022,Europe,Black,Diesel,Manual,4.5,116542,132436,1997,Low
12/31/2014,3 Series,2014,South America,White,Diesel,Automatic,4.6,35372,76231,4745,Low
12/31/2016,X6,2016,Africa,Silver,Diesel,Manual,4.9,102009,93973,1909,Low
12/31/2023,5 Series,2023,Middle East,Grey,Hybrid,Manual,1.9,40736,113584,5407,High
12/31/2010,X3,2010,Europe,Grey,Hybrid,Automatic,2.5,97503,48748,6589,High
12/31/2019,7 Series,2019,Europe,White,Hybrid,Automatic,3.9,74231,140119,1407,Low
12/31/2011,X1,2011,South America,Blue,Diesel,Manual,4.5,187549,25000,5024,High
12/31/2020,i3,2020,Europe,Grey,Hybrid,Manual,4.1,121304,86907,6150,High
12/31/2015,i3,2015,Middle East,White,Petrol,Manual,3.1,106967,54752,3533,Low
12/31/2017,X3,2017,South America,Blue,Hybrid,Automatic,4,151479,77647,5857,High
12/31/2013,i8,2013,Asia,Grey,Diesel,Automatic,1.8,114308,101812,50,Low
12/31/2012,M5,2012,Asia,Silver,Petrol,Manual,3.8,12444,116910,760,Low
12/31/2012,5 Series,2012,Asia,Silver,Hybrid,Automatic,1.5,88870,60009,6253,High
12/31/2012,3 Series,2012,Middle East,White,Diesel,Manual,1.7,191615,25000,6273,High
12/31/2011,M5,2011,Africa,Black,Petrol,Manual,4.2,188139,76173,130,Low
12/31/2010,5 Series,2010,Africa,Silver,Petrol,Automatic,3.2,128767,43831,2656,Low
12/31/2024,X3,2024,Europe,Silver,Hybrid,Manual,1.7,91759,101351,9915,High
12/31/2014,3 Series,2014,Africa,Silver,Hybrid,Automatic,3.2,144271,56172,4252,Low
12/31/2019,X3,2019,South America,Grey,Electric,Manual,1.7,102527,83326,5352,High
12/31/2014,5 Series,2014,Asia,Blue,Hybrid,Automatic,2.7,2773,96986,6172,High
12/31/2014,i3,2014,Asia,Red,Diesel,Manual,2.1,134696,38658,4953,Low
12/31/2013,7 Series,2013,South America,Black,Diesel,Automatic,2.3,93448,82925,220,Low
12/31/2024,5 Series,2024,Asia,White,Petrol,Automatic,2.2,10785,122716,6425,High
12/31/2012,i3,2012,North America,Red,Petrol,Manual,2.8,187729,26527,5107,High
12/31/2021,i3,2021,Middle East,White,Electric,Automatic,1.9,190001,75823,4360,Low
12/31/2012,X1,2012,Asia,Black,Petrol,Automatic,3.3,145744,34735,6730,High
12/31/2011,X5,2011,Middle East,Silver,Electric,Automatic,2.9,59814,86278,3264,Low
12/31/2014,X6,2014,Africa,Grey,Diesel,Automatic,4.4,137300,79358,1457,Low
12/31/2013,X1,2013,Middle East,Black,Petrol,Manual,4.4,154127,44970,4314,Low
12/31/2015,M5,2015,Europe,Black,Electric,Manual,4.4,80289,129526,987,Low
12/31/2011,5 Series,2011,North America,Red,Petrol,Automatic,3.1,74030,62113,6621,High
12/31/2011,X6,2011,Africa,White,Hybrid,Manual,2.5,2899,84233,1142,Low
12/31/2017,X1,2017,Asia,White,Electric,Manual,3,64242,76297,7808,High
12/31/2015,7 Series,2015,Middle East,Red,Petrol,Manual,3.9,69186,115080,241,Low
12/31/2012,5 Series,2012,North America,Red,Diesel,Manual,3.4,104265,55883,6598,High
12/31/2014,X6,2014,Asia,Grey,Petrol,Manual,3.7,145823,76182,4635,Low
12/31/2012,X6,2012,North America,Red,Petrol,Automatic,3.9,128171,70460,3146,Low
12/31/2020,X6,2020,Asia,Blue,Hybrid,Automatic,4.7,64190,134702,4037,Low
12/31/2011,X3,2011,Africa,Red,Petrol,Automatic,4.8,26056,67807,3725,Low
12/31/2012,5 Series,2012,South America,White,Electric,Automatic,4.4,130038,74778,3707,Low
12/31/2010,X3,2010,North America,White,Diesel,Manual,1.7,63107,34460,8015,High
12/31/2023,M3,2023,Middle East,White,Hybrid,Automatic,4.9,60737,150027,2079,Low
12/31/2016,7 Series,2016,North America,Grey,Electric,Manual,4,54656,131573,633,Low
12/31/2015,i3,2015,North America,Silver,Hybrid,Automatic,3.9,16769,88956,4668,Low
12/31/2014,X3,2014,Middle East,Silver,Petrol,Manual,1.6,144437,40253,5658,High
12/31/2015,M3,2015,Europe,White,Petrol,Manual,3.2,153731,67794,2410,Low
12/31/2017,7 Series,2017,Africa,Blue,Petrol,Manual,3.7,11101,126585,50,Low
12/31/2012,3 Series,2012,Middle East,Blue,Electric,Manual,2.5,48963,68661,5013,High
12/31/2012,X3,2012,Africa,Grey,Hybrid,Manual,1.8,63251,53517,4388,Low
12/31/2021,3 Series,2021,Asia,White,Electric,Automatic,3.4,81508,101851,15000,High
12/31/2014,X3,2014,Middle East,Red,Diesel,Manual,3.1,13256,74729,5421,High
12/31/2014,i8,2014,South America,Blue,Petrol,Manual,1.7,65982,112354,50,Low
12/31/2023,M3,2023,South America,Grey,Diesel,Automatic,3.3,112214,106221,2000,Low
12/31/2020,i3,2020,Middle East,Blue,Electric,Automatic,1.9,106463,90814,4297,Low
12/31/2010,5 Series,2010,Africa,Silver,Petrol,Automatic,3,73492,49153,2551,Low
12/31/2013,5 Series,2013,North America,Blue,Petrol,Manual,2.4,83680,57894,7186,High
12/31/2018,X1,2018,Asia,Red,Hybrid,Automatic,4.9,71608,92839,7480,High
12/31/2017,X5,2017,Middle East,Blue,Petrol,Manual,1.6,133722,72168,3600,Low
12/31/2012,X5,2012,North America,Silver,Diesel,Automatic,3.5,193926,51268,5165,High
12/31/2014,M5,2014,Asia,Black,Petrol,Manual,2,175083,81743,1482,Low
12/31/2014,X3,2014,North America,Blue,Hybrid,Automatic,2.6,50450,76068,8802,High
12/31/2016,X1,2016,Europe,Blue,Hybrid,Automatic,2.1,117447,55234,840,Low
12/31/2017,X3,2017,Africa,Silver,Diesel,Automatic,5,198582,64979,4546,Low
12/31/2018,M3,2018,Asia,Black,Diesel,Automatic,1.6,190047,61612,3855,Low
12/31/2016,X6,2016,Africa,Silver,Hybrid,Automatic,3.4,87980,96229,1919,Low
12/31/2024,7 Series,2024,Asia,Grey,Petrol,Automatic,3.6,12132,155879,1768,Low
12/31/2011,X3,2011,Europe,Black,Electric,Automatic,4.2,192505,50210,6621,High
12/31/2017,5 Series,2017,South America,Grey,Diesel,Automatic,3.7,154792,67367,4009,Low
12/31/2017,i8,2017,South America,Grey,Electric,Manual,2.3,139679,127901,50,Low
12/31/2020,M5,2020,Middle East,Grey,Electric,Manual,3.6,137603,146916,1208,Low
12/31/2022,3 Series,2022,Asia,Grey,Hybrid,Automatic,4.9,62182,119283,10795,High
12/31/2023,7 Series,2023,North America,White,Diesel,Automatic,4.5,104130,140736,1764,Low
12/31/2011,X1,2011,Europe,Silver,Diesel,Manual,3.1,60545,36872,6377,High
12/31/2022,X5,2022,Asia,Black,Hybrid,Automatic,3.2,156308,112199,6454,High
12/31/2015,M3,2015,Asia,Blue,Electric,Automatic,2,174685,74933,3218,Low
12/31/2022,X3,2022,Europe,Silver,Petrol,Manual,3.5,42381,102809,8036,High
12/31/2019,X1,2019,Middle East,Grey,Hybrid,Automatic,2.5,129004,72186,6431,High
12/31/2010,3 Series,2010,Europe,Blue,Petrol,Manual,1.9,139256,25000,9462,High
12/31/2020,3 Series,2020,Middle East,Silver,Diesel,Manual,3.2,24044,88937,6542,High
12/31/2016,X1,2016,Middle East,White,Diesel,Manual,1.7,117104,41389,5195,High
12/31/2019,M5,2019,North America,Silver,Petrol,Automatic,1.9,136043,114829,1895,Low
12/31/2011,i3,2011,Asia,Grey,Petrol,Manual,2.3,88187,35744,5278,High
12/31/2024,X3,2024,South America,Blue,Hybrid,Automatic,5,45617,128184,6541,High
12/31/2014,5 Series,2014,South America,Silver,Diesel,Manual,4.3,143747,59205,3622,Low
12/31/2023,M5,2023,Asia,White,Petrol,Manual,3.4,130765,136762,2172,Low
12/31/2016,i8,2016,Asia,Silver,Diesel,Manual,2.3,176568,103832,303,Low
12/31/2019,5 Series,2019,Asia,Silver,Electric,Automatic,3.3,97295,107995,6595,High
12/31/2020,M3,2020,Middle East,White,Electric,Manual,3.8,146570,116938,2406,Low
12/31/2024,M5,2024,North America,Red,Diesel,Automatic,1.5,122462,123976,2330,Low
12/31/2024,M5,2024,North America,Grey,Petrol,Automatic,5,108471,154721,2173,Low
12/31/2018,3 Series,2018,North America,White,Hybrid,Manual,3.7,31203,97535,9408,High
12/31/2023,X5,2023,Africa,Black,Electric,Manual,5,192430,119542,3503,Low
12/31/2010,X5,2010,South America,Red,Electric,Automatic,3.1,135461,64338,2540,Low
12/31/2018,3 Series,2018,Europe,Black,Petrol,Automatic,3.7,166949,64754,10486,High
12/31/2020,i8,2020,Middle East,Silver,Hybrid,Automatic,3.1,48731,181732,50,Low
12/31/2014,X5,2014,Africa,Silver,Hybrid,Manual,1.5,104544,66098,2578,Low
12/31/2015,X5,2015,Middle East,Grey,Hybrid,Automatic,4.5,191198,84890,4179,Low
12/31/2023,3 Series,2023,Asia,Grey,Diesel,Automatic,3.1,137950,85165,10790,High
12/31/2017,X1,2017,North America,Silver,Electric,Automatic,3.1,133999,73599,8345,High
12/31/2024,i8,2024,Asia,Red,Electric,Automatic,2.8,104501,187308,817,Low
12/31/2020,X5,2020,Africa,White,Petrol,Automatic,3,197606,72374,3846,Low
12/31/2023,i3,2023,Asia,Black,Hybrid,Automatic,4,95333,113588,6770,High
12/31/2011,7 Series,2011,Europe,Red,Electric,Manual,4,66004,111388,224,Low
12/31/2021,X5,2021,South America,Blue,Diesel,Manual,4.3,114154,103798,449,Low
12/31/2016,X1,2016,Middle East,Grey,Petrol,Manual,4.9,74136,74636,5739,High
12/31/2021,3 Series,2021,Africa,Blue,Hybrid,Automatic,2.9,183785,76794,6978,High
12/31/2013,X6,2013,North America,Black,Petrol,Manual,2.7,150024,64362,3759,Low
12/31/2018,X6,2018,Europe,Black,Diesel,Manual,3.2,4500,107895,3793,Low
12/31/2015,M5,2015,Europe,Red,Petrol,Manual,2,99126,92412,1548,Low
12/31/2016,M5,2016,Middle East,Red,Hybrid,Automatic,4.2,7233,147818,161,Low
12/31/2020,3 Series,2020,Africa,White,Hybrid,Automatic,3.5,101732,92555,4915,Low
12/31/2015,7 Series,2015,North America,Red,Petrol,Manual,2.2,102469,96773,1218,Low
12/31/2020,3 Series,2020,Asia,Silver,Diesel,Manual,4.5,174355,73564,10476,High
12/31/2017,i8,2017,South America,White,Diesel,Manual,3.7,186572,116104,50,Low
12/31/2015,M3,2015,Africa,White,Diesel,Manual,1.6,142925,54878,1618,Low
12/31/2016,X1,2016,North America,Blue,Petrol,Manual,2.2,166274,37685,8074,High
12/31/2017,X3,2017,Europe,Black,Electric,Manual,4.6,125803,90753,8987,High
12/31/2024,M5,2024,Europe,Silver,Diesel,Automatic,2.8,81256,137691,2401,Low
12/31/2010,3 Series,2010,Europe,Black,Electric,Automatic,4.9,46837,72808,9004,High
12/31/2024,i8,2024,South America,White,Hybrid,Manual,3.4,70808,176518,441,Low
12/31/2019,M3,2019,Middle East,Blue,Electric,Manual,2.2,20585,117058,2135,Low
12/31/2021,7 Series,2021,Europe,Silver,Diesel,Manual,3.6,19148,136416,1130,Low
12/31/2013,X3,2013,Europe,Red,Electric,Manual,1.9,104603,58752,8783,High
12/31/2015,3 Series,2015,Africa,Red,Electric,Manual,4.3,132794,68452,4654,Low
12/31/2010,7 Series,2010,Europe,Blue,Diesel,Automatic,3.7,41283,93582,739,Low
12/31/2013,X1,2013,South America,Blue,Hybrid,Automatic,4.9,113125,66096,4191,Low
12/31/2015,i3,2015,South America,Red,Petrol,Manual,3.9,77401,64739,2973,Low
12/31/2016,i3,2016,South America,Blue,Electric,Automatic,1.7,134444,58379,2679,Low
12/31/2022,X6,2022,Africa,Red,Electric,Automatic,3.2,153810,112648,2711,Low
12/31/2015,i8,2015,North America,Red,Hybrid,Manual,3.4,130752,128297,50,Low
12/31/2020,M3,2020,North America,Silver,Hybrid,Manual,4.7,151657,106261,3467,Low
12/31/2013,X3,2013,Europe,Blue,Hybrid,Automatic,3,111900,62438,6702,High
12/31/2021,5 Series,2021,Africa,Blue,Electric,Automatic,3.6,70299,66579,5399,High
12/31/2022,3 Series,2022,Middle East,White,Hybrid,Automatic,2.2,120242,89351,6589,High
12/31/2016,i3,2016,Asia,Black,Diesel,Manual,2.4,145900,44401,4939,Low
12/31/2019,M5,2019,North America,Silver,Petrol,Manual,3.4,16352,143057,1191,Low
12/31/2023,X1,2023,Asia,Silver,Diesel,Automatic,3.9,38852,97611,9332,High
12/31/2011,X5,2011,Middle East,Blue,Petrol,Manual,3,65549,65630,3145,Low
12/31/2015,7 Series,2015,Asia,Black,Hybrid,Automatic,3,87624,116329,785,Low
12/31/2014,X6,2014,South America,Grey,Diesel,Manual,2.4,72643,71134,2255,Low
12/31/2011,X6,2011,Asia,White,Electric,Manual,3.9,68801,95150,3144,Low
12/31/2018,M5,2018,Europe,Black,Petrol,Automatic,1.5,134900,104377,1986,Low
12/31/2022,M5,2022,South America,Red,Diesel,Manual,3.3,139597,120832,1445,Low
12/31/2016,7 Series,2016,South America,Silver,Electric,Automatic,1.5,104706,102000,418,Low
12/31/2023,5 Series,2023,North America,Red,Hybrid,Manual,3.6,151555,102398,7152,High
12/31/2012,7 Series,2012,South America,White,Diesel,Manual,1.6,62150,76889,210,Low
12/31/2024,X6,2024,South America,Grey,Electric,Manual,4.8,107278,141544,3091,Low
12/31/2016,i8,2016,Europe,White,Electric,Automatic,3.2,49331,149396,50,Low
12/31/2020,i8,2020,North America,Red,Hybrid,Manual,3.9,41923,174208,245,Low
12/31/2020,M3,2020,South America,Red,Electric,Manual,4.5,60015,123515,2031,Low
12/31/2015,5 Series,2015,Asia,Blue,Hybrid,Manual,2.3,22458,84515,7062,High
12/31/2016,5 Series,2016,Asia,White,Hybrid,Manual,3.4,1808,103054,7183,High
12/31/2013,5 Series,2013,South America,Red,Electric,Automatic,4.5,169733,76038,4075,Low
12/31/2022,5 Series,2022,Asia,Grey,Petrol,Automatic,3.4,182450,91267,8804,High
12/31/2022,i8,2022,Africa,Silver,Hybrid,Manual,2.9,69547,165401,217,Low
12/31/2019,5 Series,2019,Africa,White,Electric,Automatic,2.8,162827,84563,4736,Low
12/31/2022,X6,2022,Africa,Blue,Hybrid,Automatic,2.8,145407,114162,2854,Low
12/31/2017,M3,2017,North America,Blue,Electric,Automatic,3.7,146995,94965,2366,Low
12/31/2017,3 Series,2017,South America,Red,Electric,Automatic,1.7,128064,64361,6654,High
12/31/2016,3 Series,2016,South America,Red,Diesel,Manual,3,56562,61269,5998,High
12/31/2022,X3,2022,Middle East,Red,Electric,Automatic,3.5,81796,110934,5738,High
12/31/2016,M3,2016,Africa,Red,Electric,Automatic,4.3,188221,89087,1081,Low
12/31/2019,i3,2019,Middle East,Red,Electric,Automatic,3.4,62771,97048,4344,Low
12/31/2022,M3,2022,South America,White,Diesel,Manual,4.7,22847,131111,1660,Low
12/31/2022,3 Series,2022,Asia,Red,Hybrid,Manual,3.1,138529,87498,10992,High
12/31/2017,X1,2017,Middle East,Red,Diesel,Automatic,3.8,193333,50053,5257,High
12/31/2010,X3,2010,North America,Blue,Petrol,Manual,1.6,102883,31112,7461,High
12/31/2015,i8,2015,Middle East,White,Petrol,Manual,2.3,40580,135084,50,Low
12/31/2011,M5,2011,Europe,Grey,Petrol,Manual,4.4,114009,93856,810,Low
12/31/2010,X3,2010,Europe,Grey,Electric,Automatic,3.6,73416,64550,6991,High
12/31/2021,X6,2021,Middle East,Blue,Hybrid,Automatic,4.8,21780,143184,3427,Low
12/31/2019,X3,2019,South America,Silver,Electric,Automatic,4.1,61290,105764,1128,Low
12/31/2016,X1,2016,Middle East,Blue,Electric,Automatic,3.1,73558,80506,4650,Low
12/31/2015,7 Series,2015,Africa,Grey,Hybrid,Automatic,4.2,160342,99857,141,Low
12/31/2014,3 Series,2014,Africa,Silver,Petrol,Manual,3.1,191735,32783,4595,Low
12/31/2024,i3,2024,Asia,Grey,Diesel,Automatic,2.7,84550,41711,6612,High
12/31/2014,M5,2014,South America,Silver,Hybrid,Manual,1.7,36321,110076,258,Low
12/31/2018,i8,2018,North America,Silver,Electric,Manual,4.5,727,182037,50,Low
12/31/2018,M3,2018,Europe,Grey,Electric,Manual,3,34486,120380,3206,Low
12/31/2021,X6,2021,Middle East,Silver,Diesel,Manual,3.9,88474,117942,2943,Low
12/31/2021,7 Series,2021,Asia,Grey,Diesel,Automatic,2,84662,118842,1840,Low
12/31/2015,M5,2015,Asia,Silver,Electric,Automatic,4.4,17940,143329,970,Low
12/31/2022,3 Series,2022,Europe,Silver,Petrol,Automatic,4.4,75169,102774,10773,High
12/31/2024,X5,2024,North America,White,Diesel,Manual,3.2,17099,128528,6263,High
12/31/2012,M3,2012,Middle East,Black,Diesel,Manual,3.9,119184,66505,1352,Low
12/31/2016,X6,2016,North America,Red,Petrol,Manual,3.3,167296,76026,4048,Low
12/31/2013,M5,2013,South America,Blue,Electric,Automatic,3.4,107656,109870,80,Low
12/31/2014,i3,2014,North America,White,Electric,Automatic,4.6,177237,67385,4866,Low
12/31/2016,7 Series,2016,Middle East,Red,Electric,Manual,4.9,16037,145292,50,Low
12/31/2024,X5,2024,Middle East,Grey,Electric,Automatic,2.8,193051,107951,4521,Low
12/31/2021,X5,2021,South America,Grey,Hybrid,Automatic,2.7,145481,99286,4917,Low
12/31/2016,i8,2016,South America,Red,Diesel,Manual,2.6,172636,110262,50,Low
12/31/2024,i3,2024,Africa,Blue,Diesel,Manual,4.2,172397,84942,3706,Low
12/31/2019,X1,2019,Middle East,White,Hybrid,Manual,4,121975,77376,5468,High
12/31/2017,M5,2017,Europe,Grey,Electric,Automatic,1.7,154029,109662,1469,Low
12/31/2010,3 Series,2010,Asia,Blue,Diesel,Automatic,1.8,42636,38489,9435,High
12/31/2014,M3,2014,Middle East,Grey,Hybrid,Automatic,3.8,24129,106013,1072,Low
12/31/2024,X5,2024,Africa,Silver,Electric,Manual,2.5,23955,131465,4027,Low
12/31/2021,X6,2021,Africa,Blue,Diesel,Manual,1.8,153153,79718,2882,Low
12/31/2018,3 Series,2018,Middle East,Black,Diesel,Manual,2.9,1433,86025,6146,High
12/31/2024,X5,2024,Europe,Black,Hybrid,Automatic,4.6,104771,61998,7708,High
12/31/2016,X6,2016,Asia,Grey,Electric,Manual,2.8,1400,118814,3582,Low
12/31/2020,5 Series,2020,Africa,Silver,Hybrid,Manual,3.9,196070,85842,3867,Low
12/31/2021,X3,2021,Asia,Silver,Petrol,Manual,4.7,29406,114995,7762,High
12/31/2022,i3,2022,North America,White,Hybrid,Automatic,2.1,8963,107984,5679,High
12/31/2011,M5,2011,South America,White,Diesel,Automatic,3.6,167340,74914,324,Low
12/31/2010,X5,2010,North America,White,Diesel,Manual,4.7,21560,77131,4355,Low
12/31/2017,M5,2017,Asia,White,Hybrid,Automatic,2.2,149256,111048,1484,Low
12/31/2018,7 Series,2018,South America,Silver,Hybrid,Automatic,5,5196,144380,613,Low
12/31/2019,i3,2019,North America,Grey,Electric,Manual,2.8,122429,79243,865,Low
12/31/2014,X1,2014,Middle East,White,Diesel,Automatic,2.3,74665,45439,4689,Low
12/31/2023,3 Series,2023,Middle East,Black,Diesel,Manual,4.4,77044,106296,6908,High
12/31/2020,X5,2020,Asia,Red,Electric,Manual,3.1,85903,114471,5851,High
12/31/2015,M5,2015,Africa,Blue,Electric,Automatic,3.8,145105,116374,123,Low
12/31/2024,X5,2024,Middle East,Black,Petrol,Automatic,3.2,118044,110462,4352,Low
12/31/2011,3 Series,2011,North America,White,Petrol,Manual,3.8,172540,33210,8248,High
12/31/2020,X5,2020,North America,Silver,Hybrid,Manual,1.6,73050,97107,7207,High
12/31/2014,X1,2014,North America,White,Diesel,Automatic,2.7,178509,30081,8117,High
12/31/2021,3 Series,2021,Africa,White,Electric,Automatic,3.8,157537,87124,5093,High
12/31/2013,M3,2013,South America,Blue,Hybrid,Manual,2.7,182538,56908,1300,Low
12/31/2017,5 Series,2017,Europe,Grey,Electric,Manual,4.2,94358,104878,6681,High
12/31/2017,7 Series,2017,Asia,Grey,Hybrid,Manual,4.9,35992,144183,824,Low
12/31/2023,M3,2023,Europe,Grey,Electric,Manual,1.6,173265,102799,3804,Low
12/31/2014,M5,2014,Middle East,White,Hybrid,Manual,4.5,174439,107735,465,Low
12/31/2020,X1,2020,South America,Grey,Hybrid,Manual,2.1,131744,66451,6463,High
12/31/2017,i8,2017,Europe,Grey,Hybrid,Manual,4.7,105210,155207,50,Low
12/31/2015,X5,2015,Middle East,Red,Petrol,Manual,4.8,113884,83943,4173,Low
12/31/2019,3 Series,2019,North America,Silver,Hybrid,Manual,3.5,29957,103591,10522,High
12/31/2015,3 Series,2015,Middle East,Silver,Diesel,Automatic,3.2,81488,63260,5507,High
12/31/2022,X3,2022,Europe,Red,Petrol,Manual,4.2,92377,101690,8882,High
12/31/2024,X6,2024,Europe,Grey,Hybrid,Automatic,4.7,170475,125635,5664,High
12/31/2022,i8,2022,South America,Silver,Hybrid,Manual,2.3,90344,149248,623,Low
12/31/2013,7 Series,2013,South America,Red,Electric,Automatic,2.8,114459,99194,50,Low
12/31/2019,X1,2019,South America,White,Hybrid,Automatic,3,73601,82732,1049,Low
12/31/2021,7 Series,2021,North America,White,Electric,Manual,4.5,115401,200000,904,Low
12/31/2020,7 Series,2020,Europe,Blue,Diesel,Automatic,2,22622,121090,1420,Low
12/31/2012,i3,2012,Middle East,Red,Diesel,Automatic,3.7,69842,54664,3323,Low
12/31/2018,X6,2018,Europe,Silver,Petrol,Manual,2.7,187784,78118,4175,Low
12/31/2014,M3,2014,Africa,Silver,Diesel,Manual,4.6,109881,73775,1102,Low
12/31/2019,X6,2019,North America,Grey,Petrol,Manual,2.7,41456,105850,3835,Low
12/31/2019,i3,2019,Africa,Red,Hybrid,Automatic,4.9,155097,88305,3250,Low
12/31/2013,M3,2013,North America,Grey,Electric,Automatic,1.6,105326,78420,2684,Low
12/31/2015,X3,2015,Middle East,White,Hybrid,Manual,2.3,9699,83805,5208,High
12/31/2023,5 Series,2023,South America,Silver,Diesel,Automatic,3.1,70369,107495,4814,Low
12/31/2013,X3,2013,North America,Red,Petrol,Automatic,2.4,23633,68015,8082,High
12/31/2024,i3,2024,Middle East,Red,Petrol,Manual,4.1,167166,88236,4362,Low
12/31/2015,7 Series,2015,Africa,Grey,Petrol,Automatic,4.4,98129,109831,50,Low
12/31/2019,i8,2019,Africa,Blue,Hybrid,Automatic,3.9,131722,144605,102,Low
12/31/2017,7 Series,2017,Middle East,Black,Diesel,Manual,4.9,124475,110521,659,Low
12/31/2017,5 Series,2017,South America,Silver,Hybrid,Manual,3.1,39692,94148,3558,Low
12/31/2021,i8,2021,Europe,Black,Petrol,Automatic,4.9,22561,183393,50,Low
12/31/2015,M5,2015,Europe,Red,Hybrid,Manual,1.9,4304,123926,1086,Low
12/31/2010,M3,2010,Middle East,Grey,Petrol,Manual,4.5,14098,83473,818,Low
12/31/2022,M3,2022,Asia,Grey,Diesel,Automatic,1.6,172607,88042,3921,Low
12/31/2010,M3,2010,Middle East,Blue,Electric,Automatic,3.4,125338,70514,1117,Low
12/31/2023,X6,2023,Asia,Black,Petrol,Manual,3.2,183167,102775,4368,Low
12/31/2012,7 Series,2012,North America,Blue,Petrol,Manual,4.5,157295,87005,751,Low
12/31/2011,X3,2011,South America,Grey,Diesel,Automatic,4,71164,53148,4760,Low
12/31/2010,M5,2010,Europe,White,Electric,Automatic,3,18940,113100,387,Low
12/31/2010,i8,2010,South America,Silver,Diesel,Automatic,4.6,51835,117617,50,Low
12/31/2021,M5,2021,Africa,White,Electric,Manual,4.6,119450,144379,1137,Low
12/31/2021,5 Series,2021,Asia,Blue,Diesel,Automatic,1.6,77770,84404,8115,High
12/31/2021,M5,2021,Europe,Blue,Petrol,Automatic,4.5,164001,129306,1570,Low
12/31/2015,i8,2015,North America,Blue,Diesel,Manual,3.3,50212,131746,50,Low
12/31/2016,5 Series,2016,Middle East,Red,Petrol,Manual,4.4,15375,98421,4030,Low
12/31/2024,X3,2024,Europe,Silver,Electric,Automatic,2.1,8146,129485,9429,High
12/31/2017,X1,2017,Europe,Blue,Hybrid,Automatic,2,32443,73348,7890,High
12/31/2012,7 Series,2012,Asia,Black,Petrol,Manual,4,109748,93397,712,Low
12/31/2010,X1,2010,Europe,Blue,Hybrid,Manual,2.5,113986,30636,7730,High
12/31/2014,7 Series,2014,Asia,Blue,Petrol,Automatic,3.5,62247,108216,901,Low
12/31/2017,i8,2017,Africa,White,Petrol,Manual,3.9,2797,143509,50,Low
12/31/2021,i8,2021,Middle East,Black,Electric,Automatic,3.6,118820,165210,216,Low
12/31/2020,7 Series,2020,North America,Silver,Petrol,Automatic,3.9,84369,126424,1601,Low
12/31/2023,X6,2023,Asia,Black,Petrol,Automatic,3.7,54448,137134,5078,High
12/31/2020,M5,2020,Middle East,Red,Diesel,Manual,2.8,26996,132792,1069,Low
12/31/2013,X3,2013,Middle East,Blue,Hybrid,Automatic,1.8,9647,76121,5878,High
12/31/2011,3 Series,2011,Asia,Silver,Hybrid,Automatic,4.5,136124,54145,8884,High
12/31/2018,i3,2018,Europe,Red,Petrol,Manual,4.5,91385,81542,4887,Low
12/31/2021,i8,2021,Asia,Red,Electric,Automatic,1.5,134515,158902,795,Low
12/31/2022,7 Series,2022,North America,Grey,Hybrid,Automatic,4.4,168440,133012,2113,Low
12/31/2018,3 Series,2018,North America,Silver,Hybrid,Manual,2,199248,56946,11735,High
12/31/2012,i8,2012,South America,Black,Petrol,Automatic,2.7,185340,89043,50,Low
12/31/2016,X5,2016,North America,Blue,Hybrid,Manual,2.9,192955,70330,5794,High
12/31/2022,3 Series,2022,Africa,Red,Diesel,Manual,3.9,168974,75681,5615,High
12/31/2010,i8,2010,Asia,White,Electric,Automatic,1.8,189382,99276,50,Low
12/31/2017,X6,2017,Asia,White,Petrol,Automatic,4.4,3113,121958,3511,Low
12/31/2017,X1,2017,Africa,Red,Petrol,Automatic,4.8,56143,82167,4290,Low
12/31/2022,7 Series,2022,Middle East,Red,Electric,Manual,4.8,160437,153087,1223,Low
12/31/2012,7 Series,2012,South America,Grey,Hybrid,Automatic,1.8,73280,92128,50,Low
12/31/2021,3 Series,2021,Africa,Blue,Diesel,Automatic,4.7,104719,86201,5796,High
12/31/2024,X6,2024,Europe,Black,Diesel,Manual,3.5,112227,122576,4187,Low
12/31/2014,M3,2014,South America,Blue,Hybrid,Manual,4,88233,92620,999,Low
12/31/2013,i8,2013,Middle East,White,Hybrid,Automatic,4.8,120384,143616,50,Low
12/31/2016,M3,2016,Africa,Red,Hybrid,Automatic,3.8,15474,156045,183,Low
12/31/2020,7 Series,2020,Asia,White,Hybrid,Manual,3.1,33792,134186,1812,Low
12/31/2016,5 Series,2016,South America,Grey,Petrol,Manual,3.3,102896,73420,4524,Low
12/31/2020,7 Series,2020,Middle East,Black,Diesel,Automatic,3.9,195962,114386,124,Low
12/31/2017,7 Series,2017,Asia,Grey,Hybrid,Manual,4.8,191164,107824,1330,Low
12/31/2014,M5,2014,Middle East,Silver,Hybrid,Automatic,4.6,151396,116097,293,Low
12/31/2022,3 Series,2022,Europe,White,Electric,Automatic,3.5,94933,104239,15000,High
12/31/2020,3 Series,2020,Africa,Grey,Electric,Automatic,2.2,147163,77895,5955,High
12/31/2014,X1,2014,South America,Red,Electric,Manual,2.7,88305,56263,4893,Low
12/31/2017,M3,2017,Africa,Black,Diesel,Manual,2.8,119970,73956,1334,Low
12/31/2014,X5,2014,Middle East,Blue,Electric,Automatic,2.5,38319,93197,2885,Low
12/31/2022,X3,2022,Africa,White,Diesel,Manual,4.1,122378,92009,5272,High
12/31/2023,5 Series,2023,North America,Red,Hybrid,Automatic,4.4,78736,127090,6711,High
12/31/2022,X6,2022,Africa,Silver,Electric,Manual,2.6,101158,122332,2428,Low
12/31/2010,M5,2010,North America,Grey,Electric,Manual,4.5,180516,96633,767,Low
12/31/2020,X3,2020,Asia,Red,Petrol,Automatic,4.1,79710,100348,10012,High
12/31/2012,M5,2012,Asia,Black,Petrol,Manual,3,45096,106611,837,Low
12/31/2011,M5,2011,North America,Silver,Petrol,Automatic,3.9,173110,87051,906,Low
12/31/2021,M5,2021,South America,Grey,Electric,Automatic,4.2,158141,147257,1304,Low
12/31/2019,X5,2019,South America,Black,Electric,Automatic,3.5,33135,115404,3768,Low
12/31/2014,7 Series,2014,Africa,Blue,Petrol,Automatic,3.1,181408,79456,336,Low
12/31/2022,7 Series,2022,Asia,Black,Hybrid,Manual,1.9,127281,125365,2287,Low
12/31/2017,M3,2017,North America,Grey,Diesel,Automatic,1.5,161189,64634,3525,Low
12/31/2024,3 Series,2024,Europe,Blue,Hybrid,Automatic,4.8,185761,101515,9165,High
12/31/2018,7 Series,2018,Europe,Grey,Diesel,Manual,2.4,3917,125564,1129,Low
12/31/2018,5 Series,2018,Africa,Black,Petrol,Automatic,3.8,62079,92040,8173,High
12/31/2010,3 Series,2010,Africa,Black,Electric,Automatic,4.8,62371,66574,4017,Low
12/31/2010,X3,2010,Middle East,White,Electric,Manual,4.4,89614,70338,4659,Low
12/31/2010,i8,2010,Asia,Blue,Petrol,Automatic,1.9,175544,83712,50,Low
12/31/2010,X5,2010,Middle East,Silver,Diesel,Automatic,4.3,73672,66234,3338,Low
12/31/2018,i8,2018,South America,Grey,Hybrid,Automatic,4,22093,170817,50,Low
12/31/2010,M3,2010,South America,Black,Diesel,Automatic,2.7,54252,57254,1031,Low
12/31/2016,X6,2016,Africa,Blue,Petrol,Automatic,3.9,175708,76653,2130,Low
12/31/2015,X6,2015,Middle East,White,Electric,Automatic,4.4,174040,96718,2253,Low
12/31/2018,X1,2018,Africa,Grey,Electric,Manual,2.5,155971,58489,4860,Low
12/31/2020,X1,2020,Asia,Silver,Diesel,Manual,4.5,118623,73286,8331,High
12/31/2018,i8,2018,Africa,Red,Electric,Automatic,1.8,196127,118709,281,Low
12/31/2013,3 Series,2013,Europe,Silver,Electric,Manual,3.3,52034,74981,7294,High
12/31/2018,X1,2018,Middle East,White,Electric,Automatic,2.3,191877,57249,5995,High
12/31/2023,X5,2023,Asia,Silver,Hybrid,Automatic,4,52626,140896,7363,High
12/31/2024,M5,2024,Europe,Black,Diesel,Automatic,2.1,74384,139545,2170,Low
12/31/2022,X1,2022,North America,Blue,Petrol,Manual,2.7,68731,81867,7727,High
12/31/2023,X3,2023,Asia,Blue,Diesel,Manual,1.9,57391,95528,8319,High
12/31/2015,X3,2015,Asia,Black,Hybrid,Manual,4.3,158399,71390,9868,High
12/31/2014,i3,2014,Africa,Blue,Hybrid,Automatic,2,164740,42811,2463,Low
12/31/2018,7 Series,2018,Africa,Black,Hybrid,Automatic,4,121468,116743,919,Low
12/31/2024,X3,2024,Europe,Red,Diesel,Automatic,4,120154,105283,7854,High
12/31/2016,M5,2016,North America,Red,Electric,Automatic,2,153891,114967,1406,Low
12/31/2018,X5,2018,Europe,Blue,Electric,Manual,3.5,29624,115862,5018,High
12/31/2014,M3,2014,Middle East,Blue,Petrol,Automatic,3.2,84436,83568,1445,Low
12/31/2013,i8,2013,Africa,Blue,Hybrid,Automatic,3.6,66031,136978,50,Low
12/31/2019,X5,2019,Middle East,Red,Petrol,Manual,4.8,38495,116082,3741,Low
12/31/2012,i8,2012,South America,Blue,Electric,Manual,1.8,145450,102871,50,Low
12/31/2014,i3,2014,Africa,Silver,Diesel,Manual,4.4,187632,40564,2415,Low
12/31/2018,7 Series,2018,Middle East,White,Petrol,Manual,4.5,58702,135802,412,Low
12/31/2012,M3,2012,North America,Grey,Diesel,Manual,1.9,63617,63793,2563,Low
12/31/2010,X6,2010,Asia,Black,Petrol,Automatic,3.8,91564,69669,3900,Low
12/31/2011,M5,2011,South America,Red,Electric,Manual,4,79173,114053,50,Low
12/31/2019,M5,2019,Middle East,Black,Hybrid,Manual,3.4,83418,134199,1120,Low
12/31/2014,X1,2014,Africa,Black,Petrol,Automatic,3.3,123604,41905,4242,Low
12/31/2012,M3,2012,South America,Red,Diesel,Automatic,2.6,52641,65194,1330,Low
12/31/2015,5 Series,2015,Middle East,Blue,Electric,Automatic,3.9,30587,107870,4153,Low
12/31/2024,X6,2024,Middle East,Grey,Hybrid,Manual,2.5,63509,138352,3992,Low
12/31/2024,X3,2024,North America,Red,Electric,Automatic,3.1,137735,107540,8284,High
12/31/2020,M5,2020,Europe,White,Electric,Automatic,4.5,16915,200000,1175,Low
12/31/2017,i3,2017,Asia,Red,Hybrid,Manual,1.8,33721,76626,5133,High
12/31/2015,M3,2015,Middle East,Red,Hybrid,Manual,3.3,84517,89662,1469,Low
12/31/2019,7 Series,2019,South America,Black,Electric,Manual,3.2,54664,133170,1000,Low
12/31/2018,M3,2018,Middle East,Silver,Diesel,Manual,2.8,118858,82648,2075,Low
12/31/2024,3 Series,2024,Africa,Silver,Hybrid,Manual,3.6,114040,104293,5310,High
12/31/2015,M5,2015,Asia,Silver,Hybrid,Manual,1.6,84157,111116,1484,Low
12/31/2023,3 Series,2023,Asia,Blue,Petrol,Automatic,3.2,60533,103346,9689,High
12/31/2014,M3,2014,Africa,Silver,Electric,Manual,3.2,196955,63844,1212,Low
12/31/2013,i8,2013,North America,Red,Diesel,Automatic,3.3,90736,123107,50,Low
12/31/2011,7 Series,2011,Middle East,Grey,Petrol,Manual,2.2,37027,87429,50,Low
12/31/2015,5 Series,2015,Europe,Black,Electric,Automatic,2.2,166420,66291,6935,High
12/31/2011,X5,2011,South America,Blue,Hybrid,Automatic,3.8,49089,78719,2300,Low
12/31/2014,i8,2014,North America,Grey,Hybrid,Automatic,1.8,191046,113838,50,Low
12/31/2010,X3,2010,North America,Black,Hybrid,Manual,2.6,29555,56712,7912,High
12/31/2012,X6,2012,Middle East,Blue,Diesel,Automatic,4.4,115939,80478,2072,Low
12/31/2019,X1,2019,Africa,White,Diesel,Automatic,1.9,64056,61274,4809,Low
12/31/2014,X5,2014,Africa,Blue,Diesel,Manual,3.1,7013,81859,2374,Low
12/31/2022,i3,2022,Asia,Red,Diesel,Manual,3.8,175336,74583,6167,High
12/31/2022,3 Series,2022,Middle East,Red,Diesel,Manual,2,111193,119724,7356,High
12/31/2016,7 Series,2016,South America,Silver,Diesel,Automatic,2.6,119382,95404,542,Low
12/31/2017,5 Series,2017,South America,Silver,Petrol,Manual,3.5,133283,74279,3671,Low
12/31/2016,i3,2016,Asia,Grey,Petrol,Automatic,2.6,21212,75584,4798,Low
12/31/2016,5 Series,2016,South America,Grey,Hybrid,Manual,1.9,121736,68529,3680,Low
12/31/2020,M5,2020,Europe,Black,Petrol,Automatic,2.3,80467,131671,1787,Low
12/31/2024,X5,2024,Europe,Blue,Diesel,Automatic,1.9,71239,112024,6570,High
12/31/2011,X5,2011,North America,Silver,Petrol,Automatic,4.9,65790,76876,5772,High
12/31/2015,i3,2015,Africa,Silver,Electric,Manual,2.3,184857,49675,2834,Low
12/31/2014,X1,2014,Africa,Black,Hybrid,Automatic,3.4,59994,66175,3891,Low
12/31/2020,X3,2020,Europe,Black,Hybrid,Automatic,3,99926,96529,9326,High
12/31/2024,i3,2024,Asia,Grey,Petrol,Manual,3.5,165342,89191,6884,High
12/31/2018,i3,2018,Africa,Blue,Electric,Manual,3.2,8589,96279,2583,Low
12/31/2021,X6,2021,Africa,Black,Hybrid,Automatic,4,142579,108315,2964,Low
12/31/2019,3 Series,2019,North America,Silver,Diesel,Automatic,4.6,53309,97681,10468,High
12/31/2020,X6,2020,South America,Black,Petrol,Manual,2.5,2759,108859,2823,Low
12/31/2013,M5,2013,Asia,Black,Electric,Automatic,2.1,21693,127458,741,Low
12/31/2021,M5,2021,Asia,Black,Hybrid,Automatic,4.9,104126,160199,1824,Low
12/31/2016,i3,2016,South America,Red,Petrol,Automatic,4.5,76942,73459,2930,Low
12/31/2020,5 Series,2020,North America,Silver,Diesel,Automatic,2.8,61150,96118,7142,High
12/31/2017,M5,2017,Asia,Grey,Diesel,Manual,4.6,199062,107008,1797,Low
12/31/2023,i3,2023,North America,Grey,Hybrid,Automatic,3.8,28449,123001,6143,High
12/31/2015,i8,2015,South America,Blue,Electric,Automatic,3,59542,140711,50,Low
12/31/2012,5 Series,2012,North America,Black,Diesel,Automatic,4.6,16596,84867,5723,High
12/31/2020,7 Series,2020,Middle East,Black,Diesel,Manual,3.9,11465,140636,616,Low
12/31/2014,M3,2014,South America,Grey,Petrol,Automatic,4.4,194729,65505,1417,Low
12/31/2010,M5,2010,North America,Grey,Diesel,Automatic,3,111260,87011,818,Low
12/31/2023,X1,2023,Middle East,Red,Petrol,Manual,4.3,135088,83926,5509,High
12/31/2022,i8,2022,North America,Silver,Electric,Manual,2.8,103568,163752,779,Low
12/31/2017,M5,2017,Middle East,White,Petrol,Automatic,4.1,27559,146170,302,Low
12/31/2021,X3,2021,South America,White,Hybrid,Automatic,3,150550,89628,5526,High
12/31/2021,5 Series,2021,Europe,Silver,Diesel,Manual,2.9,101120,49925,6789,High
12/31/2021,X1,2021,North America,White,Hybrid,Automatic,4.3,113449,94780,9180,High
12/31/2020,X1,2020,Europe,White,Hybrid,Automatic,1.9,70209,76772,9059,High
12/31/2011,X6,2011,South America,Red,Electric,Manual,4.7,149776,81895,1659,Low
12/31/2022,X5,2022,Middle East,Black,Petrol,Automatic,3.3,117857,104365,5007,High
12/31/2019,M3,2019,North America,Red,Petrol,Automatic,3.7,80652,110657,3200,Low
12/31/2016,X1,2016,Middle East,Black,Electric,Automatic,2.9,2950,92602,5308,High
12/31/2018,7 Series,2018,Asia,Grey,Hybrid,Manual,3.8,27065,132912,1486,Low
12/31/2010,M3,2010,Middle East,Silver,Hybrid,Manual,4,115270,74479,1097,Low
12/31/2022,M3,2022,South America,Blue,Diesel,Automatic,4.5,121982,108412,1986,Low
12/31/2013,7 Series,2013,Europe,Grey,Petrol,Manual,4.5,188282,86082,806,Low
12/31/2016,i3,2016,South America,White,Petrol,Automatic,2.8,55278,65799,3134,Low
12/31/2023,7 Series,2023,Europe,Red,Petrol,Automatic,3.7,87768,137035,1769,Low
12/31/2018,X6,2018,Middle East,Blue,Petrol,Manual,4.2,104253,56341,3349,Low
12/31/2011,X6,2011,Africa,Black,Petrol,Automatic,4.2,184166,56583,1395,Low
12/31/2011,X5,2011,South America,Black,Diesel,Automatic,4.6,102315,65176,2477,Low
12/31/2015,M5,2015,Middle East,Blue,Electric,Automatic,4.4,77831,183119,50,Low
12/31/2012,i8,2012,Africa,Grey,Hybrid,Automatic,4,27802,142970,50,Low
12/31/2013,X1,2013,Asia,Blue,Electric,Manual,4.1,82771,66855,7802,High
12/31/2012,3 Series,2012,North America,Blue,Petrol,Automatic,4.3,163060,44553,9964,High
12/31/2022,i3,2022,Europe,Blue,Diesel,Manual,4.4,167325,79098,6275,High
12/31/2010,i3,2010,Middle East,Silver,Petrol,Manual,2.7,34781,48016,3037,Low
12/31/2023,3 Series,2023,North America,Silver,Electric,Manual,4.2,35166,119906,10680,High
12/31/2023,X1,2023,Africa,Black,Petrol,Manual,4.8,118548,88555,5201,High
12/31/2015,X3,2015,North America,Red,Diesel,Manual,2.3,57171,62638,9128,High
12/31/2020,7 Series,2020,Middle East,Red,Diesel,Manual,1.7,89547,114739,845,Low
12/31/2020,X1,2020,Asia,Red,Petrol,Automatic,1.8,125218,59586,9617,High
12/31/2022,i3,2022,South America,Grey,Hybrid,Manual,2.3,182673,119177,3616,Low
12/31/2011,5 Series,2011,Asia,Red,Diesel,Automatic,4.7,125654,61864,6424,High
12/31/2011,7 Series,2011,Africa,Blue,Petrol,Manual,1.9,194747,48684,312,Low
12/31/2016,7 Series,2016,North America,Grey,Petrol,Automatic,4.1,67099,116428,961,Low
12/31/2014,7 Series,2014,Middle East,White,Electric,Automatic,4.5,9805,140720,50,Low
12/31/2017,5 Series,2017,Africa,White,Electric,Manual,4.6,73927,101283,3499,Low
12/31/2023,M3,2023,Europe,White,Hybrid,Manual,3,144335,116217,3314,Low
12/31/2011,M3,2011,South America,Blue,Electric,Automatic,3.2,151408,65988,1006,Low
12/31/2022,X5,2022,North America,Red,Electric,Automatic,2.6,73664,125215,6552,High
12/31/2019,M5,2019,Middle East,Silver,Diesel,Automatic,2,51844,123636,970,Low
12/31/2017,3 Series,2017,South America,Silver,Diesel,Automatic,2.2,18244,71199,5423,High
12/31/2016,X5,2016,North America,Blue,Petrol,Manual,2,156374,63299,6778,High
12/31/2022,M3,2022,North America,Silver,Hybrid,Automatic,2.9,49339,133366,3879,Low
12/31/2019,i8,2019,Africa,Red,Petrol,Manual,2.1,40387,145603,50,Low
12/31/2023,X5,2023,Africa,Black,Hybrid,Automatic,2.9,68340,125125,3729,Low
12/31/2017,X1,2017,North America,Red,Electric,Manual,4.5,141404,74851,8223,High
12/31/2020,X3,2020,Europe,Blue,Electric,Automatic,3.8,119887,100191,8485,High
12/31/2012,X1,2012,Middle East,Blue,Electric,Automatic,3.8,55059,66750,4953,Low
12/31/2017,X6,2017,Asia,Red,Diesel,Manual,4.3,40662,104995,4147,Low
12/31/2024,5 Series,2024,South America,Blue,Petrol,Automatic,1.6,159428,88521,5312,High
12/31/2015,X3,2015,Europe,White,Diesel,Automatic,4.3,48111,79125,7537,High
12/31/2011,7 Series,2011,North America,Red,Electric,Manual,2.2,104255,87428,614,Low
12/31/2015,5 Series,2015,North America,Silver,Electric,Manual,2.7,55268,94036,7278,High
12/31/2014,M3,2014,Africa,Blue,Hybrid,Automatic,2.6,182129,66333,1162,Low
12/31/2012,5 Series,2012,North America,White,Petrol,Manual,1.9,182428,34336,6844,High
12/31/2010,M5,2010,North America,Grey,Petrol,Automatic,2.1,2816,94281,688,Low
12/31/2016,i3,2016,Middle East,Black,Hybrid,Automatic,4.8,56000,95182,3045,Low
12/31/2011,i8,2011,Europe,Red,Electric,Automatic,3.6,51678,137495,50,Low
12/31/2010,3 Series,2010,Middle East,Black,Electric,Automatic,3.2,110378,55342,6276,High
12/31/2010,X6,2010,South America,Black,Diesel,Automatic,4.2,189383,48784,1969,Low
12/31/2016,X6,2016,North America,Black,Electric,Manual,4.3,146784,97724,3407,Low
12/31/2021,3 Series,2021,Middle East,White,Petrol,Automatic,1.9,69489,81244,7005,High
12/31/2010,5 Series,2010,Europe,Red,Hybrid,Automatic,4.1,97275,64397,5473,High
12/31/2018,M3,2018,Middle East,White,Diesel,Automatic,4.8,84063,103611,1867,Low
12/31/2015,M3,2015,Africa,Blue,Electric,Automatic,3.5,21095,111278,781,Low
12/31/2013,5 Series,2013,Africa,Black,Petrol,Automatic,3.6,80145,67601,2921,Low
12/31/2021,i8,2021,North America,White,Electric,Automatic,4.5,187815,159923,709,Low
12/31/2013,X5,2013,South America,Black,Petrol,Manual,3.9,67404,74845,2852,Low
12/31/2024,X6,2024,Asia,Blue,Petrol,Manual,5,129135,127648,4294,Low
12/31/2022,X6,2022,Europe,Blue,Hybrid,Manual,2.5,189359,102242,4720,Low
12/31/2021,i3,2021,Africa,White,Diesel,Manual,4.5,4415,103833,2950,Low
12/31/2023,M3,2023,Africa,Black,Diesel,Manual,3.6,17598,122403,1831,Low
12/31/2014,i8,2014,Middle East,Silver,Petrol,Automatic,2.8,52989,130195,50,Low
12/31/2011,X1,2011,Europe,Grey,Diesel,Manual,4.6,144413,33603,7874,High
12/31/2014,3 Series,2014,South America,Grey,Electric,Automatic,5,79555,88925,4708,Low
12/31/2011,i3,2011,Europe,Silver,Petrol,Automatic,1.7,291,51388,4567,Low
12/31/2021,X5,2021,North America,Black,Diesel,Automatic,4.7,127034,102697,6106,High
12/31/2013,X6,2013,North America,Grey,Petrol,Manual,2.2,43922,74567,3958,Low
12/31/2019,3 Series,2019,South America,Red,Hybrid,Manual,2.2,93465,74841,7025,High
12/31/2020,X1,2020,Asia,Red,Electric,Automatic,1.6,162381,66588,9272,High
12/31/2023,M3,2023,Middle East,Silver,Diesel,Automatic,4.7,188340,106393,2448,Low
12/31/2014,M5,2014,North America,White,Hybrid,Manual,4.2,92194,117074,1185,Low
12/31/2015,7 Series,2015,North America,White,Hybrid,Manual,1.7,145611,92929,1290,Low
12/31/2015,5 Series,2015,South America,Grey,Hybrid,Manual,3.7,74883,82731,3880,Low
12/31/2018,X1,2018,South America,Black,Hybrid,Automatic,1.9,132082,59045,6103,High
12/31/2013,i3,2013,South America,Blue,Electric,Automatic,4.1,74827,77700,1995,Low
12/31/2022,M5,2022,Middle East,Grey,Electric,Automatic,2.9,162079,147217,1729,Low
12/31/2023,X6,2023,Middle East,White,Petrol,Manual,1.7,75135,109407,3456,Low
12/31/2014,X3,2014,South America,Grey,Hybrid,Manual,4.4,117032,70629,4748,Low
12/31/2015,M5,2015,Middle East,Red,Electric,Manual,3.5,158816,120854,427,Low
12/31/2013,X1,2013,Europe,Red,Hybrid,Manual,4.2,124425,89304,6844,High
12/31/2015,X3,2015,Asia,Grey,Petrol,Manual,3.9,104280,63319,9889,High
12/31/2011,3 Series,2011,Asia,Grey,Petrol,Automatic,3,95530,44967,8245,High
12/31/2021,3 Series,2021,Middle East,Grey,Diesel,Manual,3.9,13031,105632,7196,High
12/31/2022,X5,2022,Africa,White,Electric,Automatic,1.6,21311,125128,3421,Low
12/31/2016,3 Series,2016,Europe,White,Petrol,Manual,2.7,162192,46044,9827,High
12/31/2012,X6,2012,Asia,Blue,Diesel,Manual,4.2,55178,80515,3643,Low
12/31/2023,M5,2023,Asia,Red,Electric,Manual,4.2,64313,170263,2461,Low
12/31/2019,M3,2019,South America,Grey,Petrol,Automatic,4.6,75177,112033,1425,Low
12/31/2013,X5,2013,Africa,Silver,Diesel,Automatic,3.6,79849,72491,2724,Low
12/31/2018,3 Series,2018,Europe,Red,Petrol,Automatic,4.8,199084,62736,8298,High
12/31/2024,X1,2024,Africa,Red,Petrol,Automatic,3.5,194096,73006,4825,Low
12/31/2024,i3,2024,North America,Blue,Hybrid,Automatic,3.3,124318,109407,6021,High
12/31/2021,i8,2021,Africa,Red,Petrol,Manual,2.2,136782,137942,50,Low
12/31/2024,M3,2024,Asia,Blue,Electric,Automatic,4.2,53887,154698,3111,Low
12/31/2022,M3,2022,Europe,Red,Petrol,Manual,3.9,65293,112801,3369,Low
12/31/2014,i3,2014,Asia,Black,Hybrid,Manual,3.1,54282,71265,5434,High
12/31/2018,5 Series,2018,Asia,Red,Hybrid,Automatic,1.8,16714,100415,7140,High
12/31/2019,X6,2019,Asia,Silver,Hybrid,Manual,1.9,178673,87460,4594,Low
12/31/2022,3 Series,2022,Africa,Silver,Hybrid,Manual,1.9,32015,97734,5132,High
12/31/2019,M3,2019,Europe,Grey,Diesel,Automatic,2.8,101673,87561,3332,Low
12/31/2019,X3,2019,Asia,Silver,Petrol,Manual,2.1,151425,91673,8307,High
12/31/2021,X3,2021,Asia,Silver,Hybrid,Manual,4.5,26458,117942,9542,High
12/31/2019,X3,2019,South America,Blue,Hybrid,Manual,4.6,125908,91106,5314,High
12/31/2015,M5,2015,Asia,Black,Petrol,Manual,4.5,107186,109256,1509,Low
12/31/2017,M5,2017,Europe,Blue,Diesel,Automatic,3.6,123943,112562,1573,Low
12/31/2014,5 Series,2014,Middle East,White,Electric,Manual,3.6,64607,91746,3887,Low
12/31/2014,X3,2014,North America,Grey,Diesel,Manual,4.6,158993,52831,8113,High
12/31/2012,X3,2012,Europe,White,Electric,Automatic,2.9,145081,53927,8320,High
12/31/2016,M3,2016,Asia,Blue,Petrol,Automatic,1.7,127956,71142,3288,Low
12/31/2011,X1,2011,South America,White,Diesel,Manual,3.1,13045,47266,4321,Low
12/31/2020,X6,2020,North America,Black,Diesel,Manual,3.4,187981,86629,14665,High
12/31/2021,i3,2021,Middle East,Black,Electric,Manual,3.4,1476,112649,3772,Low
12/31/2012,5 Series,2012,North America,Blue,Hybrid,Automatic,2.1,151168,53949,6520,High
12/31/2024,X1,2024,Europe,Black,Diesel,Manual,4.2,35470,102962,6936,High
12/31/2011,X5,2011,Europe,Blue,Diesel,Automatic,4.1,94553,64769,4499,Low
12/31/2024,M3,2024,Asia,White,Diesel,Manual,2.3,150339,102931,4071,Low
12/31/2022,7 Series,2022,South America,Black,Hybrid,Manual,3.4,135126,123127,1688,Low
12/31/2017,M3,2017,Africa,Silver,Hybrid,Automatic,4.3,45694,107207,1078,Low
12/31/2013,X5,2013,South America,White,Petrol,Automatic,1.5,139483,49625,3077,Low
12/31/2019,i3,2019,Middle East,Black,Electric,Manual,2.5,37034,100566,3492,Low
12/31/2017,7 Series,2017,South America,Black,Electric,Manual,3.2,184380,97849,724,Low
12/31/2017,M3,2017,South America,Grey,Petrol,Automatic,4.5,141388,88927,1748,Low
12/31/2017,X3,2017,Europe,White,Petrol,Manual,4.3,98569,79772,7020,High
12/31/2017,i3,2017,Africa,Silver,Petrol,Automatic,2,167978,45777,3300,Low
12/31/2017,3 Series,2017,Africa,Silver,Hybrid,Automatic,3.1,184265,60454,5624,High
12/31/2021,5 Series,2021,Middle East,Blue,Hybrid,Automatic,2.6,39352,121002,5005,High
12/31/2018,5 Series,2018,North America,White,Hybrid,Automatic,2.9,116544,88305,7889,High
12/31/2011,X5,2011,North America,White,Petrol,Automatic,3.4,171579,48537,6088,High
12/31/2018,X5,2018,Africa,Black,Hybrid,Automatic,3.2,116837,94945,3716,Low
12/31/2017,X3,2017,Asia,White,Diesel,Automatic,2,148860,53395,10069,High
12/31/2020,i8,2020,South America,Black,Electric,Manual,1.9,115355,151124,239,Low
12/31/2019,3 Series,2019,North America,White,Diesel,Manual,2,27909,77589,10367,High
12/31/2010,X3,2010,Middle East,White,Petrol,Manual,4.4,115565,48505,4666,Low
12/31/2023,X3,2023,Europe,Black,Hybrid,Automatic,1.6,37467,105343,10446,High
12/31/2014,X5,2014,South America,White,Electric,Automatic,2.2,132652,69467,3365,Low
12/31/2020,i3,2020,North America,Silver,Hybrid,Automatic,4.8,198888,84222,5981,High
12/31/2011,5 Series,2011,North America,Red,Hybrid,Automatic,1.7,5107,73599,5631,High
12/31/2019,i8,2019,Europe,Black,Petrol,Automatic,1.6,136412,124050,368,Low
12/31/2014,7 Series,2014,Middle East,Red,Hybrid,Manual,2.9,132352,99765,275,Low
12/31/2022,M3,2022,North America,Silver,Diesel,Manual,2,67228,102032,2923,Low
12/31/2024,M3,2024,Europe,White,Diesel,Automatic,3.5,152177,104430,3138,Low
12/31/2017,i3,2017,Asia,Silver,Petrol,Manual,2.7,7928,78921,4462,Low
12/31/2018,M5,2018,North America,Silver,Diesel,Manual,2.2,24331,126788,1382,Low
12/31/2018,5 Series,2018,Africa,Silver,Diesel,Automatic,5,118325,85024,4105,Low
12/31/2010,i3,2010,Europe,Black,Electric,Automatic,2.7,128508,45291,3946,Low
12/31/2016,5 Series,2016,North America,Silver,Diesel,Automatic,3.7,92551,78084,7616,High
12/31/2021,X3,2021,Africa,Blue,Petrol,Manual,4.6,25450,110576,5109,High
12/31/2020,X3,2020,Asia,Silver,Hybrid,Manual,4.7,61319,110031,9200,High
12/31/2017,X5,2017,Asia,Grey,Electric,Automatic,2.9,28095,109967,5166,High
12/31/2019,X1,2019,Middle East,Black,Electric,Manual,4.9,24290,110467,4846,Low
12/31/2012,X6,2012,Africa,Black,Petrol,Manual,4,24217,83126,1201,Low
12/31/2022,5 Series,2022,Asia,Red,Diesel,Automatic,3.5,25344,120223,7731,High
12/31/2015,X1,2015,Middle East,Red,Hybrid,Automatic,3.9,124635,68272,4546,Low
12/31/2020,3 Series,2020,Middle East,White,Hybrid,Automatic,2.8,63983,93162,7530,High
12/31/2012,M3,2012,North America,Red,Diesel,Manual,3,34462,72941,2628,Low
12/31/2018,M3,2018,Asia,Black,Hybrid,Automatic,3.6,107894,109753,3437,Low
12/31/2022,X6,2022,Europe,Grey,Electric,Automatic,2.6,140137,113810,5509,High
12/31/2012,7 Series,2012,Africa,White,Petrol,Automatic,4.2,11956,105714,50,Low
12/31/2011,X5,2011,Asia,Silver,Electric,Manual,2.4,195699,50368,6301,High
12/31/2018,3 Series,2018,South America,White,Diesel,Manual,4.3,161839,62316,5900,High
12/31/2024,M5,2024,South America,Silver,Diesel,Automatic,2,137865,131066,1408,Low
12/31/2020,M3,2020,North America,White,Diesel,Automatic,2.3,27803,106201,2954,Low
12/31/2022,X3,2022,Europe,Blue,Electric,Manual,4.1,38155,124167,9996,High
12/31/2023,X1,2023,Europe,Grey,Electric,Automatic,2.4,186873,77168,7431,High
12/31/2017,5 Series,2017,Middle East,White,Petrol,Automatic,4.3,62734,96637,4627,Low
12/31/2017,5 Series,2017,Europe,Silver,Electric,Manual,4.2,21841,163924,5618,High
12/31/2011,5 Series,2011,South America,Black,Hybrid,Manual,2.4,78964,55659,4022,Low
12/31/2015,5 Series,2015,Africa,Black,Diesel,Automatic,1.8,157052,47800,3429,Low
12/31/2022,i3,2022,Africa,White,Petrol,Manual,2.1,76989,78394,3251,Low
12/31/2022,X5,2022,Asia,Red,Electric,Automatic,4.1,76310,129517,5959,High
12/31/2014,X5,2014,Africa,Grey,Electric,Automatic,4.5,17289,110678,1982,Low
12/31/2023,i8,2023,Africa,Red,Petrol,Manual,2.8,54138,152884,50,Low
12/31/2021,7 Series,2021,Africa,Red,Electric,Automatic,2.1,135088,123089,1244,Low
12/31/2011,5 Series,2011,Asia,Blue,Diesel,Manual,1.8,183600,25624,6975,High
12/31/2014,X3,2014,Asia,Grey,Hybrid,Automatic,2.3,188610,47024,9726,High
12/31/2013,i8,2013,Middle East,Red,Electric,Manual,4.9,126272,66114,50,Low
12/31/2018,X5,2018,North America,Black,Diesel,Automatic,2.1,35081,93702,6313,High
12/31/2021,3 Series,2021,North America,Black,Diesel,Manual,1.8,69476,80247,11259,High
12/31/2010,M3,2010,Middle East,White,Diesel,Manual,4.2,49724,70456,935,Low
12/31/2015,M5,2015,Africa,White,Petrol,Automatic,3.7,111756,107063,276,Low
12/31/2016,7 Series,2016,North America,Grey,Hybrid,Manual,3.4,179291,101457,1289,Low
12/31/2024,7 Series,2024,Europe,Black,Petrol,Manual,3.1,196816,66114,2420,Low
12/31/2021,X1,2021,Africa,White,Petrol,Manual,4,171938,66791,4130,Low
12/31/2015,3 Series,2015,Middle East,Grey,Petrol,Manual,3.9,119952,63050,6201,High
12/31/2014,X6,2014,Middle East,Blue,Hybrid,Manual,3,101251,92544,2416,Low
12/31/2021,7 Series,2021,Europe,Black,Petrol,Manual,2.3,32717,134206,1472,Low
12/31/2013,5 Series,2013,Asia,Silver,Diesel,Manual,4.4,85476,67558,7041,High
12/31/2014,3 Series,2014,Middle East,White,Diesel,Automatic,2.1,39904,59596,7018,High
12/31/2018,M5,2018,North America,Silver,Hybrid,Manual,3.4,153227,165162,1410,Low
12/31/2014,M3,2014,Africa,Red,Hybrid,Automatic,3.9,91073,86871,937,Low
12/31/2019,i3,2019,North America,Grey,Diesel,Manual,3.7,84293,80365,5845,High
12/31/2024,X3,2024,Africa,White,Electric,Automatic,3.7,76460,126121,4650,Low
12/31/2017,i3,2017,Middle East,Black,Electric,Automatic,3.8,77438,89570,594,Low
12/31/2016,M3,2016,Asia,Black,Hybrid,Automatic,4.6,94689,110487,2829,Low
12/31/2013,X5,2013,Middle East,Blue,Petrol,Automatic,2.8,179879,57472,3754,Low
12/31/2019,X6,2019,South America,Blue,Hybrid,Manual,3.7,63964,117223,2833,Low
12/31/2014,X1,2014,Europe,Blue,Diesel,Automatic,3.9,137930,43501,7710,High
12/31/2016,M5,2016,Africa,Black,Petrol,Manual,3.6,163191,98023,590,Low
12/31/2015,M3,2015,Asia,White,Electric,Manual,4.7,139401,96793,2804,Low
12/31/2022,5 Series,2022,South America,Blue,Hybrid,Automatic,3.8,92899,119488,4993,Low
12/31/2012,X6,2012,Middle East,Grey,Diesel,Automatic,3,148050,60535,2177,Low
12/31/2019,X5,2019,Africa,Red,Petrol,Manual,4.5,31031,108592,2939,Low
12/31/2024,7 Series,2024,Europe,Blue,Electric,Automatic,3.2,43329,169512,1989,Low
12/31/2012,X3,2012,Africa,Red,Hybrid,Manual,3.4,133884,52696,3783,Low
12/31/2011,X1,2011,Africa,White,Diesel,Automatic,3.5,86028,36362,3854,Low
12/31/2023,M5,2023,North America,Blue,Electric,Manual,2.6,113054,155853,2458,Low
12/31/2012,5 Series,2012,Africa,Blue,Petrol,Automatic,4,51239,72728,2915,Low
12/31/2020,3 Series,2020,Asia,Red,Hybrid,Manual,1.8,189133,59771,12456,High
12/31/2019,X6,2019,Africa,Black,Electric,Automatic,4.5,55439,131402,1897,Low
12/31/2022,M5,2022,Middle East,Grey,Diesel,Automatic,4.1,96588,147800,1107,Low
12/31/2010,7 Series,2010,Middle East,Silver,Hybrid,Manual,2.7,117108,83677,50,Low
12/31/2022,5 Series,2022,Middle East,Blue,Diesel,Manual,2.3,72878,100015,5515,High
12/31/2018,X1,2018,Middle East,White,Electric,Manual,2.9,112110,75812,5881,High
12/31/2011,M5,2011,Africa,Silver,Diesel,Manual,4.3,102010,89240,50,Low
12/31/2021,i3,2021,Europe,Red,Hybrid,Automatic,1.6,21093,96375,4811,Low
12/31/2022,M3,2022,North America,Black,Diesel,Automatic,3.1,81926,109514,3427,Low
12/31/2012,5 Series,2012,Africa,Black,Hybrid,Manual,2.4,135184,52268,3008,Low
12/31/2014,X6,2014,Asia,Grey,Petrol,Automatic,4.6,65002,97113,3668,Low
12/31/2019,X5,2019,Europe,Blue,Electric,Automatic,2.9,172503,92159,5797,High
12/31/2021,M5,2021,Europe,Red,Petrol,Manual,3.9,144272,127295,1803,Low
12/31/2013,M3,2013,South America,Grey,Hybrid,Manual,2.8,88528,73783,2668,Low
12/31/2022,X1,2022,North America,Silver,Petrol,Automatic,2.7,30069,95042,8915,High
12/31/2014,X6,2014,South America,White,Diesel,Automatic,2.6,119256,64358,2144,Low
12/31/2015,M3,2015,North America,Black,Electric,Automatic,3.9,145129,93793,2116,Low
12/31/2014,3 Series,2014,South America,White,Hybrid,Automatic,4.9,147784,70245,5265,High
12/31/2019,i8,2019,Middle East,Grey,Hybrid,Automatic,2.2,178562,144751,264,Low
12/31/2010,i8,2010,Asia,Grey,Hybrid,Automatic,3.8,150700,111144,50,Low
12/31/2015,i8,2015,Asia,Blue,Electric,Manual,2.4,82618,138622,50,Low
12/31/2018,X6,2018,Africa,Blue,Diesel,Manual,3.4,147385,85194,1890,Low
12/31/2012,5 Series,2012,Asia,White,Electric,Automatic,3.4,187389,59210,7132,High
12/31/2024,X5,2024,Europe,White,Hybrid,Manual,3.1,175135,105830,6977,High
12/31/2011,M5,2011,North America,Grey,Diesel,Automatic,3.2,5442,104150,815,Low
12/31/2015,X3,2015,Africa,Black,Petrol,Manual,4.6,88832,71996,4233,Low
12/31/2021,M5,2021,Asia,Red,Hybrid,Automatic,1.8,194663,116276,2355,Low
12/31/2023,i8,2023,Middle East,Black,Diesel,Manual,4.4,51207,84477,1130,Low
12/31/2012,3 Series,2012,Africa,Silver,Electric,Automatic,3.1,38685,72206,4567,Low
12/31/2013,X5,2013,North America,Blue,Electric,Automatic,2.7,141538,77427,5472,High
12/31/2015,X3,2015,North America,Black,Diesel,Manual,2.1,8410,69350,9260,High
12/31/2021,7 Series,2021,Africa,White,Hybrid,Automatic,4.4,7606,159723,704,Low
12/31/2022,X6,2022,South America,Grey,Petrol,Automatic,3.6,165943,97928,2647,Low
12/31/2021,M5,2021,South America,Black,Diesel,Manual,4,87500,128867,896,Low
12/31/2015,M5,2015,Africa,Red,Diesel,Automatic,2.6,192261,79584,709,Low
12/31/2021,5 Series,2021,Asia,Silver,Petrol,Automatic,2.9,18079,167757,6072,High
12/31/2011,i8,2011,Middle East,Red,Petrol,Automatic,4.7,143170,124011,50,Low
12/31/2022,X3,2022,Middle East,Red,Petrol,Automatic,4.9,77379,107947,5834,High
12/31/2022,i8,2022,Europe,Red,Diesel,Automatic,4.1,186395,148112,415,Low
12/31/2012,7 Series,2012,Asia,White,Hybrid,Automatic,4.1,127851,98677,621,Low
12/31/2022,i3,2022,Asia,Black,Electric,Manual,3.9,26326,124306,5467,High
12/31/2018,M3,2018,Africa,Blue,Diesel,Manual,3.6,140886,82945,1464,Low
12/31/2011,i3,2011,Africa,Red,Hybrid,Automatic,3.6,134014,47762,1994,Low
12/31/2012,3 Series,2012,Europe,Grey,Hybrid,Manual,4.9,91941,64594,8816,High
12/31/2018,X1,2018,North America,Black,Petrol,Automatic,4.1,32244,88728,1680,Low
12/31/2013,X1,2013,Africa,White,Diesel,Automatic,3.8,37655,56237,3500,Low
12/31/2024,i8,2024,South America,White,Diesel,Automatic,2.2,179464,143377,404,Low
12/31/2010,7 Series,2010,North America,White,Petrol,Manual,4.9,154880,85339,545,Low
12/31/2020,i3,2020,South America,Blue,Diesel,Manual,3.3,194999,58562,3835,Low
12/31/2022,X6,2022,Middle East,White,Electric,Manual,4.8,179268,122180,568,Low
12/31/2011,i8,2011,North America,Grey,Hybrid,Manual,4,124755,123051,50,Low
12/31/2024,X1,2024,Middle East,Black,Electric,Manual,1.6,63449,102677,6946,High
12/31/2012,X6,2012,South America,Blue,Diesel,Manual,3.4,83953,70429,1670,Low
12/31/2018,5 Series,2018,South America,Red,Petrol,Automatic,4.6,66679,98161,416,Low
12/31/2024,i8,2024,South America,Blue,Petrol,Manual,1.7,101606,147813,361,Low
12/31/2018,3 Series,2018,Europe,White,Diesel,Manual,4.5,76212,81598,8208,High
12/31/2020,3 Series,2020,South America,Grey,Electric,Manual,3.6,177563,82797,6877,High
12/31/2024,X3,2024,South America,Grey,Hybrid,Manual,1.7,92934,102323,5950,High
12/31/2015,X3,2015,Middle East,White,Diesel,Manual,2.8,70023,64741,5345,High
12/31/2023,5 Series,2023,Middle East,Blue,Hybrid,Manual,1.6,175878,89698,6149,High
12/31/2020,5 Series,2020,South America,Grey,Electric,Automatic,1.5,106135,96347,4256,Low
12/31/2015,X3,2015,Asia,Blue,Petrol,Automatic,4.6,24790,88192,7730,High
12/31/2012,X6,2012,South America,Black,Diesel,Automatic,4.1,59217,80248,1931,Low
12/31/2014,X3,2014,North America,White,Hybrid,Manual,2.5,183895,48569,7318,High
12/31/2024,X3,2024,Europe,Blue,Petrol,Automatic,1.9,194749,72750,8738,High
12/31/2020,5 Series,2020,South America,Silver,Electric,Manual,1.7,197895,78093,4958,Low
12/31/2013,X5,2013,North America,Black,Petrol,Automatic,4.7,144556,73714,5939,High
12/31/2019,X3,2019,Asia,Blue,Petrol,Manual,3.7,176936,66955,8567,High
12/31/2019,M5,2019,Middle East,White,Petrol,Automatic,2.1,159463,115715,962,Low
12/31/2021,X5,2021,Europe,Black,Diesel,Manual,3.9,175214,85883,6988,High
12/31/2018,X3,2018,Middle East,Silver,Diesel,Automatic,5,185874,74455,6544,High
12/31/2018,M5,2018,Middle East,Grey,Hybrid,Manual,4.3,56850,141323,991,Low
12/31/2010,i3,2010,Asia,Blue,Hybrid,Manual,3.1,13705,59826,3928,Low
12/31/2017,M3,2017,Asia,Silver,Hybrid,Manual,4.3,1033,116741,2201,Low
12/31/2024,3 Series,2024,Middle East,Blue,Diesel,Manual,4.1,66887,106963,6096,High
12/31/2018,i8,2018,South America,Blue,Diesel,Manual,1.8,42155,188511,50,Low
12/31/2014,M5,2014,Africa,Silver,Diesel,Manual,4.7,85689,102252,193,Low
12/31/2013,X3,2013,North America,Grey,Electric,Automatic,4.6,181205,68798,8290,High
12/31/2019,3 Series,2019,Africa,Silver,Petrol,Automatic,3.6,161251,68074,4884,Low
12/31/2013,M3,2013,South America,White,Diesel,Manual,3.3,24334,80554,998,Low
12/31/2011,i3,2011,Europe,Blue,Hybrid,Automatic,2.3,153866,35545,5136,High
12/31/2018,M3,2018,Asia,Blue,Hybrid,Automatic,4.4,1537,123306,3164,Low
12/31/2014,X5,2014,South America,Silver,Petrol,Manual,3,38824,77549,2662,Low
12/31/2020,X1,2020,Africa,Silver,Hybrid,Automatic,3.5,97071,86626,4208,Low
12/31/2012,5 Series,2012,Africa,Blue,Petrol,Automatic,2.1,19752,65383,3328,Low
12/31/2015,i3,2015,Middle East,Red,Diesel,Manual,2.2,131058,42992,3835,Low
12/31/2018,X5,2018,Europe,Red,Electric,Automatic,4.9,139262,104102,5750,High
12/31/2018,M3,2018,Africa,Grey,Electric,Manual,3.2,74615,102279,1934,Low
12/31/2021,X3,2021,North America,Grey,Hybrid,Automatic,4.4,89748,110298,8076,High
12/31/2022,M3,2022,South America,White,Petrol,Automatic,4.4,60777,123030,1965,Low
12/31/2014,X5,2014,South America,Red,Petrol,Automatic,4.9,6286,99801,2905,Low
12/31/2017,7 Series,2017,South America,Blue,Hybrid,Automatic,4.9,89012,124166,203,Low
12/31/2013,7 Series,2013,Asia,Red,Petrol,Manual,3.1,104753,44238,1559,Low
12/31/2014,7 Series,2014,Africa,Silver,Hybrid,Manual,4.8,74469,110393,50,Low
12/31/2016,5 Series,2016,South America,Silver,Petrol,Manual,2.8,40681,82758,3700,Low
12/31/2016,7 Series,2016,Middle East,Silver,Electric,Manual,3.6,155920,109371,439,Low
12/31/2022,X3,2022,Europe,Black,Electric,Manual,4.4,63071,114857,9842,High
12/31/2016,X6,2016,Africa,Blue,Diesel,Automatic,4.7,47505,106373,1484,Low
12/31/2017,X3,2017,North America,Red,Diesel,Manual,3.3,101744,69214,9945,High
12/31/2020,X3,2020,South America,Red,Hybrid,Manual,3,196795,70651,6955,High
12/31/2014,3 Series,2014,Middle East,Red,Diesel,Manual,4,93081,58847,6411,High
12/31/2024,M5,2024,South America,White,Hybrid,Manual,3.1,79076,148512,1686,Low
12/31/2010,5 Series,2010,Africa,Grey,Diesel,Manual,3.9,19785,63935,2524,Low
12/31/2020,X6,2020,Asia,Silver,Petrol,Manual,4.3,66385,120490,4570,Low
12/31/2018,i3,2018,Europe,Red,Petrol,Automatic,4.4,72249,86520,4955,Low
12/31/2018,X1,2018,North America,Red,Hybrid,Automatic,2.4,129086,62988,8283,High
12/31/2024,5 Series,2024,Asia,Red,Diesel,Automatic,3.5,105204,106569,7229,High
12/31/2016,X5,2016,Europe,Black,Diesel,Manual,1.6,124985,59121,5104,High
12/31/2021,X5,2021,Middle East,Black,Electric,Manual,4.3,81590,131266,4667,Low
12/31/2015,M3,2015,Middle East,Grey,Electric,Manual,1.9,145968,81101,1754,Low
12/31/2022,3 Series,2022,Asia,Red,Petrol,Manual,4.6,171792,83889,9599,High
12/31/2022,X3,2022,South America,Grey,Electric,Manual,2.9,177233,86542,5426,High
12/31/2014,M5,2014,North America,Red,Hybrid,Automatic,2.1,1299,125388,934,Low
12/31/2014,X5,2014,Middle East,Silver,Petrol,Manual,4.3,40823,90620,3486,Low
12/31/2024,X1,2024,Africa,Grey,Hybrid,Automatic,2.2,60640,100614,5223,High
12/31/2012,X1,2012,Asia,Black,Diesel,Manual,2.9,70619,40635,8640,High
12/31/2019,7 Series,2019,Middle East,Blue,Diesel,Automatic,3.5,53013,124110,634,Low
12/31/2010,X3,2010,Africa,Black,Diesel,Manual,2.8,131061,26124,3863,Low
12/31/2015,i8,2015,South America,Red,Petrol,Automatic,2.1,190011,96248,50,Low
12/31/2017,5 Series,2017,North America,Grey,Electric,Manual,2.9,177110,81449,5976,High
12/31/2023,i8,2023,Asia,White,Electric,Automatic,2,74530,172145,833,Low
12/31/2011,X1,2011,Europe,Black,Electric,Automatic,4,70360,62657,6560,High
12/31/2017,X3,2017,North America,Blue,Petrol,Automatic,2.1,57681,72376,8329,High
12/31/2017,M5,2017,Middle East,Red,Electric,Manual,3.2,85107,191808,50,Low
12/31/2019,3 Series,2019,Asia,Black,Petrol,Manual,3.5,158008,68969,9552,High
12/31/2017,i3,2017,Europe,Black,Hybrid,Automatic,4.8,4156,108460,4761,Low
12/31/2019,X3,2019,Africa,Silver,Diesel,Automatic,1.8,144302,60449,4633,Low
12/31/2024,3 Series,2024,North America,Red,Diesel,Automatic,4.8,144746,98335,11725,High
12/31/2012,X6,2012,Asia,Black,Petrol,Automatic,2.2,44297,32619,4944,Low
12/31/2019,X6,2019,South America,Silver,Hybrid,Manual,4.4,24606,121907,2846,Low
12/31/2017,i8,2017,Africa,Blue,Hybrid,Automatic,1.8,193896,116804,50,Low
12/31/2020,M3,2020,Middle East,Black,Diesel,Manual,5,141586,99498,2187,Low
12/31/2024,X1,2024,North America,White,Diesel,Automatic,4.3,138055,90524,9418,High
12/31/2021,X3,2021,Europe,Blue,Diesel,Automatic,1.7,131399,71282,7867,High
12/31/2021,3 Series,2021,Middle East,Blue,Hybrid,Automatic,2.2,165179,79771,6599,High
12/31/2023,5 Series,2023,Middle East,Blue,Hybrid,Automatic,3.4,196997,103409,5575,High
12/31/2013,X6,2013,Asia,Black,Electric,Manual,3.3,72567,96374,3260,Low
12/31/2012,i8,2012,Europe,Black,Diesel,Automatic,3.7,162360,108974,50,Low
12/31/2020,M5,2020,Middle East,Blue,Electric,Automatic,3.1,65011,155227,1124,Low
12/31/2018,X5,2018,North America,White,Diesel,Automatic,4.1,70336,99935,5640,High
12/31/2017,M5,2017,Europe,Grey,Hybrid,Manual,2.7,139697,107197,1771,Low
12/31/2019,5 Series,2019,North America,Red,Hybrid,Automatic,2.1,184856,79115,7344,High
12/31/2022,i8,2022,Middle East,Blue,Diesel,Automatic,1.6,199941,128421,495,Low
12/31/2022,i3,2022,Africa,Blue,Hybrid,Automatic,2.6,160214,84598,3235,Low
12/31/2011,M3,2011,North America,Blue,Diesel,Manual,3,116693,54437,2254,Low
12/31/2022,7 Series,2022,Middle East,Blue,Petrol,Automatic,3.8,31420,158357,600,Low
12/31/2022,M3,2022,South America,Blue,Hybrid,Manual,4.3,151788,112313,2438,Low
12/31/2024,5 Series,2024,Asia,Silver,Diesel,Automatic,2.3,183141,90983,8157,High
12/31/2022,X3,2022,Africa,White,Hybrid,Manual,3.2,45280,109311,5649,High
12/31/2023,i3,2023,Middle East,Blue,Diesel,Automatic,2.3,93719,87427,3574,Low
12/31/2017,M3,2017,North America,White,Electric,Automatic,4.8,194077,94535,2980,Low
12/31/2020,X1,2020,Asia,Silver,Electric,Automatic,3.8,24114,104620,8094,High
12/31/2020,X5,2020,Africa,White,Hybrid,Automatic,3.9,27374,123132,3626,Low
12/31/2012,X6,2012,Europe,Black,Diesel,Automatic,3.4,131754,66754,3176,Low
12/31/2019,i3,2019,South America,White,Petrol,Automatic,2.5,71922,74056,3307,Low
12/31/2021,X1,2021,Africa,Red,Diesel,Manual,2.2,58603,70549,5188,High
12/31/2023,i3,2023,Africa,Grey,Electric,Automatic,3.8,111744,108856,3528,Low
12/31/2015,7 Series,2015,Asia,Red,Diesel,Automatic,4.7,143823,107279,1054,Low
12/31/2014,X5,2014,South America,Red,Petrol,Manual,2.2,178862,45029,3816,Low
12/31/2017,X3,2017,Europe,Blue,Diesel,Manual,3.5,190994,52957,9109,High
12/31/2018,X3,2018,Middle East,White,Electric,Manual,3.4,12195,106788,5713,High
12/31/2020,i3,2020,South America,Black,Petrol,Automatic,3.7,57023,86765,3030,Low
12/31/2016,X1,2016,Asia,Blue,Diesel,Automatic,3.6,160987,48331,8331,High
12/31/2015,7 Series,2015,South America,Black,Hybrid,Manual,2.5,198148,79197,648,Low
12/31/2015,7 Series,2015,Europe,Black,Hybrid,Automatic,3.9,68911,118029,794,Low
12/31/2010,5 Series,2010,Europe,Red,Hybrid,Automatic,2.5,10650,69012,4872,Low
12/31/2014,M3,2014,South America,Silver,Diesel,Manual,3.8,84561,72522,1525,Low
12/31/2023,7 Series,2023,North America,Blue,Hybrid,Manual,2.5,106827,131092,2038,Low
12/31/2017,M5,2017,Asia,Grey,Electric,Automatic,1.8,94021,123254,1523,Low
12/31/2015,3 Series,2015,South America,Grey,Diesel,Automatic,1.9,117178,44681,5645,High
12/31/2021,M5,2021,Middle East,Red,Hybrid,Manual,4.4,31872,170585,1014,Low
12/31/2010,7 Series,2010,Europe,Red,Hybrid,Automatic,1.9,195242,62707,752,Low
12/31/2024,X1,2024,North America,Grey,Hybrid,Manual,2.7,142080,90684,7973,High
12/31/2024,i3,2024,South America,Grey,Hybrid,Automatic,2.5,24731,115294,3742,Low
12/31/2014,M5,2014,Europe,Black,Electric,Manual,1.7,195080,86324,1200,Low
12/31/2022,3 Series,2022,South America,Red,Hybrid,Manual,3.6,62515,101407,7534,High
12/31/2020,M5,2020,North America,Blue,Diesel,Manual,4.3,131861,124799,451,Low
12/31/2021,i8,2021,Europe,Silver,Hybrid,Automatic,5,166570,156872,682,Low
12/31/2014,5 Series,2014,North America,Blue,Petrol,Manual,4.8,8068,96105,6258,High
12/31/2021,M3,2021,Asia,Silver,Hybrid,Manual,1.7,48591,107822,4112,Low
12/31/2012,X5,2012,Europe,White,Electric,Manual,2.4,108811,69905,5149,High
12/31/2017,X1,2017,Asia,Grey,Diesel,Automatic,2.9,104870,56502,7781,High
12/31/2024,X3,2024,North America,Blue,Hybrid,Manual,4.6,84276,128243,9195,High
12/31/2018,5 Series,2018,Africa,Blue,Electric,Manual,2.8,185302,77306,3947,Low
12/31/2015,3 Series,2015,Middle East,Silver,Petrol,Manual,3.5,195629,45180,7111,High
12/31/2015,X3,2015,North America,Blue,Hybrid,Manual,3.8,188678,57991,9821,High
12/31/2011,M5,2011,Africa,White,Hybrid,Manual,2.5,157541,81267,50,Low
12/31/2019,X1,2019,South America,Silver,Diesel,Automatic,3.5,9897,85065,4874,Low
12/31/2011,M3,2011,North America,Silver,Electric,Manual,1.7,171571,54631,2460,Low
12/31/2015,X5,2015,Asia,Black,Petrol,Automatic,3.2,30273,87946,6588,High
12/31/2021,3 Series,2021,Africa,Silver,Petrol,Manual,2.8,116172,70737,5608,High
12/31/2017,X6,2017,South America,Black,Petrol,Manual,2.7,182392,65887,3099,Low
12/31/2011,M5,2011,South America,White,Hybrid,Automatic,2.3,129739,88657,125,Low
12/31/2018,M3,2018,North America,Red,Electric,Automatic,4.4,116270,111298,2851,Low
12/31/2022,5 Series,2022,South America,Silver,Petrol,Automatic,4.6,30279,121439,4348,Low
12/31/2021,3 Series,2021,North America,Grey,Electric,Manual,4.6,83608,115174,8958,High
12/31/2023,X3,2023,Middle East,Blue,Petrol,Automatic,2.9,74169,101314,7081,High
12/31/2018,7 Series,2018,South America,Blue,Diesel,Manual,2.4,87883,106149,633,Low
12/31/2024,i3,2024,Middle East,Red,Diesel,Manual,1.8,185376,72131,4743,Low
12/31/2023,i3,2023,South America,Blue,Electric,Automatic,3.9,58541,113096,4354,Low
12/31/2013,X1,2013,North America,Silver,Diesel,Manual,2.7,76113,42696,7826,High
12/31/2013,M5,2013,Europe,Grey,Diesel,Manual,2.5,194211,73796,1357,Low
12/31/2013,X5,2013,Asia,Grey,Petrol,Automatic,2.8,122407,65993,4967,Low
12/31/2020,3 Series,2020,South America,Blue,Electric,Automatic,3.4,176095,84429,6429,High
12/31/2014,M3,2014,Africa,Blue,Petrol,Manual,2.1,97895,64734,1066,Low
12/31/2017,M3,2017,Africa,Blue,Electric,Automatic,4.9,130435,106969,1062,Low
12/31/2011,M5,2011,Asia,Black,Petrol,Automatic,4.1,72231,99855,814,Low
12/31/2020,3 Series,2020,Africa,White,Electric,Manual,1.7,128860,75720,5854,High
12/31/2014,5 Series,2014,Asia,Black,Hybrid,Manual,2.6,116225,68309,7700,High
12/31/2023,M5,2023,Asia,Blue,Petrol,Manual,1.7,132848,128708,1981,Low
12/31/2011,7 Series,2011,South America,Blue,Hybrid,Automatic,2.3,109835,83940,50,Low
12/31/2024,i3,2024,Africa,White,Diesel,Manual,2.5,165811,75897,3119,Low
12/31/2020,M5,2020,Europe,Blue,Hybrid,Manual,4,115372,144202,2051,Low
12/31/2020,M5,2020,South America,Blue,Petrol,Automatic,4,158845,121429,1003,Low
12/31/2017,i8,2017,Africa,Grey,Hybrid,Manual,1.7,18024,138750,50,Low
12/31/2010,i3,2010,Middle East,Blue,Electric,Manual,3.6,20114,71785,2415,Low
12/31/2024,M5,2024,North America,Silver,Diesel,Manual,4.9,17006,165331,1909,Low
12/31/2016,5 Series,2016,North America,Grey,Hybrid,Manual,3.7,106770,82731,5732,High
12/31/2012,X3,2012,Asia,Blue,Petrol,Automatic,4.9,81625,68413,7391,High
12/31/2013,X6,2013,Africa,Grey,Petrol,Manual,2.8,129364,63803,1832,Low
12/31/2023,X5,2023,Middle East,Silver,Hybrid,Manual,3.1,150308,107031,5144,High
12/31/2024,M3,2024,Asia,Black,Electric,Manual,3.2,85971,127744,3726,Low
12/31/2017,X1,2017,North America,White,Diesel,Manual,4.7,64803,72475,7077,High
12/31/2012,5 Series,2012,Africa,Blue,Electric,Manual,2.8,161272,51721,2759,Low
12/31/2021,X6,2021,Asia,Grey,Hybrid,Automatic,4.9,174400,113511,5262,High
12/31/2022,X6,2022,Europe,Silver,Electric,Manual,3.4,42937,135499,4548,Low
12/31/2022,5 Series,2022,North America,Blue,Hybrid,Manual,2.3,154118,92428,8629,High
12/31/2016,M5,2016,Europe,Red,Petrol,Manual,1.9,158398,91163,1705,Low
12/31/2021,7 Series,2021,South America,Silver,Hybrid,Manual,2.1,135906,117393,1241,Low
12/31/2010,X6,2010,South America,Black,Diesel,Automatic,1.6,44649,56511,1686,Low
12/31/2018,X6,2018,Africa,Blue,Electric,Automatic,3.9,69003,122748,2340,Low
12/31/2022,3 Series,2022,South America,Grey,Petrol,Automatic,3.3,91039,90784,6518,High
12/31/2015,M3,2015,North America,White,Electric,Automatic,4.1,89276,105938,2406,Low
12/31/2012,i3,2012,North America,Black,Hybrid,Manual,4.2,175512,49142,3996,Low
12/31/2016,5 Series,2016,Middle East,Silver,Diesel,Manual,4.8,82119,92134,4548,Low
12/31/2024,X3,2024,Asia,Grey,Hybrid,Manual,1.9,152830,93378,9673,High
12/31/2022,i8,2022,Asia,Red,Diesel,Manual,2.2,131406,145537,518,Low
12/31/2014,3 Series,2014,Asia,Grey,Diesel,Automatic,3.4,92968,55198,15000,High
12/31/2017,i3,2017,Middle East,Blue,Diesel,Manual,2,94309,57632,3523,Low
12/31/2017,X6,2017,North America,Silver,Diesel,Automatic,1.8,26063,94012,4373,Low
12/31/2021,X1,2021,Europe,Red,Diesel,Automatic,3.8,151942,72475,8596,High
12/31/2018,3 Series,2018,North America,Red,Diesel,Automatic,4,22382,89921,8360,High
12/31/2015,i8,2015,Europe,Red,Hybrid,Manual,4.5,61158,149824,50,Low
12/31/2013,i8,2013,Asia,Blue,Diesel,Automatic,4.7,100397,130415,50,Low
12/31/2022,3 Series,2022,Asia,Silver,Diesel,Manual,3,177839,72503,10062,High
12/31/2011,i3,2011,Middle East,Red,Hybrid,Manual,4.9,130648,33774,3498,Low
12/31/2012,i3,2012,Europe,Blue,Diesel,Automatic,1.6,13757,49785,4355,Low
12/31/2014,X6,2014,Europe,Black,Electric,Manual,4.5,101487,97708,3159,Low
12/31/2017,i8,2017,Asia,White,Hybrid,Automatic,2.6,136352,131258,50,Low
12/31/2021,X6,2021,Africa,Black,Hybrid,Manual,4.7,22109,134003,2158,Low
12/31/2019,X3,2019,Africa,White,Electric,Manual,2.3,94904,86506,5811,High
12/31/2011,M5,2011,Asia,Grey,Electric,Automatic,4.1,87275,121271,544,Low
12/31/2014,5 Series,2014,Africa,Grey,Hybrid,Automatic,3,8609,93012,2792,Low
12/31/2023,3 Series,2023,Asia,White,Electric,Manual,2.8,163273,89472,11731,High
12/31/2018,X1,2018,Asia,Red,Diesel,Manual,1.7,18214,63993,9326,High
12/31/2011,5 Series,2011,Middle East,Grey,Petrol,Manual,4,24313,76449,3496,Low
12/31/2024,X1,2024,South America,White,Hybrid,Automatic,2.1,148308,86769,5303,High
12/31/2017,X1,2017,South America,Silver,Hybrid,Manual,3.1,53949,75912,4270,Low
12/31/2012,5 Series,2012,Middle East,Black,Diesel,Automatic,2,1463,69145,3966,Low
12/31/2017,X1,2017,South America,Grey,Diesel,Manual,3.6,38382,65930,4375,Low
12/31/2013,X6,2013,Asia,Black,Diesel,Manual,2.3,79268,72268,3859,Low
12/31/2013,X3,2013,Africa,Grey,Petrol,Automatic,3.6,121527,51941,4307,Low
12/31/2021,i8,2021,Africa,Silver,Petrol,Manual,4.8,81958,164578,50,Low
12/31/2016,M5,2016,Middle East,Grey,Diesel,Manual,4.7,187902,103676,850,Low
12/31/2014,7 Series,2014,North America,White,Electric,Manual,2.2,55262,115885,611,Low
12/31/2013,5 Series,2013,Asia,Black,Petrol,Automatic,1.8,180941,39004,6258,High
12/31/2016,M3,2016,North America,Silver,Petrol,Automatic,1.6,92376,74517,3283,Low
12/31/2021,i8,2021,Africa,Grey,Petrol,Manual,4.4,21825,171274,50,Low
12/31/2012,X6,2012,Asia,Silver,Diesel,Automatic,2.4,118626,64193,3574,Low
12/31/2024,5 Series,2024,South America,Red,Diesel,Automatic,2.5,94831,99460,491,Low
12/31/2018,i3,2018,Middle East,Black,Diesel,Automatic,2.3,199561,48779,4273,Low
12/31/2023,X5,2023,South America,Blue,Hybrid,Manual,4.4,92775,120994,4800,Low
12/31/2022,i3,2022,South America,Black,Hybrid,Manual,4.9,77317,109121,3844,Low
12/31/2014,X1,2014,Africa,Black,Diesel,Automatic,4.1,146281,43193,4434,Low
12/31/2021,X3,2021,North America,Blue,Hybrid,Manual,4.4,54349,109925,9280,High
12/31/2012,i3,2012,Africa,Black,Electric,Automatic,3.7,110962,59279,2134,Low
12/31/2011,3 Series,2011,Asia,Red,Hybrid,Automatic,3.4,152533,44413,9877,High
12/31/2016,X6,2016,Europe,Silver,Hybrid,Manual,4,124323,100754,3243,Low
12/31/2021,M5,2021,Middle East,Black,Electric,Automatic,1.6,41277,153280,1176,Low
12/31/2016,M3,2016,Europe,Grey,Diesel,Manual,1.7,18283,83797,2320,Low
12/31/2021,X5,2021,Europe,Grey,Petrol,Manual,3.9,91761,110885,5865,High
12/31/2022,M3,2022,South America,Grey,Diesel,Manual,2.7,44694,112781,1724,Low
12/31/2014,X1,2014,Africa,Black,Electric,Manual,3.2,97615,62139,3443,Low
12/31/2013,5 Series,2013,South America,Blue,Hybrid,Manual,4.2,35416,91324,3506,Low
12/31/2022,X6,2022,Middle East,White,Electric,Automatic,3.5,24170,149748,2828,Low
12/31/2020,M3,2020,Africa,Black,Petrol,Automatic,4.3,121298,106184,1282,Low
12/31/2011,M5,2011,Asia,Red,Petrol,Manual,3,80553,89527,1007,Low
12/31/2011,X5,2011,Middle East,Silver,Diesel,Manual,2.5,149183,46405,3507,Low
12/31/2016,i3,2016,Asia,White,Diesel,Automatic,2.3,126616,77010,5374,High
12/31/2019,M3,2019,Africa,Grey,Hybrid,Automatic,2,188254,78548,2197,Low
12/31/2016,3 Series,2016,Asia,White,Diesel,Manual,1.6,3450,66529,9432,High
12/31/2013,X1,2013,North America,Red,Diesel,Manual,1.7,16784,44579,6339,High
12/31/2023,X1,2023,Europe,Grey,Petrol,Manual,2.4,89177,84813,7685,High
12/31/2013,7 Series,2013,North America,Red,Hybrid,Manual,2.5,103941,95302,885,Low
12/31/2013,i8,2013,North America,Silver,Diesel,Automatic,2.8,66954,123305,50,Low
12/31/2020,X3,2020,North America,Blue,Diesel,Automatic,3.6,100684,86839,10183,High
12/31/2011,X5,2011,South America,Grey,Electric,Manual,4.2,56335,84392,2236,Low
12/31/2022,M5,2022,Europe,Grey,Diesel,Automatic,2.2,119637,127142,1765,Low
12/31/2022,5 Series,2022,Africa,Silver,Hybrid,Automatic,4.2,29539,127185,3663,Low
12/31/2018,X5,2018,South America,Silver,Petrol,Automatic,2,109023,76085,4063,Low
12/31/2010,X5,2010,Africa,Blue,Petrol,Manual,5,36418,70838,2115,Low
12/31/2024,X5,2024,Asia,Black,Diesel,Manual,2.5,26010,116620,5922,High
12/31/2017,M3,2017,Middle East,Grey,Electric,Manual,4.4,2127,125515,1124,Low
12/31/2015,i3,2015,Africa,Black,Diesel,Manual,2.2,57333,53500,2972,Low
12/31/2024,M3,2024,Africa,White,Electric,Manual,4.8,31714,147101,2276,Low
12/31/2022,X1,2022,Middle East,Blue,Diesel,Automatic,4.4,168705,75058,5430,High
12/31/2019,7 Series,2019,North America,Black,Petrol,Manual,2.8,119761,105525,3149,Low
12/31/2016,i3,2016,Asia,Grey,Diesel,Automatic,3,174616,47148,6219,High
12/31/2021,M5,2021,Africa,Black,Petrol,Manual,1.5,118179,107221,1044,Low
12/31/2014,X6,2014,Africa,White,Electric,Manual,2.4,99538,85551,1589,Low
12/31/2015,M5,2015,Asia,Grey,Petrol,Manual,2.5,48742,111573,1389,Low
12/31/2015,X3,2015,Africa,Red,Hybrid,Manual,3.1,97876,64994,4640,Low
12/31/2022,M3,2022,Middle East,Grey,Electric,Manual,2,23845,127776,2135,Low
12/31/2018,X3,2018,Asia,Silver,Electric,Manual,3.2,84135,93255,10047,High
12/31/2019,i8,2019,South America,Blue,Hybrid,Automatic,3.8,151051,145426,159,Low
12/31/2022,7 Series,2022,Europe,Silver,Electric,Manual,2.8,133276,131931,2170,Low
12/31/2013,X1,2013,Africa,Black,Petrol,Automatic,2.3,182392,25000,3937,Low
12/31/2021,M5,2021,Europe,Silver,Diesel,Automatic,3.4,61084,136854,1731,Low
12/31/2020,7 Series,2020,Middle East,Black,Petrol,Manual,1.6,147039,106890,118,Low
12/31/2021,7 Series,2021,Africa,Silver,Hybrid,Automatic,2.7,17188,149369,2160,Low
12/31/2022,5 Series,2022,Africa,Black,Diesel,Manual,3.3,37102,107879,3445,Low
12/31/2014,5 Series,2014,South America,Blue,Electric,Manual,2.7,21326,84199,3886,Low
12/31/2013,M3,2013,Africa,Black,Diesel,Automatic,2.7,131289,57413,1328,Low
12/31/2010,X5,2010,Africa,White,Petrol,Manual,4.5,124093,55826,2338,Low
12/31/2019,X5,2019,North America,Black,Diesel,Automatic,4.8,28444,121554,4818,Low
12/31/2015,X6,2015,South America,Blue,Diesel,Manual,4.4,110275,79886,1900,Low
12/31/2014,X5,2014,North America,Grey,Hybrid,Manual,1.8,93793,71068,6098,High
12/31/2013,X1,2013,Europe,Red,Hybrid,Manual,2.5,175970,33648,6698,High
12/31/2015,X5,2015,North America,Red,Diesel,Automatic,4,195069,63697,5383,High
12/31/2021,i3,2021,Europe,Grey,Electric,Automatic,4.9,89441,111661,5319,High
12/31/2014,X6,2014,Europe,Silver,Hybrid,Manual,2.3,104423,76588,3480,Low
12/31/2012,M5,2012,Africa,Blue,Electric,Automatic,4.6,182749,104771,50,Low
12/31/2011,X5,2011,South America,Blue,Petrol,Manual,4.1,59332,70764,2971,Low
12/31/2022,X3,2022,Europe,Blue,Electric,Automatic,4.9,19891,136974,7751,High
12/31/2015,X1,2015,Middle East,Red,Petrol,Manual,1.8,151049,32385,5966,High
12/31/2013,i3,2013,Asia,Grey,Petrol,Manual,2.9,60706,53396,4231,Low
12/31/2020,3 Series,2020,Middle East,Black,Petrol,Automatic,3.2,113391,76959,6312,High
12/31/2024,i3,2024,Europe,Black,Petrol,Automatic,3.9,99902,107541,4642,Low
12/31/2022,M5,2022,Asia,White,Diesel,Automatic,3.8,187830,119285,1977,Low
12/31/2019,X3,2019,Europe,Silver,Hybrid,Manual,4.7,56620,104731,9051,High
12/31/2012,X1,2012,Asia,Blue,Diesel,Automatic,4.4,106560,47790,7843,High
12/31/2023,i8,2023,South America,Blue,Petrol,Manual,1.7,168247,127009,547,Low
12/31/2017,7 Series,2017,Africa,Grey,Diesel,Automatic,3.2,143352,96693,522,Low
12/31/2021,X1,2021,Africa,Black,Hybrid,Manual,2.9,39395,89432,5505,High
12/31/2018,i8,2018,Middle East,Red,Hybrid,Manual,5,66099,176179,50,Low
12/31/2024,M3,2024,Europe,Blue,Electric,Manual,3,49212,142296,3046,Low
12/31/2016,X1,2016,North America,Silver,Petrol,Manual,3.9,181876,46534,7393,High
12/31/2011,i8,2011,Africa,Grey,Petrol,Manual,2.5,142813,88681,50,Low
12/31/2017,7 Series,2017,South America,Red,Electric,Automatic,3.7,23330,135920,53,Low
12/31/2020,M3,2020,Europe,Blue,Petrol,Manual,2.2,122380,40248,4215,Low
12/31/2022,5 Series,2022,Europe,Black,Petrol,Automatic,3.6,155314,94184,6343,High
12/31/2022,M3,2022,South America,Blue,Petrol,Automatic,4.5,104320,120778,1953,Low
12/31/2020,X6,2020,South America,Silver,Hybrid,Manual,1.6,80460,103191,2922,Low
12/31/2014,7 Series,2014,North America,Black,Diesel,Manual,3.3,32801,105964,791,Low
12/31/2024,5 Series,2024,South America,Blue,Hybrid,Automatic,4.9,37482,140250,4405,Low
12/31/2024,M5,2024,Middle East,Blue,Hybrid,Automatic,2.1,193871,130811,2217,Low
12/31/2024,M5,2024,Middle East,Grey,Petrol,Automatic,2.1,92404,142958,1435,Low
12/31/2020,5 Series,2020,Middle East,White,Petrol,Automatic,3.1,127423,91611,5355,High
12/31/2019,3 Series,2019,North America,Red,Electric,Manual,4.5,76810,100341,11045,High
12/31/2016,7 Series,2016,Asia,Grey,Diesel,Manual,3.5,111962,98754,1227,Low
12/31/2014,3 Series,2014,South America,White,Hybrid,Manual,3.3,7004,80085,5090,High
12/31/2011,i8,2011,North America,Blue,Petrol,Manual,1.8,194709,87504,50,Low
12/31/2021,M3,2021,Middle East,White,Electric,Manual,4.9,142332,123037,2310,Low
12/31/2021,M3,2021,South America,Silver,Petrol,Automatic,2.7,170758,84825,2230,Low
12/31/2021,3 Series,2021,Africa,White,Hybrid,Manual,2.4,148820,72406,6306,High
12/31/2013,M5,2013,Africa,Silver,Electric,Automatic,2.9,665,126808,50,Low
12/31/2022,X6,2022,Europe,Red,Petrol,Manual,2.9,10577,123378,4698,Low
12/31/2020,i3,2020,Middle East,Red,Diesel,Manual,3.1,48151,85709,3581,Low
12/31/2014,i8,2014,Asia,Black,Diesel,Manual,3.9,3593,142507,50,Low
12/31/2015,3 Series,2015,North America,Blue,Electric,Manual,4.5,190476,65104,10437,High
12/31/2014,X3,2014,Africa,Silver,Electric,Manual,1.7,132574,50116,3879,Low
12/31/2019,3 Series,2019,Africa,Black,Diesel,Automatic,3.2,23569,85138,4965,Low
12/31/2020,X5,2020,Europe,Blue,Petrol,Manual,2.9,68746,94372,5128,High
12/31/2024,M3,2024,Middle East,Black,Hybrid,Automatic,1.5,182969,101781,3471,Low
12/31/2010,7 Series,2010,North America,White,Hybrid,Manual,4.4,6047,119461,50,Low
12/31/2010,M3,2010,Africa,White,Hybrid,Manual,1.9,49172,64923,678,Low
12/31/2024,3 Series,2024,Asia,Red,Hybrid,Manual,1.9,64296,102186,10448,High
12/31/2012,i8,2012,Africa,Silver,Petrol,Automatic,1.7,178034,89754,50,Low
12/31/2018,i3,2018,Europe,Red,Petrol,Automatic,2.2,46553,72830,5483,High
12/31/2020,5 Series,2020,Asia,Grey,Petrol,Automatic,2.1,162349,76369,7502,High
12/31/2011,5 Series,2011,South America,Black,Electric,Manual,2.7,183863,46908,3543,Low
12/31/2019,X6,2019,Europe,Grey,Hybrid,Manual,3.8,52743,161657,4163,Low
12/31/2014,X6,2014,Africa,Red,Petrol,Automatic,1.7,193443,48936,2372,Low
12/31/2018,7 Series,2018,Asia,Grey,Diesel,Manual,4.5,127347,113622,1180,Low
12/31/2016,M3,2016,Europe,Grey,Petrol,Manual,2.6,44117,86879,2258,Low
12/31/2020,i8,2020,Europe,White,Diesel,Manual,3.6,4588,96550,993,Low
12/31/2017,5 Series,2017,South America,White,Diesel,Manual,1.5,142775,51899,4586,Low
12/31/2011,X1,2011,Africa,Red,Diesel,Manual,2.8,73714,31297,4027,Low
12/31/2014,X5,2014,North America,Grey,Electric,Automatic,1.5,124858,71326,5945,High
12/31/2018,X1,2018,Europe,Silver,Hybrid,Automatic,2.1,132749,59542,7640,High
12/31/2010,X1,2010,Middle East,Red,Diesel,Automatic,3.1,133164,26915,4345,Low
12/31/2010,3 Series,2010,South America,Red,Hybrid,Manual,3.4,124638,39043,5620,High
12/31/2019,X3,2019,Europe,Red,Petrol,Automatic,2,73286,76889,9666,High
12/31/2017,X3,2017,Europe,Grey,Hybrid,Automatic,4.1,185766,75312,7467,High
12/31/2011,X5,2011,North America,White,Petrol,Automatic,2.2,103018,55419,4858,Low
12/31/2018,X3,2018,Asia,Red,Diesel,Automatic,1.9,6100,85556,7987,High
12/31/2019,5 Series,2019,North America,Blue,Petrol,Manual,2.7,142520,77080,7107,High
12/31/2018,3 Series,2018,Africa,Blue,Petrol,Automatic,3.4,106859,67934,4761,Low
12/31/2013,5 Series,2013,Africa,White,Diesel,Manual,5,14538,82286,3260,Low
12/31/2011,X3,2011,Asia,White,Electric,Automatic,3,47476,68590,8309,High
12/31/2012,M3,2012,Africa,Red,Hybrid,Automatic,3,6629,93580,491,Low
12/31/2019,X5,2019,South America,White,Petrol,Manual,1.7,120743,75513,3762,Low
12/31/2010,i3,2010,Asia,Red,Electric,Automatic,4.2,139690,54128,3836,Low
12/31/2012,i8,2012,Asia,Blue,Petrol,Manual,2.1,15064,124215,50,Low
12/31/2014,M3,2014,North America,Grey,Diesel,Manual,4.1,95088,82293,2544,Low
12/31/2012,X5,2012,Europe,White,Electric,Manual,4.7,4279,104145,4587,Low
12/31/2012,i3,2012,North America,Grey,Diesel,Automatic,4.2,52323,60190,4308,Low
12/31/2019,X3,2019,South America,White,Electric,Manual,3.7,114532,89748,5308,High
12/31/2015,M3,2015,South America,Blue,Hybrid,Manual,3.6,198557,70993,1515,Low
12/31/2012,X5,2012,North America,Blue,Hybrid,Automatic,3.1,190235,59363,4760,Low
12/31/2012,X1,2012,Europe,White,Hybrid,Automatic,2,151747,32257,7913,High
12/31/2024,7 Series,2024,Europe,Red,Diesel,Automatic,4.2,9128,156775,1454,Low
12/31/2018,X5,2018,Asia,White,Electric,Manual,3.2,158028,90455,5899,High
12/31/2011,i3,2011,North America,Grey,Hybrid,Manual,3.7,115749,51851,4645,Low
12/31/2010,M5,2010,Middle East,Silver,Hybrid,Automatic,2.8,149300,88718,126,Low
12/31/2019,5 Series,2019,North America,White,Hybrid,Automatic,2.2,30691,108314,6557,High
12/31/2017,5 Series,2017,North America,Red,Diesel,Automatic,4.3,75731,96082,7403,High
12/31/2022,M5,2022,Middle East,Blue,Hybrid,Automatic,2.7,108522,143547,1457,Low
12/31/2023,X6,2023,Asia,White,Diesel,Automatic,4.5,141429,117531,4609,Low
12/31/2012,i8,2012,North America,Black,Petrol,Automatic,4.9,11074,142654,50,Low
12/31/2016,X5,2016,Europe,Blue,Petrol,Automatic,4.4,143114,82973,6105,High
12/31/2011,7 Series,2011,Europe,White,Diesel,Automatic,1.9,25949,85576,528,Low
12/31/2020,i3,2020,South America,Black,Electric,Automatic,4.5,44620,112628,3775,Low
12/31/2020,X3,2020,Europe,Silver,Electric,Automatic,3.3,40094,112453,7680,High
12/31/2021,5 Series,2021,Middle East,White,Diesel,Manual,2.3,199851,68303,4617,Low
12/31/2017,M5,2017,Middle East,Blue,Electric,Automatic,1.8,27044,139554,415,Low
12/31/2018,X3,2018,Asia,White,Electric,Manual,2.5,57820,43807,11334,High
12/31/2017,M3,2017,South America,Black,Diesel,Manual,2,186388,58092,2274,Low
12/31/2017,X1,2017,South America,Red,Electric,Manual,1.6,53390,66456,4720,Low
12/31/2017,i8,2017,Africa,Blue,Petrol,Automatic,5,69865,145127,50,Low
12/31/2023,X6,2023,Africa,Black,Hybrid,Automatic,4.4,150902,122431,3264,Low
12/31/2016,5 Series,2016,North America,Red,Diesel,Automatic,4.1,138122,71538,712,Low
12/31/2011,i8,2011,Africa,Red,Electric,Automatic,2.2,113121,112792,50,Low
12/31/2017,X3,2017,Middle East,Red,Hybrid,Manual,1.6,120071,65514,6586,High
12/31/2014,5 Series,2014,Asia,Black,Electric,Manual,3.2,186977,64610,7073,High
12/31/2015,M3,2015,Middle East,Grey,Hybrid,Manual,4.1,96872,102109,1138,Low
12/31/2013,M5,2013,North America,Grey,Electric,Manual,4.9,51507,134906,632,Low
12/31/2010,X6,2010,North America,Silver,Electric,Manual,4.5,101425,82151,3325,Low
12/31/2022,X5,2022,South America,Blue,Electric,Automatic,4.6,147823,117503,4665,Low
12/31/2014,i8,2014,North America,Red,Diesel,Automatic,2.3,83167,125376,50,Low
12/31/2012,X1,2012,Asia,Black,Diesel,Automatic,2,6481,48730,7065,High
12/31/2018,X1,2018,Africa,Grey,Electric,Automatic,2.4,94187,71022,4517,Low
12/31/2013,3 Series,2013,Africa,Grey,Electric,Manual,2,76825,59160,4219,Low
12/31/2019,X5,2019,Europe,Red,Hybrid,Automatic,4.3,188978,94287,6204,High
12/31/2011,X5,2011,North America,Black,Petrol,Automatic,4.7,66191,75367,4384,Low
12/31/2013,X6,2013,Europe,Blue,Electric,Automatic,2.6,118568,86661,3390,Low
12/31/2012,3 Series,2012,Europe,Grey,Petrol,Manual,4.6,192563,36667,8388,High
12/31/2012,X1,2012,Africa,White,Petrol,Automatic,1.7,129400,25000,4200,Low
12/31/2014,3 Series,2014,Asia,Silver,Electric,Manual,3.9,95076,75842,10412,High
12/31/2010,i8,2010,Middle East,Black,Hybrid,Automatic,3.3,185811,109519,50,Low
12/31/2014,X6,2014,South America,Grey,Diesel,Automatic,2.5,4914,91067,1997,Low
12/31/2017,X5,2017,Europe,Red,Hybrid,Automatic,4.2,156474,94002,6283,High
12/31/2024,5 Series,2024,Middle East,Grey,Electric,Automatic,2.2,51961,131714,5804,High
12/31/2024,M5,2024,Middle East,Black,Electric,Automatic,3,102862,167684,1331,Low
12/31/2019,5 Series,2019,Asia,White,Electric,Automatic,4,161731,162505,6552,High
12/31/2021,3 Series,2021,Middle East,White,Hybrid,Automatic,2.7,105205,94370,7764,High
12/31/2018,i3,2018,North America,Silver,Petrol,Automatic,4.5,164135,68017,5145,High
12/31/2021,7 Series,2021,Europe,White,Electric,Manual,4.5,51343,153427,1665,Low
12/31/2010,X5,2010,Asia,Red,Diesel,Automatic,2.2,15641,62379,6065,High
12/31/2023,5 Series,2023,South America,Blue,Diesel,Manual,3,33096,110792,4315,Low
12/31/2011,X5,2011,Asia,Black,Petrol,Manual,3,154063,49185,5896,High
12/31/2011,5 Series,2011,South America,Red,Diesel,Manual,2.9,60405,54494,3426,Low
12/31/2015,M5,2015,South America,Silver,Hybrid,Automatic,3.3,106062,112938,380,Low
12/31/2010,M3,2010,Asia,Red,Electric,Automatic,1.8,151123,53479,2447,Low
12/31/2020,X5,2020,South America,Silver,Petrol,Manual,4.5,149890,91455,4018,Low
12/31/2010,7 Series,2010,North America,Silver,Petrol,Automatic,2.5,129668,73698,751,Low
12/31/2011,X1,2011,Asia,White,Hybrid,Automatic,1.5,132519,30453,7569,High
12/31/2024,5 Series,2024,North America,White,Electric,Automatic,3.9,37558,136878,8189,High
12/31/2021,X3,2021,Africa,Grey,Petrol,Automatic,3.8,20454,104542,4693,Low
12/31/2022,i8,2022,Middle East,Grey,Electric,Automatic,4.9,28748,195655,50,Low
12/31/2013,M5,2013,Africa,White,Hybrid,Automatic,4,59626,123017,50,Low
12/31/2011,X6,2011,Africa,Red,Diesel,Manual,2.7,146396,47644,1610,Low
12/31/2013,7 Series,2013,Africa,Grey,Hybrid,Manual,4.8,3821,120786,50,Low
12/31/2012,i3,2012,Africa,White,Petrol,Manual,2.8,13766,52820,2327,Low
12/31/2012,5 Series,2012,Europe,Black,Hybrid,Automatic,4.4,168884,66930,6439,High
12/31/2024,M3,2024,Africa,Silver,Electric,Manual,2.7,165623,107763,2697,Low
12/31/2018,i3,2018,North America,Silver,Hybrid,Automatic,1.7,190874,53969,6475,High
12/31/2017,X5,2017,Asia,Grey,Electric,Automatic,4.1,192840,90417,5975,High
12/31/2021,5 Series,2021,Middle East,White,Electric,Manual,2.7,117411,110142,4951,Low
12/31/2021,5 Series,2021,Asia,Black,Hybrid,Manual,2.7,84709,108308,7981,High
12/31/2019,i3,2019,Africa,Black,Petrol,Automatic,4,117483,77427,2823,Low
12/31/2018,X1,2018,Asia,Black,Hybrid,Manual,2.6,84006,74515,8930,High
12/31/2010,X5,2010,Middle East,Red,Electric,Automatic,1.9,5578,79465,3190,Low
12/31/2021,5 Series,2021,Africa,White,Diesel,Manual,2.9,42808,152523,2901,Low
12/31/2014,7 Series,2014,Middle East,Silver,Hybrid,Manual,4.4,196771,94971,363,Low
12/31/2021,M5,2021,Europe,Silver,Electric,Automatic,2,136305,134911,1927,Low
12/31/2021,X5,2021,Europe,Black,Hybrid,Manual,3.4,153094,97756,6038,High
12/31/2013,M3,2013,Europe,Red,Electric,Automatic,2,18022,90637,2212,Low
12/31/2020,X3,2020,North America,Silver,Diesel,Automatic,1.7,20628,140250,15000,High
12/31/2023,5 Series,2023,Middle East,White,Electric,Manual,2.8,133902,114802,6035,High
12/31/2018,i3,2018,Asia,White,Diesel,Automatic,3.8,167725,65298,6232,High
12/31/2023,M3,2023,Africa,Black,Petrol,Manual,2.5,160954,92105,2055,Low
12/31/2012,X5,2012,Africa,Blue,Hybrid,Manual,3.1,90792,67920,2679,Low
12/31/2014,3 Series,2014,North America,Grey,Diesel,Manual,3.2,30005,62965,8510,High
12/31/2017,7 Series,2017,North America,White,Hybrid,Manual,4.4,122696,122540,902,Low
12/31/2019,i8,2019,North America,Silver,Electric,Manual,4.4,48907,178286,73,Low
12/31/2024,3 Series,2024,North America,Red,Hybrid,Automatic,1.5,117895,94554,10190,High
12/31/2014,X6,2014,Africa,Black,Diesel,Automatic,2.9,61333,78605,1508,Low
12/31/2018,i8,2018,Middle East,Grey,Petrol,Manual,3.8,41198,164711,50,Low
12/31/2011,i3,2011,South America,Red,Diesel,Automatic,4.5,167201,36829,2529,Low
12/31/2015,X5,2015,Europe,Red,Petrol,Manual,1.7,131411,56380,5883,High
12/31/2014,M5,2014,Africa,Black,Diesel,Manual,3.7,4970,110563,50,Low
12/31/2018,i8,2018,Asia,White,Petrol,Automatic,4.4,22879,159067,50,Low
12/31/2016,M3,2016,North America,Grey,Petrol,Automatic,2.4,177638,69732,2913,Low
12/31/2017,X3,2017,Asia,Red,Hybrid,Automatic,2.2,36883,86466,8359,High
12/31/2016,X5,2016,Europe,Black,Hybrid,Manual,3.1,198469,70938,5305,High
12/31/2022,X6,2022,Africa,Grey,Electric,Automatic,4.9,92770,137254,2795,Low
12/31/2019,3 Series,2019,Asia,Silver,Hybrid,Automatic,3.9,140952,80583,11068,High
12/31/2019,M3,2019,Africa,Silver,Petrol,Manual,3,40845,98254,1264,Low
12/31/2014,M5,2014,Asia,Grey,Electric,Automatic,1.6,159712,97402,1283,Low
12/31/2020,X1,2020,Africa,Blue,Petrol,Manual,3.4,65127,80281,4889,Low
12/31/2022,X3,2022,Asia,Blue,Diesel,Manual,2.7,2490,153227,7537,High
12/31/2023,M3,2023,Europe,Silver,Electric,Manual,2.1,143503,105372,4170,Low
12/31/2014,M5,2014,North America,Black,Diesel,Automatic,3.3,98165,105213,1129,Low
12/31/2022,M5,2022,Middle East,White,Hybrid,Manual,2.7,37733,157428,1486,Low
12/31/2020,5 Series,2020,Middle East,Red,Petrol,Automatic,1.6,7912,96986,4599,Low
12/31/2013,X6,2013,Africa,Grey,Diesel,Automatic,4,108275,72511,1418,Low
12/31/2011,i8,2011,North America,Black,Petrol,Automatic,4.1,120933,117307,50,Low
12/31/2023,X6,2023,Asia,Red,Petrol,Manual,3.7,56642,123918,4180,Low
12/31/2018,X6,2018,Africa,White,Hybrid,Manual,4.4,110117,112182,2221,Low
12/31/2019,3 Series,2019,Africa,Red,Electric,Manual,2.2,159689,70189,5129,High
12/31/2019,X6,2019,Africa,Black,Petrol,Manual,2.5,129964,87558,2253,Low
12/31/2021,X3,2021,Asia,Blue,Petrol,Manual,3.1,11488,105856,7740,High
12/31/2019,X3,2019,Europe,White,Diesel,Automatic,1.7,14686,81509,8910,High
12/31/2019,M5,2019,Asia,Red,Hybrid,Manual,4.6,189803,126273,2529,Low
12/31/2012,X5,2012,South America,Grey,Diesel,Manual,3.2,43756,66921,2627,Low
12/31/2020,i3,2020,Middle East,Grey,Electric,Manual,2.6,46232,100066,4187,Low
12/31/2020,M3,2020,Africa,White,Petrol,Automatic,3.2,147277,85119,1691,Low
12/31/2012,X5,2012,Africa,Grey,Petrol,Automatic,2.6,142643,25000,3318,Low
12/31/2012,X3,2012,Europe,White,Hybrid,Manual,2.5,90730,57583,8085,High
12/31/2017,3 Series,2017,South America,Silver,Petrol,Automatic,3.1,50989,72472,6203,High
12/31/2015,X6,2015,Europe,Blue,Hybrid,Automatic,3.2,31609,109663,3692,Low
12/31/2010,X6,2010,North America,Blue,Petrol,Manual,3,123655,59671,3674,Low
12/31/2021,i3,2021,South America,Grey,Electric,Manual,3.4,20407,108753,3284,Low
12/31/2022,X5,2022,Europe,Blue,Diesel,Manual,4.2,195340,95215,7030,High
12/31/2024,X3,2024,Asia,Black,Diesel,Automatic,1.7,32589,106383,8509,High
12/31/2023,i8,2023,Europe,Red,Electric,Manual,4.3,124862,183828,525,Low
12/31/2012,X6,2012,Europe,Red,Petrol,Automatic,2.3,102670,68163,3163,Low
12/31/2013,X5,2013,Asia,Blue,Diesel,Manual,2.4,39220,69318,4929,Low
12/31/2022,X5,2022,South America,Silver,Diesel,Automatic,3.6,19443,121797,3282,Low
12/31/2011,7 Series,2011,Middle East,Silver,Diesel,Automatic,4.9,141572,93212,50,Low
12/31/2015,M3,2015,Asia,Red,Hybrid,Manual,1.6,45378,86511,2548,Low
12/31/2019,M5,2019,South America,Grey,Petrol,Automatic,3.9,171616,109077,971,Low
12/31/2021,M3,2021,South America,White,Hybrid,Automatic,3.9,141330,107546,2222,Low
12/31/2010,X6,2010,Africa,Blue,Electric,Automatic,3.5,99742,78082,1286,Low
12/31/2010,X5,2010,South America,Blue,Petrol,Manual,1.5,160863,28891,3519,Low
12/31/2017,3 Series,2017,Asia,Grey,Diesel,Manual,3.6,76596,70330,10433,High
12/31/2013,3 Series,2013,Asia,Red,Petrol,Automatic,1.9,100929,41038,10273,High
12/31/2024,M3,2024,Middle East,Blue,Electric,Automatic,1.8,59512,134505,2597,Low
12/31/2024,X6,2024,Asia,Black,Hybrid,Manual,3.9,70863,136477,5033,High
12/31/2010,3 Series,2010,North America,White,Diesel,Manual,4,87423,43888,7771,High
12/31/2016,5 Series,2016,Middle East,Grey,Electric,Manual,4.6,1284,121573,4358,Low
12/31/2018,X3,2018,Asia,Silver,Electric,Automatic,1.5,52637,87377,9751,High
12/31/2019,X5,2019,South America,White,Electric,Manual,2.8,143408,89280,4763,Low
12/31/2016,3 Series,2016,South America,Grey,Petrol,Automatic,1.5,59449,58094,5552,High
12/31/2010,X3,2010,Middle East,White,Hybrid,Automatic,2.8,91537,53713,5541,High
12/31/2010,i8,2010,North America,Grey,Petrol,Automatic,3.2,120227,107218,50,Low
12/31/2021,M3,2021,Europe,Red,Electric,Automatic,3.4,10344,135490,3193,Low
12/31/2010,i3,2010,Asia,Blue,Diesel,Manual,2.7,57085,38353,4709,Low
12/31/2024,M5,2024,Africa,Red,Hybrid,Manual,4,58149,164967,1164,Low
12/31/2017,i3,2017,Europe,Grey,Hybrid,Manual,3,57137,80691,4465,Low
12/31/2016,X6,2016,Europe,White,Electric,Automatic,3.3,177968,92548,3318,Low
12/31/2023,X6,2023,Africa,White,Hybrid,Automatic,4.3,173623,117289,2642,Low
12/31/2012,X1,2012,Europe,White,Electric,Manual,2.1,30880,58190,6208,High
12/31/2012,7 Series,2012,Asia,Black,Petrol,Automatic,2.6,25473,102017,720,Low
12/31/2021,i3,2021,North America,Grey,Hybrid,Automatic,3.3,73217,105889,5229,High
12/31/2012,X5,2012,Africa,White,Diesel,Automatic,4.2,148639,56321,2621,Low
12/31/2011,5 Series,2011,Europe,White,Petrol,Automatic,3,139787,44854,5757,High
12/31/2023,M5,2023,South America,Black,Electric,Automatic,1.8,177702,127534,1697,Low
12/31/2023,i8,2023,Europe,Red,Petrol,Automatic,5,178738,162916,314,Low
12/31/2013,X6,2013,Africa,Grey,Petrol,Automatic,4,6789,91686,1446,Low
12/31/2016,X5,2016,Asia,Black,Diesel,Automatic,4,48142,96436,4967,Low
12/31/2018,3 Series,2018,Asia,Black,Diesel,Automatic,3.1,134367,62894,9458,High
12/31/2012,i8,2012,Middle East,Silver,Electric,Automatic,3.4,125228,127283,50,Low
12/31/2019,M5,2019,South America,Blue,Petrol,Automatic,5,31532,147587,459,Low
12/31/2016,X5,2016,Africa,White,Hybrid,Automatic,3.6,198926,74899,3364,Low
12/31/2021,7 Series,2021,Africa,Red,Electric,Automatic,2.3,60169,131973,1208,Low
12/31/2024,7 Series,2024,Asia,Red,Electric,Automatic,4.9,147424,163912,2212,Low
12/31/2013,i3,2013,Europe,Red,Electric,Automatic,3.4,169062,55657,4187,Low
12/31/2010,7 Series,2010,Europe,Blue,Petrol,Manual,1.6,99182,69104,722,Low
12/31/2014,5 Series,2014,Asia,Red,Electric,Manual,3.5,8034,96460,6673,High
12/31/2017,X5,2017,Asia,White,Petrol,Manual,1.7,82404,75557,6627,High
12/31/2012,X3,2012,Africa,Grey,Diesel,Automatic,3.3,190754,31930,4258,Low
12/31/2019,M3,2019,South America,Grey,Diesel,Automatic,4.4,116361,95673,1720,Low
12/31/2013,7 Series,2013,Middle East,Blue,Hybrid,Manual,3.4,112467,107339,50,Low
12/31/2024,7 Series,2024,Asia,Red,Petrol,Manual,2.8,142494,122838,376,Low
12/31/2012,X5,2012,Africa,Red,Diesel,Automatic,4.6,61342,78468,2268,Low
12/31/2024,X3,2024,Middle East,Red,Electric,Automatic,4.7,145822,124937,5736,High
12/31/2019,X3,2019,North America,Black,Electric,Automatic,2.7,104815,91349,9575,High
12/31/2023,5 Series,2023,Europe,Black,Electric,Manual,3.2,72008,123417,7269,High
12/31/2023,X3,2023,Middle East,White,Diesel,Automatic,4.9,199674,89941,7503,High
12/31/2017,5 Series,2017,North America,Black,Hybrid,Manual,2.1,98764,103504,6765,High
12/31/2019,7 Series,2019,South America,White,Petrol,Automatic,2.5,102265,110287,665,Low
12/31/2017,X5,2017,South America,White,Hybrid,Automatic,3,25576,110159,3373,Low
12/31/2023,X3,2023,North America,Black,Hybrid,Automatic,1.9,139927,90913,8668,High
12/31/2013,i3,2013,Middle East,Blue,Electric,Manual,2.5,18164,77375,2743,Low
12/31/2020,X1,2020,North America,Red,Diesel,Manual,3.4,40024,81229,7514,High
12/31/2011,3 Series,2011,South America,Black,Hybrid,Manual,2.3,196346,25175,5805,High
12/31/2021,3 Series,2021,Africa,Red,Hybrid,Manual,3.9,84282,99303,6212,High
12/31/2012,M3,2012,Europe,Blue,Electric,Automatic,2.7,6109,98087,1723,Low
12/31/2012,X5,2012,Middle East,White,Electric,Manual,1.8,66007,76460,2917,Low
12/31/2013,M3,2013,Asia,Red,Hybrid,Manual,4.2,158792,72687,2347,Low
12/31/2020,i3,2020,North America,White,Petrol,Automatic,3.5,6300,100590,5788,High
12/31/2022,7 Series,2022,Europe,Black,Electric,Manual,4.4,8521,160874,1797,Low
12/31/2011,M3,2011,Europe,Blue,Diesel,Automatic,2.8,143309,52119,2028,Low
12/31/2011,i8,2011,South America,Black,Petrol,Automatic,1.6,32853,111943,50,Low
12/31/2012,X6,2012,Europe,Red,Diesel,Manual,1.7,79276,62157,3355,Low
12/31/2021,5 Series,2021,Europe,Red,Diesel,Manual,4.3,56203,105769,6930,High
12/31/2010,M3,2010,Europe,Blue,Diesel,Manual,2.9,87303,56118,1817,Low
12/31/2017,i3,2017,Middle East,Red,Petrol,Automatic,4.9,27579,92441,3008,Low
12/31/2015,5 Series,2015,Africa,Grey,Hybrid,Automatic,4.4,109506,84326,2858,Low
12/31/2012,5 Series,2012,North America,Silver,Petrol,Automatic,1.6,7961,68016,6116,High
12/31/2010,M3,2010,Africa,Black,Diesel,Automatic,4.5,20243,74205,488,Low
12/31/2012,3 Series,2012,Middle East,Grey,Electric,Manual,2.2,163664,43705,6329,High
12/31/2010,X6,2010,Africa,Black,Hybrid,Automatic,3.2,83916,75698,1076,Low
12/31/2012,X1,2012,North America,White,Petrol,Automatic,3.3,159145,31501,8416,High
12/31/2013,3 Series,2013,Europe,Black,Electric,Automatic,1.7,36913,63969,9451,High
12/31/2015,i8,2015,Asia,Silver,Electric,Automatic,1.9,65157,143162,50,Low
12/31/2016,i3,2016,Africa,Blue,Petrol,Automatic,3,62961,66065,2799,Low
12/31/2016,X6,2016,South America,White,Hybrid,Automatic,3.7,23026,114727,2002,Low
12/31/2018,X1,2018,Africa,Red,Petrol,Manual,2.4,106655,53126,4427,Low
12/31/2017,i8,2017,South America,Silver,Hybrid,Manual,3.3,119839,134544,50,Low
12/31/2022,5 Series,2022,Middle East,Grey,Electric,Automatic,2.8,60842,119670,5022,High
12/31/2013,X5,2013,Asia,Red,Diesel,Automatic,3.7,78111,75765,6297,High
12/31/2015,X6,2015,North America,Red,Electric,Automatic,3,130688,90167,3911,Low
12/31/2020,X6,2020,Europe,Black,Electric,Automatic,4.5,127080,127702,4086,Low
12/31/2010,i8,2010,Africa,Black,Electric,Automatic,4.9,167434,116652,50,Low
12/31/2017,i3,2017,Africa,Silver,Electric,Manual,4.7,116747,86915,2448,Low
12/31/2015,X1,2015,South America,Silver,Electric,Manual,2.1,103956,56679,3873,Low
12/31/2011,X6,2011,Middle East,Silver,Electric,Manual,3.1,107796,76806,2034,Low
12/31/2017,7 Series,2017,Asia,White,Diesel,Manual,3.1,182921,92468,3986,Low
12/31/2013,X6,2013,South America,Grey,Electric,Automatic,4.4,1160,109328,1312,Low
12/31/2018,M3,2018,Europe,Black,Hybrid,Manual,2.8,92555,102259,2691,Low
12/31/2013,X6,2013,Asia,White,Diesel,Manual,3.4,114463,73895,4086,Low
12/31/2010,X1,2010,Asia,Red,Hybrid,Automatic,3.6,45780,56539,7087,High
12/31/2016,X3,2016,Asia,White,Petrol,Automatic,1.9,122385,54901,9912,High
12/31/2019,X5,2019,North America,Black,Diesel,Automatic,3.5,122344,89074,6116,High
12/31/2014,i8,2014,North America,Red,Petrol,Manual,2.4,158886,103474,50,Low
12/31/2019,X6,2019,Africa,Grey,Hybrid,Automatic,2.2,104900,95951,2498,Low
12/31/2020,X3,2020,Asia,Silver,Diesel,Manual,2.4,113028,73766,8075,High
12/31/2021,X3,2021,South America,Blue,Diesel,Automatic,1.8,58603,86739,5928,High
12/31/2014,X3,2014,Middle East,Grey,Hybrid,Automatic,1.7,127302,54683,5650,High
12/31/2013,3 Series,2013,Middle East,White,Hybrid,Manual,3.8,22455,82507,5625,High
12/31/2015,X6,2015,Europe,Blue,Diesel,Automatic,4.8,141133,88312,3827,Low
12/31/2010,5 Series,2010,Asia,Silver,Diesel,Automatic,3.9,177941,38621,6958,High
12/31/2012,X1,2012,North America,Blue,Diesel,Manual,2.6,69600,40087,7402,High
12/31/2020,i8,2020,Middle East,Blue,Diesel,Automatic,2.7,148700,140206,50,Low
12/31/2021,3 Series,2021,North America,Silver,Diesel,Automatic,3.4,121194,77881,11544,High
12/31/2016,3 Series,2016,South America,Blue,Petrol,Manual,4.5,170958,57035,5381,High
12/31/2020,i3,2020,Middle East,Grey,Electric,Automatic,2.2,162078,80524,3958,Low
12/31/2017,M5,2017,South America,Blue,Diesel,Manual,3.1,179931,88809,887,Low
12/31/2021,X3,2021,North America,Red,Hybrid,Manual,3.2,108817,98378,9597,High
12/31/2018,3 Series,2018,North America,Black,Petrol,Manual,4.8,8096,97042,10090,High
12/31/2010,5 Series,2010,Middle East,Red,Diesel,Automatic,3.4,180076,37866,4703,Low
12/31/2013,3 Series,2013,North America,Blue,Hybrid,Automatic,4.2,175758,56008,9617,High
12/31/2011,X6,2011,Asia,Silver,Hybrid,Automatic,1.8,184838,53554,4071,Low
12/31/2011,X3,2011,North America,Silver,Electric,Automatic,2.6,57379,66405,6691,High
12/31/2010,X3,2010,Africa,Blue,Diesel,Automatic,3.6,12071,54101,3526,Low
12/31/2014,X5,2014,Asia,Red,Electric,Manual,3.9,158796,78519,6447,High
12/31/2011,X6,2011,Middle East,Black,Diesel,Automatic,4.6,66792,86003,2095,Low
12/31/2013,3 Series,2013,Europe,White,Diesel,Manual,3.6,73714,52521,8070,High
12/31/2018,M5,2018,Middle East,Black,Electric,Manual,2.5,159099,119509,1497,Low
12/31/2020,M5,2020,North America,Silver,Diesel,Automatic,3.4,118627,126772,2055,Low
12/31/2012,i8,2012,Africa,Black,Electric,Automatic,4,93014,136532,50,Low
12/31/2024,7 Series,2024,South America,Blue,Electric,Manual,4.2,168109,142007,1690,Low
12/31/2017,i8,2017,Asia,Silver,Diesel,Automatic,4.8,190435,132788,50,Low
12/31/2019,X5,2019,South America,Silver,Diesel,Manual,2.2,84735,81803,3601,Low
12/31/2022,X5,2022,North America,Grey,Diesel,Automatic,3.8,158595,103862,7110,High
12/31/2015,i8,2015,Africa,Red,Electric,Automatic,2.2,120873,124030,50,Low
12/31/2019,i3,2019,Asia,Grey,Petrol,Automatic,2.6,143865,63600,6419,High
12/31/2014,3 Series,2014,Middle East,Black,Electric,Manual,2,167853,48190,6554,High
12/31/2011,X1,2011,Europe,Blue,Electric,Manual,4.2,13958,71993,6440,High
12/31/2020,3 Series,2020,North America,White,Electric,Automatic,4.7,34084,124245,10679,High
12/31/2022,X5,2022,Europe,Grey,Hybrid,Manual,1.6,143123,97863,5827,High
12/31/2012,M3,2012,Europe,Black,Electric,Manual,4.3,44514,95205,2050,Low
12/31/2017,i8,2017,Asia,Red,Hybrid,Manual,2.3,85660,148782,50,Low
12/31/2024,X6,2024,North America,Silver,Hybrid,Automatic,3.2,73440,140145,5081,High
12/31/2021,3 Series,2021,North America,Black,Diesel,Automatic,4.1,27555,102209,8851,High
12/31/2021,i3,2021,Middle East,Blue,Diesel,Automatic,3.3,138950,82470,4284,Low
12/31/2018,i3,2018,Europe,Red,Diesel,Automatic,2.3,32183,79202,5447,High
12/31/2020,X3,2020,Africa,Red,Hybrid,Manual,4.7,174303,85492,4868,Low
12/31/2020,3 Series,2020,Middle East,Red,Electric,Automatic,3.6,11064,121901,6422,High
12/31/2016,i8,2016,South America,White,Diesel,Automatic,4.8,31758,151818,50,Low
12/31/2010,i8,2010,Asia,Black,Hybrid,Manual,4.5,188095,109537,50,Low
12/31/2021,3 Series,2021,South America,Red,Diesel,Automatic,4.6,133749,87003,7011,High
12/31/2021,X6,2021,North America,Red,Diesel,Manual,2.8,129132,103023,4779,Low
12/31/2022,X1,2022,South America,White,Diesel,Manual,5,155124,82017,5720,High
12/31/2022,X3,2022,Europe,Blue,Petrol,Manual,4.5,23084,117755,7785,High
12/31/2015,M3,2015,Asia,Red,Diesel,Automatic,2.7,100917,72828,3213,Low
12/31/2016,M3,2016,Middle East,Red,Petrol,Manual,4.6,55014,101938,1300,Low
12/31/2021,X1,2021,South America,Silver,Electric,Automatic,4.1,183553,85272,5547,High
12/31/2015,3 Series,2015,Europe,Silver,Diesel,Manual,4,143587,53660,9704,High
12/31/2019,X3,2019,Europe,Black,Petrol,Automatic,1.5,160783,58285,9216,High
12/31/2020,i8,2020,North America,Blue,Diesel,Automatic,1.6,110853,138509,279,Low
12/31/2022,i3,2022,Europe,Blue,Electric,Manual,3.9,108903,104547,5205,High
12/31/2011,5 Series,2011,Asia,Red,Electric,Automatic,2.5,54702,31501,6438,High
12/31/2022,X5,2022,Asia,White,Hybrid,Automatic,1.7,159819,91245,6719,High
12/31/2018,M3,2018,North America,Silver,Hybrid,Automatic,2.5,53125,104999,2833,Low
12/31/2012,X5,2012,South America,Grey,Petrol,Manual,4.4,35247,80975,2546,Low
12/31/2015,i3,2015,Asia,White,Diesel,Manual,3.1,119297,53547,5236,High
12/31/2015,7 Series,2015,Africa,Silver,Hybrid,Automatic,3.7,39655,125632,50,Low
12/31/2017,3 Series,2017,South America,White,Hybrid,Manual,4.3,100298,82204,5228,High
12/31/2022,M5,2022,Europe,White,Petrol,Manual,2.6,6588,147471,1622,Low
12/31/2013,i3,2013,North America,Red,Hybrid,Automatic,1.5,27017,61791,4299,Low
12/31/2024,X5,2024,North America,Blue,Diesel,Manual,2.6,93281,113970,7400,High
12/31/2015,X6,2015,Asia,Silver,Diesel,Manual,4.8,130378,84062,4506,Low
12/31/2010,X6,2010,Europe,Red,Diesel,Manual,3.2,8937,75082,3227,Low
12/31/2018,X5,2018,Middle East,White,Electric,Automatic,3.5,6778,131748,3316,Low
12/31/2021,M5,2021,Africa,Red,Petrol,Automatic,4.2,171617,118420,1009,Low
12/31/2018,7 Series,2018,Africa,Blue,Hybrid,Automatic,1.9,173183,100491,980,Low
12/31/2016,i8,2016,Middle East,Silver,Diesel,Automatic,4.1,62026,148632,50,Low
12/31/2020,X3,2020,Africa,Silver,Hybrid,Automatic,2.5,129890,83719,5840,High
12/31/2022,i3,2022,South America,Blue,Petrol,Automatic,2.9,172989,73981,3663,Low
12/31/2010,i3,2010,Europe,Black,Hybrid,Automatic,2.4,135027,38155,4073,Low
12/31/2012,i8,2012,Asia,Red,Diesel,Automatic,2,182279,90599,50,Low
12/31/2021,M3,2021,Asia,Silver,Hybrid,Manual,2.8,47753,119455,3966,Low
12/31/2014,X6,2014,North America,Blue,Petrol,Manual,1.8,147551,60830,4668,Low
12/31/2013,X3,2013,Africa,Silver,Petrol,Automatic,4.5,124595,56269,3647,Low
12/31/2014,X6,2014,Europe,White,Diesel,Manual,2.6,17910,83820,3913,Low
12/31/2016,3 Series,2016,Asia,White,Electric,Automatic,3.8,187651,66744,9575,High
12/31/2018,X5,2018,South America,Grey,Electric,Manual,2.5,21932,112981,3296,Low
12/31/2010,i8,2010,Asia,Blue,Diesel,Automatic,2.2,122861,98291,50,Low
12/31/2014,X5,2014,Middle East,Black,Petrol,Automatic,4,70173,91490,3760,Low
12/31/2012,M3,2012,Middle East,Red,Petrol,Automatic,3.7,62538,80255,1043,Low
12/31/2012,M5,2012,Europe,Black,Petrol,Manual,2.3,10926,102137,902,Low
12/31/2020,7 Series,2020,Africa,Black,Hybrid,Automatic,3.6,154657,122223,1153,Low
12/31/2011,i3,2011,Asia,Silver,Petrol,Manual,1.5,31298,41492,5019,High
12/31/2015,i8,2015,North America,Silver,Electric,Automatic,2.1,129270,128284,50,Low
12/31/2023,M3,2023,Europe,Grey,Diesel,Automatic,4,9528,132007,2804,Low
12/31/2015,X6,2015,Europe,White,Diesel,Manual,2.9,92393,74904,3370,Low
12/31/2012,i8,2012,Europe,Silver,Diesel,Automatic,2.2,154516,99483,50,Low
12/31/2010,3 Series,2010,Africa,Grey,Electric,Manual,3.3,146856,40758,4450,Low
12/31/2016,5 Series,2016,Middle East,Silver,Diesel,Manual,3.1,194634,59285,5325,High
12/31/2011,X6,2011,Asia,Black,Petrol,Manual,3.7,72394,77753,3906,Low
12/31/2017,7 Series,2017,Asia,Blue,Electric,Automatic,1.8,105431,115571,1047,Low
12/31/2012,X1,2012,Middle East,Blue,Petrol,Manual,4.4,104244,49478,5174,High
12/31/2010,i8,2010,North America,Silver,Hybrid,Automatic,1.7,38882,125735,50,Low
12/31/2019,i3,2019,Africa,Black,Electric,Automatic,3.1,78119,92711,3308,Low
12/31/2018,i8,2018,North America,Silver,Petrol,Manual,4,29772,164910,50,Low
12/31/2014,i8,2014,Asia,Black,Diesel,Automatic,2.7,120792,120383,50,Low
12/31/2010,i8,2010,Europe,Red,Hybrid,Manual,4.7,64964,127838,50,Low
12/31/2019,5 Series,2019,Asia,Red,Diesel,Manual,4.1,76023,93242,6542,High
12/31/2020,M5,2020,Africa,Silver,Diesel,Automatic,3,48372,125936,706,Low
12/31/2015,M5,2015,North America,Red,Petrol,Manual,2.1,122953,95033,1292,Low
12/31/2019,X1,2019,North America,Silver,Petrol,Manual,1.7,123237,55137,9145,High
12/31/2012,X5,2012,Africa,Black,Electric,Automatic,4.3,181363,69614,2571,Low
12/31/2020,M5,2020,Asia,Blue,Petrol,Manual,2.2,135265,112448,1969,Low
12/31/2024,X5,2024,Asia,Grey,Electric,Manual,2.4,129091,122322,6368,High
12/31/2013,3 Series,2013,South America,Silver,Diesel,Automatic,1.5,47192,44436,5704,High
12/31/2017,i3,2017,Asia,Black,Electric,Automatic,1.6,164592,63033,5665,High
12/31/2024,X6,2024,Middle East,Blue,Diesel,Manual,2.3,65941,116401,3081,Low
12/31/2014,M5,2014,Middle East,Red,Petrol,Manual,4.6,71702,123283,253,Low
12/31/2021,3 Series,2021,South America,Red,Hybrid,Manual,4.2,155031,90089,6709,High
12/31/2015,X1,2015,Africa,Grey,Electric,Automatic,4.2,148425,65653,3782,Low
12/31/2019,M5,2019,South America,Silver,Hybrid,Manual,4.4,170946,118545,1493,Low
12/31/2013,X3,2013,Asia,Silver,Hybrid,Manual,2.2,115515,55192,7469,High
12/31/2015,5 Series,2015,Europe,White,Diesel,Manual,4.9,56353,86024,6861,High
12/31/2012,i3,2012,Europe,White,Petrol,Manual,2.3,43161,26721,4707,Low
12/31/2019,X3,2019,Middle East,White,Electric,Automatic,2,160498,78264,7229,High
12/31/2021,X1,2021,Africa,Silver,Diesel,Automatic,2.5,64426,78538,4703,Low
12/31/2010,X6,2010,South America,Blue,Diesel,Manual,3.4,21394,70032,1466,Low
12/31/2015,7 Series,2015,North America,Grey,Electric,Manual,1.9,128431,98896,976,Low
12/31/2023,5 Series,2023,South America,Blue,Diesel,Manual,4.1,170341,89244,5171,High
12/31/2022,M5,2022,Africa,Grey,Electric,Automatic,2.8,58291,147290,1266,Low
12/31/2010,X6,2010,Asia,Black,Hybrid,Manual,3.5,24447,43092,4325,Low
12/31/2019,X6,2019,North America,Red,Electric,Manual,4.1,93780,122261,4725,Low
12/31/2021,X3,2021,Asia,Red,Electric,Automatic,4.7,135918,103298,8802,High
12/31/2012,7 Series,2012,Asia,Blue,Petrol,Automatic,4.4,20816,116090,462,Low
12/31/2021,X5,2021,South America,Blue,Petrol,Automatic,3.4,124782,96126,3777,Low
12/31/2017,X6,2017,South America,Black,Petrol,Automatic,5,183593,91463,1982,Low
12/31/2016,i8,2016,Africa,Silver,Petrol,Manual,3.4,26704,133310,50,Low
12/31/2017,M5,2017,Asia,Silver,Electric,Manual,3.4,160309,116080,1515,Low
12/31/2019,M5,2019,North America,Red,Hybrid,Manual,2.1,16711,138612,1875,Low
12/31/2019,3 Series,2019,South America,Grey,Petrol,Manual,2,186454,49600,5799,High
12/31/2011,i3,2011,Middle East,Silver,Electric,Automatic,2.1,96026,53636,2989,Low
12/31/2019,X5,2019,Asia,Grey,Petrol,Manual,3.6,189949,78799,6815,High
12/31/2016,X3,2016,Europe,Blue,Diesel,Automatic,3,146173,53714,8942,High
12/31/2023,X1,2023,Asia,Red,Electric,Manual,2.9,44313,107906,9894,High
12/31/2013,X3,2013,North America,Silver,Diesel,Automatic,1.9,185426,28834,9494,High
12/31/2010,3 Series,2010,North America,Grey,Hybrid,Manual,2.8,151933,34668,10129,High
12/31/2020,i3,2020,South America,Silver,Electric,Manual,2.8,77710,87838,3352,Low
12/31/2012,M5,2012,South America,Blue,Petrol,Automatic,3.7,120835,91730,229,Low
12/31/2014,3 Series,2014,Europe,Red,Diesel,Automatic,2.9,131840,46254,8316,High
12/31/2023,7 Series,2023,Middle East,Red,Electric,Automatic,3,99435,152307,1332,Low
12/31/2019,i8,2019,Asia,Red,Hybrid,Automatic,2.5,4519,166809,314,Low
12/31/2017,X3,2017,Africa,White,Hybrid,Automatic,2,99729,72910,4901,Low
12/31/2011,3 Series,2011,Middle East,Blue,Hybrid,Automatic,2.6,99687,49515,5136,High
12/31/2011,3 Series,2011,Europe,Grey,Diesel,Manual,1.6,165250,25000,8130,High
12/31/2017,X6,2017,South America,Black,Diesel,Automatic,2.2,8493,97151,2272,Low
12/31/2023,M5,2023,Asia,Red,Hybrid,Manual,2.6,54777,159749,2017,Low
12/31/2018,X1,2018,Asia,White,Electric,Manual,2,67279,73565,9233,High
12/31/2019,M5,2019,Middle East,Black,Petrol,Automatic,3.8,125467,130101,755,Low
12/31/2022,5 Series,2022,South America,Silver,Petrol,Automatic,2.5,86336,94775,5259,High
12/31/2022,M5,2022,North America,Red,Electric,Automatic,3.7,80947,154367,1857,Low
12/31/2010,i8,2010,Middle East,Silver,Petrol,Manual,3.8,145998,108711,50,Low
12/31/2023,i3,2023,South America,White,Hybrid,Automatic,3.1,29023,115611,4120,Low
12/31/2011,M5,2011,Middle East,Blue,Petrol,Manual,3.1,47128,104108,62,Low
12/31/2024,M3,2024,South America,Red,Petrol,Automatic,3.5,126203,110986,2366,Low
12/31/2013,M3,2013,Europe,Blue,Petrol,Manual,2.4,87790,68836,2675,Low
12/31/2021,i8,2021,Middle East,Grey,Petrol,Automatic,1.6,187043,137891,141,Low
12/31/2012,X3,2012,Africa,White,Hybrid,Automatic,3.8,116198,61412,3716,Low
12/31/2010,M3,2010,South America,Grey,Hybrid,Automatic,3.6,192228,53082,1002,Low
12/31/2013,3 Series,2013,Europe,Red,Diesel,Manual,3.2,176382,33560,8707,High
12/31/2020,X1,2020,North America,Silver,Diesel,Automatic,4.6,20717,96145,8724,High
12/31/2022,X1,2022,Africa,White,Electric,Automatic,3.3,10187,117040,4804,Low
12/31/2020,X1,2020,Asia,Black,Petrol,Automatic,2.6,46029,84653,9295,High
12/31/2011,X6,2011,Middle East,Grey,Diesel,Automatic,4,27070,90485,1672,Low
12/31/2019,X6,2019,Middle East,Red,Electric,Automatic,4.9,91698,129869,3075,Low
12/31/2014,i3,2014,South America,Grey,Electric,Manual,4.1,197914,56529,2874,Low
12/31/2010,X6,2010,Europe,Red,Electric,Automatic,4.7,123921,84062,2959,Low
12/31/2023,X6,2023,Asia,Silver,Hybrid,Automatic,1.9,105201,114305,5906,High
12/31/2017,M5,2017,Europe,White,Electric,Manual,1.9,133623,107596,1461,Low
12/31/2019,M5,2019,Africa,Grey,Hybrid,Automatic,2,55478,127476,1135,Low
12/31/2011,i8,2011,Africa,Grey,Electric,Automatic,4,56545,133921,50,Low
12/31/2020,i3,2020,Middle East,Silver,Petrol,Automatic,2.9,135626,72426,3676,Low
12/31/2012,i8,2012,Middle East,Red,Hybrid,Automatic,3.2,171854,116926,50,Low
12/31/2012,i3,2012,Europe,Black,Petrol,Automatic,2.4,115492,38019,4361,Low
12/31/2013,5 Series,2013,North America,Grey,Diesel,Automatic,4.1,162099,57191,6548,High
12/31/2016,X1,2016,Middle East,Black,Petrol,Automatic,4.5,157926,58162,5685,High
12/31/2022,X1,2022,Africa,Blue,Electric,Automatic,2.1,47329,99070,5217,High
12/31/2018,M3,2018,Africa,Blue,Diesel,Automatic,2.2,104309,81835,1752,Low
12/31/2012,X3,2012,Europe,Blue,Petrol,Manual,2.7,105787,45062,8075,High
12/31/2010,X6,2010,Africa,Silver,Diesel,Automatic,2.5,194840,36942,1713,Low
12/31/2024,5 Series,2024,Asia,Grey,Diesel,Manual,3.4,128890,102343,8743,High
12/31/2020,M5,2020,Middle East,Blue,Diesel,Manual,4.1,88288,136185,900,Low
12/31/2019,i3,2019,South America,Grey,Petrol,Automatic,4.3,31232,91497,2877,Low
12/31/2024,X3,2024,North America,White,Electric,Manual,2.2,43685,114177,10108,High
12/31/2010,M3,2010,Africa,White,Petrol,Automatic,2.1,42668,56272,728,Low
12/31/2021,M5,2021,Africa,White,Petrol,Automatic,2.8,91270,124898,847,Low
12/31/2020,X5,2020,Asia,White,Petrol,Automatic,2,9739,108840,5668,High
12/31/2015,M3,2015,Europe,Grey,Diesel,Automatic,1.8,183107,55695,2733,Low
12/31/2014,X3,2014,South America,Silver,Diesel,Manual,2.3,91801,49971,5451,High
12/31/2019,M5,2019,Asia,White,Electric,Automatic,2.9,168329,124392,2212,Low
12/31/2016,M5,2016,Asia,Red,Electric,Manual,3.6,29895,144686,1010,Low
12/31/2016,i8,2016,South America,White,Electric,Automatic,4,43416,160709,50,Low
12/31/2012,M5,2012,South America,Black,Hybrid,Automatic,2.3,45407,108259,50,Low
12/31/2016,M3,2016,Asia,Red,Hybrid,Manual,4.4,118719,100239,2437,Low
12/31/2018,i8,2018,Asia,Grey,Hybrid,Manual,1.6,79157,141291,495,Low
12/31/2017,i8,2017,Asia,Silver,Diesel,Manual,3.1,193381,112047,280,Low
12/31/2012,X1,2012,Middle East,White,Petrol,Automatic,3.7,64666,52445,4645,Low
12/31/2019,i8,2019,Europe,Black,Hybrid,Automatic,2.5,45298,164649,219,Low
12/31/2014,i3,2014,Europe,Black,Hybrid,Automatic,3.9,112987,71022,3864,Low
12/31/2022,X1,2022,Africa,Black,Hybrid,Automatic,4.5,175036,83167,5328,High
12/31/2022,5 Series,2022,South America,Silver,Petrol,Automatic,1.8,185685,75870,5648,High
12/31/2023,M3,2023,Asia,Grey,Diesel,Automatic,3.3,67010,117124,3214,Low
12/31/2017,X3,2017,Asia,Red,Petrol,Automatic,1.6,10661,78024,8667,High
12/31/2011,X3,2011,North America,Silver,Electric,Automatic,2.5,177471,44014,7060,High
12/31/2023,i8,2023,Asia,White,Petrol,Automatic,2,197418,135608,763,Low
12/31/2023,X5,2023,Middle East,White,Diesel,Manual,3.7,29028,119589,3706,Low
12/31/2016,X3,2016,Middle East,White,Diesel,Automatic,2.4,142033,57744,5280,High
12/31/2020,3 Series,2020,North America,Grey,Petrol,Automatic,2.5,68731,81503,10538,High
12/31/2019,X1,2019,Asia,Blue,Electric,Manual,2.2,75149,83399,7387,High
12/31/2019,M5,2019,North America,White,Hybrid,Automatic,2.4,187614,117406,2104,Low
12/31/2016,5 Series,2016,North America,Red,Petrol,Automatic,2.3,175038,59802,7540,High
12/31/2020,i8,2020,Middle East,Red,Diesel,Manual,3.9,27611,170640,50,Low
12/31/2021,3 Series,2021,South America,Silver,Petrol,Manual,4.8,138692,81329,6154,High
12/31/2023,i3,2023,North America,White,Diesel,Automatic,3.2,43056,97438,6084,High
12/31/2022,i3,2022,Asia,Grey,Diesel,Automatic,3.6,75207,91873,5461,High
12/31/2017,X6,2017,Middle East,Black,Diesel,Manual,4.4,141816,96691,2292,Low
12/31/2010,M5,2010,South America,Red,Petrol,Manual,3.2,11601,100166,50,Low
12/31/2017,7 Series,2017,Asia,Grey,Petrol,Automatic,2.6,1439,119672,1274,Low
12/31/2023,X1,2023,South America,Red,Electric,Manual,4.8,121187,107356,6195,High
12/31/2010,M3,2010,Europe,White,Petrol,Manual,4.7,97035,68664,2071,Low
12/31/2012,X3,2012,South America,Silver,Diesel,Automatic,2.3,25273,53499,4356,Low
12/31/2018,7 Series,2018,Europe,White,Hybrid,Automatic,4,169458,120951,1524,Low
12/31/2013,i8,2013,North America,Silver,Electric,Manual,3.8,188567,124595,50,Low
12/31/2019,i8,2019,Europe,Silver,Diesel,Automatic,3.8,139010,140095,110,Low
12/31/2022,5 Series,2022,Africa,White,Electric,Manual,4.4,94549,117511,4779,Low
12/31/2018,i3,2018,Middle East,White,Hybrid,Manual,3.9,13569,106337,3712,Low
12/31/2010,5 Series,2010,South America,White,Diesel,Manual,3.3,176343,30765,3614,Low
12/31/2017,7 Series,2017,Asia,White,Diesel,Manual,4.5,67847,121020,3773,Low
12/31/2012,X6,2012,Europe,Grey,Electric,Manual,2.4,25340,88060,2945,Low
12/31/2020,X6,2020,Africa,Red,Diesel,Manual,3.9,90084,99180,2304,Low
12/31/2016,X6,2016,South America,Blue,Hybrid,Manual,4,78125,98220,2191,Low
12/31/2011,M3,2011,Asia,Red,Diesel,Automatic,4.5,47687,79059,2103,Low
12/31/2022,i3,2022,South America,Red,Hybrid,Automatic,5,46808,118335,3838,Low
12/31/2016,M3,2016,Africa,Silver,Petrol,Automatic,3.5,64031,93230,1071,Low
12/31/2016,i8,2016,North America,Black,Diesel,Manual,3.2,109327,128680,50,Low
12/31/2018,i3,2018,North America,Grey,Electric,Manual,3.6,131102,78699,4985,Low
12/31/2011,3 Series,2011,South America,Silver,Electric,Automatic,3.8,176260,47428,5860,High
12/31/2017,X6,2017,Middle East,Blue,Hybrid,Manual,4,95146,111928,2123,Low
12/31/2014,M3,2014,North America,Red,Diesel,Automatic,2.5,146060,63101,2957,Low
12/31/2019,5 Series,2019,Europe,Blue,Electric,Manual,3.2,117642,99784,6401,High
12/31/2018,X1,2018,Europe,Black,Diesel,Automatic,2.8,51232,72667,7943,High
12/31/2017,M5,2017,North America,Red,Hybrid,Automatic,1.6,182915,99463,1995,Low
12/31/2012,X1,2012,Asia,Black,Diesel,Manual,3.6,68082,47216,6611,High
12/31/2012,M3,2012,North America,Grey,Electric,Manual,4.6,49645,103722,1804,Low
12/31/2020,i3,2020,South America,White,Diesel,Manual,4.7,195733,70015,3698,Low
12/31/2021,5 Series,2021,Asia,Black,Petrol,Automatic,3.3,11195,112888,6915,High
12/31/2019,X5,2019,Asia,Red,Diesel,Automatic,4.2,40685,108867,6428,High
12/31/2017,M5,2017,North America,Red,Hybrid,Manual,4,169190,114222,1530,Low
12/31/2018,M5,2018,Europe,Grey,Hybrid,Automatic,2.3,199530,110745,1984,Low
12/31/2011,5 Series,2011,South America,Red,Electric,Automatic,1.7,160226,46014,4180,Low
12/31/2012,7 Series,2012,Africa,Blue,Hybrid,Automatic,4.1,168528,85279,50,Low
12/31/2023,X6,2023,Africa,Blue,Petrol,Automatic,2.5,42079,116166,2866,Low
12/31/2023,7 Series,2023,South America,Silver,Hybrid,Automatic,3.4,65951,152816,1101,Low
12/31/2017,i8,2017,Middle East,Silver,Electric,Manual,3.3,126012,150678,50,Low
12/31/2011,X1,2011,North America,Black,Diesel,Manual,4.4,114299,36835,8285,High
12/31/2017,M3,2017,Middle East,White,Hybrid,Manual,3.8,160771,87956,1558,Low
12/31/2014,i3,2014,Europe,Black,Hybrid,Manual,4.5,1501,84901,4763,Low
12/31/2015,X6,2015,Asia,Grey,Diesel,Automatic,4.1,55250,96721,3924,Low
12/31/2023,M5,2023,Africa,Blue,Diesel,Manual,5,31721,150349,790,Low
12/31/2019,M3,2019,North America,Blue,Electric,Manual,4.5,9872,132088,3371,Low
12/31/2024,X1,2024,Europe,Black,Electric,Manual,2.2,143184,91293,8699,High
12/31/2021,X1,2021,Asia,White,Hybrid,Manual,4.9,54283,109610,7941,High
12/31/2013,i8,2013,South America,Black,Electric,Manual,2.7,7886,134152,50,Low
12/31/2012,X6,2012,Middle East,Red,Electric,Automatic,3.6,64138,96114,1888,Low
12/31/2017,X5,2017,Africa,Red,Petrol,Manual,4.8,186074,77266,2852,Low
12/31/2018,3 Series,2018,Europe,Grey,Diesel,Automatic,2.2,4877,76632,8024,High
12/31/2024,i8,2024,North America,Silver,Electric,Manual,4.5,95246,181545,851,Low
12/31/2022,X6,2022,South America,Grey,Petrol,Automatic,4.8,37132,129668,2562,Low
12/31/2024,M5,2024,Europe,Grey,Hybrid,Manual,4.5,28961,172799,2035,Low
12/31/2017,X3,2017,Middle East,Grey,Diesel,Automatic,4.4,161028,68457,5210,High
12/31/2018,X1,2018,Africa,Grey,Petrol,Automatic,2.4,163187,48709,4012,Low
12/31/2010,M3,2010,Europe,Red,Diesel,Manual,2.9,180142,37930,2406,Low
12/31/2014,M5,2014,Middle East,White,Hybrid,Automatic,4.2,164863,117591,308,Low
12/31/2021,7 Series,2021,Europe,Black,Diesel,Manual,1.9,41692,125196,1600,Low
12/31/2016,M5,2016,Asia,White,Diesel,Manual,4.6,42,141830,991,Low
12/31/2017,X1,2017,Africa,Blue,Electric,Automatic,2.2,176608,52809,4416,Low
12/31/2023,M3,2023,Africa,Grey,Hybrid,Manual,3.5,81913,121140,2351,Low
12/31/2020,X5,2020,Europe,Blue,Hybrid,Automatic,1.9,154903,90988,5983,High
12/31/2011,M5,2011,Middle East,Silver,Electric,Manual,2.1,127403,94373,211,Low
12/31/2021,i3,2021,Europe,Red,Electric,Manual,3.5,134108,95700,5147,High
12/31/2020,5 Series,2020,Asia,Blue,Hybrid,Manual,3.7,59936,114561,7244,High
12/31/2023,X1,2023,Middle East,White,Petrol,Manual,2.4,147713,71367,6698,High
12/31/2013,X1,2013,Europe,Grey,Hybrid,Manual,1.9,90401,44606,6474,High
12/31/2016,7 Series,2016,Asia,White,Petrol,Automatic,3.4,135614,101206,1419,Low
12/31/2014,X5,2014,South America,Black,Petrol,Manual,4.4,69501,85965,3151,Low
12/31/2010,i8,2010,South America,Blue,Hybrid,Manual,2.2,45634,115070,50,Low
12/31/2022,M3,2022,Asia,White,Petrol,Automatic,3.9,148687,105689,3947,Low
12/31/2023,5 Series,2023,Europe,Silver,Hybrid,Manual,2.9,7049,122998,7073,High
12/31/2011,i8,2011,Africa,Red,Hybrid,Manual,4.8,70030,131486,50,Low
12/31/2014,X5,2014,North America,Blue,Hybrid,Manual,1.8,195019,56500,5632,High
12/31/2015,3 Series,2015,North America,Silver,Petrol,Manual,1.6,79340,50587,10349,High
12/31/2010,X1,2010,Asia,Blue,Electric,Automatic,1.9,65355,45300,8193,High
12/31/2021,M3,2021,Middle East,Blue,Petrol,Manual,4.2,76916,114519,2195,Low
12/31/2012,X1,2012,North America,Grey,Electric,Automatic,4.7,178854,50513,7679,High
12/31/2015,i8,2015,Middle East,Red,Petrol,Automatic,4.4,150578,132311,50,Low
12/31/2015,X5,2015,Europe,Silver,Diesel,Manual,4,42330,86464,5246,High
12/31/2016,M3,2016,Middle East,Red,Hybrid,Automatic,1.7,136595,77567,2095,Low
12/31/2019,7 Series,2019,Middle East,Blue,Petrol,Automatic,2.2,69190,118174,764,Low
12/31/2021,M3,2021,South America,Grey,Hybrid,Automatic,4.8,14169,139364,1999,Low
12/31/2023,i8,2023,Europe,Red,Hybrid,Automatic,3.7,143038,160932,946,Low
12/31/2023,X3,2023,Middle East,Grey,Petrol,Manual,3.1,71002,162621,5553,High
12/31/2012,X1,2012,Africa,Red,Hybrid,Automatic,3.8,165812,42408,3876,Low
12/31/2010,i3,2010,Europe,Red,Electric,Manual,2.1,108685,39905,4740,Low
12/31/2022,M5,2022,Middle East,Silver,Electric,Automatic,4.6,47181,175639,1274,Low
12/31/2016,M3,2016,Asia,White,Electric,Manual,3.8,36051,109162,2356,Low
12/31/2021,X5,2021,Europe,Black,Petrol,Manual,3.1,22955,114971,6510,High
12/31/2020,i8,2020,Asia,Black,Hybrid,Manual,3.1,149542,143900,733,Low
12/31/2012,3 Series,2012,North America,Black,Hybrid,Manual,4.4,48449,70900,9263,High
12/31/2014,X5,2014,North America,Red,Diesel,Automatic,2.6,132943,64799,6207,High
12/31/2013,X3,2013,Middle East,Silver,Petrol,Manual,2,144593,39805,4959,Low
12/31/2021,3 Series,2021,Africa,Black,Diesel,Automatic,2.1,94395,75963,5327,High
12/31/2024,X1,2024,South America,White,Electric,Automatic,1.8,165280,86951,5780,High
12/31/2010,X3,2010,Asia,Blue,Petrol,Automatic,3.3,120511,39038,7802,High
12/31/2021,i8,2021,Europe,White,Hybrid,Manual,3.9,91488,167547,529,Low
12/31/2016,7 Series,2016,Middle East,Silver,Petrol,Automatic,4.8,81628,121605,313,Low
12/31/2023,i3,2023,Middle East,Silver,Electric,Automatic,4.1,8953,130728,4288,Low
12/31/2022,3 Series,2022,North America,White,Electric,Automatic,3.5,40664,121552,10296,High
12/31/2013,7 Series,2013,Middle East,Black,Hybrid,Automatic,4.5,87967,117443,50,Low
12/31/2010,X3,2010,Europe,Grey,Hybrid,Automatic,4.6,17929,75981,8222,High
12/31/2020,X5,2020,Europe,White,Petrol,Automatic,4,184127,86007,5787,High
12/31/2015,M3,2015,South America,Red,Hybrid,Automatic,1.7,67586,80065,1407,Low
12/31/2013,7 Series,2013,Europe,Red,Electric,Manual,2.5,117657,93515,731,Low
12/31/2022,5 Series,2022,Africa,Red,Diesel,Manual,2.7,195908,70370,4389,Low
12/31/2013,M5,2013,Africa,Red,Petrol,Automatic,5,3280,129745,50,Low
12/31/2024,X5,2024,North America,Silver,Petrol,Automatic,3.1,73599,125472,6140,High
12/31/2011,3 Series,2011,Middle East,Silver,Hybrid,Automatic,4.2,42273,75735,5808,High
12/31/2010,M3,2010,Africa,Black,Diesel,Automatic,4.3,17254,74681,507,Low
12/31/2012,M3,2012,South America,Black,Diesel,Automatic,3.8,66526,72668,1092,Low
12/31/2019,X6,2019,Asia,Red,Electric,Manual,1.6,199156,82196,4487,Low
12/31/2014,M3,2014,Asia,Blue,Diesel,Manual,1.6,71243,65807,3203,Low
12/31/2021,i3,2021,Middle East,Black,Electric,Automatic,4.4,188709,94426,4487,Low
12/31/2018,X5,2018,South America,Black,Petrol,Automatic,4.1,19540,111078,3071,Low
12/31/2023,M5,2023,Africa,Red,Petrol,Manual,3.4,197269,115713,1495,Low
12/31/2024,M5,2024,Asia,Black,Petrol,Automatic,2.4,56605,154682,1815,Low
12/31/2016,X1,2016,Europe,Grey,Petrol,Automatic,1.8,53428,55276,8484,High
12/31/2013,X1,2013,North America,Silver,Electric,Automatic,2.1,118355,47378,6305,High
12/31/2017,i3,2017,Middle East,Red,Electric,Manual,3.5,168405,71239,3366,Low
12/31/2021,i8,2021,Europe,Black,Hybrid,Manual,3.4,145908,156686,581,Low
12/31/2013,X6,2013,Europe,Blue,Petrol,Manual,4.8,44929,98597,3016,Low
12/31/2015,5 Series,2015,Europe,Silver,Hybrid,Automatic,4.9,17606,106340,6022,High
12/31/2021,7 Series,2021,Asia,Silver,Petrol,Manual,3.5,26405,135453,1624,Low
12/31/2010,X5,2010,North America,Silver,Diesel,Automatic,4.4,1336,79860,5320,High
12/31/2023,i3,2023,Africa,Red,Diesel,Automatic,4.3,84912,96561,3025,Low
12/31/2015,7 Series,2015,Europe,Grey,Electric,Manual,4.1,3867,130228,568,Low
12/31/2019,X1,2019,Middle East,Red,Petrol,Automatic,3,45821,79059,5742,High
12/31/2014,M5,2014,Europe,Blue,Diesel,Automatic,2.9,181438,84686,1354,Low
12/31/2023,X1,2023,South America,Red,Hybrid,Manual,2.4,57477,95396,6383,High
12/31/2011,M3,2011,North America,Black,Hybrid,Manual,4.8,57789,87819,1808,Low
12/31/2010,X1,2010,Africa,Grey,Diesel,Manual,4.4,171102,25000,4137,Low
12/31/2022,X6,2022,Asia,White,Hybrid,Manual,2.1,128841,103958,10106,High
12/31/2015,X3,2015,Africa,Grey,Petrol,Manual,2.4,140405,46115,5193,High
12/31/2020,X1,2020,Africa,Blue,Hybrid,Automatic,3.5,27794,101522,4680,Low
12/31/2011,M3,2011,South America,Red,Petrol,Automatic,2.9,86917,59265,1239,Low
12/31/2018,5 Series,2018,Middle East,White,Petrol,Automatic,2.2,1953,50886,5736,High
12/31/2018,X6,2018,Asia,Blue,Petrol,Manual,4.3,3079,116758,3976,Low
12/31/2010,M3,2010,Europe,White,Diesel,Automatic,1.5,152965,37122,2455,Low
12/31/2024,X3,2024,Africa,Red,Hybrid,Automatic,2.7,75432,108148,5094,High
12/31/2014,X5,2014,North America,Blue,Electric,Automatic,4.8,63704,103979,5423,High
12/31/2017,7 Series,2017,South America,White,Petrol,Automatic,4.2,66418,117453,384,Low
12/31/2013,3 Series,2013,Asia,White,Hybrid,Automatic,2.9,154382,51366,8865,High
12/31/2012,3 Series,2012,North America,White,Electric,Automatic,4.8,98179,76929,8276,High
12/31/2014,X1,2014,Africa,Silver,Electric,Manual,4.7,55240,75347,3389,Low
12/31/2014,M5,2014,Europe,Silver,Diesel,Automatic,1.7,185399,75076,1715,Low
12/31/2017,i8,2017,Asia,Red,Electric,Manual,1.9,17169,151614,50,Low
12/31/2015,M3,2015,Africa,White,Hybrid,Automatic,2.9,180204,67971,1192,Low
12/31/2024,i8,2024,North America,Blue,Electric,Manual,4.8,34922,200000,417,Low
12/31/2011,X6,2011,Asia,Black,Petrol,Automatic,4.5,151063,70322,3956,Low
12/31/2020,3 Series,2020,Africa,Blue,Petrol,Automatic,1.7,9442,85408,5776,High
12/31/2010,M5,2010,Africa,White,Petrol,Manual,3.3,124098,79590,50,Low
12/31/2022,X6,2022,Middle East,Black,Diesel,Manual,4,63249,121902,3384,Low
12/31/2012,M5,2012,Asia,White,Diesel,Manual,2.5,197976,67994,1557,Low
12/31/2011,X1,2011,North America,Silver,Diesel,Automatic,4,9811,57259,7104,High
12/31/2013,X3,2013,Middle East,Black,Electric,Automatic,2.8,11302,82193,5117,High
12/31/2012,X5,2012,South America,Silver,Diesel,Automatic,2.5,82008,57829,3295,Low
12/31/2024,X3,2024,South America,Silver,Electric,Automatic,2.9,149692,105217,6917,High
12/31/2024,7 Series,2024,Africa,Grey,Electric,Manual,4.8,62448,166292,1006,Low
12/31/2018,X5,2018,Asia,Blue,Diesel,Manual,4.7,186188,77959,5574,High
12/31/2024,X1,2024,Asia,Red,Diesel,Manual,4.7,40269,112656,7453,High
12/31/2014,X5,2014,North America,Black,Hybrid,Manual,4.7,172587,76667,5760,High
12/31/2013,3 Series,2013,Europe,Blue,Electric,Manual,2.1,49383,62848,8694,High
12/31/2019,X5,2019,Asia,Black,Petrol,Manual,4.6,166173,89738,7021,High
12/31/2018,X6,2018,Africa,Silver,Hybrid,Automatic,2.2,185329,82023,2523,Low
12/31/2013,M5,2013,North America,Black,Hybrid,Manual,4.4,120173,114091,1013,Low
12/31/2015,X3,2015,South America,White,Hybrid,Automatic,3.4,92113,71802,4460,Low
12/31/2023,3 Series,2023,North America,Blue,Hybrid,Manual,2.3,124790,86736,12133,High
12/31/2019,M3,2019,South America,Red,Diesel,Manual,2.9,106980,89324,1831,Low
12/31/2010,X3,2010,Africa,Silver,Diesel,Manual,3,7108,76489,2990,Low
12/31/2024,3 Series,2024,Europe,Silver,Electric,Manual,4.1,150325,107061,10364,High
12/31/2022,X5,2022,Africa,Red,Petrol,Automatic,3.6,65712,109404,3820,Low
12/31/2011,3 Series,2011,Europe,Red,Hybrid,Automatic,4.4,19439,76934,8932,High
12/31/2024,3 Series,2024,Asia,Blue,Petrol,Manual,2.9,154630,82860,9449,High
12/31/2013,M5,2013,Africa,Silver,Electric,Manual,4.1,79471,120800,50,Low
12/31/2018,M3,2018,Middle East,Silver,Diesel,Manual,4.3,21485,112304,1406,Low
12/31/2015,i3,2015,Middle East,Black,Hybrid,Automatic,1.7,37803,75969,3415,Low
12/31/2015,X5,2015,Africa,Blue,Diesel,Manual,2.8,827,81636,2908,Low
12/31/2020,i3,2020,North America,Blue,Petrol,Manual,4.6,123136,89011,4924,Low
12/31/2018,M5,2018,Europe,Black,Electric,Automatic,4,96236,146489,1669,Low
12/31/2021,X6,2021,Asia,Red,Petrol,Automatic,3,71650,110026,5254,High
12/31/2013,X1,2013,Asia,White,Diesel,Automatic,2.1,156225,26818,8241,High
12/31/2012,X1,2012,Asia,Silver,Hybrid,Automatic,1.8,37232,55454,6645,High
12/31/2016,7 Series,2016,Europe,White,Hybrid,Automatic,2.3,158659,93432,1363,Low
12/31/2021,X6,2021,Europe,Blue,Diesel,Manual,2.4,154697,86981,4001,Low
12/31/2024,5 Series,2024,Europe,Grey,Petrol,Manual,2.8,173154,93938,7659,High
12/31/2016,i3,2016,North America,Black,Hybrid,Manual,2.1,63083,70225,5361,High
12/31/2018,3 Series,2018,Africa,Grey,Electric,Manual,2,16127,85799,5846,High
12/31/2024,X3,2024,South America,Blue,Petrol,Manual,4.5,25277,124742,5784,High
12/31/2015,7 Series,2015,Africa,Grey,Diesel,Automatic,2.4,91814,93395,240,Low
12/31/2011,7 Series,2011,North America,Grey,Diesel,Automatic,3.5,19178,98190,424,Low
12/31/2015,X5,2015,Middle East,Blue,Petrol,Manual,2.2,128372,63526,3551,Low
12/31/2024,X1,2024,Africa,Grey,Petrol,Manual,3.2,44436,99605,4555,Low
12/31/2017,i8,2017,North America,Red,Diesel,Manual,2.5,75348,128978,50,Low
12/31/2015,X3,2015,North America,Red,Electric,Automatic,1.8,185750,53961,7579,High
12/31/2018,5 Series,2018,Middle East,Red,Diesel,Manual,4.9,33657,110198,4674,Low
12/31/2024,7 Series,2024,Middle East,White,Hybrid,Automatic,3.1,49166,162679,1515,Low
12/31/2013,X3,2013,North America,Red,Electric,Automatic,2.9,24704,86191,6947,High
12/31/2012,X1,2012,Europe,Blue,Electric,Manual,2.2,1117,64034,7003,High
12/31/2020,X6,2020,Europe,Blue,Diesel,Manual,3.2,111347,94058,4512,Low
12/31/2014,X6,2014,Asia,White,Diesel,Manual,3.7,71456,86873,3597,Low
12/31/2012,M5,2012,Asia,Red,Electric,Manual,2.6,173434,86870,1181,Low
12/31/2020,M3,2020,South America,Black,Diesel,Manual,3.2,62551,100833,1760,Low
12/31/2021,5 Series,2021,South America,White,Electric,Automatic,2.3,142149,91489,4799,Low
12/31/2011,X3,2011,Asia,Black,Diesel,Automatic,3.3,128009,42411,9207,High
12/31/2011,X5,2011,North America,Black,Diesel,Manual,4.3,64173,72267,4794,Low
12/31/2013,X5,2013,North America,Black,Petrol,Manual,1.7,172982,46289,5534,High
12/31/2012,M3,2012,North America,Red,Electric,Manual,3.3,131601,75022,2504,Low
12/31/2018,X3,2018,South America,Blue,Petrol,Manual,2.9,31241,85164,5219,High
12/31/2023,M5,2023,South America,Grey,Diesel,Manual,1.8,50267,125793,1410,Low
12/31/2016,i8,2016,Middle East,Blue,Electric,Automatic,4.8,73702,171313,50,Low
12/31/2015,5 Series,2015,North America,Red,Hybrid,Manual,2.4,11553,91557,5864,High
12/31/2019,3 Series,2019,Africa,Blue,Petrol,Manual,3.5,125225,66137,5162,High
12/31/2021,i3,2021,Asia,Silver,Electric,Manual,2.8,157274,83408,5554,High
12/31/2017,M3,2017,Middle East,Grey,Hybrid,Manual,2.4,196393,75197,1848,Low
12/31/2018,i8,2018,South America,Blue,Diesel,Manual,3.3,55408,137742,50,Low
12/31/2012,i3,2012,Middle East,Silver,Diesel,Manual,3.9,20870,63402,2878,Low
12/31/2021,i8,2021,Middle East,White,Electric,Automatic,4.2,169969,162766,282,Low
12/31/2019,i3,2019,Asia,Black,Petrol,Automatic,3.7,31502,92134,5016,High
12/31/2016,M5,2016,North America,Grey,Diesel,Manual,3.3,134118,105622,1331,Low
12/31/2018,5 Series,2018,South America,Black,Petrol,Automatic,4.2,103220,88487,3794,Low
12/31/2010,X3,2010,Africa,Red,Electric,Automatic,3.3,165261,44787,3926,Low
12/31/2019,7 Series,2019,Africa,Black,Diesel,Automatic,4.9,175208,110983,592,Low
12/31/2018,7 Series,2018,Asia,Silver,Petrol,Manual,3.3,138483,100948,1374,Low
12/31/2023,X3,2023,Middle East,Blue,Electric,Automatic,2.6,85209,111291,7525,High
12/31/2016,X3,2016,Asia,Red,Hybrid,Manual,3.1,139669,66131,8945,High
12/31/2019,X6,2019,Africa,Blue,Electric,Manual,3.2,155325,97432,2443,Low
12/31/2023,7 Series,2023,Middle East,Silver,Hybrid,Manual,2.5,126563,133775,1714,Low
12/31/2013,i8,2013,Europe,Silver,Diesel,Manual,2.1,26915,114934,50,Low
12/31/2022,M5,2022,Africa,Red,Hybrid,Manual,3,114018,129466,1561,Low
12/31/2024,i8,2024,South America,White,Hybrid,Manual,4.6,166287,163402,650,Low
12/31/2020,X5,2020,Asia,Red,Petrol,Automatic,2.4,115902,94006,5812,High
12/31/2021,X6,2021,North America,White,Electric,Automatic,2.8,13446,136391,5142,High
12/31/2015,X6,2015,Middle East,Grey,Diesel,Manual,4.2,178142,78816,2667,Low
12/31/2020,3 Series,2020,North America,Red,Hybrid,Manual,1.8,81808,78810,8856,High
12/31/2020,7 Series,2020,Africa,Grey,Diesel,Automatic,4.4,13135,138012,325,Low
12/31/2015,i3,2015,Asia,Silver,Diesel,Automatic,4,46769,74876,4481,Low
12/31/2015,M3,2015,Asia,White,Petrol,Automatic,3.4,154554,73305,3204,Low
12/31/2024,i3,2024,North America,Silver,Petrol,Manual,2.2,38825,105111,6158,High
12/31/2011,X3,2011,Africa,Blue,Diesel,Automatic,1.8,172711,25000,4148,Low
12/31/2014,M3,2014,Middle East,Grey,Electric,Automatic,2.3,46536,96922,1374,Low
12/31/2016,M3,2016,North America,White,Electric,Manual,4.2,167411,94882,2847,Low
12/31/2015,X1,2015,North America,White,Diesel,Automatic,4.8,159028,55265,8565,High
12/31/2012,X3,2012,Middle East,Silver,Hybrid,Automatic,4.1,106119,103744,4604,Low
12/31/2020,M5,2020,Europe,Blue,Electric,Automatic,3.3,192233,129951,1837,Low
12/31/2021,X5,2021,South America,Blue,Petrol,Manual,4.8,133466,100537,3834,Low
12/31/2014,i3,2014,Africa,Red,Electric,Manual,4.4,120653,68137,2111,Low
12/31/2022,X3,2022,Asia,White,Petrol,Manual,3.8,2041,115639,8442,High
12/31/2017,M3,2017,North America,Black,Diesel,Manual,1.6,44858,82884,2631,Low
12/31/2020,X5,2020,Asia,Red,Petrol,Automatic,2.5,61377,101308,5462,High
12/31/2014,M5,2014,Europe,Grey,Diesel,Manual,2.6,50023,101617,1098,Low
12/31/2021,3 Series,2021,North America,Black,Hybrid,Automatic,2.7,11847,111642,10187,High
12/31/2019,X1,2019,Middle East,White,Electric,Manual,2.9,137406,73261,6659,High
12/31/2012,X6,2012,Middle East,Red,Hybrid,Automatic,4.8,37198,111541,1659,Low
12/31/2018,M5,2018,Middle East,Red,Hybrid,Manual,4.1,30422,149517,1052,Low
12/31/2020,5 Series,2020,Africa,Blue,Hybrid,Automatic,3.9,80220,108009,3980,Low
12/31/2012,7 Series,2012,North America,Silver,Diesel,Manual,3,42938,90652,812,Low
12/31/2011,X5,2011,Asia,Silver,Electric,Manual,2.7,51693,78159,5573,High
12/31/2015,M5,2015,Europe,White,Electric,Manual,1.9,32138,117362,964,Low
12/31/2017,M5,2017,Asia,Black,Diesel,Manual,3.1,83528,114924,1715,Low
12/31/2015,X5,2015,South America,Blue,Hybrid,Manual,2.2,34465,82967,3126,Low
12/31/2010,7 Series,2010,Africa,Red,Petrol,Automatic,2.9,6249,94493,50,Low
12/31/2017,3 Series,2017,Middle East,Silver,Electric,Automatic,2,151964,68700,6197,High
12/31/2010,3 Series,2010,Europe,Silver,Petrol,Automatic,2.7,68173,41381,8709,High
12/31/2018,7 Series,2018,Asia,Silver,Petrol,Manual,1.7,16761,121989,1345,Low
12/31/2017,5 Series,2017,Middle East,White,Electric,Automatic,1.5,181726,72153,4688,Low
12/31/2015,i8,2015,Middle East,Black,Hybrid,Automatic,4.5,144435,147635,50,Low
12/31/2024,X5,2024,Asia,Red,Hybrid,Manual,3.7,123580,120018,7943,High
12/31/2011,3 Series,2011,South America,Red,Petrol,Manual,3.6,133370,36043,5782,High
12/31/2022,X3,2022,North America,Grey,Diesel,Automatic,3.3,152037,86060,8884,High
12/31/2018,X6,2018,South America,White,Petrol,Automatic,4,86566,102468,2507,Low
12/31/2017,i3,2017,South America,Black,Electric,Automatic,4.1,20076,100719,2868,Low
12/31/2022,i8,2022,Europe,Silver,Petrol,Manual,4.8,138302,158764,236,Low
12/31/2013,i3,2013,South America,Red,Diesel,Automatic,2.4,168952,30793,2812,Low
12/31/2011,i8,2011,Middle East,Black,Hybrid,Automatic,4.2,29439,152551,50,Low
12/31/2022,i3,2022,North America,Grey,Diesel,Manual,5,106586,95598,5124,High
12/31/2023,X5,2023,Middle East,Black,Hybrid,Automatic,1.6,8145,135387,4229,Low
12/31/2024,X5,2024,Europe,Grey,Diesel,Automatic,2.8,121034,105577,7004,High
12/31/2015,5 Series,2015,North America,Blue,Electric,Manual,3,124486,82437,6730,High
12/31/2010,X5,2010,Middle East,White,Hybrid,Automatic,4.4,133394,70659,3207,Low
12/31/2016,X5,2016,North America,Red,Hybrid,Manual,1.5,124073,74133,6223,High
12/31/2010,i3,2010,North America,Silver,Diesel,Automatic,3.6,105722,38693,4696,Low
12/31/2024,3 Series,2024,North America,Black,Diesel,Manual,4.6,189375,84567,11401,High
12/31/2022,i8,2022,South America,Grey,Diesel,Manual,2,61190,140066,188,Low
12/31/2015,3 Series,2015,North America,Grey,Electric,Automatic,1.9,48257,79153,8891,High
12/31/2014,M3,2014,Asia,Blue,Electric,Automatic,5,11807,120373,2085,Low
12/31/2021,M5,2021,Europe,Grey,Petrol,Automatic,4.4,75669,140968,1523,Low
12/31/2019,X1,2019,Europe,Silver,Diesel,Automatic,3.9,123714,67945,8188,High
12/31/2023,5 Series,2023,Europe,Red,Petrol,Automatic,2.9,141107,124435,6985,High
12/31/2012,i8,2012,Middle East,White,Petrol,Manual,4.5,39694,136170,50,Low
12/31/2015,X3,2015,Asia,Black,Electric,Automatic,4.7,178373,75602,8227,High
12/31/2013,M3,2013,North America,Red,Hybrid,Automatic,4.1,143064,80980,2277,Low
12/31/2023,X6,2023,Middle East,Grey,Petrol,Manual,2.9,183533,100992,2999,Low
12/31/2021,M5,2021,Africa,Silver,Electric,Automatic,3.5,163503,133066,1252,Low
12/31/2015,7 Series,2015,Asia,Black,Hybrid,Manual,1.8,44455,108121,1064,Low
12/31/2013,i8,2013,South America,White,Electric,Automatic,2.1,184379,105635,50,Low
12/31/2024,X6,2024,Europe,Red,Diesel,Manual,4.2,132585,118217,4128,Low
12/31/2010,M5,2010,Asia,Blue,Electric,Automatic,1.6,79426,98890,724,Low
12/31/2014,X1,2014,Asia,White,Petrol,Automatic,1.7,198075,25000,7101,High
12/31/2017,M3,2017,Europe,Blue,Diesel,Automatic,3.3,132802,78968,2540,Low
12/31/2015,M3,2015,Middle East,White,Diesel,Automatic,2.1,29951,86214,1428,Low
12/31/2019,X5,2019,North America,Silver,Diesel,Manual,2.5,45634,93889,6179,High
12/31/2018,X3,2018,North America,Grey,Electric,Manual,2.9,181529,73192,9576,High
12/31/2013,M3,2013,Middle East,Red,Electric,Automatic,3.3,457,111909,781,Low
12/31/2019,X3,2019,South America,Grey,Petrol,Automatic,2.5,15684,86672,5718,High
12/31/2018,X3,2018,Asia,White,Hybrid,Automatic,3.2,189436,68416,8983,High
12/31/2017,i8,2017,Middle East,White,Hybrid,Manual,2.8,160057,134849,50,Low
12/31/2012,M3,2012,Europe,White,Electric,Automatic,1.8,41741,78824,2268,Low
12/31/2023,M3,2023,Europe,Red,Electric,Automatic,4.5,192777,124840,3680,Low
12/31/2015,M5,2015,Europe,Silver,Petrol,Manual,2.5,85128,106451,1195,Low
12/31/2013,X6,2013,Europe,Black,Hybrid,Automatic,3.6,81637,94929,3599,Low
12/31/2010,3 Series,2010,Middle East,Black,Diesel,Automatic,3.5,181962,27049,5999,High
12/31/2018,i3,2018,South America,Silver,Electric,Manual,2.2,144834,66533,3612,Low
12/31/2013,X1,2013,North America,Black,Electric,Manual,1.6,108645,47446,8170,High
12/31/2020,X1,2020,Middle East,Black,Hybrid,Automatic,4.5,165669,82162,6825,High
12/31/2023,5 Series,2023,Asia,Silver,Hybrid,Automatic,3.2,119590,118071,6808,High
12/31/2014,X1,2014,Europe,Blue,Hybrid,Manual,3,182826,40776,8139,High
12/31/2012,5 Series,2012,Europe,Red,Diesel,Manual,4.2,34765,75145,6217,High
12/31/2013,X3,2013,Africa,Grey,Petrol,Manual,1.6,54338,46200,4389,Low
12/31/2022,i3,2022,South America,Black,Petrol,Manual,4.2,58629,100049,3158,Low
12/31/2018,X1,2018,South America,Grey,Diesel,Manual,2.9,150505,49451,5800,High
12/31/2024,X6,2024,North America,Grey,Electric,Automatic,3.4,135183,134719,4481,Low
12/31/2016,5 Series,2016,Asia,Black,Petrol,Manual,4.1,48427,91590,6885,High
12/31/2017,M5,2017,North America,Black,Electric,Manual,3.4,146553,125488,1270,Low
12/31/2012,7 Series,2012,Africa,Silver,Hybrid,Automatic,1.7,109951,82556,50,Low
12/31/2024,7 Series,2024,Europe,Blue,Diesel,Automatic,4.1,122096,140807,1958,Low
12/31/2012,M5,2012,South America,Black,Diesel,Manual,4.3,178133,81784,338,Low
12/31/2024,7 Series,2024,North America,Red,Electric,Manual,3.1,1079,175979,1880,Low
12/31/2023,7 Series,2023,South America,Blue,Diesel,Automatic,3,97226,130543,1164,Low
12/31/2016,3 Series,2016,North America,Grey,Petrol,Manual,2.4,90212,60112,10712,High
12/31/2017,i3,2017,Asia,Red,Diesel,Manual,3.8,187306,52367,5786,High
12/31/2023,M5,2023,South America,Red,Diesel,Automatic,4.6,139962,140828,1091,Low
12/31/2014,X6,2014,North America,Black,Electric,Manual,3.8,26834,106910,2917,Low
12/31/2010,7 Series,2010,Middle East,Red,Hybrid,Manual,4.2,195444,79761,50,Low
12/31/2012,X5,2012,North America,Blue,Hybrid,Automatic,4.4,143183,74825,4803,Low
12/31/2014,M5,2014,Africa,Black,Hybrid,Automatic,2.3,48711,108910,80,Low
12/31/2012,X1,2012,Europe,Grey,Electric,Manual,2.9,199773,33451,8060,High
12/31/2024,i3,2024,Europe,Red,Electric,Manual,3,167351,99029,6536,High
12/31/2023,3 Series,2023,Africa,Black,Diesel,Manual,3.5,158471,80571,5653,High
12/31/2010,7 Series,2010,South America,Grey,Diesel,Manual,1.7,123380,58416,159,Low
12/31/2016,X5,2016,Asia,Silver,Hybrid,Automatic,3.6,89700,98339,4920,Low
12/31/2010,7 Series,2010,Middle East,White,Electric,Manual,1.8,148365,74566,90,Low
12/31/2019,X1,2019,Europe,Red,Hybrid,Automatic,4.3,197347,72601,9300,High
12/31/2022,7 Series,2022,Europe,White,Electric,Automatic,4.9,66403,169093,1629,Low
12/31/2015,X5,2015,North America,Silver,Diesel,Automatic,2.5,121318,67921,4994,Low
12/31/2015,7 Series,2015,North America,Grey,Diesel,Automatic,3.3,144523,92327,1168,Low
12/31/2023,5 Series,2023,Asia,Black,Diesel,Manual,4.4,42764,117054,7417,High
12/31/2016,X1,2016,Asia,Silver,Hybrid,Automatic,2.6,129485,59822,8587,High
12/31/2021,i3,2021,Europe,Blue,Electric,Automatic,2.1,99499,91015,6340,High
12/31/2020,i3,2020,Europe,Black,Electric,Manual,4.1,108218,100885,5632,High
12/31/2010,5 Series,2010,Africa,White,Hybrid,Automatic,3.9,179863,48173,3161,Low
12/31/2020,M5,2020,North America,Grey,Hybrid,Manual,3.5,79524,147660,2015,Low
12/31/2012,X3,2012,Africa,White,Diesel,Automatic,4.8,164522,47505,3985,Low
12/31/2021,3 Series,2021,South America,Silver,Hybrid,Manual,4.8,125551,97379,6323,High
12/31/2018,X3,2018,Europe,Silver,Electric,Automatic,4.5,197464,80165,8651,High
12/31/2011,X5,2011,North America,Blue,Hybrid,Automatic,2.5,136455,61237,4729,Low
12/31/2023,X3,2023,Europe,Red,Electric,Manual,2.3,58316,115181,8943,High
12/31/2014,X6,2014,Asia,White,Diesel,Automatic,4.4,173634,74720,4076,Low
12/31/2012,X5,2012,South America,Blue,Petrol,Manual,3.8,123592,60571,3251,Low
12/31/2021,X6,2021,Middle East,Red,Petrol,Manual,2.9,98727,108583,3248,Low
12/31/2021,i8,2021,Africa,Silver,Diesel,Automatic,2.9,199753,126515,178,Low
12/31/2022,3 Series,2022,South America,Blue,Hybrid,Automatic,4.5,178670,95091,5729,High
12/31/2014,X5,2014,South America,Black,Petrol,Automatic,2.1,10331,82367,2984,Low
12/31/2016,3 Series,2016,Middle East,Blue,Diesel,Automatic,4.8,73105,76162,5970,High
12/31/2010,X5,2010,Europe,Grey,Diesel,Automatic,3.7,23249,72224,5466,High
12/31/2012,M3,2012,Asia,Black,Electric,Manual,4.3,39656,101894,2163,Low
12/31/2020,5 Series,2020,Africa,Red,Diesel,Automatic,2.8,231,99440,3572,Low
12/31/2022,X6,2022,Africa,Silver,Hybrid,Manual,3.6,2183,144017,2248,Low
12/31/2015,X1,2015,Africa,Black,Hybrid,Automatic,4.1,16570,84337,3921,Low
12/31/2016,X5,2016,Africa,Grey,Hybrid,Manual,3,75811,86970,2911,Low
12/31/2019,X1,2019,Middle East,White,Petrol,Automatic,3.2,151391,63837,5883,High
12/31/2012,X3,2012,Asia,Silver,Petrol,Automatic,3.5,125420,47221,9101,High
12/31/2013,7 Series,2013,Middle East,White,Hybrid,Automatic,1.7,112898,93381,251,Low
12/31/2015,i3,2015,Europe,Grey,Petrol,Automatic,4.5,143959,60614,5228,High
12/31/2014,i3,2014,Europe,Red,Electric,Automatic,4.5,39634,87280,3896,Low
12/31/2020,7 Series,2020,Europe,Grey,Diesel,Manual,2.5,102966,114250,1491,Low
12/31/2018,3 Series,2018,Europe,Blue,Diesel,Automatic,4.6,145685,69528,8247,High
12/31/2022,7 Series,2022,Asia,White,Petrol,Automatic,4.1,110192,134914,1859,Low
12/31/2021,i3,2021,Middle East,Grey,Hybrid,Manual,3.2,175614,81701,4425,Low
12/31/2010,i8,2010,Asia,Red,Hybrid,Manual,2.7,81740,114725,50,Low
12/31/2024,5 Series,2024,Asia,Grey,Electric,Automatic,2.9,106891,117234,8420,High
12/31/2022,X5,2022,Africa,Grey,Petrol,Manual,3.4,130011,96699,3137,Low
12/31/2014,3 Series,2014,South America,Grey,Electric,Automatic,2.9,84423,69198,5036,High
12/31/2020,i3,2020,Africa,Grey,Electric,Automatic,3,17928,111448,3304,Low
12/31/2010,i8,2010,Middle East,Grey,Electric,Manual,2.2,121294,118432,50,Low
12/31/2017,X5,2017,North America,Silver,Electric,Automatic,4,80835,112796,5617,High
12/31/2016,5 Series,2016,Africa,Black,Hybrid,Automatic,3.6,171391,69444,3783,Low
12/31/2014,5 Series,2014,Asia,Blue,Diesel,Manual,5,40364,88779,6332,High
12/31/2015,7 Series,2015,Middle East,Silver,Hybrid,Manual,2,194167,88559,538,Low
12/31/2013,5 Series,2013,North America,Blue,Petrol,Automatic,1.9,165823,45473,5895,High
12/31/2018,i8,2018,Middle East,Silver,Petrol,Manual,3.3,52822,155982,50,Low
12/31/2023,i8,2023,Africa,Black,Diesel,Automatic,2,156046,134587,378,Low
12/31/2012,X6,2012,Africa,Grey,Diesel,Manual,3.6,51485,73149,1652,Low
12/31/2011,X5,2011,South America,Silver,Petrol,Automatic,2.2,191258,35988,3298,Low
12/31/2016,M5,2016,Africa,Red,Petrol,Manual,3.2,143585,93853,556,Low
12/31/2022,X6,2022,Europe,Black,Hybrid,Manual,3.6,193760,106408,5326,High
12/31/2011,M3,2011,South America,Grey,Electric,Manual,3.1,91252,34032,1659,Low
12/31/2022,7 Series,2022,Europe,Red,Electric,Manual,2.6,114361,140898,1820,Low
12/31/2015,X3,2015,Europe,White,Hybrid,Manual,4.2,198409,59243,7093,High
12/31/2020,M3,2020,North America,Grey,Hybrid,Automatic,4.5,172488,109249,3954,Low
12/31/2017,X3,2017,North America,White,Petrol,Automatic,2.5,80455,69342,9549,High
12/31/2012,5 Series,2012,Europe,Red,Hybrid,Automatic,4.3,191181,61511,5795,High
12/31/2012,X1,2012,Asia,Grey,Hybrid,Automatic,2.9,31222,60565,6683,High
12/31/2012,X1,2012,South America,Blue,Hybrid,Manual,3.2,28288,62304,4007,Low
12/31/2010,M5,2010,Africa,Red,Diesel,Automatic,2.3,117321,71135,50,Low
12/31/2018,i8,2018,South America,White,Petrol,Automatic,3.7,55811,153307,50,Low
12/31/2014,X6,2014,Europe,Blue,Diesel,Automatic,1.9,136145,62140,4052,Low
12/31/2018,X3,2018,Europe,Black,Electric,Manual,3.6,120797,85105,7939,High
12/31/2014,i8,2014,Africa,Blue,Petrol,Manual,5,41000,140733,50,Low
12/31/2016,X1,2016,North America,Red,Petrol,Automatic,4.1,11353,78575,7153,High
12/31/2010,X6,2010,South America,Grey,Hybrid,Automatic,4.6,72077,88193,1244,Low
12/31/2018,3 Series,2018,Europe,Black,Petrol,Manual,3.1,135580,63987,10227,High
12/31/2010,X1,2010,South America,Red,Electric,Automatic,2,17916,51963,4123,Low
12/31/2024,X3,2024,Middle East,Blue,Petrol,Automatic,2.5,105585,99535,6681,High
12/31/2013,X1,2013,South America,White,Diesel,Manual,1.7,2041,45969,4440,Low
12/31/2016,X5,2016,North America,Grey,Petrol,Automatic,3.3,64371,92416,5241,High
12/31/2020,X1,2020,Africa,Black,Electric,Automatic,3.8,99927,93286,4116,Low
12/31/2024,5 Series,2024,Middle East,Blue,Petrol,Automatic,3,22754,119755,4364,Low
12/31/2021,i8,2021,North America,Blue,Petrol,Manual,3.5,186147,139826,400,Low
12/31/2018,X5,2018,Asia,Black,Petrol,Manual,2.6,34014,98978,6649,High
12/31/2010,3 Series,2010,North America,Red,Petrol,Automatic,1.8,130745,25000,9101,High
12/31/2021,X1,2021,Africa,Silver,Hybrid,Manual,3,81038,84538,4484,Low
12/31/2023,X5,2023,South America,Blue,Electric,Manual,3.4,51590,128036,3712,Low
12/31/2022,X6,2022,Asia,Silver,Diesel,Manual,4.9,91362,117585,4354,Low
12/31/2020,i3,2020,Europe,Black,Hybrid,Automatic,2.7,66667,89702,6289,High
12/31/2024,X3,2024,Europe,Black,Diesel,Manual,3.9,10409,117848,9135,High
12/31/2022,i3,2022,Europe,Red,Diesel,Manual,4.4,174817,77158,6254,High
12/31/2015,X3,2015,Asia,Silver,Electric,Automatic,2.7,113688,72612,9569,High
12/31/2020,5 Series,2020,Africa,Grey,Diesel,Automatic,4.8,130623,96234,3531,Low
12/31/2019,M3,2019,Europe,Silver,Diesel,Manual,2.7,118533,82729,2706,Low
12/31/2020,X3,2020,Middle East,Silver,Diesel,Manual,4.9,109571,94643,5194,High
12/31/2024,i8,2024,Europe,Red,Diesel,Automatic,1.5,29761,159126,584,Low
12/31/2014,3 Series,2014,South America,Blue,Electric,Automatic,3.7,141694,63792,5308,High
12/31/2012,X1,2012,Middle East,Red,Electric,Manual,4.3,147686,54172,5211,High
12/31/2019,X6,2019,Europe,Red,Petrol,Manual,2.5,67085,94843,3543,Low
12/31/2011,X5,2011,South America,Silver,Electric,Manual,1.9,126851,58395,2918,Low
12/31/2010,i8,2010,North America,Blue,Hybrid,Manual,1.6,147234,101124,50,Low
12/31/2024,M3,2024,Middle East,White,Diesel,Automatic,1.8,36089,115090,2395,Low
12/31/2011,7 Series,2011,Middle East,Black,Hybrid,Automatic,3.4,50298,112926,50,Low
12/31/2021,M3,2021,North America,Grey,Electric,Automatic,4.4,11889,138983,3015,Low
12/31/2022,i3,2022,Middle East,Grey,Diesel,Manual,1.7,175265,65407,4047,Low
12/31/2013,M3,2013,Asia,Blue,Diesel,Automatic,1.9,49305,70218,2891,Low
12/31/2015,X5,2015,Europe,White,Petrol,Automatic,1.5,12010,82026,4959,Low
12/31/2021,i8,2021,North America,Black,Hybrid,Automatic,2.5,109542,157482,734,Low
12/31/2014,X5,2014,Asia,White,Electric,Manual,4.7,139575,85712,5247,High
12/31/2023,X6,2023,North America,White,Petrol,Manual,2.5,39363,126773,3923,Low
12/31/2013,5 Series,2013,North America,Red,Electric,Automatic,3,112887,75797,7026,High
12/31/2017,i3,2017,Middle East,Grey,Electric,Manual,2.1,130125,68428,3542,Low
12/31/2021,3 Series,2021,North America,Red,Petrol,Automatic,1.9,124106,71124,9930,High
12/31/2016,i8,2016,Middle East,White,Diesel,Automatic,2.1,132482,124221,50,Low
12/31/2023,i8,2023,Africa,Black,Petrol,Manual,2.2,91513,154195,50,Low
12/31/2013,X1,2013,South America,Silver,Petrol,Automatic,2,105607,33278,4684,Low
12/31/2019,M3,2019,Europe,Blue,Diesel,Manual,4.3,70571,107791,2637,Low
12/31/2022,X5,2022,Africa,Grey,Diesel,Automatic,3.2,19289,172068,2487,Low
12/31/2022,7 Series,2022,Europe,Blue,Petrol,Automatic,3.4,109821,130570,1577,Low
12/31/2014,X3,2014,South America,Black,Electric,Manual,2.8,41604,79933,4288,Low
12/31/2021,X1,2021,South America,Grey,Hybrid,Automatic,2.2,6329,94293,4989,Low
12/31/2019,X5,2019,Asia,Black,Electric,Manual,1.8,55253,107565,6835,High
12/31/2014,X3,2014,South America,White,Electric,Automatic,1.8,50125,73624,4569,Low
12/31/2012,i3,2012,South America,Grey,Hybrid,Automatic,2.1,192523,32032,2872,Low
12/31/2022,7 Series,2022,Middle East,Blue,Diesel,Automatic,4.5,72958,149362,819,Low
12/31/2018,X5,2018,North America,White,Petrol,Automatic,2.3,22722,97030,5415,High
12/31/2020,X1,2020,North America,Grey,Hybrid,Automatic,2.7,171756,68564,8169,High
12/31/2014,X3,2014,South America,Black,Hybrid,Automatic,3.5,34909,79772,5332,High
12/31/2021,7 Series,2021,Asia,Black,Diesel,Automatic,3.3,163859,119599,1848,Low
12/31/2022,M5,2022,Asia,Red,Diesel,Automatic,3.8,61826,148991,2003,Low
12/31/2019,i8,2019,Middle East,Blue,Diesel,Manual,2.2,1312,149399,50,Low
12/31/2011,5 Series,2011,Middle East,Black,Diesel,Automatic,3.3,40396,67781,4230,Low
12/31/2022,7 Series,2022,South America,Silver,Petrol,Automatic,4.2,95213,140845,693,Low
12/31/2024,X1,2024,Europe,Silver,Hybrid,Manual,2.9,184977,84283,8143,High
12/31/2013,i3,2013,Africa,Silver,Petrol,Manual,4.9,139850,50662,2541,Low
12/31/2021,M5,2021,South America,Grey,Petrol,Automatic,3.5,107929,133153,897,Low
12/31/2013,M5,2013,Africa,Red,Petrol,Manual,3.9,59398,102484,50,Low
12/31/2014,M3,2014,North America,White,Petrol,Automatic,3.1,70528,86231,2387,Low
12/31/2017,M5,2017,South America,Silver,Electric,Manual,4.5,82676,133101,327,Low
12/31/2014,M3,2014,South America,Red,Petrol,Automatic,3.1,30091,85994,1256,Low
12/31/2010,5 Series,2010,South America,Grey,Electric,Automatic,4.8,92528,75091,3132,Low
12/31/2011,M5,2011,Asia,Silver,Petrol,Automatic,2.6,181349,76966,1224,Low
12/31/2024,5 Series,2024,North America,Silver,Electric,Manual,4.5,26192,148875,6742,High
12/31/2012,i3,2012,Africa,Silver,Electric,Manual,3.7,96126,59620,2057,Low
12/31/2012,5 Series,2012,Middle East,Blue,Diesel,Automatic,4.3,86481,68620,4291,Low
12/31/2019,5 Series,2019,North America,Silver,Hybrid,Automatic,1.6,81527,92857,8137,High
12/31/2015,X6,2015,North America,Blue,Electric,Manual,2.5,65046,102740,3709,Low
12/31/2018,3 Series,2018,South America,Blue,Hybrid,Manual,4.5,131034,81197,5865,High
12/31/2019,5 Series,2019,North America,Silver,Hybrid,Manual,2.6,113256,89656,8238,High
12/31/2010,X3,2010,Asia,Blue,Diesel,Manual,4,12598,61005,8046,High
12/31/2015,X6,2015,South America,White,Hybrid,Manual,5,151054,89551,2208,Low
12/31/2018,3 Series,2018,North America,Red,Hybrid,Manual,2.1,21291,86936,10085,High
12/31/2013,5 Series,2013,Europe,Grey,Diesel,Automatic,3,174308,45062,5671,High
12/31/2019,i3,2019,North America,Silver,Diesel,Manual,2.1,106692,66966,5514,High
12/31/2012,X6,2012,Europe,Grey,Diesel,Automatic,2,173928,48118,3718,Low
12/31/2022,X6,2022,South America,White,Electric,Manual,3.7,173374,118581,3197,Low
12/31/2015,5 Series,2015,Asia,Grey,Hybrid,Automatic,2.2,19684,87013,6963,High
12/31/2015,3 Series,2015,Europe,Red,Hybrid,Manual,3.2,112658,67506,9950,High
12/31/2022,X1,2022,Middle East,Black,Electric,Manual,4.9,132788,106021,5886,High
12/31/2011,i8,2011,Middle East,Black,Diesel,Automatic,2.7,108763,115289,50,Low
12/31/2024,7 Series,2024,Europe,White,Petrol,Manual,4.6,151553,200000,855,Low
12/31/2014,X6,2014,Asia,White,Petrol,Automatic,2.9,11747,92286,3803,Low
12/31/2010,M3,2010,Africa,Blue,Electric,Manual,2.4,128403,58698,766,Low
12/31/2022,X6,2022,South America,Grey,Petrol,Manual,2.7,125114,104282,2692,Low
12/31/2018,X5,2018,North America,Grey,Hybrid,Manual,1.9,9602,109825,5988,High
12/31/2018,i8,2018,Africa,Red,Hybrid,Automatic,3.9,65799,154196,50,Low
12/31/2012,i3,2012,South America,Black,Electric,Manual,3.3,76839,62818,2359,Low
12/31/2014,5 Series,2014,Asia,Blue,Diesel,Automatic,3.6,106525,66122,6717,High
12/31/2024,X5,2024,Africa,Red,Hybrid,Manual,2.6,145931,104901,3769,Low
12/31/2012,X1,2012,South America,Grey,Diesel,Automatic,3.8,173232,29685,3886,Low
12/31/2016,X3,2016,Middle East,Grey,Diesel,Manual,2.1,41587,70772,5626,High
12/31/2022,i3,2022,Europe,Grey,Electric,Manual,3.8,108816,99064,6205,High
12/31/2024,X5,2024,Europe,Silver,Electric,Automatic,1.8,88897,122657,7542,High
12/31/2010,X5,2010,North America,Blue,Petrol,Automatic,2.9,107131,53697,5474,High
12/31/2024,7 Series,2024,Asia,White,Hybrid,Automatic,3.6,44054,159600,1795,Low
12/31/2014,M3,2014,Middle East,Black,Diesel,Automatic,4.5,147110,76293,1373,Low
12/31/2015,M3,2015,Asia,White,Diesel,Manual,4.3,143486,73222,2559,Low
12/31/2023,X3,2023,South America,Red,Diesel,Automatic,3.3,198938,75549,6195,High
12/31/2020,i8,2020,Europe,Black,Diesel,Manual,4.6,117432,149331,117,Low
12/31/2021,X5,2021,South America,Red,Petrol,Automatic,3.3,106514,101124,4371,Low
12/31/2023,X3,2023,Africa,Red,Petrol,Manual,3.3,79019,92021,4788,Low
12/31/2016,M5,2016,Europe,Silver,Electric,Automatic,4,67705,141140,907,Low
12/31/2012,M5,2012,South America,Silver,Petrol,Manual,4.6,113985,100169,98,Low
12/31/2016,X5,2016,Middle East,White,Petrol,Automatic,3.6,37664,94227,3955,Low
12/31/2013,5 Series,2013,South America,Silver,Petrol,Manual,4.8,15530,87795,3507,Low
12/31/2019,X1,2019,Asia,White,Hybrid,Automatic,2.3,102652,74914,9313,High
12/31/2020,X1,2020,Africa,Silver,Diesel,Manual,4.7,102119,77305,3845,Low
12/31/2023,5 Series,2023,Europe,Black,Diesel,Automatic,2.3,72205,98004,7216,High
12/31/2015,X5,2015,South America,White,Hybrid,Manual,3.3,26831,94207,2829,Low
12/31/2014,3 Series,2014,Asia,Blue,Hybrid,Automatic,4.3,38840,85942,8334,High
12/31/2013,M3,2013,Africa,Blue,Diesel,Manual,4.3,58552,79128,780,Low
12/31/2015,7 Series,2015,Europe,Blue,Hybrid,Manual,2.5,51897,109316,959,Low
12/31/2022,X5,2022,North America,White,Hybrid,Automatic,5,164797,117453,6082,High
12/31/2021,7 Series,2021,Asia,Black,Diesel,Automatic,1.8,19751,132782,1564,Low
12/31/2012,7 Series,2012,Africa,Silver,Hybrid,Automatic,1.6,128811,77744,50,Low
12/31/2012,M5,2012,Asia,Black,Hybrid,Manual,4.4,180014,102274,1135,Low
12/31/2014,X3,2014,Africa,Silver,Diesel,Manual,4.4,145235,51268,4823,Low
12/31/2020,M3,2020,Africa,Red,Electric,Manual,4,39787,124249,1786,Low
12/31/2014,5 Series,2014,North America,White,Hybrid,Manual,4.5,85037,84696,5452,High
12/31/2018,M5,2018,Africa,Silver,Petrol,Automatic,2,54499,117793,541,Low
12/31/2024,M5,2024,Asia,White,Petrol,Manual,1.8,100784,132394,2328,Low
12/31/2013,M5,2013,Middle East,Grey,Electric,Automatic,4.9,73780,135281,50,Low
12/31/2014,7 Series,2014,Europe,Black,Hybrid,Automatic,3.7,135816,100183,789,Low
12/31/2021,X1,2021,Asia,Red,Diesel,Automatic,4.7,62232,90657,9450,High
12/31/2018,i8,2018,Africa,Red,Electric,Automatic,4.7,22574,169830,50,Low
12/31/2013,M3,2013,Asia,Black,Diesel,Manual,3.8,20806,88081,2066,Low
12/31/2022,M3,2022,Middle East,Grey,Diesel,Manual,3.7,186639,94072,2808,Low
12/31/2024,7 Series,2024,North America,Blue,Petrol,Automatic,2.8,90404,144459,1750,Low
12/31/2024,M5,2024,Middle East,Black,Electric,Automatic,2,6521,180869,1427,Low
12/31/2012,M5,2012,Asia,Red,Hybrid,Manual,3.9,112401,102961,1134,Low
12/31/2016,M3,2016,South America,Silver,Hybrid,Automatic,4.4,76198,105431,1303,Low
12/31/2016,X1,2016,Africa,White,Electric,Automatic,3.4,88013,71106,3777,Low
12/31/2017,X5,2017,North America,Silver,Hybrid,Automatic,1.7,91831,92211,5803,High
12/31/2013,X3,2013,South America,Grey,Diesel,Automatic,2,29265,55740,4430,Low
12/31/2013,5 Series,2013,South America,White,Hybrid,Manual,1.9,163463,47610,3996,Low
12/31/2023,M5,2023,South America,White,Petrol,Manual,3.8,70488,142025,1205,Low
12/31/2023,X3,2023,North America,Silver,Hybrid,Automatic,3.5,158227,95709,10221,High
12/31/2018,M5,2018,Europe,Grey,Diesel,Automatic,3.1,100212,120344,1493,Low
12/31/2019,i8,2019,Africa,Grey,Diesel,Automatic,3.4,147565,132768,50,Low
12/31/2016,i8,2016,Middle East,Black,Diesel,Automatic,2.5,113276,129751,50,Low
12/31/2012,M5,2012,Asia,Grey,Electric,Manual,4.3,104919,113514,833,Low
12/31/2024,i8,2024,Africa,Black,Diesel,Manual,2.6,194956,131316,590,Low
12/31/2022,3 Series,2022,Africa,White,Petrol,Manual,3.8,133706,85002,5986,High
12/31/2018,M5,2018,Europe,Grey,Diesel,Manual,2.9,141920,110396,1884,Low
12/31/2022,X6,2022,South America,Silver,Hybrid,Automatic,1.8,60927,121425,2966,Low
12/31/2014,X5,2014,Africa,Black,Petrol,Manual,2.4,155117,49839,3425,Low
12/31/2013,X3,2013,North America,Red,Hybrid,Manual,4.9,173158,61675,7859,High
12/31/2010,M5,2010,Europe,Red,Hybrid,Manual,2.2,53525,90854,631,Low
12/31/2018,5 Series,2018,Europe,Red,Petrol,Manual,1.9,142717,64893,6015,High
12/31/2015,X6,2015,South America,Red,Petrol,Automatic,2.5,111310,74910,2563,Low
12/31/2020,i8,2020,Africa,White,Diesel,Manual,4.6,15945,160187,50,Low
12/31/2011,5 Series,2011,Europe,Grey,Diesel,Manual,2.6,69477,51465,5319,High
12/31/2022,X1,2022,South America,Silver,Hybrid,Automatic,3,188544,74297,6343,High
12/31/2016,X3,2016,Asia,Red,Electric,Manual,2.6,134222,71208,9294,High
12/31/2012,i8,2012,South America,Blue,Diesel,Manual,5,40233,135336,50,Low
12/31/2024,3 Series,2024,Middle East,Silver,Petrol,Automatic,5,111145,107130,7845,High
12/31/2015,5 Series,2015,South America,Silver,Diesel,Manual,3.2,67420,72458,3400,Low
12/31/2017,X6,2017,Africa,Blue,Hybrid,Manual,4.2,169279,88003,1761,Low
12/31/2012,i8,2012,Europe,Red,Diesel,Automatic,2.3,179140,96545,50,Low
12/31/2022,3 Series,2022,Europe,Grey,Hybrid,Manual,2.8,145938,81017,10347,High
12/31/2021,M5,2021,Middle East,Grey,Diesel,Manual,3.9,155826,133325,1021,Low
12/31/2021,M3,2021,Africa,Black,Petrol,Automatic,2.5,197330,80448,2094,Low
12/31/2014,X3,2014,Europe,Blue,Hybrid,Automatic,2.3,47834,73194,8583,High
12/31/2023,X6,2023,North America,White,Petrol,Manual,4.7,15887,145343,4578,Low
12/31/2015,X1,2015,Africa,Silver,Hybrid,Automatic,2.4,124626,49836,4467,Low
12/31/2010,M5,2010,Asia,Red,Diesel,Manual,1.7,92468,75227,1174,Low
12/31/2019,3 Series,2019,Africa,White,Diesel,Manual,4.1,39734,89420,4542,Low
12/31/2016,5 Series,2016,Middle East,Grey,Electric,Manual,2.4,113406,85150,3809,Low
12/31/2013,5 Series,2013,South America,White,Diesel,Automatic,3.1,133142,51340,3522,Low
12/31/2019,3 Series,2019,North America,Black,Diesel,Automatic,1.9,143011,56587,9790,High
12/31/2020,X6,2020,South America,Red,Diesel,Manual,1.7,59025,97856,3027,Low
12/31/2024,M5,2024,Africa,Black,Hybrid,Automatic,3.1,198444,137730,1523,Low
12/31/2016,3 Series,2016,Africa,Grey,Diesel,Automatic,2.7,79703,58645,4971,Low
12/31/2016,3 Series,2016,North America,Black,Electric,Manual,3.3,160198,69053,9027,High
12/31/2020,i3,2020,Middle East,Black,Diesel,Automatic,4.9,9451,112733,3243,Low
12/31/2014,i3,2014,Africa,Silver,Electric,Automatic,2.9,197638,46280,7900,High
12/31/2017,3 Series,2017,Asia,Grey,Diesel,Manual,3.6,35524,79912,9778,High
12/31/2017,X5,2017,Africa,Black,Hybrid,Automatic,1.8,37224,133254,2389,Low
12/31/2014,X1,2014,North America,Red,Diesel,Manual,4.6,83027,59306,7321,High
12/31/2014,i8,2014,Asia,Silver,Hybrid,Automatic,4.3,2260,166422,50,Low
12/31/2016,X1,2016,Africa,Black,Hybrid,Automatic,3.3,196499,50126,3989,Low
12/31/2015,7 Series,2015,Africa,Grey,Electric,Automatic,2.1,188792,85370,404,Low
12/31/2013,5 Series,2013,North America,Blue,Diesel,Manual,3,83414,59588,5576,High
12/31/2011,M5,2011,Africa,Blue,Diesel,Manual,2.5,60717,84547,50,Low
12/31/2017,X1,2017,South America,White,Hybrid,Automatic,5,162336,69667,5318,High
12/31/2012,3 Series,2012,Asia,White,Hybrid,Manual,3.2,65294,59886,8150,High
12/31/2011,X3,2011,Africa,Black,Petrol,Automatic,3,111649,42280,3741,Low
12/31/2021,i3,2021,Europe,Grey,Electric,Automatic,2.1,164430,79121,6527,High
12/31/2024,5 Series,2024,Europe,Blue,Diesel,Automatic,2.3,32644,113286,6492,High
12/31/2019,M3,2019,Africa,Silver,Diesel,Manual,4,134490,87646,1424,Low
12/31/2016,X5,2016,South America,Silver,Diesel,Automatic,3.4,10559,95647,3421,Low
12/31/2019,X1,2019,North America,Grey,Electric,Automatic,2.8,183929,69920,7686,High
12/31/2015,5 Series,2015,Europe,White,Hybrid,Automatic,2.5,184763,64394,6174,High
12/31/2017,X6,2017,Middle East,Black,Diesel,Automatic,2.2,118555,87934,3018,Low
12/31/2022,7 Series,2022,North America,Grey,Electric,Automatic,1.6,137480,128263,2235,Low
12/31/2023,M3,2023,South America,Black,Diesel,Manual,4.9,116984,110795,2258,Low
12/31/2015,M5,2015,Africa,Blue,Electric,Manual,4.1,89763,123364,50,Low
12/31/2016,i3,2016,Africa,Silver,Petrol,Manual,4.7,86280,68655,2366,Low
12/31/2011,M5,2011,Asia,Grey,Diesel,Manual,2.9,40698,91703,980,Low
12/31/2019,7 Series,2019,South America,Silver,Hybrid,Manual,4.5,89834,130722,891,Low
12/31/2023,5 Series,2023,Asia,Silver,Electric,Automatic,2.4,80172,113249,7249,High
12/31/2011,M3,2011,Europe,Black,Diesel,Automatic,3.3,122294,59707,2168,Low
12/31/2015,M3,2015,Africa,Grey,Petrol,Manual,2.2,56781,41288,1832,Low
12/31/2018,X6,2018,South America,Black,Electric,Manual,4.2,106254,107472,2702,Low
12/31/2023,i3,2023,Asia,Silver,Diesel,Automatic,3.2,131569,86480,5652,High
12/31/2012,i8,2012,Europe,Grey,Petrol,Manual,3.4,46504,118375,50,Low
12/31/2020,7 Series,2020,Africa,White,Diesel,Manual,4.5,169537,112402,725,Low
12/31/2019,i8,2019,South America,Blue,Electric,Manual,4.1,55870,166612,50,Low
12/31/2023,3 Series,2023,South America,Grey,Hybrid,Automatic,4.9,76793,116044,6890,High
12/31/2023,M5,2023,Europe,Red,Diesel,Manual,2.9,173674,115449,2296,Low
12/31/2022,5 Series,2022,Middle East,White,Petrol,Manual,3.1,34783,111336,4827,Low
12/31/2017,M3,2017,Asia,Black,Electric,Automatic,3.7,80499,108106,2664,Low
12/31/2024,i3,2024,Asia,Silver,Diesel,Automatic,3.1,199871,76338,6751,High
12/31/2014,5 Series,2014,South America,Silver,Hybrid,Manual,3,135672,67599,3280,Low
12/31/2022,X5,2022,Asia,Black,Petrol,Automatic,2.7,186555,86652,6357,High
12/31/2015,X6,2015,Asia,Grey,Hybrid,Manual,4.4,143671,92059,4223,Low
12/31/2015,3 Series,2015,Asia,Red,Diesel,Automatic,3.4,89308,58933,9624,High
12/31/2020,M3,2020,Africa,White,Petrol,Manual,3.6,45991,112825,1255,Low
12/31/2021,3 Series,2021,Middle East,Grey,Electric,Automatic,2.2,177939,79256,8406,High
12/31/2019,X3,2019,Europe,White,Electric,Manual,2.4,57138,99088,7566,High
12/31/2020,X5,2020,Asia,White,Electric,Automatic,2.7,143236,97773,6359,High
12/31/2022,X6,2022,South America,Grey,Electric,Manual,3.1,99793,127273,2924,Low
12/31/2012,X6,2012,Africa,White,Hybrid,Manual,1.7,191047,48539,1856,Low
12/31/2020,X5,2020,Europe,Grey,Diesel,Automatic,4.6,4785,120505,6064,High
12/31/2020,M5,2020,Europe,White,Petrol,Automatic,4.7,132294,134929,1742,Low
12/31/2014,7 Series,2014,North America,Grey,Hybrid,Automatic,3.8,174167,102948,888,Low
12/31/2021,X5,2021,North America,White,Hybrid,Automatic,2.6,72123,114709,6426,High
12/31/2010,M3,2010,Middle East,White,Electric,Manual,2.8,197973,54568,1417,Low
12/31/2011,5 Series,2011,Africa,Silver,Petrol,Manual,4.1,189331,41568,3343,Low
12/31/2019,M3,2019,North America,Silver,Electric,Automatic,2.5,180122,96920,3016,Low
12/31/2024,i3,2024,North America,Silver,Diesel,Manual,3.6,54419,107057,5424,High
12/31/2012,i3,2012,Middle East,Red,Hybrid,Manual,4.7,52613,76171,2660,Low
12/31/2013,M3,2013,Asia,Grey,Hybrid,Automatic,2.9,139391,71069,2340,Low
12/31/2022,X3,2022,Middle East,Grey,Diesel,Automatic,3.6,4351,116581,5578,High
12/31/2018,3 Series,2018,Europe,Blue,Diesel,Manual,4.8,158328,66436,9060,High
12/31/2010,i8,2010,Europe,Black,Diesel,Automatic,2.7,162837,94749,50,Low
12/31/2012,7 Series,2012,North America,Black,Hybrid,Manual,4.2,137250,92877,729,Low
12/31/2012,X5,2012,Europe,Black,Diesel,Manual,4.1,123177,62783,5909,High
12/31/2022,3 Series,2022,Middle East,Black,Petrol,Automatic,4.7,39628,113453,7343,High
12/31/2024,X5,2024,Africa,Blue,Petrol,Automatic,4.5,85723,117803,3318,Low
12/31/2022,5 Series,2022,Africa,Blue,Hybrid,Manual,4.1,127763,112012,3908,Low
12/31/2015,X3,2015,North America,Blue,Petrol,Automatic,3.7,11356,86668,8615,High
12/31/2014,7 Series,2014,Middle East,Black,Diesel,Manual,2.3,56132,98510,297,Low
12/31/2012,X5,2012,Middle East,Black,Electric,Automatic,3.8,168834,72602,3400,Low
12/31/2013,3 Series,2013,Asia,Red,Hybrid,Automatic,2.5,147583,46505,8347,High
12/31/2020,M5,2020,South America,White,Electric,Manual,3,106010,131672,1183,Low
12/31/2016,i8,2016,North America,Silver,Electric,Automatic,4,24900,167668,50,Low
12/31/2012,i8,2012,Asia,Grey,Hybrid,Automatic,3.9,72188,132142,50,Low
12/31/2018,3 Series,2018,Europe,Red,Diesel,Manual,2.9,113015,63602,10133,High
12/31/2017,3 Series,2017,South America,Red,Petrol,Automatic,2.1,155067,50884,5807,High
12/31/2022,i3,2022,North America,Blue,Diesel,Automatic,3.2,98067,85209,4824,Low
12/31/2011,i3,2011,Asia,Grey,Electric,Manual,2.4,96790,51879,4897,Low
12/31/2014,i3,2014,North America,Black,Diesel,Automatic,2.4,154463,38381,4417,Low
12/31/2023,X6,2023,Asia,Silver,Hybrid,Automatic,2.6,69105,126679,5369,High
12/31/2013,X3,2013,Middle East,Grey,Hybrid,Manual,4,26831,80371,4955,Low
12/31/2021,X1,2021,Asia,Silver,Petrol,Manual,3.2,7834,91538,8738,High
12/31/2022,i3,2022,Europe,Grey,Petrol,Automatic,2.8,97344,82693,5831,High
12/31/2014,X6,2014,Asia,Silver,Diesel,Automatic,4.7,162098,76894,4020,Low
12/31/2012,3 Series,2012,South America,Red,Electric,Manual,4,130503,58768,4710,Low
12/31/2019,M5,2019,South America,White,Petrol,Manual,3.2,112555,120258,715,Low
12/31/2024,X6,2024,Africa,Black,Diesel,Automatic,3,176358,100222,2891,Low
12/31/2020,i8,2020,Europe,White,Diesel,Automatic,4.4,29596,167807,50,Low
12/31/2010,X6,2010,Africa,Grey,Hybrid,Manual,2.1,160271,47844,1816,Low
12/31/2017,3 Series,2017,Africa,Black,Hybrid,Automatic,3.8,165497,70286,5828,High
12/31/2018,M5,2018,Europe,Black,Petrol,Manual,1.6,92652,109462,1462,Low
12/31/2017,3 Series,2017,Asia,Silver,Hybrid,Manual,1.5,148536,55881,9671,High
12/31/2013,7 Series,2013,Africa,Blue,Diesel,Manual,4.8,167008,79730,142,Low
12/31/2021,i3,2021,Africa,Red,Hybrid,Automatic,3.3,107283,92758,3808,Low
12/31/2011,M3,2011,South America,Blue,Hybrid,Manual,2.6,25317,77667,935,Low
12/31/2013,i8,2013,Middle East,Blue,Diesel,Manual,4.3,194467,111260,50,Low
12/31/2023,i3,2023,Africa,White,Diesel,Manual,4.9,153439,89462,3617,Low
12/31/2018,5 Series,2018,South America,Red,Electric,Manual,1.6,145073,75370,5149,High
12/31/2019,i3,2019,Europe,Blue,Hybrid,Manual,1.6,116875,67371,5296,High
12/31/2018,X6,2018,Middle East,Red,Petrol,Automatic,4.5,81265,109231,2837,Low
12/31/2014,5 Series,2014,Asia,Black,Petrol,Manual,3.4,65958,76001,6060,High
12/31/2014,X1,2014,South America,Red,Electric,Automatic,4.6,105918,67698,581,Low
12/31/2019,i3,2019,South America,Silver,Hybrid,Manual,3.9,119457,86781,3288,Low
12/31/2012,X1,2012,Asia,Grey,Diesel,Manual,3.1,96011,36565,7837,High
12/31/2023,X6,2023,North America,White,Hybrid,Manual,2.1,163856,109385,5617,High
12/31/2024,X3,2024,North America,Red,Hybrid,Automatic,2.9,137989,98652,9432,High
12/31/2015,X3,2015,Middle East,Black,Petrol,Manual,4.3,95317,68963,1037,Low
12/31/2016,X1,2016,South America,Black,Hybrid,Manual,2.3,144804,48236,4172,Low
12/31/2021,7 Series,2021,North America,Silver,Hybrid,Automatic,4,115542,145556,1778,Low
12/31/2024,X3,2024,Europe,Blue,Petrol,Manual,2.4,46826,98085,10019,High
12/31/2019,X1,2019,Africa,White,Electric,Manual,3.1,133401,74898,4344,Low
12/31/2023,M3,2023,Africa,Blue,Petrol,Manual,1.8,44463,106494,2157,Low
12/31/2024,M5,2024,Asia,Red,Petrol,Automatic,3.1,108142,144460,2093,Low
12/31/2021,X5,2021,Middle East,Black,Petrol,Automatic,3.6,101671,104053,3844,Low
12/31/2018,i8,2018,Middle East,White,Petrol,Automatic,3.5,18078,169589,50,Low
12/31/2016,i8,2016,North America,Blue,Petrol,Manual,2.9,189229,113715,80,Low
12/31/2012,7 Series,2012,South America,White,Hybrid,Manual,2.8,168897,75537,239,Low
12/31/2021,M3,2021,Africa,Silver,Electric,Manual,2.5,79426,111743,1839,Low
12/31/2022,M3,2022,Asia,Blue,Hybrid,Automatic,4.2,81751,134147,3635,Low
12/31/2016,M5,2016,South America,Blue,Petrol,Automatic,4.2,7770,134761,149,Low
12/31/2022,X5,2022,Asia,Blue,Petrol,Manual,3.2,5755,117311,7040,High
12/31/2010,X1,2010,Africa,Blue,Petrol,Manual,2.8,115043,25000,3762,Low
12/31/2011,7 Series,2011,Asia,Silver,Hybrid,Manual,3.7,46059,104166,476,Low
12/31/2013,M3,2013,South America,Blue,Hybrid,Automatic,3.5,159719,68559,1196,Low
12/31/2016,i3,2016,North America,Silver,Diesel,Manual,3.8,143082,58912,5034,High
12/31/2024,3 Series,2024,Asia,Blue,Electric,Manual,2.6,2684,123731,15000,High
12/31/2018,3 Series,2018,Asia,Black,Hybrid,Automatic,4.3,36317,105568,10618,High
12/31/2024,5 Series,2024,Middle East,Silver,Diesel,Automatic,2.6,35907,119066,5150,High
12/31/2014,5 Series,2014,Africa,Silver,Electric,Manual,3,40552,89954,3362,Low
12/31/2024,X3,2024,North America,Blue,Diesel,Automatic,2,15418,106706,9035,High
12/31/2017,M5,2017,Africa,Red,Electric,Manual,4.5,135377,124143,315,Low
12/31/2016,M5,2016,Africa,Silver,Diesel,Automatic,3.8,79655,112956,356,Low
12/31/2014,3 Series,2014,Middle East,Red,Electric,Manual,2.3,152030,56469,6316,High
12/31/2022,X6,2022,Europe,Silver,Electric,Automatic,4.5,173048,125309,5095,High
12/31/2012,X3,2012,North America,Silver,Diesel,Manual,4,163557,41409,7663,High
12/31/2012,M5,2012,Africa,Silver,Diesel,Manual,3,94695,81264,215,Low
12/31/2022,7 Series,2022,South America,Silver,Diesel,Manual,5,34955,141758,652,Low
12/31/2015,i3,2015,Middle East,Black,Electric,Automatic,2.7,112798,67893,2721,Low
12/31/2019,X3,2019,Europe,Grey,Diesel,Automatic,1.8,126107,64712,9877,High
12/31/2020,7 Series,2020,Europe,Blue,Diesel,Automatic,4.1,61039,137474,1149,Low
12/31/2013,i3,2013,Middle East,Silver,Hybrid,Automatic,4.1,109667,69472,3248,Low
12/31/2012,X1,2012,Africa,Blue,Electric,Manual,1.7,90393,43760,3720,Low
12/31/2013,5 Series,2013,Middle East,White,Diesel,Manual,4.4,164364,55913,5046,High
12/31/2012,i8,2012,Africa,Grey,Diesel,Automatic,4.2,185809,96987,50,Low
12/31/2022,M5,2022,Asia,Grey,Electric,Manual,4.8,108010,153683,2145,Low
12/31/2024,i8,2024,Middle East,Silver,Diesel,Automatic,1.9,72592,170544,118,Low
12/31/2021,3 Series,2021,Asia,Blue,Diesel,Automatic,3.6,160040,73129,10138,High
12/31/2024,X5,2024,Africa,Blue,Diesel,Automatic,2.3,109855,103305,3754,Low
12/31/2024,M3,2024,Europe,White,Electric,Automatic,2.9,40725,136724,3678,Low
12/31/2019,i3,2019,Asia,Red,Electric,Automatic,2.4,4727,104923,4717,Low
12/31/2020,3 Series,2020,South America,Red,Hybrid,Manual,3.1,168557,73567,7026,High
12/31/2020,M3,2020,South America,Silver,Electric,Automatic,1.9,163192,95247,2424,Low
12/31/2022,X1,2022,Middle East,Red,Petrol,Automatic,2.6,44386,94072,5407,High
12/31/2021,M5,2021,Asia,White,Hybrid,Automatic,1.7,124495,133140,2225,Low
12/31/2015,M5,2015,Africa,Black,Diesel,Manual,3.2,90621,99491,350,Low
12/31/2022,i8,2022,Europe,White,Hybrid,Manual,2.5,103661,157684,751,Low
12/31/2016,X3,2016,Europe,Blue,Hybrid,Manual,3.6,86970,80282,9162,High
12/31/2013,X1,2013,South America,Black,Petrol,Automatic,3.1,199262,25000,5366,High
12/31/2012,i8,2012,Europe,Red,Petrol,Manual,2.4,164161,98118,50,Low
12/31/2012,3 Series,2012,South America,Blue,Petrol,Automatic,1.9,98087,35479,5249,High
12/31/2020,3 Series,2020,Africa,Red,Hybrid,Automatic,4.1,72119,102260,6384,High
12/31/2012,5 Series,2012,Europe,Blue,Diesel,Manual,3.7,84053,60642,6611,High
12/31/2018,5 Series,2018,Europe,Grey,Petrol,Manual,1.6,186957,57898,6240,High
12/31/2020,3 Series,2020,South America,Black,Hybrid,Automatic,5,95757,100824,5984,High
12/31/2020,X3,2020,Middle East,Black,Hybrid,Manual,3.7,162414,83306,6288,High
12/31/2023,X6,2023,Africa,Black,Electric,Automatic,2.2,183799,110174,3202,Low
12/31/2023,M5,2023,Europe,Blue,Hybrid,Automatic,4.4,169028,152275,2267,Low
12/31/2021,3 Series,2021,North America,Silver,Electric,Manual,4.6,148634,103789,8817,High
12/31/2024,X1,2024,North America,White,Hybrid,Automatic,3.5,98767,105376,8556,High
12/31/2012,7 Series,2012,Middle East,Blue,Diesel,Automatic,4.6,128835,91045,137,Low
12/31/2012,5 Series,2012,Europe,Grey,Petrol,Manual,1.6,29782,56812,6415,High
12/31/2017,7 Series,2017,Europe,Grey,Electric,Manual,4.8,102381,131900,718,Low
12/31/2013,X5,2013,Middle East,Blue,Petrol,Automatic,1.7,150601,51692,4278,Low
12/31/2016,3 Series,2016,North America,Blue,Hybrid,Manual,3.7,55518,81157,9890,High
12/31/2012,3 Series,2012,Asia,Blue,Hybrid,Manual,2.7,113296,49240,9766,High
12/31/2017,X5,2017,Middle East,Silver,Hybrid,Manual,1.6,113258,80650,4131,Low
12/31/2012,X3,2012,Middle East,Black,Diesel,Manual,4.8,163558,49711,5341,High
12/31/2014,5 Series,2014,Asia,Black,Diesel,Automatic,2,95258,60325,7465,High
12/31/2010,3 Series,2010,Middle East,Black,Diesel,Manual,4.5,66490,48808,5501,High
12/31/2021,3 Series,2021,Europe,Silver,Petrol,Manual,2.7,110670,78642,8597,High
12/31/2014,7 Series,2014,Middle East,Red,Diesel,Manual,4.1,116887,96077,371,Low
12/31/2015,X6,2015,Europe,Grey,Electric,Automatic,2.4,187317,77035,3433,Low
12/31/2016,i8,2016,Europe,White,Petrol,Automatic,3.5,13410,157331,50,Low
12/31/2011,X1,2011,North America,Silver,Diesel,Manual,4.3,160653,29447,7177,High
12/31/2011,M5,2011,Asia,White,Hybrid,Automatic,3.5,110149,104652,91,Low
12/31/2023,7 Series,2023,North America,Blue,Petrol,Automatic,2.6,99269,128519,1963,Low
12/31/2018,5 Series,2018,Europe,Black,Hybrid,Manual,2.3,97331,81879,6994,High
12/31/2024,i3,2024,South America,White,Electric,Manual,2.1,139359,96976,4463,Low
12/31/2024,i3,2024,Middle East,Silver,Electric,Automatic,4.4,41172,132474,4484,Low
12/31/2019,X6,2019,South America,Blue,Electric,Manual,3.6,70813,120835,2611,Low
12/31/2010,M5,2010,Asia,White,Hybrid,Manual,3.3,60469,99442,893,Low
12/31/2011,X5,2011,Asia,White,Diesel,Manual,2.4,160469,41619,5199,High
12/31/2011,X1,2011,Asia,Grey,Diesel,Automatic,3,170898,25000,8593,High
12/31/2024,M3,2024,North America,Blue,Hybrid,Automatic,3.7,183482,114537,4059,Low
12/31/2022,X1,2022,Africa,Blue,Diesel,Automatic,1.8,40238,81471,5308,High
12/31/2024,X5,2024,Europe,White,Electric,Automatic,2.8,184288,115673,7415,High
12/31/2019,M5,2019,North America,Blue,Electric,Automatic,2.3,68352,147452,1865,Low
12/31/2016,X5,2016,Asia,Red,Petrol,Manual,3.8,42163,91833,6207,High
12/31/2015,i8,2015,Asia,Blue,Hybrid,Automatic,3.6,195564,128089,50,Low
12/31/2018,i8,2018,Europe,Blue,Electric,Manual,2.5,188692,135250,538,Low
12/31/2020,X6,2020,Asia,Silver,Diesel,Automatic,1.6,197819,72148,5710,High
12/31/2024,7 Series,2024,South America,Black,Diesel,Manual,2.1,10875,142138,908,Low
12/31/2016,5 Series,2016,Asia,Grey,Petrol,Automatic,2.1,97455,72280,6702,High
12/31/2012,5 Series,2012,Europe,Grey,Petrol,Automatic,3.5,74198,64582,1221,Low
12/31/2012,X6,2012,South America,Silver,Petrol,Manual,2.1,4047,116923,1311,Low
12/31/2010,X3,2010,Africa,Grey,Hybrid,Manual,3.2,98742,49598,4132,Low
12/31/2017,i3,2017,Africa,Grey,Electric,Manual,3.7,145666,76216,2453,Low
12/31/2010,M5,2010,South America,Black,Petrol,Manual,4.6,48501,95975,50,Low
12/31/2020,5 Series,2020,South America,Red,Hybrid,Manual,2.4,92737,95311,4356,Low
12/31/2023,M3,2023,Middle East,Blue,Petrol,Automatic,2.2,92805,113366,2129,Low
12/31/2011,M3,2011,South America,Grey,Electric,Automatic,2.1,83349,69617,1005,Low
12/31/2020,X1,2020,Asia,Silver,Diesel,Automatic,2.8,57838,77499,9075,High
12/31/2021,X6,2021,Africa,Silver,Electric,Manual,3.8,30530,131199,2549,Low
12/31/2016,M5,2016,Middle East,Red,Electric,Manual,3.9,51272,137239,308,Low
12/31/2010,X3,2010,North America,Blue,Petrol,Manual,2.2,39188,65275,6745,High
12/31/2021,i8,2021,Asia,White,Diesel,Automatic,2,103844,144211,478,Low
12/31/2013,3 Series,2013,Europe,White,Hybrid,Manual,3.1,131232,52118,9439,High
12/31/2018,X1,2018,Europe,Black,Electric,Automatic,2,32371,85526,7959,High
12/31/2017,7 Series,2017,Middle East,Silver,Electric,Manual,4.3,110336,130031,288,Low
12/31/2024,M5,2024,Europe,Blue,Hybrid,Manual,1.8,17017,151756,2768,Low
12/31/2020,5 Series,2020,North America,White,Petrol,Automatic,4.1,81260,108523,7780,High
12/31/2023,X6,2023,North America,Grey,Diesel,Manual,1.6,76102,111118,5385,High
12/31/2022,3 Series,2022,Middle East,Blue,Diesel,Manual,4.3,85924,55317,8281,High
12/31/2017,X5,2017,North America,Red,Electric,Manual,3.7,28211,112528,4760,Low
12/31/2021,7 Series,2021,Europe,Grey,Diesel,Automatic,2.6,120296,112410,1759,Low
12/31/2012,5 Series,2012,South America,Blue,Petrol,Manual,2.9,52171,60354,3598,Low
12/31/2014,X6,2014,South America,Red,Electric,Manual,3.9,115871,95554,1946,Low
12/31/2024,M5,2024,South America,Grey,Hybrid,Automatic,2.1,155546,132312,2184,Low
12/31/2013,7 Series,2013,Asia,Red,Petrol,Automatic,4.6,56105,111563,733,Low
12/31/2020,i3,2020,Europe,Silver,Petrol,Automatic,3.2,89837,84535,5797,High
12/31/2021,i8,2021,North America,White,Petrol,Manual,4.2,180659,143954,419,Low
12/31/2017,X3,2017,Europe,Black,Hybrid,Automatic,3.3,18972,100254,7245,High
12/31/2020,5 Series,2020,North America,White,Electric,Automatic,3.1,4909,128985,6372,High
12/31/2016,i3,2016,Africa,Black,Petrol,Manual,3.1,31809,67615,2367,Low
12/31/2023,X3,2023,Asia,White,Electric,Manual,2.8,22317,115662,8301,High
12/31/2016,X3,2016,Europe,White,Petrol,Manual,4.1,107986,66810,9216,High
12/31/2019,M5,2019,Asia,Black,Petrol,Manual,4.5,57240,142405,1630,Low
12/31/2019,M5,2019,Middle East,Grey,Hybrid,Manual,4.5,64610,145763,1068,Low
12/31/2016,M5,2016,South America,Black,Petrol,Manual,1.9,150464,88824,770,Low
12/31/2010,7 Series,2010,North America,Blue,Electric,Automatic,4.2,20408,123444,50,Low
12/31/2022,5 Series,2022,South America,Red,Electric,Automatic,2.2,176667,88878,5520,High
12/31/2024,3 Series,2024,Asia,Silver,Diesel,Automatic,1.5,156049,73755,11952,High
12/31/2016,3 Series,2016,Asia,Grey,Hybrid,Manual,2.5,124606,64019,10250,High
12/31/2013,M5,2013,Africa,Blue,Hybrid,Automatic,2.5,14225,119064,50,Low
12/31/2021,7 Series,2021,North America,Red,Electric,Automatic,4.3,179122,132132,1865,Low
12/31/2012,X5,2012,Asia,Grey,Hybrid,Manual,4.1,188907,60675,6003,High
12/31/2022,M3,2022,Africa,White,Electric,Manual,1.8,63983,119133,2273,Low
12/31/2021,M5,2021,South America,Red,Hybrid,Manual,2.6,84053,134717,1561,Low
12/31/2022,X1,2022,North America,Red,Electric,Manual,2.4,46236,97261,9460,High
12/31/2024,X5,2024,North America,Silver,Electric,Manual,3.6,112915,133478,6464,High
12/31/2014,X3,2014,Africa,Blue,Petrol,Manual,3.4,182721,40148,4469,Low
12/31/2011,3 Series,2011,Middle East,Red,Hybrid,Manual,3.9,168621,44077,5811,High
12/31/2017,M3,2017,Asia,Black,Electric,Automatic,4.7,24850,133881,2506,Low
12/31/2021,5 Series,2021,Europe,Red,Diesel,Manual,3,141958,87315,6785,High
12/31/2021,5 Series,2021,Asia,Grey,Electric,Automatic,3.8,124585,116077,8502,High
12/31/2018,X3,2018,Middle East,Silver,Hybrid,Automatic,4.7,195360,81054,6724,High
12/31/2014,X6,2014,Asia,Grey,Electric,Manual,3.4,86122,94374,3677,Low
12/31/2012,i3,2012,Asia,White,Diesel,Automatic,2.6,66771,47219,4702,Low
12/31/2019,X1,2019,Africa,Silver,Petrol,Automatic,2.9,122492,61336,4140,Low
12/31/2016,3 Series,2016,Asia,Grey,Hybrid,Manual,4.1,54189,88640,9259,High
12/31/2010,X1,2010,Asia,Black,Petrol,Automatic,4,52984,48847,8233,High
12/31/2019,X3,2019,Asia,Blue,Hybrid,Automatic,4.1,83331,100940,10174,High
12/31/2012,X3,2012,Europe,Silver,Hybrid,Manual,4.1,18702,75205,7194,High
12/31/2018,M5,2018,Asia,Black,Electric,Automatic,4.7,74282,149452,1890,Low
12/31/2011,M5,2011,Europe,Red,Petrol,Automatic,4.2,175389,84370,893,Low
12/31/2020,3 Series,2020,Europe,Silver,Electric,Automatic,4.5,107302,98031,8899,High
12/31/2023,M3,2023,Europe,Blue,Petrol,Manual,3.5,195882,38448,4198,Low
12/31/2018,7 Series,2018,Europe,Black,Electric,Manual,3.8,4109,147557,1153,Low
12/31/2020,X1,2020,North America,Silver,Diesel,Automatic,4.9,69317,90702,6833,High
12/31/2010,X3,2010,Europe,Red,Hybrid,Automatic,4.5,43605,68697,8173,High
12/31/2013,X6,2013,Europe,Grey,Electric,Automatic,4.2,32619,113239,3164,Low
12/31/2021,i3,2021,Africa,Red,Hybrid,Manual,3.9,111377,96756,3605,Low
12/31/2019,X1,2019,Asia,Silver,Petrol,Manual,2.8,152574,53325,8942,High
12/31/2022,5 Series,2022,South America,Silver,Petrol,Automatic,3.4,19757,117540,4552,Low
12/31/2015,M5,2015,Africa,Silver,Electric,Manual,1.7,46414,108837,224,Low
12/31/2024,3 Series,2024,South America,Blue,Petrol,Automatic,3,160788,122920,5463,High
12/31/2022,X5,2022,North America,Grey,Petrol,Manual,1.9,59107,108858,6660,High
12/31/2016,3 Series,2016,Middle East,White,Petrol,Manual,4.1,45244,79006,7201,High
12/31/2024,i3,2024,Africa,Black,Electric,Manual,4.6,5322,137942,3539,Low
12/31/2024,X5,2024,Middle East,Black,Electric,Automatic,2.1,11102,137527,4568,Low
12/31/2012,i8,2012,North America,White,Petrol,Automatic,2.4,18840,127657,50,Low
12/31/2018,5 Series,2018,South America,Blue,Hybrid,Manual,4.5,76274,101315,4924,Low
12/31/2013,i3,2013,Africa,Black,Petrol,Automatic,3.6,95960,50812,2090,Low
12/31/2014,M3,2014,Europe,Blue,Diesel,Manual,3.6,39376,83157,2568,Low
12/31/2017,M3,2017,South America,Red,Petrol,Manual,3.5,6726,99623,1616,Low
12/31/2024,i8,2024,Europe,Black,Electric,Automatic,2.3,75551,186779,593,Low
12/31/2021,i3,2021,South America,Silver,Hybrid,Automatic,2.4,18863,99104,3442,Low
12/31/2024,5 Series,2024,Middle East,Silver,Hybrid,Automatic,4.8,6250,147283,4537,Low
12/31/2023,i8,2023,Europe,Black,Petrol,Manual,4,126424,160568,446,Low
12/31/2012,3 Series,2012,Europe,Red,Petrol,Manual,1.8,190417,25000,7817,High
12/31/2017,7 Series,2017,Asia,White,Diesel,Manual,2.3,139298,91697,1555,Low
12/31/2023,M3,2023,Africa,Silver,Hybrid,Automatic,3.7,124505,119495,2550,Low
12/31/2023,i8,2023,Europe,Silver,Electric,Manual,2.5,97483,169020,673,Low
12/31/2020,M3,2020,Asia,Silver,Petrol,Manual,2.4,131569,86409,3637,Low
12/31/2010,i3,2010,Middle East,Blue,Electric,Automatic,2.2,101350,47477,2844,Low
12/31/2017,3 Series,2017,Africa,Black,Petrol,Manual,2.2,74573,59685,5288,High
12/31/2023,X5,2023,North America,Red,Hybrid,Automatic,3.6,177415,106380,7769,High
12/31/2022,X5,2022,Europe,Grey,Diesel,Automatic,4.7,87085,111681,6788,High
12/31/2024,X6,2024,Middle East,Black,Hybrid,Automatic,2.8,63884,141896,3840,Low
12/31/2020,7 Series,2020,North America,Red,Petrol,Automatic,1.9,12576,133352,1475,Low
12/31/2020,X1,2020,Europe,Black,Diesel,Manual,1.9,107252,61321,7294,High
12/31/2024,i8,2024,Asia,Grey,Petrol,Automatic,4.8,52480,191483,153,Low
12/31/2021,7 Series,2021,Asia,Black,Electric,Automatic,3.4,172098,133018,1931,Low
12/31/2019,X5,2019,South America,Black,Electric,Automatic,3.1,149360,100364,4404,Low
12/31/2017,X5,2017,Europe,Grey,Petrol,Manual,4.6,76879,93818,5913,High
12/31/2015,M5,2015,Asia,Red,Electric,Manual,3.3,83377,130116,1010,Low
12/31/2014,3 Series,2014,North America,White,Electric,Manual,3.2,114813,68374,8146,High
12/31/2018,i3,2018,Asia,Black,Hybrid,Manual,4.7,119199,89478,5492,High
12/31/2015,M5,2015,Middle East,White,Petrol,Automatic,3.2,6635,125435,377,Low
12/31/2024,X5,2024,Asia,Grey,Petrol,Manual,2.9,133504,107143,7395,High
12/31/2010,3 Series,2010,North America,Silver,Hybrid,Automatic,3.5,93638,55047,7944,High
12/31/2021,i3,2021,Africa,Blue,Electric,Automatic,4.9,151470,95144,3424,Low
12/31/2015,5 Series,2015,Middle East,Black,Electric,Automatic,4.9,14598,112091,4052,Low
12/31/2010,7 Series,2010,Europe,Silver,Electric,Automatic,4.2,66493,102567,174,Low
12/31/2015,M3,2015,Africa,Black,Petrol,Automatic,3.2,67251,81130,1224,Low
12/31/2012,M5,2012,Africa,Silver,Petrol,Manual,4.6,190065,85582,123,Low
12/31/2015,i8,2015,Asia,Red,Hybrid,Automatic,3,192643,120956,50,Low
12/31/2022,3 Series,2022,North America,Black,Electric,Manual,3.7,77624,106593,10550,High
12/31/2015,X5,2015,Middle East,Red,Petrol,Manual,2.1,38232,80596,3528,Low
12/31/2010,M3,2010,North America,Blue,Hybrid,Manual,3.8,150020,62846,1999,Low
12/31/2022,X5,2022,North America,Grey,Petrol,Manual,2.5,73414,109866,6620,High
12/31/2018,X6,2018,North America,Black,Petrol,Manual,4.2,56302,111786,3408,Low
12/31/2017,X5,2017,South America,Black,Diesel,Automatic,2.9,86882,80098,3088,Low
12/31/2024,X6,2024,Africa,Red,Petrol,Automatic,2.9,136266,114359,2733,Low
12/31/2024,M3,2024,South America,Silver,Diesel,Manual,4.1,155894,105014,2384,Low
12/31/2011,X1,2011,Europe,Black,Petrol,Manual,3,102950,31741,7935,High
12/31/2011,3 Series,2011,Africa,Black,Hybrid,Automatic,4,131151,49936,4261,Low
12/31/2014,5 Series,2014,Asia,Black,Diesel,Automatic,4.5,139624,65939,1018,Low
12/31/2024,X3,2024,South America,White,Electric,Manual,2,27562,116007,6344,High
12/31/2019,3 Series,2019,South America,Grey,Electric,Automatic,3.2,102086,89010,5769,High
12/31/2011,5 Series,2011,North America,Black,Hybrid,Automatic,4.8,161748,68657,5563,High
12/31/2020,i3,2020,North America,White,Hybrid,Manual,4.3,197498,80494,5750,High
12/31/2010,X6,2010,Asia,Blue,Diesel,Manual,4.9,4433,87543,3603,Low
12/31/2011,5 Series,2011,South America,White,Hybrid,Automatic,4.5,27903,85834,3526,Low
12/31/2014,7 Series,2014,Asia,Blue,Electric,Automatic,2.6,186521,95934,1072,Low
12/31/2020,X1,2020,Africa,Black,Electric,Manual,2.1,148076,69366,4700,Low
12/31/2024,X5,2024,Middle East,Grey,Diesel,Manual,2.2,50752,114694,5001,High
12/31/2019,X1,2019,Asia,Blue,Hybrid,Automatic,2.3,119717,69811,9733,High
12/31/2023,X3,2023,Middle East,Black,Electric,Automatic,1.8,172526,42128,8238,High
12/31/2016,5 Series,2016,Europe,White,Petrol,Automatic,4.7,171864,70336,1324,Low
12/31/2014,X6,2014,Middle East,White,Petrol,Manual,3.3,57362,93669,2001,Low
12/31/2010,X1,2010,North America,Blue,Hybrid,Manual,1.9,108571,28531,7484,High
12/31/2016,i8,2016,Europe,Black,Electric,Automatic,4.2,55792,159705,50,Low
12/31/2015,i3,2015,North America,Black,Hybrid,Automatic,2.6,167264,56516,5639,High
12/31/2016,X6,2016,Africa,Red,Electric,Manual,1.7,141070,126204,1305,Low
12/31/2011,X6,2011,Europe,Blue,Hybrid,Manual,2.2,138872,62198,3018,Low
12/31/2014,M3,2014,Africa,Grey,Diesel,Automatic,3.8,184141,57076,1153,Low
12/31/2023,X3,2023,Europe,Red,Petrol,Automatic,4.3,54332,69086,9826,High
12/31/2017,X5,2017,South America,Silver,Petrol,Manual,2.4,151589,63243,3904,Low
12/31/2022,X1,2022,South America,Grey,Diesel,Manual,3.5,73058,79995,5722,High
12/31/2021,i8,2021,South America,Silver,Diesel,Manual,1.5,76063,135595,92,Low
12/31/2016,i8,2016,Asia,White,Petrol,Manual,2.5,133837,121896,50,Low
12/31/2015,X6,2015,North America,Grey,Electric,Manual,2.1,139084,82282,3545,Low
12/31/2022,i3,2022,Europe,Silver,Diesel,Automatic,1.8,129320,69370,4874,Low
12/31/2015,X5,2015,North America,Blue,Diesel,Manual,3.2,182484,58706,6237,High
12/31/2021,5 Series,2021,Asia,Silver,Diesel,Automatic,3.7,56011,103217,6820,High
12/31/2010,X1,2010,Middle East,Blue,Petrol,Manual,1.7,113038,25000,5378,High
12/31/2010,3 Series,2010,Africa,Silver,Hybrid,Manual,2,37591,46674,4507,Low
12/31/2016,X6,2016,North America,White,Hybrid,Manual,4.8,103230,103006,4198,Low
12/31/2012,X5,2012,Middle East,Silver,Petrol,Automatic,2.3,162816,47868,3752,Low
12/31/2015,M5,2015,South America,Grey,Petrol,Manual,4.2,55722,118662,295,Low
12/31/2021,X5,2021,Middle East,Blue,Hybrid,Manual,4.1,78221,117839,4823,Low
12/31/2014,X3,2014,Asia,White,Petrol,Manual,2.6,43137,63916,15000,High
12/31/2012,M5,2012,Africa,White,Hybrid,Automatic,2.2,59402,97171,50,Low
12/31/2015,7 Series,2015,Asia,Silver,Diesel,Manual,2.4,40979,102802,1107,Low
12/31/2012,5 Series,2012,Europe,White,Electric,Automatic,3.5,7482,96488,5110,High
12/31/2017,3 Series,2017,Europe,Grey,Electric,Manual,2.8,38611,90161,9769,High
12/31/2023,5 Series,2023,South America,White,Diesel,Manual,3.2,162633,83028,4394,Low
12/31/2024,X6,2024,South America,Silver,Diesel,Automatic,4.3,138004,120014,3016,Low
12/31/2016,X6,2016,Africa,Blue,Petrol,Manual,3.3,159938,72078,1986,Low
12/31/2018,5 Series,2018,Middle East,Black,Diesel,Automatic,5,19587,111687,4695,Low
12/31/2014,X6,2014,South America,Black,Diesel,Manual,3.8,43236,84456,1908,Low
12/31/2021,5 Series,2021,South America,Silver,Diesel,Automatic,2.2,84591,92483,4668,Low
12/31/2024,7 Series,2024,Africa,White,Diesel,Automatic,3.2,252,142504,858,Low
12/31/2010,X6,2010,South America,Blue,Electric,Manual,4.3,90825,39365,2159,Low
12/31/2020,i8,2020,North America,Red,Diesel,Automatic,2.3,165187,132595,421,Low
12/31/2019,X1,2019,Middle East,Black,Diesel,Manual,4.1,164811,63814,5330,High
12/31/2024,M5,2024,Asia,Blue,Electric,Manual,1.6,14414,164435,2476,Low
12/31/2020,5 Series,2020,South America,Red,Diesel,Manual,4.8,10713,110736,3952,Low
12/31/2017,i3,2017,Africa,Blue,Hybrid,Manual,3.8,27297,85841,2057,Low
12/31/2011,i3,2011,Europe,Black,Diesel,Automatic,2.1,119866,29361,4824,Low
12/31/2015,X1,2015,Africa,White,Electric,Automatic,4.6,128435,67899,3473,Low
12/31/2010,i3,2010,Africa,Blue,Petrol,Manual,1.8,17708,38192,2007,Low
12/31/2015,i3,2015,North America,Black,Electric,Manual,2.9,116552,66058,4630,Low
12/31/2013,i8,2013,North America,White,Hybrid,Automatic,4.1,85870,144880,50,Low
12/31/2014,3 Series,2014,South America,Silver,Diesel,Automatic,4.8,1329,78995,5008,High
12/31/2024,5 Series,2024,Asia,Black,Electric,Manual,2.7,11553,139347,7309,High
12/31/2019,M3,2019,South America,White,Petrol,Manual,4.4,66741,110459,1410,Low
12/31/2016,i8,2016,South America,Silver,Electric,Manual,2.2,188146,122880,50,Low
12/31/2022,i3,2022,Asia,Grey,Diesel,Automatic,1.6,134557,66696,6039,High
12/31/2015,i8,2015,Middle East,White,Petrol,Automatic,1.6,185219,111808,50,Low
12/31/2010,5 Series,2010,Middle East,White,Petrol,Automatic,3.8,33844,68593,3462,Low
12/31/2018,i8,2018,Middle East,Grey,Diesel,Manual,2,199831,111464,110,Low
12/31/2015,M3,2015,North America,Silver,Petrol,Automatic,1.7,155373,61390,2949,Low
12/31/2015,M5,2015,Asia,White,Hybrid,Automatic,4.9,124332,130372,1221,Low
12/31/2018,5 Series,2018,Asia,Black,Electric,Manual,2.3,169788,75769,7016,High
12/31/2021,X1,2021,Asia,Red,Petrol,Manual,3.1,71769,80943,7564,High
12/31/2019,i8,2019,North America,Blue,Electric,Manual,3.6,34805,169811,190,Low
12/31/2014,M5,2014,South America,Black,Diesel,Automatic,2,64902,98442,402,Low
12/31/2020,X3,2020,Europe,Grey,Hybrid,Manual,2.8,95981,90596,9398,High
12/31/2024,i3,2024,Africa,Grey,Hybrid,Manual,3.8,132594,101006,4223,Low
12/31/2015,3 Series,2015,Asia,Grey,Hybrid,Automatic,3.7,156716,64004,11094,High
12/31/2015,i3,2015,Europe,White,Diesel,Manual,4.4,81492,65081,5302,High
12/31/2016,M3,2016,Asia,White,Diesel,Manual,3,88812,78928,3098,Low
12/31/2018,M5,2018,Europe,Grey,Petrol,Manual,4.6,183757,117643,1541,Low
12/31/2014,X3,2014,Middle East,Black,Petrol,Automatic,3.9,148465,56936,5463,High
12/31/2014,M5,2014,Africa,Blue,Diesel,Manual,3.5,74785,103669,483,Low
12/31/2013,3 Series,2013,South America,Red,Diesel,Automatic,1.9,65161,45089,5304,High
12/31/2019,i8,2019,Africa,Black,Hybrid,Manual,3.5,149642,146159,70,Low
12/31/2013,X5,2013,Europe,Blue,Petrol,Manual,3.6,143276,59179,5502,High
12/31/2021,i8,2021,South America,White,Petrol,Automatic,4.2,151600,143023,50,Low
12/31/2017,X6,2017,Africa,Red,Petrol,Manual,4,137639,87698,1823,Low
12/31/2022,X3,2022,North America,White,Diesel,Automatic,3.4,35762,109371,9248,High
12/31/2011,5 Series,2011,Africa,Silver,Hybrid,Manual,3.6,93510,64120,2630,Low
12/31/2019,M3,2019,Middle East,Red,Hybrid,Manual,4.2,107618,116130,2272,Low
12/31/2017,i8,2017,Middle East,White,Electric,Automatic,2.7,14454,165618,50,Low
12/31/2011,X5,2011,Middle East,Red,Hybrid,Manual,2,190695,44494,3828,Low
12/31/2024,i3,2024,South America,Silver,Petrol,Automatic,4.6,31387,118064,3730,Low
12/31/2010,X3,2010,Africa,Grey,Electric,Manual,4.9,7822,81582,3763,Low
12/31/2019,i3,2019,Africa,Red,Hybrid,Manual,3,136040,74407,3383,Low
12/31/2022,X1,2022,Middle East,Grey,Hybrid,Automatic,5,27440,117636,5785,High
12/31/2024,X1,2024,South America,White,Hybrid,Automatic,2.6,62592,105129,5251,High
12/31/2018,X5,2018,Africa,Red,Electric,Manual,1.7,108337,89557,3297,Low
12/31/2020,X6,2020,Middle East,Black,Electric,Automatic,3.5,146061,116780,3542,Low
12/31/2017,X1,2017,Asia,Silver,Hybrid,Automatic,4.5,140398,70840,8765,High
12/31/2015,X6,2015,Middle East,Red,Electric,Manual,3.7,176149,93368,2263,Low
12/31/2013,M3,2013,Middle East,White,Petrol,Manual,1.5,160084,50049,1800,Low
12/31/2011,7 Series,2011,South America,Grey,Petrol,Automatic,1.5,176936,54297,350,Low
12/31/2017,X1,2017,Middle East,Red,Petrol,Automatic,4,179108,53954,6089,High
12/31/2012,i3,2012,Africa,Red,Hybrid,Manual,4.5,193361,45397,2450,Low
12/31/2019,X3,2019,South America,Grey,Electric,Manual,2.4,67432,89537,6606,High
12/31/2013,X5,2013,North America,Grey,Hybrid,Automatic,3.1,102600,77208,5921,High
12/31/2014,i3,2014,Middle East,Blue,Hybrid,Manual,4.9,106214,73987,2684,Low
12/31/2022,X3,2022,South America,Silver,Hybrid,Manual,3.1,120798,90358,5619,High
12/31/2013,M3,2013,North America,Blue,Electric,Manual,2,117764,75095,2146,Low
12/31/2020,3 Series,2020,South America,Black,Hybrid,Manual,4.7,114206,97473,7171,High
12/31/2017,X5,2017,Middle East,Red,Electric,Manual,3.2,192085,86358,3874,Low
12/31/2018,X1,2018,Asia,Blue,Electric,Manual,2.7,173880,62322,9139,High
12/31/2023,X6,2023,North America,Silver,Hybrid,Manual,1.8,15246,129601,4881,Low
12/31/2023,X3,2023,Asia,Red,Electric,Automatic,3.1,10329,128231,10279,High
12/31/2023,i8,2023,South America,Silver,Petrol,Automatic,4.2,97564,157500,72,Low
12/31/2010,M5,2010,Middle East,Silver,Petrol,Manual,4,185781,79641,247,Low
12/31/2011,M3,2011,Africa,Silver,Electric,Automatic,3.2,182440,59699,898,Low
12/31/2021,3 Series,2021,Asia,Black,Electric,Manual,4,95706,107291,11233,High
12/31/2013,X1,2013,Middle East,White,Electric,Manual,2.7,128801,48952,4528,Low
12/31/2010,X3,2010,Asia,Grey,Petrol,Manual,4.1,148180,39767,8309,High
12/31/2020,5 Series,2020,Middle East,Blue,Petrol,Manual,1.8,79051,83612,5314,High
12/31/2015,X1,2015,Middle East,Grey,Petrol,Manual,2.2,154658,35606,4757,Low
12/31/2024,i3,2024,Europe,Silver,Electric,Automatic,4.6,11702,132770,5631,High
12/31/2021,i8,2021,Europe,Red,Petrol,Manual,2.5,44257,156871,413,Low
12/31/2014,X6,2014,Asia,Silver,Petrol,Automatic,2.2,94752,78599,3648,Low
12/31/2022,i8,2022,Asia,White,Diesel,Manual,1.8,16681,154651,441,Low
12/31/2016,7 Series,2016,North America,Grey,Hybrid,Automatic,2.9,82262,123837,718,Low
12/31/2021,7 Series,2021,Europe,Grey,Electric,Automatic,1.7,83847,134802,1956,Low
12/31/2015,M3,2015,Asia,Blue,Hybrid,Automatic,3.2,146533,86027,2808,Low
12/31/2023,3 Series,2023,Middle East,Red,Diesel,Manual,4.7,110162,98790,6807,High
12/31/2023,5 Series,2023,North America,White,Petrol,Manual,4.3,159097,96952,7017,High
12/31/2012,X1,2012,South America,Red,Electric,Manual,1.6,40946,53150,4568,Low
12/31/2014,X1,2014,Middle East,Red,Hybrid,Automatic,2.5,178146,42371,4607,Low
12/31/2012,X3,2012,Middle East,Blue,Electric,Automatic,2.2,11764,76455,4617,Low
12/31/2018,i3,2018,Asia,Grey,Petrol,Manual,1.7,58105,67511,5176,High
12/31/2011,X5,2011,Europe,Blue,Diesel,Manual,1.9,156542,37031,5733,High
12/31/2015,M5,2015,Asia,Silver,Petrol,Manual,4.7,135325,109618,1484,Low
12/31/2018,X1,2018,South America,White,Petrol,Automatic,2.6,134764,55769,5102,High
12/31/2019,M3,2019,Africa,Blue,Petrol,Manual,2.9,118107,82656,1536,Low
12/31/2016,X6,2016,Asia,White,Diesel,Manual,3.2,14616,102785,4039,Low
12/31/2014,7 Series,2014,Middle East,Grey,Diesel,Manual,4.1,58637,108357,190,Low
12/31/2011,X6,2011,North America,Blue,Petrol,Manual,4.3,165184,61431,4022,Low
12/31/2011,i8,2011,Asia,White,Hybrid,Manual,4.9,197132,119957,50,Low
12/31/2013,X3,2013,Europe,Blue,Diesel,Manual,2.2,51544,52295,8270,High
12/31/2019,X5,2019,Asia,Grey,Diesel,Automatic,2.6,23051,99838,5947,High
12/31/2021,X6,2021,Africa,Red,Diesel,Automatic,2.6,123031,97120,2125,Low
12/31/2011,X6,2011,South America,Black,Hybrid,Automatic,3.1,68168,77795,1530,Low
12/31/2021,i8,2021,Middle East,Silver,Diesel,Automatic,4.3,82469,163018,50,Low
12/31/2022,M5,2022,Asia,Blue,Hybrid,Automatic,2.3,77619,140043,2236,Low
12/31/2022,M3,2022,North America,White,Hybrid,Automatic,4.2,93509,126931,3312,Low
12/31/2017,3 Series,2017,North America,Blue,Diesel,Manual,2.2,132130,71485,9762,High
12/31/2019,X3,2019,South America,Grey,Hybrid,Automatic,4,5764,109802,5464,High
12/31/2016,X5,2016,Middle East,Red,Electric,Automatic,4.3,54569,114235,3547,Low
12/31/2016,X6,2016,Asia,White,Diesel,Automatic,4.5,41683,101684,3752,Low
12/31/2012,3 Series,2012,Africa,White,Hybrid,Manual,3.3,126415,47145,4606,Low
12/31/2016,i3,2016,Europe,Blue,Electric,Manual,2.7,184083,57607,4550,Low
12/31/2017,i3,2017,Europe,Blue,Petrol,Manual,4.2,124145,64998,4623,Low
12/31/2014,X5,2014,Middle East,Black,Diesel,Automatic,2.6,177429,53094,4338,Low
12/31/2010,i3,2010,Asia,Grey,Hybrid,Automatic,2,32946,52741,4091,Low
12/31/2024,i3,2024,Middle East,Red,Electric,Automatic,4.4,7510,145843,3882,Low
12/31/2010,3 Series,2010,North America,Silver,Hybrid,Manual,2.9,29304,56289,9072,High
12/31/2021,X6,2021,Asia,Blue,Hybrid,Manual,3.5,75616,126528,4673,Low
12/31/2020,X5,2020,Africa,Silver,Diesel,Automatic,4.7,172661,90600,2906,Low
12/31/2023,M3,2023,North America,Grey,Petrol,Automatic,2,194982,88158,3353,Low
12/31/2013,M5,2013,Asia,Blue,Hybrid,Manual,3.5,24952,121365,950,Low
12/31/2011,7 Series,2011,South America,Silver,Hybrid,Manual,3.5,183451,71856,138,Low
12/31/2016,i3,2016,North America,Black,Hybrid,Manual,4.5,68014,86683,4595,Low
12/31/2022,M3,2022,North America,Red,Hybrid,Manual,2.7,18287,133220,3026,Low
12/31/2012,X6,2012,Africa,Grey,Electric,Automatic,2.9,48379,88577,1425,Low
12/31/2021,X6,2021,Middle East,White,Petrol,Automatic,3.3,72775,122274,2754,Low
12/31/2013,5 Series,2013,North America,Grey,Petrol,Manual,2.1,137461,46575,6501,High
12/31/2018,X6,2018,Africa,White,Petrol,Automatic,3.1,6577,104831,1760,Low
12/31/2011,5 Series,2011,Asia,Silver,Electric,Manual,3,15152,81979,6876,High
12/31/2021,7 Series,2021,Middle East,Blue,Hybrid,Manual,2.2,109003,132450,293,Low
12/31/2017,X3,2017,Europe,Red,Diesel,Manual,4.4,97570,77852,7860,High
12/31/2010,M3,2010,South America,Grey,Petrol,Automatic,3,57423,64415,938,Low
12/31/2012,3 Series,2012,Middle East,Silver,Petrol,Manual,2.6,169543,30302,6710,High
12/31/2013,5 Series,2013,South America,Red,Diesel,Automatic,2,22745,66995,3803,Low
12/31/2023,M3,2023,Middle East,Grey,Hybrid,Manual,1.8,112548,108547,3082,Low
12/31/2015,X3,2015,Africa,Blue,Diesel,Automatic,4.9,103912,67166,4117,Low
12/31/2010,X6,2010,North America,Black,Electric,Manual,5,11592,100775,3279,Low
12/31/2023,M5,2023,Asia,Silver,Petrol,Automatic,4.6,171644,142288,2003,Low
12/31/2017,3 Series,2017,Middle East,Silver,Petrol,Manual,3.1,48185,73861,6224,High
12/31/2011,5 Series,2011,Europe,Red,Electric,Manual,4.3,20167,128145,4283,Low
12/31/2014,i8,2014,South America,Black,Hybrid,Automatic,4.4,11521,147433,50,Low
12/31/2015,X1,2015,Middle East,Silver,Petrol,Automatic,2.5,28849,62161,4724,Low
12/31/2017,M5,2017,Europe,Red,Electric,Automatic,3.6,161524,125119,1175,Low
12/31/2012,5 Series,2012,North America,Blue,Electric,Automatic,4.8,62549,93841,6583,High
12/31/2021,X6,2021,Middle East,Silver,Petrol,Manual,2.5,894,125969,2819,Low
12/31/2018,X3,2018,North America,Grey,Electric,Manual,3.8,139374,86547,9480,High
12/31/2021,i3,2021,Europe,Silver,Diesel,Automatic,3.8,107636,81368,5790,High
12/31/2014,3 Series,2014,Middle East,Silver,Electric,Automatic,3.1,184285,57276,5465,High
12/31/2017,3 Series,2017,Europe,Silver,Petrol,Automatic,3.2,117455,65978,8497,High
12/31/2013,i8,2013,Asia,Blue,Hybrid,Automatic,3.1,60975,141902,50,Low
12/31/2021,i8,2021,North America,Red,Petrol,Automatic,3.3,197210,136419,528,Low
12/31/2018,M3,2018,North America,Blue,Petrol,Manual,2,43296,97349,3228,Low
12/31/2017,X5,2017,Middle East,White,Petrol,Automatic,4.3,147397,89861,3300,Low
12/31/2014,M3,2014,Asia,Silver,Electric,Manual,3.8,79325,95844,2563,Low
12/31/2012,3 Series,2012,South America,Blue,Electric,Automatic,4.9,128937,69816,4402,Low
12/31/2010,X1,2010,Europe,Blue,Electric,Manual,2.4,76697,42956,7522,High
12/31/2024,i8,2024,Asia,Black,Diesel,Automatic,2,100813,162271,674,Low
12/31/2014,X6,2014,South America,Grey,Hybrid,Automatic,2.7,112862,77886,1808,Low
12/31/2014,7 Series,2014,Africa,Blue,Diesel,Manual,3.3,17338,105790,50,Low
12/31/2013,5 Series,2013,Asia,Blue,Petrol,Manual,2.2,127879,49045,7945,High
12/31/2019,M5,2019,South America,Silver,Electric,Manual,3.1,167046,120374,1397,Low
12/31/2019,5 Series,2019,North America,Silver,Electric,Automatic,3.7,158681,102060,6887,High
12/31/2017,X6,2017,Asia,Blue,Electric,Automatic,1.7,56724,104161,3939,Low
12/31/2012,i3,2012,Middle East,Blue,Hybrid,Automatic,4.2,193937,49869,2779,Low
12/31/2021,M5,2021,Europe,White,Electric,Automatic,4.8,67281,167953,1674,Low
12/31/2019,M5,2019,South America,Red,Petrol,Automatic,2.4,147968,109613,958,Low
12/31/2018,7 Series,2018,Middle East,Grey,Electric,Manual,4.2,135386,134949,775,Low
12/31/2012,M3,2012,Africa,Grey,Petrol,Manual,3,181083,45258,1149,Low
12/31/2013,3 Series,2013,South America,White,Electric,Manual,3.8,166757,51234,5264,High
12/31/2015,5 Series,2015,Middle East,Grey,Petrol,Automatic,4.1,13185,98067,4521,Low
12/31/2018,X6,2018,Africa,White,Hybrid,Manual,2.5,189717,79888,3220,Low
12/31/2019,M3,2019,Africa,Silver,Petrol,Automatic,4.3,101651,104369,1384,Low
12/31/2011,X5,2011,Africa,Red,Hybrid,Automatic,1.9,17101,70428,2077,Low
12/31/2011,X3,2011,Middle East,Grey,Petrol,Manual,5,158626,50178,5504,High
12/31/2011,3 Series,2011,Middle East,Red,Hybrid,Automatic,2.7,158376,39147,6023,High
12/31/2014,X5,2014,South America,Black,Electric,Automatic,2.3,106311,77918,2761,Low
12/31/2015,7 Series,2015,North America,Black,Hybrid,Manual,2,176089,89926,1309,Low
12/31/2012,7 Series,2012,Europe,Silver,Electric,Automatic,4.3,62743,113598,283,Low
12/31/2012,X3,2012,Asia,Black,Electric,Manual,3.6,16228,82773,7070,High
12/31/2011,i3,2011,Africa,White,Hybrid,Manual,4.8,57509,68026,1572,Low
12/31/2020,7 Series,2020,Europe,Red,Petrol,Automatic,3.8,43214,133540,1049,Low
12/31/2015,X6,2015,South America,Silver,Diesel,Manual,2.7,98548,71351,2425,Low
12/31/2010,X5,2010,North America,Red,Hybrid,Automatic,4.4,11755,91091,5255,High
12/31/2018,M3,2018,South America,Blue,Electric,Manual,2.5,117107,97910,2075,Low
12/31/2024,3 Series,2024,Asia,Black,Diesel,Manual,2.5,110434,88608,10290,High
12/31/2020,5 Series,2020,North America,Black,Petrol,Automatic,1.6,32293,92735,6505,High
12/31/2019,i3,2019,Middle East,Red,Hybrid,Automatic,2.4,90832,87486,3501,Low
12/31/2013,X1,2013,Asia,Silver,Petrol,Automatic,2.4,9182,58259,6771,High
12/31/2023,5 Series,2023,Asia,Red,Diesel,Manual,2.5,186049,81407,7016,High
12/31/2011,X6,2011,Africa,Blue,Hybrid,Manual,2.8,38916,77924,1460,Low
12/31/2022,i3,2022,Middle East,Grey,Electric,Automatic,3.5,78593,115274,3418,Low
12/31/2021,i3,2021,South America,Black,Diesel,Manual,2.3,184833,58491,4387,Low
12/31/2015,3 Series,2015,Africa,Black,Diesel,Automatic,3.7,31705,70711,5463,High
12/31/2014,3 Series,2014,Europe,Blue,Hybrid,Automatic,2,35876,69085,8119,High
12/31/2012,X3,2012,Middle East,Grey,Petrol,Manual,4.8,113801,62696,5224,High
12/31/2022,X1,2022,North America,Red,Diesel,Manual,1.6,99034,69453,7509,High
12/31/2012,X5,2012,Middle East,Red,Diesel,Manual,4.7,161607,64971,3595,Low
12/31/2014,7 Series,2014,Africa,Silver,Electric,Automatic,3.4,154697,102208,50,Low
12/31/2013,X1,2013,North America,Blue,Electric,Manual,4,36346,72211,7706,High
12/31/2014,5 Series,2014,North America,Red,Diesel,Manual,2.5,6242,72870,7379,High
12/31/2011,5 Series,2011,Middle East,Silver,Diesel,Automatic,2.1,164887,37923,4728,Low
12/31/2020,i8,2020,Africa,Black,Hybrid,Automatic,4.8,170334,148579,201,Low
12/31/2010,i8,2010,Africa,Grey,Hybrid,Automatic,3,5379,127306,50,Low
12/31/2014,5 Series,2014,South America,Grey,Petrol,Automatic,3.2,87437,68736,3902,Low
12/31/2020,3 Series,2020,Europe,Silver,Diesel,Automatic,4.9,132963,80372,9766,High
12/31/2010,X5,2010,Europe,Grey,Diesel,Automatic,2.7,96025,51809,4875,Low
12/31/2012,i3,2012,Africa,White,Electric,Manual,1.9,135027,41800,2476,Low
12/31/2017,5 Series,2017,North America,White,Electric,Automatic,3.6,118810,94909,5982,High
12/31/2024,X6,2024,North America,Red,Petrol,Manual,3.4,135813,114617,4465,Low
12/31/2020,3 Series,2020,South America,Black,Electric,Manual,4.2,132634,96310,7249,High
12/31/2017,i8,2017,Asia,White,Hybrid,Automatic,4.8,156941,150135,50,Low
12/31/2018,7 Series,2018,North America,Silver,Hybrid,Automatic,2.6,195179,105416,1731,Low
12/31/2010,M3,2010,Middle East,Black,Electric,Manual,4,168725,69217,914,Low
12/31/2013,i3,2013,South America,Red,Diesel,Manual,3,98736,44819,2742,Low
12/31/2015,i3,2015,South America,Red,Petrol,Automatic,4.2,199042,46804,3438,Low
12/31/2016,5 Series,2016,Middle East,Red,Hybrid,Manual,2.1,147583,70224,4848,Low
12/31/2014,7 Series,2014,Europe,Blue,Petrol,Manual,3.3,71624,96403,877,Low
12/31/2022,X6,2022,South America,Grey,Petrol,Automatic,1.8,20815,121050,2766,Low
12/31/2016,i8,2016,North America,Red,Petrol,Automatic,3.5,49129,151657,50,Low
12/31/2020,3 Series,2020,Middle East,Grey,Hybrid,Manual,2.1,58032,93446,7315,High
12/31/2024,5 Series,2024,Africa,White,Petrol,Automatic,4.9,47896,131409,4323,Low
12/31/2019,M3,2019,North America,Red,Electric,Manual,3.4,12058,127373,3252,Low
12/31/2017,3 Series,2017,Europe,Black,Electric,Automatic,3.4,41690,97855,9766,High
12/31/2019,M3,2019,Middle East,White,Electric,Manual,4.9,181633,109896,2219,Low
12/31/2015,X3,2015,North America,Red,Diesel,Automatic,3.2,41493,70091,9639,High
12/31/2020,3 Series,2020,Asia,Black,Petrol,Automatic,3.9,78401,92407,9774,High
12/31/2013,X1,2013,Africa,Silver,Diesel,Manual,1.7,65839,32829,4490,Low
12/31/2010,X5,2010,South America,White,Hybrid,Manual,4,166068,52243,2833,Low
12/31/2020,M3,2020,Asia,Black,Petrol,Automatic,1.9,104566,92145,3053,Low
12/31/2014,X1,2014,Europe,Silver,Diesel,Manual,4.2,87936,51681,6857,High
12/31/2019,X6,2019,Asia,Red,Hybrid,Automatic,4.6,39861,130063,4703,Low
12/31/2019,X3,2019,North America,Black,Electric,Manual,2.6,188966,73025,9032,High
12/31/2019,i8,2019,Europe,Grey,Hybrid,Automatic,4.6,86537,159530,310,Low
12/31/2013,X6,2013,Middle East,Blue,Hybrid,Manual,3.2,62711,94180,2057,Low
12/31/2014,M3,2014,North America,Black,Hybrid,Manual,3.5,132004,83732,2543,Low
12/31/2013,X3,2013,South America,White,Electric,Manual,2.9,111917,64157,4826,Low
12/31/2018,i8,2018,North America,White,Electric,Manual,3.2,86800,153168,258,Low
12/31/2012,5 Series,2012,Africa,Black,Hybrid,Automatic,4.7,184706,58621,3464,Low
12/31/2012,i3,2012,Middle East,Red,Electric,Automatic,4.8,118603,70207,3062,Low
12/31/2024,i8,2024,South America,Silver,Diesel,Manual,3.1,53434,168650,62,Low
12/31/2019,X3,2019,Europe,Grey,Hybrid,Automatic,3.3,21231,101254,9290,High
12/31/2016,5 Series,2016,Asia,White,Petrol,Automatic,1.9,96922,67472,1227,Low
12/31/2011,X3,2011,South America,Blue,Electric,Manual,2.6,7694,68336,4045,Low
12/31/2018,3 Series,2018,Europe,Red,Petrol,Automatic,3.3,83684,75261,15000,High
12/31/2017,i3,2017,North America,White,Electric,Automatic,2.2,49704,87053,5131,High
12/31/2021,X5,2021,Asia,Black,Petrol,Manual,3.5,4802,118916,6003,High
12/31/2023,X6,2023,North America,White,Hybrid,Automatic,3.9,86404,133243,1128,Low
12/31/2015,5 Series,2015,North America,Grey,Electric,Automatic,3.8,115134,93327,6387,High
12/31/2023,7 Series,2023,North America,Red,Hybrid,Automatic,3,179041,129904,2250,Low
12/31/2022,i3,2022,South America,Black,Petrol,Manual,4.2,147596,84582,3362,Low
12/31/2018,3 Series,2018,Africa,White,Diesel,Manual,2.6,150104,50626,5100,High
12/31/2020,X6,2020,Middle East,Blue,Diesel,Automatic,3.1,31501,124235,2460,Low
12/31/2012,5 Series,2012,Africa,White,Petrol,Manual,2.4,192764,31870,3928,Low
12/31/2013,i3,2013,Africa,Black,Hybrid,Automatic,3.6,112375,56337,2443,Low
12/31/2016,X6,2016,Africa,Grey,Hybrid,Manual,3,61164,96735,1559,Low
12/31/2010,i3,2010,South America,Silver,Petrol,Automatic,2.3,33666,41238,2464,Low
12/31/2022,5 Series,2022,Asia,Black,Electric,Automatic,2.6,170882,102459,8306,High
12/31/2010,X3,2010,North America,Blue,Electric,Manual,2.5,114220,48723,7407,High
12/31/2010,5 Series,2010,Middle East,White,Diesel,Manual,4.7,73197,65790,4317,Low
12/31/2021,i3,2021,North America,Silver,Petrol,Automatic,3.3,61969,94281,5285,High
12/31/2017,M3,2017,Europe,Grey,Diesel,Automatic,3.8,9695,109325,2281,Low
12/31/2022,X6,2022,Africa,Black,Electric,Manual,4.8,87651,130029,2478,Low
12/31/2015,3 Series,2015,North America,White,Electric,Manual,2.1,6955,85725,8776,High
12/31/2012,X5,2012,Middle East,Grey,Diesel,Manual,4.8,188764,55136,3236,Low
12/31/2019,i3,2019,North America,Blue,Electric,Automatic,3.4,13670,110104,4574,Low
12/31/2016,M5,2016,Middle East,Black,Petrol,Manual,4.5,149796,119406,505,Low
12/31/2015,i3,2015,Europe,White,Electric,Automatic,2.1,67682,70460,4622,Low
12/31/2014,X5,2014,Europe,Blue,Diesel,Manual,2.5,71962,69853,6198,High
12/31/2012,M3,2012,Asia,White,Petrol,Manual,2.2,62759,66092,2457,Low
12/31/2023,3 Series,2023,Asia,Blue,Hybrid,Manual,3.8,199095,89506,11762,High
12/31/2013,i3,2013,North America,Silver,Petrol,Automatic,2,104355,43468,4623,Low
12/31/2024,i3,2024,Africa,Grey,Electric,Automatic,4.3,119015,116590,3355,Low
12/31/2022,X6,2022,Asia,Black,Hybrid,Automatic,2.4,178309,106170,4517,Low
12/31/2022,M3,2022,Asia,Blue,Electric,Automatic,2.4,88518,123674,4208,Low
12/31/2020,i8,2020,South America,Silver,Petrol,Manual,2.5,110797,138228,50,Low
12/31/2020,3 Series,2020,Asia,White,Hybrid,Automatic,4.1,35772,105784,9291,High
12/31/2010,i3,2010,Middle East,Grey,Hybrid,Manual,4.7,151194,47281,3109,Low
12/31/2018,i3,2018,Africa,Black,Diesel,Automatic,4.7,39657,87548,2713,Low
12/31/2014,5 Series,2014,Europe,Black,Electric,Automatic,1.9,163837,60667,6362,High
12/31/2011,i3,2011,North America,Blue,Electric,Manual,2.4,106539,50305,4039,Low
12/31/2021,5 Series,2021,North America,Silver,Hybrid,Manual,3.9,82557,110825,7754,High
12/31/2020,5 Series,2020,North America,Grey,Petrol,Manual,3.7,122053,89463,6686,High
12/31/2018,X5,2018,Africa,Grey,Hybrid,Automatic,2.7,150914,83158,3380,Low
12/31/2021,X1,2021,Africa,Grey,Hybrid,Manual,4.5,179494,78495,4723,Low
12/31/2016,M5,2016,Asia,Black,Diesel,Manual,2,148673,93236,1903,Low
12/31/2023,7 Series,2023,South America,Grey,Hybrid,Automatic,3.7,72937,153944,1179,Low
12/31/2023,X3,2023,Middle East,Grey,Hybrid,Manual,2.5,142480,97866,5938,High
12/31/2017,7 Series,2017,Europe,White,Petrol,Manual,3.3,121608,106893,1079,Low
12/31/2022,7 Series,2022,North America,White,Hybrid,Automatic,2.9,120295,142148,1832,Low
12/31/2012,i8,2012,Asia,White,Diesel,Manual,4.9,33928,140199,50,Low
12/31/2023,i3,2023,Europe,Grey,Diesel,Manual,3.2,108066,88242,15000,High
12/31/2016,3 Series,2016,Middle East,Grey,Petrol,Automatic,4.9,80648,84531,5971,High
12/31/2020,7 Series,2020,Middle East,Grey,Electric,Manual,2.4,57867,141584,996,Low
12/31/2010,7 Series,2010,Middle East,Silver,Electric,Manual,4.2,133954,99539,50,Low
12/31/2015,i8,2015,Europe,White,Diesel,Automatic,4,23039,149108,50,Low
12/31/2019,3 Series,2019,South America,Red,Hybrid,Automatic,4.5,145108,83545,5511,High
12/31/2015,X1,2015,Middle East,Red,Diesel,Automatic,3.9,136632,49731,5774,High
12/31/2020,3 Series,2020,Europe,Silver,Hybrid,Manual,3.9,98523,91752,9348,High
12/31/2019,X1,2019,Africa,Grey,Electric,Automatic,3.8,106410,82521,4121,Low
12/31/2021,i3,2021,Europe,Grey,Electric,Automatic,4.9,23445,126083,5604,High
12/31/2015,i8,2015,Middle East,White,Diesel,Manual,2.3,159163,116686,50,Low
12/31/2012,M5,2012,South America,Red,Hybrid,Automatic,1.6,96413,87521,293,Low
12/31/2015,i8,2015,Europe,Grey,Hybrid,Automatic,3.9,159262,178838,50,Low
12/31/2023,i8,2023,North America,Black,Electric,Automatic,2.1,82255,171768,670,Low
12/31/2012,i3,2012,Asia,Silver,Electric,Automatic,3.9,180723,52235,4125,Low
12/31/2019,X6,2019,North America,Red,Petrol,Manual,2.6,66274,106502,4548,Low
12/31/2018,M5,2018,North America,Red,Petrol,Automatic,1.7,112704,114783,1553,Low
12/31/2016,3 Series,2016,Africa,White,Electric,Manual,4.2,192072,63830,5697,High
12/31/2023,X6,2023,Middle East,Blue,Hybrid,Automatic,1.7,71360,124069,3423,Low
12/31/2022,i8,2022,Asia,White,Diesel,Manual,2.3,33494,156213,342,Low
12/31/2013,M5,2013,Africa,White,Petrol,Automatic,2.7,115876,91531,162,Low
12/31/2012,X5,2012,North America,Silver,Diesel,Automatic,2,65795,63665,5966,High
12/31/2015,M5,2015,South America,White,Electric,Manual,4.7,147721,115907,316,Low
12/31/2024,X1,2024,Middle East,Black,Diesel,Manual,3.7,66330,93755,6097,High
12/31/2018,5 Series,2018,Africa,Silver,Electric,Manual,4.6,16494,117474,3528,Low
12/31/2012,X3,2012,Europe,Red,Petrol,Manual,3.9,76033,59968,7594,High
12/31/2017,X3,2017,South America,Blue,Diesel,Manual,5,84534,78740,5069,High
12/31/2015,i3,2015,Africa,Black,Petrol,Automatic,3.3,109123,57429,2399,Low
12/31/2013,X1,2013,Europe,Blue,Hybrid,Automatic,1.7,98727,46389,6579,High
12/31/2014,i8,2014,North America,Black,Petrol,Automatic,2.1,199303,100360,50,Low
12/31/2012,5 Series,2012,Africa,Grey,Electric,Automatic,3.6,198926,54648,3583,Low
12/31/2023,i8,2023,South America,Black,Electric,Automatic,2.7,3132,182471,50,Low
12/31/2011,X3,2011,South America,Red,Diesel,Manual,1.9,169094,25000,4647,Low
12/31/2018,3 Series,2018,Asia,Blue,Petrol,Automatic,2.3,143740,61085,8936,High
12/31/2022,5 Series,2022,Europe,Blue,Petrol,Manual,3.2,43485,111591,7668,High
12/31/2012,5 Series,2012,Europe,Grey,Petrol,Manual,3.3,2711,76912,6061,High
12/31/2015,7 Series,2015,Asia,Red,Hybrid,Automatic,4.8,92726,125068,681,Low
12/31/2014,i3,2014,Asia,White,Electric,Manual,1.8,160262,47275,5826,High
12/31/2019,X5,2019,Middle East,Blue,Diesel,Automatic,2.8,62948,98585,3981,Low
12/31/2020,M5,2020,North America,Grey,Diesel,Automatic,3.3,30207,139809,1787,Low
12/31/2017,3 Series,2017,Asia,Black,Diesel,Automatic,1.9,193737,40070,11418,High
12/31/2014,i3,2014,North America,Grey,Hybrid,Manual,3.9,50178,80081,3869,Low
12/31/2020,7 Series,2020,Africa,Grey,Diesel,Automatic,3.3,692,139419,274,Low
12/31/2017,7 Series,2017,Africa,Black,Diesel,Manual,3.1,28557,117371,170,Low
12/31/2020,X3,2020,Asia,Black,Electric,Automatic,3.8,115324,104948,9709,High
12/31/2014,i8,2014,Europe,White,Diesel,Automatic,2.5,194383,97878,50,Low
12/31/2020,M3,2020,South America,White,Hybrid,Automatic,2.7,123710,96848,2119,Low
12/31/2019,X1,2019,Africa,White,Electric,Manual,2.1,100789,69763,4909,Low
12/31/2022,7 Series,2022,North America,Grey,Petrol,Automatic,3.3,183367,116272,1785,Low
12/31/2015,3 Series,2015,South America,Black,Hybrid,Manual,2.8,95511,62993,6347,High
12/31/2024,X5,2024,Middle East,Red,Diesel,Manual,2.4,78797,113621,4746,Low
12/31/2014,X1,2014,Middle East,White,Petrol,Automatic,1.9,86917,46901,4788,Low
12/31/2011,7 Series,2011,Europe,Grey,Hybrid,Manual,1.6,72663,87604,511,Low
12/31/2019,X6,2019,North America,Silver,Hybrid,Manual,2.2,82713,110214,4280,Low
12/31/2019,X6,2019,Middle East,Grey,Electric,Automatic,2.4,98721,111974,2973,Low
12/31/2015,5 Series,2015,South America,Black,Diesel,Automatic,3.2,96299,66207,3919,Low
12/31/2023,X3,2023,Asia,White,Petrol,Automatic,2.3,1761,109543,9567,High
12/31/2016,X3,2016,North America,Grey,Hybrid,Manual,4.4,121193,78680,8031,High
12/31/2024,7 Series,2024,South America,White,Diesel,Automatic,3.2,62049,136665,1202,Low
12/31/2012,i3,2012,North America,Black,Petrol,Automatic,3.7,105164,51400,4091,Low
12/31/2012,M3,2012,Asia,Red,Electric,Automatic,2.2,129090,69784,2231,Low
12/31/2021,X1,2021,Asia,White,Hybrid,Manual,3,195029,67356,8994,High
12/31/2016,7 Series,2016,Europe,Red,Diesel,Manual,3.6,69076,111904,880,Low
12/31/2024,X5,2024,Middle East,Blue,Diesel,Automatic,2.6,143834,105747,4725,Low
12/31/2020,i8,2020,South America,White,Diesel,Manual,2.7,118999,131798,50,Low
12/31/2019,3 Series,2019,South America,Blue,Electric,Automatic,4.3,2854,113428,6191,High
12/31/2013,X1,2013,Europe,Red,Petrol,Manual,4.4,145775,40947,7824,High
12/31/2024,X3,2024,North America,Grey,Diesel,Automatic,3.4,106036,102958,10409,High
12/31/2011,X6,2011,Europe,Red,Hybrid,Manual,4.6,101639,84220,2841,Low
12/31/2018,3 Series,2018,South America,Grey,Diesel,Manual,4.1,89283,73902,5121,High
12/31/2024,5 Series,2024,Europe,Grey,Hybrid,Manual,1.7,123299,100931,8938,High
12/31/2023,X5,2023,Asia,Grey,Electric,Automatic,3.5,169029,120119,7901,High
12/31/2022,M5,2022,Middle East,Silver,Electric,Automatic,3.9,44638,171451,1324,Low
12/31/2018,i3,2018,Europe,Red,Electric,Automatic,3.4,15172,99044,4930,Low
12/31/2015,X3,2015,Africa,Red,Hybrid,Automatic,4.4,23685,91134,4457,Low
12/31/2023,X3,2023,Africa,Blue,Diesel,Manual,2.6,14465,99721,5638,High
12/31/2011,5 Series,2011,North America,Black,Petrol,Automatic,1.7,12544,62161,5519,High
12/31/2012,M5,2012,Middle East,Black,Hybrid,Automatic,3.7,161085,100962,264,Low
12/31/2014,X1,2014,South America,Red,Hybrid,Automatic,4.1,117276,60868,3738,Low
12/31/2020,3 Series,2020,North America,Blue,Diesel,Automatic,4.2,106582,89491,11110,High
12/31/2020,X3,2020,North America,Black,Hybrid,Automatic,1.5,16109,96278,9337,High
12/31/2024,X3,2024,North America,Grey,Petrol,Automatic,3.9,4842,129397,8093,High
12/31/2014,5 Series,2014,Middle East,Red,Petrol,Manual,1.6,130306,49214,4641,Low
12/31/2022,X6,2022,Middle East,Silver,Electric,Automatic,4.2,187506,122157,3179,Low
12/31/2018,M5,2018,Middle East,Blue,Diesel,Automatic,4,110456,132174,758,Low
12/31/2019,X5,2019,Europe,Red,Electric,Automatic,3.5,85711,114185,15000,High
12/31/2012,M3,2012,Africa,Silver,Hybrid,Automatic,3.3,164835,62620,1100,Low
12/31/2011,X3,2011,Europe,Blue,Hybrid,Manual,4,28446,71653,7032,High
12/31/2019,X5,2019,Asia,Red,Petrol,Automatic,1.7,21525,100620,5805,High
12/31/2017,M3,2017,Asia,Silver,Electric,Manual,4.4,28026,127288,2068,Low
12/31/2016,M5,2016,North America,Blue,Hybrid,Automatic,2.2,100359,117314,1243,Low
12/31/2021,i3,2021,South America,Red,Electric,Manual,3.2,188492,75880,4162,Low
12/31/2018,7 Series,2018,Europe,Blue,Diesel,Manual,3.2,13084,130003,912,Low
12/31/2012,i8,2012,Middle East,Red,Hybrid,Automatic,4.2,102025,139625,50,Low
12/31/2015,7 Series,2015,North America,Silver,Hybrid,Automatic,2.2,118701,102227,1163,Low
12/31/2014,i3,2014,Europe,White,Petrol,Manual,2.5,189729,31333,4613,Low
12/31/2014,X5,2014,Middle East,Blue,Hybrid,Manual,3.8,32695,101176,3062,Low
12/31/2019,M3,2019,Asia,Black,Diesel,Automatic,2.9,32186,110867,3336,Low
12/31/2017,M5,2017,South America,Silver,Hybrid,Manual,2.5,127264,111408,651,Low
12/31/2010,X5,2010,Middle East,Blue,Petrol,Manual,3.7,31309,70116,3214,Low
12/31/2010,i3,2010,North America,Black,Petrol,Automatic,1.8,7151,46035,4362,Low
12/31/2012,X5,2012,Europe,White,Petrol,Manual,4.3,45454,76128,5612,High
12/31/2020,5 Series,2020,North America,Red,Hybrid,Manual,3.3,102267,99273,7558,High
12/31/2011,X3,2011,South America,White,Diesel,Automatic,2.2,60696,42804,4824,Low
12/31/2011,3 Series,2011,Europe,White,Diesel,Automatic,2.9,199288,25000,8613,High
12/31/2011,5 Series,2011,Africa,Red,Diesel,Automatic,2,5657,56879,3273,Low
12/31/2013,X5,2013,North America,White,Hybrid,Manual,3.7,144523,75316,5611,High
12/31/2010,i3,2010,Asia,White,Diesel,Manual,3.8,160447,27966,5370,High
12/31/2019,3 Series,2019,Europe,Blue,Electric,Manual,2.9,110610,83777,10480,High
12/31/2024,X6,2024,Asia,Blue,Hybrid,Manual,2.7,65584,135323,4839,Low
12/31/2018,M3,2018,Asia,Black,Petrol,Manual,4.5,46318,112435,2389,Low
12/31/2023,5 Series,2023,South America,Black,Hybrid,Manual,3.5,42727,123005,5533,High
12/31/2014,X1,2014,North America,Black,Diesel,Automatic,3.8,153033,43571,6795,High
12/31/2014,X6,2014,Europe,Red,Hybrid,Manual,1.9,115418,72050,3259,Low
12/31/2018,i3,2018,South America,White,Diesel,Manual,4,110324,70340,3347,Low
12/31/2023,X5,2023,North America,White,Diesel,Automatic,3.1,129587,101239,5782,High
12/31/2014,X6,2014,Africa,Black,Diesel,Automatic,2.8,14271,89631,1579,Low
12/31/2022,3 Series,2022,South America,Blue,Electric,Automatic,4.8,118760,109117,6520,High
12/31/2022,X3,2022,North America,Red,Petrol,Automatic,1.7,149393,77781,10287,High
12/31/2020,M3,2020,North America,Red,Diesel,Manual,2.2,17250,101386,3459,Low
12/31/2023,X1,2023,Asia,Silver,Diesel,Manual,2.8,180145,67837,9623,High
12/31/2017,7 Series,2017,North America,Silver,Hybrid,Automatic,2.6,75404,125719,1082,Low
12/31/2020,X1,2020,Middle East,Grey,Petrol,Manual,3.3,76609,76820,4844,Low
12/31/2010,5 Series,2010,Africa,Blue,Diesel,Automatic,2.9,47011,51202,3012,Low
12/31/2010,M5,2010,Middle East,Silver,Diesel,Manual,4.3,166293,85399,202,Low
12/31/2013,i3,2013,Middle East,Silver,Diesel,Manual,4.2,134782,47983,2801,Low
12/31/2017,i8,2017,Asia,White,Petrol,Automatic,4.2,154963,139254,50,Low
12/31/2012,X5,2012,Europe,White,Diesel,Manual,2.8,141446,48826,6013,High
12/31/2010,M3,2010,Europe,Grey,Electric,Automatic,2.9,123531,68130,2097,Low
12/31/2020,7 Series,2020,North America,Black,Petrol,Automatic,4,96334,128252,1328,Low
12/31/2021,i3,2021,Africa,Blue,Diesel,Manual,1.9,24924,78721,2846,Low
12/31/2018,X3,2018,Europe,Red,Diesel,Automatic,4.5,4847,97771,7082,High
12/31/2018,M5,2018,Asia,Silver,Diesel,Automatic,3.4,91271,123419,1732,Low
12/31/2018,M5,2018,Europe,White,Diesel,Automatic,4.5,21910,138712,1328,Low
12/31/2018,7 Series,2018,Middle East,Blue,Diesel,Manual,4.3,114291,123313,547,Low
12/31/2011,X5,2011,Europe,Blue,Diesel,Manual,2.8,101004,52208,5414,High
12/31/2023,3 Series,2023,North America,White,Petrol,Automatic,1.9,40710,100132,10796,High
12/31/2023,i8,2023,Africa,White,Hybrid,Automatic,4.7,119363,173413,221,Low
12/31/2020,3 Series,2020,Europe,Grey,Diesel,Automatic,2.7,149369,62962,15000,High
12/31/2020,3 Series,2020,Asia,White,Petrol,Manual,2.8,7012,96793,8926,High
12/31/2020,i3,2020,Asia,Blue,Electric,Manual,4.7,49544,111374,5113,High
12/31/2013,7 Series,2013,Europe,White,Hybrid,Manual,4.7,21010,125952,316,Low
12/31/2024,M3,2024,South America,White,Electric,Automatic,2.4,186200,111754,2365,Low
12/31/2011,X3,2011,Middle East,Black,Hybrid,Automatic,1.8,3264,65090,5534,High
12/31/2016,X3,2016,Middle East,White,Petrol,Manual,1.5,28906,70185,6469,High
12/31/2020,7 Series,2020,North America,Grey,Hybrid,Automatic,3,172867,115995,1972,Low
12/31/2012,X5,2012,Europe,Black,Diesel,Automatic,3.5,13766,76973,5125,High
12/31/2018,7 Series,2018,North America,Red,Petrol,Automatic,2.4,198354,95714,1575,Low
12/31/2016,X6,2016,Africa,Grey,Electric,Manual,2.4,178355,75765,1832,Low
12/31/2017,X3,2017,North America,Silver,Diesel,Manual,2.7,37846,74729,8628,High
12/31/2018,X5,2018,Asia,Black,Petrol,Automatic,2.4,198683,70077,1290,Low
12/31/2017,3 Series,2017,Asia,White,Petrol,Manual,4.5,133084,65952,11201,High
12/31/2016,M3,2016,South America,Grey,Electric,Manual,3.7,117253,89919,1203,Low
12/31/2024,X5,2024,Middle East,Grey,Electric,Manual,4.4,23851,144692,4036,Low
12/31/2018,X1,2018,Africa,Blue,Hybrid,Manual,4.5,189210,66256,4964,Low
12/31/2020,X3,2020,South America,Silver,Diesel,Automatic,3,84335,80598,5008,High
12/31/2010,X3,2010,Africa,Blue,Hybrid,Manual,3.2,182829,31648,3796,Low
12/31/2020,M3,2020,Europe,Black,Hybrid,Automatic,4.9,117078,118898,3508,Low
12/31/2024,i3,2024,South America,Silver,Electric,Manual,4.4,69021,116697,3403,Low
12/31/2013,3 Series,2013,Europe,Blue,Petrol,Automatic,4.3,92204,63285,7824,High
12/31/2013,M5,2013,Middle East,Red,Diesel,Automatic,3.5,154108,89929,530,Low
12/31/2014,X1,2014,Asia,Silver,Hybrid,Automatic,3.1,174905,43641,7750,High
12/31/2017,i8,2017,Middle East,White,Petrol,Automatic,4.6,8757,167193,50,Low
12/31/2019,7 Series,2019,Africa,White,Diesel,Automatic,4.3,69399,124876,353,Low
12/31/2010,M3,2010,Africa,Silver,Electric,Manual,3.3,87519,71730,541,Low
12/31/2015,M5,2015,Africa,Red,Petrol,Manual,2.4,198045,73652,656,Low
12/31/2018,7 Series,2018,Africa,Black,Electric,Automatic,2,5754,135580,583,Low
12/31/2019,i3,2019,North America,Grey,Electric,Manual,3.4,102105,93784,5166,High
12/31/2017,i8,2017,South America,Blue,Hybrid,Manual,2.5,109903,139576,50,Low
12/31/2024,i3,2024,South America,Blue,Petrol,Manual,2.4,155370,80780,7879,High
12/31/2011,X3,2011,South America,Silver,Petrol,Automatic,1.9,133560,41539,4168,Low
12/31/2016,X3,2016,North America,Black,Petrol,Manual,1.6,182452,38717,8870,High
12/31/2014,i8,2014,Europe,White,Hybrid,Automatic,4.2,64965,149082,50,Low
12/31/2011,5 Series,2011,Asia,Black,Petrol,Manual,1.9,97624,43933,7472,High
12/31/2020,X3,2020,South America,Grey,Hybrid,Automatic,4.6,39123,115285,6187,High
12/31/2010,3 Series,2010,South America,Red,Electric,Automatic,2.2,153737,36667,4871,Low
12/31/2011,i3,2011,Middle East,Silver,Electric,Manual,4.2,112358,61260,3061,Low
12/31/2020,M3,2020,North America,Blue,Electric,Automatic,4.4,181632,109427,3020,Low
12/31/2019,7 Series,2019,Europe,Red,Petrol,Automatic,4.3,58667,132357,964,Low
12/31/2015,X6,2015,Asia,Blue,Electric,Automatic,4.6,23610,125154,3159,Low
12/31/2020,X3,2020,Europe,Silver,Electric,Manual,2.7,113299,87731,10366,High
12/31/2021,i3,2021,Middle East,White,Petrol,Automatic,5,84811,58774,4839,Low
12/31/2017,5 Series,2017,Asia,Blue,Electric,Automatic,2.5,150203,80087,7790,High
12/31/2012,M3,2012,Middle East,Red,Hybrid,Manual,4.8,72575,96995,962,Low
12/31/2014,i3,2014,Europe,Grey,Hybrid,Automatic,3,130219,61249,4199,Low
12/31/2024,X5,2024,Europe,Black,Diesel,Manual,1.7,22159,118314,5783,High
12/31/2020,X1,2020,South America,White,Hybrid,Automatic,4.2,27837,106934,4310,Low
12/31/2011,X3,2011,North America,Red,Petrol,Manual,4.3,162265,42480,8348,High
12/31/2021,X1,2021,Asia,Blue,Electric,Automatic,2.2,168119,75067,10005,High
12/31/2017,X3,2017,Middle East,Grey,Hybrid,Automatic,4.4,132042,88221,6341,High
12/31/2013,7 Series,2013,North America,Blue,Diesel,Manual,2.1,36482,96155,825,Low
12/31/2020,i8,2020,Middle East,Black,Petrol,Automatic,2,9601,160857,50,Low
12/31/2019,7 Series,2019,North America,Red,Petrol,Automatic,4.3,151723,123721,1318,Low
12/31/2021,M3,2021,North America,Silver,Petrol,Automatic,2.5,24188,114119,3087,Low
12/31/2015,3 Series,2015,Africa,Grey,Petrol,Automatic,1.8,90706,51560,4434,Low
12/31/2012,X5,2012,South America,Blue,Petrol,Automatic,4.8,199519,56455,3098,Low
12/31/2020,5 Series,2020,Middle East,Silver,Diesel,Manual,3.4,85078,95785,4536,Low
12/31/2024,i3,2024,Asia,Blue,Diesel,Automatic,3.1,192427,76122,6786,High
12/31/2017,M5,2017,Asia,Silver,Hybrid,Automatic,3.3,154135,114563,220,Low
12/31/2017,3 Series,2017,Europe,Silver,Electric,Manual,3.8,33804,92319,9989,High
12/31/2012,X1,2012,North America,Grey,Hybrid,Automatic,4.5,177152,44772,7518,High
12/31/2021,i8,2021,Middle East,White,Petrol,Manual,3.9,37252,180597,50,Low
12/31/2018,M5,2018,Africa,Red,Electric,Manual,4.1,32756,139833,648,Low
12/31/2019,i8,2019,North America,White,Diesel,Automatic,2.1,145514,133967,202,Low
12/31/2022,i8,2022,Asia,Blue,Petrol,Automatic,2.8,71820,155328,436,Low
12/31/2014,M5,2014,Europe,White,Hybrid,Manual,3.5,139236,46305,1735,Low
12/31/2019,M3,2019,North America,Silver,Diesel,Automatic,3.7,61618,102996,2621,Low
12/31/2018,3 Series,2018,Middle East,Black,Hybrid,Automatic,2.4,57264,89087,6322,High
12/31/2016,X3,2016,North America,Silver,Hybrid,Manual,4.9,37551,96582,7417,High
12/31/2024,5 Series,2024,South America,White,Diesel,Manual,1.9,10023,64133,6035,High
12/31/2024,X1,2024,Asia,White,Electric,Manual,1.9,32731,103689,8366,High
12/31/2024,3 Series,2024,Africa,Grey,Diesel,Manual,2.3,159196,74467,6387,High
12/31/2019,M3,2019,Asia,Black,Hybrid,Automatic,4.1,33844,187068,1978,Low
12/31/2012,X1,2012,North America,Blue,Petrol,Automatic,1.6,85075,32200,6773,High
12/31/2015,7 Series,2015,Europe,Blue,Hybrid,Manual,5,149572,108125,889,Low
12/31/2019,7 Series,2019,Middle East,Blue,Diesel,Automatic,5,183238,115193,751,Low
12/31/2011,X1,2011,South America,Red,Electric,Manual,2.1,117533,36499,4340,Low
12/31/2015,i3,2015,Asia,Silver,Hybrid,Automatic,2.9,152741,60803,4826,Low
12/31/2021,3 Series,2021,South America,Silver,Hybrid,Manual,2.2,32902,94425,6769,High
12/31/2014,3 Series,2014,Asia,Red,Hybrid,Manual,2.9,145482,50489,11098,High
12/31/2022,X3,2022,Middle East,Red,Electric,Manual,3.4,149242,96729,5860,High
12/31/2012,X6,2012,North America,Red,Petrol,Manual,4.4,8394,91472,3066,Low
12/31/2023,7 Series,2023,Europe,Silver,Diesel,Manual,1.6,5843,139518,1731,Low
12/31/2024,3 Series,2024,Asia,White,Petrol,Automatic,5,135456,101348,9070,High
12/31/2016,X6,2016,Asia,Red,Petrol,Automatic,4.8,99139,96257,4389,Low
12/31/2020,5 Series,2020,Africa,Blue,Diesel,Manual,3.5,89481,90749,3594,Low
12/31/2013,X3,2013,Africa,Grey,Hybrid,Automatic,3.2,77314,66409,3526,Low
12/31/2020,7 Series,2020,Middle East,Red,Electric,Manual,3.4,20631,148464,1087,Low
12/31/2023,M3,2023,North America,Blue,Electric,Manual,1.6,87169,113152,4123,Low
12/31/2015,X6,2015,South America,Blue,Hybrid,Automatic,4.1,92986,97391,2123,Low
12/31/2018,X5,2018,Asia,Grey,Electric,Manual,3.2,24617,113959,5809,High
12/31/2021,X3,2021,South America,Red,Electric,Automatic,2.5,114066,91357,6191,High
12/31/2023,X3,2023,North America,Black,Hybrid,Automatic,3.1,49433,116237,10625,High
12/31/2015,3 Series,2015,Asia,Blue,Electric,Automatic,2.5,18559,81361,9391,High
12/31/2013,i3,2013,Middle East,Grey,Petrol,Automatic,3.9,131887,54664,3160,Low
12/31/2024,5 Series,2024,Europe,Blue,Hybrid,Manual,3.7,31816,135796,6497,High
12/31/2019,i3,2019,Africa,Black,Petrol,Manual,2.9,105891,71238,3025,Low
12/31/2024,i3,2024,Middle East,Silver,Diesel,Manual,2.6,153696,79104,5000,High
12/31/2011,3 Series,2011,Europe,Grey,Diesel,Automatic,4.6,119293,45013,8840,High
12/31/2018,i8,2018,Africa,Blue,Petrol,Automatic,3.9,2442,163446,50,Low
12/31/2024,i3,2024,Asia,Silver,Hybrid,Manual,4,156137,52067,6996,High
12/31/2023,X1,2023,Africa,Black,Electric,Manual,3.7,38056,114643,5387,High
12/31/2013,X3,2013,North America,Black,Electric,Automatic,1.8,63549,69263,6890,High
12/31/2013,X1,2013,Middle East,White,Petrol,Automatic,1.7,147543,28629,5661,High
12/31/2011,i8,2011,South America,Blue,Electric,Automatic,3,184727,107714,50,Low
12/31/2024,M5,2024,Europe,Blue,Hybrid,Manual,4.8,74783,175799,1992,Low
12/31/2014,X5,2014,Middle East,Red,Hybrid,Manual,3.3,118816,83870,3504,Low
12/31/2022,7 Series,2022,Africa,White,Hybrid,Manual,4.6,123344,136469,998,Low
12/31/2015,X3,2015,Asia,Blue,Diesel,Manual,1.8,60505,58894,9311,High
12/31/2019,i3,2019,Africa,Silver,Diesel,Automatic,4,186369,61620,2864,Low
12/31/2015,X5,2015,Middle East,White,Electric,Manual,2.4,75969,86503,3357,Low
12/31/2012,X1,2012,North America,White,Diesel,Manual,3.3,105165,36302,6778,High
12/31/2021,X5,2021,North America,Grey,Electric,Manual,2.5,192788,92699,7041,High
12/31/2024,X6,2024,Africa,Black,Diesel,Manual,4,160086,103181,2424,Low
12/31/2024,M3,2024,Middle East,Red,Petrol,Automatic,2.9,161891,106353,2699,Low
12/31/2023,M5,2023,Europe,White,Electric,Manual,3.1,68416,163829,488,Low
12/31/2018,7 Series,2018,Europe,White,Hybrid,Manual,2.4,172319,159492,1062,Low
12/31/2016,3 Series,2016,Asia,Blue,Petrol,Automatic,2.5,186268,44922,9659,High
12/31/2022,X3,2022,Middle East,Blue,Electric,Manual,2.1,81476,103960,6908,High
12/31/2023,M3,2023,Middle East,Grey,Diesel,Manual,3.4,90019,110498,2437,Low
12/31/2012,5 Series,2012,Asia,Silver,Hybrid,Automatic,2,122776,58930,6057,High
12/31/2013,i3,2013,Europe,Black,Electric,Automatic,2.4,158229,51321,4112,Low
12/31/2016,i3,2016,South America,Black,Hybrid,Manual,3.4,20548,83612,2879,Low
12/31/2020,M5,2020,Middle East,Black,Electric,Automatic,2.5,69372,154655,1315,Low
12/31/2017,X3,2017,North America,Grey,Hybrid,Automatic,3.6,187124,71317,8903,High
12/31/2015,X3,2015,Europe,Black,Electric,Manual,1.5,10587,80952,7876,High
12/31/2013,i8,2013,Asia,Silver,Hybrid,Automatic,4.9,126638,139761,50,Low
12/31/2021,7 Series,2021,Europe,Silver,Diesel,Automatic,4.1,101716,129113,1453,Low
12/31/2011,M5,2011,Africa,Blue,Hybrid,Manual,3.3,95183,93397,50,Low
12/31/2019,7 Series,2019,Middle East,Black,Petrol,Automatic,4.7,186634,112717,794,Low
12/31/2017,i3,2017,Middle East,Grey,Hybrid,Manual,4.5,128901,85168,2932,Low
12/31/2010,5 Series,2010,South America,Black,Hybrid,Automatic,2.8,94898,58665,3472,Low
12/31/2018,5 Series,2018,Africa,Grey,Diesel,Manual,1.9,157650,58381,3873,Low
12/31/2024,3 Series,2024,Middle East,White,Electric,Manual,2.4,184892,88044,8234,High
12/31/2017,X3,2017,North America,White,Petrol,Manual,2.2,110071,63408,8829,High
12/31/2012,X3,2012,Asia,Red,Electric,Automatic,4.1,46089,84370,7055,High
12/31/2019,X3,2019,Asia,White,Diesel,Automatic,3.4,199414,65138,9124,High
12/31/2013,X5,2013,Africa,White,Diesel,Manual,4.5,61899,76823,2478,Low
12/31/2019,M3,2019,Middle East,Red,Petrol,Automatic,3.2,90352,105783,1786,Low
12/31/2013,i3,2013,South America,Black,Petrol,Manual,4.2,198176,36500,2932,Low
12/31/2011,i8,2011,North America,Blue,Hybrid,Automatic,2.6,62655,127722,50,Low
12/31/2021,X5,2021,Africa,White,Hybrid,Automatic,3.6,66318,118710,4112,Low
12/31/2020,M3,2020,Africa,Red,Diesel,Manual,3.7,10236,107907,1348,Low
12/31/2019,3 Series,2019,North America,Blue,Diesel,Automatic,4.2,156619,70678,10805,High
12/31/2014,3 Series,2014,Europe,White,Hybrid,Automatic,4.3,33969,83367,7326,High
12/31/2022,i8,2022,Africa,White,Electric,Manual,2.5,62724,173634,111,Low
12/31/2021,3 Series,2021,Middle East,White,Electric,Manual,2.8,30592,112963,7817,High
12/31/2012,i8,2012,Africa,Silver,Electric,Automatic,2.2,150113,105554,50,Low
12/31/2021,5 Series,2021,South America,Grey,Petrol,Automatic,4.1,29195,118371,3798,Low
12/31/2020,7 Series,2020,South America,Silver,Petrol,Automatic,2.4,75530,118906,864,Low
12/31/2010,3 Series,2010,Europe,Silver,Electric,Manual,2.9,110664,45500,8539,High
12/31/2011,7 Series,2011,Africa,Blue,Petrol,Manual,4.3,76843,84738,50,Low
12/31/2020,i3,2020,Middle East,Black,Petrol,Automatic,2.7,176301,66405,3366,Low
12/31/2021,M3,2021,Asia,Red,Petrol,Automatic,2.5,26182,117519,3422,Low
12/31/2016,X5,2016,Asia,Silver,Petrol,Automatic,3.8,188083,72389,6276,High
12/31/2024,X3,2024,Europe,Blue,Hybrid,Manual,4.9,174105,106235,10266,High
12/31/2010,i8,2010,North America,Grey,Electric,Manual,1.7,1306,129484,50,Low
12/31/2024,i8,2024,North America,Black,Hybrid,Automatic,4.4,162784,182850,635,Low
12/31/2021,X3,2021,Africa,Grey,Hybrid,Automatic,1.9,18726,96672,5399,High
12/31/2022,X1,2022,Europe,Grey,Electric,Automatic,2.7,115076,88695,8028,High
12/31/2022,i8,2022,Asia,White,Petrol,Automatic,3,151240,154113,459,Low
12/31/2011,i3,2011,North America,White,Electric,Automatic,4,169723,53986,3817,Low
12/31/2023,7 Series,2023,Middle East,White,Petrol,Manual,4.7,118307,143291,1119,Low
12/31/2019,5 Series,2019,Middle East,Grey,Petrol,Manual,1.9,115200,77556,4508,Low
12/31/2016,X3,2016,Europe,Blue,Diesel,Manual,4.1,181299,56988,9293,High
12/31/2010,M3,2010,Africa,Grey,Diesel,Automatic,2.6,37639,59986,637,Low
12/31/2016,i3,2016,North America,Grey,Hybrid,Automatic,4.7,28416,99160,4143,Low
12/31/2022,i3,2022,North America,Silver,Petrol,Automatic,2.5,9125,99056,5157,High
12/31/2017,7 Series,2017,Middle East,Grey,Hybrid,Manual,3.9,33082,138877,164,Low
12/31/2020,3 Series,2020,Middle East,Black,Electric,Manual,2.1,120635,83644,6962,High
12/31/2022,M5,2022,Europe,White,Diesel,Manual,4.9,197097,132804,2170,Low
12/31/2023,3 Series,2023,Africa,Blue,Petrol,Automatic,1.5,114044,78756,5105,High
12/31/2011,5 Series,2011,Asia,White,Diesel,Manual,2.3,114721,41899,6826,High
12/31/2013,X6,2013,Middle East,Black,Hybrid,Automatic,3.9,150313,87360,2387,Low
12/31/2016,3 Series,2016,Middle East,White,Hybrid,Manual,4.5,196347,66200,5955,High
12/31/2010,X6,2010,Middle East,Black,Hybrid,Manual,5,183413,72603,2146,Low
12/31/2015,i8,2015,Africa,Red,Hybrid,Manual,2.1,26015,71562,83,Low
12/31/2014,M3,2014,Europe,Red,Hybrid,Automatic,2.6,64493,84334,2522,Low
12/31/2020,X6,2020,South America,Blue,Hybrid,Manual,4.6,47706,125161,2887,Low
12/31/2015,X3,2015,Middle East,Blue,Petrol,Manual,1.6,183820,36898,5832,High
12/31/2017,7 Series,2017,Asia,White,Petrol,Automatic,4.1,4457,136674,890,Low
12/31/2020,X3,2020,Middle East,White,Electric,Automatic,3,89460,99093,5596,High
12/31/2020,i3,2020,South America,Grey,Electric,Manual,3.9,171702,80209,4376,Low
12/31/2010,i3,2010,North America,Red,Petrol,Automatic,3.3,65395,46757,4495,Low
12/31/2012,X6,2012,Asia,Blue,Diesel,Manual,3.7,173707,56277,4055,Low
12/31/2020,7 Series,2020,South America,White,Electric,Manual,3.8,104393,129575,996,Low
12/31/2022,i8,2022,South America,Silver,Electric,Manual,3.7,113408,173138,211,Low
12/31/2018,X1,2018,North America,White,Diesel,Automatic,3.8,147334,59720,9087,High
12/31/2021,X3,2021,Europe,Silver,Diesel,Automatic,3.5,31625,97674,9347,High
12/31/2017,3 Series,2017,Africa,Grey,Hybrid,Manual,4,5373,96706,4401,Low
12/31/2013,i3,2013,Europe,Black,Diesel,Automatic,4.2,57508,63107,4459,Low
12/31/2020,X6,2020,Asia,White,Hybrid,Automatic,4.3,157103,114446,4363,Low
12/31/2023,X5,2023,Africa,Blue,Petrol,Manual,4.5,178112,100283,3538,Low
12/31/2019,X6,2019,North America,Black,Petrol,Automatic,2.6,170764,82453,5115,High
12/31/2018,M3,2018,South America,Black,Electric,Manual,4.1,86166,109509,1661,Low
12/31/2016,M3,2016,Europe,Black,Hybrid,Automatic,4.8,152048,98325,2279,Low
12/31/2011,7 Series,2011,North America,Black,Diesel,Automatic,2.8,112952,75580,849,Low
12/31/2010,i3,2010,Middle East,Black,Petrol,Automatic,4.2,133353,40457,2687,Low
12/31/2010,X3,2010,Asia,White,Electric,Manual,2.5,132882,43200,9579,High
12/31/2022,X1,2022,South America,Red,Hybrid,Automatic,2.1,116255,80001,5418,High
12/31/2012,i8,2012,Europe,Grey,Electric,Manual,3.1,49801,131872,50,Low
12/31/2022,M3,2022,North America,Red,Hybrid,Automatic,4.3,24455,144756,3386,Low
12/31/2023,M3,2023,Europe,Black,Diesel,Manual,2.6,163215,91064,3070,Low
12/31/2024,M3,2024,Europe,Black,Diesel,Manual,2.5,114035,109683,3359,Low
12/31/2019,3 Series,2019,Africa,Blue,Hybrid,Manual,2.5,79010,76237,5357,High
12/31/2011,i3,2011,North America,White,Hybrid,Automatic,2.3,111339,44730,3861,Low
12/31/2013,X1,2013,Africa,Red,Hybrid,Manual,3.6,191845,34690,4342,Low
12/31/2023,M3,2023,Europe,Silver,Petrol,Automatic,2.4,75577,117929,3306,Low
12/31/2024,3 Series,2024,Middle East,White,Electric,Automatic,4.8,157936,116700,7965,High
12/31/2023,X1,2023,South America,White,Hybrid,Manual,2.7,57040,96710,4997,Low
12/31/2017,7 Series,2017,Asia,Silver,Diesel,Automatic,3.4,85423,115119,1372,Low
12/31/2014,i8,2014,South America,Silver,Hybrid,Automatic,2.9,65967,131291,50,Low
12/31/2014,i3,2014,South America,Blue,Diesel,Automatic,4.9,95094,65917,2978,Low
12/31/2015,X3,2015,South America,Silver,Diesel,Automatic,3,145718,50516,6022,High
12/31/2022,5 Series,2022,South America,Blue,Petrol,Manual,3.5,58479,105063,4737,Low
12/31/2021,X3,2021,North America,White,Diesel,Manual,4.2,107508,89405,10131,High
12/31/2024,X3,2024,North America,Black,Diesel,Automatic,2.1,118806,93179,8896,High
12/31/2024,X6,2024,North America,Grey,Diesel,Manual,1.6,2993,129126,3996,Low
12/31/2014,X6,2014,Africa,Red,Electric,Automatic,3.1,41141,103438,1418,Low
12/31/2014,X5,2014,Middle East,White,Electric,Manual,3.4,185340,73982,3650,Low
12/31/2024,3 Series,2024,Asia,Red,Hybrid,Automatic,2.5,186796,85765,9891,High
12/31/2023,i3,2023,North America,Grey,Diesel,Manual,3.1,135494,85074,6508,High
12/31/2016,3 Series,2016,Africa,White,Diesel,Automatic,3.7,149141,55562,5285,High
12/31/2015,X3,2015,South America,Silver,Diesel,Manual,4.9,92048,67959,5573,High
12/31/2022,i3,2022,Middle East,Grey,Petrol,Automatic,3.6,10316,115490,3451,Low
12/31/2022,M5,2022,Middle East,Grey,Electric,Automatic,3.1,82095,163915,1486,Low
12/31/2023,5 Series,2023,North America,Grey,Petrol,Manual,1.6,156877,84751,8470,High
12/31/2019,M3,2019,Africa,Black,Electric,Automatic,2.6,94769,106160,2115,Low
12/31/2020,M3,2020,Africa,Black,Electric,Manual,2.8,24575,114925,1946,Low
12/31/2011,X6,2011,Europe,Black,Electric,Manual,3.2,89682,82643,3059,Low
12/31/2022,X5,2022,Middle East,Red,Electric,Automatic,4.2,33978,140171,4766,Low
12/31/2010,3 Series,2010,South America,Red,Petrol,Manual,4.2,130726,36333,5139,High
12/31/2010,i8,2010,South America,Grey,Petrol,Manual,4.5,50118,124066,50,Low
12/31/2013,i8,2013,Africa,Black,Electric,Manual,2.5,39867,135598,50,Low
12/31/2011,M3,2011,Africa,Silver,Electric,Manual,2.7,19930,83620,441,Low
12/31/2015,3 Series,2015,Middle East,Black,Diesel,Automatic,2,148845,44094,6495,High
12/31/2021,7 Series,2021,North America,Black,Hybrid,Manual,4.5,190282,126311,2264,Low
12/31/2021,3 Series,2021,Europe,Black,Diesel,Automatic,3.8,183944,74784,10479,High
12/31/2018,i8,2018,North America,Red,Petrol,Automatic,1.8,44919,142818,50,Low
12/31/2019,i8,2019,Africa,Silver,Electric,Manual,2.6,7847,165355,50,Low
12/31/2020,5 Series,2020,Asia,Red,Hybrid,Manual,2,129155,84963,8573,High
12/31/2024,M3,2024,Asia,Blue,Diesel,Automatic,4.9,91756,124474,3216,Low
12/31/2023,X3,2023,Africa,Silver,Diesel,Manual,2.6,99983,87888,5013,High
12/31/2019,7 Series,2019,Europe,Silver,Diesel,Automatic,3.2,143418,102406,1587,Low
12/31/2017,M3,2017,South America,Silver,Hybrid,Manual,2.6,20760,99906,1370,Low
12/31/2013,M3,2013,Europe,Grey,Electric,Manual,3.2,1412,99127,1952,Low
12/31/2022,M5,2022,Africa,Red,Hybrid,Manual,5,23936,169886,828,Low
12/31/2021,M5,2021,Europe,Red,Electric,Manual,2.5,9981,152140,2234,Low
12/31/2011,X5,2011,Europe,Grey,Diesel,Automatic,2.5,24301,68841,5321,High
12/31/2010,M5,2010,Asia,Grey,Petrol,Automatic,2.8,92900,84735,1103,Low
12/31/2016,i8,2016,Europe,Black,Petrol,Automatic,2.1,40941,141248,50,Low
12/31/2019,i3,2019,Africa,White,Diesel,Automatic,4.1,123027,76258,2715,Low
12/31/2012,M3,2012,Asia,Silver,Petrol,Automatic,2.8,178314,50690,2895,Low
12/31/2023,7 Series,2023,Asia,Blue,Diesel,Automatic,3.5,58720,141483,1591,Low
12/31/2015,M3,2015,North America,Blue,Electric,Manual,3.8,165987,82787,2720,Low
12/31/2014,3 Series,2014,South America,Blue,Diesel,Manual,1.6,144806,28449,6048,High
12/31/2014,X1,2014,Europe,Black,Petrol,Automatic,3.8,140460,45407,6184,High
12/31/2021,i8,2021,South America,Black,Hybrid,Manual,3.4,187832,138426,536,Low
12/31/2011,i3,2011,South America,Black,Hybrid,Automatic,1.8,168785,28079,2644,Low
12/31/2023,X6,2023,South America,Black,Petrol,Manual,1.9,79651,107621,3182,Low
12/31/2018,i8,2018,South America,Black,Diesel,Automatic,3,114601,126033,50,Low
12/31/2020,M5,2020,South America,Silver,Hybrid,Automatic,2.7,171863,116402,1724,Low
12/31/2013,7 Series,2013,Asia,Red,Hybrid,Manual,3,96863,99579,948,Low
12/31/2019,i3,2019,Asia,Red,Petrol,Automatic,3.7,167688,65479,5119,High
12/31/2010,M3,2010,Asia,Red,Petrol,Automatic,2,6772,71203,1916,Low
12/31/2011,X5,2011,Africa,Blue,Hybrid,Automatic,3.8,194094,52650,2865,Low
12/31/2018,X1,2018,Africa,Blue,Hybrid,Automatic,4.4,195583,64108,15000,High
12/31/2016,X3,2016,South America,Red,Diesel,Automatic,1.5,129965,47274,5079,High
12/31/2019,X6,2019,Europe,Black,Petrol,Manual,2.8,155884,88893,4229,Low
12/31/2011,3 Series,2011,South America,Grey,Diesel,Automatic,2.5,58358,42568,6156,High
12/31/2016,7 Series,2016,Europe,Red,Hybrid,Automatic,3,82746,120927,719,Low
12/31/2023,X5,2023,North America,Grey,Hybrid,Manual,3.7,76041,126647,7079,High
12/31/2013,M3,2013,South America,Red,Petrol,Manual,2.2,137089,51459,1690,Low
12/31/2019,X5,2019,Europe,Grey,Petrol,Manual,2,110889,83680,6382,High
12/31/2011,5 Series,2011,Africa,Black,Petrol,Manual,4.1,50022,67854,3208,Low
12/31/2021,i8,2021,South America,Grey,Electric,Automatic,3.9,115817,166084,151,Low
12/31/2013,X5,2013,Africa,Grey,Diesel,Manual,3.1,105862,58704,2410,Low
12/31/2014,i3,2014,Africa,Blue,Petrol,Manual,3.3,88448,55100,2661,Low
12/31/2022,i8,2022,Africa,White,Diesel,Manual,2.4,108680,136527,160,Low
12/31/2023,5 Series,2023,Europe,Blue,Hybrid,Automatic,2.7,12457,132123,8267,High
12/31/2013,M3,2013,North America,Red,Electric,Manual,2.6,97486,84047,2274,Low
12/31/2024,X1,2024,Europe,Blue,Petrol,Manual,4,191212,78514,7997,High
12/31/2012,3 Series,2012,Asia,Red,Hybrid,Automatic,3.4,170619,45525,10101,High
12/31/2015,M5,2015,Asia,Red,Hybrid,Automatic,4.1,153400,117645,1178,Low
12/31/2010,7 Series,2010,Asia,Black,Diesel,Manual,3.6,25365,93287,414,Low
12/31/2017,X3,2017,Middle East,Black,Hybrid,Automatic,3.4,181741,68378,6823,High
12/31/2021,X1,2021,Africa,Black,Petrol,Automatic,2.6,11146,92391,4229,Low
12/31/2014,i8,2014,South America,Red,Diesel,Manual,2.9,24306,127928,50,Low
12/31/2017,M3,2017,South America,Blue,Hybrid,Manual,4.6,152699,150633,610,Low
12/31/2019,X3,2019,Asia,Grey,Petrol,Automatic,3.5,13909,99660,8923,High
12/31/2013,7 Series,2013,Europe,Silver,Diesel,Manual,3.3,17597,106036,580,Low
12/31/2013,X3,2013,North America,Blue,Hybrid,Automatic,1.7,82087,56774,8696,High
12/31/2014,i8,2014,South America,Silver,Hybrid,Automatic,3.8,139725,128896,50,Low
12/31/2014,i8,2014,South America,Grey,Diesel,Automatic,3.9,82412,122770,50,Low
12/31/2020,7 Series,2020,Europe,Grey,Electric,Automatic,3.9,166799,131312,1575,Low
12/31/2015,X5,2015,South America,Silver,Petrol,Automatic,1.8,116731,60243,3291,Low
12/31/2014,X3,2014,Middle East,Blue,Hybrid,Manual,2.6,66913,70964,5601,High
12/31/2014,X3,2014,Middle East,Black,Petrol,Automatic,2.8,65143,62740,5178,High
12/31/2022,3 Series,2022,Asia,Red,Electric,Automatic,4.4,96772,107936,11885,High
12/31/2017,5 Series,2017,South America,Blue,Petrol,Manual,4.9,46663,100726,3517,Low
12/31/2015,5 Series,2015,North America,Silver,Petrol,Automatic,3,198465,56492,5930,High
12/31/2011,5 Series,2011,North America,White,Hybrid,Automatic,3.4,90226,69819,5204,High
12/31/2013,7 Series,2013,Asia,Black,Hybrid,Manual,1.5,98408,89334,838,Low
12/31/2013,X6,2013,Asia,Red,Hybrid,Automatic,1.5,110075,29562,5186,High
12/31/2014,X1,2014,Africa,Black,Hybrid,Manual,1.8,53292,51402,3813,Low
12/31/2024,3 Series,2024,Africa,Silver,Diesel,Manual,4,42856,105531,5227,High
12/31/2024,3 Series,2024,South America,Grey,Hybrid,Automatic,2.1,87016,103062,6094,High
12/31/2015,i8,2015,South America,Black,Petrol,Automatic,4.2,192114,110745,50,Low
12/31/2020,X3,2020,Africa,Red,Electric,Automatic,3,114672,95568,5201,High
12/31/2014,i8,2014,Middle East,Silver,Hybrid,Manual,4.5,134511,140651,50,Low
12/31/2023,X1,2023,South America,Red,Petrol,Automatic,4.5,50752,107767,5718,High
12/31/2023,5 Series,2023,Europe,Black,Petrol,Automatic,4.6,145993,103337,6636,High
12/31/2020,X6,2020,South America,Red,Petrol,Automatic,3.4,62853,113854,2347,Low
12/31/2015,X1,2015,Asia,White,Electric,Automatic,4.3,89154,78542,8449,High
12/31/2017,M3,2017,Asia,Silver,Electric,Manual,3.8,43986,118124,2852,Low
12/31/2013,i8,2013,Middle East,Blue,Hybrid,Manual,2.2,4892,148430,50,Low
12/31/2020,M5,2020,Asia,White,Diesel,Manual,2.8,79694,158600,1267,Low
12/31/2012,i8,2012,Middle East,Red,Diesel,Manual,4.9,170491,111403,50,Low
12/31/2018,X3,2018,Middle East,White,Electric,Manual,4.2,3670,112855,6125,High
12/31/2012,i8,2012,Asia,Silver,Electric,Automatic,2.4,161584,116878,50,Low
12/31/2020,X6,2020,North America,Grey,Petrol,Manual,2.5,150023,86215,4725,Low
12/31/2017,M3,2017,North America,Black,Hybrid,Manual,2.4,190808,77629,2821,Low
12/31/2019,7 Series,2019,North America,Red,Hybrid,Manual,2.7,97269,121175,1707,Low
12/31/2021,3 Series,2021,Europe,Red,Diesel,Manual,4.7,114647,90776,8614,High
12/31/2014,X1,2014,North America,Red,Electric,Manual,3,7013,80283,7927,High
12/31/2018,3 Series,2018,Europe,Red,Diesel,Automatic,2.8,152627,57962,10322,High
12/31/2012,i8,2012,North America,Red,Hybrid,Automatic,2.3,140043,119029,50,Low
12/31/2019,M5,2019,South America,Grey,Diesel,Manual,4.6,46720,140381,471,Low
12/31/2019,M3,2019,South America,Black,Diesel,Manual,4.9,151043,89354,1715,Low
12/31/2017,3 Series,2017,Middle East,Silver,Electric,Automatic,2.6,95078,83328,5874,High
12/31/2023,M5,2023,North America,Silver,Hybrid,Automatic,3.7,19643,173595,1850,Low
12/31/2022,X3,2022,Europe,Red,Petrol,Automatic,4.9,160938,98858,8249,High
12/31/2022,X6,2022,Asia,Grey,Petrol,Manual,3.2,69728,123498,4793,Low
12/31/2016,i3,2016,South America,White,Electric,Automatic,3.1,81579,80788,2597,Low
12/31/2021,X5,2021,Europe,Red,Electric,Manual,3.3,64413,124121,6362,High
12/31/2016,3 Series,2016,North America,Silver,Hybrid,Automatic,1.6,64423,67750,8352,High
12/31/2023,M3,2023,Middle East,White,Electric,Automatic,2.6,24844,146420,371,Low
12/31/2020,X1,2020,Asia,Black,Petrol,Manual,3.9,92573,75277,7605,High
12/31/2019,3 Series,2019,Middle East,Silver,Electric,Manual,4.9,189689,90579,7747,High
12/31/2018,X3,2018,North America,Silver,Hybrid,Manual,3.5,57234,96626,7900,High
12/31/2021,X3,2021,Europe,Silver,Hybrid,Automatic,2.2,76563,92082,10374,High
12/31/2017,3 Series,2017,Africa,Grey,Petrol,Manual,3,55461,67647,5555,High
12/31/2012,7 Series,2012,Asia,Black,Hybrid,Automatic,3.2,110782,92567,790,Low
12/31/2023,5 Series,2023,Middle East,Blue,Diesel,Manual,2,65908,103734,5208,High
12/31/2022,X5,2022,South America,Black,Diesel,Automatic,2.7,5237,111813,4148,Low
12/31/2015,i8,2015,Europe,White,Diesel,Manual,3.1,153622,116789,50,Low
12/31/2020,X5,2020,Middle East,Grey,Diesel,Automatic,2.4,63704,95659,3853,Low
12/31/2015,M3,2015,Africa,Red,Petrol,Automatic,2.7,90494,76977,1139,Low
12/31/2014,i3,2014,North America,Blue,Diesel,Automatic,2.5,128138,44253,5292,High
12/31/2012,M5,2012,Europe,Grey,Petrol,Automatic,3.6,10270,119777,589,Low
12/31/2018,7 Series,2018,Africa,White,Hybrid,Manual,3.5,11211,138335,520,Low
12/31/2016,3 Series,2016,Middle East,Red,Hybrid,Automatic,3.4,86568,77251,7205,High
12/31/2013,3 Series,2013,Asia,Blue,Electric,Automatic,1.8,104673,57444,9160,High
12/31/2015,3 Series,2015,Middle East,Black,Electric,Automatic,2.1,88632,68565,6480,High
12/31/2014,X5,2014,Europe,Grey,Hybrid,Manual,1.9,26141,84368,4639,Low
12/31/2010,i3,2010,North America,Grey,Diesel,Automatic,1.7,142443,25000,4996,Low
12/31/2011,X3,2011,Middle East,Grey,Diesel,Automatic,2.4,74959,44050,5961,High
12/31/2010,i8,2010,North America,Red,Diesel,Manual,2.2,140639,93591,50,Low
12/31/2018,X6,2018,Middle East,Black,Diesel,Manual,4,128495,98752,3001,Low
12/31/2018,7 Series,2018,South America,Black,Hybrid,Manual,3.9,11619,132989,759,Low
12/31/2014,M3,2014,North America,Silver,Hybrid,Automatic,2.2,16977,93701,2217,Low
12/31/2017,M5,2017,Africa,Grey,Electric,Manual,2.1,155271,109406,521,Low
12/31/2019,M3,2019,Africa,Grey,Hybrid,Manual,2,121822,88833,2047,Low
12/31/2013,i3,2013,North America,White,Electric,Manual,2.6,136099,52729,4899,Low
12/31/2010,M5,2010,Africa,White,Hybrid,Manual,2.5,100556,88006,50,Low
12/31/2022,3 Series,2022,Asia,Black,Diesel,Automatic,1.6,142242,66965,12005,High
12/31/2022,X3,2022,Middle East,White,Petrol,Automatic,3.5,23928,116743,6281,High
12/31/2013,X5,2013,Africa,Silver,Petrol,Manual,4.6,41114,85810,2107,Low
12/31/2016,7 Series,2016,North America,Blue,Electric,Automatic,3.4,3833,137368,661,Low
12/31/2020,X5,2020,Africa,Black,Petrol,Manual,1.7,39487,90119,2938,Low
12/31/2011,X1,2011,Europe,Grey,Electric,Automatic,3.6,108028,51443,7326,High
12/31/2011,X1,2011,Europe,White,Hybrid,Automatic,3.2,124617,41489,6428,High
12/31/2015,5 Series,2015,North America,White,Hybrid,Automatic,4.7,120484,87777,7332,High
12/31/2018,X6,2018,North America,Grey,Petrol,Manual,2.8,169039,84205,4155,Low
12/31/2012,X6,2012,North America,Red,Electric,Automatic,4.1,191553,76618,4076,Low
12/31/2016,X1,2016,Middle East,Blue,Petrol,Manual,1.6,17450,61887,5401,High
12/31/2019,X5,2019,South America,White,Hybrid,Automatic,4,84536,109651,3677,Low
12/31/2024,3 Series,2024,Africa,Silver,Electric,Automatic,1.6,123113,93403,6742,High
12/31/2023,M5,2023,Asia,Black,Hybrid,Manual,2.7,153006,139201,2780,Low
12/31/2018,i8,2018,North America,White,Diesel,Automatic,4.8,46967,156268,50,Low
12/31/2020,7 Series,2020,Middle East,White,Diesel,Manual,4,198117,108965,1097,Low
12/31/2022,X1,2022,Europe,White,Electric,Automatic,4.7,8595,121184,6979,High
12/31/2018,X5,2018,South America,White,Electric,Manual,3.2,117746,99743,3331,Low
12/31/2020,X5,2020,Africa,Red,Diesel,Automatic,3.6,14530,113215,2710,Low
12/31/2013,X6,2013,Middle East,White,Hybrid,Automatic,3.3,17277,100787,2066,Low
12/31/2011,7 Series,2011,Middle East,Silver,Petrol,Manual,3.2,41528,100392,50,Low
12/31/2024,X3,2024,Asia,Blue,Diesel,Automatic,3.5,182627,89515,11082,High
12/31/2010,X6,2010,Africa,Silver,Electric,Automatic,1.6,151399,51285,1517,Low
12/31/2015,5 Series,2015,Europe,Grey,Hybrid,Automatic,2.1,187520,60961,5859,High
12/31/2014,X5,2014,Asia,Grey,Petrol,Automatic,2.3,186697,53456,6442,High
12/31/2015,X1,2015,Asia,Red,Electric,Manual,2.8,120939,56527,8612,High
12/31/2016,M3,2016,Middle East,Grey,Diesel,Manual,3,132446,72367,2019,Low
12/31/2018,X1,2018,Africa,Blue,Diesel,Automatic,4.1,23507,84970,4216,Low
12/31/2019,M5,2019,North America,Grey,Hybrid,Manual,2.1,62903,138261,2234,Low
12/31/2019,5 Series,2019,South America,Red,Diesel,Manual,3.5,148487,74335,4303,Low
12/31/2020,X1,2020,Africa,White,Hybrid,Automatic,2.5,131887,73395,5441,High
12/31/2015,M3,2015,South America,White,Hybrid,Manual,3.3,55924,94075,1230,Low
12/31/2015,M5,2015,Middle East,Blue,Diesel,Automatic,3.7,33471,122382,350,Low
12/31/2022,X5,2022,Africa,Silver,Petrol,Manual,3.5,52294,115119,3692,Low
12/31/2024,X5,2024,Middle East,Silver,Petrol,Automatic,2.3,43960,121669,3904,Low
12/31/2012,X5,2012,Africa,White,Petrol,Automatic,4,110002,63170,2691,Low
12/31/2022,M5,2022,North America,Blue,Diesel,Manual,3.8,87266,139027,1903,Low
12/31/2017,X3,2017,North America,Red,Electric,Manual,4.8,66026,103004,7765,High
12/31/2018,X6,2018,Middle East,Grey,Hybrid,Manual,3.7,90663,109663,2857,Low
12/31/2010,X5,2010,Europe,Red,Electric,Manual,4,48211,85023,5211,High
12/31/2015,X3,2015,Middle East,Grey,Diesel,Manual,4.3,10942,81124,5044,High
12/31/2016,i8,2016,Asia,Silver,Hybrid,Automatic,1.9,101433,134995,50,Low
12/31/2020,M3,2020,Asia,Silver,Petrol,Manual,3.9,132472,97846,2848,Low
12/31/2017,i8,2017,Middle East,Blue,Diesel,Automatic,2.6,124521,129575,50,Low
12/31/2024,X6,2024,North America,White,Hybrid,Automatic,4.4,59915,148569,4917,Low
12/31/2021,7 Series,2021,Europe,Blue,Petrol,Automatic,3.2,165481,112762,1767,Low
12/31/2019,i8,2019,Asia,White,Petrol,Manual,3.5,5639,159616,50,Low
12/31/2024,X6,2024,North America,Red,Petrol,Automatic,2.4,60332,130749,4379,Low
12/31/2020,X3,2020,Middle East,Black,Diesel,Manual,3.8,176853,72805,5961,High
12/31/2017,3 Series,2017,North America,White,Electric,Automatic,1.6,32979,34789,11318,High
12/31/2016,M3,2016,Middle East,Silver,Hybrid,Manual,4.1,28558,108341,1176,Low
12/31/2017,i3,2017,Asia,Silver,Hybrid,Automatic,2.1,146224,61836,5866,High
12/31/2020,X5,2020,South America,Silver,Petrol,Manual,2.3,87710,92703,3318,Low
12/31/2018,X6,2018,Europe,Grey,Diesel,Automatic,1.5,14557,95324,4002,Low
12/31/2019,X5,2019,Middle East,Grey,Electric,Automatic,2.6,59550,112288,4601,Low
12/31/2016,3 Series,2016,Africa,White,Diesel,Automatic,2.9,57363,63941,5302,High
12/31/2024,i8,2024,Middle East,Silver,Hybrid,Manual,2.3,12929,195664,244,Low
12/31/2024,X3,2024,South America,Red,Diesel,Manual,2.3,192773,69645,6183,High
12/31/2012,3 Series,2012,Middle East,Blue,Hybrid,Manual,4.6,28031,76056,5895,High
12/31/2024,5 Series,2024,Asia,Red,Petrol,Automatic,2.6,29773,125178,7170,High
12/31/2018,X1,2018,North America,Black,Hybrid,Automatic,4,157664,72517,7802,High
12/31/2010,5 Series,2010,Africa,Red,Hybrid,Automatic,2.3,27992,66940,2538,Low
12/31/2023,M3,2023,Europe,Silver,Petrol,Manual,4.3,124005,114423,3539,Low
12/31/2017,i8,2017,Africa,Red,Petrol,Manual,3.9,33828,139233,50,Low
12/31/2015,7 Series,2015,Europe,Blue,Diesel,Automatic,4.1,111835,105664,872,Low
12/31/2020,X5,2020,North America,White,Hybrid,Automatic,3,67386,113607,6160,High
12/31/2012,X6,2012,Asia,Blue,Petrol,Manual,4.6,186817,65916,3583,Low
12/31/2018,X3,2018,Asia,Blue,Petrol,Manual,2.8,89407,76130,8893,High
12/31/2015,X3,2015,Asia,Grey,Petrol,Manual,3.6,112400,61113,9417,High
12/31/2024,X3,2024,Middle East,Silver,Diesel,Manual,3.7,89050,100422,5930,High
12/31/2016,X3,2016,Europe,Blue,Diesel,Manual,4.8,95919,72945,7097,High
12/31/2020,M5,2020,Europe,Red,Electric,Automatic,2,155635,131243,2183,Low
12/31/2011,M5,2011,Middle East,Black,Hybrid,Automatic,2,119283,90603,286,Low
12/31/2010,X6,2010,Europe,Silver,Hybrid,Manual,3.1,157391,62078,3361,Low
12/31/2010,M3,2010,South America,White,Electric,Manual,4.7,78495,86683,597,Low
12/31/2012,3 Series,2012,Asia,Black,Diesel,Automatic,1.6,193809,25000,9476,High
12/31/2020,5 Series,2020,Middle East,Red,Diesel,Automatic,2.5,73743,94288,4814,Low
12/31/2012,7 Series,2012,Africa,White,Electric,Manual,2.5,116467,87280,50,Low
12/31/2017,5 Series,2017,Middle East,White,Electric,Manual,2.6,106372,91939,3969,Low
12/31/2016,5 Series,2016,Europe,Silver,Diesel,Automatic,1.6,9136,81880,6652,High
12/31/2024,7 Series,2024,South America,White,Hybrid,Manual,4.4,68287,159978,1334,Low
12/31/2019,3 Series,2019,North America,Silver,Diesel,Manual,1.5,79405,63897,8604,High
12/31/2017,5 Series,2017,Middle East,Blue,Electric,Manual,3.2,45353,107405,4732,Low
12/31/2010,X6,2010,Europe,Red,Hybrid,Automatic,1.7,37878,71686,6487,High
12/31/2013,5 Series,2013,Africa,White,Hybrid,Manual,4.3,110679,71985,2724,Low
12/31/2017,3 Series,2017,North America,Black,Diesel,Automatic,4.1,139341,67699,8217,High
12/31/2019,X5,2019,South America,Silver,Hybrid,Manual,4,20067,113477,3698,Low
12/31/2011,i8,2011,Africa,Red,Electric,Manual,4.1,82521,124169,50,Low
12/31/2016,5 Series,2016,South America,Silver,Diesel,Automatic,4.8,76825,83654,3601,Low
12/31/2017,X1,2017,South America,Red,Hybrid,Manual,3,22339,78586,5059,High
12/31/2023,X5,2023,Middle East,White,Petrol,Manual,4.5,116825,115927,4404,Low
12/31/2018,i3,2018,Asia,Silver,Electric,Manual,2.1,3423,99123,4786,Low
12/31/2016,X3,2016,Middle East,Red,Petrol,Manual,3.1,129636,62084,5385,High
12/31/2021,M5,2021,Asia,Blue,Diesel,Automatic,1.5,179407,101338,2298,Low
12/31/2018,M3,2018,South America,Black,Hybrid,Automatic,2.5,132775,89910,2371,Low
12/31/2011,7 Series,2011,Middle East,Silver,Electric,Automatic,3.1,33875,116151,50,Low
12/31/2020,M3,2020,Middle East,White,Diesel,Manual,4.7,48816,116592,1908,Low
12/31/2010,M3,2010,South America,Blue,Hybrid,Automatic,2.6,195283,46967,1082,Low
12/31/2010,5 Series,2010,Europe,Red,Petrol,Automatic,3.9,23135,72145,6247,High
12/31/2020,X5,2020,Asia,Black,Hybrid,Automatic,4.4,129151,113116,6557,High
12/31/2021,X5,2021,North America,Silver,Hybrid,Manual,2.6,34159,115782,6785,High
12/31/2013,M3,2013,North America,White,Diesel,Automatic,2.1,118697,58026,2741,Low
12/31/2010,i3,2010,South America,Red,Petrol,Manual,3.6,139837,29530,2535,Low
12/31/2016,X5,2016,Africa,Silver,Petrol,Manual,2.5,165814,58059,3421,Low
12/31/2017,7 Series,2017,Europe,Black,Hybrid,Automatic,3.8,132122,117246,1041,Low
12/31/2012,M5,2012,Middle East,Blue,Petrol,Manual,2,19028,101174,241,Low
12/31/2023,M5,2023,Middle East,Red,Hybrid,Automatic,2,161820,139819,2003,Low
12/31/2010,M3,2010,Asia,White,Diesel,Automatic,3.9,17892,75881,2276,Low
12/31/2012,M3,2012,North America,Silver,Hybrid,Automatic,4.9,36127,101447,1606,Low
12/31/2011,M3,2011,Asia,White,Diesel,Automatic,2.4,61608,60369,2757,Low
12/31/2015,7 Series,2015,Asia,Black,Hybrid,Manual,4,55528,123139,714,Low
12/31/2020,X1,2020,South America,Silver,Petrol,Automatic,3.4,78204,42269,1253,Low
12/31/2016,i3,2016,North America,Grey,Electric,Manual,4.5,187275,67126,4834,Low
12/31/2018,X3,2018,North America,Red,Hybrid,Manual,2.9,22834,100987,8632,High
12/31/2014,M5,2014,Africa,Grey,Petrol,Manual,4.9,182551,92875,299,Low
12/31/2013,5 Series,2013,Africa,Black,Diesel,Manual,1.8,157465,36648,3529,Low
12/31/2010,M3,2010,Asia,Blue,Diesel,Automatic,4.9,157364,56633,2662,Low
12/31/2020,M5,2020,Middle East,Red,Diesel,Automatic,4.5,80414,200000,50,Low
12/31/2023,i3,2023,Middle East,Red,Electric,Automatic,4.5,5638,131981,3949,Low
12/31/2015,X1,2015,Middle East,Red,Diesel,Manual,4.4,88812,60843,5740,High
12/31/2020,M3,2020,Europe,Silver,Hybrid,Automatic,4.5,42592,134645,2537,Low
12/31/2017,X6,2017,Asia,Red,Electric,Automatic,4.4,112016,114754,4439,Low
12/31/2013,i3,2013,Middle East,Black,Petrol,Manual,4.6,442,76213,2607,Low
12/31/2010,X5,2010,Middle East,Blue,Petrol,Automatic,3.1,153895,47330,3077,Low
12/31/2023,i8,2023,South America,Blue,Electric,Automatic,4.8,87953,194827,50,Low
12/31/2023,i3,2023,Africa,Black,Petrol,Manual,2.8,175156,70395,3020,Low
12/31/2014,M5,2014,North America,Black,Petrol,Automatic,4,78656,118483,915,Low
12/31/2019,i3,2019,Europe,Red,Diesel,Manual,4,16979,91915,4613,Low
12/31/2014,M5,2014,Europe,Silver,Electric,Manual,4.4,131796,118971,1032,Low
12/31/2011,X3,2011,North America,Red,Hybrid,Manual,4.1,168174,47209,7727,High
12/31/2015,M5,2015,North America,Blue,Electric,Automatic,1.6,35436,122287,971,Low
12/31/2019,X1,2019,North America,Black,Petrol,Automatic,4.1,26537,88141,6972,High
12/31/2018,M5,2018,South America,Grey,Electric,Automatic,1.6,138621,113695,1219,Low
12/31/2023,X6,2023,South America,Black,Electric,Manual,3.4,85285,133009,3492,Low
12/31/2015,i8,2015,Middle East,Grey,Diesel,Manual,4.4,137591,130073,50,Low
12/31/2017,M3,2017,South America,Red,Hybrid,Automatic,4.4,81151,108429,1100,Low
12/31/2019,X1,2019,Middle East,Silver,Diesel,Automatic,4.4,21013,97284,5203,High
12/31/2012,X3,2012,Middle East,Silver,Petrol,Manual,3.6,91387,57184,5322,High
12/31/2019,X6,2019,Africa,White,Petrol,Manual,2.1,59836,99014,2429,Low
12/31/2011,M5,2011,South America,Blue,Electric,Manual,3.3,181976,81275,240,Low
12/31/2013,5 Series,2013,Asia,White,Hybrid,Automatic,3.3,126750,66882,7232,High
12/31/2021,5 Series,2021,North America,Blue,Electric,Automatic,2.6,194146,94052,7573,High
12/31/2018,i8,2018,Middle East,Black,Petrol,Automatic,3,153145,133141,50,Low
12/31/2018,i8,2018,Asia,Silver,Hybrid,Manual,4.6,171596,144393,472,Low
12/31/2012,X5,2012,Asia,Grey,Hybrid,Automatic,3.3,124904,71338,5999,High
12/31/2021,X1,2021,Europe,Grey,Diesel,Automatic,4,21815,98716,8319,High
12/31/2022,X6,2022,South America,White,Diesel,Manual,3.2,32118,114652,2382,Low
12/31/2010,M3,2010,North America,Black,Electric,Manual,3.7,77550,83842,5248,High
12/31/2010,M5,2010,Asia,Silver,Diesel,Manual,1.8,74488,81944,1037,Low
12/31/2013,i8,2013,Asia,Red,Hybrid,Automatic,4.8,145550,134112,50,Low
12/31/2013,X1,2013,North America,Silver,Hybrid,Manual,3,65325,60190,6979,High
12/31/2020,5 Series,2020,Middle East,Blue,Diesel,Automatic,4.1,60018,110574,4813,Low
12/31/2021,M3,2021,North America,Red,Electric,Manual,3.8,195192,109135,3846,Low
12/31/2024,i3,2024,South America,Silver,Electric,Manual,4.3,110560,109604,3427,Low
12/31/2019,7 Series,2019,North America,Black,Petrol,Automatic,1.6,159546,101057,1669,Low
12/31/2015,3 Series,2015,North America,Silver,Petrol,Automatic,4.8,54464,83378,8649,High
12/31/2014,i8,2014,South America,Silver,Diesel,Manual,4.4,96178,119523,50,Low
12/31/2015,5 Series,2015,North America,Blue,Hybrid,Automatic,4.4,168844,81237,6761,High
12/31/2019,3 Series,2019,Europe,White,Electric,Automatic,3.1,182935,72114,10873,High
12/31/2016,i8,2016,North America,Grey,Diesel,Manual,4.3,94965,135232,50,Low
12/31/2016,X3,2016,South America,Blue,Diesel,Automatic,3.5,129125,63853,4987,Low
12/31/2019,7 Series,2019,Africa,Black,Petrol,Automatic,3.3,103004,114785,462,Low
12/31/2023,X3,2023,Asia,Grey,Hybrid,Automatic,4.2,153264,110081,8916,High
12/31/2019,M3,2019,South America,White,Hybrid,Manual,3.7,199455,91511,2035,Low
12/31/2018,X3,2018,South America,Silver,Hybrid,Automatic,1.8,115307,71096,5581,High
12/31/2024,7 Series,2024,Asia,Black,Diesel,Manual,2.6,26852,148392,1967,Low
12/31/2015,5 Series,2015,Europe,Black,Diesel,Automatic,3.7,106767,68508,7260,High
12/31/2017,3 Series,2017,Europe,Grey,Hybrid,Manual,4.7,9770,99280,9374,High
12/31/2011,X6,2011,Europe,Black,Petrol,Manual,4.8,47462,84291,2763,Low
12/31/2017,7 Series,2017,Middle East,Red,Diesel,Automatic,4.4,30061,135842,212,Low
12/31/2018,X1,2018,North America,Blue,Electric,Manual,2.4,95831,71310,7669,High
12/31/2013,X3,2013,Africa,Grey,Electric,Manual,3.2,196455,46555,4116,Low
12/31/2024,X1,2024,Asia,Grey,Diesel,Manual,3,38653,95752,8305,High
12/31/2014,i3,2014,Asia,Red,Diesel,Manual,3,171540,35828,5110,High
12/31/2014,X6,2014,North America,Blue,Hybrid,Automatic,1.7,87099,86614,3150,Low
12/31/2011,7 Series,2011,South America,Red,Diesel,Manual,2.1,149108,56354,307,Low
12/31/2014,X5,2014,Africa,Red,Diesel,Automatic,2,153955,47750,3234,Low
12/31/2018,X6,2018,Europe,Grey,Hybrid,Automatic,3.7,116983,108741,4497,Low
12/31/2013,M3,2013,North America,Red,Hybrid,Manual,2.9,194149,58457,2859,Low
12/31/2019,X1,2019,South America,White,Petrol,Automatic,2.6,9905,83719,5082,High
12/31/2012,X1,2012,Middle East,Blue,Petrol,Automatic,3.1,131487,37915,5171,High
12/31/2023,X3,2023,Asia,Silver,Hybrid,Automatic,2.6,124082,101888,11083,High
12/31/2016,5 Series,2016,North America,Black,Electric,Manual,4.2,140005,93195,6002,High
12/31/2017,X3,2017,Africa,White,Hybrid,Automatic,2.1,145583,64745,4511,Low
12/31/2022,X5,2022,Asia,Black,Electric,Manual,1.7,56633,120861,7321,High
12/31/2022,X6,2022,Asia,Red,Diesel,Automatic,3.8,170158,103633,5154,High
12/31/2019,X1,2019,North America,Red,Hybrid,Manual,2.3,43582,86261,7309,High
12/31/2015,3 Series,2015,Europe,Red,Electric,Manual,3.8,161554,61549,8010,High
12/31/2015,i3,2015,South America,White,Hybrid,Manual,1.7,192846,36008,3200,Low
12/31/2022,X5,2022,Europe,Silver,Diesel,Automatic,2.4,97488,98036,6514,High
12/31/2014,M3,2014,South America,Blue,Diesel,Automatic,2,84577,65438,1403,Low
12/31/2020,M3,2020,Europe,White,Diesel,Manual,2.5,30658,105806,3080,Low
12/31/2015,5 Series,2015,South America,White,Diesel,Automatic,2.7,84816,70014,4444,Low
12/31/2018,7 Series,2018,Middle East,Black,Diesel,Automatic,3.2,43127,125838,508,Low
12/31/2024,X6,2024,South America,Blue,Petrol,Manual,3.3,181734,102732,3613,Low
12/31/2011,7 Series,2011,South America,Red,Electric,Manual,3.7,34869,111081,50,Low
12/31/2019,X3,2019,South America,Black,Petrol,Manual,2.7,110429,68479,6382,High
12/31/2020,X3,2020,North America,Silver,Petrol,Automatic,3.4,123110,82505,9806,High
12/31/2024,7 Series,2024,Asia,Black,Electric,Automatic,5,79223,177617,1953,Low
12/31/2012,7 Series,2012,Africa,Red,Petrol,Manual,2.2,128086,70856,139,Low
12/31/2010,3 Series,2010,North America,Black,Diesel,Automatic,2,186906,25000,8976,High
12/31/2013,i3,2013,North America,Blue,Electric,Automatic,4.4,24266,89062,3975,Low
12/31/2011,X5,2011,Europe,Black,Hybrid,Manual,2.9,24107,75859,5425,High
12/31/2015,3 Series,2015,Africa,Silver,Petrol,Manual,4.5,9238,79741,4736,Low
12/31/2024,i8,2024,Middle East,Silver,Electric,Manual,3,195033,169709,548,Low
12/31/2022,X5,2022,Middle East,Blue,Petrol,Manual,1.6,4393,116926,4749,Low
12/31/2024,7 Series,2024,Middle East,White,Petrol,Automatic,2.8,73442,138738,1289,Low
12/31/2010,5 Series,2010,Europe,Silver,Hybrid,Automatic,3.6,66549,70971,5183,High
12/31/2017,X1,2017,South America,Blue,Hybrid,Manual,3.1,149418,58590,4526,Low
12/31/2019,X5,2019,Asia,White,Electric,Manual,3.1,139109,98284,7170,High
12/31/2015,X6,2015,Middle East,Blue,Electric,Automatic,5,20179,130544,1891,Low
12/31/2018,7 Series,2018,North America,White,Petrol,Manual,3.4,53471,120305,1205,Low
12/31/2021,3 Series,2021,Middle East,Red,Diesel,Automatic,3.9,19737,99749,5792,High
12/31/2015,i8,2015,Middle East,Red,Petrol,Automatic,4,36865,150295,50,Low
12/31/2019,X1,2019,Asia,Black,Diesel,Automatic,1.5,196994,41352,9508,High
12/31/2016,X6,2016,Middle East,Silver,Hybrid,Automatic,3.4,13414,117252,2283,Low
12/31/2014,X1,2014,Europe,Red,Electric,Automatic,4.9,85914,75366,6620,High
12/31/2023,M5,2023,Asia,Silver,Petrol,Automatic,4.1,187639,130719,2137,Low
12/31/2017,X3,2017,Europe,Blue,Diesel,Automatic,2.7,60173,38899,8409,High
12/31/2017,i3,2017,Africa,Red,Hybrid,Manual,2.8,157160,61372,3169,Low
12/31/2019,i3,2019,Europe,Black,Diesel,Automatic,2.6,150901,59079,5852,High
12/31/2018,7 Series,2018,Asia,Red,Electric,Manual,3.7,170443,113844,2141,Low
12/31/2021,X3,2021,Europe,Silver,Diesel,Manual,1.8,187509,56214,7991,High
12/31/2015,3 Series,2015,Middle East,Red,Hybrid,Manual,2.5,185383,48915,7475,High
12/31/2010,X6,2010,South America,Red,Hybrid,Automatic,3.2,193354,54429,1560,Low
12/31/2018,X6,2018,Asia,White,Petrol,Automatic,3.4,180273,86140,4866,Low
12/31/2012,i3,2012,North America,Red,Diesel,Manual,3.6,5825,65189,4310,Low
12/31/2018,7 Series,2018,South America,Grey,Diesel,Manual,4.3,24253,132745,269,Low
12/31/2016,3 Series,2016,South America,White,Hybrid,Automatic,2.1,6153,82713,5844,High
12/31/2023,M5,2023,Middle East,Blue,Petrol,Manual,2.3,42860,142703,1091,Low
12/31/2021,i3,2021,Europe,Grey,Petrol,Automatic,4.6,141225,90562,5000,High
12/31/2022,X3,2022,Africa,Silver,Diesel,Manual,4.4,87612,91879,5516,High
12/31/2012,M3,2012,Europe,Blue,Electric,Manual,4.4,95381,91278,1681,Low
12/31/2018,X6,2018,Europe,Blue,Diesel,Manual,2.2,92050,84165,3787,Low
12/31/2023,3 Series,2023,Africa,Red,Electric,Automatic,1.7,120137,95533,5831,High
12/31/2016,X1,2016,Africa,White,Hybrid,Automatic,3.3,150062,57014,4445,Low
12/31/2016,X5,2016,Asia,Red,Petrol,Manual,4.5,14554,100981,5710,High
12/31/2016,M5,2016,Africa,Black,Diesel,Manual,2.3,91893,99864,556,Low
12/31/2011,X6,2011,North America,White,Hybrid,Automatic,4.7,146313,79643,3421,Low
12/31/2020,5 Series,2020,Europe,Grey,Diesel,Automatic,2,123692,81254,6764,High
12/31/2013,X3,2013,Africa,Blue,Hybrid,Automatic,2.5,120891,55483,3774,Low
12/31/2019,M5,2019,Africa,Red,Petrol,Manual,2.5,12878,124876,572,Low
12/31/2017,i3,2017,South America,Black,Electric,Automatic,2,140842,65018,3019,Low
12/31/2021,7 Series,2021,South America,White,Petrol,Automatic,4.6,132363,122793,831,Low
12/31/2011,3 Series,2011,North America,Silver,Electric,Automatic,2.9,103379,55378,10149,High
12/31/2022,M5,2022,Middle East,White,Petrol,Manual,2.2,75903,130094,1424,Low
12/31/2013,5 Series,2013,North America,Red,Diesel,Automatic,2,167293,25000,15000,High
12/31/2019,7 Series,2019,North America,Blue,Diesel,Automatic,3,113359,119144,1537,Low
12/31/2017,5 Series,2017,South America,Black,Diesel,Automatic,1.6,194350,48482,4561,Low
12/31/2024,X3,2024,Africa,Silver,Petrol,Manual,1.9,68819,89144,5389,High
12/31/2021,M5,2021,Europe,White,Petrol,Manual,1.5,1713,136367,1858,Low
12/31/2012,M3,2012,Asia,Grey,Hybrid,Automatic,1.6,31898,77606,2511,Low
12/31/2021,7 Series,2021,Middle East,Silver,Electric,Automatic,5,139541,149895,1041,Low
12/31/2015,i3,2015,Asia,Black,Electric,Manual,3.1,9946,85038,4715,Low
12/31/2021,3 Series,2021,North America,Blue,Hybrid,Manual,4.1,26508,108579,10454,High
12/31/2011,7 Series,2011,Middle East,Red,Hybrid,Automatic,4.1,74426,104084,50,Low
12/31/2017,M5,2017,Europe,Black,Electric,Automatic,4.6,167137,133494,1193,Low
12/31/2017,X1,2017,Africa,Grey,Petrol,Manual,1.9,175765,34888,5105,High
12/31/2021,i8,2021,Europe,Silver,Hybrid,Automatic,3.3,75202,165697,523,Low
12/31/2022,X3,2022,Asia,Blue,Hybrid,Automatic,2.6,11974,112466,10000,High
12/31/2010,M3,2010,North America,White,Hybrid,Automatic,3.4,17904,83095,1943,Low
12/31/2012,X5,2012,Africa,Red,Electric,Manual,2.7,169230,54266,2727,Low
12/31/2023,X1,2023,Europe,White,Hybrid,Manual,2.1,66630,93296,7919,High
12/31/2024,M5,2024,North America,Silver,Petrol,Manual,3.9,180354,141637,2235,Low
12/31/2011,i8,2011,Europe,Red,Diesel,Manual,1.6,95388,95245,50,Low
12/31/2016,i3,2016,Middle East,Red,Hybrid,Automatic,4.6,137605,80653,2669,Low
12/31/2016,i3,2016,South America,Silver,Diesel,Automatic,2,112560,50723,3359,Low
12/31/2013,3 Series,2013,North America,Grey,Electric,Automatic,3.7,184410,56915,8846,High
12/31/2021,i8,2021,Asia,Blue,Diesel,Manual,4.1,45504,165024,117,Low
12/31/2021,M3,2021,North America,White,Petrol,Manual,1.8,82613,97728,3224,Low
12/31/2017,X5,2017,Europe,White,Diesel,Automatic,4.7,195591,74096,6484,High
12/31/2012,X6,2012,Middle East,Grey,Hybrid,Automatic,2.7,115822,33799,2892,Low
12/31/2023,M3,2023,Asia,Silver,Hybrid,Manual,5,75352,132676,3556,Low
12/31/2018,M5,2018,South America,Blue,Diesel,Manual,1.7,23306,119889,646,Low
12/31/2014,i8,2014,Africa,Red,Hybrid,Manual,4,142408,122131,50,Low
12/31/2023,X5,2023,South America,Blue,Diesel,Automatic,2.1,129306,92173,3642,Low
12/31/2022,X3,2022,North America,Blue,Hybrid,Automatic,2.9,162826,88096,8526,High
12/31/2024,i3,2024,Africa,White,Diesel,Manual,3.1,137206,86381,3466,Low
12/31/2023,X1,2023,North America,Red,Petrol,Manual,2.9,117561,81852,9016,High
12/31/2011,i3,2011,Middle East,White,Petrol,Manual,2.7,86434,39761,3274,Low
12/31/2018,X1,2018,North America,Blue,Electric,Automatic,4.2,34347,97126,7086,High
12/31/2010,3 Series,2010,North America,Black,Diesel,Automatic,4.4,190806,29109,9560,High
12/31/2020,X6,2020,Europe,Black,Petrol,Manual,2.7,44948,113573,4027,Low
12/31/2017,3 Series,2017,Europe,Silver,Electric,Manual,3.2,27260,94097,7990,High
12/31/2015,5 Series,2015,North America,Silver,Diesel,Automatic,3,199579,53580,6408,High
12/31/2021,7 Series,2021,Middle East,Grey,Hybrid,Manual,3.6,56158,145999,1007,Low
12/31/2010,3 Series,2010,South America,Black,Diesel,Automatic,2,183458,25000,5120,High
12/31/2023,X5,2023,South America,Blue,Hybrid,Automatic,4.3,141298,119291,4307,Low
12/31/2013,7 Series,2013,Africa,Blue,Petrol,Manual,4.3,140887,83249,115,Low
12/31/2012,7 Series,2012,North America,Black,Electric,Manual,3.6,144883,94556,755,Low
12/31/2016,i8,2016,Europe,Blue,Hybrid,Automatic,4.1,168405,137610,50,Low
12/31/2016,i3,2016,Europe,White,Electric,Automatic,5,167119,78860,5022,High
12/31/2015,5 Series,2015,Europe,Black,Electric,Manual,4.7,101988,131572,5909,High
12/31/2023,i8,2023,Africa,Blue,Electric,Manual,3.6,74629,173980,227,Low
12/31/2019,M3,2019,Europe,Blue,Electric,Automatic,3.3,81419,118433,2817,Low
12/31/2023,5 Series,2023,Asia,Grey,Electric,Manual,3.4,60145,132416,8805,High
12/31/2019,5 Series,2019,Asia,Black,Hybrid,Automatic,3.1,47631,109697,7721,High
12/31/2021,7 Series,2021,Africa,White,Electric,Manual,3.2,93042,136627,1099,Low
12/31/2017,7 Series,2017,South America,White,Hybrid,Manual,4.1,38241,126767,225,Low
12/31/2016,i3,2016,Africa,White,Electric,Manual,5,65214,88706,2535,Low
12/31/2013,5 Series,2013,South America,White,Electric,Manual,1.7,38500,75845,3146,Low
12/31/2016,3 Series,2016,South America,Silver,Petrol,Manual,2.3,173753,40188,5241,High
12/31/2024,X3,2024,Europe,Red,Hybrid,Automatic,2.2,176602,92393,8682,High
12/31/2010,M5,2010,South America,Red,Diesel,Automatic,4.4,102276,86033,50,Low
12/31/2012,3 Series,2012,Asia,White,Electric,Automatic,3,117330,56371,10129,High
12/31/2011,7 Series,2011,South America,White,Electric,Manual,3.3,157834,82712,50,Low
12/31/2016,X5,2016,Middle East,Black,Electric,Automatic,3.1,189556,84530,3689,Low
12/31/2018,X5,2018,Middle East,Grey,Petrol,Automatic,4.5,14244,114934,3985,Low
12/31/2014,X3,2014,Middle East,Silver,Petrol,Automatic,3.2,24254,75457,6008,High
12/31/2018,M5,2018,North America,Blue,Diesel,Manual,3.8,100586,126972,1328,Low
12/31/2021,3 Series,2021,Asia,Blue,Petrol,Automatic,1.6,12234,94712,9092,High
12/31/2022,3 Series,2022,Africa,White,Diesel,Automatic,3.8,151860,76513,5411,High
12/31/2017,7 Series,2017,Middle East,Red,Electric,Manual,2.3,51087,129820,275,Low
12/31/2010,M3,2010,Africa,Grey,Diesel,Automatic,4.5,106762,63123,573,Low
12/31/2023,i3,2023,South America,Black,Electric,Automatic,4.1,171840,103594,4066,Low
12/31/2020,i8,2020,South America,Black,Hybrid,Automatic,1.9,104016,150975,235,Low
12/31/2011,X6,2011,Europe,White,Petrol,Manual,1.9,171887,44812,4184,Low
12/31/2015,7 Series,2015,Asia,Grey,Petrol,Automatic,2.5,39984,113142,1018,Low
12/31/2014,7 Series,2014,North America,Silver,Electric,Manual,1.9,145560,96012,949,Low
12/31/2024,X3,2024,North America,Silver,Electric,Manual,4.1,106550,120424,10367,High
12/31/2020,X1,2020,North America,Red,Diesel,Automatic,5,30062,100291,6848,High
12/31/2016,X1,2016,Europe,Silver,Diesel,Automatic,3.8,180594,44469,6905,High
12/31/2018,M5,2018,Africa,Grey,Diesel,Automatic,2.4,52330,113866,534,Low
12/31/2023,X3,2023,Asia,Blue,Petrol,Automatic,3.5,111257,93876,9783,High
12/31/2013,X5,2013,Asia,Silver,Petrol,Manual,4.3,180897,59432,5063,High
12/31/2017,5 Series,2017,Middle East,White,Electric,Automatic,4.9,127105,104488,4346,Low
12/31/2013,X6,2013,Europe,Red,Hybrid,Manual,1.5,90895,75008,3964,Low
12/31/2012,3 Series,2012,Asia,Silver,Electric,Manual,3.3,190494,45188,10526,High
12/31/2021,X1,2021,Asia,Silver,Electric,Automatic,3.1,114453,86929,9934,High
12/31/2011,3 Series,2011,Africa,Silver,Petrol,Manual,3,196693,25000,5221,High
12/31/2017,X3,2017,South America,Silver,Diesel,Manual,3.3,135365,60148,5556,High
12/31/2024,i8,2024,Africa,Silver,Petrol,Manual,2.9,140929,147650,281,Low
12/31/2020,3 Series,2020,South America,Black,Electric,Automatic,2.7,164678,80465,7309,High
12/31/2017,X3,2017,North America,Blue,Petrol,Automatic,1.9,197514,47895,10285,High
12/31/2020,i8,2020,Europe,White,Electric,Automatic,3.2,56713,165112,403,Low
12/31/2021,3 Series,2021,North America,Silver,Electric,Manual,4.4,15887,117059,10628,High
12/31/2012,M3,2012,Europe,Black,Electric,Manual,1.9,53888,77845,1849,Low
12/31/2010,i8,2010,Asia,Grey,Petrol,Automatic,4.1,195874,100262,50,Low
12/31/2022,M3,2022,North America,Silver,Petrol,Manual,2.4,193125,87390,3918,Low
12/31/2015,i3,2015,Africa,Blue,Electric,Automatic,2.8,12454,83693,2077,Low
12/31/2014,M5,2014,Africa,White,Diesel,Manual,5,187977,93035,285,Low
12/31/2017,X1,2017,Europe,White,Diesel,Automatic,3.9,1210,82053,6472,High
12/31/2024,X6,2024,Africa,Blue,Petrol,Manual,4,101090,122835,2217,Low
12/31/2015,3 Series,2015,Asia,Blue,Petrol,Manual,3.6,49996,71526,9997,High
12/31/2013,M5,2013,Africa,Silver,Diesel,Manual,2.6,7671,102151,50,Low
12/31/2019,7 Series,2019,Middle East,Red,Hybrid,Automatic,3.9,9596,158941,643,Low
12/31/2019,M5,2019,North America,White,Petrol,Manual,3.1,40997,135808,1470,Low
12/31/2021,M3,2021,Asia,Grey,Hybrid,Automatic,4.4,168045,107470,3244,Low
12/31/2024,X1,2024,North America,Silver,Petrol,Manual,3.5,162913,78268,7930,High
12/31/2021,3 Series,2021,Africa,White,Hybrid,Manual,4.2,155032,82749,6033,High
12/31/2020,i8,2020,Middle East,Silver,Petrol,Manual,4.5,198102,138996,50,Low
12/31/2011,i8,2011,Asia,Silver,Diesel,Manual,4.4,86855,121173,50,Low
12/31/2017,7 Series,2017,Middle East,White,Petrol,Automatic,2.9,136939,101676,716,Low
12/31/2014,7 Series,2014,North America,Silver,Diesel,Manual,2.8,161585,80571,1301,Low
12/31/2021,7 Series,2021,Africa,Red,Petrol,Manual,4.5,152579,121470,74,Low
12/31/2024,M5,2024,Europe,White,Diesel,Manual,2,84439,135174,1867,Low
12/31/2017,X3,2017,Middle East,Black,Diesel,Manual,2.5,128059,61080,6545,High
12/31/2024,X3,2024,Africa,White,Petrol,Manual,1.9,96268,85032,5449,High
12/31/2014,7 Series,2014,Africa,Red,Diesel,Manual,1.6,158716,64232,494,Low
12/31/2015,M3,2015,Asia,Blue,Diesel,Manual,3.7,126878,76153,2673,Low
12/31/2022,i3,2022,Africa,White,Diesel,Manual,4.7,122365,84226,3132,Low
12/31/2024,X6,2024,Middle East,Blue,Electric,Automatic,2,33599,139147,3630,Low
12/31/2019,7 Series,2019,North America,Blue,Hybrid,Automatic,4.3,20877,153334,1479,Low
12/31/2023,X6,2023,South America,Blue,Hybrid,Manual,2.8,128595,110639,3755,Low
12/31/2014,X1,2014,Asia,Black,Diesel,Automatic,3.7,63861,58001,8799,High
12/31/2020,7 Series,2020,Middle East,Blue,Hybrid,Automatic,4.2,146916,136554,1056,Low
12/31/2012,i3,2012,Africa,Grey,Electric,Manual,4,18773,77286,1702,Low
12/31/2019,i3,2019,North America,Blue,Petrol,Manual,2,15819,79433,4807,Low
12/31/2017,5 Series,2017,North America,Silver,Electric,Manual,1.9,104258,85042,6875,High
12/31/2012,i8,2012,Europe,Grey,Electric,Manual,4.7,21215,158095,50,Low
12/31/2013,7 Series,2013,Africa,Blue,Electric,Manual,1.8,96132,87396,50,Low
12/31/2015,5 Series,2015,Asia,Silver,Diesel,Automatic,2.3,172383,51653,7823,High
12/31/2011,X1,2011,Europe,Black,Diesel,Manual,3,97099,31471,7452,High
12/31/2023,i8,2023,Europe,Black,Petrol,Automatic,4.4,196315,146445,530,Low
12/31/2016,i8,2016,Europe,Red,Hybrid,Automatic,3.6,189914,133394,50,Low
12/31/2014,5 Series,2014,Asia,Silver,Hybrid,Automatic,3.5,37462,93711,7231,High
12/31/2021,5 Series,2021,Asia,Black,Electric,Manual,3.9,180163,99382,7216,High
12/31/2019,M5,2019,South America,Blue,Hybrid,Automatic,4.3,163173,126390,1270,Low
12/31/2022,5 Series,2022,Asia,Blue,Petrol,Automatic,2.3,9004,116151,7815,High
12/31/2014,M5,2014,Middle East,Grey,Electric,Automatic,1.6,94216,66309,937,Low
12/31/2014,5 Series,2014,Europe,White,Diesel,Automatic,1.9,32604,69421,5780,High
12/31/2022,X3,2022,South America,White,Diesel,Automatic,2.1,197200,65876,5748,High
12/31/2022,X3,2022,Africa,Silver,Petrol,Automatic,1.6,23122,89068,5729,High
12/31/2011,5 Series,2011,Europe,Grey,Diesel,Automatic,4.1,159553,47330,5794,High
12/31/2020,X6,2020,North America,Red,Petrol,Automatic,4.6,88117,123558,3551,Low
12/31/2022,X3,2022,North America,Silver,Diesel,Manual,4,83854,94114,9086,High
12/31/2024,X6,2024,Middle East,Grey,Petrol,Manual,2.2,173288,103202,3162,Low
12/31/2024,X5,2024,Middle East,Black,Petrol,Automatic,3.6,22913,134599,3721,Low
12/31/2021,3 Series,2021,Middle East,Red,Petrol,Automatic,3.3,46925,97594,5951,High
12/31/2019,M5,2019,North America,White,Electric,Manual,4.4,38751,155828,1812,Low
12/31/2018,M5,2018,Asia,Black,Hybrid,Automatic,4.8,22374,160888,1445,Low
12/31/2012,5 Series,2012,South America,Black,Petrol,Manual,4.1,24880,74377,3656,Low
12/31/2021,M3,2021,Africa,Black,Diesel,Manual,3.3,71769,102072,1718,Low
12/31/2016,i8,2016,Middle East,Silver,Diesel,Automatic,3.3,182765,121079,50,Low
12/31/2014,5 Series,2014,Asia,Black,Electric,Automatic,4.3,158347,84179,6900,High
12/31/2019,X1,2019,Europe,White,Diesel,Automatic,1.9,32547,68235,7260,High
12/31/2019,7 Series,2019,North America,Black,Electric,Manual,2,150475,116425,2188,Low
12/31/2014,i3,2014,South America,Grey,Petrol,Automatic,2.7,51542,60265,2371,Low
12/31/2024,3 Series,2024,Asia,White,Electric,Manual,4.1,102284,111292,10070,High
12/31/2013,X3,2013,South America,Red,Petrol,Automatic,1.7,195193,26798,5155,High
12/31/2019,X5,2019,Europe,Black,Hybrid,Manual,2.7,187044,77860,6728,High
12/31/2015,i3,2015,South America,Silver,Diesel,Manual,2.6,22567,60985,2454,Low
12/31/2016,X3,2016,Europe,Blue,Petrol,Manual,3.2,162011,52399,8709,High
12/31/2016,X5,2016,Europe,Blue,Diesel,Manual,3.1,98081,73199,5328,High
12/31/2020,5 Series,2020,Asia,Blue,Hybrid,Manual,4,80181,109951,7854,High
12/31/2021,X1,2021,Africa,Black,Electric,Automatic,3.7,34664,101523,4928,Low
12/31/2024,X5,2024,Africa,Red,Petrol,Manual,4.7,5586,132280,3687,Low
12/31/2017,5 Series,2017,North America,White,Petrol,Manual,2.1,49781,77735,6990,High
12/31/2014,X3,2014,Africa,Black,Petrol,Automatic,3,104685,56760,4807,Low
12/31/2016,3 Series,2016,Africa,Red,Diesel,Automatic,2.9,4312,74737,4758,Low
12/31/2021,M3,2021,Asia,Blue,Diesel,Manual,1.9,10722,110835,2828,Low
12/31/2023,3 Series,2023,Europe,Grey,Hybrid,Automatic,2.1,81919,99358,9809,High
12/31/2024,X5,2024,Africa,White,Diesel,Manual,2.7,170708,88298,4425,Low
12/31/2013,M5,2013,North America,Blue,Petrol,Automatic,4.1,73669,111283,885,Low
12/31/2024,M3,2024,South America,Silver,Electric,Manual,2,53360,129229,2444,Low
12/31/2018,M5,2018,Asia,White,Diesel,Automatic,2.4,129807,103914,2037,Low
12/31/2014,X1,2014,Africa,Red,Petrol,Manual,3.9,28594,61008,3218,Low
12/31/2012,X3,2012,South America,Black,Petrol,Manual,3.6,190607,33633,5761,High
12/31/2014,i3,2014,Asia,Black,Petrol,Manual,1.9,161373,32382,5733,High
12/31/2018,i8,2018,Africa,Grey,Hybrid,Automatic,4.8,195326,135013,81,Low
12/31/2022,5 Series,2022,South America,Grey,Electric,Manual,2,107209,96907,4713,Low
12/31/2022,5 Series,2022,South America,Grey,Petrol,Manual,1.7,188535,67797,5513,High
12/31/2020,5 Series,2020,Africa,Silver,Electric,Automatic,2.6,54416,107137,4359,Low
12/31/2017,X5,2017,Asia,White,Electric,Automatic,1.6,177071,72641,6147,High
12/31/2010,M5,2010,Middle East,Blue,Hybrid,Automatic,1.6,94103,87098,178,Low
12/31/2014,X6,2014,South America,Blue,Petrol,Manual,3.5,102419,75827,2380,Low
12/31/2015,7 Series,2015,Middle East,Grey,Diesel,Automatic,4.6,80950,115790,203,Low
12/31/2024,X3,2024,North America,Silver,Hybrid,Manual,2.9,37401,113532,9872,High
12/31/2022,X1,2022,North America,White,Hybrid,Automatic,2.6,196636,75807,8154,High
12/31/2019,M3,2019,South America,Grey,Diesel,Manual,4.7,8823,115872,1668,Low
12/31/2022,X3,2022,North America,Grey,Electric,Manual,1.7,24559,114251,10408,High
12/31/2020,7 Series,2020,Middle East,White,Hybrid,Automatic,3.2,7701,148056,906,Low
12/31/2011,X6,2011,South America,Black,Diesel,Automatic,2.4,176531,44307,2023,Low
12/31/2023,X5,2023,Africa,White,Electric,Manual,2.8,90223,116955,3564,Low
12/31/2024,X5,2024,North America,Grey,Electric,Automatic,2.9,185302,108199,8036,High
12/31/2015,7 Series,2015,Europe,White,Diesel,Manual,3.4,166712,85599,1222,Low
12/31/2023,7 Series,2023,North America,Grey,Electric,Automatic,3.1,609,162527,1661,Low
12/31/2018,7 Series,2018,North America,Black,Petrol,Manual,5,150354,114290,1163,Low
12/31/2023,X5,2023,North America,White,Hybrid,Manual,1.6,149631,101604,6816,High
12/31/2013,5 Series,2013,Asia,Grey,Hybrid,Manual,4.2,149759,69432,6768,High
12/31/2012,i3,2012,Middle East,Silver,Electric,Automatic,1.7,176742,38656,3422,Low
12/31/2018,3 Series,2018,South America,Grey,Petrol,Automatic,3,12798,89237,6258,High
12/31/2011,M5,2011,Europe,Red,Diesel,Automatic,2.2,111189,76276,1218,Low
12/31/2021,X5,2021,North America,Silver,Petrol,Manual,4.8,175369,101809,5752,High
12/31/2018,X3,2018,Middle East,Black,Diesel,Automatic,4,164727,72315,5962,High
12/31/2020,5 Series,2020,Europe,Silver,Electric,Manual,3.1,181329,90271,7465,High
12/31/2019,M5,2019,South America,Red,Petrol,Automatic,4.8,6596,155614,667,Low
12/31/2020,i3,2020,North America,Black,Hybrid,Automatic,4,173568,82764,6447,High
12/31/2020,i3,2020,Europe,Blue,Electric,Manual,4.8,101081,100261,4610,Low
12/31/2011,i8,2011,Africa,Silver,Diesel,Automatic,4,12120,122395,50,Low
12/31/2023,X6,2023,South America,Blue,Diesel,Automatic,1.8,50289,107189,2641,Low
12/31/2022,M5,2022,Middle East,Grey,Petrol,Manual,3.7,107750,143630,1235,Low
12/31/2020,X3,2020,Asia,Blue,Electric,Automatic,4.9,150822,102271,8478,High
12/31/2023,i8,2023,Asia,White,Diesel,Automatic,2.2,94381,160532,432,Low
12/31/2024,5 Series,2024,Africa,Black,Petrol,Manual,4.3,95883,108993,4221,Low
12/31/2019,5 Series,2019,North America,White,Hybrid,Manual,2.1,182655,74986,7268,High
12/31/2012,i8,2012,North America,Grey,Diesel,Manual,3.1,134547,102908,50,Low
12/31/2022,i8,2022,Africa,Grey,Diesel,Automatic,1.8,43921,153315,50,Low
12/31/2016,M5,2016,Asia,Blue,Diesel,Manual,2.7,158337,90191,1826,Low
12/31/2011,M5,2011,Africa,Red,Electric,Automatic,4.2,91720,106437,50,Low
12/31/2010,i3,2010,Asia,Blue,Petrol,Manual,1.7,151840,25000,4812,Low
12/31/2018,X1,2018,Africa,Silver,Petrol,Automatic,2.6,40373,69535,4156,Low
12/31/2015,3 Series,2015,Middle East,Black,Hybrid,Automatic,3.7,101626,74798,6136,High
12/31/2018,M5,2018,Asia,Silver,Hybrid,Automatic,4.8,158275,135698,1873,Low
12/31/2021,3 Series,2021,South America,Silver,Petrol,Manual,2.4,164628,65217,6657,High
12/31/2012,3 Series,2012,Europe,Grey,Electric,Manual,2.1,122652,48733,9918,High
12/31/2012,7 Series,2012,Europe,White,Petrol,Automatic,2.2,38675,96371,599,Low
12/31/2019,X3,2019,North America,Black,Diesel,Manual,2.3,150596,61627,10173,High
12/31/2021,M3,2021,Europe,Black,Hybrid,Automatic,3.7,74802,120614,3201,Low
12/31/2012,M5,2012,South America,Black,Petrol,Automatic,5,70682,113115,50,Low
12/31/2011,X5,2011,Europe,Silver,Electric,Automatic,3.3,19946,90916,5017,High
12/31/2022,i8,2022,Africa,Blue,Petrol,Automatic,2.5,164341,129892,288,Low
12/31/2020,X3,2020,Middle East,Silver,Diesel,Automatic,4.1,173664,78562,6971,High
12/31/2015,i8,2015,Asia,Red,Diesel,Automatic,2.1,29585,128997,50,Low
12/31/2012,X1,2012,South America,Black,Hybrid,Manual,1.6,11797,50116,4218,Low
12/31/2014,X3,2014,Middle East,Grey,Electric,Manual,3.6,76072,79233,6167,High
12/31/2022,5 Series,2022,North America,Red,Petrol,Automatic,2.2,191853,80243,7733,High
12/31/2020,X1,2020,South America,White,Petrol,Manual,2.9,51988,80105,5020,High
12/31/2014,X1,2014,Asia,Blue,Electric,Automatic,2.3,78597,64957,6821,High
12/31/2019,7 Series,2019,North America,Blue,Diesel,Manual,4.7,61339,136008,1091,Low
12/31/2012,X6,2012,North America,Black,Electric,Automatic,2.7,115201,84578,3826,Low
12/31/2012,X3,2012,Europe,Black,Diesel,Manual,3.1,49614,53602,7043,High
12/31/2010,M5,2010,North America,Red,Electric,Manual,2.3,30573,104648,601,Low
12/31/2015,i3,2015,Europe,Silver,Hybrid,Manual,1.8,45322,64386,4070,Low
12/31/2012,X6,2012,Asia,Red,Petrol,Automatic,3.3,81177,76728,3426,Low
12/31/2024,X3,2024,Middle East,Blue,Petrol,Automatic,4.5,93914,118906,6828,High
12/31/2010,X5,2010,Asia,Blue,Diesel,Automatic,2.7,88362,55019,5769,High
12/31/2022,X6,2022,South America,Black,Diesel,Manual,4.2,148822,105343,2771,Low
12/31/2023,5 Series,2023,North America,Grey,Electric,Automatic,1.6,194487,97465,6963,High
12/31/2023,X1,2023,Asia,Black,Petrol,Automatic,2.3,183431,69500,7820,High
12/31/2022,i8,2022,Middle East,Grey,Diesel,Manual,2,153662,137163,329,Low
12/31/2019,X3,2019,Middle East,Blue,Petrol,Manual,2.9,194677,62294,5534,High
12/31/2018,X3,2018,North America,Blue,Petrol,Manual,4.6,63021,91643,8127,High
12/31/2020,X1,2020,Middle East,Black,Petrol,Automatic,2.8,169914,60278,6647,High
12/31/2010,3 Series,2010,South America,Grey,Electric,Manual,3.6,140769,43748,5755,High
12/31/2014,X3,2014,Asia,Silver,Petrol,Automatic,4.6,23321,87575,8605,High
12/31/2014,3 Series,2014,Europe,Black,Electric,Automatic,2.8,193472,50375,8487,High
12/31/2024,3 Series,2024,Middle East,Red,Electric,Manual,2.8,57836,116743,6979,High
12/31/2011,7 Series,2011,South America,White,Hybrid,Automatic,1.8,193854,62645,279,Low
12/31/2023,3 Series,2023,Middle East,Red,Electric,Manual,2.7,36183,115564,7752,High
12/31/2023,M5,2023,South America,Black,Hybrid,Automatic,4.1,16308,176328,1187,Low
12/31/2022,i3,2022,Europe,Grey,Petrol,Manual,4.5,14940,113194,5060,High
12/31/2010,i3,2010,South America,Black,Diesel,Automatic,4,59015,49898,2066,Low
12/31/2015,X6,2015,Middle East,Red,Petrol,Manual,1.5,98845,74393,2709,Low
12/31/2024,M3,2024,North America,Silver,Electric,Manual,1.9,48462,127884,3527,Low
12/31/2016,X1,2016,South America,Red,Diesel,Manual,4.1,72856,62485,4314,Low
12/31/2020,i3,2020,Asia,Grey,Hybrid,Automatic,4.8,128703,98616,6468,High
12/31/2020,5 Series,2020,Middle East,Blue,Hybrid,Automatic,3.9,109038,109858,5025,High
12/31/2018,7 Series,2018,Middle East,Silver,Hybrid,Manual,2.3,8586,129253,865,Low
12/31/2017,X3,2017,North America,Grey,Hybrid,Automatic,1.9,85619,78605,8242,High
12/31/2019,i8,2019,Asia,Grey,Hybrid,Automatic,4.6,153519,159357,403,Low
12/31/2012,5 Series,2012,Africa,Red,Hybrid,Automatic,1.8,49842,63056,2662,Low
12/31/2018,X1,2018,South America,White,Petrol,Manual,2,106477,53055,4347,Low
12/31/2010,5 Series,2010,Africa,Silver,Petrol,Automatic,3.6,126833,44755,3372,Low
12/31/2022,X6,2022,Europe,Red,Hybrid,Manual,2.2,126495,110409,4544,Low
12/31/2015,M5,2015,Africa,Black,Petrol,Manual,2.3,155531,83957,575,Low
12/31/2022,X6,2022,Europe,Grey,Diesel,Manual,2,82165,107028,4243,Low
12/31/2023,X1,2023,South America,Grey,Hybrid,Automatic,4.8,182569,91172,5213,High
12/31/2019,M5,2019,North America,Red,Diesel,Automatic,1.9,190870,96195,2224,Low
12/31/2011,X5,2011,Europe,Blue,Hybrid,Automatic,4.8,40658,88683,5327,High
12/31/2019,i3,2019,Europe,Blue,Electric,Manual,2.6,162249,75780,5023,High
12/31/2018,3 Series,2018,Asia,Blue,Hybrid,Automatic,4.4,95742,92040,10027,High
12/31/2018,X3,2018,Africa,Grey,Hybrid,Manual,4.8,62033,98311,4670,Low
12/31/2017,X1,2017,Europe,White,Electric,Manual,3.3,160142,60982,8202,High
12/31/2022,M3,2022,Europe,Grey,Petrol,Manual,4.2,41134,119113,3020,Low
12/31/2020,M5,2020,South America,Red,Petrol,Automatic,2.4,73329,128823,951,Low
12/31/2016,X5,2016,Europe,Blue,Electric,Automatic,2.8,64225,101759,4589,Low
12/31/2023,7 Series,2023,Asia,Blue,Hybrid,Manual,3.4,30633,156016,2264,Low
12/31/2015,X6,2015,Africa,Red,Petrol,Automatic,4.5,112166,90570,1832,Low
12/31/2011,X6,2011,Europe,Blue,Diesel,Manual,3.7,1705,79622,2738,Low
12/31/2023,7 Series,2023,Europe,Black,Diesel,Manual,1.6,193139,98935,5617,High
12/31/2013,7 Series,2013,South America,Grey,Hybrid,Manual,2.6,10028,107590,50,Low
12/31/2019,X6,2019,South America,Black,Diesel,Automatic,4.5,4885,124534,1990,Low
12/31/2016,3 Series,2016,North America,White,Electric,Automatic,2.3,36027,83861,9789,High
12/31/2023,5 Series,2023,North America,Red,Hybrid,Manual,2.8,11802,130619,8419,High
12/31/2022,X1,2022,South America,Silver,Petrol,Manual,2.9,150212,69856,6199,High
12/31/2015,i3,2015,Europe,Silver,Electric,Automatic,2,55719,71257,5136,High
12/31/2018,i8,2018,Europe,Black,Electric,Manual,2.7,96322,143311,446,Low
12/31/2022,X3,2022,Europe,White,Electric,Manual,4.4,1959,135640,9175,High
12/31/2022,M5,2022,North America,White,Diesel,Manual,4.5,45430,148925,1954,Low
12/31/2014,i3,2014,Middle East,White,Petrol,Manual,3.5,121875,52552,2869,Low
12/31/2021,3 Series,2021,Middle East,Blue,Petrol,Automatic,3.9,74001,100729,6200,High
12/31/2021,3 Series,2021,Middle East,Grey,Electric,Automatic,3.4,83201,107628,7512,High
12/31/2015,7 Series,2015,North America,Silver,Electric,Manual,1.7,91191,103478,897,Low
12/31/2019,3 Series,2019,Europe,Grey,Petrol,Manual,3.9,157357,66586,10392,High
12/31/2015,M3,2015,Middle East,Black,Hybrid,Automatic,5,74491,106076,1336,Low
12/31/2023,7 Series,2023,Middle East,Grey,Diesel,Automatic,2.3,156020,168084,718,Low
12/31/2017,i3,2017,North America,Silver,Diesel,Automatic,4.9,113612,79563,4281,Low
12/31/2017,5 Series,2017,South America,Blue,Diesel,Automatic,5,32186,96233,4408,Low
12/31/2015,X5,2015,Africa,White,Diesel,Manual,2,100671,58429,3089,Low
12/31/2017,X5,2017,Europe,White,Diesel,Automatic,4.7,198539,74983,6564,High
12/31/2016,M5,2016,North America,Black,Electric,Manual,3.9,90507,130163,1234,Low
12/31/2010,5 Series,2010,Africa,White,Electric,Automatic,3.1,98699,62236,3007,Low
12/31/2014,X5,2014,South America,Red,Petrol,Manual,2.7,196086,48202,3623,Low
12/31/2020,3 Series,2020,Asia,Blue,Hybrid,Automatic,3.7,146838,90055,11681,High
12/31/2024,M3,2024,Africa,Grey,Diesel,Automatic,4.4,49559,130320,1877,Low
12/31/2019,M5,2019,North America,White,Hybrid,Manual,1.6,148014,116302,2363,Low
12/31/2019,X1,2019,North America,Silver,Electric,Automatic,3.4,194117,72230,7339,High
12/31/2022,X3,2022,Africa,Black,Petrol,Manual,3.8,74279,92074,5294,High
12/31/2019,X5,2019,South America,Blue,Electric,Manual,1.6,22188,104630,4419,Low
12/31/2014,7 Series,2014,Asia,Red,Electric,Manual,4.6,84546,119449,711,Low
12/31/2019,X6,2019,Middle East,Red,Electric,Automatic,4.8,29298,146005,2892,Low
12/31/2023,3 Series,2023,North America,White,Electric,Automatic,3.6,61885,121540,11587,High
12/31/2018,3 Series,2018,Europe,Grey,Hybrid,Manual,1.9,17522,82007,9696,High
12/31/2016,X1,2016,North America,Blue,Petrol,Manual,4.8,6253,83121,7095,High
12/31/2016,3 Series,2016,Europe,Grey,Hybrid,Automatic,4.3,73848,82381,9941,High
12/31/2019,i3,2019,Europe,Grey,Diesel,Automatic,1.6,158299,50376,5924,High
12/31/2024,3 Series,2024,Europe,Silver,Hybrid,Manual,3.5,122549,99651,8818,High
12/31/2011,M5,2011,North America,Silver,Petrol,Automatic,1.9,92168,84090,935,Low
12/31/2017,M3,2017,Middle East,White,Diesel,Manual,2,184865,60876,2259,Low
12/31/2012,X5,2012,Middle East,White,Electric,Automatic,2.2,170555,61006,3882,Low
12/31/2024,i8,2024,South America,Blue,Diesel,Manual,2.9,130970,154147,285,Low
12/31/2018,7 Series,2018,Middle East,Silver,Diesel,Automatic,4.6,175547,113314,730,Low
12/31/2024,X1,2024,Europe,Black,Petrol,Manual,1.6,65048,85311,8471,High
12/31/2015,X3,2015,South America,Silver,Electric,Automatic,3.9,159826,72676,5165,High
12/31/2018,5 Series,2018,South America,Silver,Hybrid,Manual,4.9,160205,92307,4170,Low
12/31/2024,X1,2024,South America,White,Diesel,Manual,3.7,127737,115387,5680,High
12/31/2018,7 Series,2018,Middle East,Silver,Hybrid,Automatic,4.4,159058,131223,1058,Low
12/31/2016,i3,2016,Middle East,White,Petrol,Automatic,4.7,197195,62131,3129,Low
12/31/2019,M5,2019,Asia,Grey,Petrol,Manual,4,48606,144235,1650,Low
12/31/2021,7 Series,2021,North America,Grey,Diesel,Manual,3.8,112419,119488,1802,Low
12/31/2017,X5,2017,Middle East,Silver,Diesel,Automatic,1.6,12440,88391,4124,Low
12/31/2011,3 Series,2011,Asia,Silver,Petrol,Automatic,3.3,138681,38292,9508,High
12/31/2014,X6,2014,North America,White,Hybrid,Manual,3.1,191036,69365,3376,Low
12/31/2024,M5,2024,Middle East,Black,Hybrid,Automatic,3.3,151731,157654,1596,Low
12/31/2012,M3,2012,Europe,Red,Diesel,Automatic,3,191237,48627,2551,Low
12/31/2010,X5,2010,Africa,Black,Petrol,Manual,4.7,181212,47755,2490,Low
12/31/2022,3 Series,2022,South America,Blue,Diesel,Automatic,4.6,673,111412,6735,High
12/31/2015,M5,2015,South America,Blue,Petrol,Manual,1.9,122915,85018,787,Low
12/31/2022,M3,2022,South America,Grey,Diesel,Automatic,3.4,54902,114573,1759,Low
12/31/2021,7 Series,2021,Africa,White,Hybrid,Manual,4.9,31794,160103,599,Low
12/31/2024,M5,2024,Europe,Silver,Electric,Manual,3.6,18506,169979,1913,Low
12/31/2018,M3,2018,Middle East,Silver,Hybrid,Automatic,4.3,191208,93764,2369,Low
12/31/2011,3 Series,2011,Middle East,White,Hybrid,Manual,2.8,189910,44206,6627,High
12/31/2018,X5,2018,Asia,Grey,Electric,Automatic,2.8,145745,96237,7099,High
12/31/2017,X3,2017,Europe,Silver,Diesel,Manual,2.6,135092,54638,8344,High
12/31/2020,i3,2020,Africa,Grey,Petrol,Automatic,1.6,124659,60159,3597,Low
12/31/2018,5 Series,2018,Europe,Red,Hybrid,Automatic,4.7,54425,108047,6857,High
12/31/2014,X6,2014,Europe,Silver,Electric,Automatic,2.7,66902,95092,3427,Low
12/31/2022,M5,2022,Europe,Grey,Electric,Automatic,2.8,154119,142101,2416,Low
12/31/2011,M5,2011,Asia,Red,Petrol,Manual,4.2,52886,103304,764,Low
12/31/2019,i8,2019,South America,White,Hybrid,Automatic,3.3,113610,146292,131,Low
12/31/2019,X6,2019,South America,Grey,Petrol,Manual,2.8,54494,99452,2344,Low
12/31/2015,X6,2015,South America,White,Electric,Manual,4.6,167080,91262,1785,Low
12/31/2016,3 Series,2016,South America,Silver,Diesel,Manual,4.4,60496,74074,5204,High
12/31/2012,5 Series,2012,South America,Grey,Diesel,Automatic,4.9,123312,64443,3522,Low
12/31/2023,5 Series,2023,Middle East,Red,Hybrid,Automatic,3.7,74936,128248,5400,High
12/31/2015,M3,2015,North America,Silver,Petrol,Automatic,3.9,155738,75897,3062,Low
12/31/2015,7 Series,2015,Africa,Blue,Hybrid,Automatic,2.6,136478,97989,203,Low
12/31/2017,5 Series,2017,Asia,White,Hybrid,Manual,1.8,85264,79292,7414,High
12/31/2010,X3,2010,Africa,Grey,Hybrid,Manual,1.9,130576,31521,3934,Low
12/31/2013,i3,2013,North America,Red,Diesel,Automatic,3.8,156779,45326,4699,Low
12/31/2024,M5,2024,Middle East,Silver,Diesel,Automatic,1.9,60770,149135,1379,Low
12/31/2010,3 Series,2010,Africa,Grey,Diesel,Automatic,4.7,76042,47905,4612,Low
12/31/2017,i8,2017,Africa,Blue,Petrol,Manual,4,5331,151844,50,Low
12/31/2011,X3,2011,North America,Red,Diesel,Manual,2.3,59451,43349,8087,High
12/31/2017,3 Series,2017,South America,White,Hybrid,Automatic,2.5,193027,57056,5802,High
12/31/2012,7 Series,2012,Europe,Grey,Electric,Manual,4,83001,107330,90,Low
12/31/2017,X1,2017,South America,White,Diesel,Automatic,4.4,122242,65003,4157,Low
12/31/2015,3 Series,2015,Asia,Grey,Electric,Automatic,4.4,77127,90291,8153,High
12/31/2010,X1,2010,Africa,Blue,Petrol,Automatic,3.6,130040,27670,3360,Low
12/31/2016,X3,2016,Europe,White,Petrol,Manual,2,135672,50302,8185,High
12/31/2022,M3,2022,Africa,White,Diesel,Automatic,4.4,91646,117574,1796,Low
12/31/2016,i3,2016,North America,Red,Hybrid,Manual,4.3,167779,64507,827,Low
12/31/2015,X6,2015,Africa,Silver,Hybrid,Manual,4.4,45603,106905,1506,Low
12/31/2024,X1,2024,Europe,White,Petrol,Automatic,2.1,96338,85030,7761,High
12/31/2010,3 Series,2010,Africa,Blue,Electric,Automatic,3.9,102909,56088,4392,Low
12/31/2014,X5,2014,South America,Blue,Electric,Manual,4.9,71443,103222,2419,Low
12/31/2010,X1,2010,Europe,Grey,Diesel,Automatic,2.4,25604,38473,6364,High
12/31/2010,i8,2010,Africa,Silver,Electric,Manual,4,149942,112599,50,Low
12/31/2015,X1,2015,South America,Red,Hybrid,Manual,2.4,141337,43801,4062,Low
12/31/2017,M3,2017,Africa,Black,Petrol,Automatic,2.6,147121,69152,1468,Low
12/31/2010,i3,2010,North America,Grey,Electric,Manual,3.2,56831,60661,4222,Low
12/31/2011,5 Series,2011,Africa,White,Diesel,Manual,4.6,3657,73157,2976,Low
12/31/2024,X3,2024,Africa,Black,Diesel,Automatic,1.6,7767,105697,4937,Low
12/31/2014,X5,2014,South America,Red,Diesel,Manual,5,67635,85634,3200,Low
12/31/2017,X1,2017,Middle East,Red,Electric,Manual,4.2,150495,73034,4725,Low
12/31/2020,X6,2020,Middle East,Grey,Electric,Automatic,2.8,182844,108752,3853,Low
12/31/2013,M3,2013,Europe,White,Petrol,Automatic,2.7,74328,72750,2391,Low
12/31/2024,X1,2024,Africa,Grey,Hybrid,Manual,3.2,70670,104487,4912,Low
12/31/2023,X6,2023,Africa,Black,Petrol,Automatic,4.6,111462,123167,2518,Low
12/31/2014,i8,2014,Asia,Blue,Petrol,Manual,1.6,150196,101910,50,Low
12/31/2019,X3,2019,North America,Blue,Petrol,Automatic,3.4,140705,79477,9778,High
12/31/2014,3 Series,2014,South America,Grey,Diesel,Manual,1.7,12523,56694,6184,High
12/31/2012,X6,2012,Middle East,Grey,Hybrid,Manual,1.9,31375,89768,1826,Low
12/31/2015,X1,2015,Europe,Red,Electric,Manual,3.9,61742,75677,7742,High
12/31/2014,X6,2014,Europe,Grey,Diesel,Automatic,2.3,194623,55998,755,Low
12/31/2024,X3,2024,South America,Grey,Hybrid,Automatic,1.6,23531,116462,7022,High
12/31/2011,X5,2011,Middle East,Grey,Hybrid,Manual,2.1,4989,77295,3369,Low
12/31/2023,X6,2023,Middle East,White,Hybrid,Automatic,2.2,60105,132301,3228,Low
12/31/2019,X3,2019,South America,Grey,Hybrid,Manual,4.2,49649,99479,6403,High
12/31/2023,M5,2023,Africa,Red,Hybrid,Manual,3.7,28869,161173,1147,Low
12/31/2013,i3,2013,South America,Grey,Diesel,Automatic,4.1,17645,69277,2410,Low
12/31/2020,M5,2020,Africa,Red,Diesel,Automatic,2.8,116708,115995,950,Low
12/31/2013,i8,2013,Asia,Black,Diesel,Automatic,1.9,198251,93321,50,Low
12/31/2016,X3,2016,Europe,Blue,Petrol,Automatic,4.3,52924,82477,7329,High
12/31/2024,X1,2024,North America,Black,Electric,Manual,2,17320,114957,8325,High
12/31/2016,X6,2016,Africa,Blue,Petrol,Manual,2.8,89556,77816,1764,Low
12/31/2018,X5,2018,North America,Grey,Hybrid,Automatic,2.4,46124,101707,6405,High
12/31/2024,X6,2024,Europe,White,Petrol,Automatic,2.5,42369,132761,4976,Low
12/31/2019,i3,2019,Africa,Black,Diesel,Automatic,3.6,179248,61110,2808,Low
12/31/2021,X6,2021,Asia,Blue,Hybrid,Manual,2.1,81509,114233,4782,Low
12/31/2011,X5,2011,North America,Black,Electric,Automatic,3.1,188562,61088,5735,High
12/31/2015,7 Series,2015,South America,Grey,Diesel,Automatic,3.7,179798,87327,510,Low
12/31/2011,7 Series,2011,Asia,Black,Petrol,Automatic,4.5,132202,84593,669,Low
12/31/2018,i8,2018,Middle East,Blue,Diesel,Automatic,2.8,83052,145868,50,Low
12/31/2011,M5,2011,South America,White,Diesel,Manual,2.6,90512,81313,245,Low
12/31/2015,5 Series,2015,Middle East,White,Petrol,Manual,2.8,34437,79283,4903,Low
12/31/2017,7 Series,2017,Asia,Red,Petrol,Manual,3.3,117429,100155,1411,Low
12/31/2015,X3,2015,North America,White,Electric,Manual,2.6,65963,77942,7993,High
12/31/2021,X6,2021,Middle East,White,Hybrid,Manual,2.4,67642,120086,3273,Low
12/31/2024,M3,2024,North America,Silver,Diesel,Automatic,2.8,4592,125601,3754,Low
12/31/2012,5 Series,2012,South America,White,Diesel,Manual,4.2,54049,66100,3940,Low
12/31/2014,7 Series,2014,North America,Silver,Electric,Automatic,2.4,107354,111055,718,Low
12/31/2013,5 Series,2013,South America,Red,Petrol,Manual,4.5,189973,51345,3998,Low
12/31/2010,i8,2010,Asia,Grey,Hybrid,Manual,2.5,114898,107408,50,Low
12/31/2014,X5,2014,South America,Silver,Diesel,Automatic,3.6,105729,70602,3425,Low
12/31/2019,M3,2019,Europe,Red,Hybrid,Automatic,4.9,127659,119332,3471,Low
12/31/2021,7 Series,2021,South America,Silver,Hybrid,Automatic,4.8,132115,139619,1167,Low
12/31/2014,X3,2014,Europe,Black,Diesel,Automatic,3,41132,66022,7236,High
12/31/2016,M5,2016,North America,Blue,Petrol,Manual,1.7,12988,172005,451,Low
12/31/2024,X6,2024,Europe,Blue,Electric,Automatic,4.7,107104,149638,5158,High
12/31/2021,X3,2021,Africa,Silver,Hybrid,Automatic,1.9,89680,89064,5738,High
12/31/2016,X6,2016,Africa,White,Diesel,Automatic,4.7,85735,93968,1901,Low
12/31/2011,3 Series,2011,Middle East,White,Electric,Automatic,4.1,160183,54449,6012,High
12/31/2023,X1,2023,Africa,Red,Hybrid,Manual,4.8,45623,110971,4664,Low
12/31/2013,3 Series,2013,Middle East,Grey,Petrol,Automatic,3.8,128385,54237,6290,High
12/31/2010,M3,2010,North America,Grey,Electric,Automatic,5,134667,83687,2075,Low
12/31/2022,X1,2022,Europe,Black,Diesel,Manual,3.1,160369,69454,8769,High
12/31/2014,i8,2014,Europe,Black,Petrol,Automatic,2.7,123985,110794,50,Low
12/31/2014,X3,2014,Europe,Blue,Diesel,Manual,2.9,62358,57615,8332,High
12/31/2013,M3,2013,North America,White,Hybrid,Automatic,2.7,101429,76995,2648,Low
12/31/2019,3 Series,2019,Middle East,Silver,Petrol,Manual,2.9,127487,71509,6305,High
12/31/2021,M3,2021,Africa,White,Diesel,Automatic,4.6,160068,103123,1777,Low
12/31/2021,X5,2021,Africa,White,Electric,Automatic,3.6,132077,112976,3438,Low
12/31/2016,X3,2016,South America,White,Diesel,Automatic,4,130963,66388,4928,Low
12/31/2015,7 Series,2015,Europe,Silver,Petrol,Automatic,2.5,45775,108567,844,Low
12/31/2022,i8,2022,Africa,Blue,Hybrid,Automatic,5,144698,162945,253,Low
12/31/2019,i3,2019,North America,Blue,Hybrid,Automatic,2.5,47978,90320,5041,High
12/31/2012,i8,2012,North America,Grey,Hybrid,Automatic,2.1,140377,112929,50,Low
12/31/2011,X3,2011,Middle East,Red,Electric,Automatic,4.2,128479,67903,5802,High
12/31/2024,X1,2024,North America,Grey,Hybrid,Manual,4.4,3042,122351,8190,High
12/31/2013,X1,2013,Europe,Grey,Diesel,Manual,2.9,147734,29135,7045,High
12/31/2018,X5,2018,Middle East,Blue,Diesel,Automatic,3.4,162357,79077,4529,Low
12/31/2019,M5,2019,Middle East,Grey,Petrol,Manual,2.9,139376,121458,891,Low
12/31/2014,X3,2014,Asia,Black,Petrol,Manual,2.5,26239,67605,8134,High
12/31/2010,X1,2010,Asia,White,Petrol,Automatic,4.3,71697,47450,7852,High
12/31/2020,M5,2020,North America,Grey,Diesel,Automatic,4.1,77097,143242,1741,Low
12/31/2012,X3,2012,South America,Black,Electric,Manual,3.2,149204,50848,4385,Low
12/31/2018,X6,2018,North America,Black,Electric,Automatic,3.1,102521,108465,3809,Low
12/31/2016,X6,2016,South America,Black,Diesel,Automatic,2.1,95501,73386,2412,Low
12/31/2012,X5,2012,Africa,Black,Diesel,Manual,3.7,21992,77160,2016,Low
12/31/2010,5 Series,2010,North America,Red,Diesel,Automatic,4.7,68317,63931,6105,High
12/31/2013,M3,2013,Africa,Black,Hybrid,Automatic,4,190372,66625,1135,Low
12/31/2018,X5,2018,Asia,Grey,Diesel,Automatic,3.3,164578,76098,6856,High
12/31/2021,M3,2021,Asia,Black,Electric,Automatic,1.6,17716,127579,3977,Low
12/31/2016,X3,2016,Middle East,Black,Diesel,Automatic,4.8,179751,67430,5255,High
12/31/2014,X6,2014,Middle East,Grey,Electric,Automatic,2.6,70677,96822,1886,Low
12/31/2022,X5,2022,Asia,White,Hybrid,Manual,2.5,32997,117586,6979,High
12/31/2020,i8,2020,Asia,Blue,Electric,Automatic,3.1,38476,182317,190,Low
12/31/2023,X3,2023,South America,White,Petrol,Manual,3,160913,82317,6206,High
12/31/2015,M5,2015,South America,Silver,Petrol,Automatic,4.9,60724,127593,123,Low
12/31/2010,i3,2010,Africa,Red,Petrol,Manual,2.1,72264,32185,1940,Low
12/31/2016,5 Series,2016,North America,Red,Hybrid,Manual,3.9,31879,100739,7051,High
12/31/2021,i3,2021,North America,Blue,Petrol,Manual,1.9,49554,79981,5159,High
12/31/2014,i3,2014,Africa,Black,Petrol,Manual,2.5,178673,32514,2696,Low
12/31/2016,X3,2016,Asia,Silver,Hybrid,Automatic,4,85322,89279,7741,High
12/31/2014,5 Series,2014,Asia,Grey,Petrol,Automatic,4.3,35114,91320,6030,High
12/31/2014,X5,2014,Middle East,White,Petrol,Manual,3.1,178303,57564,4073,Low
12/31/2012,M5,2012,Africa,Red,Electric,Automatic,4.3,47195,124771,50,Low
12/31/2014,X3,2014,Europe,Blue,Electric,Automatic,4.8,38047,93394,873,Low
12/31/2017,3 Series,2017,Europe,White,Diesel,Manual,4.8,136454,68107,8382,High
12/31/2023,X5,2023,North America,Red,Petrol,Automatic,2.7,122134,107111,6880,High
12/31/2017,X6,2017,Asia,White,Petrol,Automatic,2.6,11398,106080,3447,Low
12/31/2011,X6,2011,Asia,Silver,Hybrid,Automatic,4,156775,77364,3736,Low
12/31/2020,X1,2020,Africa,Grey,Hybrid,Automatic,3.8,11431,100940,4740,Low
12/31/2010,5 Series,2010,South America,Silver,Hybrid,Automatic,2.9,161124,45621,3873,Low
12/31/2011,i3,2011,North America,Grey,Diesel,Automatic,2.3,334,53865,4458,Low
12/31/2020,5 Series,2020,South America,Black,Petrol,Manual,3.7,43926,98271,4260,Low
12/31/2016,X1,2016,South America,White,Electric,Automatic,3,154190,59403,4543,Low
12/31/2012,X3,2012,Asia,Grey,Petrol,Automatic,2,40952,55172,7551,High
12/31/2017,X6,2017,South America,Black,Diesel,Manual,3.7,110180,87836,2300,Low
12/31/2013,M5,2013,Middle East,Red,Petrol,Manual,3.9,50138,113302,234,Low
12/31/2019,X3,2019,Asia,White,Petrol,Manual,2.8,101107,74971,9314,High
12/31/2019,X6,2019,Europe,Black,Petrol,Automatic,4.4,35605,118526,3880,Low
12/31/2017,X5,2017,North America,Black,Hybrid,Automatic,1.8,88469,89256,5130,High
12/31/2023,i8,2023,Africa,Silver,Petrol,Manual,3.2,137619,143113,182,Low
12/31/2011,i8,2011,South America,White,Electric,Automatic,4.8,172180,118458,50,Low
12/31/2022,i8,2022,Africa,White,Hybrid,Automatic,2.2,167380,142606,548,Low
12/31/2023,7 Series,2023,Middle East,Grey,Diesel,Manual,2.1,76309,131803,1090,Low
12/31/2024,7 Series,2024,Africa,Black,Petrol,Manual,2.8,196768,109414,1197,Low
12/31/2014,X1,2014,South America,Grey,Diesel,Automatic,2.4,90189,42223,4810,Low
12/31/2015,3 Series,2015,Asia,Silver,Hybrid,Automatic,2.3,31345,74853,8535,High
12/31/2010,M3,2010,Middle East,Blue,Hybrid,Automatic,4.8,17146,97355,625,Low
12/31/2024,X6,2024,Africa,Silver,Electric,Manual,2.7,129241,116783,3079,Low
12/31/2023,X3,2023,Europe,White,Electric,Automatic,1.7,57556,114564,10047,High
12/31/2010,M3,2010,Middle East,Grey,Diesel,Manual,4.6,185486,53734,1216,Low
12/31/2023,i3,2023,Africa,White,Electric,Automatic,3.1,39114,117638,3346,Low
12/31/2018,X6,2018,Asia,Red,Diesel,Automatic,4.1,33660,109115,4328,Low
12/31/2014,5 Series,2014,Africa,Silver,Electric,Manual,2.8,1291,88227,2640,Low
12/31/2024,7 Series,2024,Middle East,Black,Petrol,Manual,4.8,63493,161331,908,Low
12/31/2024,X1,2024,Middle East,Black,Diesel,Manual,2.5,132342,77968,6585,High
12/31/2023,M5,2023,Europe,Black,Diesel,Automatic,3.8,28646,148734,1832,Low
12/31/2013,X1,2013,Middle East,Blue,Hybrid,Manual,4.4,142588,56126,4427,Low
12/31/2023,X5,2023,South America,Black,Diesel,Automatic,2.3,133217,90147,4885,Low
12/31/2010,X1,2010,Asia,White,Diesel,Automatic,4.3,133207,31279,7423,High
12/31/2024,i3,2024,Asia,Grey,Diesel,Automatic,4.3,130712,97862,5776,High
12/31/2012,i3,2012,Europe,Grey,Hybrid,Automatic,4.9,116155,69177,3524,Low
12/31/2022,X1,2022,Middle East,White,Hybrid,Manual,4.7,163963,94167,6936,High
12/31/2013,M5,2013,Asia,White,Petrol,Automatic,2.9,48446,106545,1137,Low
12/31/2020,5 Series,2020,Europe,White,Petrol,Manual,3.6,76245,94632,6033,High
12/31/2020,X5,2020,Asia,Grey,Hybrid,Automatic,4.7,149782,114724,7225,High
12/31/2014,5 Series,2014,Africa,Red,Hybrid,Manual,1.5,26197,70919,2771,Low
12/31/2023,M5,2023,South America,Red,Electric,Manual,3.7,169939,141709,1693,Low
12/31/2019,X6,2019,Europe,Silver,Electric,Manual,2.3,108880,106413,4508,Low
12/31/2021,5 Series,2021,Middle East,Grey,Petrol,Manual,4.1,125876,97866,4387,Low
12/31/2023,3 Series,2023,Africa,Black,Hybrid,Automatic,4.3,185792,97470,5984,High
12/31/2014,i3,2014,Europe,Blue,Hybrid,Manual,4,158647,56016,4950,Low
12/31/2019,M5,2019,South America,White,Hybrid,Manual,5,84516,143811,1087,Low
12/31/2017,M5,2017,Middle East,Red,Electric,Manual,3.2,157133,127887,605,Low
12/31/2022,X6,2022,Europe,Black,Petrol,Manual,3.5,95475,111740,3819,Low
12/31/2022,M3,2022,Africa,Blue,Diesel,Manual,2.9,35957,110371,1678,Low
12/31/2012,i3,2012,South America,Silver,Petrol,Manual,4.9,171946,42075,2498,Low
12/31/2016,7 Series,2016,Asia,Black,Diesel,Manual,4.7,190402,97189,1495,Low
12/31/2023,M5,2023,Middle East,Red,Electric,Automatic,5,140590,161805,1447,Low
12/31/2022,i8,2022,Middle East,Red,Electric,Manual,4.9,192870,200000,50,Low
12/31/2015,i3,2015,Middle East,Red,Petrol,Automatic,4.6,152847,61245,2943,Low
12/31/2019,M3,2019,North America,Silver,Electric,Automatic,4.8,129479,121361,3393,Low
12/31/2020,X3,2020,Asia,Silver,Petrol,Manual,1.9,21144,91457,8684,High
12/31/2019,5 Series,2019,Africa,White,Diesel,Automatic,2.1,145240,64452,4174,Low
12/31/2019,M3,2019,North America,Black,Petrol,Manual,4.6,197203,88337,3078,Low
12/31/2020,X6,2020,Europe,Red,Hybrid,Automatic,4,161550,110870,4906,Low
12/31/2015,i3,2015,North America,Black,Hybrid,Automatic,4.6,114182,76136,4627,Low
12/31/2019,5 Series,2019,North America,White,Diesel,Manual,4.2,114520,93154,6284,High
12/31/2018,M3,2018,Europe,Black,Hybrid,Automatic,2,36366,110647,3278,Low
12/31/2023,X1,2023,Europe,Silver,Petrol,Automatic,4.7,84087,99537,6831,High
12/31/2024,i3,2024,Africa,Black,Electric,Manual,4.2,72969,122038,3505,Low
12/31/2016,3 Series,2016,Middle East,White,Petrol,Manual,3.5,27268,80752,6650,High
12/31/2022,M5,2022,Asia,White,Diesel,Automatic,3.4,192336,120323,2008,Low
12/31/2020,3 Series,2020,Europe,Silver,Electric,Manual,3.5,32898,101940,8804,High
12/31/2016,X1,2016,North America,Silver,Electric,Manual,2.9,91678,73452,7290,High
12/31/2020,i8,2020,Middle East,White,Petrol,Automatic,4.3,152903,148730,50,Low
12/31/2023,X3,2023,Asia,White,Petrol,Automatic,4.7,109728,110839,9300,High
12/31/2010,3 Series,2010,Europe,White,Diesel,Manual,2.4,114454,25415,10008,High
12/31/2010,i8,2010,South America,White,Petrol,Automatic,1.6,52522,104270,50,Low
12/31/2018,X5,2018,Africa,Silver,Petrol,Manual,2.2,73481,80430,3146,Low
12/31/2018,7 Series,2018,Africa,Black,Electric,Automatic,4.2,84384,131054,558,Low
12/31/2021,7 Series,2021,Europe,Red,Diesel,Automatic,4.5,61196,138624,1353,Low
12/31/2020,X1,2020,Asia,Red,Hybrid,Automatic,2.7,74994,87766,7686,High
12/31/2019,X6,2019,North America,White,Petrol,Manual,2,87983,89616,4474,Low
12/31/2012,3 Series,2012,South America,White,Hybrid,Manual,4.5,16244,76629,4982,Low
12/31/2024,i8,2024,Middle East,Blue,Hybrid,Automatic,2.3,193925,161256,817,Low
12/31/2020,7 Series,2020,Middle East,Black,Diesel,Automatic,2.3,162583,102926,1236,Low
12/31/2020,7 Series,2020,Asia,Grey,Diesel,Manual,1.8,166682,94361,2012,Low
12/31/2017,X3,2017,Middle East,Red,Electric,Manual,4.7,171995,86240,5187,High
12/31/2018,i8,2018,Europe,Red,Diesel,Manual,2.6,118206,123361,600,Low
12/31/2010,X1,2010,Africa,Black,Electric,Manual,2.1,181090,25000,3846,Low
12/31/2021,i8,2021,Middle East,Red,Diesel,Automatic,4.8,141591,154282,50,Low
12/31/2023,7 Series,2023,Middle East,Red,Diesel,Manual,2.7,132105,128113,1114,Low
12/31/2012,X3,2012,Middle East,White,Diesel,Automatic,4.1,54419,64122,4623,Low
12/31/2022,X6,2022,Middle East,Grey,Petrol,Automatic,2.3,189612,90448,2993,Low
12/31/2015,7 Series,2015,Middle East,Silver,Diesel,Manual,4,37939,118220,156,Low
12/31/2024,M5,2024,Asia,Red,Electric,Automatic,2.3,122769,156893,2528,Low
12/31/2013,5 Series,2013,South America,Silver,Petrol,Manual,3.7,11633,77595,3588,Low
12/31/2017,X6,2017,South America,White,Electric,Automatic,3,59599,114830,2218,Low
12/31/2024,i3,2024,North America,Grey,Electric,Manual,4.3,135727,106436,6342,High
12/31/2018,X5,2018,North America,Blue,Hybrid,Automatic,4.1,16453,121310,5192,High
12/31/2016,X1,2016,Europe,Silver,Petrol,Automatic,4.8,81645,73858,6328,High
12/31/2020,3 Series,2020,North America,White,Electric,Automatic,2.8,143022,87000,10857,High
12/31/2010,3 Series,2010,South America,Red,Hybrid,Automatic,4.1,164359,39616,4990,Low
12/31/2023,3 Series,2023,North America,Red,Hybrid,Automatic,4.9,71639,121030,9540,High
12/31/2011,3 Series,2011,Asia,White,Hybrid,Automatic,2.7,64595,55182,10324,High
12/31/2010,i8,2010,Asia,White,Diesel,Manual,2.5,59908,106027,50,Low
12/31/2018,M5,2018,North America,Blue,Diesel,Manual,4.2,61474,125364,1300,Low
12/31/2013,M3,2013,South America,Black,Hybrid,Manual,3.1,64930,82097,1184,Low
12/31/2019,X1,2019,Africa,Black,Hybrid,Manual,2.9,78450,74713,4215,Low
12/31/2023,i8,2023,South America,Blue,Diesel,Automatic,3.4,149365,153157,134,Low
12/31/2017,M5,2017,North America,Blue,Petrol,Automatic,4.8,158794,117513,1410,Low
12/31/2014,M3,2014,Africa,Grey,Electric,Automatic,1.8,188576,59375,1291,Low
12/31/2014,5 Series,2014,Middle East,Silver,Diesel,Automatic,3.1,75175,73870,4454,Low
12/31/2014,X6,2014,Africa,White,Hybrid,Manual,1.9,92995,79258,1750,Low
12/31/2020,i8,2020,South America,White,Electric,Manual,4.6,52155,167270,50,Low
12/31/2014,3 Series,2014,South America,Grey,Petrol,Manual,2,196500,25000,833,Low
12/31/2012,i3,2012,South America,Red,Hybrid,Manual,1.8,66420,47634,2317,Low
12/31/2015,X6,2015,Africa,White,Petrol,Manual,4.9,86239,91765,1465,Low
12/31/2023,X5,2023,Middle East,Grey,Electric,Manual,3.5,162082,119874,5445,High
12/31/2010,M3,2010,North America,Black,Electric,Automatic,4.4,147584,73021,2060,Low
12/31/2017,X3,2017,North America,Red,Electric,Automatic,3.1,88696,91356,8788,High
12/31/2022,7 Series,2022,Europe,Black,Hybrid,Automatic,3,89617,141783,2077,Low
12/31/2013,M5,2013,Europe,Red,Hybrid,Automatic,4.7,192274,106841,841,Low
12/31/2015,7 Series,2015,Middle East,Blue,Petrol,Manual,5,74543,125236,60,Low
12/31/2011,X6,2011,Europe,Black,Electric,Automatic,3.7,185403,68198,3015,Low
12/31/2011,3 Series,2011,Asia,Silver,Hybrid,Automatic,4.7,11319,80400,9664,High
12/31/2017,M3,2017,Europe,Red,Petrol,Automatic,4.5,18096,116878,2213,Low
12/31/2023,i3,2023,Europe,Grey,Electric,Automatic,3.4,170375,97511,6665,High
12/31/2010,X3,2010,Middle East,Grey,Hybrid,Automatic,4.8,161861,56253,4891,Low
12/31/2017,7 Series,2017,South America,Silver,Petrol,Automatic,2.2,176998,126396,225,Low
12/31/2024,i3,2024,Asia,Red,Hybrid,Manual,4.6,179820,101261,5641,High
12/31/2019,i3,2019,North America,Grey,Petrol,Automatic,2.6,22667,88985,5299,High
12/31/2019,i8,2019,South America,Red,Hybrid,Automatic,1.6,20110,160483,50,Low
12/31/2024,i3,2024,Africa,Red,Hybrid,Automatic,4.3,61618,124859,3076,Low
12/31/2010,M3,2010,North America,Blue,Electric,Manual,4.8,163779,72836,1795,Low
12/31/2024,X6,2024,Middle East,Blue,Petrol,Manual,2.3,19849,133331,3271,Low
12/31/2018,X6,2018,Europe,Red,Hybrid,Manual,3.4,174621,94291,4451,Low
12/31/2010,X1,2010,Europe,Blue,Petrol,Automatic,4.1,69734,45384,7375,High
12/31/2013,M3,2013,Europe,Grey,Electric,Automatic,2.7,156845,74857,2022,Low
12/31/2018,i8,2018,Middle East,Blue,Hybrid,Automatic,2,57803,158016,50,Low
12/31/2010,3 Series,2010,Asia,Silver,Petrol,Automatic,2.9,173865,25000,8206,High
12/31/2018,M3,2018,Europe,Black,Diesel,Manual,3.1,183047,74578,3453,Low
12/31/2023,i3,2023,Africa,Grey,Electric,Manual,4.1,194746,38124,4931,Low
12/31/2017,X5,2017,Middle East,Silver,Petrol,Manual,2.2,129861,72982,4215,Low
12/31/2014,7 Series,2014,Asia,White,Petrol,Automatic,4.4,177021,89946,1075,Low
12/31/2015,i3,2015,Middle East,Black,Petrol,Manual,3.3,143062,53041,3524,Low
12/31/2014,X5,2014,Asia,Black,Hybrid,Manual,4.7,44337,99232,4689,Low
12/31/2013,5 Series,2013,Asia,Silver,Hybrid,Manual,3.5,180102,61038,5891,High
12/31/2021,M5,2021,Asia,Silver,Hybrid,Manual,3.1,72544,149459,2047,Low
12/31/2019,X3,2019,Europe,Red,Petrol,Manual,2.5,196020,57309,9591,High
12/31/2024,M5,2024,North America,White,Petrol,Manual,1.9,134,157343,2137,Low
12/31/2024,i8,2024,South America,Red,Hybrid,Manual,2.8,33119,169820,608,Low
12/31/2023,X6,2023,Europe,Red,Hybrid,Automatic,2.9,15603,144465,4366,Low
12/31/2022,X5,2022,North America,Grey,Petrol,Manual,3.5,72028,107124,6176,High
12/31/2021,3 Series,2021,Europe,Blue,Diesel,Manual,4.5,71069,90399,9783,High
12/31/2013,i8,2013,Middle East,Black,Hybrid,Manual,3.1,44151,148132,50,Low
12/31/2023,X5,2023,North America,Red,Petrol,Automatic,2.6,140364,104087,6919,High
12/31/2019,X1,2019,South America,Blue,Electric,Automatic,4.6,180517,78553,5405,High
12/31/2017,X1,2017,South America,Red,Petrol,Automatic,4.1,142574,58172,4586,Low
12/31/2017,M3,2017,North America,Blue,Diesel,Manual,2.6,177914,69462,3051,Low
12/31/2018,X5,2018,Africa,Grey,Diesel,Automatic,2.1,55121,87832,3389,Low
12/31/2012,i8,2012,South America,Red,Petrol,Manual,2.5,122909,95887,50,Low
12/31/2019,X1,2019,Africa,White,Diesel,Automatic,1.9,136421,49276,4558,Low
12/31/2024,X3,2024,Middle East,Silver,Petrol,Manual,4.7,18205,127621,6169,High
12/31/2017,i3,2017,Asia,Silver,Petrol,Manual,3.6,41789,76464,4446,Low
12/31/2024,5 Series,2024,Middle East,Black,Hybrid,Manual,4.5,178460,117936,6152,High
12/31/2012,5 Series,2012,Middle East,Black,Electric,Automatic,4.4,38448,44093,5100,High
12/31/2011,3 Series,2011,Africa,Red,Petrol,Manual,2,179628,25000,5333,High
12/31/2011,i8,2011,Asia,Red,Electric,Automatic,3.1,99250,132070,50,Low
12/31/2018,5 Series,2018,Middle East,White,Hybrid,Automatic,4.9,43155,120649,1107,Low
12/31/2013,X1,2013,South America,White,Hybrid,Automatic,2.3,61854,53576,4092,Low
12/31/2014,5 Series,2014,North America,White,Hybrid,Automatic,1.7,8238,83695,7115,High
12/31/2011,X3,2011,Asia,White,Diesel,Manual,2.7,175186,26061,9067,High
12/31/2018,X6,2018,South America,Silver,Diesel,Manual,3.3,62764,97069,2502,Low
12/31/2016,X1,2016,North America,Silver,Petrol,Manual,1.7,77112,49265,7479,High
12/31/2012,X1,2012,Middle East,Grey,Hybrid,Manual,3,34262,62290,5289,High
12/31/2015,X6,2015,South America,Black,Petrol,Automatic,2.4,70400,80618,2176,Low
12/31/2016,3 Series,2016,Middle East,Grey,Diesel,Automatic,2.2,147830,48174,6863,High
12/31/2023,X3,2023,Asia,Black,Petrol,Manual,2.4,171318,80669,11078,High
12/31/2021,i8,2021,Europe,Silver,Petrol,Automatic,1.9,78577,142058,380,Low
12/31/2015,M3,2015,Middle East,Black,Petrol,Manual,1.8,82878,75220,1871,Low
12/31/2019,M5,2019,Europe,Silver,Petrol,Manual,3.6,157670,114661,1904,Low
12/31/2020,i8,2020,Middle East,Blue,Electric,Automatic,4.8,113513,187276,50,Low
12/31/2019,X5,2019,Middle East,Red,Diesel,Manual,4.3,21303,109549,3680,Low
12/31/2015,3 Series,2015,South America,Silver,Hybrid,Automatic,4.4,27370,91197,4556,Low
12/31/2022,5 Series,2022,Asia,Red,Electric,Automatic,4.1,105056,121716,8854,High
12/31/2024,M3,2024,Middle East,Silver,Electric,Manual,4.8,98479,137941,2734,Low
12/31/2017,X3,2017,Asia,White,Electric,Manual,4.8,67476,99088,9513,High
12/31/2023,M5,2023,Middle East,Blue,Petrol,Manual,4.2,120272,141336,1376,Low
12/31/2017,X3,2017,North America,Black,Diesel,Automatic,4,172111,66638,9920,High
12/31/2014,5 Series,2014,North America,Grey,Diesel,Manual,2.6,26599,76073,6605,High
12/31/2023,X5,2023,Africa,Black,Diesel,Automatic,1.8,125631,91765,3328,Low
12/31/2013,X5,2013,Asia,Red,Hybrid,Manual,1.8,18220,84950,4760,Low
12/31/2020,3 Series,2020,North America,Silver,Hybrid,Automatic,4.1,117164,90878,10034,High
12/31/2014,X3,2014,North America,Black,Petrol,Manual,1.6,112839,46165,7416,High
12/31/2018,M5,2018,Europe,Red,Diesel,Manual,4.4,139049,118175,1416,Low
12/31/2021,i3,2021,Africa,Blue,Diesel,Manual,2.8,177624,60569,3185,Low
12/31/2019,X6,2019,South America,Silver,Petrol,Automatic,2.2,166335,83179,2661,Low
12/31/2015,i3,2015,North America,Black,Electric,Automatic,2.9,41438,82292,4354,Low
12/31/2012,i3,2012,North America,Black,Petrol,Manual,4,135347,42947,4085,Low
12/31/2012,i8,2012,North America,Black,Hybrid,Automatic,2.5,130343,116770,50,Low
12/31/2023,7 Series,2023,Middle East,Grey,Diesel,Manual,2.1,92479,128387,258,Low
12/31/2010,5 Series,2010,Europe,Blue,Hybrid,Manual,4.1,4453,79844,5673,High
12/31/2024,i8,2024,Europe,Black,Diesel,Automatic,4.6,155759,167923,396,Low
12/31/2024,M5,2024,North America,Grey,Hybrid,Manual,3.5,187371,144356,2967,Low
12/31/2014,3 Series,2014,Africa,Blue,Electric,Automatic,3.3,132466,62640,4162,Low
12/31/2015,X3,2015,South America,Black,Electric,Manual,4.1,137650,76167,4880,Low
12/31/2017,7 Series,2017,Africa,Silver,Petrol,Automatic,4.1,64833,114337,211,Low
12/31/2020,M3,2020,South America,Black,Diesel,Automatic,1.5,91155,87603,1807,Low
12/31/2018,M5,2018,Europe,Black,Hybrid,Automatic,2.5,30787,138519,1476,Low
12/31/2016,3 Series,2016,Asia,Red,Hybrid,Automatic,4.8,39266,93912,10533,High
12/31/2010,X6,2010,Africa,Silver,Electric,Manual,4.9,113467,80311,1080,Low
12/31/2016,i3,2016,South America,Black,Electric,Automatic,3.3,35125,92859,2774,Low
12/31/2019,M3,2019,South America,Grey,Electric,Manual,3.5,90559,109950,2310,Low
12/31/2018,X6,2018,Europe,White,Electric,Automatic,1.5,162602,90286,11015,High
12/31/2013,3 Series,2013,Middle East,Grey,Diesel,Automatic,3.9,122527,53908,5486,High
12/31/2020,M5,2020,North America,Black,Petrol,Manual,2.2,90617,117953,2097,Low
12/31/2021,X3,2021,South America,Silver,Hybrid,Automatic,1.9,41096,97703,6020,High
12/31/2016,5 Series,2016,North America,Silver,Petrol,Automatic,2.6,76406,81300,6477,High
12/31/2018,X3,2018,Asia,Silver,Petrol,Manual,3.8,7806,93825,7789,High
12/31/2010,i8,2010,North America,Grey,Electric,Automatic,3,37661,133937,50,Low
12/31/2021,X3,2021,Asia,White,Hybrid,Automatic,2.7,149296,87399,10775,High
12/31/2019,X6,2019,Europe,Red,Diesel,Automatic,4,30976,116432,4004,Low
12/31/2018,7 Series,2018,Middle East,Black,Hybrid,Manual,4.3,1072,144086,678,Low
12/31/2013,X3,2013,Asia,Grey,Petrol,Automatic,4.5,63455,74889,7933,High
12/31/2021,M5,2021,South America,Black,Hybrid,Manual,3.1,92068,134776,1455,Low
12/31/2017,7 Series,2017,Asia,Black,Hybrid,Automatic,4,131133,120343,1258,Low
12/31/2012,i8,2012,Middle East,Red,Electric,Manual,4.6,103185,149298,50,Low
12/31/2011,X3,2011,North America,White,Petrol,Automatic,4.7,67173,67119,8851,High
12/31/2022,X1,2022,Africa,Silver,Diesel,Manual,3.2,108501,71822,4068,Low
12/31/2021,i8,2021,Europe,White,Diesel,Automatic,2.7,125561,145362,323,Low
12/31/2017,3 Series,2017,North America,Red,Electric,Automatic,4.7,12265,104803,8578,High
12/31/2017,3 Series,2017,Asia,Black,Diesel,Automatic,2.4,21108,72361,8610,High
12/31/2012,5 Series,2012,South America,Red,Petrol,Automatic,4.3,118740,60604,3455,Low
12/31/2022,M5,2022,North America,Black,Electric,Automatic,4.7,131709,159782,2347,Low
12/31/2017,5 Series,2017,Middle East,Silver,Diesel,Automatic,4.1,69055,96638,5035,High
12/31/2020,M3,2020,Europe,Red,Hybrid,Automatic,3.9,107587,119059,3644,Low
12/31/2020,X1,2020,South America,Black,Electric,Manual,1.7,19723,88787,4631,Low
12/31/2015,3 Series,2015,Africa,Grey,Electric,Automatic,2.2,179279,51119,5312,High
12/31/2019,X1,2019,Middle East,Red,Diesel,Automatic,3.8,11327,89700,5200,High
12/31/2018,3 Series,2018,Africa,Grey,Hybrid,Manual,4.2,35804,96310,4766,Low
12/31/2019,X5,2019,North America,Red,Diesel,Automatic,1.7,66520,92551,5895,High
12/31/2022,7 Series,2022,South America,Grey,Petrol,Manual,1.6,146124,108379,1202,Low
12/31/2015,i8,2015,Europe,Red,Electric,Automatic,2.6,149907,125602,50,Low
12/31/2017,5 Series,2017,Asia,Silver,Petrol,Automatic,3.8,7030,97540,5952,High
12/31/2011,X5,2011,Africa,Red,Electric,Automatic,3.3,59645,80336,1867,Low
12/31/2010,i3,2010,Europe,Blue,Diesel,Automatic,1.5,125002,25000,5132,High
12/31/2019,X1,2019,North America,White,Diesel,Manual,2,180315,43048,7299,High
12/31/2019,X1,2019,Africa,Silver,Petrol,Automatic,4.1,199058,58319,4533,Low
12/31/2011,i3,2011,South America,Red,Electric,Automatic,2.5,106705,52181,2404,Low
12/31/2021,M3,2021,Asia,Red,Hybrid,Automatic,1.9,2224,126985,2978,Low
12/31/2013,i8,2013,Africa,Black,Petrol,Manual,1.7,67356,112278,50,Low
12/31/2019,X6,2019,Africa,Blue,Petrol,Manual,4.5,129299,97966,2384,Low
12/31/2018,5 Series,2018,Europe,Grey,Electric,Manual,3.2,136475,92040,7995,High
12/31/2016,X3,2016,North America,Blue,Electric,Automatic,3.3,47239,138671,7442,High
12/31/2018,X3,2018,Asia,Red,Electric,Manual,1.7,58215,45177,9005,High
12/31/2018,5 Series,2018,North America,Grey,Electric,Automatic,3.2,50599,104895,7467,High
12/31/2018,7 Series,2018,South America,Red,Electric,Manual,3.8,126903,121900,903,Low
12/31/2017,7 Series,2017,North America,Blue,Diesel,Automatic,1.9,142690,91577,1286,Low
12/31/2015,3 Series,2015,Africa,Blue,Electric,Manual,4.7,56900,86853,5125,High
12/31/2023,X1,2023,North America,Silver,Hybrid,Manual,4.2,138920,93339,8968,High
12/31/2020,M5,2020,South America,Silver,Petrol,Manual,4.3,148184,122832,866,Low
12/31/2019,3 Series,2019,Middle East,Blue,Electric,Manual,3.4,96454,95610,6697,High
12/31/2016,M5,2016,Africa,Grey,Petrol,Manual,2.7,83995,99512,579,Low
12/31/2024,X6,2024,Asia,White,Hybrid,Manual,3.7,40216,144989,5172,High
12/31/2011,3 Series,2011,Europe,Silver,Hybrid,Manual,2.3,71481,46930,7965,High
12/31/2020,X1,2020,North America,Blue,Petrol,Automatic,2,65755,74097,7066,High
12/31/2010,5 Series,2010,South America,Silver,Diesel,Automatic,3.4,72565,53311,3317,Low
12/31/2022,M3,2022,Europe,Grey,Electric,Manual,3.2,46053,134769,3659,Low
12/31/2014,M3,2014,North America,Red,Petrol,Manual,2,17484,78345,2891,Low
12/31/2017,3 Series,2017,Asia,Grey,Diesel,Manual,3.4,18653,77088,8417,High
12/31/2012,X3,2012,Europe,Red,Diesel,Automatic,3.4,86118,53397,8257,High
12/31/2016,3 Series,2016,Middle East,Silver,Hybrid,Manual,4.6,45639,92528,6528,High
12/31/2014,7 Series,2014,Europe,Black,Hybrid,Manual,4.2,177474,93842,857,Low
12/31/2021,i3,2021,North America,Red,Electric,Automatic,2.3,128847,91778,5952,High
12/31/2019,M5,2019,Europe,Blue,Hybrid,Manual,4.4,184783,124163,2097,Low
12/31/2022,i3,2022,North America,Silver,Petrol,Manual,4.9,50646,112807,5522,High
12/31/2017,X3,2017,Asia,Grey,Diesel,Automatic,4,36233,92205,7768,High
12/31/2015,X1,2015,North America,Grey,Diesel,Manual,4.3,109829,55197,7927,High
12/31/2015,5 Series,2015,South America,Silver,Diesel,Manual,2.4,111954,55078,4729,Low
12/31/2016,X6,2016,Asia,Black,Diesel,Manual,5,70105,106881,3995,Low
12/31/2016,M3,2016,Europe,Black,Diesel,Manual,2.1,73306,79954,2662,Low
12/31/2013,3 Series,2013,South America,White,Electric,Automatic,4.1,15507,82775,4939,Low
12/31/2019,3 Series,2019,North America,Grey,Electric,Manual,2.9,171397,75307,9276,High
12/31/2021,M5,2021,Asia,Silver,Hybrid,Manual,2.7,102992,135333,2522,Low
12/31/2019,i8,2019,Middle East,Silver,Petrol,Automatic,2.5,120861,141888,50,Low
12/31/2019,X3,2019,Asia,Grey,Petrol,Manual,3,50703,84763,7819,High
12/31/2024,i3,2024,Europe,Red,Hybrid,Manual,4.3,76952,113942,6079,High
12/31/2022,X6,2022,South America,Red,Petrol,Manual,4.8,137650,117702,2392,Low
12/31/2017,7 Series,2017,Middle East,Red,Petrol,Manual,3,156943,103400,659,Low
12/31/2015,i3,2015,South America,Silver,Hybrid,Automatic,3.8,72773,74601,2812,Low
12/31/2020,5 Series,2020,Europe,Red,Diesel,Manual,4.3,26566,154866,6402,High
12/31/2022,X5,2022,Middle East,Red,Hybrid,Manual,1.8,32187,123572,4922,Low
12/31/2017,i3,2017,Middle East,Grey,Petrol,Manual,4.9,181215,66557,3681,Low
12/31/2016,3 Series,2016,Middle East,Red,Electric,Manual,2.2,39862,85650,6853,High
12/31/2010,X3,2010,Europe,Grey,Hybrid,Automatic,4.7,181939,48825,7149,High
12/31/2013,X3,2013,North America,Grey,Petrol,Manual,5,195767,48143,9020,High
12/31/2016,M5,2016,Europe,Black,Hybrid,Automatic,1.9,74000,116070,1288,Low
12/31/2018,X3,2018,Europe,Red,Hybrid,Automatic,4.6,126490,90117,9900,High
12/31/2011,i8,2011,Middle East,Grey,Hybrid,Manual,3.7,166402,117869,50,Low
12/31/2024,M3,2024,Asia,White,Petrol,Automatic,4.4,71009,133768,3153,Low
12/31/2014,X3,2014,Middle East,Red,Petrol,Automatic,1.9,11676,69258,6313,High
12/31/2018,3 Series,2018,Asia,Grey,Diesel,Manual,4.4,66551,82445,8468,High
12/31/2018,X6,2018,Europe,Black,Petrol,Automatic,3.7,134403,89791,3741,Low
12/31/2015,3 Series,2015,Middle East,Blue,Petrol,Automatic,3.3,10067,77694,6980,High
12/31/2016,i3,2016,South America,Grey,Hybrid,Manual,3.5,10315,87163,2845,Low
12/31/2018,M5,2018,South America,White,Hybrid,Automatic,4.1,76130,130997,1109,Low
12/31/2023,X5,2023,Africa,Silver,Electric,Manual,2.5,177993,100447,3996,Low
12/31/2023,i3,2023,South America,Silver,Petrol,Automatic,4.8,23565,121434,3332,Low
12/31/2019,X1,2019,North America,White,Petrol,Manual,2.6,149525,55242,7262,High
12/31/2017,M3,2017,North America,Red,Electric,Automatic,4.6,178664,102701,2397,Low
12/31/2023,X5,2023,Asia,Grey,Diesel,Manual,1.5,85527,98075,7260,High
12/31/2019,X3,2019,Europe,Red,Diesel,Automatic,4.7,144906,78546,7705,High
12/31/2015,3 Series,2015,South America,Red,Diesel,Automatic,4.5,10195,84940,5886,High
12/31/2015,3 Series,2015,Africa,Red,Electric,Automatic,1.9,157255,53625,4966,Low
12/31/2016,5 Series,2016,Europe,Grey,Petrol,Manual,4.1,34504,88481,7159,High
12/31/2016,i8,2016,South America,Blue,Diesel,Automatic,2.8,4133,142657,50,Low
12/31/2011,5 Series,2011,Asia,Blue,Petrol,Manual,3.2,159173,41249,7811,High
12/31/2018,i3,2018,Africa,Black,Diesel,Manual,1.7,146395,46430,2915,Low
12/31/2013,X6,2013,Africa,Black,Diesel,Automatic,2.2,22617,73962,1659,Low
12/31/2022,7 Series,2022,South America,Blue,Petrol,Manual,4.8,130969,133509,920,Low
12/31/2022,M5,2022,Asia,Red,Petrol,Automatic,3,152191,129383,1970,Low
12/31/2019,X5,2019,Europe,Silver,Hybrid,Automatic,1.6,97533,94173,6562,High
12/31/2018,X5,2018,Middle East,Silver,Petrol,Automatic,3.3,181683,75610,4658,Low
12/31/2024,5 Series,2024,Africa,Silver,Electric,Automatic,5,137787,125156,4133,Low
12/31/2024,5 Series,2024,Europe,Red,Diesel,Automatic,2.7,37102,120846,7778,High
12/31/2021,i8,2021,Asia,Grey,Diesel,Manual,2,112360,134890,517,Low
12/31/2020,7 Series,2020,Europe,Silver,Electric,Automatic,3.8,58458,149732,1309,Low
12/31/2024,3 Series,2024,North America,Silver,Petrol,Manual,4.7,52215,112196,9919,High
12/31/2019,M5,2019,Europe,Red,Hybrid,Automatic,4.5,145930,136605,1947,Low
12/31/2012,7 Series,2012,Africa,Blue,Petrol,Manual,3.8,118419,78173,50,Low
12/31/2014,i3,2014,Europe,Black,Electric,Automatic,2.1,179088,50129,5009,High
12/31/2014,M3,2014,Middle East,Silver,Electric,Manual,4.2,52833,105843,1001,Low
12/31/2016,5 Series,2016,Africa,Blue,Hybrid,Manual,4.4,84018,95444,3140,Low
12/31/2021,X3,2021,Europe,Black,Diesel,Manual,4.5,40639,107106,7973,High
12/31/2013,5 Series,2013,Africa,Grey,Hybrid,Manual,2.9,90934,68634,2833,Low
12/31/2020,i3,2020,Middle East,Blue,Diesel,Automatic,2.9,145877,72529,4103,Low
12/31/2024,X3,2024,Asia,White,Diesel,Manual,2,168660,72832,10764,High
12/31/2022,X5,2022,South America,Blue,Petrol,Manual,4.2,189281,92636,4108,Low
12/31/2021,X1,2021,North America,Blue,Hybrid,Manual,4.1,73525,97663,8989,High
12/31/2013,i8,2013,Europe,Silver,Hybrid,Manual,1.8,57706,123614,50,Low
12/31/2022,M3,2022,Middle East,Blue,Hybrid,Manual,1.6,96236,111345,2939,Low
12/31/2024,5 Series,2024,Middle East,Blue,Petrol,Manual,4.8,68358,122855,5695,High
12/31/2022,X3,2022,Asia,Black,Hybrid,Automatic,1.6,93310,93553,10466,High
12/31/2010,X5,2010,Africa,Black,Petrol,Manual,3.7,179724,37634,2804,Low
12/31/2015,X3,2015,Middle East,Blue,Petrol,Manual,3.1,8799,75966,688,Low
12/31/2013,M3,2013,Europe,Grey,Electric,Manual,4.2,148856,79501,2404,Low
12/31/2020,i8,2020,Africa,Black,Electric,Automatic,1.8,162386,141288,250,Low
12/31/2024,X1,2024,Middle East,Blue,Hybrid,Manual,3.9,159019,94855,6648,High
12/31/2019,X5,2019,Asia,Silver,Diesel,Manual,3.7,33319,104023,6879,High
12/31/2019,3 Series,2019,Middle East,Red,Petrol,Manual,4.5,155844,77808,5848,High
12/31/2014,X1,2014,Europe,Blue,Diesel,Automatic,3.3,85531,48575,1357,Low
12/31/2023,5 Series,2023,Africa,Black,Hybrid,Automatic,4,166992,107831,4377,Low
12/31/2024,5 Series,2024,South America,White,Electric,Manual,3,199463,99941,5201,High
12/31/2024,X3,2024,Asia,Red,Diesel,Automatic,4.9,22621,131811,8104,High
12/31/2020,X3,2020,Asia,White,Hybrid,Manual,3.5,57021,106215,9197,High
12/31/2018,X6,2018,North America,Grey,Hybrid,Manual,4.1,164666,104800,4364,Low
12/31/2013,i8,2013,Africa,Black,Electric,Manual,1.8,192522,94822,50,Low
12/31/2010,i8,2010,Middle East,White,Hybrid,Automatic,3.1,29804,134078,50,Low
12/31/2024,7 Series,2024,Europe,Silver,Petrol,Automatic,1.7,108174,131716,1707,Low
12/31/2020,i8,2020,Africa,White,Diesel,Manual,1.9,135011,129021,50,Low
12/31/2018,X3,2018,North America,Red,Diesel,Manual,3.3,131465,66258,8949,High
12/31/2014,3 Series,2014,South America,Red,Diesel,Automatic,2.7,71827,53536,5149,High
12/31/2019,i3,2019,Europe,Blue,Petrol,Automatic,3.1,42338,88043,5054,High
12/31/2022,i8,2022,Asia,Grey,Petrol,Automatic,3.2,49887,163547,272,Low
12/31/2021,i3,2021,Europe,Red,Diesel,Manual,2.1,105018,68856,5034,High
12/31/2022,7 Series,2022,Europe,Black,Electric,Automatic,2.8,195634,123995,2267,Low
12/31/2020,M5,2020,Asia,White,Electric,Manual,4.5,161465,139729,2066,Low
12/31/2016,3 Series,2016,Middle East,White,Petrol,Automatic,4.5,198142,60165,5708,High
12/31/2012,7 Series,2012,Africa,Red,Electric,Automatic,3.2,45835,103079,50,Low
12/31/2013,M5,2013,Europe,Silver,Electric,Manual,4.1,104493,118171,783,Low
12/31/2021,i8,2021,Europe,Red,Diesel,Manual,4.1,143724,150705,252,Low
12/31/2019,X6,2019,South America,Silver,Diesel,Automatic,1.7,29066,95983,2838,Low
12/31/2018,5 Series,2018,Europe,Grey,Electric,Manual,3.6,39521,112215,7069,High
12/31/2019,M3,2019,Middle East,Red,Hybrid,Automatic,4.3,5707,132524,2236,Low
12/31/2022,M5,2022,South America,Grey,Electric,Manual,3.6,42827,151648,1383,Low
12/31/2010,M3,2010,Asia,Black,Hybrid,Manual,3.4,1038,86744,1730,Low
12/31/2021,7 Series,2021,Africa,White,Diesel,Manual,3.4,47029,121951,612,Low
12/31/2020,7 Series,2020,Europe,White,Diesel,Manual,3.3,45991,123575,1322,Low
12/31/2014,5 Series,2014,North America,Red,Petrol,Automatic,4.2,70674,85017,5910,High
12/31/2017,X6,2017,South America,Blue,Electric,Manual,3.7,165543,97741,2394,Low
12/31/2019,X6,2019,North America,Blue,Petrol,Manual,2.3,649,169402,3678,Low
12/31/2016,i8,2016,South America,Silver,Electric,Manual,3,38599,155776,50,Low
12/31/2023,7 Series,2023,Europe,Blue,Hybrid,Manual,3.4,172949,125924,2162,Low
12/31/2023,M3,2023,North America,Red,Petrol,Manual,3,149139,107172,3486,Low
12/31/2013,7 Series,2013,North America,Grey,Hybrid,Automatic,2.3,138948,87785,848,Low
12/31/2016,X5,2016,Middle East,White,Hybrid,Manual,1.9,131049,76667,4441,Low
12/31/2010,i3,2010,Asia,Grey,Hybrid,Manual,1.9,175224,25000,4853,Low
12/31/2015,M5,2015,Asia,Blue,Hybrid,Automatic,2.5,13466,131885,1128,Low
12/31/2018,3 Series,2018,Middle East,Grey,Hybrid,Manual,2.9,109859,74803,6249,High
12/31/2012,X5,2012,Africa,Red,Petrol,Automatic,3.9,188522,52158,2724,Low
12/31/2013,X5,2013,Europe,Red,Hybrid,Automatic,4.9,76320,93731,5397,High
12/31/2017,X1,2017,Middle East,Red,Hybrid,Automatic,4.6,85081,87269,5409,High
12/31/2021,X5,2021,Europe,Red,Hybrid,Automatic,4.3,108734,116301,6340,High
12/31/2014,X3,2014,South America,Grey,Electric,Automatic,4.3,60534,86175,4065,Low
12/31/2014,i8,2014,South America,Silver,Electric,Automatic,3.6,45197,141760,50,Low
12/31/2024,X3,2024,Europe,White,Hybrid,Manual,2.4,80341,101967,9296,High
12/31/2010,i8,2010,Middle East,Grey,Hybrid,Manual,3.2,171883,110592,50,Low
12/31/2015,5 Series,2015,North America,Silver,Petrol,Automatic,2,137887,57422,7897,High
12/31/2023,i8,2023,South America,Blue,Electric,Automatic,3.5,39946,191611,74,Low
12/31/2011,M5,2011,South America,White,Diesel,Automatic,1.6,120412,68434,422,Low
12/31/2010,M5,2010,Middle East,White,Diesel,Manual,2.2,56181,86423,189,Low
12/31/2015,X5,2015,Europe,Black,Diesel,Manual,4,16869,93397,5639,High
12/31/2014,i8,2014,Europe,Blue,Petrol,Manual,2.5,101724,115858,50,Low
12/31/2022,3 Series,2022,North America,White,Diesel,Manual,3,157641,71186,11349,High
12/31/2014,7 Series,2014,Asia,Blue,Diesel,Manual,4.4,135037,90699,969,Low
12/31/2018,X3,2018,South America,Red,Diesel,Manual,1.7,7026,77129,4646,Low
12/31/2021,i3,2021,Middle East,Black,Petrol,Manual,1.6,39027,86695,3605,Low
12/31/2024,X6,2024,South America,Silver,Hybrid,Manual,2.3,12864,133399,2897,Low
12/31/2019,X5,2019,Europe,Red,Hybrid,Automatic,3.9,79024,109076,6705,High
12/31/2019,X5,2019,Asia,Grey,Petrol,Manual,2.3,131677,77902,7140,High
12/31/2022,X5,2022,Asia,Blue,Hybrid,Automatic,4.5,76705,125776,6966,High
12/31/2012,X6,2012,North America,Blue,Petrol,Automatic,2.7,193118,53299,3596,Low
12/31/2010,3 Series,2010,Africa,Grey,Petrol,Automatic,2.5,422,68395,4674,Low
12/31/2023,X1,2023,Asia,White,Diesel,Automatic,2.3,29289,93617,7299,High
12/31/2023,M5,2023,Europe,Blue,Diesel,Manual,3.5,149425,133571,2138,Low
12/31/2017,M5,2017,Middle East,White,Electric,Automatic,4.5,172523,129938,559,Low
12/31/2024,5 Series,2024,Middle East,Blue,Petrol,Manual,2.9,157162,102022,5666,High
12/31/2021,M5,2021,Europe,Silver,Petrol,Manual,2.4,79645,131374,1825,Low
12/31/2014,M3,2014,Asia,Blue,Petrol,Manual,3,32879,84988,2892,Low
12/31/2020,i8,2020,Middle East,Red,Hybrid,Manual,4.7,95885,165507,99,Low
12/31/2014,7 Series,2014,Asia,Blue,Diesel,Manual,2.7,193176,68965,1505,Low
12/31/2017,7 Series,2017,Europe,Blue,Hybrid,Manual,3.8,145716,106856,1340,Low
12/31/2017,X5,2017,Asia,Red,Diesel,Automatic,2.7,70967,89225,6324,High
12/31/2020,5 Series,2020,Africa,Grey,Diesel,Manual,3.9,13340,108538,4054,Low
12/31/2011,X6,2011,North America,White,Electric,Manual,4.6,153511,79123,3497,Low
12/31/2012,7 Series,2012,Middle East,Blue,Diesel,Automatic,3.6,68928,101736,50,Low
12/31/2019,i3,2019,Europe,Black,Diesel,Automatic,4.8,160436,75220,5132,High
12/31/2019,3 Series,2019,South America,Blue,Diesel,Manual,3.6,372,93631,5974,High
12/31/2010,i8,2010,Europe,Red,Electric,Manual,4.9,92002,58179,50,Low
12/31/2024,7 Series,2024,Asia,Blue,Diesel,Automatic,4,106431,143009,2014,Low
12/31/2012,X5,2012,Europe,Silver,Hybrid,Automatic,3.8,129300,76781,4910,Low
12/31/2021,X6,2021,North America,Blue,Diesel,Manual,4.4,161872,106131,3882,Low
12/31/2013,i8,2013,Europe,Silver,Electric,Manual,1.5,96507,118060,50,Low
12/31/2020,M3,2020,Asia,Red,Petrol,Manual,2.4,118285,90245,3145,Low
12/31/2016,5 Series,2016,Middle East,Grey,Diesel,Automatic,2.3,18953,88824,3880,Low
12/31/2018,7 Series,2018,Africa,Grey,Petrol,Manual,1.9,49920,110372,498,Low
12/31/2021,X1,2021,North America,Silver,Electric,Manual,4.8,91147,100197,9102,High
12/31/2014,5 Series,2014,Europe,White,Petrol,Manual,2,52174,67827,669,Low
12/31/2021,X5,2021,Africa,Silver,Diesel,Automatic,2.4,49550,101455,3067,Low
12/31/2010,i8,2010,Middle East,Black,Petrol,Manual,2.7,145321,128082,50,Low
12/31/2011,X3,2011,Africa,Blue,Hybrid,Manual,3.7,2885,74967,3915,Low
12/31/2019,i3,2019,Middle East,Grey,Hybrid,Automatic,4.2,74869,96966,3491,Low
12/31/2011,i3,2011,Asia,Black,Diesel,Automatic,3.6,17947,58290,3997,Low
12/31/2018,X6,2018,South America,Red,Petrol,Manual,4.1,149609,38905,2832,Low
12/31/2019,M5,2019,Africa,White,Diesel,Automatic,2.9,36126,126889,515,Low
12/31/2016,i8,2016,Middle East,Blue,Electric,Automatic,5,88336,163159,50,Low
12/31/2011,7 Series,2011,South America,Blue,Electric,Automatic,2.1,100576,90159,50,Low
12/31/2010,X1,2010,Africa,Grey,Hybrid,Automatic,2.9,34772,52058,2903,Low
12/31/2014,i3,2014,Europe,Red,Electric,Automatic,4.4,42801,92020,3800,Low
12/31/2021,5 Series,2021,Asia,Blue,Diesel,Automatic,2.4,157106,82590,6902,High
12/31/2010,M5,2010,Africa,Red,Electric,Manual,4.1,80982,98645,50,Low
12/31/2018,M5,2018,Europe,Grey,Petrol,Manual,2.8,157378,104474,1654,Low
12/31/2012,i3,2012,South America,Grey,Diesel,Automatic,2.1,167259,25000,2742,Low
12/31/2011,M3,2011,Europe,White,Petrol,Automatic,2.9,96923,62090,2404,Low
12/31/2023,M5,2023,North America,White,Petrol,Automatic,4.2,68304,150557,1734,Low
12/31/2022,X6,2022,Asia,Blue,Hybrid,Manual,1.9,58724,114981,4607,Low
12/31/2015,X5,2015,North America,Grey,Diesel,Automatic,3.3,169423,65537,5422,High
12/31/2012,M5,2012,South America,Grey,Electric,Manual,4.1,94808,106213,50,Low
12/31/2014,X3,2014,Africa,Grey,Electric,Automatic,4.1,134914,74286,4189,Low
12/31/2019,X6,2019,Africa,White,Petrol,Automatic,2.9,33988,111614,1761,Low
12/31/2023,M3,2023,North America,Black,Diesel,Automatic,3.1,61637,117056,3397,Low
12/31/2017,5 Series,2017,Africa,Red,Petrol,Manual,4.5,8030,100675,2874,Low
12/31/2019,3 Series,2019,South America,Black,Hybrid,Manual,2.2,35318,90598,5835,High
12/31/2011,X1,2011,Europe,White,Petrol,Manual,5,35139,56285,5752,High
12/31/2021,X5,2021,South America,White,Diesel,Manual,3,39542,101449,4236,Low
12/31/2022,M3,2022,Africa,Blue,Petrol,Automatic,2.5,47042,109048,1935,Low
12/31/2014,M3,2014,Middle East,Blue,Electric,Manual,1.5,76091,85643,1378,Low
12/31/2020,i3,2020,Middle East,Silver,Hybrid,Manual,1.9,76518,83165,4361,Low
12/31/2017,7 Series,2017,North America,Silver,Petrol,Manual,4.1,122615,109731,1134,Low
12/31/2010,X3,2010,Middle East,Black,Petrol,Manual,3.8,191098,29840,5618,High
12/31/2019,7 Series,2019,South America,Blue,Petrol,Automatic,2.4,124331,101609,984,Low
12/31/2019,5 Series,2019,South America,Grey,Hybrid,Manual,4.7,117321,102550,4371,Low
12/31/2023,M3,2023,Middle East,Grey,Electric,Automatic,4.4,77238,143542,2150,Low
12/31/2020,M3,2020,North America,Grey,Hybrid,Manual,2.4,47812,116946,2873,Low
12/31/2022,X3,2022,Asia,Grey,Hybrid,Manual,2.7,45645,60434,9025,High
12/31/2021,i3,2021,Asia,Grey,Petrol,Manual,2.1,96033,76916,13838,High
12/31/2022,5 Series,2022,Middle East,White,Petrol,Automatic,3.7,48758,113495,5387,High
12/31/2021,M5,2021,Middle East,Grey,Petrol,Manual,4,171009,134048,1045,Low
12/31/2013,7 Series,2013,Middle East,Red,Electric,Manual,2.9,154109,93504,270,Low
12/31/2014,X3,2014,Middle East,Blue,Hybrid,Automatic,4.1,98382,76653,6104,High
12/31/2023,M3,2023,Europe,White,Hybrid,Manual,5,97569,63620,3947,Low
12/31/2019,7 Series,2019,Asia,Red,Hybrid,Manual,3.6,197763,110986,1864,Low
12/31/2021,X5,2021,Asia,Silver,Electric,Manual,3.8,22121,135402,5648,High
12/31/2023,7 Series,2023,Europe,Grey,Electric,Automatic,2.8,187787,124933,2022,Low
12/31/2020,X5,2020,Asia,Grey,Diesel,Manual,1.5,29836,97144,5705,High
12/31/2012,i8,2012,South America,Blue,Electric,Manual,4.8,107080,133802,50,Low
12/31/2021,X3,2021,South America,Red,Petrol,Manual,4.2,134275,84659,4975,Low
12/31/2011,X1,2011,Africa,Blue,Hybrid,Manual,3.9,166430,35858,3581,Low
12/31/2021,X6,2021,South America,Black,Hybrid,Manual,1.6,146859,96164,3265,Low
12/31/2012,X5,2012,North America,Blue,Diesel,Manual,4.2,16695,83731,4857,Low
12/31/2024,3 Series,2024,Africa,Blue,Petrol,Automatic,3.8,147205,90334,6218,High
12/31/2020,3 Series,2020,South America,Grey,Petrol,Manual,3.5,106557,77100,6480,High
12/31/2014,M3,2014,North America,Silver,Petrol,Automatic,3.7,57041,92501,2347,Low
12/31/2016,5 Series,2016,Middle East,Red,Electric,Automatic,4.7,62705,112018,4155,Low
12/31/2011,M5,2011,Middle East,Black,Electric,Automatic,1.5,32869,113577,50,Low
12/31/2022,3 Series,2022,Middle East,Silver,Petrol,Automatic,2,157426,74728,7173,High
12/31/2024,5 Series,2024,Middle East,Black,Electric,Automatic,4.6,55005,147307,5478,High
12/31/2023,i3,2023,Middle East,Grey,Electric,Automatic,1.5,93205,103143,3757,Low
12/31/2016,M3,2016,South America,White,Petrol,Automatic,4.7,53069,99185,1109,Low
12/31/2015,X5,2015,Europe,Grey,Electric,Automatic,1.6,154979,67994,5149,High
12/31/2023,7 Series,2023,Middle East,Red,Electric,Manual,4.2,65803,171442,1105,Low
12/31/2016,3 Series,2016,Europe,Silver,Electric,Automatic,4.6,6575,103543,8216,High
12/31/2016,X5,2016,Africa,Red,Petrol,Automatic,3.6,150829,68342,3073,Low
12/31/2018,X6,2018,Europe,Red,Diesel,Automatic,3.7,42392,103579,4419,Low
12/31/2016,3 Series,2016,Europe,Blue,Electric,Automatic,1.7,174121,57149,9588,High
12/31/2023,M5,2023,Asia,Black,Diesel,Manual,2.2,192253,112616,2243,Low
12/31/2021,X3,2021,Europe,Grey,Petrol,Manual,4.6,183626,84177,9025,High
12/31/2022,7 Series,2022,South America,Black,Electric,Manual,4.4,67096,146000,1116,Low
12/31/2015,i8,2015,South America,Black,Petrol,Manual,1.7,160336,97802,50,Low
12/31/2019,3 Series,2019,Africa,Black,Electric,Manual,4.3,98229,91455,6291,High
12/31/2017,M5,2017,Asia,Grey,Petrol,Manual,3,179561,101331,1728,Low
12/31/2016,X5,2016,Asia,Red,Hybrid,Manual,3.5,187867,74046,6900,High
12/31/2015,i3,2015,South America,Silver,Diesel,Automatic,1.9,25711,57805,2873,Low
12/31/2013,5 Series,2013,Middle East,Red,Diesel,Automatic,2.9,75773,63960,4232,Low
12/31/2016,X6,2016,South America,Blue,Electric,Manual,3,44257,101357,1945,Low
12/31/2021,i8,2021,Middle East,Silver,Electric,Manual,3.8,196335,153970,436,Low
12/31/2017,3 Series,2017,South America,Blue,Hybrid,Manual,3.8,69745,84179,6461,High
12/31/2017,M5,2017,Africa,Grey,Electric,Automatic,3.4,182835,107960,479,Low
12/31/2021,3 Series,2021,Europe,Red,Diesel,Automatic,1.6,42580,81634,10100,High
12/31/2021,X3,2021,Middle East,Silver,Petrol,Automatic,2.1,164280,72174,7077,High
12/31/2013,i3,2013,North America,Black,Electric,Automatic,2.1,16071,73835,4290,Low
12/31/2019,i3,2019,Europe,Black,Diesel,Manual,4.6,47043,89401,4501,Low
12/31/2018,5 Series,2018,Africa,White,Petrol,Automatic,4.7,16129,106378,3229,Low
12/31/2012,X1,2012,Africa,Black,Petrol,Automatic,4.3,115830,45995,4014,Low
12/31/2018,X5,2018,South America,Grey,Petrol,Manual,2.1,42790,84718,3946,Low
12/31/2012,M5,2012,Middle East,Black,Electric,Manual,4.4,54006,126598,50,Low
12/31/2022,i8,2022,North America,Silver,Petrol,Automatic,2.2,157506,138726,637,Low
12/31/2016,X6,2016,South America,Black,Petrol,Manual,3.4,131038,75936,2333,Low
12/31/2013,M5,2013,North America,Silver,Diesel,Manual,4.1,172783,91926,1215,Low
12/31/2014,X1,2014,Europe,Grey,Hybrid,Automatic,1.7,103270,46776,6269,High
12/31/2022,M3,2022,Middle East,Red,Electric,Automatic,3.6,25197,151013,2415,Low
12/31/2024,M5,2024,Middle East,Grey,Hybrid,Automatic,2.4,82187,161030,1645,Low
12/31/2012,X6,2012,Europe,Grey,Diesel,Automatic,3.2,5112,82684,3087,Low
12/31/2011,i8,2011,Middle East,Silver,Petrol,Automatic,2.8,1190,126396,50,Low
12/31/2021,X3,2021,Middle East,Grey,Diesel,Manual,3.9,115999,92693,6529,High
12/31/2017,7 Series,2017,Asia,White,Hybrid,Automatic,3.2,181956,103792,1235,Low
12/31/2023,3 Series,2023,Middle East,Red,Electric,Automatic,2.6,77255,110330,6887,High
12/31/2016,X3,2016,South America,White,Hybrid,Manual,4.7,180841,70189,4732,Low
12/31/2016,X5,2016,North America,Blue,Petrol,Manual,4.9,53151,99549,5932,High
12/31/2017,7 Series,2017,Africa,Blue,Diesel,Automatic,4.3,79858,118849,189,Low
12/31/2022,i3,2022,Asia,White,Diesel,Manual,3.5,199127,71084,5854,High
12/31/2010,i3,2010,North America,Silver,Diesel,Automatic,4.6,4186,65545,4266,Low
12/31/2021,3 Series,2021,South America,Black,Petrol,Automatic,3.6,167089,76583,5702,High
12/31/2017,5 Series,2017,South America,Black,Diesel,Manual,2,158096,53441,5056,High
12/31/2019,X1,2019,South America,Silver,Petrol,Manual,1.6,38316,68197,4684,Low
12/31/2021,5 Series,2021,South America,Blue,Petrol,Manual,4,27322,109447,4308,Low
12/31/2023,X6,2023,South America,Grey,Petrol,Manual,4.1,181407,106393,3037,Low
12/31/2023,X6,2023,North America,Black,Hybrid,Automatic,4.7,77417,144218,4949,Low
12/31/2014,3 Series,2014,Asia,Grey,Electric,Automatic,4.4,9333,98064,10466,High
12/31/2017,X1,2017,Europe,Silver,Electric,Manual,3.7,196581,61185,8508,High
12/31/2018,3 Series,2018,Africa,Red,Diesel,Automatic,2.2,123372,59275,6026,High
12/31/2022,X3,2022,North America,Grey,Electric,Manual,3.6,31535,127265,8039,High
12/31/2011,X3,2011,South America,Red,Petrol,Manual,3,108573,39977,4272,Low
12/31/2012,X6,2012,Asia,Grey,Hybrid,Automatic,2.3,98403,79582,3384,Low
12/31/2015,5 Series,2015,Middle East,Grey,Hybrid,Automatic,4.3,175979,75496,4426,Low
12/31/2018,M5,2018,Europe,Grey,Electric,Manual,2,74643,125300,1716,Low
12/31/2023,X1,2023,Europe,Black,Electric,Automatic,3.7,185929,87546,9068,High
12/31/2019,3 Series,2019,North America,Red,Diesel,Manual,3.6,195978,59255,9985,High
12/31/2019,M5,2019,South America,Silver,Hybrid,Manual,2.6,168379,111392,1329,Low
12/31/2017,7 Series,2017,Europe,Black,Petrol,Automatic,3,168679,98501,1340,Low
12/31/2023,X6,2023,Middle East,Black,Petrol,Automatic,1.9,28526,128473,3333,Low
12/31/2022,X6,2022,Asia,Grey,Hybrid,Manual,1.6,52001,114707,5840,High
12/31/2015,X1,2015,North America,Red,Diesel,Automatic,1.5,130726,36447,8746,High
12/31/2014,i3,2014,North America,Blue,Hybrid,Manual,2.1,133107,51127,4978,Low
12/31/2023,3 Series,2023,Middle East,White,Hybrid,Manual,4.5,53925,119132,7996,High
12/31/2022,X1,2022,Middle East,Silver,Hybrid,Manual,3.3,52624,96813,6689,High
12/31/2012,3 Series,2012,Europe,Black,Hybrid,Automatic,1.9,23600,62509,7624,High
12/31/2021,X5,2021,Europe,White,Electric,Manual,4.7,64086,129559,5425,High
12/31/2013,X1,2013,Asia,Black,Hybrid,Automatic,3.5,132726,49703,7248,High
12/31/2022,M3,2022,Asia,White,Hybrid,Automatic,1.6,56262,169343,3165,Low
12/31/2022,3 Series,2022,Africa,Red,Electric,Automatic,4.2,35954,117340,5332,High
12/31/2016,X3,2016,Middle East,Black,Diesel,Manual,3.2,3845,81267,5846,High
12/31/2016,X3,2016,South America,Black,Hybrid,Automatic,3.4,196841,57938,4526,Low
12/31/2012,7 Series,2012,Middle East,Blue,Hybrid,Manual,3.6,41399,111476,50,Low
12/31/2013,X6,2013,Africa,Blue,Diesel,Automatic,1.8,42775,72250,1798,Low
12/31/2012,i8,2012,Europe,Black,Diesel,Manual,4.8,67399,123499,50,Low
12/31/2024,M5,2024,Asia,Black,Diesel,Manual,2.4,180726,116752,2665,Low
12/31/2024,i3,2024,North America,Blue,Hybrid,Manual,3.7,72692,113881,5908,High
12/31/2011,X6,2011,Asia,Black,Diesel,Automatic,4.5,70261,78607,4058,Low
12/31/2015,i3,2015,Africa,Blue,Diesel,Automatic,2.7,75201,56897,2502,Low
12/31/2016,X6,2016,North America,Black,Petrol,Manual,3.7,133426,83422,3772,Low
12/31/2013,i3,2013,South America,Blue,Diesel,Manual,5,145970,50804,3016,Low
12/31/2014,i8,2014,North America,Silver,Hybrid,Manual,4.5,186211,133008,50,Low
12/31/2017,5 Series,2017,Asia,Blue,Electric,Manual,4.2,60372,108705,7013,High
12/31/2018,X1,2018,North America,White,Hybrid,Automatic,3,71975,81361,8030,High
12/31/2016,M3,2016,South America,Black,Hybrid,Manual,3.1,64838,91061,1188,Low
12/31/2019,M3,2019,North America,Black,Diesel,Automatic,3.2,98239,93918,3454,Low
12/31/2023,X6,2023,North America,Red,Petrol,Automatic,3.9,2886,145203,4332,Low
12/31/2010,i3,2010,Africa,Black,Hybrid,Automatic,2,30211,50212,1691,Low
12/31/2020,M5,2020,Asia,Blue,Electric,Automatic,4.5,188312,134413,2330,Low
12/31/2023,X5,2023,Europe,Blue,Diesel,Manual,1.6,139322,87417,6998,High
12/31/2012,7 Series,2012,Asia,Silver,Hybrid,Automatic,2.1,32325,104857,615,Low
12/31/2020,7 Series,2020,North America,Red,Electric,Manual,3.2,86783,136456,1556,Low
12/31/2014,3 Series,2014,Africa,Silver,Electric,Automatic,2.4,186193,48662,5426,High
12/31/2012,M3,2012,Asia,Silver,Diesel,Automatic,2.8,11982,83377,2090,Low
12/31/2024,X5,2024,Africa,Blue,Diesel,Manual,2.7,134484,97583,3429,Low
12/31/2010,7 Series,2010,Europe,Silver,Petrol,Automatic,2.4,126095,72839,650,Low
12/31/2011,7 Series,2011,Middle East,White,Hybrid,Automatic,2.8,18302,105990,50,Low
12/31/2017,i8,2017,South America,White,Petrol,Automatic,3.3,71222,139060,50,Low
12/31/2016,X1,2016,South America,Red,Diesel,Manual,3.2,193771,35199,5676,High
12/31/2022,X3,2022,North America,Blue,Petrol,Manual,4.3,53783,106485,8302,High
12/31/2019,7 Series,2019,Middle East,Grey,Diesel,Automatic,2.6,151165,107738,863,Low
12/31/2012,M5,2012,Africa,White,Electric,Manual,2.5,129290,146870,50,Low
12/31/2013,i3,2013,Europe,Red,Electric,Manual,3.3,57001,70490,4519,Low
12/31/2023,X6,2023,Africa,Red,Electric,Automatic,1.7,47742,121499,2985,Low
12/31/2022,X3,2022,Africa,Red,Hybrid,Automatic,1.9,189224,72658,6222,High
12/31/2012,i8,2012,Europe,Silver,Hybrid,Automatic,4.3,153109,125678,50,Low
12/31/2022,X5,2022,South America,White,Diesel,Automatic,3.2,75259,108567,3299,Low
12/31/2013,5 Series,2013,Africa,White,Petrol,Manual,1.7,771,65737,2845,Low
12/31/2017,X3,2017,Asia,Grey,Petrol,Automatic,3,39797,78673,9304,High
12/31/2018,3 Series,2018,Middle East,Blue,Electric,Manual,2.9,97551,87313,6040,High
12/31/2016,7 Series,2016,Europe,Black,Hybrid,Automatic,2.4,134846,107693,913,Low
12/31/2018,3 Series,2018,Asia,Silver,Diesel,Automatic,2.8,113277,67628,8978,High
12/31/2023,i8,2023,Africa,Red,Hybrid,Automatic,2.2,17146,176472,206,Low
12/31/2018,M3,2018,North America,Black,Electric,Manual,3.1,17808,116023,3260,Low
12/31/2016,M3,2016,Middle East,Grey,Diesel,Automatic,2.9,100882,80905,1857,Low
12/31/2016,X3,2016,Europe,Black,Petrol,Manual,3.6,167667,54321,9466,High
12/31/2017,5 Series,2017,South America,Silver,Hybrid,Automatic,4.8,38990,107318,3675,Low
12/31/2021,7 Series,2021,Europe,Grey,Electric,Manual,2.1,175878,117875,2156,Low
12/31/2019,X1,2019,Africa,Grey,Hybrid,Automatic,3,36417,85552,4773,Low
12/31/2021,M5,2021,Asia,White,Petrol,Manual,3.5,21814,149099,1551,Low
12/31/2021,X5,2021,Middle East,Blue,Electric,Manual,3.4,181501,106285,5121,High
12/31/2012,X1,2012,Africa,Red,Petrol,Automatic,3.8,142695,35706,4336,Low
12/31/2017,X6,2017,South America,Red,Diesel,Manual,2.4,124844,73649,2449,Low
12/31/2010,X3,2010,North America,Silver,Electric,Manual,3.7,38391,73196,8511,High
12/31/2022,i8,2022,Africa,Red,Hybrid,Manual,2.2,82134,155303,377,Low
12/31/2024,X3,2024,Europe,Red,Electric,Automatic,1.9,11719,120104,7919,High
12/31/2015,X3,2015,Asia,White,Diesel,Automatic,4.4,117623,70349,9848,High
12/31/2011,M3,2011,South America,Black,Hybrid,Manual,3.2,57472,78542,910,Low
12/31/2016,X6,2016,Europe,Grey,Petrol,Manual,2.9,94374,86703,3933,Low
12/31/2022,X3,2022,Europe,Grey,Hybrid,Manual,4.7,153095,137637,8125,High
12/31/2012,X5,2012,North America,White,Petrol,Manual,4,2104,84453,4649,Low
12/31/2020,3 Series,2020,Middle East,Grey,Hybrid,Automatic,3.9,193620,78366,7139,High
12/31/2019,X6,2019,Middle East,Red,Hybrid,Manual,2.2,181553,87806,3698,Low
12/31/2014,X6,2014,Asia,Grey,Diesel,Automatic,2.2,36841,83266,3882,Low
12/31/2019,i3,2019,Europe,Silver,Petrol,Automatic,3.2,136502,71295,5360,High
12/31/2011,i3,2011,Europe,Blue,Petrol,Manual,3.8,79859,46117,4193,Low
12/31/2010,X1,2010,Africa,Grey,Hybrid,Manual,2.9,6681,52001,3666,Low
12/31/2014,5 Series,2014,North America,White,Hybrid,Manual,1.7,26292,76332,7274,High
12/31/2018,X6,2018,Middle East,White,Diesel,Manual,3.9,115488,93680,2766,Low
12/31/2024,X6,2024,Africa,White,Hybrid,Manual,4.2,107677,131541,3116,Low
12/31/2018,i8,2018,Europe,Grey,Petrol,Manual,4.8,70237,151575,50,Low
12/31/2016,7 Series,2016,North America,Silver,Petrol,Manual,2.9,61859,114203,893,Low
12/31/2023,5 Series,2023,Asia,White,Electric,Manual,2.4,128552,103973,8260,High
12/31/2018,X5,2018,Middle East,Silver,Diesel,Manual,4.7,94628,103905,3509,Low
12/31/2013,X1,2013,Middle East,Silver,Petrol,Manual,4,9876,64044,4062,Low
12/31/2012,X6,2012,Africa,Blue,Electric,Automatic,1.7,167324,60927,1915,Low
12/31/2020,M5,2020,North America,Red,Hybrid,Manual,3.5,109575,135947,2306,Low
12/31/2013,M3,2013,Europe,White,Petrol,Manual,1.6,144563,47980,2398,Low
12/31/2024,X6,2024,South America,Black,Petrol,Automatic,2.3,8276,133323,2362,Low
12/31/2016,i3,2016,South America,Black,Petrol,Automatic,1.7,118437,48555,3170,Low
12/31/2017,3 Series,2017,Europe,White,Electric,Automatic,2.2,80511,79104,10267,High
12/31/2011,5 Series,2011,North America,Blue,Diesel,Automatic,3.2,180125,40352,7057,High
12/31/2014,5 Series,2014,Asia,Silver,Electric,Manual,2.5,51526,84515,6649,High
12/31/2014,M5,2014,Europe,Blue,Diesel,Automatic,1.8,174370,80583,1519,Low
12/31/2022,X3,2022,South America,Red,Petrol,Manual,3.2,63612,99513,5255,High
12/31/2018,M3,2018,Middle East,Grey,Petrol,Manual,4,183932,84974,2327,Low
12/31/2022,i8,2022,North America,Red,Electric,Manual,1.7,31485,169955,684,Low
12/31/2022,X3,2022,Europe,White,Diesel,Manual,4.6,180268,85293,9900,High
12/31/2024,i3,2024,Middle East,Silver,Electric,Manual,3.8,130461,106193,4091,Low
12/31/2022,i3,2022,Europe,Red,Diesel,Manual,3.3,25690,100406,4730,Low
12/31/2012,i8,2012,Middle East,Grey,Diesel,Manual,2.9,98944,114472,50,Low
12/31/2021,3 Series,2021,Africa,Silver,Diesel,Automatic,2.9,170912,67806,5424,High
12/31/2015,3 Series,2015,North America,Red,Electric,Manual,2.7,58829,79799,8980,High
12/31/2024,X6,2024,Europe,White,Diesel,Manual,1.9,36730,121530,4029,Low
12/31/2019,X6,2019,North America,Silver,Diesel,Manual,1.8,127366,81768,3959,Low
12/31/2021,M3,2021,Asia,Black,Hybrid,Manual,2.6,11626,122503,3738,Low
12/31/2014,5 Series,2014,South America,Grey,Hybrid,Manual,3.8,165053,63602,3633,Low
12/31/2011,M3,2011,South America,Black,Diesel,Manual,2.5,12693,69559,965,Low
12/31/2011,3 Series,2011,North America,Red,Electric,Automatic,4.3,45874,76476,9759,High
12/31/2013,5 Series,2013,North America,Black,Diesel,Automatic,2.8,60756,64631,5706,High
12/31/2021,X1,2021,Middle East,Grey,Electric,Automatic,3.7,179254,84232,6776,High
12/31/2013,X5,2013,Africa,Grey,Electric,Automatic,3,184433,62407,2977,Low
12/31/2024,7 Series,2024,Middle East,Red,Diesel,Manual,3.2,124446,138053,1318,Low
12/31/2016,M3,2016,Europe,Blue,Hybrid,Manual,2.4,52533,93999,2796,Low
12/31/2023,X1,2023,Europe,Grey,Diesel,Automatic,3.3,139598,76909,7628,High
12/31/2021,X5,2021,Europe,White,Diesel,Manual,1.9,77371,92713,6328,High
12/31/2023,M5,2023,Africa,Black,Hybrid,Manual,2.9,137524,137519,1490,Low
12/31/2010,X1,2010,Europe,Silver,Diesel,Manual,3.1,38288,38887,5781,High
12/31/2020,X5,2020,South America,Silver,Diesel,Automatic,4,23261,108119,3364,Low
12/31/2015,X3,2015,Europe,Silver,Hybrid,Automatic,2.9,183105,59186,8406,High
12/31/2020,5 Series,2020,North America,Grey,Diesel,Manual,3.8,196960,74734,6659,High
12/31/2022,7 Series,2022,Asia,White,Petrol,Manual,2.1,44656,131370,1515,Low
12/31/2018,X6,2018,North America,Grey,Electric,Automatic,1.6,91411,102365,4208,Low
12/31/2011,3 Series,2011,Europe,Red,Hybrid,Manual,3.3,156681,42324,8732,High
12/31/2021,X1,2021,Europe,Black,Electric,Automatic,3.2,21444,111074,6926,High
12/31/2014,i3,2014,North America,Grey,Diesel,Automatic,3.8,66105,64715,5321,High
12/31/2019,i8,2019,North America,Black,Diesel,Automatic,2.6,99518,140625,116,Low
12/31/2024,X3,2024,Asia,Silver,Diesel,Automatic,1.6,144114,82252,9724,High
12/31/2020,5 Series,2020,Asia,Grey,Hybrid,Manual,4,199739,84622,8923,High
12/31/2019,M3,2019,Asia,Red,Hybrid,Automatic,4.8,139592,111151,3137,Low
12/31/2013,7 Series,2013,Asia,Grey,Electric,Manual,2.9,122441,101866,694,Low
12/31/2013,X5,2013,South America,Silver,Petrol,Automatic,3.6,31743,82979,2812,Low
12/31/2017,X3,2017,Africa,Silver,Petrol,Manual,3.4,177951,56531,5188,High
12/31/2023,7 Series,2023,Middle East,Grey,Petrol,Manual,3.5,99774,136302,1246,Low
12/31/2015,5 Series,2015,Middle East,Silver,Diesel,Automatic,4.5,107007,78093,4051,Low
12/31/2016,3 Series,2016,South America,Black,Electric,Manual,4.1,78993,80500,5153,High
12/31/2020,7 Series,2020,Africa,White,Hybrid,Automatic,4.2,122391,125722,866,Low
12/31/2021,X5,2021,Europe,Blue,Diesel,Automatic,1.8,169473,80585,6887,High
12/31/2018,X6,2018,Asia,Silver,Diesel,Manual,2,1679,99286,4690,Low
12/31/2022,X1,2022,Africa,Grey,Electric,Automatic,3.8,47538,112233,3986,Low
12/31/2012,3 Series,2012,Middle East,White,Diesel,Manual,3.4,30547,56192,6542,High
12/31/2020,i3,2020,Asia,Silver,Petrol,Manual,4.2,69303,90502,4626,Low
12/31/2011,X1,2011,South America,White,Hybrid,Automatic,1.8,101223,34032,4861,Low
12/31/2012,X3,2012,Europe,Silver,Hybrid,Manual,3.5,71150,66460,8011,High
12/31/2024,X3,2024,Asia,Silver,Electric,Manual,3.2,32317,122095,10329,High
12/31/2017,X6,2017,North America,Blue,Diesel,Automatic,4.5,143847,93838,4200,Low
12/31/2022,X1,2022,Middle East,Grey,Hybrid,Automatic,2.2,82246,89358,6850,High
12/31/2018,3 Series,2018,South America,Blue,Electric,Manual,2.7,76760,81122,6128,High
12/31/2019,i8,2019,North America,Blue,Hybrid,Automatic,2,107195,143548,524,Low
12/31/2014,3 Series,2014,North America,Blue,Petrol,Automatic,3.1,60618,61803,8682,High
12/31/2017,7 Series,2017,Europe,Grey,Hybrid,Manual,4.6,95175,132759,698,Low
12/31/2023,X6,2023,Africa,Grey,Petrol,Automatic,3.8,141331,112634,2492,Low
12/31/2020,3 Series,2020,Middle East,Blue,Petrol,Manual,4.1,124279,80550,7002,High
12/31/2016,7 Series,2016,Asia,Black,Diesel,Automatic,1.8,41023,103941,1046,Low
12/31/2021,3 Series,2021,Asia,Black,Diesel,Automatic,3.1,106593,83957,10898,High
12/31/2023,M5,2023,Asia,Black,Hybrid,Manual,4.4,39235,171710,2386,Low
12/31/2021,3 Series,2021,North America,Red,Hybrid,Manual,4.4,20940,116925,15000,High
12/31/2022,7 Series,2022,Middle East,Grey,Diesel,Manual,5,143280,136410,843,Low
12/31/2018,7 Series,2018,North America,Red,Electric,Manual,3.3,138837,115083,1968,Low
12/31/2013,M3,2013,South America,White,Petrol,Automatic,1.5,160025,46090,1807,Low
12/31/2024,X1,2024,Middle East,Silver,Hybrid,Manual,4.6,148915,99309,5526,High
12/31/2022,7 Series,2022,North America,Black,Electric,Manual,4.8,67132,165560,1829,Low
12/31/2019,5 Series,2019,South America,Grey,Diesel,Manual,4.7,28414,101939,3599,Low
12/31/2012,X6,2012,Europe,White,Electric,Automatic,4.2,177147,78308,3518,Low
12/31/2018,X5,2018,Africa,White,Diesel,Manual,2.2,76804,79646,2784,Low
12/31/2017,M5,2017,Middle East,Red,Electric,Automatic,2,162973,120946,765,Low
12/31/2024,X5,2024,Middle East,Red,Petrol,Manual,4,148739,108383,4752,Low
12/31/2016,X1,2016,North America,White,Hybrid,Automatic,2,136862,51563,8896,High
12/31/2010,7 Series,2010,Europe,White,Diesel,Automatic,4.8,155416,77060,507,Low
12/31/2011,M5,2011,North America,White,Electric,Automatic,3.1,4720,118609,546,Low
12/31/2018,X1,2018,Africa,Blue,Diesel,Manual,1.6,50459,57432,5040,High
12/31/2014,M3,2014,South America,Black,Electric,Automatic,2,121230,74901,1359,Low
12/31/2010,5 Series,2010,North America,White,Electric,Manual,2.5,84418,63474,6440,High
12/31/2018,i3,2018,Africa,Silver,Electric,Automatic,4,62796,92034,2639,Low
12/31/2010,3 Series,2010,Asia,White,Petrol,Automatic,4.1,53000,52631,10342,High
12/31/2017,i8,2017,Middle East,Silver,Electric,Manual,2.2,68161,154193,50,Low
12/31/2014,M5,2014,South America,White,Diesel,Automatic,3.8,136495,92220,493,Low
12/31/2023,X6,2023,South America,White,Diesel,Automatic,1.6,164000,94060,2907,Low
12/31/2020,7 Series,2020,Africa,Silver,Petrol,Manual,1.9,147867,101288,877,Low
12/31/2021,X3,2021,Asia,White,Hybrid,Automatic,3.4,37255,107717,9171,High
12/31/2015,3 Series,2015,Middle East,White,Petrol,Automatic,4,172451,57475,7313,High
12/31/2010,i8,2010,Asia,Grey,Hybrid,Automatic,4.7,60538,131345,50,Low
12/31/2011,7 Series,2011,Africa,Grey,Hybrid,Manual,3,33153,97417,50,Low
12/31/2016,5 Series,2016,Europe,Grey,Diesel,Automatic,1.9,71447,70365,7135,High
12/31/2011,5 Series,2011,Asia,White,Electric,Manual,4.8,26005,37300,7423,High
12/31/2014,M3,2014,Asia,Silver,Diesel,Manual,3,59726,80657,2831,Low
12/31/2020,5 Series,2020,South America,Silver,Diesel,Automatic,3.2,29949,102108,4678,Low
12/31/2018,3 Series,2018,Asia,Black,Hybrid,Manual,4.5,89540,88624,11374,High
12/31/2014,X5,2014,Asia,White,Petrol,Automatic,3.6,110426,76338,6502,High
12/31/2021,i3,2021,Asia,Blue,Hybrid,Automatic,2.6,114656,86231,6709,High
12/31/2012,i3,2012,Middle East,Silver,Hybrid,Manual,3.4,103348,55694,3212,Low
12/31/2020,i8,2020,South America,Black,Diesel,Automatic,3.7,106681,138508,50,Low
12/31/2022,i3,2022,Europe,Grey,Hybrid,Manual,4.6,81954,106093,4750,Low
12/31/2015,M5,2015,North America,Silver,Petrol,Manual,2.3,98550,99385,1535,Low
12/31/2016,M5,2016,South America,Grey,Diesel,Manual,3.5,14774,122072,351,Low
12/31/2019,i8,2019,North America,Red,Diesel,Automatic,4.7,57241,168225,50,Low
12/31/2023,X5,2023,Asia,Grey,Diesel,Automatic,1.7,176280,81540,7077,High
12/31/2020,i8,2020,South America,Blue,Electric,Manual,2.2,178388,140839,321,Low
12/31/2019,M5,2019,Asia,Black,Diesel,Manual,2.7,25335,127239,1465,Low
12/31/2020,i8,2020,North America,Red,Electric,Manual,3.9,177802,160158,505,Low
12/31/2017,5 Series,2017,Africa,Grey,Diesel,Automatic,4.4,174871,72347,3773,Low
12/31/2024,i8,2024,South America,Grey,Petrol,Automatic,2.2,26952,165051,99,Low
12/31/2012,X6,2012,North America,Blue,Electric,Manual,2.4,51073,91433,3577,Low
12/31/2020,3 Series,2020,Middle East,Red,Hybrid,Manual,4.4,36869,105844,6269,High
12/31/2013,X1,2013,Europe,Silver,Electric,Manual,2,100120,47360,7720,High
12/31/2019,M3,2019,Middle East,Silver,Electric,Automatic,2.4,116560,103645,2526,Low
12/31/2013,M5,2013,Africa,Silver,Petrol,Automatic,4.1,51714,105274,50,Low
12/31/2011,M3,2011,Europe,Red,Electric,Manual,2.1,188548,53781,2612,Low
12/31/2024,M3,2024,South America,White,Hybrid,Automatic,4.4,77366,141089,2299,Low
12/31/2016,M3,2016,South America,Silver,Electric,Manual,3.2,148188,87556,1445,Low
12/31/2021,M3,2021,South America,Black,Diesel,Automatic,3.1,8611,112701,1644,Low
12/31/2013,X5,2013,South America,Blue,Petrol,Manual,2,143139,47739,3480,Low
12/31/2013,X3,2013,Asia,Black,Hybrid,Automatic,3.9,92278,73952,8840,High
12/31/2024,M5,2024,Middle East,White,Hybrid,Automatic,4.6,93820,171084,1619,Low
12/31/2024,X5,2024,Middle East,Silver,Electric,Manual,3.9,21431,155337,4867,Low
12/31/2022,M3,2022,North America,Grey,Petrol,Manual,2.6,118171,104902,3677,Low
12/31/2021,X1,2021,Europe,Blue,Petrol,Manual,3.9,197499,62489,8486,High
12/31/2017,M5,2017,Asia,Grey,Electric,Manual,3.3,28578,148623,1073,Low
12/31/2015,i8,2015,Africa,Red,Hybrid,Automatic,4.5,95372,141236,50,Low
12/31/2015,5 Series,2015,Africa,Grey,Petrol,Manual,3.1,50510,76407,2950,Low
12/31/2020,M5,2020,Middle East,Blue,Electric,Automatic,2.3,95514,143427,1467,Low
12/31/2018,X6,2018,Africa,Red,Hybrid,Manual,1.9,149578,78659,2868,Low
12/31/2013,i8,2013,Africa,Grey,Electric,Automatic,2.5,85765,131374,50,Low
12/31/2018,5 Series,2018,North America,Red,Petrol,Manual,3.5,184474,72847,6143,High
12/31/2010,7 Series,2010,Africa,Grey,Diesel,Automatic,2.1,134880,59923,50,Low
12/31/2020,i8,2020,South America,Silver,Petrol,Automatic,1.6,31158,146889,50,Low
12/31/2018,X3,2018,Middle East,White,Electric,Manual,3.1,197620,71147,7478,High
12/31/2024,3 Series,2024,Africa,White,Hybrid,Manual,2.7,39788,114053,5604,High
12/31/2010,i3,2010,North America,Silver,Petrol,Manual,3,29909,49323,4197,Low
12/31/2024,X5,2024,Middle East,White,Hybrid,Automatic,3.1,143206,181750,4161,Low
12/31/2016,5 Series,2016,South America,Silver,Petrol,Automatic,4.2,5699,102960,3846,Low
12/31/2015,X1,2015,Africa,Red,Hybrid,Automatic,4.9,95132,73350,4197,Low
12/31/2016,3 Series,2016,Asia,Red,Hybrid,Automatic,2.4,44637,75245,8663,High
12/31/2018,i8,2018,Europe,Black,Petrol,Automatic,4.8,62908,157450,50,Low
12/31/2019,7 Series,2019,Africa,Blue,Hybrid,Manual,2.3,137230,111205,1136,Low
12/31/2013,i3,2013,Asia,Silver,Diesel,Automatic,4.1,135307,51274,5176,High
12/31/2021,M3,2021,Asia,Grey,Petrol,Manual,3.9,133652,100977,3580,Low
12/31/2018,X1,2018,Europe,Grey,Petrol,Manual,1.7,62232,60608,8686,High
12/31/2012,X5,2012,Europe,Silver,Petrol,Automatic,4,117541,65529,4882,Low
12/31/2019,5 Series,2019,Europe,Red,Petrol,Manual,4.7,155339,91031,7675,High
12/31/2020,i8,2020,Middle East,Red,Diesel,Manual,4.8,103472,165015,50,Low
12/31/2020,5 Series,2020,Middle East,Silver,Petrol,Automatic,3.9,76733,109796,4424,Low
12/31/2018,5 Series,2018,North America,Silver,Hybrid,Automatic,4.3,15017,117488,7115,High
12/31/2022,3 Series,2022,Africa,Red,Electric,Automatic,1.8,179477,80335,6844,High
12/31/2010,X3,2010,Middle East,White,Electric,Automatic,2.1,104698,49540,5177,High
12/31/2023,X5,2023,North America,Black,Petrol,Automatic,2.4,1511,130271,5853,High
12/31/2014,X1,2014,Africa,Silver,Hybrid,Manual,3.4,15966,70832,4063,Low
12/31/2024,i3,2024,Asia,Black,Diesel,Automatic,2.9,122395,89466,6573,High
12/31/2019,7 Series,2019,Asia,Grey,Electric,Manual,3.8,177390,119809,2078,Low
12/31/2014,X6,2014,Middle East,Black,Hybrid,Automatic,3.1,34966,101098,1865,Low
12/31/2010,X5,2010,Africa,White,Petrol,Automatic,4.2,152116,51041,2572,Low
12/31/2010,i3,2010,Africa,Black,Hybrid,Manual,4,60404,56919,1985,Low
12/31/2012,X3,2012,Africa,Silver,Electric,Manual,4.1,132077,60754,4285,Low
12/31/2018,X1,2018,Europe,Red,Electric,Manual,4.4,195441,68489,7608,High
12/31/2016,5 Series,2016,Asia,Black,Petrol,Manual,4.4,114046,79961,1681,Low
12/31/2015,7 Series,2015,Middle East,Silver,Petrol,Automatic,4.2,174462,102411,361,Low
12/31/2018,i8,2018,Europe,White,Hybrid,Manual,1.7,116667,137384,431,Low
12/31/2013,M5,2013,Middle East,Black,Petrol,Manual,3.7,151079,97042,527,Low
12/31/2013,5 Series,2013,Asia,Blue,Electric,Manual,1.6,176246,49261,6897,High
12/31/2012,i8,2012,South America,White,Diesel,Manual,4.1,50016,127854,50,Low
12/31/2014,7 Series,2014,Africa,White,Electric,Automatic,1.7,42757,107577,50,Low
12/31/2014,i3,2014,North America,Silver,Diesel,Manual,4.9,91438,65262,4136,Low
12/31/2021,i3,2021,Middle East,Silver,Electric,Automatic,3.6,128138,104485,3941,Low
12/31/2023,X1,2023,Europe,Red,Electric,Manual,2.1,145161,80011,7559,High
12/31/2019,X5,2019,Africa,Silver,Hybrid,Automatic,3.1,98590,96838,3813,Low
12/31/2016,3 Series,2016,South America,Red,Electric,Automatic,4.4,26438,45191,5387,High
12/31/2016,M5,2016,Asia,Black,Diesel,Automatic,2.1,49549,115054,1355,Low
12/31/2024,X6,2024,South America,Black,Diesel,Automatic,3.4,141941,106863,3612,Low
12/31/2015,X1,2015,Middle East,Red,Petrol,Manual,1.5,104932,39677,5691,High
12/31/2013,X1,2013,Middle East,White,Petrol,Automatic,4.3,29497,64662,4662,Low
12/31/2016,5 Series,2016,South America,Red,Diesel,Automatic,2.2,67187,71907,4466,Low
12/31/2023,X3,2023,South America,Red,Electric,Automatic,2.9,18286,118294,6810,High
12/31/2011,X3,2011,Asia,Black,Petrol,Automatic,3.4,93713,48829,7453,High
12/31/2022,X3,2022,Asia,Red,Petrol,Manual,2,129056,75038,9481,High
12/31/2021,X1,2021,North America,Blue,Petrol,Manual,4.7,115613,81383,8746,High
12/31/2018,3 Series,2018,Africa,Red,Diesel,Automatic,3.1,166363,55284,5866,High
12/31/2016,3 Series,2016,South America,Blue,Electric,Manual,2.3,82794,73483,4920,Low
12/31/2011,M3,2011,Africa,Grey,Electric,Manual,4.1,74752,79021,605,Low
12/31/2019,5 Series,2019,South America,Red,Hybrid,Manual,4.6,160440,91357,5121,High
12/31/2011,X5,2011,Europe,White,Petrol,Automatic,4.7,36026,79077,4691,Low
12/31/2022,i8,2022,South America,White,Petrol,Automatic,3,139161,143671,132,Low
12/31/2015,5 Series,2015,Middle East,Grey,Petrol,Manual,2.8,18612,83338,3801,Low
12/31/2020,X1,2020,South America,Black,Diesel,Manual,4.8,163985,66508,5617,High
12/31/2016,X5,2016,Africa,Black,Electric,Manual,1.7,199703,63091,3162,Low
12/31/2018,X1,2018,Asia,Blue,Diesel,Manual,4.1,152849,55679,9318,High
12/31/2024,3 Series,2024,South America,Silver,Hybrid,Manual,2.1,59558,103940,7248,High
12/31/2013,M3,2013,South America,Blue,Diesel,Manual,3.1,15566,82165,1066,Low
12/31/2017,M5,2017,Middle East,White,Electric,Manual,4.8,31651,158744,152,Low
12/31/2023,i3,2023,Europe,Blue,Diesel,Automatic,3.5,18521,62360,5069,High
12/31/2019,X5,2019,Africa,Red,Petrol,Manual,3.3,182175,70497,3005,Low
12/31/2024,M5,2024,North America,Silver,Hybrid,Manual,1.7,83667,141449,2567,Low
12/31/2022,X1,2022,Asia,Silver,Petrol,Automatic,2.5,75845,80267,8363,High
12/31/2011,7 Series,2011,South America,Grey,Petrol,Automatic,1.5,15486,84759,50,Low
12/31/2015,M5,2015,Europe,White,Petrol,Manual,4.6,23623,125926,1073,Low
12/31/2013,M3,2013,South America,Blue,Diesel,Automatic,3.8,112725,69894,1150,Low
12/31/2017,X6,2017,Europe,Silver,Diesel,Automatic,1.9,120357,77679,4121,Low
12/31/2018,i3,2018,North America,Grey,Petrol,Manual,2.8,185286,50588,5038,High
12/31/2011,7 Series,2011,South America,Grey,Electric,Automatic,4.3,53192,112249,50,Low
12/31/2016,X3,2016,South America,Black,Petrol,Automatic,2,24225,72547,5496,High
12/31/2016,i8,2016,North America,Red,Petrol,Manual,2.3,101615,121001,50,Low
12/31/2017,X6,2017,South America,Blue,Petrol,Manual,3.4,75163,97714,2141,Low
12/31/2022,M3,2022,Europe,White,Hybrid,Manual,2,110024,107443,3439,Low
12/31/2014,7 Series,2014,Middle East,Black,Hybrid,Automatic,2.8,1565,121043,50,Low
12/31/2020,X1,2020,Europe,Blue,Electric,Automatic,4.9,162021,85543,8794,High
12/31/2022,5 Series,2022,Asia,Blue,Hybrid,Manual,3.4,50553,124990,8066,High
12/31/2012,X6,2012,Africa,Black,Petrol,Manual,4,146695,63513,1805,Low
12/31/2010,X1,2010,Asia,Silver,Diesel,Manual,3.8,91386,34571,6505,High
12/31/2013,i8,2013,Africa,Blue,Hybrid,Manual,2.2,81159,115083,50,Low
12/31/2012,i3,2012,South America,Silver,Petrol,Manual,4.5,121805,49265,2802,Low
12/31/2011,3 Series,2011,Middle East,Red,Petrol,Automatic,1.9,70664,42694,6925,High
12/31/2015,X6,2015,Asia,Grey,Petrol,Manual,4.7,146666,82761,4273,Low
12/31/2016,i8,2016,Middle East,Black,Diesel,Manual,2.3,97121,126292,50,Low
12/31/2019,M5,2019,South America,White,Electric,Automatic,4.8,158600,143129,930,Low
12/31/2016,X5,2016,North America,Silver,Electric,Manual,4.3,74815,102444,4698,Low
12/31/2021,X6,2021,South America,Grey,Hybrid,Automatic,2.1,77570,113925,3490,Low
12/31/2017,M3,2017,South America,Silver,Petrol,Automatic,2.1,136696,74165,1659,Low
12/31/2022,X6,2022,Europe,Grey,Hybrid,Automatic,1.8,53242,117911,4912,Low
12/31/2023,M5,2023,Middle East,Grey,Electric,Manual,2.4,192869,134563,1724,Low
12/31/2011,X5,2011,Europe,Blue,Diesel,Manual,3.8,176666,45516,5774,High
12/31/2023,5 Series,2023,North America,Silver,Electric,Manual,3.3,177277,110647,6825,High
12/31/2020,M3,2020,Asia,Blue,Hybrid,Manual,3.6,199154,97942,4088,Low
12/31/2021,5 Series,2021,Middle East,Red,Petrol,Manual,1.6,59977,95399,4922,Low
12/31/2019,M3,2019,North America,Red,Hybrid,Automatic,1.8,44097,106469,3029,Low
12/31/2022,X6,2022,Europe,Red,Diesel,Manual,3.9,35444,131256,4561,Low
12/31/2015,M3,2015,North America,Grey,Electric,Automatic,4.5,67642,114054,2337,Low
12/31/2022,i3,2022,South America,Grey,Diesel,Manual,2.8,27303,93149,3016,Low
12/31/2015,X5,2015,Asia,Blue,Electric,Manual,2.1,145175,72466,5589,High
12/31/2019,7 Series,2019,Middle East,Black,Hybrid,Automatic,2.6,21416,146454,963,Low
12/31/2021,5 Series,2021,Middle East,Black,Electric,Manual,2.9,96508,106156,4666,Low
12/31/2010,X5,2010,Europe,Silver,Petrol,Manual,3.7,57652,67517,5398,High
12/31/2011,X6,2011,North America,White,Petrol,Manual,2.9,79664,66371,3174,Low
12/31/2022,X1,2022,Asia,Grey,Electric,Automatic,4.6,138812,98809,8933,High
12/31/2018,3 Series,2018,Middle East,White,Hybrid,Manual,2.9,3048,97632,6971,High
12/31/2017,X6,2017,Africa,Silver,Electric,Automatic,2.1,138303,92374,1920,Low
12/31/2021,X3,2021,Africa,Blue,Diesel,Manual,2.4,47009,81731,5067,High
12/31/2022,3 Series,2022,Asia,Silver,Electric,Manual,3.1,26906,113408,10672,High
12/31/2013,i8,2013,Asia,Silver,Electric,Automatic,4.2,161855,132475,50,Low
12/31/2015,3 Series,2015,Europe,Blue,Hybrid,Manual,4.5,133486,68438,9570,High
12/31/2011,3 Series,2011,North America,Blue,Petrol,Manual,2.1,13115,50873,9662,High
12/31/2021,X3,2021,South America,Silver,Electric,Manual,1.5,146484,82387,5432,High
12/31/2014,X6,2014,North America,Blue,Hybrid,Automatic,4.5,53447,111816,3196,Low
12/31/2011,X5,2011,South America,White,Electric,Manual,2.3,42361,76528,2801,Low
12/31/2024,X6,2024,Europe,Silver,Electric,Manual,4.4,170751,124452,5641,High
12/31/2022,M3,2022,North America,Black,Hybrid,Manual,3.4,10380,133997,3187,Low
12/31/2014,M3,2014,South America,Red,Diesel,Automatic,2.9,26059,81553,1289,Low
12/31/2016,M3,2016,Asia,Red,Electric,Automatic,2,109170,89722,2400,Low
12/31/2016,i8,2016,South America,Red,Hybrid,Manual,3.9,137804,134583,50,Low
12/31/2018,X5,2018,Asia,Grey,Hybrid,Manual,4.4,15668,115866,6717,High
12/31/2012,X5,2012,South America,Red,Diesel,Automatic,3.1,76816,60673,3061,Low
12/31/2021,i8,2021,Asia,Black,Hybrid,Manual,3.1,132280,155381,685,Low
12/31/2013,i8,2013,Africa,White,Hybrid,Manual,4.1,95547,123943,50,Low
12/31/2018,7 Series,2018,South America,Grey,Petrol,Manual,3.3,53134,117893,421,Low
12/31/2023,X5,2023,Africa,Red,Diesel,Automatic,4.2,2125,130654,2875,Low
12/31/2017,3 Series,2017,North America,Silver,Diesel,Manual,1.7,44918,62344,10204,High
12/31/2021,X5,2021,South America,Blue,Petrol,Automatic,4.5,16786,121289,3975,Low
12/31/2016,i8,2016,Europe,Red,Diesel,Automatic,2.4,100514,127437,50,Low
12/31/2017,M5,2017,Europe,Grey,Petrol,Automatic,2.1,90640,105701,1571,Low
12/31/2018,7 Series,2018,Asia,Grey,Diesel,Manual,1.6,112467,97690,1596,Low
12/31/2021,3 Series,2021,South America,Black,Diesel,Automatic,4.4,67364,91447,6793,High
12/31/2013,X6,2013,South America,Blue,Diesel,Automatic,1.7,15766,74725,1931,Low
12/31/2014,X1,2014,North America,Red,Electric,Automatic,4.8,188566,62988,6455,High
12/31/2018,X1,2018,North America,Silver,Electric,Automatic,3.5,65994,90485,6945,High
12/31/2016,i8,2016,South America,Blue,Diesel,Manual,3.9,18989,142949,50,Low
12/31/2023,7 Series,2023,South America,Blue,Diesel,Automatic,4,58067,136785,1013,Low
12/31/2013,X3,2013,North America,Red,Petrol,Manual,2.5,133254,41732,7416,High
12/31/2015,5 Series,2015,North America,Blue,Petrol,Automatic,4.3,181846,69551,5807,High
12/31/2020,M3,2020,South America,White,Electric,Manual,4.8,122685,116601,2228,Low
12/31/2010,i3,2010,Middle East,Red,Hybrid,Automatic,2.8,164246,37893,2523,Low
12/31/2010,M5,2010,Europe,White,Diesel,Automatic,4.4,45658,99141,634,Low
12/31/2018,X1,2018,Asia,Silver,Diesel,Automatic,4.2,96468,73637,8257,High
12/31/2024,X1,2024,Middle East,Grey,Diesel,Manual,3.6,34964,101502,5309,High
12/31/2017,i8,2017,Africa,White,Hybrid,Automatic,2.8,76089,141755,50,Low
12/31/2024,X1,2024,Europe,Red,Electric,Manual,3,8159,115277,7298,High
12/31/2022,i8,2022,Asia,Blue,Hybrid,Manual,2.6,197553,146629,972,Low
12/31/2010,X6,2010,Europe,Silver,Electric,Manual,3,133787,68447,2875,Low
12/31/2022,3 Series,2022,Europe,Red,Diesel,Manual,5,138340,133699,9832,High
12/31/2024,M3,2024,Asia,Blue,Petrol,Automatic,2.8,40001,127856,3343,Low
12/31/2020,i3,2020,South America,Grey,Petrol,Manual,3.8,120156,79625,2868,Low
12/31/2011,X1,2011,Africa,Grey,Diesel,Automatic,2.6,145777,25000,3725,Low
12/31/2022,i3,2022,Europe,Red,Petrol,Manual,3.1,188901,67798,4982,Low
12/31/2013,X1,2013,North America,Blue,Diesel,Automatic,1.8,12867,50875,7479,High
12/31/2010,M3,2010,Asia,Black,Electric,Automatic,4.2,61309,85500,1846,Low
12/31/2011,7 Series,2011,Middle East,Grey,Hybrid,Manual,3.8,197077,81831,133,Low
12/31/2014,X5,2014,Middle East,Grey,Petrol,Manual,2.7,65302,73992,4069,Low
12/31/2017,X1,2017,Europe,Blue,Diesel,Manual,3.3,114787,57555,8133,High
12/31/2015,i3,2015,Middle East,Red,Diesel,Manual,4.6,180691,53118,3652,Low
12/31/2024,X6,2024,Asia,Grey,Diesel,Manual,1.7,117188,104567,5387,High
12/31/2015,M3,2015,North America,Red,Petrol,Automatic,4.8,6027,108071,2204,Low
12/31/2013,M5,2013,Europe,Silver,Diesel,Automatic,3.1,100666,97018,1186,Low
12/31/2011,X5,2011,North America,Blue,Petrol,Manual,4.5,65190,71053,5308,High
12/31/2012,X6,2012,Asia,Grey,Hybrid,Automatic,4.5,175912,80293,3341,Low
12/31/2022,i3,2022,Middle East,Grey,Diesel,Automatic,1.7,142850,73174,3966,Low
12/31/2015,X6,2015,Asia,Blue,Petrol,Automatic,4.2,94890,92448,3594,Low
12/31/2015,X6,2015,Middle East,Red,Diesel,Manual,4.1,12919,109608,2202,Low
12/31/2014,X6,2014,South America,Blue,Petrol,Automatic,1.7,91348,68974,1883,Low
12/31/2015,7 Series,2015,Europe,White,Electric,Manual,4.8,145503,119016,675,Low
12/31/2020,X6,2020,Middle East,Grey,Hybrid,Automatic,3.7,155932,116421,3595,Low
12/31/2015,X6,2015,Middle East,Red,Petrol,Manual,2.1,5294,90059,2693,Low
12/31/2022,X6,2022,Asia,Red,Diesel,Manual,1.9,110043,96392,4588,Low
12/31/2010,i8,2010,South America,White,Hybrid,Manual,3.5,41184,118478,50,Low
12/31/2015,3 Series,2015,South America,Grey,Petrol,Automatic,1.7,43929,56520,5303,High
12/31/2014,X1,2014,Europe,Blue,Diesel,Manual,2.1,135420,29612,6801,High
12/31/2017,X3,2017,South America,Blue,Electric,Automatic,4.8,16014,113325,4770,Low
12/31/2018,5 Series,2018,South America,Black,Electric,Automatic,4.1,29657,111410,3935,Low
12/31/2023,X6,2023,Asia,Silver,Electric,Automatic,3.6,173256,119950,5693,High
12/31/2015,X6,2015,Middle East,Grey,Petrol,Automatic,2.2,182076,68903,2664,Low
12/31/2022,M5,2022,South America,Grey,Electric,Manual,2.3,54576,145213,1456,Low
12/31/2021,7 Series,2021,North America,Black,Diesel,Automatic,3.1,43290,138877,1489,Low
12/31/2021,7 Series,2021,Europe,White,Diesel,Automatic,4.1,130281,122760,1402,Low
12/31/2019,7 Series,2019,Middle East,White,Hybrid,Automatic,1.5,135872,113768,1261,Low
12/31/2013,i3,2013,Middle East,Grey,Diesel,Automatic,1.7,109320,39496,3359,Low
12/31/2012,7 Series,2012,Asia,Grey,Electric,Manual,4.5,157051,99210,739,Low
12/31/2019,X5,2019,Middle East,Grey,Hybrid,Automatic,4.3,139570,107271,4774,Low
12/31/2021,7 Series,2021,Asia,Blue,Petrol,Automatic,3.9,167845,119586,1475,Low
12/31/2010,3 Series,2010,Asia,Blue,Electric,Automatic,3.2,73080,58997,8869,High
12/31/2016,M3,2016,South America,White,Diesel,Manual,2,2706,90205,1435,Low
12/31/2014,i8,2014,Asia,Red,Electric,Manual,1.9,193195,114757,50,Low
12/31/2013,M5,2013,South America,Black,Diesel,Manual,4.7,132477,97473,245,Low
12/31/2018,X5,2018,Africa,Blue,Petrol,Automatic,2.8,156493,73860,2966,Low
12/31/2016,i8,2016,North America,Black,Diesel,Manual,3.9,44248,143227,50,Low
12/31/2019,7 Series,2019,South America,Red,Diesel,Manual,3.1,155564,97566,1075,Low
12/31/2022,i8,2022,Asia,Grey,Diesel,Manual,4.1,193158,139367,714,Low
12/31/2017,5 Series,2017,Middle East,Red,Diesel,Manual,2.2,111746,68472,4268,Low
12/31/2013,X6,2013,Asia,Grey,Diesel,Automatic,3.2,111974,74998,4179,Low
12/31/2019,M5,2019,Europe,Silver,Petrol,Manual,2.8,18685,139706,1400,Low
12/31/2021,3 Series,2021,Asia,Silver,Petrol,Manual,2.4,115151,75789,11475,High
12/31/2019,X5,2019,Middle East,Blue,Diesel,Manual,3.6,134461,91724,4402,Low
12/31/2017,i8,2017,South America,White,Petrol,Automatic,3.4,132352,125972,50,Low
12/31/2013,7 Series,2013,South America,Silver,Hybrid,Automatic,3.2,64014,102013,50,Low
12/31/2024,7 Series,2024,Middle East,Silver,Electric,Manual,3.6,50091,168188,1459,Low
12/31/2010,i3,2010,Middle East,Grey,Petrol,Automatic,2,98826,34271,2637,Low
12/31/2020,7 Series,2020,North America,Red,Hybrid,Automatic,2.8,6016,151746,1531,Low
12/31/2024,X5,2024,Middle East,White,Diesel,Automatic,2.6,188037,95566,4752,Low
12/31/2017,i8,2017,Asia,Silver,Petrol,Manual,4.2,188949,128359,53,Low
12/31/2010,X1,2010,South America,Red,Electric,Manual,1.6,173164,25000,3780,Low
12/31/2022,7 Series,2022,North America,Silver,Hybrid,Automatic,2.5,65307,147431,1829,Low
12/31/2021,X6,2021,Middle East,Silver,Electric,Manual,4.7,154622,131660,2893,Low
12/31/2012,M3,2012,Asia,Silver,Hybrid,Manual,2.6,39149,81387,2172,Low
12/31/2016,i8,2016,North America,Silver,Diesel,Automatic,2,103135,125279,50,Low
12/31/2012,5 Series,2012,Asia,Blue,Petrol,Automatic,4.2,124444,65817,5645,High
12/31/2022,M5,2022,South America,White,Electric,Automatic,1.7,388,153229,1142,Low
12/31/2017,X5,2017,South America,Blue,Electric,Manual,3,186731,78097,3130,Low
12/31/2014,X5,2014,Africa,White,Diesel,Manual,4.5,14986,85988,2775,Low
12/31/2012,M5,2012,South America,Blue,Electric,Manual,4.8,97536,188641,50,Low
12/31/2014,X5,2014,Africa,Red,Electric,Automatic,2.4,183151,66327,2395,Low
12/31/2014,5 Series,2014,Middle East,Blue,Electric,Manual,2.5,129410,73035,4293,Low
12/31/2017,X1,2017,North America,Grey,Petrol,Manual,3.5,174549,47983,7126,High
12/31/2021,M5,2021,North America,Red,Hybrid,Automatic,2.3,196638,124956,2502,Low
12/31/2018,X6,2018,Africa,Grey,Hybrid,Manual,2,190850,77372,2993,Low
12/31/2015,X6,2015,Asia,White,Hybrid,Manual,3,140560,80734,4487,Low
12/31/2019,M3,2019,Africa,White,Electric,Automatic,1.8,134673,92796,1954,Low
12/31/2012,5 Series,2012,South America,White,Diesel,Manual,4.6,151630,50764,4169,Low
12/31/2011,X5,2011,Africa,Silver,Diesel,Manual,2.7,9468,64112,2350,Low
12/31/2020,i8,2020,Europe,White,Electric,Automatic,2.7,28534,173797,221,Low
12/31/2012,i8,2012,Europe,Red,Diesel,Automatic,4.3,11892,137326,50,Low
12/31/2018,X3,2018,Asia,Red,Petrol,Automatic,2.7,29157,89258,8686,High
12/31/2016,X6,2016,Europe,Blue,Diesel,Automatic,4.2,34639,108636,3898,Low
12/31/2024,M3,2024,North America,Black,Electric,Automatic,2.1,86621,134139,3229,Low
12/31/2020,M5,2020,Africa,Black,Diesel,Manual,3.4,55027,129669,747,Low
12/31/2020,M5,2020,Europe,Grey,Hybrid,Automatic,4.2,106665,146424,1788,Low
12/31/2018,3 Series,2018,South America,Black,Diesel,Automatic,3.1,7409,80947,5862,High
12/31/2022,7 Series,2022,North America,Black,Hybrid,Manual,1.8,95002,124364,2291,Low
12/31/2024,5 Series,2024,Asia,Blue,Petrol,Automatic,4.1,150301,104600,8603,High
12/31/2015,X3,2015,Europe,Silver,Petrol,Automatic,3.2,57245,68371,7152,High
12/31/2017,M3,2017,South America,Blue,Electric,Manual,2.6,177403,77100,1483,Low
12/31/2019,3 Series,2019,North America,Red,Petrol,Manual,5,4611,102761,8185,High
12/31/2020,M5,2020,Middle East,White,Petrol,Manual,4.6,67724,141248,884,Low
12/31/2018,X1,2018,Asia,Blue,Petrol,Automatic,1.6,131849,50091,9526,High
12/31/2012,X3,2012,South America,Silver,Petrol,Automatic,3.6,105323,53721,4339,Low
12/31/2016,i3,2016,Asia,Red,Electric,Manual,2.7,154612,63345,4523,Low
12/31/2018,7 Series,2018,Africa,Black,Electric,Automatic,1.6,105175,108364,995,Low
12/31/2011,3 Series,2011,South America,Blue,Hybrid,Manual,1.5,94675,35739,4934,Low
12/31/2021,X5,2021,North America,Red,Electric,Manual,3.5,183569,98427,7130,High
12/31/2016,5 Series,2016,Asia,Black,Petrol,Automatic,2.6,87638,71623,8006,High
12/31/2014,M3,2014,Asia,Red,Hybrid,Manual,4,176744,73754,2538,Low
12/31/2017,X5,2017,Asia,Blue,Electric,Automatic,3.1,47785,110526,4903,Low
12/31/2013,i3,2013,South America,White,Diesel,Manual,4.2,116842,49536,2667,Low
12/31/2010,M5,2010,South America,Grey,Petrol,Automatic,4.3,90210,93428,50,Low
12/31/2020,7 Series,2020,Africa,Grey,Hybrid,Automatic,3.8,193341,113368,1241,Low
12/31/2022,i3,2022,Africa,White,Electric,Automatic,3,144206,91406,3574,Low
12/31/2024,X6,2024,Middle East,Blue,Petrol,Manual,5,173719,121284,3432,Low
12/31/2019,X3,2019,South America,Red,Diesel,Manual,2.6,154048,60879,5605,High
12/31/2017,7 Series,2017,Europe,White,Hybrid,Automatic,3.3,194088,99878,1341,Low
12/31/2024,i8,2024,Africa,Silver,Petrol,Manual,3.3,33532,178884,50,Low
12/31/2015,X1,2015,North America,Silver,Hybrid,Manual,3,138306,55141,7399,High
12/31/2022,5 Series,2022,Africa,Blue,Petrol,Manual,1.9,13798,102411,3674,Low
12/31/2017,7 Series,2017,Asia,Silver,Electric,Automatic,2.7,11551,142972,871,Low
12/31/2012,M3,2012,Middle East,Grey,Hybrid,Automatic,2.3,28606,91307,1095,Low
12/31/2017,i8,2017,South America,Grey,Petrol,Automatic,4.6,166531,133282,50,Low
12/31/2017,7 Series,2017,Africa,Silver,Hybrid,Manual,3.8,172032,102202,399,Low
12/31/2021,X3,2021,North America,Silver,Petrol,Automatic,2.5,47495,99709,10160,High
12/31/2010,M3,2010,Europe,Black,Petrol,Manual,3.5,163979,48358,2428,Low
12/31/2013,3 Series,2013,Europe,Blue,Petrol,Automatic,4.5,58773,70941,8749,High
12/31/2016,M3,2016,South America,Red,Petrol,Automatic,4.8,73176,95519,1227,Low
12/31/2022,X3,2022,South America,Red,Electric,Automatic,1.8,66203,106024,6676,High
12/31/2023,7 Series,2023,Middle East,Red,Diesel,Automatic,4.3,90311,152755,912,Low
12/31/2020,X5,2020,Asia,Black,Hybrid,Manual,4.9,101439,114457,5983,High
12/31/2010,i3,2010,South America,Red,Petrol,Manual,3.1,169383,25000,2591,Low
12/31/2012,M5,2012,Africa,Silver,Hybrid,Automatic,5,181348,98061,50,Low
12/31/2012,i3,2012,Asia,Blue,Hybrid,Manual,4.8,166966,56491,4061,Low
12/31/2015,X6,2015,North America,Red,Diesel,Automatic,3.8,133462,82651,4216,Low
12/31/2014,7 Series,2014,South America,Grey,Diesel,Manual,4.5,179819,82823,381,Low
12/31/2021,5 Series,2021,Asia,Blue,Hybrid,Automatic,2.5,180452,86777,7276,High
12/31/2020,X3,2020,Asia,Blue,Hybrid,Manual,4.7,161832,91383,10271,High
12/31/2024,X1,2024,Middle East,White,Diesel,Manual,3.6,13007,111672,6117,High
12/31/2016,7 Series,2016,Middle East,Grey,Diesel,Manual,3.3,77731,108968,524,Low
12/31/2012,3 Series,2012,Africa,Black,Electric,Automatic,4.4,138016,62997,3853,Low
12/31/2020,X1,2020,Europe,Red,Electric,Automatic,4.6,84460,96711,8347,High
12/31/2010,X1,2010,Asia,Blue,Petrol,Manual,4,132592,31087,7616,High
12/31/2020,7 Series,2020,North America,Blue,Diesel,Automatic,1.6,43229,120297,1438,Low
12/31/2024,M5,2024,Africa,Silver,Electric,Manual,3.6,37932,168928,1108,Low
12/31/2012,X1,2012,Africa,Grey,Electric,Manual,4.4,153464,51593,3139,Low
12/31/2017,5 Series,2017,Middle East,Blue,Petrol,Automatic,3.4,127050,77775,4279,Low
12/31/2014,X6,2014,North America,Black,Diesel,Manual,4.8,182732,71935,4273,Low
12/31/2024,X1,2024,Asia,Black,Electric,Automatic,4.6,45686,131834,9836,High
12/31/2012,M5,2012,South America,White,Hybrid,Manual,3.4,34475,108538,50,Low
12/31/2023,M3,2023,Asia,White,Electric,Manual,2.9,4035,144853,3814,Low
12/31/2017,X3,2017,Africa,Silver,Hybrid,Automatic,1.7,37719,83674,3813,Low
12/31/2015,X3,2015,North America,Black,Petrol,Automatic,3.7,117792,63234,9035,High
12/31/2024,X6,2024,Europe,Black,Petrol,Automatic,2.4,116043,116907,4551,Low
12/31/2012,M3,2012,North America,Black,Petrol,Manual,3.8,3040,92548,1833,Low
12/31/2023,X1,2023,North America,Silver,Hybrid,Automatic,4.3,148653,99115,8508,High
12/31/2014,5 Series,2014,South America,Red,Electric,Automatic,2.9,179424,66208,3998,Low
12/31/2010,X6,2010,Middle East,Red,Diesel,Automatic,1.6,45768,60654,2345,Low
12/31/2015,X5,2015,Middle East,White,Petrol,Automatic,4.5,123965,87015,3851,Low
12/31/2024,M5,2024,Africa,Silver,Petrol,Automatic,3.4,65401,142075,1062,Low
12/31/2023,X1,2023,South America,Black,Electric,Automatic,2.6,135901,87266,5405,High
12/31/2021,i3,2021,Europe,White,Hybrid,Manual,3.7,103695,91516,4852,Low
12/31/2022,M3,2022,Middle East,Silver,Electric,Manual,3.9,147509,123237,2853,Low
12/31/2023,i3,2023,Asia,Red,Petrol,Manual,2,55688,94794,6391,High
12/31/2018,M3,2018,North America,Silver,Diesel,Manual,3.8,3362,109299,2842,Low
12/31/2021,X6,2021,Europe,White,Diesel,Automatic,2.5,186036,88208,4312,Low
12/31/2016,3 Series,2016,Asia,White,Hybrid,Manual,4.3,183210,62532,11336,High
12/31/2024,5 Series,2024,Africa,Blue,Petrol,Manual,4.8,16856,135183,4243,Low
12/31/2020,7 Series,2020,Africa,Red,Electric,Manual,1.9,114999,118312,983,Low
12/31/2022,X1,2022,Europe,Red,Electric,Automatic,4.7,179647,95907,7770,High
12/31/2017,X3,2017,Europe,Blue,Petrol,Manual,4.7,18587,97399,7031,High
12/31/2015,5 Series,2015,Asia,Red,Diesel,Automatic,2.7,164566,55970,6801,High
12/31/2020,3 Series,2020,North America,White,Diesel,Manual,1.6,122197,62975,2275,Low
12/31/2014,7 Series,2014,Africa,Grey,Electric,Automatic,3.8,63865,119378,50,Low
12/31/2024,3 Series,2024,North America,Red,Electric,Automatic,2.7,178617,93774,10124,High
12/31/2021,7 Series,2021,North America,Silver,Diesel,Manual,2.2,113815,116761,1482,Low
12/31/2015,X3,2015,South America,Red,Petrol,Automatic,1.9,45722,64135,4810,Low
12/31/2016,X1,2016,Africa,White,Petrol,Manual,2.2,185062,30248,3973,Low
12/31/2018,X1,2018,Africa,Silver,Petrol,Automatic,2.3,161504,45805,5192,High
12/31/2017,7 Series,2017,North America,Blue,Hybrid,Manual,4.3,124306,118375,1155,Low
12/31/2014,7 Series,2014,South America,Silver,Diesel,Manual,4.2,18777,110290,50,Low
12/31/2024,i8,2024,Middle East,Silver,Petrol,Manual,3.2,189733,157017,340,Low
12/31/2016,i3,2016,South America,Black,Hybrid,Manual,3.4,153147,60164,2838,Low
12/31/2017,X3,2017,Europe,Blue,Hybrid,Automatic,4.7,154518,84401,9195,High
12/31/2010,X5,2010,Asia,Grey,Electric,Manual,4.7,149612,67574,5236,High
12/31/2017,X3,2017,North America,Grey,Diesel,Manual,4.4,98010,77776,7648,High
12/31/2020,7 Series,2020,Africa,Red,Petrol,Manual,2.8,136282,104847,906,Low
12/31/2016,X1,2016,Asia,White,Electric,Automatic,2.8,188489,53235,8731,High
12/31/2020,3 Series,2020,Africa,Black,Diesel,Manual,4.6,107799,80210,5862,High
12/31/2021,X1,2021,Asia,Red,Hybrid,Automatic,4.7,139703,96916,8831,High
12/31/2021,i3,2021,Africa,Silver,Hybrid,Automatic,4.3,195568,83865,3796,Low
12/31/2011,7 Series,2011,North America,Black,Hybrid,Automatic,4.1,117988,100418,385,Low
12/31/2011,M5,2011,Europe,Silver,Petrol,Manual,3.5,33320,97531,742,Low
12/31/2021,X5,2021,Middle East,Black,Petrol,Manual,2.7,31073,115569,3733,Low
12/31/2015,5 Series,2015,Europe,Blue,Hybrid,Automatic,2.3,52080,88131,6537,High
12/31/2012,i3,2012,Asia,Blue,Hybrid,Automatic,2,160881,39813,5173,High
12/31/2010,X1,2010,North America,Blue,Electric,Automatic,4,39873,66851,6461,High
12/31/2024,3 Series,2024,Europe,Black,Electric,Manual,4.2,186395,103259,10665,High
12/31/2017,5 Series,2017,Asia,Red,Hybrid,Automatic,2.8,123880,86831,7378,High
12/31/2016,M5,2016,South America,Black,Diesel,Automatic,1.5,10983,107664,531,Low
12/31/2013,i3,2013,North America,Black,Hybrid,Automatic,4.8,73833,74481,3848,Low
12/31/2023,i3,2023,Africa,Grey,Electric,Automatic,3,25303,121736,3416,Low
12/31/2010,M3,2010,South America,Grey,Hybrid,Manual,4.9,47909,81793,712,Low
12/31/2011,X1,2011,Asia,Grey,Diesel,Manual,3.9,49511,46961,8252,High
12/31/2018,i3,2018,Asia,Silver,Diesel,Automatic,1.9,102613,60661,5092,High
12/31/2013,X3,2013,Asia,Grey,Electric,Automatic,2.6,74562,70586,9312,High
12/31/2012,7 Series,2012,North America,Red,Hybrid,Automatic,3.8,61881,110427,464,Low
12/31/2017,M5,2017,South America,Black,Petrol,Manual,3.8,132841,105623,791,Low
12/31/2013,M5,2013,Europe,Silver,Hybrid,Automatic,2.3,12452,117467,771,Low
12/31/2016,X1,2016,Europe,White,Electric,Automatic,2.1,100737,61801,7774,High
12/31/2024,i3,2024,Middle East,Black,Hybrid,Manual,2.5,59852,104193,3954,Low
12/31/2022,X6,2022,Africa,Black,Diesel,Manual,4.3,32334,126883,2112,Low
12/31/2023,M3,2023,Europe,Grey,Hybrid,Manual,2.3,2100,133577,3039,Low
12/31/2023,3 Series,2023,South America,Red,Petrol,Manual,4,35916,101168,6303,High
12/31/2023,M5,2023,South America,Grey,Diesel,Manual,4.5,133587,130924,1414,Low
12/31/2014,M3,2014,Africa,Blue,Electric,Automatic,2.9,54278,90722,948,Low
12/31/2014,X5,2014,Middle East,Blue,Electric,Manual,1.5,100727,74477,3130,Low
12/31/2020,3 Series,2020,Africa,Black,Electric,Automatic,2,60838,90109,6505,High
12/31/2015,3 Series,2015,Middle East,Red,Petrol,Automatic,2.6,132926,54477,6940,High
12/31/2021,i8,2021,Africa,White,Diesel,Manual,2.2,171231,120499,236,Low
12/31/2022,M5,2022,Asia,Red,Petrol,Automatic,2.5,111105,137870,1819,Low
12/31/2013,X1,2013,South America,Red,Diesel,Manual,3.4,48270,51814,4743,Low
12/31/2011,X1,2011,Asia,White,Diesel,Manual,1.6,40452,31699,7427,High
12/31/2015,X6,2015,Asia,Grey,Electric,Manual,1.7,131330,84398,3740,Low
12/31/2022,i8,2022,Europe,Silver,Electric,Automatic,4.5,65072,196140,187,Low
12/31/2014,M5,2014,Asia,White,Diesel,Manual,3.3,118405,95171,1242,Low
12/31/2012,X5,2012,Middle East,Silver,Petrol,Automatic,4.8,45858,90109,3347,Low
12/31/2013,X1,2013,Asia,Black,Hybrid,Manual,1.5,59557,50448,6826,High
12/31/2012,i3,2012,Africa,Red,Petrol,Manual,1.5,4051,47667,2146,Low
12/31/2012,3 Series,2012,South America,Blue,Hybrid,Automatic,4.1,45631,71572,4427,Low
12/31/2013,M5,2013,South America,White,Electric,Automatic,3.2,157599,97750,294,Low
12/31/2011,i8,2011,Asia,Blue,Hybrid,Automatic,4.7,83580,135400,50,Low
12/31/2013,M3,2013,Middle East,Blue,Electric,Automatic,4.3,21551,116914,767,Low
12/31/2019,M3,2019,Africa,Red,Electric,Manual,3.3,60694,111196,1642,Low
12/31/2020,X1,2020,Asia,Red,Petrol,Manual,3.2,113937,70273,8433,High
12/31/2011,M5,2011,South America,Black,Diesel,Manual,4.3,75920,91282,68,Low
12/31/2023,X6,2023,Africa,Silver,Hybrid,Automatic,4.3,127204,121313,2509,Low
12/31/2019,i3,2019,Europe,Blue,Petrol,Manual,2.5,11228,81486,4777,Low
12/31/2017,3 Series,2017,Africa,Black,Hybrid,Manual,3.9,72652,80779,5256,High
12/31/2019,M5,2019,South America,White,Diesel,Manual,3.8,49467,133402,129,Low
12/31/2014,X1,2014,Africa,Grey,Hybrid,Automatic,4.5,134910,57219,3726,Low
12/31/2022,M5,2022,South America,Grey,Electric,Automatic,4.5,62273,157131,1155,Low
12/31/2016,3 Series,2016,Europe,Red,Diesel,Manual,2.4,139336,68402,8602,High
12/31/2020,M5,2020,North America,Blue,Hybrid,Manual,4.6,133205,140758,2337,Low
12/31/2013,3 Series,2013,South America,Black,Hybrid,Manual,4.7,100713,65632,6066,High
12/31/2019,M3,2019,South America,Black,Petrol,Manual,1.9,3089,104289,1702,Low
12/31/2015,i8,2015,Europe,Red,Hybrid,Manual,3.5,161658,120199,50,Low
12/31/2022,X5,2022,Asia,Silver,Electric,Manual,3,68881,118357,6417,High
12/31/2021,3 Series,2021,North America,Blue,Electric,Automatic,2.9,162898,88199,9024,High
12/31/2023,7 Series,2023,North America,Silver,Hybrid,Manual,4,68972,152101,1813,Low
12/31/2019,X1,2019,South America,Black,Diesel,Automatic,2,20581,71333,4802,Low
12/31/2013,i8,2013,Africa,Black,Diesel,Automatic,4.4,64798,125911,50,Low
12/31/2024,X6,2024,Middle East,Silver,Hybrid,Manual,1.6,6428,140089,433,Low
12/31/2015,i3,2015,Africa,White,Petrol,Manual,3.5,185175,41177,3193,Low
12/31/2010,X5,2010,Europe,Grey,Petrol,Automatic,2.3,63584,54573,4810,Low
12/31/2015,i3,2015,South America,Black,Petrol,Manual,3.8,5842,74707,2468,Low
12/31/2015,i8,2015,Europe,Grey,Hybrid,Automatic,3.3,33022,144893,50,Low
12/31/2011,i3,2011,North America,Grey,Electric,Manual,5,83122,71756,4298,Low
12/31/2021,M3,2021,Middle East,Silver,Petrol,Manual,4.5,67103,125027,1760,Low
12/31/2019,3 Series,2019,Middle East,White,Petrol,Automatic,2.7,27412,84774,7457,High
12/31/2019,i3,2019,Middle East,Black,Electric,Manual,3.3,81821,91463,3557,Low
12/31/2018,7 Series,2018,Asia,Grey,Electric,Manual,2.6,184582,111020,1708,Low
12/31/2024,5 Series,2024,North America,Silver,Hybrid,Manual,4.1,97061,120055,8331,High
12/31/2015,X6,2015,Africa,Silver,Diesel,Manual,3,33419,87913,1914,Low
12/31/2021,i8,2021,North America,White,Hybrid,Manual,1.9,26298,175524,363,Low
12/31/2024,X6,2024,Asia,Black,Diesel,Manual,3.8,166235,113860,5073,High
12/31/2020,X3,2020,Africa,Grey,Electric,Automatic,1.5,48454,97021,4489,Low
12/31/2022,7 Series,2022,Africa,Silver,Diesel,Manual,2.5,107024,112458,1066,Low
12/31/2016,X6,2016,Africa,White,Electric,Manual,4.7,196246,85914,1972,Low
12/31/2011,M5,2011,Europe,Grey,Diesel,Manual,1.8,93772,79848,1003,Low
12/31/2011,i3,2011,Africa,Grey,Hybrid,Manual,3.3,64531,55030,2209,Low
12/31/2011,5 Series,2011,Africa,Silver,Petrol,Automatic,4.3,2553,75006,2828,Low
12/31/2019,X5,2019,Middle East,White,Petrol,Manual,4.7,32388,118914,3495,Low
12/31/2022,i3,2022,Asia,White,Hybrid,Manual,3.5,118917,92858,6061,High
12/31/2020,X1,2020,Europe,Grey,Diesel,Automatic,2,183180,46772,7058,High
12/31/2018,5 Series,2018,Middle East,White,Petrol,Manual,4.8,97257,97674,4322,Low
12/31/2012,i8,2012,Asia,White,Electric,Automatic,4.1,104066,138959,50,Low
12/31/2022,M3,2022,Asia,Blue,Electric,Automatic,2.9,6324,146746,3615,Low
12/31/2013,X5,2013,North America,Red,Diesel,Manual,2.5,122782,56781,4927,Low
12/31/2010,i3,2010,Africa,Blue,Petrol,Manual,1.7,15490,39082,2053,Low
12/31/2010,i3,2010,South America,Red,Electric,Manual,2.2,15409,54906,2488,Low
12/31/2013,i8,2013,Middle East,Grey,Electric,Manual,4.2,18541,164118,50,Low
12/31/2023,3 Series,2023,Europe,Grey,Diesel,Automatic,1.9,161350,72905,8631,High
12/31/2011,i3,2011,Europe,Grey,Diesel,Manual,2,76759,35188,4124,Low
12/31/2017,7 Series,2017,Africa,Grey,Diesel,Automatic,2.2,10260,114779,239,Low
12/31/2022,5 Series,2022,North America,White,Hybrid,Manual,2.9,161171,100611,6703,High
12/31/2013,5 Series,2013,North America,White,Electric,Manual,2.2,112220,67192,6967,High
12/31/2012,i8,2012,Asia,Red,Hybrid,Automatic,4.7,196329,116982,50,Low
12/31/2012,X1,2012,Middle East,Silver,Electric,Automatic,2.4,100169,51078,4695,Low
12/31/2015,M5,2015,Asia,Red,Hybrid,Automatic,4.7,52656,131348,1168,Low
12/31/2021,7 Series,2021,Africa,Grey,Electric,Manual,4.9,15823,164443,641,Low
12/31/2022,X6,2022,South America,Silver,Hybrid,Automatic,4.1,114121,119696,3352,Low
12/31/2015,X6,2015,Middle East,Red,Diesel,Automatic,1.5,94501,77316,2356,Low
12/31/2015,M3,2015,South America,Black,Petrol,Manual,2.3,88352,74119,1297,Low
12/31/2015,M5,2015,Middle East,Silver,Diesel,Automatic,2.4,139204,97211,760,Low
12/31/2017,i8,2017,Europe,Black,Electric,Manual,3.4,191243,135303,50,Low
12/31/2017,X6,2017,Asia,Red,Hybrid,Automatic,2.1,50567,100613,3919,Low
12/31/2018,X5,2018,Africa,Blue,Diesel,Automatic,1.8,34134,89692,3062,Low
12/31/2010,7 Series,2010,South America,Red,Hybrid,Manual,2.1,77487,77471,50,Low
12/31/2019,X6,2019,Europe,Grey,Petrol,Manual,2.6,90729,98034,4644,Low
12/31/2017,X6,2017,Europe,Silver,Electric,Automatic,1.7,159736,87152,3928,Low
12/31/2014,i3,2014,South America,Blue,Petrol,Manual,2.2,173605,31541,2736,Low
12/31/2012,X1,2012,Middle East,Blue,Diesel,Manual,2.1,101409,30606,5810,High
12/31/2020,M3,2020,Europe,Red,Hybrid,Automatic,4.2,88195,126114,2683,Low
12/31/2019,M5,2019,Asia,Black,Diesel,Automatic,2.1,84331,116504,1620,Low
12/31/2012,5 Series,2012,Europe,Silver,Electric,Manual,4.3,161609,67107,5862,High
12/31/2015,X5,2015,Asia,Red,Petrol,Automatic,3.3,164831,69737,5337,High
12/31/2017,5 Series,2017,South America,Grey,Petrol,Automatic,4.2,63448,95077,4378,Low
12/31/2019,X3,2019,South America,White,Electric,Automatic,3.1,110924,86823,6030,High
12/31/2011,X3,2011,Middle East,Red,Electric,Automatic,4.7,170964,63165,4648,Low
12/31/2021,X5,2021,Middle East,Silver,Hybrid,Manual,2.5,65618,114964,4589,Low
12/31/2018,X5,2018,Middle East,White,Hybrid,Manual,4.2,94589,110769,4381,Low
12/31/2014,3 Series,2014,North America,Grey,Electric,Manual,2.1,189179,43273,9949,High
12/31/2014,X1,2014,Africa,Silver,Diesel,Automatic,4.6,190471,37510,4135,Low
12/31/2010,X1,2010,Asia,Silver,Electric,Automatic,1.6,2492,53603,7802,High
12/31/2015,7 Series,2015,South America,White,Diesel,Manual,3.1,51312,101985,244,Low
12/31/2022,3 Series,2022,South America,Grey,Hybrid,Automatic,3,62055,106588,7051,High
12/31/2020,5 Series,2020,Africa,White,Petrol,Automatic,3.7,7473,108722,3104,Low
12/31/2020,M3,2020,Africa,Blue,Electric,Manual,3,83834,110454,2215,Low
12/31/2014,X6,2014,South America,White,Petrol,Manual,3.6,66643,82184,1815,Low
12/31/2016,3 Series,2016,Asia,Black,Hybrid,Automatic,4.5,190215,68855,9692,High
12/31/2016,5 Series,2016,Africa,White,Petrol,Automatic,2,57487,75590,3542,Low
12/31/2013,i8,2013,South America,Grey,Hybrid,Automatic,2.4,20271,132251,50,Low
12/31/2014,X6,2014,Africa,Red,Petrol,Automatic,4.3,129213,76163,1674,Low
12/31/2019,7 Series,2019,South America,Red,Diesel,Automatic,2.3,182327,88692,910,Low
12/31/2023,X6,2023,Europe,Red,Diesel,Automatic,4.7,38299,136127,4104,Low
12/31/2017,X3,2017,Middle East,Black,Hybrid,Manual,3.4,168649,73038,6046,High
12/31/2011,X5,2011,Asia,White,Diesel,Manual,1.8,180844,33368,5393,High
12/31/2010,M5,2010,Middle East,Silver,Electric,Automatic,1.6,137236,88686,143,Low
12/31/2023,M5,2023,Africa,White,Petrol,Automatic,4.2,139893,130972,1039,Low
12/31/2015,M3,2015,Europe,Black,Hybrid,Automatic,4.5,170596,90363,2588,Low
12/31/2020,5 Series,2020,South America,Silver,Hybrid,Manual,2.3,72526,99511,5286,High
12/31/2023,i3,2023,Africa,White,Hybrid,Automatic,2.3,50728,103209,3695,Low
12/31/2013,M5,2013,Europe,Black,Petrol,Automatic,4.8,84258,118611,881,Low
12/31/2022,3 Series,2022,Europe,Blue,Hybrid,Manual,3.8,21559,109803,9386,High
12/31/2019,5 Series,2019,Africa,Grey,Electric,Automatic,2.1,13712,112315,3786,Low
12/31/2012,i3,2012,Middle East,Grey,Petrol,Automatic,3.1,5913,66505,2605,Low
12/31/2016,7 Series,2016,North America,Silver,Hybrid,Manual,4.7,67902,133118,636,Low
12/31/2017,X5,2017,Africa,Grey,Diesel,Manual,3.7,52937,86861,3292,Low
12/31/2020,X1,2020,Europe,Silver,Hybrid,Automatic,2.9,181886,69468,9092,High
12/31/2021,X1,2021,Africa,Red,Petrol,Automatic,2,195231,28894,4682,Low
12/31/2013,M5,2013,North America,Grey,Petrol,Manual,4,85763,108676,987,Low
12/31/2021,X1,2021,North America,White,Petrol,Manual,2.5,7420,90385,8357,High
12/31/2021,X3,2021,Middle East,Silver,Petrol,Automatic,3.5,154598,80785,7154,High
12/31/2024,5 Series,2024,South America,Black,Petrol,Manual,3.6,121451,103677,4512,Low
12/31/2019,X1,2019,South America,Grey,Diesel,Manual,3.4,148919,56489,4889,Low
12/31/2021,M5,2021,Middle East,White,Diesel,Manual,2.4,86511,194414,234,Low
12/31/2020,M3,2020,North America,Red,Electric,Automatic,4,15394,134456,3048,Low
12/31/2020,5 Series,2020,Europe,Blue,Diesel,Manual,3.5,158240,78912,7821,High
12/31/2024,i8,2024,Asia,Black,Petrol,Manual,2.9,79896,166368,605,Low
12/31/2015,3 Series,2015,North America,Grey,Petrol,Automatic,1.7,176302,35306,9686,High
12/31/2022,i8,2022,Asia,Black,Hybrid,Manual,2.7,20001,185520,408,Low
12/31/2020,M5,2020,Asia,White,Petrol,Manual,2.7,169123,117147,1755,Low
12/31/2020,5 Series,2020,Asia,Black,Hybrid,Automatic,4.3,160144,104252,7297,High
12/31/2024,X6,2024,South America,Grey,Petrol,Manual,3.3,18639,137710,2751,Low
12/31/2011,M5,2011,North America,Grey,Diesel,Manual,4.8,118902,94603,883,Low
12/31/2017,3 Series,2017,South America,Blue,Electric,Manual,4.1,190745,70698,6042,High
12/31/2015,3 Series,2015,North America,Silver,Hybrid,Manual,3.4,23249,81056,9590,High
12/31/2020,5 Series,2020,Africa,Blue,Electric,Manual,2.1,39636,108881,4168,Low
12/31/2018,5 Series,2018,Asia,White,Petrol,Manual,2.3,30318,85885,7158,High
12/31/2020,M5,2020,Africa,Black,Hybrid,Automatic,2.1,125929,124226,1329,Low
12/31/2022,X3,2022,Middle East,Blue,Diesel,Automatic,3,75246,93489,5709,High
12/31/2022,X3,2022,South America,Silver,Petrol,Manual,4,9430,107454,4758,Low
12/31/2015,i8,2015,North America,White,Hybrid,Manual,4.2,135843,141206,50,Low
12/31/2015,i3,2015,North America,Grey,Diesel,Automatic,1.8,1732,68132,4738,Low
12/31/2021,7 Series,2021,Africa,Black,Hybrid,Automatic,3.2,39270,144262,788,Low
12/31/2011,X6,2011,North America,Red,Hybrid,Manual,3.2,191660,57403,3414,Low
12/31/2014,X6,2014,Europe,White,Petrol,Manual,3,121166,75500,3583,Low
12/31/2018,7 Series,2018,Middle East,Black,Hybrid,Automatic,2.6,3851,142809,746,Low
12/31/2010,X1,2010,Asia,Red,Petrol,Automatic,3.2,42578,45762,7078,High
12/31/2013,X6,2013,North America,White,Petrol,Automatic,3.3,51936,87442,3611,Low
12/31/2019,i3,2019,North America,Silver,Petrol,Manual,3.6,7673,93150,5196,High
12/31/2019,X5,2019,Europe,Grey,Hybrid,Automatic,2.8,97624,100637,6884,High
12/31/2023,7 Series,2023,Europe,Silver,Hybrid,Automatic,4.8,74661,167216,1786,Low
12/31/2012,5 Series,2012,Asia,Silver,Petrol,Manual,2.7,197068,37547,6253,High
12/31/2010,3 Series,2010,South America,Grey,Hybrid,Automatic,4.6,141015,47381,5478,High
12/31/2010,5 Series,2010,Middle East,Blue,Petrol,Automatic,4.3,41981,69568,3251,Low
12/31/2024,M3,2024,Europe,White,Diesel,Automatic,3.1,50406,126950,2979,Low
12/31/2010,X1,2010,North America,White,Electric,Automatic,3.2,165442,36834,8029,High
12/31/2010,i8,2010,Asia,Red,Electric,Manual,4.5,49739,141308,50,Low
12/31/2024,X1,2024,Asia,Silver,Electric,Automatic,3.2,83428,106904,9699,High
12/31/2022,X5,2022,South America,Red,Petrol,Manual,3.9,93761,107287,3458,Low
12/31/2011,5 Series,2011,Middle East,White,Hybrid,Manual,4.3,137875,63374,3911,Low
12/31/2020,X6,2020,Middle East,Black,Electric,Automatic,4.7,14375,152846,2364,Low
12/31/2014,5 Series,2014,South America,Grey,Electric,Automatic,2.3,136334,70256,3267,Low
12/31/2011,M5,2011,Asia,Black,Electric,Manual,4.9,41568,130594,439,Low
12/31/2013,i3,2013,Europe,White,Petrol,Manual,4.9,15457,75700,3691,Low
12/31/2018,i8,2018,South America,Grey,Petrol,Manual,2.5,65356,131889,50,Low
12/31/2012,7 Series,2012,Middle East,Silver,Hybrid,Automatic,3.6,144349,96260,57,Low
12/31/2011,i8,2011,Asia,Red,Petrol,Manual,1.7,154623,90223,50,Low
12/31/2013,M3,2013,Middle East,Grey,Hybrid,Manual,2.1,100057,73434,1565,Low
12/31/2018,i3,2018,Europe,Grey,Petrol,Manual,3.5,43351,82028,5198,High
12/31/2013,M3,2013,Africa,Blue,Hybrid,Automatic,3.8,6840,99064,635,Low
12/31/2024,X3,2024,South America,Grey,Hybrid,Automatic,3.4,83008,112597,5464,High
12/31/2021,X3,2021,Africa,Red,Diesel,Automatic,4,166130,77635,5419,High
12/31/2014,5 Series,2014,Middle East,White,Petrol,Automatic,4.3,162725,69145,3937,Low
12/31/2013,5 Series,2013,Africa,Blue,Petrol,Manual,2.1,22886,64424,3364,Low
12/31/2022,M3,2022,Africa,Red,Diesel,Manual,3.8,96981,102325,2082,Low
12/31/2017,i8,2017,Middle East,Black,Petrol,Automatic,3.5,96905,144706,50,Low
12/31/2023,X5,2023,Asia,Blue,Diesel,Manual,1.9,33325,114573,6641,High
12/31/2022,X5,2022,South America,White,Hybrid,Manual,2.3,82202,102888,4287,Low
12/31/2024,i8,2024,South America,Black,Hybrid,Automatic,3,38401,187716,300,Low
12/31/2024,X1,2024,Middle East,White,Hybrid,Manual,4.5,42258,122642,6697,High
12/31/2013,M5,2013,Asia,Grey,Petrol,Manual,2.3,67441,98157,1405,Low
12/31/2011,5 Series,2011,Africa,Black,Petrol,Manual,2.1,93117,41829,3080,Low
12/31/2021,X5,2021,South America,White,Hybrid,Manual,4,127219,104530,3873,Low
12/31/2013,X6,2013,Africa,White,Electric,Manual,4.9,147950,91659,1506,Low
12/31/2011,5 Series,2011,Middle East,Black,Hybrid,Automatic,3.1,50488,78767,3785,Low
12/31/2018,i8,2018,South America,Black,Diesel,Automatic,2.7,91630,127615,50,Low
12/31/2020,i8,2020,North America,Silver,Petrol,Manual,2.4,139040,142279,232,Low
12/31/2023,5 Series,2023,Europe,White,Hybrid,Manual,1.7,169003,92829,7843,High
12/31/2017,M3,2017,Middle East,Grey,Diesel,Automatic,2.1,24808,97022,1745,Low
12/31/2018,i3,2018,Europe,White,Hybrid,Automatic,1.8,87569,71754,5417,High
12/31/2013,X1,2013,Africa,Silver,Diesel,Manual,3.2,177008,25000,3778,Low
12/31/2010,X5,2010,Africa,Black,Petrol,Manual,4.9,111645,34442,2710,Low
12/31/2012,M3,2012,Asia,Silver,Petrol,Automatic,4.3,115231,72150,2630,Low
12/31/2016,5 Series,2016,South America,White,Hybrid,Automatic,3.6,14222,100930,3163,Low
12/31/2010,M5,2010,Asia,Red,Hybrid,Automatic,3.2,188080,84457,1149,Low
12/31/2020,X5,2020,Asia,White,Diesel,Manual,3.7,22230,115360,5755,High
12/31/2017,X6,2017,Middle East,Red,Hybrid,Manual,2.8,34107,114924,2209,Low
12/31/2018,X5,2018,South America,Grey,Petrol,Manual,2.1,164269,68163,4314,Low
12/31/2017,i8,2017,Asia,Silver,Petrol,Automatic,3.6,126287,137387,50,Low
12/31/2014,X1,2014,Europe,White,Petrol,Automatic,3.3,182247,34083,7639,High
12/31/2021,i8,2021,South America,Black,Diesel,Automatic,4.8,22917,170603,50,Low
12/31/2020,7 Series,2020,Europe,Grey,Hybrid,Automatic,3.8,27215,153605,1231,Low
12/31/2023,7 Series,2023,Middle East,Silver,Petrol,Manual,4.2,189587,125986,1173,Low
12/31/2021,M3,2021,Africa,Silver,Petrol,Manual,1.8,64283,100110,1856,Low
12/31/2022,X6,2022,South America,Black,Electric,Automatic,4.2,102553,138523,2502,Low
12/31/2024,i3,2024,North America,White,Electric,Manual,4.9,106423,119065,5950,High
12/31/2018,M5,2018,South America,Grey,Electric,Manual,3.8,17663,151770,651,Low
12/31/2013,M5,2013,North America,Red,Diesel,Automatic,4.1,155494,91884,1281,Low
12/31/2018,X1,2018,Middle East,Blue,Diesel,Automatic,4.9,175279,65889,5750,High
12/31/2010,X6,2010,North America,Blue,Petrol,Automatic,2.9,133562,59486,3455,Low
12/31/2021,X3,2021,Africa,White,Petrol,Manual,4.4,75519,99713,4119,Low
12/31/2020,X6,2020,South America,Red,Petrol,Manual,2.9,64847,108110,2897,Low
12/31/2012,X5,2012,North America,Blue,Petrol,Automatic,3,31755,79717,4966,Low
12/31/2013,5 Series,2013,Middle East,Red,Diesel,Manual,3.8,94669,64294,4576,Low
12/31/2020,i3,2020,South America,Red,Petrol,Automatic,2.4,100595,73669,3177,Low
12/31/2019,X6,2019,South America,White,Petrol,Automatic,5,140287,100114,2471,Low
12/31/2010,M3,2010,Africa,Black,Petrol,Automatic,2.7,158849,42638,946,Low
12/31/2021,X3,2021,South America,White,Petrol,Manual,1.9,108876,77176,5354,High
12/31/2015,3 Series,2015,Asia,Silver,Hybrid,Manual,2.6,68193,68312,9574,High
12/31/2022,5 Series,2022,Middle East,Silver,Hybrid,Manual,4.5,181662,110837,5689,High
12/31/2024,i8,2024,North America,White,Hybrid,Manual,2.6,6478,184428,671,Low
12/31/2013,5 Series,2013,Asia,Blue,Diesel,Automatic,3.6,82051,65152,6758,High
12/31/2013,X1,2013,South America,Red,Petrol,Manual,4.8,99054,53369,4746,Low
12/31/2010,3 Series,2010,Middle East,Red,Electric,Automatic,2.4,39597,59757,5051,High
12/31/2014,M3,2014,South America,Red,Petrol,Manual,2,168272,51581,1648,Low
12/31/2018,5 Series,2018,Middle East,Grey,Diesel,Automatic,1.8,26092,87669,4366,Low
12/31/2015,i3,2015,North America,Silver,Petrol,Manual,3,27046,72751,4245,Low
12/31/2024,X1,2024,Europe,Silver,Electric,Manual,1.9,115552,94937,7518,High
12/31/2017,X5,2017,Middle East,Black,Diesel,Manual,3.1,174811,70252,4672,Low
12/31/2020,X1,2020,Europe,Blue,Electric,Manual,4.5,63939,105805,6980,High
12/31/2013,3 Series,2013,Middle East,Silver,Hybrid,Manual,4.2,134043,62418,6166,High
12/31/2018,M3,2018,Asia,Silver,Hybrid,Manual,3.5,198540,85730,3249,Low
12/31/2016,M5,2016,Middle East,Grey,Hybrid,Automatic,4.5,79835,132604,324,Low
12/31/2023,5 Series,2023,Europe,White,Petrol,Manual,1.9,89338,99170,6491,High
12/31/2023,7 Series,2023,Middle East,Silver,Hybrid,Manual,3.6,127852,144867,1443,Low
12/31/2016,X1,2016,Africa,Grey,Diesel,Automatic,1.9,116194,42738,4015,Low
12/31/2017,i8,2017,Europe,Red,Petrol,Automatic,3.2,67943,141644,50,Low
12/31/2011,i3,2011,South America,White,Electric,Manual,3.1,12567,67554,2128,Low
12/31/2021,M3,2021,Europe,Silver,Petrol,Automatic,2.4,53256,110358,2969,Low
12/31/2015,7 Series,2015,Middle East,White,Petrol,Automatic,4.4,32774,122727,93,Low
12/31/2016,X5,2016,North America,Black,Hybrid,Automatic,2.3,167012,77955,6520,High
12/31/2012,i3,2012,South America,Silver,Hybrid,Manual,3.4,137571,47068,2875,Low
12/31/2017,7 Series,2017,Europe,White,Hybrid,Automatic,3.2,13077,139392,626,Low
12/31/2010,3 Series,2010,Europe,White,Electric,Automatic,3,84551,56646,7817,High
12/31/2010,M3,2010,Europe,Red,Diesel,Automatic,1.6,2051,62412,2251,Low
12/31/2019,i3,2019,Africa,Grey,Diesel,Automatic,3.9,70634,79521,2859,Low
12/31/2012,M3,2012,Europe,Blue,Petrol,Automatic,1.5,51369,61965,2685,Low
12/31/2015,3 Series,2015,Europe,Red,Hybrid,Manual,4.4,87169,76171,8095,High
12/31/2016,3 Series,2016,Middle East,Black,Electric,Manual,2.4,615,90048,6267,High
12/31/2011,5 Series,2011,Europe,Silver,Hybrid,Manual,1.9,65029,57181,5301,High
12/31/2023,5 Series,2023,North America,Red,Petrol,Manual,3,27192,50466,8460,High
12/31/2015,i3,2015,Asia,Red,Diesel,Automatic,3.5,51797,68802,4940,Low
12/31/2021,5 Series,2021,Middle East,Grey,Hybrid,Manual,2.6,22146,117999,4760,Low
12/31/2014,3 Series,2014,North America,Silver,Electric,Automatic,1.9,37193,74587,8597,High
12/31/2024,M3,2024,North America,Grey,Hybrid,Automatic,1.6,67671,128495,4196,Low
12/31/2015,X5,2015,Middle East,Blue,Electric,Manual,4,6971,111971,3187,Low
12/31/2010,3 Series,2010,Middle East,Grey,Petrol,Manual,4.6,92519,47717,5973,High
12/31/2023,X3,2023,North America,Silver,Electric,Manual,1.9,178214,90398,10463,High
12/31/2019,X1,2019,Asia,Grey,Electric,Automatic,2.3,64155,83047,8155,High
12/31/2016,i3,2016,Africa,Blue,Electric,Automatic,1.6,84710,67068,2465,Low
12/31/2017,i8,2017,Africa,Red,Diesel,Automatic,4.6,25388,146455,50,Low
12/31/2023,X1,2023,South America,Blue,Hybrid,Manual,3.1,40539,107176,5070,High
12/31/2016,M3,2016,Europe,Red,Hybrid,Automatic,4.7,99715,109633,1992,Low
12/31/2018,M3,2018,Africa,Blue,Hybrid,Manual,3.1,67537,99765,1955,Low
12/31/2010,X1,2010,Asia,Black,Diesel,Automatic,4.5,126758,36714,7970,High
12/31/2019,i8,2019,Asia,Black,Diesel,Automatic,4.8,161154,144185,108,Low
12/31/2018,M5,2018,Asia,White,Diesel,Manual,2.7,129404,104954,4978,Low
12/31/2020,7 Series,2020,Middle East,Grey,Diesel,Manual,3.7,64237,125773,905,Low
12/31/2020,X5,2020,Europe,Black,Electric,Manual,3.8,14432,126356,5612,High
12/31/2022,M3,2022,South America,Silver,Diesel,Manual,1.6,77357,93654,2203,Low
12/31/2024,X1,2024,Middle East,Blue,Diesel,Automatic,3,114870,90294,5695,High
12/31/2012,X5,2012,Middle East,Blue,Diesel,Manual,4.5,66211,76893,3668,Low
12/31/2011,i8,2011,North America,Grey,Hybrid,Automatic,4.8,122811,126587,50,Low
12/31/2015,i8,2015,Africa,Silver,Hybrid,Manual,4.6,56867,148051,50,Low
12/31/2020,X3,2020,Asia,Silver,Hybrid,Automatic,4.9,89251,105942,8273,High
12/31/2014,7 Series,2014,Middle East,White,Diesel,Manual,3.8,82094,103968,259,Low
12/31/2024,i3,2024,Africa,Silver,Hybrid,Automatic,2.3,31113,115798,3863,Low
12/31/2013,M3,2013,Asia,Silver,Hybrid,Automatic,3.5,26389,102306,1828,Low
12/31/2013,X1,2013,Middle East,Red,Electric,Automatic,3,77475,63015,4524,Low
12/31/2017,7 Series,2017,Asia,Silver,Hybrid,Manual,2.4,189037,100117,1274,Low
12/31/2019,X1,2019,Asia,Red,Petrol,Automatic,4.2,72204,84452,6868,High
12/31/2022,7 Series,2022,North America,Red,Diesel,Automatic,3.7,156321,122546,1531,Low
12/31/2012,X5,2012,North America,Silver,Diesel,Automatic,4.3,190159,55796,5145,High
12/31/2022,5 Series,2022,South America,Grey,Petrol,Manual,2.4,157146,80813,5076,High
12/31/2010,X5,2010,Asia,Black,Electric,Automatic,4.7,48789,93755,4464,Low
12/31/2014,i3,2014,North America,Silver,Petrol,Automatic,2.3,4527,70445,3950,Low
12/31/2017,X3,2017,Middle East,Red,Hybrid,Manual,3.6,132934,82478,5828,High
12/31/2012,M3,2012,Europe,Silver,Electric,Automatic,1.7,31030,81145,1883,Low
12/31/2011,M5,2011,North America,Grey,Petrol,Automatic,3.4,160423,87931,1050,Low
12/31/2010,M5,2010,South America,White,Petrol,Manual,1.8,68739,79364,91,Low
12/31/2022,X5,2022,Africa,Grey,Diesel,Automatic,2.7,36685,111355,3475,Low
12/31/2013,7 Series,2013,South America,Grey,Hybrid,Manual,4.5,178986,90771,151,Low
12/31/2020,i3,2020,Middle East,Silver,Electric,Manual,4.6,93048,110637,3951,Low
12/31/2011,3 Series,2011,South America,Red,Electric,Manual,4.2,9024,75516,4137,Low
12/31/2023,i8,2023,South America,Blue,Petrol,Automatic,2.8,158673,150944,195,Low
12/31/2017,X5,2017,Africa,Grey,Diesel,Automatic,3.5,18306,98284,2723,Low
12/31/2020,X5,2020,Africa,Blue,Electric,Manual,2.3,79799,105336,3311,Low
12/31/2022,X6,2022,Asia,White,Diesel,Automatic,3.9,191188,99489,5586,High
12/31/2024,X5,2024,Europe,Blue,Hybrid,Automatic,2.7,147532,111554,7474,High
12/31/2019,i8,2019,North America,Silver,Hybrid,Automatic,2.3,167662,141159,647,Low
12/31/2021,7 Series,2021,Middle East,Red,Diesel,Automatic,3.5,11674,145441,743,Low
12/31/2018,M5,2018,Asia,Silver,Hybrid,Automatic,1.9,177723,113452,2391,Low
12/31/2022,X3,2022,Asia,Blue,Hybrid,Automatic,3.9,16834,128207,8875,High
12/31/2019,X3,2019,Middle East,Grey,Electric,Manual,2.2,37828,96850,6694,High
12/31/2010,M3,2010,Middle East,Red,Hybrid,Manual,3.4,83197,76659,1074,Low
12/31/2024,X3,2024,Europe,Black,Electric,Automatic,2.9,142840,104581,9841,High
12/31/2011,5 Series,2011,Europe,Silver,Electric,Automatic,3.5,11940,87825,5843,High
12/31/2015,X3,2015,North America,Black,Diesel,Automatic,2.4,36735,71388,8260,High
12/31/2022,X6,2022,Europe,White,Electric,Automatic,2.6,78076,128782,5055,High
12/31/2019,7 Series,2019,Europe,Grey,Petrol,Manual,2,84581,103839,1692,Low
12/31/2021,7 Series,2021,South America,Red,Electric,Manual,4.2,82881,140451,1042,Low
12/31/2016,M3,2016,Asia,Red,Diesel,Manual,1.7,25309,81685,2825,Low
12/31/2011,X3,2011,Middle East,Silver,Electric,Manual,2.8,173338,47362,6109,High
12/31/2017,i8,2017,Asia,Grey,Petrol,Automatic,3.1,85068,135204,50,Low
12/31/2022,X6,2022,Asia,White,Electric,Automatic,2.2,104452,60246,5672,High
12/31/2019,X5,2019,South America,Black,Petrol,Automatic,2.8,9523,106529,2994,Low
12/31/2018,3 Series,2018,South America,Blue,Diesel,Automatic,3,76473,72284,1206,Low
12/31/2017,i3,2017,Europe,Blue,Diesel,Automatic,2.3,97816,58389,4776,Low
12/31/2018,M3,2018,Middle East,White,Diesel,Automatic,3.7,122103,97977,2038,Low
12/31/2024,7 Series,2024,Europe,Red,Electric,Manual,1.6,77914,143468,2466,Low
12/31/2015,5 Series,2015,Middle East,White,Electric,Manual,2.2,164669,66577,4813,Low
12/31/2020,i8,2020,Europe,Grey,Petrol,Manual,3.7,143791,139400,231,Low
12/31/2016,X5,2016,Africa,Silver,Electric,Automatic,3.7,168518,82530,2656,Low
12/31/2015,X5,2015,Africa,Silver,Electric,Manual,2.4,79795,80725,2693,Low
12/31/2016,X6,2016,Asia,Grey,Petrol,Automatic,3.9,73706,96205,3559,Low
12/31/2012,X5,2012,South America,White,Petrol,Manual,3.1,164418,46744,3532,Low
12/31/2013,M3,2013,Africa,Red,Hybrid,Manual,3.3,75918,81292,818,Low
12/31/2018,5 Series,2018,South America,Black,Diesel,Automatic,2.7,107984,77499,11700,High
12/31/2012,X6,2012,North America,White,Petrol,Automatic,4.9,137154,81801,3389,Low
12/31/2011,M5,2011,Africa,Black,Diesel,Manual,4.1,190780,73480,145,Low
12/31/2021,5 Series,2021,Asia,White,Diesel,Automatic,2.4,93889,90923,6636,High
12/31/2022,M5,2022,Asia,Black,Diesel,Manual,2.3,19565,143892,1924,Low
12/31/2020,X5,2020,Asia,Black,Electric,Manual,4.2,68804,128354,7189,High
12/31/2016,5 Series,2016,Asia,Grey,Electric,Automatic,2.9,53731,101438,7005,High
12/31/2015,M3,2015,South America,Silver,Hybrid,Automatic,1.8,174206,65952,1636,Low
12/31/2012,M5,2012,South America,Grey,Hybrid,Automatic,1.6,42648,104133,50,Low
12/31/2015,7 Series,2015,Africa,Blue,Petrol,Automatic,2.9,116970,93247,278,Low
12/31/2024,X6,2024,South America,Red,Hybrid,Manual,3,12504,141052,3480,Low
12/31/2016,i3,2016,Asia,Red,Petrol,Automatic,4,158273,61189,4894,Low
12/31/2015,i8,2015,Middle East,Grey,Diesel,Automatic,3.5,72769,138715,50,Low
12/31/2010,3 Series,2010,Middle East,Black,Electric,Automatic,4.2,103049,62748,5477,High
12/31/2021,M5,2021,Europe,Grey,Diesel,Automatic,2.6,140081,125141,1943,Low
12/31/2023,i3,2023,Europe,Red,Electric,Automatic,3.7,23792,122495,6156,High
12/31/2010,X1,2010,Asia,Grey,Hybrid,Automatic,4.6,108357,50344,7199,High
12/31/2018,X3,2018,Europe,Grey,Hybrid,Manual,1.7,139658,63172,8826,High
12/31/2015,M3,2015,Middle East,White,Electric,Manual,4,35696,115216,1198,Low
12/31/2021,M5,2021,North America,Grey,Electric,Manual,4,29853,172863,1930,Low
12/31/2011,3 Series,2011,Middle East,Grey,Electric,Manual,4.3,187860,50447,6691,High
12/31/2024,5 Series,2024,Europe,Grey,Diesel,Manual,2.4,198691,79372,8079,High
12/31/2020,5 Series,2020,Africa,Blue,Diesel,Automatic,3,103724,89274,4393,Low
12/31/2010,i8,2010,South America,White,Diesel,Automatic,2.3,13536,110900,50,Low
12/31/2020,X5,2020,Europe,Red,Hybrid,Manual,2.6,61210,108417,5623,High
12/31/2021,5 Series,2021,Asia,Silver,Hybrid,Automatic,4.9,159998,104823,6858,High
12/31/2011,X5,2011,Africa,Grey,Hybrid,Automatic,3.1,166199,56778,2385,Low
12/31/2017,X6,2017,Europe,Red,Diesel,Manual,4.5,171940,80098,3649,Low
12/31/2014,i3,2014,Africa,Blue,Diesel,Automatic,4.3,45094,65844,2569,Low
12/31/2016,3 Series,2016,North America,Silver,Electric,Manual,3.1,103755,74073,9335,High
12/31/2016,X5,2016,Europe,White,Petrol,Automatic,5,145326,82210,5897,High
12/31/2011,X1,2011,Africa,Grey,Petrol,Manual,4.4,105154,40514,3937,Low
12/31/2013,X5,2013,North America,Red,Diesel,Automatic,3.2,8757,87760,5560,High
12/31/2011,X3,2011,Asia,Black,Diesel,Automatic,2.6,77482,46273,7845,High
12/31/2016,5 Series,2016,Africa,Red,Petrol,Manual,1.8,48371,73076,3814,Low
12/31/2014,X5,2014,North America,Grey,Diesel,Manual,3.1,163979,56827,5839,High
12/31/2010,X1,2010,Asia,Red,Hybrid,Automatic,2.8,156199,28703,8172,High
12/31/2011,M5,2011,Middle East,Grey,Diesel,Manual,4,148845,85573,366,Low
12/31/2015,X3,2015,South America,Red,Hybrid,Manual,1.6,64258,64979,5445,High
12/31/2023,i3,2023,South America,Red,Petrol,Manual,4.4,86368,96305,3530,Low
12/31/2013,M3,2013,Middle East,Red,Hybrid,Manual,3,42737,87386,1392,Low
12/31/2016,3 Series,2016,Middle East,Blue,Hybrid,Manual,3.1,57420,77417,5777,High
12/31/2024,5 Series,2024,North America,Blue,Hybrid,Automatic,2.1,109323,116716,8604,High
12/31/2011,M3,2011,Europe,White,Hybrid,Manual,4.8,5284,103576,1664,Low
12/31/2022,i8,2022,South America,Red,Petrol,Manual,2.9,44678,160720,50,Low
12/31/2021,i8,2021,Asia,Grey,Petrol,Manual,4.4,173736,150761,291,Low
12/31/2011,X6,2011,Africa,Silver,Electric,Automatic,2.3,25987,83558,1279,Low
12/31/2021,X3,2021,Europe,Silver,Electric,Manual,1.8,70102,92867,8061,High
12/31/2015,7 Series,2015,Europe,Red,Hybrid,Manual,3.7,196355,95857,1092,Low
12/31/2017,X1,2017,North America,Silver,Diesel,Automatic,4.9,12965,85530,7849,High
12/31/2022,X5,2022,South America,White,Hybrid,Manual,3.8,196490,97457,4054,Low
12/31/2010,i8,2010,North America,Blue,Petrol,Automatic,3.6,99676,111300,50,Low
12/31/2014,7 Series,2014,Middle East,Grey,Hybrid,Automatic,3,27740,127429,50,Low
12/31/2010,M5,2010,Middle East,Grey,Electric,Manual,2.5,11428,113334,50,Low
12/31/2024,7 Series,2024,South America,Grey,Electric,Automatic,3,62393,156815,1153,Low
12/31/2020,X5,2020,South America,White,Hybrid,Manual,2,153503,81622,5083,High
12/31/2015,i8,2015,Middle East,Black,Hybrid,Automatic,2.4,43385,150816,50,Low
12/31/2016,3 Series,2016,North America,Silver,Electric,Manual,3.2,143181,71508,8388,High
12/31/2015,i3,2015,North America,Black,Electric,Automatic,2,145265,59022,5331,High
12/31/2023,X6,2023,Europe,White,Diesel,Automatic,4.3,12247,132874,4172,Low
12/31/2022,M5,2022,Middle East,White,Diesel,Manual,1.5,151004,112381,190,Low
12/31/2018,5 Series,2018,Middle East,Black,Diesel,Manual,2.6,113851,74457,4684,Low
12/31/2012,7 Series,2012,North America,Silver,Petrol,Automatic,3.3,49344,99680,691,Low
12/31/2017,X6,2017,Africa,Grey,Diesel,Manual,4.8,3337,112793,1700,Low
12/31/2012,X6,2012,Africa,White,Hybrid,Manual,3.5,197906,57985,1917,Low
12/31/2020,X5,2020,Middle East,White,Electric,Automatic,2.5,188454,92346,9976,High
12/31/2024,3 Series,2024,Africa,Red,Hybrid,Automatic,2.7,71340,105208,5466,High
12/31/2021,5 Series,2021,Europe,Black,Electric,Automatic,2.7,177327,94411,8113,High
12/31/2022,M3,2022,Europe,Silver,Diesel,Automatic,2.1,121233,96464,3133,Low
12/31/2022,5 Series,2022,North America,Grey,Petrol,Manual,2,193270,74264,8601,High
12/31/2016,X5,2016,Africa,White,Electric,Automatic,3.2,155877,79255,2595,Low
12/31/2023,M3,2023,North America,Silver,Diesel,Automatic,2.4,92998,108552,3760,Low
12/31/2022,X5,2022,Asia,Black,Hybrid,Manual,1.8,143319,92542,8042,High
12/31/2014,X5,2014,Middle East,White,Petrol,Automatic,2.3,42069,80684,3285,Low
12/31/2021,X3,2021,South America,Blue,Electric,Manual,3.3,11023,116174,5951,High
12/31/2022,M5,2022,Africa,Silver,Hybrid,Automatic,2.4,63621,142331,1136,Low
12/31/2010,i3,2010,Africa,White,Hybrid,Automatic,2.3,92522,40768,2315,Low
12/31/2024,i8,2024,Europe,Silver,Electric,Automatic,3.7,177606,177308,872,Low
12/31/2020,X1,2020,Asia,Grey,Electric,Automatic,3.9,107729,90249,7727,High
12/31/2021,X1,2021,North America,Red,Electric,Manual,2.3,51810,94456,8739,High
12/31/2013,i3,2013,North America,Blue,Electric,Automatic,3.2,122233,64183,4373,Low
12/31/2023,i8,2023,Middle East,White,Diesel,Manual,4.2,132272,171296,50,Low
12/31/2022,i3,2022,Middle East,Black,Petrol,Automatic,3.9,85629,95879,3708,Low
12/31/2020,M5,2020,Middle East,Grey,Diesel,Automatic,1.7,24978,129480,985,Low
12/31/2024,M5,2024,Middle East,Silver,Hybrid,Manual,2.8,127680,154692,1830,Low
12/31/2018,X1,2018,North America,Silver,Hybrid,Manual,4,160892,71772,8717,High
12/31/2024,5 Series,2024,Africa,Black,Petrol,Automatic,2.1,54558,104592,4604,Low
12/31/2017,X5,2017,South America,Grey,Hybrid,Manual,2.2,56461,89691,3569,Low
12/31/2012,7 Series,2012,North America,White,Petrol,Manual,3.7,144925,84794,924,Low
12/31/2024,5 Series,2024,South America,White,Electric,Manual,2.5,52062,119122,5194,High
12/31/2011,M5,2011,South America,White,Petrol,Automatic,2.6,121650,79198,234,Low
12/31/2020,3 Series,2020,South America,Silver,Diesel,Manual,3.3,66207,83247,6267,High
12/31/2018,i8,2018,Asia,Blue,Petrol,Automatic,4.1,146163,145348,50,Low
12/31/2010,X6,2010,North America,Red,Diesel,Manual,3.2,70672,65615,3672,Low
12/31/2018,M3,2018,North America,Blue,Diesel,Manual,4.6,142299,89684,3308,Low
12/31/2021,i8,2021,Middle East,Black,Petrol,Manual,1.9,50785,200000,50,Low
12/31/2016,i8,2016,Asia,Black,Petrol,Manual,4.1,120125,138387,50,Low
12/31/2021,i8,2021,South America,Silver,Electric,Manual,3.4,18108,184750,50,Low
12/31/2011,7 Series,2011,North America,Silver,Diesel,Manual,4.4,10117,105568,313,Low
12/31/2020,7 Series,2020,Middle East,Blue,Petrol,Automatic,2.6,50159,128338,712,Low
12/31/2014,M3,2014,Asia,Black,Diesel,Automatic,3.2,14684,93618,2751,Low
12/31/2023,X5,2023,Europe,Grey,Hybrid,Automatic,4.4,68616,137306,5334,High
12/31/2011,X3,2011,North America,Red,Petrol,Automatic,4.4,61854,62968,8497,High
12/31/2024,X1,2024,Europe,Blue,Petrol,Manual,2.8,46138,96131,7232,High
12/31/2014,7 Series,2014,Africa,Black,Diesel,Manual,4.4,33608,105178,50,Low
12/31/2016,7 Series,2016,Asia,Blue,Electric,Manual,3.9,121974,113654,1154,Low
12/31/2014,X1,2014,Europe,Silver,Hybrid,Manual,2.9,93577,57328,6316,High
12/31/2011,i3,2011,Asia,Silver,Hybrid,Manual,4.9,13669,75114,3825,Low
12/31/2020,X3,2020,Europe,Blue,Hybrid,Automatic,1.6,152992,70776,10514,High
12/31/2023,X1,2023,Asia,Silver,Hybrid,Manual,2.8,95234,94790,8694,High
12/31/2014,7 Series,2014,Middle East,White,Hybrid,Automatic,2.6,149724,93993,339,Low
12/31/2021,i3,2021,Europe,Blue,Hybrid,Automatic,4.8,178996,89961,6224,High
12/31/2021,X6,2021,South America,Red,Diesel,Automatic,1.8,4987,107734,2526,Low
12/31/2019,7 Series,2019,South America,Red,Hybrid,Manual,3.7,157389,116417,981,Low
12/31/2023,M5,2023,Europe,Silver,Diesel,Manual,4,82190,149869,1917,Low
12/31/2015,X1,2015,Asia,Silver,Diesel,Automatic,2.1,59890,50828,8642,High
12/31/2024,X3,2024,Africa,Blue,Electric,Automatic,2,196233,84752,5595,High
12/31/2014,X5,2014,Asia,Silver,Petrol,Automatic,1.7,143311,57906,5865,High
12/31/2011,7 Series,2011,South America,White,Electric,Manual,2.1,82912,84929,50,Low
12/31/2015,X6,2015,North America,Silver,Petrol,Automatic,4.3,52315,100760,4119,Low
12/31/2015,5 Series,2015,Africa,Red,Diesel,Automatic,4.8,49130,84435,3294,Low
12/31/2021,5 Series,2021,Asia,Black,Electric,Manual,4.7,195863,106756,7461,High
12/31/2011,i3,2011,Asia,Grey,Diesel,Automatic,2.8,62926,45301,5257,High
12/31/2022,7 Series,2022,Middle East,Blue,Petrol,Manual,4,166668,119835,1103,Low
12/31/2022,3 Series,2022,Asia,White,Petrol,Manual,4.4,99026,94402,10772,High
12/31/2013,i3,2013,Asia,Red,Petrol,Automatic,4.3,28938,72586,4958,Low
12/31/2016,i3,2016,Middle East,Blue,Hybrid,Manual,1.7,96396,66061,2918,Low
12/31/2010,X5,2010,Africa,Silver,Hybrid,Automatic,2.3,15034,69105,2228,Low
12/31/2010,X3,2010,Europe,Black,Hybrid,Automatic,4.8,93877,66883,8111,High
12/31/2023,7 Series,2023,Europe,Black,Petrol,Automatic,4.1,22873,154890,1193,Low
12/31/2020,3 Series,2020,Europe,Red,Electric,Automatic,4.4,111290,98855,9520,High
12/31/2021,X6,2021,Asia,Blue,Petrol,Manual,3.3,68457,114823,5165,High
12/31/2020,X6,2020,Middle East,Silver,Diesel,Manual,2.9,28048,109051,3272,Low
12/31/2015,5 Series,2015,North America,Black,Hybrid,Automatic,3.8,2544,105765,6638,High
12/31/2016,X5,2016,North America,Silver,Diesel,Manual,3.2,167052,68756,5426,High
12/31/2021,7 Series,2021,Africa,Silver,Electric,Automatic,2.8,157836,118775,1329,Low
12/31/2014,M3,2014,South America,Grey,Electric,Manual,2.7,188046,67063,1379,Low
12/31/2024,X6,2024,South America,Blue,Electric,Manual,2.1,12011,139732,3394,Low
12/31/2021,5 Series,2021,Europe,Red,Electric,Automatic,3.4,48778,122307,7306,High
12/31/2019,5 Series,2019,South America,Grey,Hybrid,Automatic,3.3,172800,80877,5218,High
12/31/2017,M3,2017,Europe,Silver,Petrol,Manual,3.6,50303,93773,2495,Low
12/31/2020,5 Series,2020,Africa,Red,Petrol,Automatic,1.9,45435,90412,4336,Low
12/31/2013,i8,2013,Middle East,Grey,Electric,Manual,4.7,4267,164839,50,Low
12/31/2012,i8,2012,Middle East,Black,Electric,Manual,4.1,43065,149239,50,Low
12/31/2016,i8,2016,Asia,Grey,Hybrid,Automatic,2,76672,133071,50,Low
12/31/2023,i8,2023,North America,Black,Diesel,Automatic,1.8,86485,162036,367,Low
12/31/2013,3 Series,2013,Africa,Black,Diesel,Manual,3.8,171201,36287,5463,High
12/31/2010,i3,2010,North America,Grey,Petrol,Manual,2.7,18013,48669,4589,Low
12/31/2020,5 Series,2020,Middle East,Grey,Hybrid,Automatic,2.6,41152,117513,5083,High
12/31/2017,5 Series,2017,Europe,Blue,Hybrid,Manual,4.4,89727,101512,5615,High
12/31/2014,X3,2014,Middle East,Blue,Diesel,Manual,2.7,141945,47410,6217,High
12/31/2022,M3,2022,Africa,Red,Electric,Automatic,3.7,103855,123589,2061,Low
12/31/2017,5 Series,2017,North America,Grey,Diesel,Manual,3.4,178830,65001,7500,High
12/31/2017,7 Series,2017,Africa,Red,Electric,Manual,2.4,81868,114760,258,Low
12/31/2021,X1,2021,Middle East,Silver,Diesel,Automatic,2.7,23613,85975,5749,High
12/31/2014,M5,2014,Africa,Silver,Diesel,Manual,4.8,152535,95395,258,Low
12/31/2017,X1,2017,Asia,White,Hybrid,Automatic,2.7,103782,66992,7536,High
12/31/2016,5 Series,2016,Africa,Silver,Diesel,Automatic,4.2,108061,77196,3898,Low
12/31/2022,5 Series,2022,Asia,Silver,Petrol,Manual,4.5,181418,97029,8439,High
12/31/2012,5 Series,2012,Asia,Red,Diesel,Automatic,1.7,175101,34992,6871,High
12/31/2024,X1,2024,North America,Grey,Diesel,Automatic,3.8,126050,87912,7834,High
12/31/2013,i8,2013,South America,Silver,Electric,Automatic,4.1,51214,145306,50,Low
12/31/2020,M3,2020,Asia,White,Hybrid,Automatic,3,135841,100004,4164,Low
12/31/2021,i8,2021,Middle East,Black,Diesel,Manual,3.5,125665,151909,50,Low
12/31/2022,M3,2022,Africa,Red,Hybrid,Automatic,2.1,46161,120529,2043,Low
12/31/2016,3 Series,2016,Middle East,Silver,Diesel,Automatic,2.6,163938,50162,7643,High
12/31/2013,M5,2013,Europe,Black,Hybrid,Automatic,4,144150,109481,862,Low
12/31/2015,5 Series,2015,Middle East,Grey,Electric,Automatic,3.6,59254,103506,3770,Low
12/31/2021,7 Series,2021,North America,Grey,Electric,Automatic,2,186783,159217,373,Low
12/31/2011,i3,2011,Asia,Blue,Hybrid,Automatic,5,11057,78638,614,Low
12/31/2021,X6,2021,Asia,Grey,Hybrid,Manual,4.8,182226,118859,4279,Low
12/31/2011,i3,2011,Europe,Red,Hybrid,Manual,2.3,9564,60776,4084,Low
12/31/2012,i3,2012,Europe,Blue,Electric,Automatic,4.6,101745,73273,4063,Low
12/31/2019,M5,2019,South America,Black,Petrol,Automatic,2.4,170507,107222,1072,Low
12/31/2016,5 Series,2016,North America,White,Diesel,Automatic,3.5,80917,79959,6555,High
12/31/2012,X3,2012,Europe,Black,Petrol,Automatic,4.2,59050,66402,7915,High
12/31/2021,X1,2021,Africa,White,Diesel,Automatic,2.7,62670,76887,4886,Low
12/31/2012,X1,2012,Middle East,Blue,Hybrid,Automatic,3.4,190036,36624,4465,Low
12/31/2022,X3,2022,Asia,Black,Petrol,Automatic,3.1,101545,95745,8927,High
12/31/2023,5 Series,2023,South America,Black,Hybrid,Automatic,4.2,83324,121923,4495,Low
12/31/2013,i3,2013,South America,Silver,Electric,Manual,3.2,185442,47477,3160,Low
12/31/2024,M3,2024,Europe,Blue,Petrol,Automatic,3.5,93417,117770,3270,Low
12/31/2019,5 Series,2019,South America,Black,Electric,Automatic,4.5,68935,115802,4526,Low
12/31/2015,X5,2015,Asia,Grey,Diesel,Automatic,3.9,188387,66047,5600,High
12/31/2010,3 Series,2010,Asia,Blue,Diesel,Automatic,3.3,113010,37011,8429,High
12/31/2015,X1,2015,South America,Red,Diesel,Manual,3.1,104067,47007,4629,Low
12/31/2017,3 Series,2017,South America,White,Electric,Manual,1.9,72856,76596,6181,High
12/31/2021,i3,2021,Africa,White,Electric,Automatic,1.7,6834,103855,3481,Low
12/31/2024,3 Series,2024,Africa,Black,Hybrid,Manual,4.8,43323,127754,6349,High
12/31/2024,X5,2024,Asia,Silver,Electric,Manual,2.2,47268,134851,7262,High
12/31/2017,X5,2017,South America,Red,Electric,Manual,2.5,93209,87085,2956,Low
12/31/2015,X6,2015,Asia,Blue,Petrol,Manual,3.6,128200,83476,4364,Low
12/31/2015,i3,2015,Asia,Silver,Petrol,Automatic,4.4,189483,53172,4822,Low
12/31/2022,3 Series,2022,Africa,Black,Electric,Automatic,4.4,13489,124495,5989,High
12/31/2012,5 Series,2012,South America,Red,Diesel,Automatic,4.4,142622,55992,4118,Low
12/31/2023,M5,2023,Asia,Red,Petrol,Automatic,4.9,30405,159917,1736,Low
12/31/2011,X5,2011,Asia,Black,Electric,Manual,1.7,21373,74103,1343,Low
12/31/2016,X1,2016,North America,Silver,Hybrid,Manual,2.9,73112,70329,8351,High
12/31/2017,5 Series,2017,Middle East,Blue,Electric,Manual,4.7,43067,112428,4437,Low
12/31/2019,X1,2019,Asia,Silver,Diesel,Automatic,3.1,169362,53224,8762,High
12/31/2022,M3,2022,South America,Black,Electric,Manual,4.5,52420,138000,2233,Low
12/31/2023,M3,2023,Asia,Grey,Electric,Manual,1.6,64442,121129,3724,Low
12/31/2015,X5,2015,Europe,White,Hybrid,Automatic,3.3,63413,98430,4954,Low
12/31/2014,i3,2014,Europe,Grey,Electric,Automatic,4.7,13828,100564,4031,Low
12/31/2013,i3,2013,Africa,White,Petrol,Manual,2.4,48048,47601,2264,Low
12/31/2010,3 Series,2010,Middle East,Red,Diesel,Manual,4.8,26899,58225,5462,High
12/31/2018,7 Series,2018,North America,Silver,Diesel,Automatic,1.5,199277,87175,1773,Low
12/31/2020,X5,2020,Asia,White,Electric,Automatic,1.8,99567,103108,6424,High
12/31/2019,M5,2019,North America,Blue,Petrol,Manual,3.2,118965,115079,1913,Low
12/31/2013,3 Series,2013,South America,Red,Diesel,Automatic,1.9,83916,40106,6507,High
12/31/2011,i8,2011,Middle East,Red,Electric,Automatic,2.3,182216,113614,50,Low
12/31/2013,7 Series,2013,North America,Grey,Petrol,Automatic,2.5,60795,98719,754,Low
12/31/2022,5 Series,2022,Middle East,Blue,Diesel,Manual,3.2,135501,95088,5552,High
12/31/2020,M3,2020,Middle East,Grey,Diesel,Manual,2.9,190860,78536,2521,Low
12/31/2014,X3,2014,North America,Black,Diesel,Automatic,4.7,45166,82214,7867,High
12/31/2011,X5,2011,North America,Blue,Diesel,Manual,4.6,115680,66094,5121,High
12/31/2016,i8,2016,Middle East,Black,Electric,Automatic,4.1,190255,141315,50,Low
12/31/2012,5 Series,2012,Europe,Red,Diesel,Automatic,3.8,198334,42226,6755,High
12/31/2023,M3,2023,North America,Silver,Petrol,Manual,2.2,31825,119775,3267,Low
12/31/2024,5 Series,2024,North America,Black,Hybrid,Automatic,3.6,52906,128880,7780,High
12/31/2017,7 Series,2017,North America,White,Electric,Automatic,2,79587,126260,1043,Low
12/31/2013,i3,2013,Middle East,Blue,Petrol,Automatic,3.1,167819,40535,2798,Low
12/31/2021,i8,2021,Africa,Blue,Electric,Automatic,3.1,47910,176045,50,Low
12/31/2020,i8,2020,Middle East,Grey,Petrol,Automatic,3.9,102234,152598,50,Low
12/31/2014,X3,2014,Africa,Silver,Diesel,Automatic,4.4,43320,73018,3709,Low
12/31/2012,X6,2012,Asia,Blue,Diesel,Manual,2.6,142812,57634,4371,Low
12/31/2022,M5,2022,Africa,Red,Petrol,Manual,1.6,49350,130677,939,Low
12/31/2020,7 Series,2020,Asia,White,Hybrid,Automatic,1.7,48590,129615,1942,Low
12/31/2014,M3,2014,South America,Red,Petrol,Manual,4.6,194514,60910,1557,Low
12/31/2018,i3,2018,Asia,Silver,Electric,Manual,3.2,12040,99976,5691,High
12/31/2020,i8,2020,Africa,Red,Diesel,Manual,2.4,43731,141358,50,Low
12/31/2022,X1,2022,Africa,Black,Diesel,Manual,1.6,158063,53732,5697,High
12/31/2023,i8,2023,Middle East,Grey,Electric,Manual,3.4,20715,194967,91,Low
12/31/2011,X3,2011,Middle East,Grey,Diesel,Manual,2,195580,25000,6298,High
12/31/2016,X1,2016,Middle East,Silver,Diesel,Manual,3,130069,49480,5653,High
12/31/2024,M5,2024,Africa,White,Petrol,Manual,3.3,37667,153771,1003,Low
12/31/2024,3 Series,2024,South America,Blue,Petrol,Automatic,2.3,160991,80052,6902,High
12/31/2019,7 Series,2019,Middle East,Silver,Petrol,Manual,2.2,99458,111278,806,Low
12/31/2017,5 Series,2017,Asia,Red,Hybrid,Automatic,1.6,18191,95304,6036,High
12/31/2012,i3,2012,South America,White,Diesel,Manual,3.5,192898,25000,3253,Low
12/31/2020,7 Series,2020,Africa,White,Diesel,Automatic,2.2,73675,107723,695,Low
12/31/2013,X1,2013,Africa,White,Electric,Manual,4.6,89303,68650,3177,Low
12/31/2022,3 Series,2022,Europe,Grey,Petrol,Manual,3.6,51641,97706,8763,High
12/31/2020,5 Series,2020,Europe,Blue,Electric,Manual,3.4,31434,122126,7136,High
12/31/2019,3 Series,2019,South America,Grey,Electric,Automatic,3.3,132246,81212,5860,High
12/31/2011,3 Series,2011,Asia,Red,Petrol,Manual,2.3,87619,37064,10314,High
12/31/2024,i3,2024,Europe,White,Diesel,Automatic,4.9,122125,99787,6269,High
12/31/2019,M5,2019,Asia,Blue,Diesel,Manual,4.9,166565,119525,1562,Low
12/31/2022,5 Series,2022,Asia,Black,Electric,Manual,2.6,140232,99680,8630,High
12/31/2018,X5,2018,South America,Black,Electric,Manual,4.2,120673,106058,4258,Low
12/31/2012,X3,2012,South America,Black,Hybrid,Automatic,1.9,169197,36023,4451,Low
12/31/2024,X1,2024,Europe,Blue,Hybrid,Automatic,4.2,49767,117596,7249,High
12/31/2018,X1,2018,Africa,Red,Petrol,Manual,2.5,89012,59943,3709,Low
12/31/2022,7 Series,2022,Asia,Black,Petrol,Manual,2.5,14140,139162,1471,Low
12/31/2016,i3,2016,Europe,White,Diesel,Automatic,3.3,61010,72719,5104,High
12/31/2015,i8,2015,Middle East,White,Hybrid,Manual,2.9,17764,161060,50,Low
12/31/2020,5 Series,2020,Europe,Blue,Petrol,Manual,1.9,165058,68301,7294,High
12/31/2021,X6,2021,Asia,Grey,Diesel,Manual,3.6,59959,113001,4396,Low
12/31/2020,i8,2020,Asia,Blue,Electric,Automatic,2.2,175804,146125,663,Low
12/31/2012,X5,2012,Europe,Red,Electric,Automatic,3.1,120357,71923,4396,Low
12/31/2020,X6,2020,Asia,Blue,Electric,Manual,2.3,60954,123604,5207,High
12/31/2016,X1,2016,Africa,White,Diesel,Automatic,4.5,20208,73600,4231,Low
12/31/2024,M5,2024,Middle East,Black,Electric,Automatic,2.7,153349,150204,1598,Low
12/31/2020,5 Series,2020,Europe,Black,Diesel,Automatic,4.6,77535,107526,6345,High
12/31/2023,X5,2023,Africa,Grey,Electric,Manual,2.6,147317,104991,4249,Low
12/31/2012,i8,2012,Europe,Grey,Electric,Manual,2.1,199441,103756,50,Low
12/31/2022,7 Series,2022,Asia,White,Diesel,Manual,3.5,194207,113567,1993,Low
12/31/2020,M3,2020,Asia,White,Petrol,Automatic,3.4,53203,111519,2705,Low
12/31/2015,i3,2015,Middle East,Black,Electric,Automatic,3.7,98595,84353,2697,Low
12/31/2017,X5,2017,Europe,Black,Electric,Manual,2.6,105806,89312,5571,High
12/31/2014,X6,2014,North America,Black,Diesel,Manual,2.6,89074,74961,3405,Low
12/31/2020,7 Series,2020,Middle East,Black,Hybrid,Manual,2.3,181261,110484,1333,Low
12/31/2020,M5,2020,Middle East,Silver,Petrol,Automatic,4.7,146260,130221,905,Low
12/31/2022,3 Series,2022,North America,Blue,Hybrid,Manual,3.9,144002,98678,11908,High
12/31/2012,X1,2012,Asia,Silver,Diesel,Manual,4.1,96518,44163,7225,High
12/31/2015,X5,2015,Africa,Grey,Electric,Manual,2.2,117520,76872,3031,Low
12/31/2024,X6,2024,South America,Black,Hybrid,Automatic,3.8,111043,130961,3508,Low
12/31/2017,7 Series,2017,South America,White,Diesel,Automatic,4.2,165177,100856,671,Low
12/31/2019,i8,2019,Middle East,White,Hybrid,Automatic,2.7,172908,140023,357,Low
12/31/2012,X3,2012,South America,Silver,Petrol,Manual,2.1,146018,30949,5752,High
12/31/2021,i3,2021,Middle East,Grey,Hybrid,Automatic,3.9,173381,88821,4545,Low
12/31/2022,X1,2022,Africa,White,Electric,Manual,3.6,198370,78448,4852,Low
12/31/2023,7 Series,2023,North America,Grey,Hybrid,Automatic,3.5,134189,137156,1939,Low
12/31/2020,M3,2020,Middle East,Blue,Electric,Automatic,2.1,110357,104492,2278,Low
12/31/2020,5 Series,2020,Africa,Grey,Petrol,Manual,2.4,24519,93328,4165,Low
12/31/2014,i3,2014,Europe,Silver,Petrol,Automatic,3.7,186842,45721,5065,High
12/31/2018,7 Series,2018,South America,Red,Electric,Automatic,3.6,136091,119307,880,Low
12/31/2023,7 Series,2023,North America,Grey,Hybrid,Automatic,3.4,180353,138293,2112,Low
12/31/2023,X1,2023,North America,Blue,Petrol,Manual,4.2,123578,87884,9234,High
12/31/2019,7 Series,2019,Middle East,Black,Electric,Automatic,4.4,36405,153284,788,Low
12/31/2024,X5,2024,Africa,Black,Hybrid,Automatic,2.5,36929,128349,3881,Low
12/31/2024,M5,2024,Europe,Red,Electric,Automatic,2.1,142270,144874,2514,Low
12/31/2019,X1,2019,North America,Red,Electric,Manual,2.2,181229,61795,8254,High
12/31/2012,3 Series,2012,Asia,Blue,Diesel,Automatic,2.5,128134,35783,9905,High
12/31/2022,5 Series,2022,Asia,Blue,Diesel,Manual,4.8,263,120157,7263,High
12/31/2021,X1,2021,Asia,Silver,Diesel,Manual,2,17621,76890,9665,High
12/31/2020,i8,2020,Middle East,Red,Diesel,Manual,4.6,133862,150714,50,Low
12/31/2011,M3,2011,North America,White,Electric,Manual,2.2,4059,85482,1982,Low
12/31/2020,X6,2020,North America,White,Petrol,Manual,2.7,71461,108592,4131,Low
12/31/2022,7 Series,2022,Asia,Blue,Hybrid,Automatic,1.9,154493,122281,2678,Low
12/31/2023,5 Series,2023,Africa,Silver,Electric,Automatic,1.9,180001,96672,5261,High
12/31/2017,M3,2017,North America,Grey,Electric,Automatic,1.8,8645,107016,2309,Low
12/31/2023,i3,2023,South America,Blue,Petrol,Automatic,2.7,14558,160806,2446,Low
12/31/2023,3 Series,2023,Africa,Silver,Diesel,Manual,3.3,85498,92159,5687,High
12/31/2023,7 Series,2023,Africa,White,Diesel,Manual,2.2,153870,110867,1097,Low
12/31/2016,M3,2016,Europe,White,Electric,Manual,4.8,154812,95142,2596,Low
12/31/2021,M5,2021,South America,Black,Electric,Manual,3.6,114932,136805,1272,Low
12/31/2018,7 Series,2018,South America,Blue,Electric,Manual,4.6,198264,118199,236,Low
12/31/2024,X1,2024,South America,Red,Hybrid,Automatic,2,162544,77992,6069,High
12/31/2013,3 Series,2013,Asia,White,Diesel,Manual,2,44739,50943,9364,High
12/31/2012,7 Series,2012,Middle East,Blue,Petrol,Manual,4.5,119940,100028,50,Low
12/31/2019,M5,2019,Africa,White,Petrol,Manual,3.5,178006,109966,923,Low
12/31/2014,M5,2014,North America,Red,Hybrid,Manual,4.8,95948,124597,1001,Low
12/31/2020,i8,2020,South America,White,Hybrid,Automatic,2,91964,146467,303,Low
12/31/2010,X3,2010,Africa,Red,Diesel,Manual,1.6,171628,25000,4807,Low
12/31/2014,5 Series,2014,Africa,Red,Diesel,Automatic,4.7,154394,63173,3715,Low
12/31/2022,M3,2022,North America,Grey,Hybrid,Automatic,3.9,52830,134368,3595,Low
12/31/2022,5 Series,2022,North America,White,Hybrid,Automatic,4.3,140306,117550,7107,High
12/31/2012,7 Series,2012,South America,Black,Diesel,Manual,2.5,38045,90287,50,Low
12/31/2010,i8,2010,Africa,Red,Hybrid,Manual,1.5,48102,105849,50,Low
12/31/2012,X6,2012,South America,Grey,Petrol,Automatic,3.2,187524,53654,1905,Low
12/31/2014,X3,2014,Europe,Red,Diesel,Automatic,5,124019,68781,7941,High
12/31/2014,i3,2014,Asia,Silver,Electric,Automatic,4.7,133949,78943,4908,Low
12/31/2024,M5,2024,Africa,Silver,Diesel,Manual,1.8,120777,126623,1458,Low
12/31/2019,X6,2019,Asia,Grey,Electric,Manual,2.2,173945,91203,4453,Low
12/31/2021,X6,2021,South America,Red,Petrol,Manual,2.6,95220,103429,2498,Low
12/31/2017,M3,2017,Middle East,Red,Diesel,Automatic,4.4,91726,97710,1489,Low
12/31/2020,M3,2020,North America,Grey,Electric,Automatic,4.4,3668,147687,2748,Low
12/31/2010,7 Series,2010,Asia,Black,Diesel,Manual,2.1,160853,58606,863,Low
12/31/2016,M5,2016,Middle East,Silver,Petrol,Automatic,3.4,168089,102577,708,Low
12/31/2014,5 Series,2014,Middle East,Black,Diesel,Automatic,3.3,70084,76352,4171,Low
12/31/2012,M5,2012,Africa,Blue,Diesel,Manual,2.9,22989,93860,50,Low
12/31/2013,7 Series,2013,Europe,Grey,Electric,Manual,3.4,55605,112396,525,Low
12/31/2012,M3,2012,Middle East,Red,Diesel,Automatic,2.5,74307,69373,1230,Low
12/31/2017,X6,2017,Europe,Red,Hybrid,Manual,3.4,117991,98270,3289,Low
12/31/2013,i3,2013,Asia,Blue,Hybrid,Manual,3.9,62087,69486,4757,Low
12/31/2012,5 Series,2012,Asia,Grey,Petrol,Manual,1.7,113246,44528,7837,High
12/31/2011,X5,2011,Middle East,Black,Hybrid,Automatic,4.9,6530,99747,2907,Low
12/31/2012,X3,2012,South America,Red,Petrol,Automatic,2.1,72161,47764,4587,Low
12/31/2016,X3,2016,Middle East,Grey,Electric,Automatic,2.8,90780,88236,5771,High
12/31/2015,i8,2015,South America,Red,Diesel,Manual,3.1,34926,135791,50,Low
12/31/2019,M5,2019,South America,Grey,Petrol,Manual,1.6,37705,113652,1024,Low
12/31/2021,3 Series,2021,Europe,White,Electric,Automatic,3.4,198476,84104,8680,High
12/31/2022,X3,2022,Europe,White,Hybrid,Automatic,4.5,87104,116003,10208,High
12/31/2014,M5,2014,Europe,Red,Petrol,Manual,4.7,116391,111140,1079,Low
12/31/2017,M3,2017,North America,Black,Hybrid,Manual,2.6,112717,86829,2553,Low
12/31/2020,M5,2020,Asia,Black,Electric,Manual,3.5,82655,147215,2039,Low
12/31/2010,X3,2010,Asia,Grey,Petrol,Manual,4.2,153039,38167,9721,High
12/31/2012,i3,2012,South America,Grey,Diesel,Manual,2.4,134967,27206,2800,Low
12/31/2011,X6,2011,Asia,Black,Hybrid,Manual,3.3,155673,66634,4190,Low
12/31/2011,X5,2011,Middle East,Black,Electric,Manual,2.8,158326,63987,3751,Low
12/31/2021,M5,2021,Middle East,Grey,Diesel,Automatic,2.8,172064,115381,1341,Low
12/31/2020,7 Series,2020,Middle East,Blue,Petrol,Manual,1.8,30407,121155,957,Low
12/31/2021,7 Series,2021,Middle East,Black,Petrol,Automatic,2.9,86907,133846,925,Low
12/31/2010,X5,2010,North America,Grey,Diesel,Automatic,2.1,93848,47996,5659,High
12/31/2014,5 Series,2014,North America,White,Petrol,Automatic,2.6,103776,66249,6567,High
12/31/2014,X6,2014,South America,Red,Electric,Automatic,2.7,26333,102406,1630,Low
12/31/2012,3 Series,2012,Asia,Red,Hybrid,Automatic,3,89984,55787,10771,High
12/31/2021,X3,2021,Africa,Silver,Hybrid,Automatic,4.7,106495,100297,5197,High
12/31/2021,X3,2021,North America,Silver,Petrol,Automatic,3.7,63770,102066,8856,High
12/31/2018,X6,2018,Middle East,Grey,Hybrid,Manual,4.9,109348,122952,3020,Low
12/31/2021,M3,2021,North America,Silver,Hybrid,Automatic,3.6,6443,136025,3217,Low
12/31/2015,X1,2015,South America,Black,Diesel,Automatic,4.3,43607,69106,4671,Low
12/31/2023,7 Series,2023,Asia,White,Petrol,Manual,4.4,160517,135502,1872,Low
12/31/2019,X5,2019,Asia,Black,Petrol,Manual,4.1,604,111238,5276,High
12/31/2023,3 Series,2023,Asia,Silver,Electric,Manual,3.8,130647,101942,10733,High
12/31/2015,7 Series,2015,Europe,Black,Diesel,Manual,3,1996,116303,668,Low
12/31/2019,X6,2019,South America,Black,Hybrid,Automatic,3.5,126299,103177,3285,Low
12/31/2015,5 Series,2015,South America,Black,Hybrid,Automatic,2.2,127246,70846,3781,Low
12/31/2023,M3,2023,Asia,Grey,Petrol,Manual,3.7,15039,125238,3102,Low
12/31/2011,M3,2011,Asia,Silver,Hybrid,Manual,3.3,159006,59438,2744,Low
12/31/2020,X1,2020,Europe,White,Petrol,Manual,4.3,52171,88742,8447,High
12/31/2024,5 Series,2024,Africa,Grey,Petrol,Automatic,4.7,132752,107259,3961,Low
12/31/2019,i8,2019,Africa,Blue,Hybrid,Manual,2,114201,134237,261,Low
12/31/2019,5 Series,2019,North America,White,Hybrid,Automatic,3.9,134476,96674,8468,High
12/31/2017,X1,2017,Middle East,Red,Hybrid,Manual,4.8,5416,101642,4743,Low
12/31/2015,X5,2015,Middle East,Black,Diesel,Manual,4.7,95824,86231,3864,Low
12/31/2022,X1,2022,Asia,Grey,Hybrid,Automatic,4.4,167065,85948,7861,High
12/31/2024,X3,2024,North America,Grey,Diesel,Automatic,1.7,112946,84557,9014,High
12/31/2023,i3,2023,Africa,Red,Petrol,Automatic,2.4,136539,76202,3152,Low
12/31/2012,X6,2012,Middle East,Blue,Diesel,Automatic,2,155057,53968,2662,Low
12/31/2019,i8,2019,Europe,Red,Hybrid,Automatic,4.7,176681,150361,420,Low
12/31/2018,5 Series,2018,North America,Blue,Petrol,Automatic,4.1,19412,108007,7328,High
12/31/2011,i8,2011,Africa,White,Electric,Manual,3.4,88430,120624,50,Low
12/31/2016,i8,2016,North America,Blue,Electric,Manual,4.9,149512,145096,50,Low
12/31/2012,M5,2012,North America,Blue,Petrol,Manual,2.2,62564,91985,1093,Low
12/31/2024,7 Series,2024,Middle East,White,Electric,Manual,3.7,195535,145365,1747,Low
12/31/2021,7 Series,2021,Europe,Grey,Diesel,Automatic,3.6,17010,137332,1305,Low
12/31/2024,X3,2024,Africa,Grey,Petrol,Manual,2.7,152196,80928,5701,High
12/31/2015,X1,2015,Africa,Grey,Electric,Automatic,3.2,174501,53585,4112,Low
12/31/2014,i3,2014,North America,Grey,Hybrid,Automatic,2.3,114568,59608,4804,Low
12/31/2022,i8,2022,Middle East,White,Petrol,Automatic,3.9,184645,149240,132,Low
12/31/2015,X6,2015,North America,White,Diesel,Automatic,3,34382,95144,4106,Low
12/31/2017,5 Series,2017,South America,Red,Petrol,Manual,1.6,86737,69859,3778,Low
12/31/2023,M3,2023,South America,Black,Diesel,Manual,4.8,4164,133797,1556,Low
12/31/2012,i3,2012,Asia,White,Petrol,Manual,3.3,15355,59496,4142,Low
12/31/2011,i8,2011,North America,Grey,Diesel,Manual,4,87464,118946,50,Low
12/31/2017,i8,2017,Middle East,Blue,Electric,Manual,2.2,149577,138729,50,Low
12/31/2010,X3,2010,South America,Black,Diesel,Manual,1.9,99946,42040,5214,High
12/31/2011,5 Series,2011,North America,Blue,Electric,Automatic,4.7,101914,82208,5795,High
12/31/2019,7 Series,2019,Africa,Grey,Diesel,Manual,3.6,33648,127747,359,Low
12/31/2010,3 Series,2010,Europe,Silver,Hybrid,Manual,3.2,86695,47838,8835,High
12/31/2014,3 Series,2014,Africa,Red,Petrol,Manual,3.3,122390,46086,4261,Low
12/31/2017,M5,2017,North America,Grey,Electric,Manual,2.3,64347,136365,1299,Low
12/31/2011,i3,2011,North America,Black,Electric,Automatic,4.7,105290,71061,4171,Low
12/31/2013,5 Series,2013,North America,Silver,Electric,Automatic,2.2,152830,63560,7402,High
12/31/2013,i3,2013,Middle East,White,Hybrid,Automatic,2.1,132163,51787,3527,Low
12/31/2020,X6,2020,Africa,Black,Diesel,Automatic,4.8,166991,102242,1990,Low
12/31/2020,5 Series,2020,North America,Silver,Electric,Manual,2.4,60699,109979,6479,High
12/31/2016,i3,2016,Africa,Grey,Hybrid,Manual,4.5,8476,92060,2455,Low
12/31/2010,X6,2010,Middle East,Grey,Diesel,Automatic,4.2,173048,58965,1989,Low
12/31/2018,i3,2018,Asia,Red,Petrol,Automatic,2.8,93420,69518,5901,High
12/31/2012,X6,2012,Europe,Black,Electric,Automatic,2.4,69945,83908,3656,Low
12/31/2015,i3,2015,Middle East,Red,Petrol,Manual,4.2,74896,67694,3397,Low
12/31/2019,i8,2019,North America,White,Hybrid,Automatic,3.6,25797,181204,50,Low
12/31/2023,i8,2023,Africa,White,Electric,Automatic,2.4,748,176463,181,Low
12/31/2014,X6,2014,North America,Black,Hybrid,Automatic,4.6,24337,48518,4718,Low
12/31/2013,X1,2013,Africa,White,Petrol,Automatic,4,86013,52712,3518,Low
12/31/2018,7 Series,2018,North America,White,Hybrid,Automatic,4.7,50619,149831,1302,Low
12/31/2020,M3,2020,Africa,Black,Diesel,Automatic,3,148156,83619,1894,Low
12/31/2021,5 Series,2021,Africa,Grey,Electric,Manual,1.9,168152,83552,4572,Low
12/31/2023,X6,2023,Europe,Red,Hybrid,Manual,4.7,4918,152204,4088,Low
12/31/2018,X6,2018,South America,Silver,Diesel,Manual,3.6,24994,110124,2248,Low
12/31/2010,7 Series,2010,South America,Red,Diesel,Automatic,3.6,162601,67370,50,Low
12/31/2016,X6,2016,Africa,Grey,Electric,Automatic,3.5,65162,106226,1833,Low
12/31/2019,M3,2019,Middle East,Blue,Petrol,Automatic,3.2,113589,102360,1887,Low
12/31/2018,X3,2018,South America,Black,Diesel,Manual,2.4,189349,46031,5314,High
12/31/2014,X5,2014,Asia,Red,Hybrid,Manual,3.6,105549,85680,6470,High
12/31/2010,X6,2010,Europe,Silver,Electric,Manual,4,193688,66197,3713,Low
12/31/2017,M5,2017,South America,Silver,Electric,Manual,4.7,51424,140695,231,Low
12/31/2014,i3,2014,Africa,White,Electric,Manual,1.8,27503,65870,2039,Low
12/31/2015,X3,2015,Asia,Blue,Hybrid,Automatic,2.4,151931,61852,9740,High
12/31/2016,3 Series,2016,South America,Grey,Diesel,Manual,4.2,105953,62092,6626,High
12/31/2019,X1,2019,North America,Blue,Electric,Automatic,4.2,194282,79534,9000,High
12/31/2016,i3,2016,South America,Silver,Electric,Manual,2.2,38118,74339,3010,Low
12/31/2022,7 Series,2022,Europe,Blue,Hybrid,Automatic,2.1,69946,140179,1645,Low
12/31/2023,i3,2023,South America,Red,Electric,Manual,2.8,144227,90510,4475,Low
12/31/2021,X6,2021,Asia,Grey,Petrol,Manual,1.7,28869,111286,5041,High
12/31/2016,X3,2016,Africa,Grey,Petrol,Manual,4.1,67000,74362,4761,Low
12/31/2024,i8,2024,Middle East,White,Diesel,Automatic,3.8,109864,167651,142,Low
12/31/2010,3 Series,2010,Africa,Silver,Electric,Automatic,4.5,82563,60341,4659,Low
12/31/2016,i3,2016,South America,Red,Hybrid,Automatic,3,166022,60305,3400,Low
12/31/2020,X3,2020,Asia,White,Petrol,Manual,3.7,170978,77138,9471,High
12/31/2012,M3,2012,Asia,Silver,Hybrid,Manual,4.8,88338,87510,2278,Low
12/31/2014,5 Series,2014,Europe,Red,Diesel,Automatic,4.9,149395,67777,6629,High
12/31/2019,X1,2019,Asia,Red,Diesel,Automatic,1.7,74900,60256,8693,High
12/31/2014,7 Series,2014,Asia,Blue,Hybrid,Automatic,1.5,176920,81078,1136,Low
12/31/2017,X6,2017,South America,White,Petrol,Manual,4.9,50017,107726,2357,Low
12/31/2016,M5,2016,Africa,White,Electric,Manual,3.4,171920,107746,381,Low
12/31/2016,X6,2016,Asia,Grey,Hybrid,Manual,4,30175,114245,3947,Low
12/31/2015,i3,2015,Asia,Grey,Hybrid,Manual,4.7,134606,74789,5285,High
12/31/2016,X5,2016,Middle East,Black,Hybrid,Automatic,3,13504,106755,3929,Low
12/31/2023,i8,2023,Africa,Silver,Petrol,Automatic,3,114622,157479,50,Low
12/31/2016,i8,2016,South America,Red,Hybrid,Automatic,2.1,115736,133737,50,Low
12/31/2024,3 Series,2024,South America,Silver,Petrol,Automatic,4.7,148779,100120,5680,High
12/31/2014,5 Series,2014,Middle East,Red,Hybrid,Manual,3.8,13568,100323,3517,Low
12/31/2014,5 Series,2014,Europe,Silver,Electric,Automatic,2.1,104654,70207,5493,High
12/31/2013,7 Series,2013,Europe,Red,Petrol,Manual,3.5,69396,97955,798,Low
12/31/2023,M3,2023,South America,Black,Hybrid,Automatic,2.6,155724,112225,2999,Low
12/31/2013,X6,2013,Middle East,Silver,Petrol,Manual,2,104336,69722,2520,Low
12/31/2014,M5,2014,South America,Blue,Electric,Manual,2.1,23696,113599,182,Low
12/31/2019,7 Series,2019,Middle East,Blue,Electric,Automatic,3.5,14667,158932,588,Low
12/31/2018,i8,2018,Africa,Blue,Diesel,Automatic,3.5,8865,149594,50,Low
12/31/2023,X3,2023,Africa,Silver,Diesel,Manual,4.3,13606,110025,676,Low
12/31/2020,3 Series,2020,Africa,Grey,Hybrid,Manual,2.4,150631,69329,6332,High
12/31/2021,7 Series,2021,Asia,Black,Hybrid,Manual,4.7,49738,155773,1575,Low
12/31/2015,7 Series,2015,South America,Silver,Diesel,Manual,3.3,15885,105812,191,Low
12/31/2017,X5,2017,North America,Red,Diesel,Manual,2.2,91214,76842,5142,High
12/31/2018,X3,2018,South America,Grey,Petrol,Automatic,2.9,99414,75497,1315,Low
12/31/2021,X3,2021,Africa,Silver,Diesel,Manual,4.7,58499,98855,4461,Low
12/31/2023,i3,2023,Africa,Silver,Diesel,Automatic,3.2,175520,73760,2996,Low
12/31/2013,X3,2013,North America,Blue,Hybrid,Manual,4.6,186008,60821,7684,High
12/31/2021,X3,2021,Middle East,Grey,Petrol,Manual,2.1,189804,62645,6991,High
12/31/2022,M5,2022,Asia,Red,Petrol,Automatic,4.7,14888,162015,1559,Low
12/31/2016,X1,2016,South America,Grey,Electric,Manual,3,26325,76328,3860,Low
12/31/2014,7 Series,2014,Europe,White,Hybrid,Automatic,4.8,178943,99514,814,Low
12/31/2013,3 Series,2013,Europe,Red,Diesel,Manual,4.5,134912,51559,7965,High
12/31/2021,i8,2021,Asia,Silver,Electric,Automatic,3.8,179518,156251,653,Low
12/31/2016,X3,2016,Middle East,White,Electric,Automatic,3.9,53463,101666,6031,High
12/31/2012,7 Series,2012,Asia,Grey,Electric,Automatic,2.2,63028,106934,604,Low
12/31/2010,7 Series,2010,Asia,White,Electric,Manual,3.6,188294,82397,606,Low
12/31/2016,X1,2016,Asia,Black,Electric,Manual,3.4,161066,61994,8973,High
12/31/2018,5 Series,2018,Europe,Red,Electric,Automatic,2.7,51876,107072,6744,High
12/31/2011,X1,2011,Africa,Silver,Hybrid,Automatic,3.3,154309,34760,3857,Low
12/31/2016,7 Series,2016,South America,White,Hybrid,Automatic,4.8,64526,130286,50,Low
12/31/2019,X1,2019,Asia,Silver,Electric,Automatic,1.5,129140,66859,8114,High
12/31/2011,7 Series,2011,Middle East,Silver,Petrol,Manual,3,133281,75806,186,Low
12/31/2022,3 Series,2022,Africa,Black,Electric,Manual,2.7,118208,87357,6547,High
12/31/2022,3 Series,2022,Middle East,White,Electric,Automatic,4.9,62950,126421,7128,High
12/31/2012,M3,2012,Africa,Silver,Petrol,Manual,4.9,14066,84861,551,Low
12/31/2022,i3,2022,Asia,Black,Petrol,Automatic,3.5,77602,100612,5658,High
12/31/2019,5 Series,2019,Europe,Black,Electric,Manual,3.4,133165,99047,7462,High
12/31/2023,i8,2023,South America,Red,Electric,Manual,4.7,126848,173940,326,Low
12/31/2021,X1,2021,Middle East,Red,Electric,Manual,1.5,103244,77166,7115,High
12/31/2019,X5,2019,Europe,Blue,Petrol,Manual,3.5,150244,84139,5794,High
12/31/2012,X5,2012,Middle East,Grey,Petrol,Automatic,1.6,89380,59197,3848,Low
12/31/2021,X3,2021,Africa,Black,Diesel,Manual,4.9,15997,103549,5101,High
12/31/2022,X5,2022,South America,Red,Hybrid,Manual,2.6,96547,112507,4266,Low
12/31/2013,M5,2013,North America,Blue,Diesel,Manual,3.3,64116,106135,969,Low
12/31/2015,M5,2015,Asia,White,Diesel,Automatic,3,136433,100037,1476,Low
12/31/2012,X1,2012,Europe,Silver,Petrol,Automatic,4.6,107233,49429,5953,High
12/31/2022,M3,2022,Europe,Grey,Hybrid,Manual,5,12363,149422,2756,Low
12/31/2018,X1,2018,South America,Black,Hybrid,Automatic,1.7,118069,61299,4939,Low
12/31/2011,M3,2011,Africa,Black,Hybrid,Automatic,4.1,55922,83530,517,Low
12/31/2016,M3,2016,North America,Black,Petrol,Manual,2.8,147243,73792,2557,Low
12/31/2015,X3,2015,South America,White,Electric,Automatic,2,36517,83393,4241,Low
12/31/2023,M5,2023,Middle East,Blue,Hybrid,Manual,2.9,137136,139659,2034,Low
12/31/2024,3 Series,2024,South America,Red,Electric,Manual,5,137379,108753,7801,High
12/31/2011,X3,2011,North America,Blue,Hybrid,Automatic,2.8,34750,65691,8563,High
12/31/2020,X5,2020,North America,White,Hybrid,Manual,2.5,22378,116444,6466,High
12/31/2012,X5,2012,Middle East,White,Petrol,Manual,4.5,19011,88238,3305,Low
12/31/2015,i8,2015,North America,Black,Hybrid,Automatic,4.5,76120,156526,50,Low
12/31/2019,X6,2019,North America,Blue,Petrol,Manual,2.7,103410,97695,3793,Low
12/31/2013,i8,2013,North America,Red,Diesel,Automatic,2.5,117480,114588,50,Low
12/31/2010,i3,2010,Middle East,Silver,Diesel,Manual,3.8,122122,35998,3274,Low
12/31/2010,M3,2010,Africa,Grey,Diesel,Automatic,2.2,180525,33453,1209,Low
12/31/2012,X3,2012,Middle East,White,Petrol,Manual,3.2,170374,38415,5614,High
12/31/2017,5 Series,2017,Africa,Black,Petrol,Automatic,2,147253,59424,3773,Low
12/31/2020,5 Series,2020,Africa,Blue,Hybrid,Manual,2.6,5239,108480,3938,Low
12/31/2013,7 Series,2013,North America,Black,Hybrid,Automatic,2.5,154634,89239,1047,Low
12/31/2020,X5,2020,North America,Blue,Electric,Manual,3.9,156224,101346,6195,High
12/31/2010,i8,2010,South America,Blue,Petrol,Manual,2.5,68200,101318,50,Low
12/31/2017,5 Series,2017,Europe,Blue,Hybrid,Manual,4.6,112880,97527,6166,High
12/31/2019,5 Series,2019,Middle East,White,Hybrid,Manual,4.9,69685,120050,4207,Low
12/31/2015,i8,2015,North America,Grey,Electric,Automatic,1.8,29325,143407,50,Low
12/31/2010,i3,2010,Africa,Blue,Diesel,Manual,2.9,119401,26360,2207,Low
12/31/2021,i3,2021,South America,Black,Diesel,Manual,2.6,121231,72588,3573,Low
12/31/2019,M3,2019,Europe,Silver,Diesel,Manual,2.7,16011,106979,2433,Low
12/31/2019,X5,2019,Asia,Black,Diesel,Automatic,2.4,167667,71569,7449,High
12/31/2015,M5,2015,Middle East,Grey,Petrol,Automatic,2.8,123100,102832,756,Low
12/31/2010,X5,2010,Middle East,White,Diesel,Automatic,2,3743,27810,4085,Low
12/31/2024,X5,2024,Asia,Grey,Electric,Manual,2.5,194313,101462,7234,High
12/31/2019,i8,2019,North America,Grey,Diesel,Manual,4.1,111068,145675,50,Low
12/31/2019,3 Series,2019,Asia,Red,Diesel,Manual,2.7,182142,51261,9705,High
12/31/2012,5 Series,2012,Asia,Black,Diesel,Manual,2.2,92005,48062,5971,High
12/31/2011,X5,2011,Europe,Silver,Hybrid,Manual,1.9,179282,44559,5635,High
12/31/2013,i8,2013,Africa,Black,Petrol,Automatic,2.7,175926,98572,50,Low
12/31/2011,M3,2011,South America,Black,Hybrid,Manual,3.8,47944,81071,695,Low
12/31/2020,i8,2020,Asia,Silver,Electric,Manual,2.4,18930,167673,360,Low
12/31/2022,i3,2022,Asia,Silver,Petrol,Automatic,3,34322,103143,6012,High
12/31/2014,i3,2014,Asia,Grey,Hybrid,Automatic,4.8,176166,61498,4588,Low
12/31/2013,7 Series,2013,North America,White,Diesel,Manual,3.4,9352,109128,674,Low
12/31/2015,3 Series,2015,Africa,White,Petrol,Automatic,3.4,91994,57754,4299,Low
12/31/2023,7 Series,2023,South America,Grey,Hybrid,Automatic,2.9,76017,142200,1286,Low
12/31/2024,X6,2024,North America,Blue,Petrol,Automatic,3.4,194902,104724,4918,Low
12/31/2016,X1,2016,South America,Grey,Hybrid,Manual,4.9,70646,76687,819,Low
12/31/2021,i3,2021,Middle East,Blue,Electric,Manual,2.4,33704,109912,3641,Low
12/31/2011,X1,2011,South America,White,Electric,Manual,4.8,76935,62428,3432,Low
12/31/2011,X1,2011,Middle East,Black,Diesel,Automatic,2,37068,41500,4967,Low
12/31/2017,M3,2017,Europe,Silver,Electric,Automatic,1.9,76086,99283,2316,Low
12/31/2022,5 Series,2022,Africa,Black,Electric,Automatic,3.8,25491,125468,4695,Low
12/31/2022,M5,2022,Asia,Blue,Electric,Manual,2.4,31128,157477,1900,Low
12/31/2018,X6,2018,Middle East,Red,Diesel,Automatic,3.1,63247,150222,2082,Low
12/31/2014,M3,2014,Asia,Red,Electric,Automatic,4.1,124159,95424,2214,Low
12/31/2016,X6,2016,Middle East,Grey,Diesel,Manual,3.4,166442,74752,3128,Low
12/31/2022,7 Series,2022,North America,Grey,Diesel,Manual,1.5,140795,106462,1916,Low
12/31/2021,3 Series,2021,Africa,Grey,Diesel,Automatic,2.6,185914,61527,5944,High
12/31/2018,X6,2018,South America,Red,Diesel,Manual,1.7,62024,87142,2375,Low
12/31/2023,i8,2023,Europe,White,Hybrid,Manual,4.7,174754,162692,916,Low
12/31/2010,i3,2010,Middle East,White,Electric,Manual,4.3,135049,51897,2449,Low
12/31/2017,M5,2017,North America,Silver,Electric,Automatic,4.9,194914,129412,1365,Low
12/31/2019,X3,2019,South America,Grey,Hybrid,Manual,4.6,51197,105456,5028,High
12/31/2019,X1,2019,Asia,Red,Electric,Automatic,3.2,42980,98108,9383,High
12/31/2018,X6,2018,Africa,White,Hybrid,Automatic,4.6,197748,94355,2612,Low
12/31/2018,X3,2018,Middle East,Black,Electric,Automatic,3.9,55442,106686,5455,High
12/31/2019,X5,2019,Africa,Silver,Electric,Automatic,3.3,60172,118621,2890,Low
12/31/2016,X3,2016,Africa,Blue,Electric,Automatic,2.8,160227,65933,4142,Low
12/31/2021,M5,2021,North America,Black,Diesel,Manual,3.9,59096,142248,1910,Low
12/31/2021,7 Series,2021,Middle East,Silver,Petrol,Manual,3.6,79440,140910,723,Low
12/31/2021,3 Series,2021,Africa,White,Diesel,Automatic,3.6,190113,66745,5315,High
12/31/2021,3 Series,2021,Middle East,Silver,Petrol,Automatic,2.9,62332,93175,7147,High
12/31/2019,X3,2019,South America,Black,Petrol,Automatic,4.1,186070,67265,5648,High
12/31/2024,X6,2024,North America,Black,Hybrid,Automatic,1.8,169469,109680,6082,High
12/31/2012,X3,2012,Middle East,Silver,Hybrid,Automatic,4,173378,57768,6148,High
12/31/2022,3 Series,2022,Asia,Silver,Electric,Automatic,4.1,51977,115787,10020,High
12/31/2022,i3,2022,Europe,Red,Petrol,Manual,3.3,28831,95649,5934,High
12/31/2014,M3,2014,Africa,Silver,Petrol,Automatic,2.4,67449,76645,1099,Low
12/31/2022,M5,2022,Europe,Blue,Diesel,Manual,3.3,172285,125458,2054,Low
12/31/2011,M5,2011,Europe,Red,Diesel,Automatic,1.9,139916,75279,1094,Low
12/31/2020,7 Series,2020,Asia,White,Petrol,Automatic,2.5,125194,115734,1551,Low
12/31/2019,i8,2019,North America,Black,Electric,Automatic,3,168828,152697,494,Low
12/31/2012,X5,2012,Europe,Black,Hybrid,Automatic,3.9,44046,42250,5850,High
12/31/2019,3 Series,2019,Asia,Red,Hybrid,Automatic,2.2,56278,84873,10105,High
12/31/2016,7 Series,2016,South America,Red,Diesel,Automatic,2.1,129362,86897,558,Low
12/31/2010,X5,2010,South America,Blue,Petrol,Manual,3.6,98043,55886,2484,Low
12/31/2012,i3,2012,South America,Red,Electric,Manual,3.9,2096,80920,2396,Low
12/31/2014,i3,2014,Middle East,Blue,Hybrid,Automatic,1.8,70557,61671,3375,Low
12/31/2020,X3,2020,Africa,White,Electric,Manual,1.6,20405,97068,5047,High
12/31/2023,X6,2023,Africa,Blue,Diesel,Manual,2,112480,100993,3015,Low
12/31/2013,3 Series,2013,Africa,Red,Hybrid,Automatic,4.7,105298,68200,4670,Low
12/31/2012,M3,2012,Asia,Grey,Hybrid,Manual,3.9,137630,77317,2523,Low
12/31/2015,i8,2015,Europe,Blue,Electric,Automatic,4.7,50967,166846,50,Low
12/31/2021,i3,2021,Europe,Grey,Electric,Automatic,3.8,69461,108131,5222,High
12/31/2015,5 Series,2015,Middle East,Silver,Electric,Manual,4.9,26534,114886,4110,Low
12/31/2013,X3,2013,South America,Blue,Hybrid,Manual,3,168540,48784,5720,High
12/31/2018,X5,2018,North America,Blue,Electric,Manual,3.6,112161,105412,6731,High
12/31/2020,3 Series,2020,Africa,Silver,Petrol,Automatic,3.6,143420,71678,4807,Low
12/31/2015,5 Series,2015,Asia,Black,Hybrid,Manual,1.5,143619,62240,7421,High
12/31/2024,X3,2024,North America,White,Electric,Manual,1.6,2925,117305,9382,High
12/31/2018,5 Series,2018,Europe,White,Diesel,Automatic,2,95899,75021,6067,High
12/31/2022,X5,2022,North America,Red,Petrol,Automatic,3.3,70565,116342,7066,High
12/31/2020,i8,2020,Europe,Silver,Hybrid,Automatic,3,41603,160946,439,Low
12/31/2019,X3,2019,North America,White,Hybrid,Manual,3.4,84623,91615,10001,High
12/31/2019,X1,2019,Middle East,Blue,Diesel,Manual,4.3,18345,93783,4935,Low
12/31/2011,M3,2011,Asia,Silver,Diesel,Automatic,4.4,113834,71373,2106,Low
12/31/2024,X3,2024,Africa,Blue,Diesel,Automatic,4.9,22251,125666,4236,Low
12/31/2015,5 Series,2015,Asia,Blue,Hybrid,Manual,3.5,6463,102178,5683,High
12/31/2023,M3,2023,Asia,Black,Electric,Manual,2.7,739,138924,3689,Low
12/31/2013,i3,2013,North America,Red,Petrol,Automatic,2.6,1903,65428,4785,Low
12/31/2011,i8,2011,North America,Red,Petrol,Automatic,2.7,129566,110865,50,Low
12/31/2014,X5,2014,Asia,Silver,Electric,Manual,2.6,102408,78470,6142,High
12/31/2023,X6,2023,North America,Blue,Diesel,Manual,2.9,153059,106799,5316,High
12/31/2024,M5,2024,North America,Black,Electric,Manual,1.8,185283,132150,2535,Low
12/31/2012,i3,2012,Africa,Grey,Hybrid,Manual,3.7,102354,52894,2164,Low
12/31/2015,7 Series,2015,South America,Black,Diesel,Manual,3.5,18209,112095,103,Low
12/31/2020,7 Series,2020,North America,Red,Diesel,Automatic,3.1,7562,132214,1147,Low
12/31/2024,i3,2024,Europe,White,Petrol,Automatic,1.8,125090,85505,5399,High
12/31/2023,X3,2023,Africa,Grey,Petrol,Automatic,1.8,92315,84658,5934,High
12/31/2017,X6,2017,Asia,White,Hybrid,Automatic,3.4,128138,100432,4070,Low
12/31/2013,3 Series,2013,Middle East,White,Diesel,Manual,1.6,101669,37937,5562,High
12/31/2021,X5,2021,North America,Grey,Electric,Manual,4,148878,109036,7033,High
12/31/2013,7 Series,2013,Africa,White,Electric,Manual,5,32700,60257,484,Low
12/31/2014,X1,2014,Europe,Blue,Petrol,Automatic,3.6,67463,60555,7524,High
12/31/2015,X6,2015,Middle East,White,Diesel,Manual,4,36072,99893,2328,Low
12/31/2020,i8,2020,Asia,White,Hybrid,Manual,3,65380,156240,601,Low
12/31/2016,M3,2016,Europe,Black,Hybrid,Manual,3.8,92136,97292,2734,Low
12/31/2015,M5,2015,South America,Red,Diesel,Automatic,3.8,171200,94422,690,Low
12/31/2016,5 Series,2016,Middle East,Silver,Diesel,Manual,4.4,69527,90211,4277,Low
12/31/2018,X1,2018,Europe,White,Electric,Automatic,4,86705,87776,7521,High
12/31/2013,i8,2013,Middle East,Grey,Petrol,Automatic,4.1,66697,144425,50,Low
12/31/2019,X1,2019,North America,Red,Electric,Manual,3.4,77840,90950,8236,High
12/31/2024,3 Series,2024,North America,Black,Petrol,Manual,3.2,144640,87343,11778,High
12/31/2010,M3,2010,Africa,Red,Petrol,Automatic,3.1,86026,58349,804,Low
12/31/2024,X1,2024,Asia,Silver,Electric,Automatic,2.9,182952,90239,10034,High
12/31/2018,5 Series,2018,Asia,Black,Hybrid,Automatic,2.4,32489,104472,6889,High
12/31/2016,X3,2016,Africa,Black,Diesel,Automatic,1.6,53506,60745,3979,Low
12/31/2013,7 Series,2013,Asia,Black,Diesel,Automatic,3.8,186640,76358,217,Low
12/31/2019,i8,2019,Africa,White,Diesel,Automatic,4.7,176471,127954,50,Low
12/31/2017,X5,2017,Europe,Blue,Petrol,Automatic,4.8,160355,88499,5993,High
12/31/2021,i8,2021,North America,Black,Electric,Automatic,3.5,193184,161869,636,Low
12/31/2016,i3,2016,Asia,Silver,Petrol,Automatic,1.8,137112,48788,4728,Low
12/31/2021,7 Series,2021,Middle East,Grey,Electric,Automatic,4.6,119153,147187,1064,Low
12/31/2011,X6,2011,North America,Black,Diesel,Automatic,4.1,13658,87720,2972,Low
12/31/2010,X3,2010,North America,Grey,Electric,Manual,2.4,166062,38253,8729,High
12/31/2018,3 Series,2018,Africa,Grey,Diesel,Automatic,4.3,184746,61138,5612,High
12/31/2016,i8,2016,Middle East,Grey,Electric,Automatic,3.2,30032,160223,50,Low
12/31/2023,X3,2023,North America,Grey,Hybrid,Manual,4.6,30846,129262,9903,High
12/31/2019,i8,2019,Europe,Blue,Diesel,Automatic,2.4,182864,121856,377,Low
12/31/2010,i3,2010,South America,Grey,Petrol,Automatic,4.3,51313,51944,2255,Low
12/31/2022,7 Series,2022,Middle East,Blue,Petrol,Manual,4,195309,119619,1379,Low
12/31/2013,5 Series,2013,Africa,Red,Electric,Manual,1.6,194104,44210,3605,Low
12/31/2024,i3,2024,Middle East,Black,Electric,Automatic,3.5,64423,128536,4620,Low
12/31/2014,i8,2014,Middle East,White,Hybrid,Manual,4,158659,135652,50,Low
12/31/2014,7 Series,2014,Middle East,Black,Electric,Automatic,2,179025,88976,453,Low
12/31/2023,i3,2023,South America,Blue,Hybrid,Manual,3.4,174666,83377,3921,Low
12/31/2023,X3,2023,North America,Grey,Electric,Automatic,2.6,137256,100146,9298,High
12/31/2023,7 Series,2023,Asia,Grey,Petrol,Manual,3.9,14247,147857,1555,Low
12/31/2014,M5,2014,Asia,Blue,Diesel,Manual,3.4,162980,87639,1606,Low
12/31/2020,3 Series,2020,South America,Silver,Electric,Automatic,3.7,97865,93716,5960,High
12/31/2012,3 Series,2012,Middle East,Silver,Hybrid,Automatic,1.8,122250,46420,5729,High
12/31/2014,3 Series,2014,North America,Grey,Diesel,Automatic,2,115425,44234,8844,High
12/31/2013,5 Series,2013,Asia,Red,Hybrid,Automatic,3.4,162281,67651,6639,High
12/31/2024,i8,2024,South America,Red,Hybrid,Automatic,2.1,170338,151195,866,Low
12/31/2014,7 Series,2014,Asia,Black,Hybrid,Automatic,3.2,103559,101778,846,Low
12/31/2016,3 Series,2016,Asia,Black,Diesel,Manual,3.9,24606,79843,8426,High
12/31/2014,X1,2014,Europe,Silver,Hybrid,Manual,4.3,31595,75955,6774,High
12/31/2023,i8,2023,Middle East,Grey,Petrol,Automatic,2,37628,162279,96,Low
12/31/2024,X3,2024,North America,Blue,Petrol,Automatic,4.1,157454,98876,9289,High
12/31/2023,X3,2023,Middle East,Red,Hybrid,Manual,2.8,7516,126080,6335,High
12/31/2023,7 Series,2023,South America,Silver,Hybrid,Manual,3.9,24567,163211,1202,Low
12/31/2017,i8,2017,Asia,Silver,Diesel,Manual,2,62399,127137,68,Low
12/31/2017,X5,2017,Africa,Red,Hybrid,Manual,3.3,124062,84209,3406,Low
12/31/2012,M5,2012,North America,White,Electric,Manual,4.4,50141,121196,724,Low
12/31/2014,X6,2014,South America,Grey,Hybrid,Manual,1.9,20735,86830,1717,Low
12/31/2021,i8,2021,Europe,Blue,Petrol,Manual,4.4,37592,173444,50,Low
12/31/2013,M5,2013,Middle East,Grey,Petrol,Manual,3.1,118774,96926,481,Low
12/31/2023,X5,2023,North America,Grey,Diesel,Automatic,4.4,49481,122103,5911,High
12/31/2023,M3,2023,Asia,Black,Electric,Manual,4.9,22034,149946,3848,Low
12/31/2014,X3,2014,Europe,Grey,Hybrid,Automatic,2.1,55054,69856,7703,High
12/31/2017,X1,2017,South America,Grey,Diesel,Manual,3.9,144017,51692,5186,High
12/31/2013,5 Series,2013,Europe,Red,Petrol,Manual,2.3,118933,50482,6796,High
12/31/2014,X1,2014,Middle East,White,Hybrid,Manual,2,195172,32271,4846,Low
12/31/2016,M5,2016,Middle East,Red,Electric,Automatic,3.7,4575,159173,50,Low
12/31/2012,5 Series,2012,Europe,Black,Hybrid,Manual,1.9,51422,65474,5624,High
12/31/2022,i3,2022,Europe,Black,Electric,Manual,3.1,7753,112058,6129,High
12/31/2015,i3,2015,Middle East,Red,Diesel,Automatic,3.7,77818,69905,3175,Low
12/31/2018,M3,2018,Europe,Grey,Electric,Automatic,3.2,191976,92435,2964,Low
12/31/2020,X1,2020,Africa,Silver,Diesel,Automatic,3.9,195703,58849,4533,Low
12/31/2013,X3,2013,Africa,White,Diesel,Manual,4.3,115092,50815,4160,Low
12/31/2013,3 Series,2013,North America,Grey,Petrol,Manual,4.6,79777,65393,8428,High
12/31/2015,3 Series,2015,South America,Grey,Petrol,Manual,3.5,5275,75955,4855,Low
12/31/2015,3 Series,2015,Africa,Blue,Hybrid,Automatic,2.5,72629,65513,4486,Low
12/31/2012,X3,2012,Middle East,Blue,Electric,Manual,3.3,37769,76688,4546,Low
12/31/2023,5 Series,2023,Middle East,Grey,Electric,Automatic,2.9,164639,110479,5587,High
12/31/2010,X3,2010,Europe,Black,Electric,Automatic,2.3,49183,62856,7565,High
12/31/2012,i3,2012,Africa,Grey,Hybrid,Automatic,3.4,125491,52673,2162,Low
12/31/2017,X3,2017,Asia,Black,Diesel,Automatic,1.6,165111,45620,8332,High
12/31/2017,X6,2017,Middle East,Black,Hybrid,Automatic,3.6,80157,114493,2195,Low
12/31/2015,i3,2015,Middle East,Grey,Electric,Automatic,4.4,128356,81023,3256,Low
12/31/2016,7 Series,2016,Europe,Blue,Electric,Manual,5,102645,127119,774,Low
12/31/2011,X5,2011,Africa,Black,Electric,Manual,4.7,131186,72538,2313,Low
12/31/2018,X3,2018,Asia,Grey,Petrol,Automatic,1.8,133719,64171,924,Low
12/31/2012,3 Series,2012,Africa,Grey,Hybrid,Manual,2.1,143643,35334,4347,Low
12/31/2011,M5,2011,Africa,Silver,Petrol,Automatic,2,101800,81035,50,Low
12/31/2014,X6,2014,North America,Red,Electric,Automatic,3.5,164424,83828,3615,Low
12/31/2010,M5,2010,South America,Blue,Petrol,Manual,1.7,126535,62807,353,Low
12/31/2014,X6,2014,South America,Red,Electric,Manual,4.8,20026,118021,1436,Low
12/31/2019,7 Series,2019,Middle East,Grey,Petrol,Manual,1.7,95159,108305,1052,Low
12/31/2013,5 Series,2013,South America,Red,Diesel,Automatic,2.9,76650,60576,3414,Low
12/31/2021,i3,2021,South America,Black,Petrol,Automatic,4.6,102481,89319,3858,Low
12/31/2015,M3,2015,South America,Silver,Electric,Manual,4.8,4519,115336,962,Low
12/31/2021,X1,2021,Africa,Black,Electric,Manual,3.1,113268,82513,5412,High
12/31/2014,M3,2014,North America,Blue,Diesel,Automatic,3.2,121804,71543,2269,Low
12/31/2018,M3,2018,South America,Red,Petrol,Manual,3.7,196202,77112,1881,Low
12/31/2014,M5,2014,Asia,Grey,Petrol,Manual,2.9,185541,87096,1725,Low
12/31/2022,5 Series,2022,Europe,Silver,Diesel,Automatic,2.6,55672,101003,7655,High
12/31/2017,X1,2017,North America,Silver,Electric,Automatic,4.1,42409,89870,6569,High
12/31/2021,X1,2021,Asia,Red,Diesel,Automatic,3.6,133757,72667,9582,High
12/31/2022,M3,2022,Middle East,Grey,Electric,Automatic,3.2,31312,141796,2271,Low
12/31/2011,7 Series,2011,South America,Black,Diesel,Automatic,1.9,67585,79040,50,Low
12/31/2012,M5,2012,Africa,Grey,Electric,Automatic,1.7,66001,98515,50,Low
12/31/2012,X3,2012,North America,Black,Hybrid,Manual,3.3,51319,68738,7128,High
12/31/2012,M3,2012,North America,Black,Electric,Manual,3.7,31286,98837,2043,Low
12/31/2015,M3,2015,North America,Red,Electric,Automatic,3.8,194817,86681,2830,Low
12/31/2016,X1,2016,North America,Black,Petrol,Manual,4.6,89729,67291,7971,High
12/31/2016,X3,2016,Europe,Blue,Petrol,Manual,4.4,139576,67958,7589,High
12/31/2021,3 Series,2021,Africa,Black,Diesel,Manual,2,120593,64256,5121,High
12/31/2016,i3,2016,South America,Red,Electric,Automatic,4.3,360,105601,2073,Low
12/31/2021,3 Series,2021,Africa,Red,Hybrid,Automatic,3.9,65423,64463,6512,High
12/31/2012,i3,2012,Asia,Grey,Diesel,Manual,4.4,14362,38721,5182,High
12/31/2010,X6,2010,Europe,White,Diesel,Automatic,4.5,90384,70125,2714,Low
12/31/2015,7 Series,2015,Middle East,Red,Diesel,Manual,2.7,174313,80292,767,Low
12/31/2012,M3,2012,Africa,Silver,Diesel,Manual,2.4,195637,37391,1302,Low
12/31/2022,3 Series,2022,Middle East,Grey,Petrol,Automatic,3.4,44176,105716,7428,High
12/31/2024,7 Series,2024,Europe,Red,Electric,Manual,2.5,156410,135962,2377,Low
12/31/2012,M3,2012,South America,White,Hybrid,Manual,2.7,148229,62736,1095,Low
12/31/2024,5 Series,2024,Europe,Blue,Diesel,Automatic,1.7,198540,83049,6788,High
12/31/2012,X1,2012,Europe,Black,Petrol,Manual,5,125394,48076,7426,High
12/31/2024,X6,2024,South America,White,Diesel,Automatic,2.6,144101,106635,3156,Low
12/31/2018,3 Series,2018,Middle East,Black,Hybrid,Manual,4.2,186514,74008,6520,High
12/31/2021,i3,2021,Middle East,Black,Electric,Manual,5,67819,115078,3537,Low
12/31/2024,X5,2024,North America,Red,Hybrid,Manual,4.9,10172,157125,6577,High
12/31/2013,i3,2013,Africa,Red,Hybrid,Manual,3.7,109145,60164,2317,Low
12/31/2014,X5,2014,Europe,Black,Hybrid,Manual,3.4,91861,84456,4691,Low
12/31/2012,i8,2012,Middle East,Red,Hybrid,Automatic,2.6,39306,133927,50,Low
12/31/2019,X1,2019,North America,Silver,Electric,Automatic,4.5,51925,106446,6741,High
12/31/2022,X3,2022,Asia,White,Electric,Automatic,2.7,124373,102906,8974,High
12/31/2024,i8,2024,Africa,Silver,Diesel,Automatic,1.9,168709,131501,548,Low
12/31/2021,X3,2021,Asia,Silver,Electric,Manual,2.5,43662,110613,10135,High
12/31/2010,5 Series,2010,South America,Black,Hybrid,Manual,2.6,114981,50550,3118,Low
12/31/2024,M3,2024,Europe,Silver,Hybrid,Manual,4,70056,139155,3836,Low
12/31/2021,i8,2021,Middle East,Black,Diesel,Automatic,2.1,47094,166683,50,Low
12/31/2013,i3,2013,North America,Blue,Hybrid,Manual,2.6,51383,62103,4867,Low
12/31/2024,X5,2024,South America,White,Electric,Automatic,1.8,164625,102187,4182,Low
12/31/2010,X3,2010,North America,Grey,Hybrid,Automatic,4.5,59554,68137,8202,High
12/31/2020,7 Series,2020,South America,Blue,Hybrid,Automatic,4,106977,129095,1265,Low
12/31/2020,X1,2020,Middle East,Blue,Diesel,Manual,3,164140,59860,6113,High
12/31/2016,X5,2016,North America,Blue,Diesel,Automatic,3,174463,67585,5839,High
12/31/2016,X1,2016,Africa,Red,Electric,Automatic,2.1,1180,77272,4244,Low
12/31/2024,X5,2024,Asia,Silver,Hybrid,Automatic,2.8,167402,113795,7999,High
12/31/2013,3 Series,2013,Asia,Red,Petrol,Manual,4.7,324,79384,8460,High
12/31/2024,5 Series,2024,Europe,Red,Petrol,Automatic,2,186199,82937,6797,High
12/31/2014,M3,2014,Europe,Red,Petrol,Manual,4.2,40189,86654,2378,Low
12/31/2019,i3,2019,Africa,Black,Electric,Manual,1.7,6687,89083,3591,Low
12/31/2016,M5,2016,Middle East,Blue,Petrol,Automatic,2.6,100957,114929,653,Low
12/31/2022,M5,2022,Europe,Blue,Electric,Manual,4.5,31492,176011,1747,Low
12/31/2015,i3,2015,Middle East,Grey,Diesel,Automatic,3.1,61611,68364,2787,Low
12/31/2022,X6,2022,North America,Silver,Electric,Manual,4,149089,121120,5205,High
12/31/2013,X1,2013,Europe,Red,Hybrid,Automatic,1.9,3633,64347,7812,High
12/31/2013,i8,2013,Europe,Red,Hybrid,Manual,3.9,16209,151370,50,Low
12/31/2011,X3,2011,Asia,Blue,Hybrid,Automatic,4.4,136675,58027,9298,High
12/31/2019,M5,2019,Africa,Red,Diesel,Manual,4.3,27897,141804,287,Low
12/31/2011,i3,2011,Asia,White,Petrol,Automatic,3,45076,50386,4048,Low
12/31/2021,i3,2021,Africa,Grey,Hybrid,Manual,4.7,178581,88525,3312,Low
12/31/2013,i3,2013,Europe,Grey,Electric,Manual,3.5,71334,70837,4047,Low
12/31/2014,M3,2014,North America,White,Diesel,Manual,4.4,53111,86546,2691,Low
12/31/2013,i8,2013,South America,Blue,Petrol,Manual,2.2,55380,109406,50,Low
12/31/2023,X3,2023,South America,Silver,Petrol,Automatic,2.2,101218,84192,6497,High
12/31/2012,i3,2012,Europe,Blue,Diesel,Manual,4.1,140448,40060,4868,Low
12/31/2020,M5,2020,Asia,Grey,Diesel,Manual,3.8,32454,142166,1432,Low
12/31/2011,X6,2011,Middle East,White,Petrol,Manual,3.9,184555,57974,2557,Low
12/31/2013,i3,2013,North America,White,Electric,Automatic,2.3,36631,70496,4840,Low
12/31/2023,X1,2023,Asia,Silver,Hybrid,Automatic,2.9,143477,89563,7858,High
12/31/2020,i3,2020,South America,Grey,Petrol,Automatic,2.4,150133,63380,3224,Low
12/31/2014,M5,2014,North America,Red,Diesel,Automatic,1.7,5112,105193,1186,Low
12/31/2010,X3,2010,South America,Silver,Petrol,Automatic,2.2,164390,25000,5513,High
12/31/2024,i3,2024,Asia,White,Electric,Automatic,5,42567,130617,6128,High
12/31/2022,X1,2022,South America,Red,Hybrid,Automatic,2.3,47886,90197,4895,Low
12/31/2010,7 Series,2010,Africa,Red,Petrol,Manual,2.1,82757,69821,50,Low
12/31/2015,M5,2015,North America,Blue,Hybrid,Automatic,3.9,14852,145810,704,Low
12/31/2014,3 Series,2014,Asia,Silver,Electric,Automatic,3.6,154838,66682,8917,High
12/31/2020,X5,2020,Asia,Black,Petrol,Automatic,4.1,123519,99864,6017,High
12/31/2013,M3,2013,Asia,White,Diesel,Automatic,3.8,141387,66729,2293,Low
12/31/2010,X3,2010,North America,White,Electric,Manual,2.3,179689,35446,7373,High
12/31/2021,M5,2021,Middle East,White,Petrol,Automatic,3.3,153323,129682,1176,Low
12/31/2023,i8,2023,Asia,Blue,Petrol,Automatic,2.1,134932,145309,729,Low
12/31/2016,X6,2016,North America,Red,Petrol,Automatic,2.4,166869,71152,4168,Low
12/31/2024,7 Series,2024,Europe,Grey,Electric,Manual,5,35467,166836,2093,Low
12/31/2013,X3,2013,Middle East,Grey,Hybrid,Manual,4.1,28609,88224,4792,Low
12/31/2012,5 Series,2012,North America,Grey,Petrol,Manual,4.2,40221,79850,6244,High
12/31/2023,X1,2023,Africa,Silver,Diesel,Manual,1.6,154886,58962,5379,High
12/31/2016,M3,2016,Europe,Black,Diesel,Automatic,2.8,142436,74908,2984,Low
12/31/2011,X5,2011,Africa,Blue,Diesel,Automatic,3.4,129081,50557,2979,Low
12/31/2019,5 Series,2019,Africa,White,Hybrid,Automatic,2,166331,77921,4702,Low
12/31/2010,5 Series,2010,Africa,Silver,Petrol,Automatic,4.5,93457,59310,2896,Low
12/31/2020,M5,2020,South America,Silver,Diesel,Automatic,2,134619,113031,1103,Low
12/31/2013,X6,2013,Europe,Blue,Hybrid,Automatic,3.7,182959,71946,3428,Low
12/31/2022,M5,2022,Africa,Red,Diesel,Manual,3.4,57889,185158,151,Low
12/31/2017,i3,2017,Asia,Blue,Electric,Automatic,4.5,145270,81709,5548,High
12/31/2022,i8,2022,Europe,Grey,Petrol,Manual,2.6,85877,158700,306,Low
12/31/2015,i8,2015,Middle East,White,Electric,Manual,2.5,15916,153530,50,Low
12/31/2018,X1,2018,Africa,Red,Diesel,Automatic,4.5,183099,54708,3916,Low
12/31/2010,7 Series,2010,South America,White,Petrol,Automatic,2.3,179910,54114,229,Low
12/31/2010,3 Series,2010,Europe,Silver,Petrol,Manual,4.1,121811,39352,8489,High
12/31/2020,X6,2020,North America,Black,Hybrid,Automatic,2.2,109463,111903,4912,Low
12/31/2014,5 Series,2014,Asia,Red,Petrol,Manual,4.6,17115,88034,7490,High
12/31/2015,i3,2015,Europe,Red,Diesel,Manual,4.4,115140,57773,4030,Low
12/31/2017,i8,2017,South America,White,Diesel,Automatic,4.3,192656,121131,50,Low
12/31/2012,3 Series,2012,North America,Blue,Hybrid,Manual,3.2,95994,54508,8037,High
12/31/2015,X5,2015,Africa,Red,Diesel,Automatic,1.6,165347,48702,2925,Low
12/31/2012,i8,2012,Asia,Grey,Hybrid,Manual,2,168736,105126,50,Low
12/31/2017,M3,2017,Middle East,White,Electric,Manual,3.1,104829,103657,1692,Low
12/31/2021,X1,2021,North America,White,Diesel,Automatic,1.7,8381,87470,8006,High
12/31/2020,M5,2020,North America,Grey,Diesel,Manual,1.7,31237,124159,1631,Low
12/31/2020,5 Series,2020,Middle East,Silver,Hybrid,Manual,1.9,160101,81588,5154,High
12/31/2013,X1,2013,North America,Blue,Electric,Manual,2.4,133065,45170,8250,High
12/31/2011,7 Series,2011,Asia,White,Diesel,Automatic,4.1,24842,100174,576,Low
12/31/2021,X6,2021,Asia,Blue,Electric,Manual,1.7,11395,126296,5325,High
12/31/2018,X5,2018,Middle East,Silver,Electric,Manual,4.9,30342,132800,3711,Low
12/31/2024,X3,2024,Middle East,Silver,Diesel,Automatic,2.5,195689,80672,7323,High
12/31/2019,3 Series,2019,Europe,Blue,Petrol,Manual,2.6,151136,61666,9979,High
12/31/2024,M5,2024,South America,Silver,Electric,Automatic,2.4,123388,148372,1727,Low
12/31/2022,X6,2022,North America,Blue,Hybrid,Manual,3.6,126696,114513,5596,High
12/31/2017,X1,2017,Asia,Grey,Hybrid,Automatic,1.6,166121,49904,8384,High
12/31/2024,X6,2024,Asia,Silver,Petrol,Manual,1.8,87074,115442,4635,Low
12/31/2015,X5,2015,South America,Blue,Hybrid,Manual,1.8,99995,71001,3833,Low
12/31/2012,7 Series,2012,Middle East,Red,Diesel,Manual,3.8,35573,101173,50,Low
12/31/2011,3 Series,2011,North America,Silver,Hybrid,Manual,2.7,9512,60791,8193,High
12/31/2022,X1,2022,South America,Silver,Hybrid,Manual,3,74929,91619,5688,High
12/31/2013,i8,2013,Asia,Blue,Hybrid,Automatic,4.8,26850,159389,50,Low
12/31/2013,5 Series,2013,Africa,Red,Diesel,Manual,2.2,163878,38568,3146,Low
12/31/2010,i3,2010,Europe,Black,Diesel,Manual,1.7,98639,25000,4407,Low
12/31/2024,i3,2024,Asia,Blue,Diesel,Automatic,3,117769,94807,5933,High
12/31/2018,i8,2018,Africa,White,Diesel,Automatic,2.1,13894,137105,50,Low
12/31/2019,X6,2019,Europe,Grey,Hybrid,Manual,2,78086,100670,4742,Low
12/31/2017,i8,2017,Europe,Silver,Diesel,Automatic,2.9,55576,139370,50,Low
12/31/2016,M5,2016,Asia,White,Petrol,Manual,3.8,58820,120811,1438,Low
12/31/2015,i3,2015,Africa,Blue,Electric,Automatic,2.3,101593,62128,2748,Low
12/31/2012,M3,2012,Europe,Blue,Hybrid,Manual,4.6,144285,77341,2365,Low
12/31/2013,X5,2013,Europe,Blue,Hybrid,Manual,2.8,142858,64957,4693,Low
12/31/2011,X5,2011,South America,White,Electric,Manual,4.8,124710,79489,2324,Low
12/31/2016,7 Series,2016,South America,Grey,Petrol,Manual,3.2,76697,105129,371,Low
12/31/2011,M5,2011,Asia,Blue,Petrol,Automatic,4,189110,111079,192,Low
12/31/2023,X6,2023,South America,White,Electric,Manual,4.5,132067,132801,3325,Low
12/31/2024,7 Series,2024,Asia,Silver,Electric,Automatic,3.4,2453,172238,1843,Low
12/31/2019,i8,2019,Asia,Grey,Petrol,Manual,4.5,122635,143572,133,Low
12/31/2010,i3,2010,Europe,Grey,Electric,Automatic,2.8,166975,51665,3837,Low
12/31/2015,i8,2015,Europe,Silver,Hybrid,Manual,2.8,11605,142979,50,Low
12/31/2013,7 Series,2013,South America,White,Diesel,Manual,4.3,168379,77095,310,Low
12/31/2024,5 Series,2024,Europe,Red,Petrol,Automatic,2.3,154813,98440,6397,High
12/31/2017,i3,2017,Asia,Red,Hybrid,Automatic,4,137011,79876,5196,High
12/31/2010,5 Series,2010,Africa,Grey,Petrol,Manual,1.8,37607,44889,3370,Low
12/31/2018,i3,2018,Europe,Red,Hybrid,Automatic,3.7,35389,95682,4461,Low
12/31/2015,5 Series,2015,Europe,White,Petrol,Manual,4.8,66251,84623,6953,High
12/31/2023,i3,2023,Middle East,White,Hybrid,Automatic,3.1,118208,101888,4635,Low
12/31/2011,X1,2011,Middle East,Blue,Electric,Automatic,3,14119,66291,4068,Low
12/31/2017,X5,2017,Africa,Silver,Hybrid,Manual,3.4,35846,151423,2059,Low
12/31/2014,X5,2014,Africa,Grey,Hybrid,Manual,4,15077,100683,2490,Low
12/31/2014,M5,2014,Africa,Red,Hybrid,Automatic,2.8,145700,100732,225,Low
12/31/2014,M5,2014,Africa,White,Electric,Automatic,1.5,143341,89186,362,Low
12/31/2016,X3,2016,Europe,Grey,Hybrid,Automatic,3.3,165845,67591,8905,High
12/31/2016,i8,2016,Africa,Grey,Hybrid,Manual,3,64096,141345,50,Low
12/31/2019,7 Series,2019,Europe,Blue,Diesel,Automatic,3.4,197404,101335,1456,Low
12/31/2020,X5,2020,Europe,Red,Hybrid,Manual,4,76138,112737,6474,High
12/31/2016,X1,2016,Africa,White,Electric,Automatic,2.5,142148,58363,4355,Low
12/31/2021,5 Series,2021,South America,Black,Petrol,Manual,3.3,90765,97487,3781,Low
12/31/2019,M3,2019,Europe,White,Hybrid,Automatic,2.4,198382,84327,3526,Low
12/31/2011,i3,2011,Europe,White,Electric,Automatic,3.1,86664,58972,3772,Low
12/31/2017,X1,2017,Middle East,Grey,Diesel,Automatic,2.7,5252,71893,4828,Low
12/31/2010,7 Series,2010,Middle East,Grey,Electric,Manual,2.8,77474,100291,50,Low
12/31/2022,7 Series,2022,North America,Silver,Diesel,Automatic,3.5,68476,135097,1745,Low
12/31/2023,3 Series,2023,South America,White,Petrol,Automatic,3.9,61524,100955,7002,High
12/31/2011,X3,2011,North America,Red,Petrol,Automatic,1.5,162026,25000,8747,High
12/31/2020,M3,2020,Africa,White,Hybrid,Manual,4.6,177563,97787,2311,Low
12/31/2016,X3,2016,South America,Black,Electric,Manual,2.8,18988,94050,5126,High
12/31/2013,X3,2013,Europe,Grey,Electric,Manual,3.8,11521,91004,7269,High
12/31/2020,M3,2020,Europe,White,Hybrid,Manual,1.9,138351,95189,3087,Low
12/31/2019,7 Series,2019,South America,Grey,Diesel,Manual,3.5,51386,125610,486,Low
12/31/2019,M5,2019,Middle East,Silver,Diesel,Automatic,3.9,56845,142177,747,Low
12/31/2018,i3,2018,Middle East,Black,Electric,Automatic,2.1,167497,71137,4338,Low
12/31/2020,i3,2020,North America,Black,Hybrid,Manual,4.7,10470,119172,5182,High
12/31/2018,5 Series,2018,Africa,White,Diesel,Automatic,4.2,11136,99783,3277,Low
12/31/2023,X6,2023,Middle East,Black,Hybrid,Manual,3.4,74038,133189,2987,Low
12/31/2012,X3,2012,South America,Red,Petrol,Automatic,2.1,61214,48951,4545,Low
12/31/2022,7 Series,2022,Europe,Grey,Electric,Automatic,4.5,142087,142139,1923,Low
12/31/2023,X1,2023,South America,Silver,Petrol,Manual,1.7,79970,76542,6001,High
12/31/2022,X6,2022,Africa,Grey,Electric,Manual,1.9,181003,94935,8672,High
12/31/2012,X6,2012,South America,Grey,Hybrid,Manual,3.9,187234,65830,2030,Low
12/31/2018,3 Series,2018,North America,Grey,Electric,Automatic,2.4,139344,78718,8689,High
12/31/2022,X5,2022,South America,Black,Diesel,Manual,3.1,171645,86259,4222,Low
12/31/2019,5 Series,2019,Africa,Grey,Electric,Manual,3.4,108984,98627,4260,Low
12/31/2024,M3,2024,Asia,Blue,Diesel,Automatic,3.1,198802,95176,4118,Low
12/31/2021,3 Series,2021,Asia,Grey,Diesel,Automatic,1.8,111924,71157,11037,High
12/31/2017,M5,2017,Middle East,Grey,Hybrid,Manual,4.1,194403,121149,690,Low
12/31/2010,3 Series,2010,Africa,Blue,Hybrid,Automatic,2.3,188856,25000,4837,Low
12/31/2015,i3,2015,North America,Blue,Diesel,Manual,4.1,69828,69083,5421,High
12/31/2016,7 Series,2016,South America,Grey,Diesel,Automatic,4.5,196282,92683,634,Low
12/31/2023,X1,2023,Middle East,Grey,Hybrid,Automatic,3.4,97947,100169,5628,High
12/31/2020,X1,2020,Africa,Blue,Diesel,Manual,4,35585,84683,4813,Low
12/31/2023,M5,2023,North America,Black,Hybrid,Automatic,1.6,174225,125761,2571,Low
12/31/2017,X3,2017,Europe,White,Hybrid,Automatic,1.6,83758,73181,9547,High
12/31/2021,M3,2021,North America,Red,Petrol,Automatic,2.2,76164,104493,3164,Low
12/31/2021,i3,2021,Middle East,Blue,Petrol,Manual,2.8,145682,70267,3551,Low
12/31/2011,X5,2011,North America,Grey,Diesel,Automatic,2.1,188804,37308,5604,High
12/31/2023,5 Series,2023,Europe,Red,Hybrid,Manual,3.7,116263,116695,6941,High
12/31/2010,M5,2010,Middle East,Red,Diesel,Manual,2.5,75083,88709,129,Low
12/31/2013,X1,2013,Africa,Silver,Hybrid,Manual,4.5,119651,57545,3342,Low
12/31/2010,X1,2010,Asia,White,Electric,Automatic,3.5,146863,39658,7922,High
12/31/2011,i8,2011,Asia,Blue,Petrol,Automatic,2.8,54242,124279,50,Low
12/31/2012,i3,2012,North America,Black,Petrol,Automatic,4.6,121573,56332,4804,Low
12/31/2013,i8,2013,Asia,Grey,Electric,Automatic,4.4,87830,153849,50,Low
12/31/2021,i8,2021,Asia,Silver,Petrol,Automatic,4.4,36406,182309,50,Low
12/31/2021,M3,2021,Africa,Grey,Petrol,Manual,4,105633,102377,1597,Low
12/31/2015,i8,2015,Middle East,Blue,Hybrid,Manual,3.6,139734,131724,50,Low
12/31/2017,X3,2017,Europe,White,Diesel,Manual,2.8,20704,81247,8360,High
12/31/2018,i8,2018,North America,Black,Diesel,Manual,3,116201,133449,76,Low
12/31/2024,i3,2024,Middle East,Black,Diesel,Automatic,3.8,139321,96488,3815,Low
12/31/2013,7 Series,2013,Asia,Grey,Petrol,Automatic,2.1,66764,94108,927,Low
12/31/2010,i8,2010,Asia,Blue,Hybrid,Manual,4.4,162145,118977,50,Low
12/31/2023,M5,2023,Middle East,Grey,Petrol,Automatic,4.8,133630,145550,1213,Low
12/31/2014,X3,2014,South America,White,Hybrid,Automatic,1.8,26269,73150,4933,Low
12/31/2014,X5,2014,Middle East,Grey,Electric,Manual,1.6,87100,79403,3674,Low
12/31/2018,X6,2018,Africa,Black,Diesel,Automatic,2,167223,67235,2713,Low
12/31/2015,X1,2015,South America,White,Electric,Manual,4.2,3938,85622,3709,Low
12/31/2014,X5,2014,Middle East,Grey,Hybrid,Manual,1.9,57732,78460,3510,Low
12/31/2019,X1,2019,Africa,Red,Petrol,Automatic,2.8,39043,76211,4059,Low
12/31/2019,7 Series,2019,Middle East,Silver,Hybrid,Manual,1.7,41668,133329,1086,Low
12/31/2014,7 Series,2014,Middle East,Black,Diesel,Automatic,3,161830,85651,473,Low
12/31/2017,7 Series,2017,Asia,White,Diesel,Automatic,3.6,92141,107073,1171,Low
12/31/2020,M3,2020,Europe,Silver,Electric,Manual,3.7,147016,105033,3672,Low
12/31/2010,M5,2010,Europe,Silver,Electric,Automatic,3.3,177901,89467,801,Low
12/31/2014,7 Series,2014,Africa,Black,Petrol,Automatic,4.8,148551,92882,122,Low
12/31/2010,3 Series,2010,North America,Silver,Diesel,Automatic,3.4,157931,28019,8285,High
12/31/2024,3 Series,2024,Europe,Grey,Diesel,Manual,4.5,182729,90311,10556,High
12/31/2016,X1,2016,South America,Silver,Electric,Manual,5,10839,95482,3641,Low
12/31/2023,X6,2023,Middle East,White,Electric,Automatic,2.3,117271,184926,2798,Low
12/31/2024,5 Series,2024,North America,Blue,Petrol,Manual,2.4,148552,93553,7083,High
12/31/2016,X3,2016,North America,Silver,Petrol,Manual,3.3,99989,67189,7847,High
12/31/2022,5 Series,2022,North America,Silver,Petrol,Manual,2.1,143350,88673,8575,High
12/31/2019,M3,2019,South America,Red,Hybrid,Automatic,3.5,104993,103009,2226,Low
12/31/2017,X5,2017,South America,White,Electric,Automatic,3.9,123851,94173,3680,Low
12/31/2023,X3,2023,Asia,Red,Petrol,Automatic,1.7,14288,102842,10333,High
12/31/2016,i3,2016,Europe,Grey,Electric,Manual,3.9,161411,72606,5209,High
12/31/2020,M3,2020,Middle East,Red,Hybrid,Manual,2.1,107120,102716,2396,Low
12/31/2018,X3,2018,Africa,Grey,Diesel,Manual,2.5,55864,72999,5251,High
12/31/2017,X6,2017,Asia,White,Hybrid,Automatic,4.1,172350,92240,4403,Low
12/31/2017,M5,2017,South America,Grey,Diesel,Automatic,2.1,166908,92853,815,Low
12/31/2012,5 Series,2012,South America,Grey,Petrol,Manual,3.4,15261,68502,3972,Low
12/31/2024,i3,2024,Africa,Grey,Electric,Manual,3.6,120163,108949,4091,Low
12/31/2019,X3,2019,Asia,White,Petrol,Automatic,2.1,94400,76240,9065,High
12/31/2024,5 Series,2024,Middle East,Blue,Petrol,Automatic,2.5,143712,104016,6124,High
12/31/2013,X5,2013,Europe,Grey,Electric,Automatic,3.6,85338,85819,4620,Low
12/31/2013,3 Series,2013,Middle East,Silver,Petrol,Manual,3.1,123213,48284,5985,High
12/31/2010,7 Series,2010,Middle East,Black,Hybrid,Manual,3.8,197666,74680,84,Low
12/31/2015,X3,2015,North America,Grey,Petrol,Manual,4.5,192288,55272,7704,High
12/31/2011,5 Series,2011,Middle East,White,Petrol,Automatic,2,170615,36172,4337,Low
12/31/2024,X1,2024,Africa,Red,Hybrid,Manual,1.7,58379,91095,6031,High
12/31/2018,7 Series,2018,Asia,Silver,Diesel,Automatic,3.8,178627,104809,1354,Low
12/31/2023,i3,2023,Europe,Red,Diesel,Manual,4.2,83297,98531,5357,High
12/31/2010,X6,2010,Europe,Blue,Hybrid,Manual,3.1,17997,86803,3005,Low
12/31/2010,3 Series,2010,Middle East,Black,Diesel,Manual,2.9,184833,25000,5440,High
12/31/2020,X3,2020,Europe,Silver,Hybrid,Manual,3.6,101751,92911,8248,High
12/31/2022,M5,2022,Europe,Silver,Hybrid,Manual,3.4,158697,128751,2288,Low
12/31/2019,X6,2019,Africa,Grey,Diesel,Manual,3.2,198048,73163,2397,Low
12/31/2020,X6,2020,Middle East,Grey,Hybrid,Manual,4.4,56825,128796,2855,Low
12/31/2015,X6,2015,North America,Blue,Petrol,Automatic,2.1,79834,85774,3736,Low
12/31/2022,M5,2022,North America,Red,Diesel,Automatic,3.9,190764,122816,1977,Low
12/31/2010,X5,2010,South America,Blue,Electric,Automatic,4.1,69303,78157,2487,Low
12/31/2021,X5,2021,Europe,White,Hybrid,Manual,4.7,31131,137257,6267,High
12/31/2024,X6,2024,North America,Black,Diesel,Automatic,4.8,160609,120195,4440,Low
12/31/2012,X3,2012,Middle East,Red,Petrol,Manual,3.3,74013,57262,4886,Low
12/31/2019,X6,2019,Europe,Black,Petrol,Automatic,3,143332,96639,3820,Low
12/31/2011,X6,2011,Europe,White,Hybrid,Manual,3.3,72353,83981,3413,Low
12/31/2022,X1,2022,South America,Black,Diesel,Manual,4.1,22400,95135,5434,High
12/31/2020,i3,2020,Middle East,Black,Petrol,Automatic,1.6,199987,56521,3731,Low
12/31/2018,7 Series,2018,South America,Grey,Hybrid,Automatic,2.1,94348,114897,945,Low
12/31/2014,M5,2014,Africa,Red,Petrol,Automatic,4.7,159441,103668,537,Low
12/31/2015,X1,2015,Africa,White,Electric,Automatic,2.2,183232,42344,4649,Low
12/31/2011,M3,2011,Africa,Black,Diesel,Manual,2.3,37128,58714,966,Low
12/31/2017,X1,2017,South America,Blue,Petrol,Automatic,4.8,170866,57706,5468,High
12/31/2015,M5,2015,Asia,Blue,Hybrid,Automatic,2.5,97351,115245,1154,Low
12/31/2020,M5,2020,North America,Red,Electric,Automatic,2.5,152391,134900,1953,Low
12/31/2021,X1,2021,Africa,Silver,Petrol,Manual,4.7,132082,79434,3851,Low
12/31/2017,X6,2017,Europe,Black,Hybrid,Manual,2.8,86359,102365,3539,Low
12/31/2017,X6,2017,Europe,Grey,Diesel,Manual,3.2,27440,101716,3774,Low
12/31/2023,X3,2023,North America,Silver,Hybrid,Manual,3.5,39538,117194,8767,High
12/31/2024,i3,2024,South America,White,Electric,Automatic,4.5,136089,116496,3553,Low
12/31/2010,M5,2010,Asia,Black,Diesel,Manual,1.8,156262,64032,1334,Low
12/31/2016,5 Series,2016,Middle East,Silver,Diesel,Automatic,2.4,31655,80530,4708,Low
12/31/2011,i3,2011,Africa,Grey,Hybrid,Automatic,3.6,168050,39992,2337,Low
12/31/2024,M3,2024,Africa,Blue,Electric,Manual,3,133876,122600,2197,Low
12/31/2020,X5,2020,Europe,Grey,Diesel,Manual,2.5,102535,89641,5474,High
12/31/2017,X1,2017,North America,Grey,Electric,Automatic,2.9,89965,79667,6583,High
12/31/2021,X5,2021,South America,Silver,Hybrid,Automatic,4.9,138753,115125,4346,Low
12/31/2011,7 Series,2011,Africa,Black,Hybrid,Manual,1.6,123508,71701,50,Low
12/31/2013,X5,2013,Asia,Silver,Hybrid,Manual,2,11601,83596,4956,Low
12/31/2011,X3,2011,North America,Black,Electric,Automatic,1.6,9691,67266,8482,High
12/31/2022,7 Series,2022,Europe,Blue,Hybrid,Automatic,3.6,6417,162729,1394,Low
12/31/2016,X6,2016,South America,Red,Petrol,Manual,1.5,118438,103792,1804,Low
12/31/2014,i8,2014,Middle East,Blue,Electric,Manual,3.1,162985,131884,50,Low
12/31/2022,i3,2022,North America,Black,Petrol,Automatic,4.5,70943,103203,4775,Low
12/31/2020,7 Series,2020,Africa,White,Hybrid,Automatic,1.8,89533,122568,917,Low
12/31/2022,X3,2022,Asia,Black,Hybrid,Manual,2.8,68990,105801,8349,High
12/31/2020,i8,2020,South America,Red,Petrol,Manual,2.8,46879,149724,50,Low
12/31/2018,X3,2018,Europe,Blue,Diesel,Automatic,2.8,43247,79152,7351,High
12/31/2014,i3,2014,Middle East,Red,Hybrid,Automatic,4,98644,70783,3254,Low
12/31/2020,X6,2020,Europe,White,Petrol,Manual,1.5,160220,81814,4523,Low
12/31/2017,X1,2017,North America,White,Electric,Automatic,4.2,127980,80686,7238,High
12/31/2011,7 Series,2011,North America,Silver,Hybrid,Manual,4.4,177604,83614,615,Low
12/31/2012,7 Series,2012,Asia,White,Petrol,Automatic,3,8403,104088,649,Low
12/31/2015,X6,2015,Middle East,Grey,Hybrid,Automatic,4.6,152597,95967,2518,Low
12/31/2020,X6,2020,North America,Black,Hybrid,Automatic,2.8,21744,125885,4203,Low
12/31/2016,7 Series,2016,Middle East,Blue,Electric,Automatic,3.9,184938,119026,347,Low
12/31/2023,7 Series,2023,Europe,Blue,Hybrid,Manual,2.9,93559,141285,2207,Low
12/31/2019,i8,2019,Africa,White,Hybrid,Automatic,1.6,5120,159894,50,Low
12/31/2017,7 Series,2017,Asia,White,Electric,Manual,1.8,78566,118487,1214,Low
12/31/2024,5 Series,2024,Africa,White,Diesel,Manual,3,145797,87958,5125,High
12/31/2012,i3,2012,North America,Black,Diesel,Manual,5,166540,41830,4977,Low
12/31/2016,i8,2016,South America,Red,Hybrid,Manual,2.1,126719,116979,50,Low
12/31/2017,i8,2017,Asia,Black,Hybrid,Manual,4.6,40269,161748,50,Low
12/31/2019,X3,2019,South America,White,Electric,Automatic,4.7,15559,113444,4871,Low
12/31/2024,X3,2024,Asia,Blue,Hybrid,Automatic,2.9,90306,107368,10254,High
12/31/2015,M5,2015,Middle East,Silver,Petrol,Automatic,3.1,11684,128778,270,Low
12/31/2013,M5,2013,Asia,Grey,Hybrid,Automatic,3.3,109259,112694,958,Low
12/31/2022,X6,2022,Africa,White,Diesel,Automatic,4.2,116359,109360,2732,Low
12/31/2015,M3,2015,Africa,Grey,Hybrid,Automatic,1.9,167132,68645,1495,Low
12/31/2018,7 Series,2018,North America,Blue,Electric,Automatic,2.7,167955,117709,1901,Low
12/31/2012,i8,2012,Middle East,Grey,Petrol,Automatic,2.1,151869,106030,50,Low
12/31/2024,X3,2024,South America,White,Diesel,Manual,4.6,167318,97011,5342,High
12/31/2011,M3,2011,Africa,Red,Hybrid,Automatic,1.7,167107,45487,1208,Low
12/31/2014,5 Series,2014,Europe,White,Diesel,Manual,4.1,89624,68796,5868,High
12/31/2016,5 Series,2016,South America,Red,Diesel,Automatic,3,119327,66687,4427,Low
12/31/2012,X1,2012,Africa,White,Diesel,Manual,4,124272,34777,3432,Low
12/31/2014,3 Series,2014,South America,Grey,Diesel,Manual,4.6,30582,73319,5795,High
12/31/2013,5 Series,2013,Africa,Blue,Hybrid,Manual,2.7,83897,68496,3426,Low
12/31/2020,7 Series,2020,Middle East,White,Hybrid,Manual,2.3,164248,113864,1419,Low
12/31/2016,X1,2016,South America,Black,Diesel,Automatic,3.8,34116,70595,4700,Low
12/31/2011,X5,2011,Europe,Grey,Electric,Automatic,5,116105,81703,4159,Low
12/31/2021,3 Series,2021,North America,White,Electric,Manual,4.1,92479,103033,9237,High
12/31/2020,3 Series,2020,Middle East,Red,Diesel,Automatic,4.3,183198,71621,1346,Low
12/31/2022,X5,2022,North America,White,Diesel,Automatic,3.7,98691,108368,7177,High
12/31/2016,3 Series,2016,Asia,Grey,Hybrid,Manual,2.8,104888,70517,10312,High
12/31/2021,i3,2021,South America,Red,Hybrid,Automatic,3.8,78022,101250,3817,Low
12/31/2011,M5,2011,South America,Red,Hybrid,Manual,1.9,58472,95142,50,Low
12/31/2012,X1,2012,Africa,Grey,Hybrid,Automatic,3.2,148614,39297,3901,Low
12/31/2014,3 Series,2014,Middle East,Red,Diesel,Automatic,3.5,82040,60389,6169,High
12/31/2016,X3,2016,North America,Grey,Electric,Manual,4.7,53817,98458,8976,High
12/31/2022,M3,2022,North America,Silver,Diesel,Manual,4.7,96762,115780,2815,Low
12/31/2015,7 Series,2015,North America,Grey,Hybrid,Manual,1.7,188576,84995,1109,Low
12/31/2021,5 Series,2021,Europe,Blue,Petrol,Automatic,3.7,29236,115053,6470,High
12/31/2016,M5,2016,Asia,Silver,Electric,Automatic,4.3,65912,147018,908,Low
12/31/2020,i3,2020,Africa,Silver,Electric,Manual,3.4,194644,72124,3172,Low
12/31/2015,X1,2015,Europe,Grey,Diesel,Automatic,1.8,51894,51846,7391,High
12/31/2022,X5,2022,Middle East,White,Electric,Automatic,2.3,185853,102655,4719,Low
12/31/2021,i3,2021,Africa,Red,Diesel,Manual,2.6,10673,92021,2708,Low
12/31/2010,X3,2010,Africa,Red,Petrol,Manual,3.8,96253,41771,4296,Low
12/31/2024,X3,2024,Africa,Red,Diesel,Manual,1.7,187181,64910,5216,High
12/31/2014,i3,2014,North America,Grey,Hybrid,Automatic,3.4,49232,79844,4032,Low
12/31/2021,M3,2021,Europe,Silver,Diesel,Manual,1.9,8974,104788,3328,Low
12/31/2010,i8,2010,Europe,Blue,Diesel,Automatic,2.9,70279,107524,50,Low
12/31/2016,i3,2016,Asia,Blue,Diesel,Automatic,3,3632,81636,4776,Low
12/31/2013,X1,2013,Europe,Blue,Hybrid,Automatic,3.1,72756,59509,7752,High
12/31/2014,7 Series,2014,South America,Silver,Hybrid,Automatic,4,99954,107093,50,Low
12/31/2010,i3,2010,North America,Black,Petrol,Automatic,1.8,41508,40460,3930,Low
12/31/2017,i8,2017,Africa,Black,Diesel,Automatic,2.4,181586,146886,50,Low
12/31/2024,7 Series,2024,Europe,Black,Hybrid,Automatic,3.7,92892,154015,2025,Low
12/31/2013,M3,2013,Asia,White,Petrol,Automatic,4.8,130341,79196,2630,Low
12/31/2012,X1,2012,Asia,White,Hybrid,Automatic,3.7,160155,43016,8013,High
12/31/2010,i8,2010,Africa,Red,Electric,Manual,4.6,120679,119876,50,Low
12/31/2013,M3,2013,Middle East,Silver,Electric,Manual,4.9,129852,93120,1181,Low
12/31/2012,M5,2012,Middle East,Silver,Petrol,Automatic,4.6,128096,101644,229,Low
12/31/2017,5 Series,2017,North America,Grey,Hybrid,Automatic,4.9,175487,128146,6333,High
12/31/2018,i3,2018,Asia,Silver,Petrol,Manual,4.2,175622,64114,6223,High
12/31/2021,7 Series,2021,Middle East,Red,Hybrid,Manual,4.6,167879,139072,1247,Low
12/31/2014,3 Series,2014,South America,Silver,Petrol,Manual,3.2,175366,36733,5943,High
12/31/2018,X6,2018,Asia,Black,Petrol,Automatic,2.7,29676,105451,4478,Low
12/31/2010,X5,2010,South America,Black,Hybrid,Automatic,5,57402,82271,2393,Low
12/31/2016,X3,2016,Asia,Red,Hybrid,Automatic,1.8,85488,70020,10062,High
12/31/2020,i3,2020,North America,Silver,Petrol,Manual,4.9,114840,89929,4847,Low
12/31/2023,M3,2023,Africa,Grey,Electric,Automatic,3,71362,124059,2381,Low
12/31/2016,3 Series,2016,Asia,Grey,Petrol,Automatic,1.6,84511,57199,10849,High
12/31/2015,M5,2015,Europe,Grey,Hybrid,Manual,4.3,51119,137529,874,Low
12/31/2013,7 Series,2013,Middle East,Blue,Diesel,Automatic,3.1,119478,93237,222,Low
12/31/2022,3 Series,2022,Middle East,Blue,Electric,Automatic,4.3,56394,121604,6486,High
12/31/2020,5 Series,2020,Africa,Blue,Petrol,Manual,1.7,105172,73561,4092,Low
12/31/2018,7 Series,2018,Middle East,White,Hybrid,Automatic,4.9,92767,133983,783,Low
12/31/2023,i8,2023,Middle East,Grey,Hybrid,Manual,3.8,96577,183314,269,Low
12/31/2012,5 Series,2012,South America,Blue,Electric,Automatic,1.7,166806,47522,3459,Low
12/31/2020,M3,2020,Europe,Grey,Hybrid,Automatic,1.5,171085,86649,8880,High
12/31/2024,X5,2024,Middle East,Red,Hybrid,Automatic,3.6,7222,148828,4192,Low
12/31/2020,M5,2020,Middle East,Blue,Petrol,Manual,4.9,68283,144626,779,Low
12/31/2010,i3,2010,Africa,Blue,Diesel,Automatic,3.3,96008,35693,1919,Low
12/31/2024,X1,2024,Asia,Grey,Hybrid,Automatic,2.7,151634,89693,9469,High
12/31/2011,i3,2011,Europe,Red,Hybrid,Manual,4.8,155138,49586,4247,Low
12/31/2012,i3,2012,Asia,Red,Diesel,Automatic,4.9,163615,47218,4605,Low
12/31/2011,i3,2011,North America,Black,Electric,Automatic,4.2,53813,70800,4096,Low
12/31/2015,X5,2015,Asia,Silver,Hybrid,Manual,4,32982,101431,5738,High
12/31/2022,X1,2022,Asia,Blue,Electric,Manual,1.5,16082,93708,8786,High
12/31/2024,5 Series,2024,Asia,Blue,Petrol,Automatic,2.6,157259,97195,6954,High
12/31/2023,X3,2023,Middle East,Blue,Electric,Automatic,4.7,152845,114657,5997,High
12/31/2016,M5,2016,Europe,Black,Petrol,Manual,2.8,128431,100228,1445,Low
12/31/2014,X3,2014,Africa,Blue,Electric,Automatic,2.7,48873,77717,4270,Low
12/31/2014,X1,2014,Asia,Red,Electric,Manual,3.4,130626,57649,8622,High
12/31/2016,i8,2016,North America,Blue,Electric,Manual,3.1,171657,129627,50,Low
12/31/2015,7 Series,2015,South America,Grey,Diesel,Automatic,4.5,197198,85329,576,Low
12/31/2021,i8,2021,South America,White,Electric,Automatic,1.8,116019,68734,1751,Low
12/31/2017,X6,2017,Middle East,Black,Petrol,Automatic,3.8,13048,118090,2033,Low
12/31/2018,X6,2018,Africa,White,Electric,Manual,3.9,172130,93032,8689,High
12/31/2011,5 Series,2011,Middle East,Red,Hybrid,Manual,4.6,174128,28119,4143,Low
12/31/2021,X3,2021,Middle East,Red,Petrol,Automatic,3,39467,102835,6859,High
12/31/2011,i8,2011,Asia,Black,Electric,Automatic,2.5,195455,107235,50,Low
12/31/2024,5 Series,2024,Europe,Blue,Hybrid,Manual,3.7,70020,129011,7734,High
12/31/2010,7 Series,2010,Africa,Blue,Hybrid,Manual,4,20464,100526,50,Low
12/31/2016,X1,2016,South America,Silver,Hybrid,Manual,2.1,143853,46989,4363,Low
12/31/2020,X5,2020,Europe,Red,Diesel,Manual,2.1,181978,70727,6472,High
12/31/2024,i8,2024,South America,Black,Electric,Manual,2.4,25486,188306,298,Low
12/31/2023,3 Series,2023,Middle East,Black,Hybrid,Automatic,2.4,107911,94792,8236,High
12/31/2013,M3,2013,Europe,Blue,Hybrid,Automatic,4.1,133302,85426,2371,Low
12/31/2024,X5,2024,North America,White,Electric,Automatic,3.4,182896,116688,6434,High
12/31/2018,M5,2018,Asia,Silver,Diesel,Automatic,3.4,44307,126812,1653,Low
12/31/2015,3 Series,2015,North America,Red,Hybrid,Automatic,1.6,61388,69750,9840,High
12/31/2021,M5,2021,Middle East,Black,Hybrid,Automatic,5,110213,152389,1289,Low
12/31/2016,i8,2016,Middle East,White,Petrol,Manual,4.4,18944,161011,50,Low
12/31/2022,7 Series,2022,South America,White,Electric,Manual,3.1,22957,155082,973,Low
12/31/2016,X1,2016,North America,Red,Diesel,Manual,1.7,155049,34912,8811,High
12/31/2017,M5,2017,Africa,Red,Diesel,Manual,3.9,12529,122419,365,Low
12/31/2013,5 Series,2013,North America,White,Hybrid,Manual,3.4,193477,54334,7405,High
12/31/2012,3 Series,2012,Asia,Blue,Hybrid,Manual,3.9,173744,44143,8663,High
12/31/2012,5 Series,2012,Asia,Blue,Electric,Automatic,3.9,72291,122862,5855,High
12/31/2019,i8,2019,Europe,Red,Hybrid,Automatic,2,127216,141444,579,Low
12/31/2017,i8,2017,Asia,Silver,Petrol,Manual,2.7,104665,131546,50,Low
12/31/2021,i8,2021,Africa,Grey,Hybrid,Manual,1.6,88803,148035,358,Low
12/31/2024,X3,2024,Middle East,Grey,Diesel,Manual,4.9,199608,94806,6720,High
12/31/2022,X6,2022,South America,Red,Diesel,Manual,4.3,106512,117098,328,Low
12/31/2024,i3,2024,Europe,Red,Petrol,Automatic,4.8,48984,121007,4795,Low
12/31/2012,i8,2012,Middle East,Silver,Hybrid,Automatic,1.7,23799,127953,50,Low
12/31/2017,i8,2017,North America,Grey,Diesel,Manual,3.3,152378,127040,50,Low
12/31/2011,i3,2011,South America,Red,Petrol,Manual,4.1,183131,28990,2983,Low
12/31/2024,X1,2024,Middle East,Black,Petrol,Automatic,1.9,43598,96681,15000,High
12/31/2014,3 Series,2014,Africa,Red,Petrol,Manual,4.2,146819,48642,5242,High
12/31/2014,5 Series,2014,Europe,Silver,Diesel,Automatic,3.8,20698,86450,5241,High
12/31/2016,X1,2016,North America,White,Hybrid,Automatic,4.9,79520,85082,8249,High
12/31/2014,X3,2014,North America,White,Hybrid,Automatic,2,173460,49265,7780,High
12/31/2018,X6,2018,North America,Silver,Petrol,Manual,3.7,135399,90114,3664,Low
12/31/2012,X3,2012,North America,Blue,Petrol,Manual,4.8,169256,48214,8996,High
12/31/2018,5 Series,2018,Middle East,Red,Diesel,Manual,4.1,22089,99804,5035,High
12/31/2010,5 Series,2010,Asia,Red,Diesel,Automatic,2.7,73003,48604,6741,High
12/31/2012,M3,2012,North America,Grey,Diesel,Manual,1.9,60959,61376,2110,Low
12/31/2013,X6,2013,North America,Blue,Hybrid,Manual,4.9,2239,108623,3622,Low
12/31/2015,X3,2015,Africa,Black,Diesel,Manual,1.8,61798,53359,4557,Low
12/31/2019,3 Series,2019,Europe,Red,Diesel,Automatic,4.9,39332,93052,1261,Low
12/31/2017,i8,2017,Africa,Black,Petrol,Automatic,2.6,169724,116625,50,Low
12/31/2016,3 Series,2016,Middle East,Red,Diesel,Automatic,4.5,66965,80140,7002,High
12/31/2017,X5,2017,Asia,Grey,Hybrid,Automatic,3.4,22823,112291,5644,High
12/31/2015,M5,2015,North America,Black,Hybrid,Automatic,4.7,152378,119693,1282,Low
12/31/2015,X1,2015,Europe,Blue,Hybrid,Automatic,3,165937,48847,6363,High
12/31/2023,X1,2023,Asia,Grey,Electric,Manual,4.5,175308,96353,15000,High
12/31/2015,M3,2015,Asia,Red,Hybrid,Automatic,2.3,136776,74970,2596,Low
12/31/2012,X3,2012,Europe,Red,Petrol,Manual,3.1,152548,38357,15000,High
12/31/2023,i3,2023,Middle East,Grey,Electric,Automatic,4.5,93673,116757,3744,Low
12/31/2019,i8,2019,Middle East,Silver,Diesel,Manual,1.9,178959,126587,50,Low
12/31/2024,M5,2024,Europe,Black,Electric,Manual,4.1,193121,150626,2784,Low
12/31/2013,i8,2013,Europe,White,Hybrid,Automatic,3,184663,46709,540,Low
12/31/2020,X6,2020,South America,Black,Petrol,Automatic,3.3,197001,85917,3132,Low
12/31/2015,X6,2015,North America,Grey,Diesel,Automatic,3.5,27820,99807,3743,Low
12/31/2022,X3,2022,Asia,Silver,Petrol,Automatic,2.5,857,111716,9523,High
12/31/2016,M5,2016,Middle East,White,Diesel,Manual,1.8,116641,55925,1704,Low
12/31/2012,i3,2012,Middle East,Red,Petrol,Manual,1.6,126270,30309,3739,Low
12/31/2013,3 Series,2013,South America,Red,Petrol,Manual,3,147940,38511,6450,High
12/31/2015,i3,2015,Middle East,Silver,Diesel,Manual,2.4,91715,54699,3450,Low
12/31/2010,M5,2010,Asia,Grey,Hybrid,Manual,3.7,123133,94813,788,Low
12/31/2020,M3,2020,North America,Grey,Electric,Manual,4,111964,122022,3061,Low
12/31/2024,7 Series,2024,Africa,Red,Hybrid,Manual,3.3,127445,139627,1444,Low
12/31/2016,X1,2016,Africa,Grey,Diesel,Manual,3.7,71384,62087,4586,Low
12/31/2022,5 Series,2022,South America,Grey,Petrol,Automatic,3.5,55306,111588,3841,Low
12/31/2024,X3,2024,Europe,Silver,Electric,Automatic,1.5,128493,101092,9805,High
12/31/2020,5 Series,2020,Africa,Red,Electric,Automatic,4.4,156406,104784,4408,Low
12/31/2010,M3,2010,Europe,Silver,Electric,Automatic,1.7,76526,65620,1841,Low
12/31/2020,5 Series,2020,Africa,White,Hybrid,Automatic,2.9,71774,99026,4382,Low
12/31/2022,X6,2022,Asia,Red,Hybrid,Automatic,1.9,16024,133240,5396,High
12/31/2021,3 Series,2021,Africa,Blue,Diesel,Manual,3.8,128747,79441,776,Low
12/31/2022,3 Series,2022,Middle East,Grey,Electric,Manual,2.6,159416,91795,7273,High
12/31/2021,X1,2021,North America,Black,Petrol,Automatic,1.7,81494,69874,15000,High
12/31/2022,X3,2022,South America,Grey,Diesel,Automatic,1.7,53495,89939,5822,High
12/31/2019,X5,2019,Asia,Blue,Hybrid,Automatic,2.3,199348,81174,6721,High
12/31/2020,i3,2020,Africa,Blue,Diesel,Manual,3.8,103376,73768,3215,Low
12/31/2024,M5,2024,Europe,White,Hybrid,Manual,4,85185,162829,2580,Low
12/31/2020,X5,2020,Middle East,Blue,Petrol,Automatic,1.9,161591,80933,4627,Low
12/31/2018,X5,2018,Asia,Silver,Diesel,Manual,2,140353,71333,5512,High
12/31/2019,7 Series,2019,Europe,Black,Hybrid,Automatic,3.6,87770,138206,1368,Low
12/31/2018,M3,2018,Europe,Red,Electric,Manual,4.9,8725,135058,2949,Low
12/31/2020,X1,2020,South America,Grey,Petrol,Manual,3.4,6608,90300,4616,Low
12/31/2018,X3,2018,North America,Silver,Hybrid,Manual,4,143796,82402,10251,High
12/31/2013,5 Series,2013,Africa,Silver,Hybrid,Automatic,3.5,14716,83987,2662,Low
12/31/2011,X5,2011,Asia,Red,Petrol,Manual,1.9,181516,34214,5102,High
12/31/2016,i3,2016,Asia,Black,Electric,Manual,4.8,23440,103046,5124,High
12/31/2022,i8,2022,Europe,Blue,Hybrid,Automatic,1.8,67370,167440,685,Low
12/31/2013,X5,2013,Europe,Black,Electric,Automatic,4.2,102867,93788,5392,High
12/31/2023,X6,2023,North America,Silver,Hybrid,Automatic,4.9,21979,150329,5117,High
12/31/2014,X1,2014,North America,White,Diesel,Manual,2.6,158073,31010,7472,High
12/31/2010,i3,2010,Europe,Blue,Hybrid,Automatic,2.1,1675,57551,4460,Low
12/31/2020,X5,2020,Asia,White,Electric,Manual,3.5,186323,93441,7023,High
12/31/2021,i3,2021,South America,Red,Electric,Automatic,4.3,164216,93281,3295,Low
12/31/2019,3 Series,2019,North America,Blue,Diesel,Automatic,4.8,46903,93171,10616,High
12/31/2022,i8,2022,North America,Red,Hybrid,Manual,3.9,139972,171780,564,Low
12/31/2015,3 Series,2015,South America,Silver,Petrol,Automatic,2.7,106520,51409,4963,Low
12/31/2021,X3,2021,Europe,White,Hybrid,Manual,3.2,82314,94737,9303,High
12/31/2024,X6,2024,Africa,Silver,Electric,Manual,4.2,72799,144904,3065,Low
12/31/2016,M5,2016,North America,Black,Hybrid,Manual,4.3,46373,145646,886,Low
12/31/2012,M5,2012,Africa,White,Diesel,Manual,1.8,111732,73529,275,Low
12/31/2019,M3,2019,Asia,White,Electric,Automatic,3.6,149073,102286,3623,Low
12/31/2011,X3,2011,Europe,Blue,Diesel,Manual,4.9,189,74630,6616,High
12/31/2022,X3,2022,North America,Black,Petrol,Manual,4.2,37881,113254,8878,High
12/31/2021,X1,2021,Asia,White,Hybrid,Automatic,1.5,138830,70389,9747,High
12/31/2021,X5,2021,South America,Black,Electric,Automatic,2.3,50640,112282,3636,Low
12/31/2019,M3,2019,Asia,White,Petrol,Automatic,3.1,119703,93815,2862,Low
12/31/2016,X5,2016,Africa,Blue,Petrol,Manual,4,185899,66861,3130,Low
12/31/2010,M3,2010,Middle East,Red,Electric,Manual,3.4,56828,81115,786,Low
12/31/2011,3 Series,2011,Asia,Grey,Diesel,Manual,1.8,103442,27142,8540,High
12/31/2012,3 Series,2012,North America,White,Hybrid,Automatic,4.1,198788,48425,8796,High
12/31/2013,X5,2013,South America,White,Hybrid,Automatic,4.4,114406,78167,3324,Low
12/31/2024,5 Series,2024,Africa,Silver,Electric,Automatic,2.2,90627,111091,4076,Low
12/31/2014,X5,2014,Africa,Red,Hybrid,Manual,1.7,101376,65638,2830,Low
12/31/2013,M3,2013,South America,Black,Petrol,Manual,4.3,142301,65937,1385,Low
12/31/2024,X3,2024,Middle East,Blue,Diesel,Manual,3.7,87677,108250,6800,High
12/31/2019,X1,2019,South America,Red,Hybrid,Manual,4.3,126224,78469,5789,High
12/31/2012,i8,2012,Middle East,Black,Electric,Automatic,3.5,149603,129788,50,Low
12/31/2010,X6,2010,Africa,Black,Petrol,Automatic,3,190257,42428,1439,Low
12/31/2024,3 Series,2024,South America,White,Hybrid,Manual,4.9,105373,118226,6413,High
12/31/2016,7 Series,2016,North America,Blue,Petrol,Manual,4.2,141802,100594,1220,Low
12/31/2021,X6,2021,Africa,Blue,Electric,Manual,2.9,119231,111177,2698,Low
12/31/2019,X5,2019,Africa,Black,Petrol,Automatic,4.7,8145,113558,2453,Low
12/31/2015,X6,2015,Europe,Blue,Diesel,Automatic,5,3619,109556,3054,Low
12/31/2011,5 Series,2011,Asia,White,Electric,Manual,2.6,182212,47689,6234,High
12/31/2011,3 Series,2011,North America,Grey,Petrol,Automatic,4.6,33489,69009,7908,High
12/31/2012,i3,2012,Africa,Black,Hybrid,Manual,1.7,179484,27807,2556,Low
12/31/2017,M3,2017,South America,Blue,Hybrid,Automatic,2.3,156368,78784,1707,Low
12/31/2017,M5,2017,North America,Silver,Hybrid,Manual,2.1,52692,126885,1359,Low
12/31/2019,5 Series,2019,Middle East,White,Electric,Automatic,2.7,110141,98102,5454,High
12/31/2024,M5,2024,Europe,Black,Petrol,Automatic,3.5,28819,154088,2155,Low
12/31/2019,i8,2019,North America,Silver,Petrol,Automatic,4,83538,149472,50,Low
12/31/2019,X3,2019,South America,Red,Electric,Manual,4.7,83765,103105,6088,High
12/31/2021,7 Series,2021,North America,Red,Electric,Automatic,2.1,177745,126679,2324,Low
12/31/2019,X3,2019,Africa,Grey,Diesel,Automatic,3.5,173452,66653,4727,Low
12/31/2020,3 Series,2020,Middle East,Grey,Hybrid,Manual,3.4,85066,95976,7645,High
12/31/2023,M5,2023,Asia,Black,Diesel,Manual,3.1,36576,142951,1864,Low
12/31/2021,X6,2021,Africa,White,Hybrid,Manual,3.9,52635,130075,2268,Low
12/31/2017,7 Series,2017,Middle East,Red,Diesel,Automatic,3.3,154239,100151,749,Low
12/31/2016,X5,2016,Asia,Black,Petrol,Automatic,3.4,8758,104803,6227,High
12/31/2023,X5,2023,South America,Silver,Diesel,Manual,4.7,63146,120637,4173,Low
12/31/2011,X5,2011,Asia,Red,Petrol,Manual,4.5,41449,77950,4688,Low
12/31/2010,3 Series,2010,Africa,Blue,Hybrid,Automatic,3.5,69419,55387,3776,Low
12/31/2015,X6,2015,Africa,Black,Electric,Automatic,2,199188,69977,2028,Low
12/31/2020,X3,2020,Africa,White,Hybrid,Automatic,4.9,102196,99529,4671,Low
12/31/2017,X5,2017,Asia,Grey,Electric,Manual,3.7,16558,113105,4907,Low
12/31/2010,X1,2010,Europe,Red,Diesel,Manual,4.3,73851,38393,7684,High
12/31/2012,3 Series,2012,South America,White,Diesel,Manual,1.7,102879,30565,5767,High
12/31/2024,M5,2024,Asia,Red,Electric,Automatic,4.6,10872,182304,2328,Low
12/31/2010,M5,2010,Middle East,Blue,Electric,Automatic,3.9,173720,101112,50,Low
12/31/2019,M3,2019,South America,Grey,Petrol,Automatic,3.9,84063,102932,1546,Low
12/31/2018,X5,2018,Asia,Black,Electric,Automatic,1.9,94888,98698,6772,High
12/31/2016,i3,2016,North America,Silver,Petrol,Automatic,4,136350,63461,5249,High
12/31/2023,M3,2023,North America,White,Petrol,Automatic,1.8,12300,124871,3133,Low
12/31/2017,M5,2017,Middle East,Black,Electric,Automatic,1.7,165381,117171,856,Low
12/31/2018,X5,2018,Africa,Grey,Petrol,Automatic,2.6,26880,99685,2618,Low
12/31/2012,M5,2012,Middle East,Grey,Electric,Manual,1.6,56967,108052,168,Low
12/31/2019,X3,2019,South America,White,Diesel,Automatic,2.1,90301,68252,5663,High
12/31/2020,7 Series,2020,Middle East,White,Electric,Manual,4,26990,159299,778,Low
12/31/2011,7 Series,2011,Europe,Silver,Electric,Manual,4.4,198596,86272,555,Low
12/31/2015,i3,2015,North America,Red,Petrol,Manual,2.1,13205,67282,5397,High
12/31/2014,X1,2014,Europe,Silver,Electric,Manual,4.4,54719,76695,7696,High
12/31/2013,X6,2013,Asia,Grey,Hybrid,Manual,3.2,26308,95603,4045,Low
12/31/2015,i8,2015,North America,Grey,Petrol,Automatic,4.9,117776,140631,50,Low
12/31/2024,5 Series,2024,Asia,White,Hybrid,Manual,2,110481,110672,7724,High
12/31/2015,X1,2015,Africa,Silver,Diesel,Automatic,1.7,182572,25000,3854,Low
12/31/2021,X6,2021,Africa,Red,Electric,Manual,4.5,111925,127563,2651,Low
12/31/2012,X3,2012,Middle East,Grey,Hybrid,Automatic,2.8,63481,70280,5762,High
12/31/2023,M3,2023,Middle East,Silver,Diesel,Automatic,3.1,60510,119672,2494,Low
12/31/2011,5 Series,2011,North America,Grey,Hybrid,Manual,3.3,175063,48387,5704,High
12/31/2018,3 Series,2018,Asia,Silver,Hybrid,Automatic,4.4,176821,78065,10984,High
12/31/2017,7 Series,2017,Asia,Red,Petrol,Automatic,1.8,61071,110809,1414,Low
12/31/2023,M3,2023,Asia,Grey,Petrol,Automatic,3.4,58564,122534,3018,Low
12/31/2013,3 Series,2013,South America,Silver,Petrol,Automatic,3,83695,48830,6358,High
12/31/2015,5 Series,2015,Africa,Black,Electric,Manual,2.7,88223,76002,3634,Low
12/31/2012,M3,2012,South America,Silver,Electric,Automatic,2.7,75545,77164,952,Low
12/31/2020,i3,2020,North America,Black,Hybrid,Manual,4.8,92724,96987,4904,Low
12/31/2017,7 Series,2017,North America,White,Petrol,Automatic,2.4,5492,117234,1221,Low
12/31/2012,7 Series,2012,South America,Blue,Diesel,Manual,3.1,165880,67166,312,Low
12/31/2011,X6,2011,Asia,Silver,Diesel,Automatic,3.2,105640,65716,3701,Low
12/31/2024,X5,2024,South America,White,Petrol,Automatic,4,117271,111113,4463,Low
12/31/2016,i8,2016,North America,Silver,Petrol,Manual,3.3,36907,145848,50,Low
12/31/2023,X3,2023,Middle East,White,Electric,Manual,3.7,106190,109211,15000,High
12/31/2012,X1,2012,Europe,White,Diesel,Manual,2.9,37654,45966,6349,High
12/31/2022,5 Series,2022,South America,Red,Hybrid,Manual,4,108669,111085,4471,Low
12/31/2018,M3,2018,Asia,Blue,Petrol,Manual,3.1,184394,78886,3453,Low
12/31/2024,3 Series,2024,Asia,Grey,Hybrid,Manual,2.3,126685,90253,11044,High
12/31/2012,i3,2012,North America,Black,Petrol,Manual,4.4,69597,58179,4678,Low
12/31/2024,X1,2024,South America,Red,Petrol,Manual,4.2,168758,81611,5695,High
12/31/2017,i8,2017,Middle East,Blue,Diesel,Automatic,3.7,148805,133398,50,Low
12/31/2011,i3,2011,Africa,Red,Petrol,Manual,3.3,93692,38170,1946,Low
12/31/2018,X6,2018,Africa,White,Diesel,Automatic,2.2,111469,85687,1889,Low
12/31/2010,5 Series,2010,Europe,Blue,Petrol,Manual,4.5,125764,50800,6811,High
12/31/2021,3 Series,2021,South America,Blue,Diesel,Manual,1.8,105586,66900,5646,High
12/31/2012,5 Series,2012,Europe,Black,Petrol,Automatic,2.8,150255,46282,6548,High
12/31/2020,X6,2020,South America,White,Diesel,Manual,4.5,77036,111923,2585,Low
12/31/2023,i8,2023,Europe,Grey,Electric,Automatic,3.6,3647,191383,366,Low
12/31/2011,X1,2011,Africa,Red,Hybrid,Manual,3,124035,37613,3869,Low
12/31/2022,5 Series,2022,Asia,Red,Electric,Automatic,4.3,175621,107405,7187,High
12/31/2023,i3,2023,North America,Blue,Hybrid,Manual,5,8230,135190,5355,High
12/31/2022,5 Series,2022,Africa,Grey,Electric,Automatic,2.2,30865,123851,4580,Low
12/31/2021,X3,2021,Africa,Grey,Petrol,Manual,1.7,91442,73483,5690,High
12/31/2024,3 Series,2024,Asia,Blue,Hybrid,Automatic,3.1,42086,112738,9909,High
12/31/2016,X1,2016,South America,Silver,Petrol,Manual,2.5,71158,56000,4206,Low
12/31/2014,M5,2014,Africa,Blue,Petrol,Manual,3.8,93111,105206,124,Low
12/31/2024,5 Series,2024,Africa,Silver,Electric,Manual,3.2,42968,132374,3905,Low
12/31/2017,M5,2017,Asia,Silver,Diesel,Automatic,3.2,117564,108051,1503,Low
12/31/2011,X1,2011,South America,White,Electric,Manual,2.7,70800,48821,3801,Low
12/31/2017,X6,2017,Africa,Silver,Diesel,Manual,2.2,28896,92188,2080,Low
12/31/2016,X1,2016,South America,Silver,Hybrid,Automatic,2.2,102437,58676,4080,Low
12/31/2021,i3,2021,Africa,Silver,Petrol,Manual,2.9,130763,72023,2827,Low
12/31/2020,X1,2020,Africa,Red,Hybrid,Automatic,3.9,115920,86353,4998,Low
12/31/2014,3 Series,2014,South America,Red,Hybrid,Automatic,2.7,40024,71788,5273,High
12/31/2011,5 Series,2011,Middle East,Black,Diesel,Automatic,2.6,149360,40918,4602,Low
12/31/2019,M3,2019,Asia,Silver,Petrol,Manual,3,44580,102003,3116,Low
12/31/2020,X1,2020,Asia,White,Diesel,Manual,5,31888,90857,7976,High
12/31/2016,7 Series,2016,North America,Black,Electric,Manual,1.8,148570,99322,1334,Low
12/31/2019,M3,2019,Middle East,White,Petrol,Manual,2.5,44813,106978,1931,Low
12/31/2013,X6,2013,North America,Silver,Petrol,Manual,2.5,189108,54030,3574,Low
12/31/2013,X3,2013,Africa,Blue,Electric,Automatic,4.9,189731,61043,4083,Low
12/31/2017,7 Series,2017,North America,Blue,Electric,Manual,2.9,97144,125395,961,Low
12/31/2015,X5,2015,Europe,White,Petrol,Manual,3.5,91652,80499,4873,Low
12/31/2018,7 Series,2018,Europe,Red,Electric,Manual,2.2,67367,119747,1535,Low
12/31/2020,i8,2020,Europe,Black,Petrol,Manual,1.5,9925,143782,548,Low
12/31/2024,3 Series,2024,Europe,White,Petrol,Automatic,2.7,139239,89623,10630,High
12/31/2011,M5,2011,Middle East,White,Petrol,Automatic,3.7,89540,104025,51,Low
12/31/2014,X3,2014,Europe,White,Hybrid,Manual,3.9,55383,82985,8755,High
12/31/2015,X1,2015,Asia,Black,Hybrid,Automatic,4.1,68365,75581,6902,High
12/31/2017,i3,2017,Europe,Grey,Petrol,Manual,4.5,196819,55022,4377,Low
12/31/2013,X5,2013,North America,Grey,Hybrid,Automatic,1.9,12480,84635,5830,High
12/31/2020,X5,2020,Europe,Red,Diesel,Manual,1.8,164272,75044,6067,High
12/31/2016,i8,2016,Asia,Grey,Petrol,Automatic,4.3,159716,134898,50,Low
12/31/2020,X3,2020,Africa,Red,Petrol,Manual,3,124921,71014,5730,High
12/31/2016,X3,2016,North America,Black,Electric,Automatic,4.8,103643,91111,9195,High
12/31/2013,7 Series,2013,South America,Silver,Hybrid,Automatic,4.8,10908,128634,50,Low
12/31/2010,7 Series,2010,Europe,Blue,Hybrid,Manual,2,154809,71361,663,Low
12/31/2012,3 Series,2012,Africa,Silver,Petrol,Manual,3.9,153337,38182,4961,Low
12/31/2011,X1,2011,Middle East,Grey,Hybrid,Manual,1.7,76615,37787,4308,Low
12/31/2022,M3,2022,Europe,White,Petrol,Manual,2.9,100382,107592,3019,Low
12/31/2022,X3,2022,South America,Blue,Diesel,Automatic,4.4,173445,87876,5604,High
12/31/2021,i8,2021,Africa,Silver,Petrol,Manual,3.1,46600,160861,50,Low
12/31/2012,3 Series,2012,Middle East,Red,Petrol,Manual,1.6,74091,38713,6419,High
12/31/2014,M3,2014,South America,White,Hybrid,Automatic,2.3,193041,57866,1471,Low
12/31/2020,X6,2020,Middle East,Silver,Diesel,Manual,1.8,153629,81942,3087,Low
12/31/2021,7 Series,2021,North America,Grey,Electric,Automatic,2.9,23032,154483,1536,Low
12/31/2010,5 Series,2010,Asia,White,Petrol,Manual,3.9,177235,41617,5836,High
12/31/2014,5 Series,2014,South America,Blue,Diesel,Manual,3.8,44859,77505,3330,Low
12/31/2011,X5,2011,North America,Silver,Hybrid,Automatic,4,176310,64365,4995,Low
12/31/2023,3 Series,2023,South America,Grey,Diesel,Manual,2.8,163450,75319,6532,High
12/31/2013,X5,2013,Asia,Blue,Electric,Automatic,2.4,107404,73514,5741,High
12/31/2015,X3,2015,South America,Grey,Hybrid,Manual,1.7,72449,63392,5259,High
12/31/2018,3 Series,2018,Asia,Silver,Electric,Manual,4.8,107780,91256,10119,High
12/31/2019,5 Series,2019,Asia,Blue,Electric,Automatic,1.9,134080,92581,7277,High
12/31/2015,5 Series,2015,North America,Grey,Hybrid,Manual,2.1,194807,55132,7747,High
12/31/2019,M3,2019,Africa,Red,Hybrid,Manual,1.6,177468,73373,2404,Low
12/31/2022,i8,2022,South America,Blue,Petrol,Manual,2.6,58169,154520,50,Low
12/31/2020,X6,2020,Africa,White,Diesel,Automatic,4.4,36107,121757,2082,Low
12/31/2021,X3,2021,Middle East,White,Electric,Automatic,2.7,15400,115101,5572,High
12/31/2011,7 Series,2011,Asia,Blue,Diesel,Automatic,3.8,62929,94060,596,Low
12/31/2017,i8,2017,South America,White,Hybrid,Manual,4.9,2339,162040,50,Low
12/31/2014,5 Series,2014,Africa,Red,Electric,Manual,4.6,64093,93460,2660,Low
12/31/2018,M5,2018,North America,Blue,Electric,Manual,2.1,154665,117122,1970,Low
12/31/2024,5 Series,2024,Europe,White,Electric,Automatic,2.8,188597,109438,7890,High
12/31/2019,M3,2019,Europe,Black,Hybrid,Automatic,4.1,110517,114287,3576,Low
12/31/2018,M3,2018,Asia,Grey,Diesel,Automatic,4.9,80724,103338,3024,Low
12/31/2013,X6,2013,Asia,Grey,Petrol,Manual,4,122746,76040,3529,Low
12/31/2022,X1,2022,North America,Grey,Hybrid,Automatic,2.4,11590,104961,7255,High
12/31/2010,i3,2010,Asia,Black,Electric,Manual,2,90180,44671,5218,High
12/31/2020,X5,2020,North America,Silver,Hybrid,Automatic,3.2,197817,95908,6042,High
12/31/2023,5 Series,2023,Europe,Black,Hybrid,Manual,2.2,11342,124559,6460,High
12/31/2018,X3,2018,North America,Blue,Diesel,Automatic,2.3,154671,56526,8757,High
12/31/2018,5 Series,2018,Asia,Blue,Hybrid,Automatic,3.7,76022,106969,7376,High
12/31/2017,5 Series,2017,North America,Grey,Hybrid,Manual,3.3,183953,71820,6642,High
12/31/2014,3 Series,2014,Asia,Silver,Diesel,Manual,1.9,70258,48255,8471,High
12/31/2014,X5,2014,Middle East,Red,Electric,Manual,2,178187,62680,4067,Low
12/31/2019,M5,2019,Europe,Blue,Hybrid,Manual,1.6,42778,128437,1922,Low
12/31/2015,5 Series,2015,North America,Grey,Electric,Automatic,2.3,104141,84525,6515,High
12/31/2010,X1,2010,South America,Red,Diesel,Automatic,4.6,166008,26283,4323,Low
12/31/2018,i8,2018,Africa,Silver,Diesel,Manual,4.3,50508,144708,50,Low
12/31/2014,M5,2014,Asia,Red,Hybrid,Automatic,3,196061,97842,1541,Low
12/31/2016,X6,2016,Africa,Black,Diesel,Automatic,4.1,198525,69755,2256,Low
12/31/2020,X6,2020,Asia,Blue,Electric,Automatic,2.9,92835,118918,4492,Low
12/31/2024,X3,2024,North America,Silver,Diesel,Automatic,4.3,8308,119501,9077,High
12/31/2017,M5,2017,Europe,Red,Diesel,Automatic,2.1,71539,108386,1750,Low
12/31/2014,M5,2014,North America,Silver,Hybrid,Automatic,2,15336,121097,959,Low
12/31/2012,i8,2012,Africa,Silver,Hybrid,Automatic,1.8,55201,116335,50,Low
12/31/2015,i3,2015,Europe,White,Hybrid,Manual,2.3,94641,62188,4848,Low
12/31/2016,X3,2016,Asia,Blue,Hybrid,Automatic,2,141656,63676,9823,High
12/31/2022,3 Series,2022,Europe,Grey,Electric,Manual,4.3,174129,90563,10290,High
12/31/2023,3 Series,2023,Middle East,Blue,Petrol,Manual,2.3,158222,72612,7450,High
12/31/2013,X1,2013,North America,Black,Petrol,Manual,3.3,110574,44495,6384,High
12/31/2018,i3,2018,North America,Black,Hybrid,Manual,4.1,110454,86701,6232,High
12/31/2023,5 Series,2023,Europe,White,Electric,Manual,3.9,145996,111921,7365,High
12/31/2020,i8,2020,North America,Black,Electric,Automatic,2.2,194264,141088,809,Low
12/31/2013,7 Series,2013,North America,White,Hybrid,Manual,1.8,7393,111115,500,Low
12/31/2020,X3,2020,Africa,Black,Diesel,Manual,4.7,105409,89087,4563,Low
12/31/2019,5 Series,2019,South America,Red,Petrol,Automatic,3.7,192404,70413,4874,Low
12/31/2011,3 Series,2011,North America,Blue,Electric,Automatic,4,10582,80567,7791,High
12/31/2018,X1,2018,Africa,Silver,Electric,Manual,2.9,27344,87867,4907,Low
12/31/2013,5 Series,2013,Asia,Silver,Diesel,Manual,2.3,184252,36840,6737,High
12/31/2013,M3,2013,Europe,Silver,Electric,Manual,3.4,183555,70614,2628,Low
12/31/2019,i3,2019,Africa,Grey,Hybrid,Manual,1.8,159080,58854,3947,Low
12/31/2010,X3,2010,Middle East,Black,Electric,Automatic,4.3,7983,82417,4450,Low
12/31/2023,X5,2023,Africa,Blue,Electric,Automatic,3.8,5504,136610,3796,Low
12/31/2011,3 Series,2011,Europe,Silver,Diesel,Manual,4.2,95238,47456,7718,High
12/31/2021,7 Series,2021,Europe,Grey,Electric,Manual,3.5,179132,126700,1883,Low
12/31/2012,M5,2012,Asia,Black,Hybrid,Manual,3.5,164020,95299,1277,Low
12/31/2016,X6,2016,Asia,Blue,Diesel,Automatic,3.6,144478,78517,4246,Low
12/31/2021,X6,2021,Asia,Black,Petrol,Automatic,4.2,196898,101456,839,Low
12/31/2018,i8,2018,Europe,White,Diesel,Manual,2.3,17428,144918,50,Low
12/31/2021,X6,2021,Europe,Black,Petrol,Manual,3.9,116923,105513,4054,Low
12/31/2014,X5,2014,Asia,Black,Electric,Manual,3.4,136267,77149,5612,High
12/31/2013,M5,2013,Europe,Silver,Electric,Manual,3.2,101636,106132,815,Low
12/31/2022,X3,2022,South America,Black,Diesel,Automatic,3.4,123578,86241,6445,High
12/31/2011,7 Series,2011,North America,White,Petrol,Manual,2.5,143947,73525,768,Low
12/31/2023,X5,2023,Asia,Red,Diesel,Manual,1.6,37496,108720,6940,High
12/31/2022,3 Series,2022,North America,Blue,Diesel,Automatic,4.2,109065,92478,10511,High
12/31/2021,i3,2021,South America,Silver,Diesel,Automatic,4.7,157229,77859,4007,Low
12/31/2023,M5,2023,North America,Black,Petrol,Automatic,3.2,129201,135028,1837,Low
12/31/2016,7 Series,2016,North America,Red,Petrol,Automatic,4.4,82621,121488,955,Low
12/31/2015,X1,2015,Africa,Black,Hybrid,Automatic,3.4,21904,77726,3708,Low
12/31/2021,M5,2021,North America,Black,Petrol,Manual,4.8,177591,135974,2028,Low
12/31/2021,5 Series,2021,Africa,White,Petrol,Manual,3.3,32618,109620,4174,Low
12/31/2016,M3,2016,Asia,Silver,Hybrid,Automatic,2.2,79506,95120,2704,Low
12/31/2017,7 Series,2017,South America,Black,Electric,Automatic,4.5,19601,142775,50,Low
12/31/2018,i8,2018,Africa,Silver,Hybrid,Manual,4.3,53017,161738,50,Low
12/31/2019,i3,2019,Africa,Red,Diesel,Manual,2.9,93436,68096,2584,Low
12/31/2014,X3,2014,Middle East,Black,Petrol,Automatic,4.4,107312,72449,4855,Low
12/31/2020,X6,2020,Europe,Grey,Diesel,Manual,1.5,131318,81904,4853,Low
12/31/2014,i8,2014,Africa,Red,Diesel,Manual,4.3,122470,120367,50,Low
12/31/2013,M5,2013,North America,Black,Electric,Manual,3.9,97299,121808,920,Low
12/31/2020,5 Series,2020,Africa,Black,Electric,Automatic,2.8,45140,109639,3690,Low
12/31/2012,M5,2012,North America,Black,Electric,Manual,4.3,110381,109616,844,Low
12/31/2022,7 Series,2022,Africa,Black,Petrol,Automatic,1.9,156139,105363,1187,Low
12/31/2016,i8,2016,North America,Blue,Diesel,Manual,2.2,57,200000,50,Low
12/31/2022,7 Series,2022,Africa,White,Electric,Automatic,3.4,136975,133638,1210,Low
12/31/2022,i8,2022,South America,Grey,Diesel,Automatic,4.6,64587,168689,50,Low
12/31/2014,5 Series,2014,South America,Grey,Electric,Manual,2,139949,62152,3879,Low
12/31/2016,7 Series,2016,North America,White,Electric,Manual,3.5,167839,109702,1190,Low
12/31/2024,X5,2024,Asia,Black,Diesel,Automatic,4.1,79629,125329,6222,High
12/31/2011,5 Series,2011,Middle East,Silver,Petrol,Manual,4.1,2701,81736,3815,Low
12/31/2018,X5,2018,South America,White,Diesel,Manual,3.7,76882,138362,3039,Low
12/31/2018,X3,2018,Asia,Black,Petrol,Manual,4.8,14272,105772,7421,High
12/31/2022,3 Series,2022,North America,Black,Diesel,Automatic,3.2,157225,73988,9577,High
12/31/2018,X1,2018,North America,Grey,Petrol,Manual,4.6,177008,57673,7147,High
12/31/2022,M3,2022,South America,Blue,Electric,Automatic,3.7,72566,134355,2416,Low
12/31/2022,X5,2022,Asia,Grey,Petrol,Manual,4.1,184259,95511,6878,High
12/31/2014,5 Series,2014,South America,Silver,Hybrid,Automatic,3.1,11451,94342,3922,Low
12/31/2023,i8,2023,Asia,White,Hybrid,Automatic,2.1,138963,159910,921,Low
12/31/2019,X6,2019,South America,Silver,Petrol,Manual,1.9,165443,75151,2996,Low
12/31/2021,M5,2021,North America,Red,Petrol,Automatic,3.9,70184,144792,1504,Low
12/31/2018,M3,2018,Middle East,Silver,Hybrid,Automatic,2.8,50949,110397,2198,Low
12/31/2010,3 Series,2010,North America,Blue,Electric,Automatic,3.5,171131,42246,8804,High
12/31/2011,X3,2011,Asia,Red,Petrol,Automatic,4.1,14703,70275,8308,High
12/31/2019,M3,2019,Middle East,Black,Petrol,Manual,4.3,194329,92895,2282,Low
12/31/2014,X5,2014,Africa,Grey,Electric,Automatic,3.3,129277,76693,3031,Low
12/31/2014,5 Series,2014,Africa,Black,Diesel,Manual,2.6,75994,61847,2984,Low
12/31/2015,7 Series,2015,Middle East,Grey,Diesel,Automatic,4.2,3605,127538,50,Low
12/31/2023,X3,2023,Middle East,Silver,Electric,Automatic,3,41628,120050,7233,High
12/31/2017,i8,2017,Africa,Grey,Diesel,Automatic,4.8,184432,119217,50,Low
12/31/2021,i3,2021,North America,White,Diesel,Manual,4.4,151782,77753,5577,High
12/31/2010,3 Series,2010,Africa,Silver,Petrol,Automatic,4.1,54055,53600,4501,Low
12/31/2019,X1,2019,South America,Black,Diesel,Manual,2.3,17217,104918,3773,Low
12/31/2021,i3,2021,Middle East,Red,Electric,Automatic,2.8,153379,135430,4029,Low
12/31/2018,M5,2018,North America,Black,Electric,Manual,4.5,145524,139191,1663,Low
12/31/2013,i8,2013,North America,Silver,Petrol,Manual,1.6,112854,106112,50,Low
12/31/2017,7 Series,2017,Africa,Grey,Hybrid,Manual,4.2,8591,130871,50,Low
12/31/2021,i3,2021,North America,White,Electric,Automatic,2.9,151127,88806,6469,High
12/31/2024,M5,2024,Europe,Blue,Electric,Manual,4.3,75454,170588,2273,Low
12/31/2022,M5,2022,North America,Blue,Petrol,Manual,3.4,98506,138494,2001,Low
12/31/2021,M3,2021,Asia,Black,Diesel,Automatic,3.3,196563,87508,4014,Low
12/31/2014,X1,2014,Asia,Red,Electric,Automatic,4,29691,86424,6167,High
12/31/2010,7 Series,2010,Europe,Grey,Electric,Automatic,4.3,150548,93555,369,Low
12/31/2023,5 Series,2023,North America,Red,Electric,Automatic,3.9,22489,142965,7046,High
12/31/2018,5 Series,2018,Africa,Red,Electric,Automatic,3.1,180325,82899,3931,Low
12/31/2017,i8,2017,Middle East,Blue,Diesel,Manual,2.6,85454,136272,50,Low
12/31/2014,X1,2014,Europe,Blue,Diesel,Manual,4.5,133076,48833,1463,Low
12/31/2023,i3,2023,South America,Silver,Diesel,Manual,3.3,1743,100116,3187,Low
12/31/2024,X6,2024,Europe,Grey,Electric,Manual,4.2,18044,154536,5112,High
12/31/2020,X5,2020,Middle East,Silver,Electric,Manual,5,183114,107053,4060,Low
12/31/2023,M3,2023,Africa,Black,Diesel,Manual,3.8,58415,112582,1650,Low
12/31/2013,M3,2013,Europe,White,Diesel,Automatic,2.5,93437,62805,2775,Low
12/31/2017,i8,2017,Middle East,Grey,Diesel,Manual,4.5,54093,160124,50,Low
12/31/2018,7 Series,2018,Asia,Red,Hybrid,Automatic,2.5,2004,130453,1860,Low
12/31/2016,i3,2016,Europe,Black,Diesel,Automatic,2.4,183997,39627,4646,Low
12/31/2013,M3,2013,Asia,Grey,Hybrid,Manual,1.8,197505,53486,2643,Low
12/31/2016,M5,2016,Asia,White,Electric,Automatic,1.8,64895,122027,1248,Low
12/31/2015,i3,2015,South America,Silver,Hybrid,Automatic,4.5,160553,66287,2763,Low
12/31/2020,i8,2020,Middle East,White,Diesel,Manual,2.3,3777,162578,50,Low
12/31/2021,i8,2021,Europe,Black,Petrol,Automatic,1.9,91803,147353,323,Low
12/31/2012,X1,2012,Asia,Silver,Hybrid,Manual,2.7,35400,57859,8010,High
12/31/2019,X3,2019,Africa,Silver,Petrol,Automatic,4,9424,98610,3898,Low
12/31/2012,7 Series,2012,Europe,Red,Petrol,Manual,2.7,112594,76502,844,Low
12/31/2010,5 Series,2010,Middle East,Silver,Electric,Automatic,2.6,6297,79227,3667,Low
12/31/2023,7 Series,2023,South America,Silver,Diesel,Automatic,3.2,83934,137928,916,Low
12/31/2022,M3,2022,Europe,Blue,Diesel,Manual,1.6,186231,76454,4079,Low
12/31/2014,3 Series,2014,Africa,Grey,Diesel,Automatic,3.2,192476,34319,4522,Low
12/31/2017,X1,2017,Middle East,Grey,Hybrid,Automatic,5,25703,95623,5246,High
12/31/2021,X6,2021,Middle East,Blue,Petrol,Manual,4.3,29241,133091,2778,Low
12/31/2015,M3,2015,North America,Black,Petrol,Automatic,1.7,18058,86952,2356,Low
12/31/2017,7 Series,2017,North America,Silver,Electric,Manual,3.8,50170,134011,927,Low
12/31/2016,M5,2016,Middle East,Silver,Diesel,Automatic,3.1,163936,98037,851,Low
12/31/2011,5 Series,2011,South America,Silver,Petrol,Automatic,4.4,165525,48651,3479,Low
12/31/2017,5 Series,2017,Asia,White,Petrol,Automatic,1.8,25300,85361,6842,High
12/31/2013,X6,2013,Europe,Silver,Diesel,Automatic,2.3,32679,80192,3105,Low
12/31/2020,M5,2020,Asia,Blue,Petrol,Manual,4.3,21263,142409,1680,Low
12/31/2014,3 Series,2014,Europe,Blue,Petrol,Manual,4.5,51754,68704,7687,High
12/31/2020,X5,2020,Africa,Grey,Diesel,Automatic,3.4,157721,81041,3717,Low
12/31/2022,X1,2022,South America,Silver,Hybrid,Manual,1.6,58326,82378,6355,High
12/31/2017,i3,2017,North America,Blue,Petrol,Automatic,4.6,70615,86101,4415,Low
12/31/2014,X6,2014,Africa,Red,Diesel,Automatic,2.8,35845,83620,1428,Low
12/31/2014,3 Series,2014,Middle East,Grey,Electric,Automatic,1.6,103277,62415,6675,High
12/31/2015,M3,2015,Middle East,Black,Electric,Automatic,4.4,33298,122350,1074,Low
12/31/2024,M3,2024,Middle East,Black,Diesel,Automatic,3,137494,116407,2418,Low
12/31/2024,M3,2024,South America,Red,Electric,Manual,2.2,158077,113390,2903,Low
12/31/2016,X3,2016,Europe,Blue,Hybrid,Automatic,4.3,140312,80528,8926,High
12/31/2018,i3,2018,Europe,Grey,Hybrid,Manual,3.1,96628,80866,5807,High
12/31/2023,3 Series,2023,South America,Black,Electric,Manual,3.6,192527,90534,6571,High
12/31/2020,3 Series,2020,North America,White,Hybrid,Automatic,4.4,71937,110269,9102,High
12/31/2016,i3,2016,Middle East,Blue,Diesel,Automatic,3.3,197724,47792,3821,Low
12/31/2015,i8,2015,South America,Red,Electric,Manual,1.9,117984,127712,50,Low
12/31/2024,M3,2024,Europe,Grey,Diesel,Manual,4.9,153233,120657,3497,Low
12/31/2021,5 Series,2021,Europe,White,Diesel,Manual,2.5,83976,89044,6882,High
12/31/2019,i8,2019,Asia,Grey,Diesel,Manual,5,141313,147990,59,Low
12/31/2013,M3,2013,Africa,Grey,Hybrid,Manual,1.5,119606,59389,995,Low
12/31/2023,7 Series,2023,Asia,Red,Diesel,Automatic,3.2,187505,120998,1853,Low
12/31/2020,7 Series,2020,Africa,White,Petrol,Manual,4,143100,107976,815,Low
12/31/2019,X6,2019,South America,Black,Diesel,Automatic,4.7,4371,124368,2206,Low
12/31/2021,X5,2021,Middle East,Blue,Petrol,Automatic,4.2,116355,110535,3616,Low
12/31/2011,3 Series,2011,Middle East,Black,Diesel,Automatic,2.4,12304,55807,5408,High
12/31/2020,X3,2020,South America,White,Hybrid,Manual,2.4,24344,95322,6344,High
12/31/2022,3 Series,2022,Europe,Blue,Electric,Automatic,2.7,123416,93700,11212,High
12/31/2020,5 Series,2020,Asia,Grey,Hybrid,Automatic,1.9,179839,76946,7369,High
12/31/2024,X1,2024,North America,Black,Hybrid,Manual,3.8,127481,95165,9485,High
12/31/2018,X1,2018,Europe,Blue,Hybrid,Manual,4.8,3061,105024,8124,High
12/31/2019,3 Series,2019,Asia,White,Diesel,Automatic,3.7,85976,78904,9901,High
12/31/2020,3 Series,2020,Europe,Blue,Petrol,Manual,3.4,112553,78685,8236,High
12/31/2014,5 Series,2014,Asia,Blue,Electric,Automatic,3.3,76190,90874,7251,High
12/31/2014,5 Series,2014,Europe,White,Diesel,Manual,3.6,155130,57954,6984,High
12/31/2020,7 Series,2020,Africa,Black,Hybrid,Automatic,4,58971,135472,750,Low
12/31/2021,i3,2021,Europe,Black,Hybrid,Manual,4.3,150006,93844,5359,High
12/31/2012,M3,2012,South America,Black,Hybrid,Automatic,3.9,127743,72956,969,Low
12/31/2022,X5,2022,North America,White,Hybrid,Manual,4,63790,131423,6382,High
12/31/2012,X3,2012,South America,Red,Diesel,Automatic,4.8,181198,44874,5478,High
12/31/2010,X3,2010,Asia,Red,Electric,Manual,4.6,141290,57007,8791,High
12/31/2021,X1,2021,Europe,Red,Electric,Manual,4.4,175922,81187,9397,High
12/31/2020,3 Series,2020,Middle East,Silver,Electric,Manual,1.7,138806,78442,7300,High
12/31/2014,7 Series,2014,South America,Silver,Diesel,Automatic,3.8,185403,78022,477,Low
12/31/2012,i8,2012,Asia,Grey,Hybrid,Automatic,3.1,194970,112199,50,Low
12/31/2024,i3,2024,South America,Silver,Petrol,Automatic,3.7,50765,106804,3202,Low
12/31/2020,X1,2020,Asia,Black,Hybrid,Automatic,3.9,131468,85534,7875,High
12/31/2011,X5,2011,South America,Silver,Hybrid,Automatic,4,107487,71464,2687,Low
12/31/2020,i8,2020,Asia,White,Electric,Automatic,4.5,146411,167068,476,Low
12/31/2018,5 Series,2018,Africa,Black,Petrol,Automatic,4.7,122146,91387,3319,Low
12/31/2022,X5,2022,Asia,White,Diesel,Automatic,3.6,15339,129361,5467,High
12/31/2023,i8,2023,Asia,White,Diesel,Automatic,4.6,24973,188369,51,Low
12/31/2019,X5,2019,South America,Blue,Electric,Automatic,4.2,28963,121856,3957,Low
12/31/2015,3 Series,2015,South America,Grey,Diesel,Automatic,2.2,120372,47279,6044,High
12/31/2012,7 Series,2012,Middle East,White,Diesel,Manual,1.6,51622,86296,182,Low
12/31/2016,i8,2016,North America,Red,Electric,Automatic,1.5,112767,138141,50,Low
12/31/2021,7 Series,2021,North America,Blue,Diesel,Automatic,3.6,131716,193943,546,Low
12/31/2018,i8,2018,North America,Black,Electric,Automatic,3.3,88942,158395,196,Low
12/31/2018,7 Series,2018,North America,Black,Electric,Automatic,3.9,136775,122766,1863,Low
12/31/2024,M5,2024,Middle East,Blue,Electric,Manual,4.4,128649,167750,1606,Low
12/31/2010,X6,2010,Africa,Grey,Petrol,Manual,2.1,48641,57238,1293,Low
12/31/2024,7 Series,2024,Asia,Red,Diesel,Manual,4.5,3166,161208,1419,Low
12/31/2011,X6,2011,Europe,White,Petrol,Automatic,1.8,95220,56380,3328,Low
12/31/2024,X3,2024,North America,Black,Electric,Automatic,4.6,193574,107942,8319,High
12/31/2017,7 Series,2017,Africa,Black,Electric,Automatic,4.5,152955,121479,123,Low
12/31/2024,X5,2024,South America,Blue,Diesel,Automatic,3.9,108696,108356,3949,Low
12/31/2020,3 Series,2020,Europe,Red,Petrol,Manual,2.6,193742,58540,9358,High
12/31/2010,i8,2010,Europe,Grey,Diesel,Manual,1.8,156855,85202,50,Low
12/31/2020,X6,2020,Asia,White,Hybrid,Automatic,4.2,97513,124021,4499,Low
12/31/2021,X3,2021,Africa,Black,Hybrid,Automatic,2.3,5968,110778,4378,Low
12/31/2024,X6,2024,Middle East,White,Petrol,Automatic,3,94741,128156,2833,Low
12/31/2020,M5,2020,North America,Silver,Electric,Automatic,3.4,193902,127974,2224,Low
12/31/2023,M3,2023,Middle East,Blue,Diesel,Manual,3.9,116591,114180,2489,Low
12/31/2012,i8,2012,Africa,Silver,Hybrid,Automatic,3.2,84000,125013,50,Low
12/31/2020,7 Series,2020,Africa,Grey,Diesel,Automatic,3.9,51141,132636,350,Low
12/31/2016,X1,2016,Asia,Blue,Diesel,Manual,4.3,163769,47401,7042,High
12/31/2017,M5,2017,Africa,Red,Hybrid,Manual,4,137937,117226,440,Low
12/31/2014,i3,2014,Africa,White,Electric,Automatic,2.5,50077,69997,1936,Low
12/31/2023,5 Series,2023,Africa,Red,Electric,Automatic,4.6,148542,115347,4836,Low
12/31/2011,X5,2011,Europe,Red,Hybrid,Manual,3.4,117854,64122,5619,High
12/31/2024,M5,2024,Asia,Blue,Hybrid,Automatic,3.1,129906,152675,2941,Low
12/31/2012,X5,2012,Asia,Black,Petrol,Manual,3.5,112651,61545,5208,High
12/31/2018,5 Series,2018,Africa,Silver,Petrol,Automatic,3.2,33673,94003,3466,Low
12/31/2024,i3,2024,Europe,Red,Hybrid,Automatic,4.1,60277,121914,5530,High
12/31/2022,5 Series,2022,Middle East,Silver,Petrol,Automatic,3,15097,117878,5497,High
12/31/2020,5 Series,2020,North America,Blue,Hybrid,Automatic,4.2,30847,127254,7095,High
12/31/2022,X5,2022,North America,Grey,Electric,Automatic,4.2,38839,135000,7217,High
12/31/2019,X6,2019,Africa,Red,Hybrid,Manual,2.5,189573,81886,2647,Low
12/31/2016,X5,2016,South America,Grey,Hybrid,Automatic,1.8,84638,85310,3591,Low
12/31/2022,M5,2022,Africa,Red,Hybrid,Automatic,4.5,154016,144283,1086,Low
12/31/2010,M3,2010,North America,Black,Petrol,Manual,2.1,41801,62590,1956,Low
12/31/2012,i8,2012,South America,Grey,Diesel,Automatic,1.6,177342,85496,50,Low
12/31/2018,3 Series,2018,Asia,Grey,Electric,Manual,2.9,89253,88747,11437,High
12/31/2016,i3,2016,Africa,Red,Diesel,Manual,2.4,78361,53210,2932,Low
12/31/2024,X3,2024,Europe,Blue,Hybrid,Manual,2.3,95759,102284,8644,High
12/31/2021,3 Series,2021,Middle East,Blue,Diesel,Automatic,2.1,183528,62539,6364,High
12/31/2022,X6,2022,Asia,Red,Hybrid,Manual,4.1,102423,127544,4389,Low
12/31/2022,i8,2022,Europe,White,Diesel,Manual,4.2,43592,167994,122,Low
12/31/2022,X6,2022,Middle East,Blue,Diesel,Manual,1.7,82328,104223,3442,Low
12/31/2023,i8,2023,North America,Red,Electric,Manual,3.4,188694,158675,920,Low
12/31/2024,M5,2024,Middle East,Blue,Hybrid,Manual,2,110005,152617,1914,Low
12/31/2024,5 Series,2024,Europe,Black,Hybrid,Manual,3.2,189250,101538,6982,High
12/31/2011,i3,2011,South America,White,Electric,Manual,2.7,4639,64254,1991,Low
12/31/2015,3 Series,2015,Middle East,Silver,Diesel,Automatic,2.2,185033,38799,6528,High
12/31/2018,M3,2018,Africa,Blue,Diesel,Automatic,4.8,71214,105918,1159,Low
12/31/2024,X3,2024,Asia,Blue,Hybrid,Automatic,4.8,110805,115787,10805,High
12/31/2013,X1,2013,South America,Blue,Petrol,Automatic,3.5,155021,36888,3948,Low
12/31/2019,M5,2019,Europe,White,Petrol,Automatic,2.2,16408,135818,1583,Low
12/31/2011,X3,2011,Asia,Black,Petrol,Automatic,3.5,150202,42171,8671,High
12/31/2012,3 Series,2012,South America,White,Hybrid,Automatic,4.7,141749,60535,4552,Low
12/31/2016,X5,2016,Africa,Red,Hybrid,Automatic,2.8,118621,79127,2726,Low
12/31/2013,i3,2013,Middle East,White,Diesel,Automatic,2,127710,39766,3098,Low
12/31/2016,3 Series,2016,North America,Red,Electric,Manual,3.9,119245,78554,10052,High
12/31/2014,7 Series,2014,Asia,Grey,Petrol,Automatic,3.8,84743,108952,778,Low
12/31/2023,X1,2023,Africa,Silver,Diesel,Automatic,1.5,21895,89192,4953,Low
12/31/2017,7 Series,2017,Middle East,Blue,Diesel,Automatic,4.5,135422,111160,529,Low
12/31/2017,i3,2017,Europe,Blue,Diesel,Manual,3.8,24292,80166,5141,High
12/31/2014,5 Series,2014,Europe,Red,Petrol,Manual,2.2,4960,75224,6003,High
12/31/2016,X1,2016,Africa,Black,Diesel,Manual,1.5,17503,54481,4121,Low
12/31/2020,7 Series,2020,Middle East,Silver,Diesel,Automatic,4.9,92564,143056,496,Low
12/31/2015,5 Series,2015,Africa,Red,Petrol,Automatic,4.1,131306,68706,2995,Low
12/31/2022,X6,2022,North America,Blue,Electric,Manual,2.8,133756,120570,4433,Low
12/31/2017,M3,2017,South America,Grey,Petrol,Manual,3,21245,100873,1455,Low
12/31/2018,3 Series,2018,North America,Red,Hybrid,Manual,3.4,18761,92546,10664,High
12/31/2014,X3,2014,Europe,Blue,Hybrid,Automatic,4,142699,70337,7213,High
12/31/2016,i3,2016,Europe,Silver,Hybrid,Manual,2.1,150568,51911,4475,Low
12/31/2023,5 Series,2023,North America,Black,Petrol,Automatic,2.2,67896,103767,7291,High
12/31/2010,i3,2010,South America,Black,Diesel,Automatic,1.7,62169,30367,2972,Low
12/31/2020,7 Series,2020,Africa,Blue,Electric,Automatic,5,74956,152109,622,Low
12/31/2017,M3,2017,Middle East,Blue,Diesel,Automatic,4.6,102077,94968,1497,Low
12/31/2012,X1,2012,Europe,Red,Diesel,Manual,3.4,172872,25000,968,Low
12/31/2010,M5,2010,Middle East,Grey,Electric,Automatic,3,106208,103511,50,Low
12/31/2015,X1,2015,Africa,Grey,Hybrid,Manual,2.3,128439,46844,3632,Low
12/31/2023,X6,2023,Asia,Black,Petrol,Automatic,3.6,80011,128415,4185,Low
12/31/2022,i8,2022,South America,Silver,Diesel,Automatic,3.9,15510,174738,50,Low
12/31/2017,i3,2017,South America,Blue,Electric,Automatic,3.9,52440,98537,2231,Low
12/31/2020,5 Series,2020,North America,Grey,Electric,Manual,1.5,187356,76439,8422,High
12/31/2012,7 Series,2012,Africa,White,Petrol,Automatic,4,67232,91395,50,Low
12/31/2010,i3,2010,Africa,White,Electric,Automatic,4.5,45457,72310,1717,Low
12/31/2012,7 Series,2012,Middle East,White,Hybrid,Automatic,1.9,68136,96851,50,Low
12/31/2024,5 Series,2024,Europe,Grey,Electric,Automatic,4.1,110199,134361,7058,High
12/31/2014,5 Series,2014,Europe,Black,Electric,Manual,4.4,82749,88724,6483,High
12/31/2020,X1,2020,Asia,Black,Electric,Manual,2.5,50659,92697,7403,High
12/31/2017,i3,2017,South America,Grey,Petrol,Automatic,4,1539,85916,2536,Low
12/31/2018,X6,2018,Asia,Red,Electric,Automatic,1.8,2590,123076,4714,Low
12/31/2022,5 Series,2022,South America,White,Petrol,Automatic,3.8,106773,98451,4753,Low
12/31/2021,i8,2021,South America,Red,Hybrid,Manual,3.3,117101,149615,341,Low
12/31/2018,7 Series,2018,Europe,Silver,Petrol,Automatic,4.5,178788,103466,1479,Low
12/31/2013,X5,2013,Africa,Red,Petrol,Manual,3.1,111801,61400,3058,Low
12/31/2017,M3,2017,Asia,Blue,Electric,Automatic,3,74525,109986,2245,Low
12/31/2020,7 Series,2020,South America,Red,Electric,Automatic,4.8,150775,133427,1170,Low
12/31/2014,5 Series,2014,South America,Blue,Petrol,Automatic,4.8,164470,62770,3781,Low
12/31/2012,i8,2012,Africa,Blue,Electric,Manual,1.6,194393,90955,50,Low
12/31/2014,7 Series,2014,Europe,White,Electric,Automatic,3.2,159664,102741,716,Low
12/31/2011,X5,2011,North America,Silver,Electric,Manual,2.1,130348,62819,6014,High
12/31/2020,M5,2020,North America,Grey,Hybrid,Automatic,2.5,142412,131091,1983,Low
12/31/2020,M5,2020,Middle East,Blue,Electric,Automatic,3.8,14591,159615,188,Low
12/31/2020,X3,2020,Europe,Silver,Hybrid,Automatic,2,16537,103608,8479,High
12/31/2015,X6,2015,Middle East,Silver,Hybrid,Automatic,1.5,149030,75403,2896,Low
12/31/2010,5 Series,2010,Europe,Silver,Diesel,Automatic,4,44757,88249,5518,High
12/31/2015,7 Series,2015,North America,Black,Electric,Automatic,3.7,84787,120105,670,Low
12/31/2022,3 Series,2022,South America,Grey,Diesel,Automatic,4.7,90627,94830,5939,High
12/31/2014,5 Series,2014,Europe,Silver,Hybrid,Manual,3.4,132770,67640,6087,High
12/31/2022,i3,2022,Asia,Blue,Hybrid,Manual,4.8,74107,117368,6258,High
12/31/2018,M5,2018,Europe,Silver,Electric,Manual,3.6,70676,146486,3222,Low
12/31/2022,M5,2022,Asia,Grey,Diesel,Manual,2.9,148040,125593,2262,Low
12/31/2023,i8,2023,North America,White,Hybrid,Automatic,3.6,124920,177823,731,Low
12/31/2016,M3,2016,South America,White,Electric,Automatic,4.1,196790,87566,1471,Low
12/31/2015,X3,2015,North America,Blue,Diesel,Automatic,2.7,108448,58302,9839,High
12/31/2024,3 Series,2024,Middle East,Blue,Hybrid,Automatic,2.8,33319,118682,6631,High
12/31/2020,X6,2020,Africa,Blue,Diesel,Automatic,3.7,121450,98744,2304,Low
12/31/2021,X3,2021,South America,White,Electric,Automatic,3.1,176456,89426,6334,High
12/31/2016,X6,2016,Africa,White,Hybrid,Manual,3.3,186064,79487,1837,Low
12/31/2019,7 Series,2019,North America,White,Hybrid,Automatic,4.9,36128,153506,1147,Low
12/31/2014,5 Series,2014,Africa,Grey,Hybrid,Manual,1.7,151632,50805,3949,Low
12/31/2010,i8,2010,Middle East,Grey,Electric,Manual,3.8,109509,131683,50,Low
12/31/2024,X5,2024,South America,Grey,Petrol,Automatic,4.7,50778,132198,3853,Low
12/31/2018,X5,2018,Middle East,Blue,Diesel,Manual,2.3,153050,74737,3857,Low
12/31/2014,X5,2014,South America,White,Diesel,Automatic,2.2,179437,45371,3873,Low
12/31/2013,7 Series,2013,Middle East,Blue,Petrol,Automatic,2.8,165252,83225,411,Low
12/31/2015,i3,2015,Africa,Black,Electric,Automatic,1.8,199760,42316,2484,Low
12/31/2014,X5,2014,Europe,White,Diesel,Automatic,3.5,62723,82048,4801,Low
12/31/2010,X6,2010,Middle East,Blue,Electric,Automatic,3.8,47464,93981,1722,Low
12/31/2011,i8,2011,Africa,Blue,Diesel,Manual,4.4,167972,94465,50,Low
12/31/2013,7 Series,2013,South America,White,Hybrid,Automatic,1.7,25421,100626,50,Low
12/31/2017,X5,2017,Europe,White,Petrol,Automatic,3,119692,82205,5623,High
12/31/2014,3 Series,2014,North America,White,Hybrid,Automatic,4.2,93565,71116,10333,High
12/31/2016,3 Series,2016,Middle East,Silver,Hybrid,Automatic,4.2,169328,70985,900,Low
12/31/2011,M5,2011,Middle East,White,Electric,Automatic,1.8,184037,85340,306,Low
12/31/2017,i3,2017,North America,White,Petrol,Manual,1.5,76838,61838,4982,Low
12/31/2014,5 Series,2014,Middle East,Black,Hybrid,Manual,4.2,64472,87973,3892,Low
12/31/2013,5 Series,2013,Africa,Blue,Electric,Automatic,2,176546,54086,3036,Low
12/31/2018,7 Series,2018,Africa,Black,Electric,Automatic,3.5,182973,112891,971,Low
12/31/2015,X6,2015,Europe,Black,Petrol,Automatic,1.8,131731,68597,3573,Low
12/31/2024,i3,2024,Middle East,Silver,Diesel,Manual,2.5,102750,91122,3668,Low
12/31/2023,i8,2023,North America,Black,Hybrid,Automatic,2.1,107563,167270,748,Low
12/31/2013,7 Series,2013,North America,Grey,Diesel,Manual,4.1,181173,77841,955,Low
12/31/2017,X5,2017,South America,Red,Petrol,Automatic,3.9,128216,86503,3094,Low
12/31/2012,5 Series,2012,Asia,Silver,Petrol,Manual,2,104566,50650,6374,High
12/31/2023,X3,2023,Middle East,Black,Petrol,Manual,1.7,116089,86490,5630,High
12/31/2022,i8,2022,North America,Blue,Hybrid,Automatic,3.1,16569,177637,459,Low
12/31/2019,M5,2019,Middle East,White,Diesel,Manual,2.2,144348,113091,984,Low
12/31/2011,7 Series,2011,South America,White,Hybrid,Automatic,1.5,61169,86239,50,Low
12/31/2016,5 Series,2016,Africa,Red,Diesel,Manual,2.4,192945,44722,3704,Low
12/31/2023,X1,2023,North America,Red,Petrol,Automatic,2.3,143277,73144,7318,High
12/31/2021,7 Series,2021,Middle East,White,Petrol,Manual,3.9,121313,132659,832,Low
12/31/2024,M5,2024,Europe,Red,Diesel,Manual,4.5,114569,145262,2213,Low
12/31/2013,X1,2013,Africa,Black,Hybrid,Automatic,2.3,171282,34876,3900,Low
12/31/2013,i3,2013,Europe,White,Petrol,Automatic,2.3,77946,51604,4337,Low
12/31/2019,M5,2019,North America,Red,Diesel,Automatic,2.9,123018,112966,2001,Low
12/31/2018,3 Series,2018,Europe,Grey,Petrol,Manual,2.1,10279,76130,10056,High
12/31/2011,i3,2011,Middle East,Blue,Petrol,Manual,4.8,7203,72798,2372,Low
12/31/2010,X3,2010,North America,Red,Hybrid,Automatic,2.4,64854,53385,8352,High
12/31/2024,M5,2024,Middle East,Red,Petrol,Automatic,1.8,6326,161498,1291,Low
12/31/2016,X3,2016,South America,Red,Hybrid,Automatic,3.4,34347,93124,5434,High
12/31/2024,X3,2024,Europe,White,Electric,Automatic,3.4,105432,116657,9675,High
12/31/2021,3 Series,2021,Asia,White,Hybrid,Manual,3.7,58283,101355,11237,High
12/31/2017,X3,2017,Middle East,Red,Petrol,Automatic,4.9,158064,75761,6592,High
12/31/2012,M3,2012,Europe,Blue,Electric,Manual,2.6,152236,64644,2615,Low
12/31/2011,M3,2011,Asia,White,Petrol,Manual,2.8,86996,62457,2415,Low
12/31/2013,i3,2013,North America,Red,Hybrid,Manual,2.7,76517,58342,3935,Low
12/31/2011,3 Series,2011,Africa,White,Electric,Manual,3.7,509,77021,3966,Low
12/31/2021,X1,2021,South America,White,Electric,Automatic,3.6,168638,83685,5520,High
12/31/2011,7 Series,2011,Europe,Black,Hybrid,Automatic,3.4,111322,89468,491,Low
12/31/2014,X3,2014,Middle East,Blue,Diesel,Manual,2.8,102533,53374,6143,High
12/31/2019,M3,2019,North America,Grey,Electric,Manual,3,70370,116828,3568,Low
12/31/2014,5 Series,2014,Asia,Grey,Diesel,Manual,4.3,176456,58959,7169,High
12/31/2017,3 Series,2017,Africa,Grey,Electric,Automatic,3.6,104723,85961,5424,High
12/31/2018,M5,2018,Middle East,White,Petrol,Automatic,4,32243,144420,537,Low
12/31/2011,M3,2011,Africa,Red,Electric,Manual,2.5,94048,66520,1576,Low
12/31/2010,X3,2010,Africa,Blue,Diesel,Manual,4.7,159406,35594,4036,Low
12/31/2012,3 Series,2012,Europe,Blue,Electric,Automatic,1.6,194074,31909,8609,High
12/31/2015,X1,2015,Middle East,Silver,Hybrid,Manual,3.6,109506,66827,4754,Low
12/31/2023,X3,2023,Middle East,White,Hybrid,Manual,4.3,24640,126694,6291,High
12/31/2014,i3,2014,Europe,White,Electric,Automatic,4.5,183251,65832,5109,High
12/31/2017,X6,2017,Middle East,Red,Petrol,Automatic,2.6,121447,91238,2369,Low
12/31/2017,M5,2017,South America,Black,Electric,Automatic,3.1,41657,140512,259,Low
12/31/2011,X3,2011,Europe,Red,Electric,Automatic,1.6,75993,54176,6576,High
12/31/2023,X5,2023,Europe,Grey,Petrol,Manual,4.3,12235,199846,4430,Low
12/31/2018,X5,2018,Africa,White,Petrol,Manual,1.9,145093,67705,3374,Low
12/31/2023,3 Series,2023,Middle East,Grey,Petrol,Automatic,3,129653,92193,8106,High
12/31/2023,M5,2023,Europe,Grey,Diesel,Automatic,5,179121,143826,2149,Low
12/31/2013,M5,2013,Africa,Silver,Diesel,Manual,4.7,182024,85242,316,Low
12/31/2023,7 Series,2023,Europe,Grey,Diesel,Automatic,2.7,34423,147084,1452,Low
12/31/2010,5 Series,2010,Asia,Blue,Petrol,Manual,2.3,9398,58209,5446,High
12/31/2023,i3,2023,Middle East,Blue,Hybrid,Automatic,2.4,675,115544,4648,Low
12/31/2011,X1,2011,Middle East,Silver,Diesel,Automatic,3.9,7571,57742,4214,Low
12/31/2023,M3,2023,North America,White,Diesel,Manual,4,143443,106344,3338,Low
12/31/2020,i3,2020,Middle East,Red,Diesel,Manual,2.3,5036,88333,4032,Low
12/31/2015,X6,2015,South America,Red,Petrol,Automatic,2.3,150814,68841,2627,Low
12/31/2014,X3,2014,North America,Grey,Petrol,Manual,2.6,10990,71399,8048,High
12/31/2021,X1,2021,Asia,Black,Diesel,Automatic,3,197608,56332,9666,High
12/31/2016,3 Series,2016,North America,Grey,Diesel,Manual,4.7,44296,82546,8762,High
12/31/2018,X1,2018,South America,Silver,Hybrid,Automatic,1.6,86000,63147,4914,Low
12/31/2015,5 Series,2015,Asia,White,Petrol,Automatic,3.7,159703,68519,15000,High
12/31/2015,i3,2015,Africa,Grey,Hybrid,Automatic,4.5,100324,77822,2292,Low
12/31/2011,X6,2011,North America,Black,Hybrid,Automatic,4,158380,70541,3498,Low
12/31/2016,7 Series,2016,Africa,Blue,Electric,Manual,2.3,99223,107507,214,Low
12/31/2011,X5,2011,Asia,Black,Diesel,Manual,3.2,9677,75544,5988,High
12/31/2022,3 Series,2022,Africa,Black,Diesel,Manual,4.7,164295,83689,6310,High
12/31/2016,7 Series,2016,South America,Silver,Hybrid,Automatic,1.9,141936,91458,520,Low
12/31/2017,M3,2017,South America,White,Diesel,Manual,5,36698,100440,1442,Low
12/31/2021,i8,2021,North America,White,Hybrid,Automatic,2,180092,150289,703,Low
12/31/2010,i3,2010,North America,White,Hybrid,Automatic,2,30953,55960,4259,Low
12/31/2018,X3,2018,Africa,Black,Petrol,Automatic,4.3,185524,63888,4628,Low
12/31/2017,X3,2017,Europe,Black,Diesel,Manual,4.4,68977,84234,7554,High
12/31/2018,M3,2018,Asia,White,Hybrid,Automatic,1.6,61517,95469,3526,Low
12/31/2014,X6,2014,North America,Silver,Hybrid,Automatic,2.1,44007,96457,3851,Low
12/31/2022,X5,2022,Africa,Grey,Diesel,Manual,4.8,92839,112369,3214,Low
12/31/2023,X5,2023,Middle East,White,Petrol,Automatic,2.5,173881,95750,4327,Low
12/31/2013,X3,2013,Asia,Red,Electric,Manual,1.5,42193,63453,9019,High
12/31/2010,M3,2010,Middle East,Silver,Electric,Automatic,2.4,151500,63915,1139,Low
12/31/2018,X5,2018,Asia,Red,Electric,Automatic,4.1,124060,111120,6888,High
12/31/2023,i3,2023,Africa,Grey,Petrol,Manual,4.7,163503,91249,3455,Low
12/31/2013,M3,2013,Asia,Blue,Hybrid,Automatic,2,128125,68339,2850,Low
12/31/2024,M5,2024,North America,Black,Electric,Manual,2.3,180465,142505,2529,Low
12/31/2013,7 Series,2013,South America,White,Hybrid,Manual,3,134467,91628,142,Low
12/31/2013,X3,2013,South America,Black,Electric,Automatic,4.1,128986,71775,5123,High
12/31/2011,M5,2011,Asia,Blue,Hybrid,Manual,3.8,90403,104333,821,Low
12/31/2021,3 Series,2021,Africa,White,Diesel,Manual,2.6,95895,70631,5840,High
12/31/2020,i3,2020,South America,White,Electric,Automatic,1.7,28281,91870,3794,Low
12/31/2022,X5,2022,Middle East,Grey,Petrol,Manual,2.4,90366,105228,3843,Low
12/31/2013,X5,2013,Asia,Red,Petrol,Manual,2.3,107576,59320,6384,High
12/31/2011,3 Series,2011,Europe,Black,Diesel,Manual,1.6,62423,34969,7936,High
12/31/2017,7 Series,2017,North America,Red,Petrol,Manual,4.9,175874,103441,1448,Low
12/31/2016,7 Series,2016,Africa,Red,Diesel,Manual,2.4,786,111996,135,Low
12/31/2020,7 Series,2020,North America,Red,Diesel,Manual,4.4,92646,125308,1363,Low
12/31/2019,i8,2019,Europe,Red,Petrol,Manual,3.2,146352,136930,150,Low
12/31/2011,X6,2011,Africa,Black,Petrol,Manual,4.9,66184,81513,1091,Low
12/31/2023,7 Series,2023,Asia,Silver,Hybrid,Automatic,2,79317,138302,2412,Low
12/31/2011,X6,2011,South America,White,Petrol,Manual,1.9,40185,66120,1560,Low
12/31/2011,X3,2011,South America,Grey,Electric,Manual,1.5,94357,44313,4821,Low
12/31/2010,i3,2010,Asia,Blue,Petrol,Automatic,4,132790,38590,5335,High
12/31/2022,5 Series,2022,Europe,Red,Petrol,Manual,2.6,85623,101614,7750,High
12/31/2015,3 Series,2015,South America,Red,Electric,Manual,4.5,173511,62526,5968,High
12/31/2015,M3,2015,South America,White,Electric,Automatic,3.7,198639,76432,1455,Low
12/31/2010,5 Series,2010,Asia,Grey,Hybrid,Manual,3.5,40100,68549,13336,High
12/31/2020,X1,2020,Europe,Red,Electric,Manual,3.2,99490,83030,9151,High
12/31/2010,i8,2010,North America,Grey,Electric,Automatic,2.4,84130,120317,50,Low
12/31/2015,X1,2015,Asia,Silver,Hybrid,Automatic,1.7,58445,60573,8699,High
12/31/2020,X1,2020,Africa,White,Petrol,Automatic,3.1,172595,59579,4813,Low
12/31/2015,X6,2015,Middle East,Silver,Hybrid,Automatic,1.8,38250,101893,2257,Low
12/31/2013,3 Series,2013,Europe,Blue,Hybrid,Manual,4.7,13461,86833,7644,High
12/31/2012,5 Series,2012,Asia,Red,Hybrid,Manual,4.4,51861,84178,5685,High
12/31/2023,X3,2023,Middle East,Blue,Hybrid,Manual,3.7,147274,101751,7622,High
12/31/2018,X3,2018,Africa,Grey,Electric,Automatic,3.1,86623,88453,5496,High
12/31/2015,i8,2015,Asia,Silver,Diesel,Automatic,3.1,189914,110630,50,Low
12/31/2010,3 Series,2010,North America,Silver,Hybrid,Manual,3.1,172307,34412,8083,High
12/31/2012,3 Series,2012,Middle East,Silver,Hybrid,Manual,4.1,110253,59933,6151,High
12/31/2010,i3,2010,Middle East,Silver,Electric,Automatic,1.9,195617,30002,3240,Low
12/31/2012,i8,2012,Asia,White,Diesel,Automatic,3.4,76882,116734,50,Low
12/31/2011,M5,2011,Africa,Silver,Hybrid,Automatic,4.3,89865,102526,50,Low
12/31/2014,M5,2014,North America,Silver,Electric,Automatic,3.3,37772,128144,803,Low
12/31/2024,M5,2024,Africa,Silver,Diesel,Manual,1.5,171378,114530,1665,Low
12/31/2012,M3,2012,South America,Grey,Petrol,Manual,2.4,5723,76965,1081,Low
12/31/2016,3 Series,2016,North America,Grey,Petrol,Manual,3.8,100821,67296,9560,High
12/31/2017,M5,2017,Africa,Black,Petrol,Manual,4.8,151643,53643,1523,Low
12/31/2016,X3,2016,Africa,Red,Hybrid,Manual,4.6,133392,75621,4964,Low
12/31/2011,M5,2011,South America,Grey,Hybrid,Automatic,4.4,71719,109809,50,Low
12/31/2019,X6,2019,South America,Silver,Electric,Manual,4.8,121065,116747,2498,Low
12/31/2019,i3,2019,Middle East,Blue,Diesel,Automatic,2.5,167216,60011,3440,Low
12/31/2016,7 Series,2016,Africa,Silver,Electric,Automatic,1.5,66023,109623,146,Low
12/31/2019,X3,2019,Middle East,White,Diesel,Manual,2.7,4656,88939,5547,High
12/31/2012,M5,2012,Asia,Red,Hybrid,Manual,3.5,31093,116999,759,Low
12/31/2016,X5,2016,Europe,Black,Diesel,Automatic,2.6,53029,81225,5418,High
12/31/2024,3 Series,2024,Middle East,Red,Electric,Manual,1.7,153681,87194,6952,High
12/31/2010,M3,2010,Europe,Grey,Hybrid,Manual,3.3,157476,58016,2293,Low
12/31/2011,M5,2011,Middle East,Black,Diesel,Manual,2.2,156686,73700,443,Low
12/31/2021,X1,2021,South America,Black,Hybrid,Manual,4,120636,89614,5686,High
12/31/2019,5 Series,2019,Africa,Grey,Diesel,Automatic,1.8,55607,78688,4208,Low
12/31/2010,7 Series,2010,Middle East,Black,Hybrid,Automatic,4.9,198534,91225,50,Low
12/31/2018,X5,2018,Africa,White,Petrol,Automatic,4.6,91250,97161,3379,Low
12/31/2022,X1,2022,South America,Silver,Petrol,Manual,4.6,40867,103874,4225,Low
12/31/2022,5 Series,2022,Europe,Blue,Diesel,Manual,4.3,142063,94297,6544,High
12/31/2024,X6,2024,Middle East,Silver,Electric,Automatic,3.7,61013,151462,3028,Low
12/31/2011,7 Series,2011,North America,Red,Hybrid,Manual,1.7,150518,75843,736,Low
12/31/2011,X1,2011,South America,Red,Electric,Automatic,3.8,87972,54636,4184,Low
12/31/2015,3 Series,2015,Middle East,Silver,Petrol,Manual,4.1,88645,69694,6297,High
12/31/2016,X5,2016,Asia,Grey,Diesel,Automatic,2,75303,76919,5170,High
12/31/2023,i3,2023,South America,Silver,Hybrid,Automatic,3.7,184720,88486,453,Low
12/31/2022,M5,2022,Asia,White,Electric,Manual,3.2,57216,157054,2063,Low
12/31/2011,X1,2011,North America,Grey,Petrol,Manual,3.2,39105,46989,7198,High
12/31/2023,X5,2023,Africa,Blue,Hybrid,Automatic,2.2,151337,99549,3681,Low
12/31/2013,X1,2013,Asia,White,Hybrid,Manual,4.1,31276,73962,6684,High
12/31/2012,3 Series,2012,Europe,Grey,Petrol,Manual,4.7,29552,66813,8838,High
12/31/2022,X3,2022,Europe,Red,Electric,Automatic,4.3,88118,118619,9959,High
12/31/2014,X5,2014,Europe,Red,Electric,Manual,2.8,18929,92641,5515,High
12/31/2018,M3,2018,Middle East,Silver,Hybrid,Manual,4.9,167700,103417,2460,Low
12/31/2011,i8,2011,Europe,Blue,Diesel,Manual,2.8,7929,126115,50,Low
12/31/2022,3 Series,2022,South America,Black,Hybrid,Automatic,2.3,161109,77744,5967,High
12/31/2014,7 Series,2014,South America,Grey,Petrol,Automatic,4.9,9895,126846,50,Low
12/31/2017,3 Series,2017,Middle East,Red,Electric,Automatic,4.3,89430,90981,6841,High
12/31/2015,M5,2015,Middle East,Grey,Petrol,Automatic,4.2,37369,133271,188,Low
12/31/2013,X1,2013,South America,Grey,Electric,Automatic,1.8,163320,37687,4734,Low
12/31/2024,X1,2024,North America,White,Diesel,Manual,2.2,58304,86588,8681,High
12/31/2019,M5,2019,South America,Black,Petrol,Manual,1.6,153687,98207,1162,Low
12/31/2017,X3,2017,North America,Silver,Electric,Automatic,4.2,59224,98776,972,Low
12/31/2012,X5,2012,Middle East,Grey,Electric,Automatic,2.5,132458,72164,3775,Low
12/31/2013,7 Series,2013,North America,Silver,Diesel,Automatic,2,176603,72229,1140,Low
12/31/2020,7 Series,2020,Asia,White,Electric,Manual,2.1,84035,135522,1976,Low
12/31/2018,X5,2018,North America,Black,Hybrid,Automatic,3.7,115862,97495,5676,High
12/31/2014,i3,2014,Asia,Blue,Petrol,Automatic,3,111344,53419,5463,High
12/31/2015,X5,2015,Africa,Blue,Petrol,Automatic,4.8,115367,82519,2484,Low
12/31/2021,5 Series,2021,Middle East,Grey,Petrol,Manual,2.8,136508,89315,5272,High
12/31/2020,X5,2020,South America,Black,Hybrid,Automatic,4.4,187961,100680,4263,Low
12/31/2011,X5,2011,Africa,Grey,Diesel,Automatic,3.4,94049,55675,2693,Low
12/31/2018,3 Series,2018,Europe,Grey,Electric,Manual,4,104464,91945,9137,High
12/31/2017,i3,2017,North America,Grey,Petrol,Automatic,2.1,53789,68365,5011,High
12/31/2016,i8,2016,Asia,White,Hybrid,Manual,4.1,160127,130655,50,Low
12/31/2018,i3,2018,South America,Red,Diesel,Manual,1.8,188763,37898,3964,Low
12/31/2014,5 Series,2014,North America,White,Petrol,Manual,3.9,15511,86976,5574,High
12/31/2014,X5,2014,Asia,Silver,Hybrid,Automatic,3.1,140783,79301,5577,High
12/31/2020,i3,2020,Europe,Grey,Electric,Automatic,2.3,73438,39063,6266,High
12/31/2020,X5,2020,Europe,Black,Petrol,Manual,3.2,151519,87179,5539,High
12/31/2018,i3,2018,North America,Blue,Electric,Automatic,4.5,52733,107543,5538,High
12/31/2020,X5,2020,Africa,Grey,Hybrid,Manual,2,64293,100758,3969,Low
12/31/2014,X6,2014,South America,Grey,Electric,Manual,2.1,198206,61595,2543,Low
12/31/2018,i3,2018,Middle East,Silver,Electric,Manual,3.4,7750,100848,3437,Low
12/31/2010,M3,2010,Africa,Black,Petrol,Automatic,3.7,71091,64910,548,Low
12/31/2024,3 Series,2024,North America,Black,Petrol,Manual,3,56887,106370,11164,High
12/31/2019,5 Series,2019,South America,Black,Diesel,Manual,2.4,10037,91855,3719,Low
12/31/2019,M5,2019,North America,Red,Hybrid,Manual,1.7,46335,126710,1906,Low
12/31/2020,5 Series,2020,Asia,Grey,Petrol,Automatic,1.7,163024,72319,7456,High
12/31/2017,M3,2017,South America,Black,Petrol,Manual,1.6,40288,83951,1571,Low
12/31/2012,X1,2012,Africa,Silver,Petrol,Automatic,4.7,144316,42609,3185,Low
12/31/2022,i3,2022,Africa,White,Hybrid,Automatic,2,100139,87076,3742,Low
12/31/2017,M5,2017,Asia,White,Petrol,Manual,2.5,174592,97156,1621,Low
12/31/2014,X3,2014,Africa,Silver,Electric,Automatic,5,151102,76644,4617,Low
12/31/2011,X1,2011,North America,Silver,Hybrid,Automatic,4.7,147586,49347,7753,High
12/31/2018,X6,2018,North America,Blue,Electric,Manual,1.7,165516,88436,4657,Low
12/31/2013,X1,2013,Europe,White,Diesel,Manual,3.4,49290,51608,7316,High
12/31/2023,i3,2023,Asia,Red,Diesel,Automatic,3.7,131851,85455,5966,High
12/31/2023,i3,2023,South America,White,Diesel,Manual,1.7,120401,73955,4061,Low
12/31/2016,7 Series,2016,Middle East,Black,Hybrid,Automatic,4,59495,136805,54,Low
12/31/2021,5 Series,2021,Africa,Silver,Petrol,Manual,5,73679,156530,2580,Low
12/31/2017,3 Series,2017,North America,Blue,Hybrid,Manual,3,154016,65581,8278,High
12/31/2016,M5,2016,North America,Black,Petrol,Automatic,3.1,82691,111245,1541,Low
12/31/2020,5 Series,2020,Europe,Black,Electric,Automatic,3.8,28375,120916,7191,High
12/31/2015,X3,2015,Africa,Blue,Hybrid,Manual,4.1,32995,90294,4536,Low
12/31/2024,X1,2024,South America,Silver,Electric,Manual,4.3,157102,103600,5409,High
12/31/2023,X6,2023,Europe,Silver,Diesel,Automatic,1.8,65197,115479,5030,High
12/31/2021,X5,2021,Asia,Red,Electric,Automatic,4.3,112747,121756,6488,High
12/31/2016,X3,2016,North America,White,Hybrid,Manual,4.5,189320,70866,8972,High
12/31/2013,M5,2013,Europe,White,Electric,Automatic,1.7,188772,83383,1429,Low
12/31/2019,i3,2019,South America,Black,Petrol,Automatic,1.6,78674,69993,3316,Low
12/31/2010,M3,2010,Asia,Black,Electric,Automatic,3.4,198776,59640,2035,Low
12/31/2014,i8,2014,Middle East,Blue,Petrol,Manual,3.2,62300,132834,50,Low
12/31/2017,X3,2017,North America,Grey,Petrol,Automatic,4.9,107845,81450,8752,High
12/31/2019,X5,2019,South America,Grey,Petrol,Manual,2.5,68515,89138,3685,Low
12/31/2015,i3,2015,Europe,White,Electric,Automatic,3.6,173625,62410,4820,Low
12/31/2014,X6,2014,Europe,White,Electric,Manual,3.3,55381,100815,3137,Low
12/31/2011,M3,2011,Asia,Grey,Hybrid,Automatic,3.4,158549,65010,2246,Low
12/31/2019,5 Series,2019,Europe,Silver,Hybrid,Manual,3.8,56874,104763,1021,Low
12/31/2021,3 Series,2021,Middle East,Silver,Electric,Manual,3.4,27330,114132,6262,High
12/31/2014,M5,2014,Middle East,Silver,Electric,Automatic,1.5,2765,130262,110,Low
12/31/2019,X6,2019,Asia,Silver,Petrol,Automatic,4.5,48132,116272,4092,Low
12/31/2021,M3,2021,Middle East,Blue,Diesel,Manual,2.2,154641,89838,2402,Low
12/31/2012,X5,2012,Europe,Red,Petrol,Automatic,2.3,80669,62642,4776,Low
12/31/2022,M5,2022,Asia,White,Electric,Manual,3.8,97635,159853,2132,Low
12/31/2024,M3,2024,South America,Silver,Diesel,Automatic,3.2,127813,113437,2298,Low
12/31/2011,i8,2011,Europe,Red,Hybrid,Manual,3.5,26078,137229,50,Low
12/31/2023,X1,2023,Middle East,Silver,Hybrid,Automatic,3.2,178833,83830,6191,High
12/31/2012,X5,2012,North America,Silver,Hybrid,Automatic,3,16792,90536,4308,Low
12/31/2013,7 Series,2013,North America,Red,Diesel,Manual,3.2,27335,101719,691,Low
12/31/2011,7 Series,2011,South America,Red,Petrol,Manual,2,170843,55155,363,Low
12/31/2023,X1,2023,Europe,Grey,Hybrid,Automatic,4.9,94790,109532,9266,High
12/31/2013,M5,2013,Middle East,Red,Hybrid,Manual,3.5,33598,123183,65,Low
12/31/2013,3 Series,2013,North America,Red,Petrol,Automatic,2.5,136801,40386,10570,High
12/31/2024,M3,2024,Asia,Red,Petrol,Automatic,4,82584,131272,2984,Low
12/31/2015,X1,2015,Europe,Black,Hybrid,Manual,4.6,158965,60024,8096,High
12/31/2021,5 Series,2021,Middle East,White,Hybrid,Manual,2.5,176320,92479,6008,High
12/31/2014,i3,2014,Africa,Silver,Electric,Automatic,2.6,178282,51226,2824,Low
12/31/2016,i8,2016,Middle East,Blue,Diesel,Manual,3,169793,120035,50,Low
12/31/2020,5 Series,2020,Middle East,White,Petrol,Manual,2.3,87777,92248,4348,Low
12/31/2016,5 Series,2016,Africa,Red,Petrol,Manual,4.3,126047,70752,3283,Low
12/31/2012,i3,2012,North America,Black,Hybrid,Automatic,3.5,5822,74662,4458,Low
12/31/2018,M3,2018,Africa,White,Petrol,Manual,1.7,175883,64455,1649,Low
12/31/2016,X6,2016,South America,Grey,Diesel,Automatic,5,165547,85526,2295,Low
12/31/2016,5 Series,2016,Asia,Grey,Electric,Manual,3.5,28825,102897,6183,High
12/31/2011,i8,2011,Europe,Grey,Diesel,Automatic,4.6,170805,44922,281,Low
12/31/2024,3 Series,2024,Europe,Black,Petrol,Manual,3.3,165461,82988,10303,High
12/31/2021,5 Series,2021,North America,Silver,Petrol,Automatic,3.5,115818,96323,6830,High
12/31/2019,X5,2019,Europe,White,Hybrid,Manual,3.1,112030,100290,5667,High
12/31/2012,5 Series,2012,Africa,White,Petrol,Automatic,3,152544,47716,3083,Low
12/31/2012,M3,2012,Europe,Silver,Electric,Manual,2.3,125077,69424,2137,Low
12/31/2021,X1,2021,Middle East,Silver,Hybrid,Manual,4.9,87943,103751,5158,High
12/31/2022,5 Series,2022,South America,Blue,Electric,Automatic,2.1,149327,94363,5614,High
12/31/2015,X5,2015,Africa,Red,Electric,Manual,3.3,128667,80039,2912,Low
12/31/2013,i8,2013,Middle East,Red,Hybrid,Automatic,1.8,174157,110200,50,Low
12/31/2013,M5,2013,North America,Red,Petrol,Manual,5,150551,102752,1262,Low
12/31/2010,i8,2010,Europe,White,Electric,Manual,3.4,21882,130607,50,Low
12/31/2015,X3,2015,South America,Silver,Petrol,Automatic,4.4,103541,71616,5543,High
12/31/2017,3 Series,2017,South America,Silver,Electric,Manual,3.5,170264,69242,5263,High
12/31/2017,i8,2017,Asia,Red,Hybrid,Manual,4.3,25646,171342,50,Low
12/31/2024,7 Series,2024,North America,Silver,Electric,Automatic,3.4,107375,156286,2147,Low
12/31/2017,X3,2017,Europe,Red,Diesel,Automatic,3.1,134672,65341,1258,Low
12/31/2014,3 Series,2014,Middle East,Red,Hybrid,Automatic,3.1,36417,77876,6363,High
12/31/2019,X3,2019,Asia,Black,Electric,Manual,1.5,75884,85920,9239,High
12/31/2015,M3,2015,Asia,Silver,Electric,Automatic,2.8,56282,102221,2097,Low
12/31/2014,5 Series,2014,Europe,Silver,Petrol,Automatic,4.8,13033,91472,6084,High
12/31/2013,i8,2013,Middle East,White,Diesel,Manual,3.9,180871,105588,50,Low
12/31/2021,5 Series,2021,South America,Grey,Petrol,Automatic,4.7,78589,111378,4821,Low
12/31/2013,i3,2013,Europe,White,Petrol,Automatic,2.2,11012,62820,4202,Low
12/31/2013,X3,2013,Middle East,White,Diesel,Manual,3.2,112131,51225,5500,High
12/31/2013,3 Series,2013,Asia,Grey,Petrol,Automatic,1.6,165690,29774,10723,High
12/31/2023,3 Series,2023,South America,Silver,Hybrid,Automatic,3.9,53317,113144,7535,High
12/31/2024,X6,2024,North America,White,Electric,Manual,4.2,121884,142848,4448,Low
12/31/2015,X1,2015,Middle East,Blue,Electric,Manual,4.1,116487,68086,4911,Low
12/31/2024,M3,2024,Europe,White,Diesel,Manual,1.8,116553,101879,3658,Low
12/31/2015,X6,2015,South America,Blue,Electric,Automatic,2.4,121314,89400,2035,Low
12/31/2014,X3,2014,Middle East,Grey,Diesel,Manual,3.8,104508,58670,5386,High
12/31/2021,7 Series,2021,North America,Black,Diesel,Automatic,4.2,138548,62419,2265,Low
12/31/2020,i3,2020,South America,Black,Petrol,Automatic,2.5,126153,72299,3846,Low
12/31/2023,3 Series,2023,North America,Black,Electric,Automatic,2.9,173037,97805,11155,High
12/31/2020,7 Series,2020,Europe,Black,Diesel,Automatic,2.7,130879,110001,1450,Low
12/31/2018,M5,2018,Middle East,Blue,Diesel,Automatic,1.5,77967,110097,884,Low
12/31/2017,M3,2017,North America,Grey,Diesel,Manual,3.5,169675,72815,2623,Low
12/31/2019,M5,2019,South America,Grey,Petrol,Manual,3.8,141592,113075,804,Low
12/31/2015,X6,2015,Middle East,White,Diesel,Manual,2.5,150975,70888,2565,Low
12/31/2020,3 Series,2020,Africa,Silver,Electric,Manual,3.9,99789,98810,5395,High
12/31/2018,X1,2018,Africa,White,Electric,Automatic,2.3,84667,75954,4799,Low
12/31/2014,5 Series,2014,Asia,White,Hybrid,Automatic,4,43077,90650,5778,High
12/31/2019,M5,2019,North America,Grey,Petrol,Automatic,3.1,157795,114064,1952,Low
12/31/2024,X1,2024,South America,White,Electric,Automatic,4.6,193272,95855,5695,High
12/31/2013,M3,2013,Europe,Grey,Petrol,Manual,3.4,492,92356,1797,Low
12/31/2023,i8,2023,Africa,Blue,Petrol,Manual,2.1,156954,136670,265,Low
12/31/2015,7 Series,2015,North America,White,Diesel,Manual,4.4,12816,125591,691,Low
12/31/2013,M5,2013,Middle East,White,Diesel,Automatic,4.2,196184,93047,455,Low
12/31/2017,X1,2017,Middle East,Black,Diesel,Automatic,1.8,1523,73195,5078,High
12/31/2016,7 Series,2016,South America,Black,Diesel,Manual,1.7,146559,76355,807,Low
12/31/2014,5 Series,2014,Africa,Grey,Diesel,Automatic,2,142063,25000,3542,Low
12/31/2019,X5,2019,Europe,White,Petrol,Manual,4.5,142660,94035,5176,High
12/31/2015,X6,2015,Asia,Grey,Hybrid,Automatic,2.6,164541,81398,4320,Low
12/31/2020,7 Series,2020,Middle East,Red,Hybrid,Automatic,3.3,95101,135823,1175,Low
12/31/2016,X6,2016,Africa,White,Hybrid,Manual,3.6,120925,86912,1843,Low
12/31/2011,M5,2011,Europe,Silver,Hybrid,Automatic,4.1,148945,102269,753,Low
12/31/2018,M3,2018,North America,Blue,Hybrid,Manual,4.4,14803,120343,2774,Low
12/31/2016,i8,2016,Europe,Red,Petrol,Automatic,3.3,142874,130215,50,Low
12/31/2017,M3,2017,Middle East,Red,Petrol,Automatic,3,177323,73618,1820,Low
12/31/2023,M3,2023,Asia,Silver,Electric,Manual,2.2,42064,131219,3689,Low
12/31/2014,5 Series,2014,Africa,Black,Petrol,Automatic,3.6,186430,51697,3688,Low
12/31/2024,3 Series,2024,Middle East,Blue,Hybrid,Manual,3.4,193121,88671,8701,High
12/31/2012,X6,2012,Africa,Blue,Electric,Manual,2.5,41399,86837,1423,Low
12/31/2011,X6,2011,South America,Black,Electric,Manual,3.1,17611,90612,1602,Low
12/31/2024,X6,2024,Middle East,Red,Electric,Automatic,4.1,92092,146345,3329,Low
12/31/2011,X1,2011,North America,Red,Petrol,Manual,3.7,60770,44514,6126,High
12/31/2012,5 Series,2012,Africa,Silver,Hybrid,Automatic,3.2,86786,71091,2523,Low
12/31/2010,M5,2010,South America,Blue,Petrol,Manual,2.5,130478,68487,290,Low
12/31/2010,X5,2010,Europe,Silver,Hybrid,Manual,3.8,161933,55288,5181,High
12/31/2016,5 Series,2016,Middle East,White,Petrol,Automatic,3.7,40620,89373,3901,Low
12/31/2019,X1,2019,Africa,Grey,Diesel,Manual,3.1,3534,83863,4350,Low
12/31/2021,M3,2021,Europe,Silver,Diesel,Automatic,2.3,83878,97877,3611,Low
12/31/2020,i3,2020,Africa,Silver,Electric,Automatic,2.1,121666,84115,3810,Low
12/31/2017,X3,2017,Africa,Red,Petrol,Manual,2.7,2455,82981,4443,Low
12/31/2015,i8,2015,North America,White,Petrol,Automatic,4.7,87485,140873,50,Low
12/31/2016,X3,2016,Asia,Grey,Diesel,Manual,4.1,83713,70520,9983,High
12/31/2010,5 Series,2010,Asia,Grey,Hybrid,Manual,4.6,55492,75790,6431,High
12/31/2023,3 Series,2023,South America,Red,Electric,Manual,4.4,46947,124419,6879,High
12/31/2010,M3,2010,North America,Red,Electric,Automatic,3.1,164225,64912,2295,Low
12/31/2018,5 Series,2018,Africa,Grey,Petrol,Automatic,3.4,50493,88945,3397,Low
12/31/2014,3 Series,2014,Middle East,Black,Hybrid,Automatic,2.1,1546,79808,6870,High
12/31/2016,i3,2016,Middle East,Grey,Diesel,Manual,4,150283,57415,3408,Low
12/31/2015,M3,2015,Asia,Grey,Hybrid,Manual,3,87028,87068,2381,Low
12/31/2013,X5,2013,Africa,Black,Diesel,Manual,2.1,34642,66807,2676,Low
12/31/2010,3 Series,2010,Asia,Black,Hybrid,Manual,1.8,95820,38880,10034,High
12/31/2013,X1,2013,Europe,White,Petrol,Manual,3.9,60114,56428,6773,High
12/31/2019,X5,2019,Africa,Blue,Petrol,Automatic,3.2,169299,78638,3127,Low
12/31/2019,i3,2019,South America,Black,Electric,Manual,1.5,61972,122127,3266,Low
12/31/2017,7 Series,2017,Europe,Black,Hybrid,Manual,4.4,137374,58701,1987,Low
12/31/2022,M5,2022,Middle East,Red,Hybrid,Manual,3.7,8004,162583,1210,Low
12/31/2021,3 Series,2021,Europe,Grey,Hybrid,Automatic,1.6,150183,76646,9761,High
12/31/2020,M3,2020,Asia,Blue,Electric,Automatic,2.6,193537,94875,3470,Low
12/31/2022,M3,2022,Europe,Red,Hybrid,Automatic,4,110858,120865,3147,Low
12/31/2010,i8,2010,Africa,Grey,Petrol,Automatic,1.7,108211,89287,50,Low
12/31/2011,i3,2011,Europe,Silver,Electric,Automatic,4.1,144919,53277,4152,Low
12/31/2017,i3,2017,Europe,Silver,Electric,Automatic,3.3,54959,93763,4839,Low
12/31/2024,3 Series,2024,South America,Red,Petrol,Automatic,4.2,153917,90362,7260,High
12/31/2011,7 Series,2011,Middle East,White,Hybrid,Manual,4.5,152065,92638,50,Low
12/31/2020,i3,2020,Middle East,Blue,Petrol,Automatic,4.2,31961,103505,3802,Low
12/31/2022,X1,2022,Europe,Grey,Hybrid,Manual,1.8,166672,66538,7735,High
12/31/2021,X1,2021,Europe,Black,Petrol,Manual,3.1,77627,77378,8869,High
12/31/2024,X3,2024,South America,Blue,Electric,Automatic,2.6,11446,129650,5184,High
12/31/2019,X5,2019,North America,Blue,Electric,Manual,3.3,78794,115869,6293,High
12/31/2018,i3,2018,North America,Black,Petrol,Automatic,4.9,23415,95162,4146,Low
12/31/2012,M5,2012,Europe,Silver,Electric,Manual,1.9,29110,115445,604,Low
12/31/2012,X1,2012,Asia,White,Electric,Automatic,4.5,82291,70356,7338,High
12/31/2015,X1,2015,Asia,Black,Hybrid,Automatic,5,1518,94652,1599,Low
12/31/2012,i8,2012,Europe,Black,Electric,Manual,5,62540,151268,50,Low
12/31/2018,5 Series,2018,Asia,Red,Diesel,Automatic,4.3,41689,102834,5910,High
12/31/2020,7 Series,2020,Europe,Grey,Electric,Manual,3.1,118419,134532,1604,Low
12/31/2017,X6,2017,Middle East,White,Diesel,Manual,2.1,119161,77148,2760,Low
12/31/2013,X1,2013,Europe,Grey,Hybrid,Manual,3.6,68159,59415,15000,High
12/31/2015,i3,2015,Asia,Red,Electric,Manual,3.6,65898,83269,4884,Low
12/31/2017,X6,2017,Europe,Blue,Electric,Automatic,2.6,80211,106798,3165,Low
12/31/2013,7 Series,2013,Asia,Blue,Diesel,Manual,3.7,53869,99867,905,Low
12/31/2024,3 Series,2024,Europe,Silver,Hybrid,Automatic,1.9,76618,105565,9643,High
12/31/2022,7 Series,2022,Middle East,Grey,Hybrid,Manual,3.7,188443,130587,1421,Low
12/31/2014,i8,2014,Africa,Grey,Petrol,Automatic,4.6,50378,140843,50,Low
12/31/2016,X3,2016,Middle East,Blue,Electric,Manual,3.2,16968,92965,5529,High
12/31/2017,M3,2017,Asia,Black,Petrol,Automatic,4.2,68899,97850,2890,Low
12/31/2016,X5,2016,Europe,Red,Petrol,Automatic,3.7,167834,74556,12918,High
12/31/2017,X3,2017,Middle East,Red,Hybrid,Automatic,1.5,168069,57925,15000,High
12/31/2013,X1,2013,South America,Grey,Diesel,Manual,1.9,20748,44982,4742,Low
12/31/2010,X5,2010,Middle East,Black,Petrol,Manual,4.2,108396,63494,3521,Low
12/31/2015,X5,2015,Africa,Blue,Electric,Automatic,1.6,56446,82047,3114,Low
12/31/2014,7 Series,2014,Africa,Black,Electric,Manual,4.8,56366,118006,50,Low
12/31/2020,X6,2020,Africa,Blue,Petrol,Manual,4.6,51958,113990,2156,Low
12/31/2024,M3,2024,Africa,Blue,Electric,Automatic,2.8,86228,125340,2497,Low
12/31/2013,M5,2013,North America,Red,Diesel,Automatic,2.6,166295,85021,1384,Low
12/31/2011,M3,2011,Asia,White,Diesel,Manual,3.6,12618,75127,2533,Low
12/31/2010,X3,2010,Middle East,White,Diesel,Automatic,3.6,19500,58153,4831,Low
12/31/2018,5 Series,2018,Europe,Silver,Hybrid,Automatic,1.8,50777,97649,7059,High
12/31/2021,X1,2021,Europe,Black,Petrol,Manual,2.3,166447,58391,15000,High
12/31/2011,X1,2011,South America,Blue,Hybrid,Manual,3.7,121129,40712,4776,Low
12/31/2018,7 Series,2018,Middle East,Black,Electric,Automatic,4.3,190522,128449,986,Low
12/31/2015,X1,2015,Middle East,Blue,Diesel,Automatic,2.2,153884,36796,4890,Low
12/31/2022,7 Series,2022,Asia,Silver,Diesel,Automatic,4,116803,131775,1642,Low
12/31/2015,X6,2015,Europe,Blue,Electric,Manual,4.5,163313,93308,3608,Low
12/31/2011,X6,2011,Middle East,Red,Petrol,Automatic,1.9,593,76883,1777,Low
12/31/2015,3 Series,2015,Africa,Grey,Hybrid,Manual,3,26425,75271,4945,Low
12/31/2012,M5,2012,Asia,Silver,Hybrid,Automatic,4.5,144507,107765,981,Low
12/31/2024,X3,2024,Europe,White,Petrol,Manual,2.8,44683,109459,8389,High
12/31/2016,X1,2016,Asia,Black,Petrol,Automatic,2.4,114847,52617,8788,High
12/31/2022,7 Series,2022,Asia,Silver,Petrol,Manual,4.1,26363,147594,1248,Low
12/31/2019,5 Series,2019,South America,Black,Petrol,Automatic,2.9,92510,87241,3650,Low
12/31/2013,i8,2013,Middle East,White,Hybrid,Manual,4,97543,134140,50,Low
12/31/2018,M3,2018,Middle East,Red,Diesel,Manual,1.9,192344,64910,2388,Low
12/31/2014,7 Series,2014,Middle East,Red,Petrol,Automatic,3.4,89470,101390,279,Low
12/31/2021,M3,2021,Middle East,Silver,Diesel,Manual,2.8,113418,94809,2001,Low
12/31/2019,i8,2019,Africa,Silver,Electric,Automatic,5,106265,171708,50,Low
12/31/2012,i3,2012,Asia,Grey,Electric,Manual,3.6,110120,58024,4354,Low
12/31/2010,i3,2010,Europe,Silver,Electric,Manual,3.9,38587,63508,4277,Low
12/31/2010,3 Series,2010,Europe,Grey,Petrol,Manual,2,6546,45797,8633,High
12/31/2022,i3,2022,Asia,White,Hybrid,Automatic,5,38575,128141,5240,High
12/31/2013,M3,2013,Europe,Silver,Hybrid,Manual,1.7,128784,61791,2459,Low
12/31/2024,M3,2024,Asia,Silver,Hybrid,Automatic,1.7,198846,96952,4673,Low
12/31/2019,3 Series,2019,South America,Silver,Hybrid,Automatic,1.8,123127,70607,7404,High
12/31/2019,5 Series,2019,North America,White,Diesel,Manual,4.5,48562,101692,5977,High
12/31/2013,M3,2013,North America,Blue,Diesel,Automatic,4.1,187308,60451,2659,Low
12/31/2018,X3,2018,Middle East,Grey,Petrol,Manual,4.9,16401,98520,5000,High
12/31/2017,M3,2017,Asia,Black,Hybrid,Manual,1.7,9311,104566,2727,Low
12/31/2013,X5,2013,South America,Grey,Hybrid,Manual,3.9,177571,62757,3603,Low
12/31/2015,5 Series,2015,Africa,Grey,Electric,Manual,3.4,148049,71518,3640,Low
12/31/2016,3 Series,2016,North America,Grey,Petrol,Automatic,3.7,199549,50337,9296,High
12/31/2019,X5,2019,Asia,White,Diesel,Automatic,3.3,162639,81423,6569,High
12/31/2017,i3,2017,Middle East,Blue,Petrol,Automatic,3.9,79874,79193,3018,Low
12/31/2013,5 Series,2013,Europe,Grey,Petrol,Manual,4.7,155013,58616,7222,High
12/31/2010,5 Series,2010,North America,Silver,Petrol,Manual,3.6,56672,25488,6520,High
12/31/2014,i3,2014,Asia,Red,Hybrid,Manual,4.6,151030,62916,4611,Low
12/31/2023,i3,2023,Middle East,Silver,Electric,Manual,4.2,147396,103701,4439,Low
12/31/2010,5 Series,2010,Middle East,Red,Petrol,Automatic,4.5,174939,47474,3535,Low
12/31/2020,i3,2020,Asia,White,Electric,Automatic,3.8,3379,113242,5551,High
12/31/2020,X1,2020,North America,Blue,Diesel,Manual,3.3,171003,57032,9282,High
